0	1	-3377.0056	-10078.061
0	2	-3377.052	-10017.699
0	3	-3380.5642	-10086.65
0	4	-3380.5198	-10058.352
0	5	-3376.7668	-10047.636
0	6	-3367.6245	-10044.708
0	7	-3376.5652	-10100.052
0	9	-3324.6343	-10061.537
0	10	-3390.1938	-10081.465
0	11	-3311.5098	-10059.564
0	25	-3324.6533	-10064.444
0	31	-3310.311	-10035.927
0	34	-3389.9849	-10123.214
1	1	-3377.0176	-10076.086
1	2	-3377.066	-10015.71
1	3	-3380.5603	-10084.7295
1	4	-3380.5256	-10056.401
1	5	-3376.782	-10045.643
1	6	-3367.6223	-10044.705
1	7	-3376.5793	-10098.035
1	8	-3323.1755	-10036.669
1	9	-3324.6343	-10061.537
1	10	-3390.1887	-10083.419
1	11	-3311.5098	-10059.564
1	25	-3324.6533	-10064.444
1	30	-3380.0247	-10125.334
1	34	-3389.9707	-10125.144
2	1	-3377.037	-10074.095
2	2	-3377.0798	-10013.713
2	3	-3380.5535	-10082.808
2	4	-3380.5315	-10054.451
2	5	-3376.798	-10043.651
2	6	-3367.626	-10044.701
2	7	-3376.5857	-10096.032
2	8	-3323.1755	-10036.669
2	9	-3324.6343	-10061.537
2	10	-3390.1892	-10085.379
2	11	-3311.5098	-10059.564
2	25	-3324.6533	-10064.444
2	30	-3380.064	-10123.35
2	31	-3310.311	-10035.927
2	34	-3389.9653	-10127.087
3	1	-3377.0505	-10072.096
3	2	-3377.093	-10011.697
3	3	-3380.5483	-10080.868
3	4	-3380.537	-10052.501
3	5	-3376.8086	-10041.632
3	6	-3367.6323	-10044.691
3	7	-3376.5981	-10094.04
3	8	-3323.1755	-10036.669
3	9	-3324.6343	-10061.537
3	10	-3390.1946	-10087.324
3	11	-3311.5098	-10059.564
3	25	-3324.6533	-10064.444
3	31	-3310.311	-10035.927
3	34	-3389.934	-10129.005
4	1	-3377.0715	-10070.081
4	2	-3377.0908	-10009.703
4	3	-3380.551	-10078.947
4	4	-3380.5422	-10050.55
4	5	-3376.825	-10039.646
4	6	-3367.6292	-10044.688
4	7	-3376.6116	-10092.04
4	8	-3323.1755	-10036.669
4	9	-3324.6343	-10061.537
4	10	-3390.1777	-10089.292
4	11	-3311.5098	-10059.564
4	25	-3324.6533	-10064.444
4	30	-3380.0796	-10119.345
4	31	-3310.311	-10035.927
5	1	-3377.093	-10068.052
5	2	-3377.0986	-10007.7
5	3	-3380.5408	-10077.021
5	4	-3380.5483	-10048.598
5	5	-3376.8474	-10037.6455
5	6	-3367.6362	-10044.686
5	7	-3376.6196	-10090.044
5	8	-3323.1755	-10036.669
5	9	-3324.6343	-10061.537
5	10	-3390.1738	-10091.232
5	11	-3311.5098	-10059.564
5	25	-3324.6533	-10064.444
5	30	-3380.0762	-10117.32
5	31	-3310.311	-10035.927
6	1	-3377.1118	-10066.042
6	2	-3377.1145	-10005.692
6	3	-3380.5427	-10075.122
6	4	-3380.5518	-10046.647
6	5	-3376.8552	-10035.64
6	6	-3367.6404	-10044.671
6	7	-3376.6277	-10088.074
6	8	-3323.1755	-10036.669
6	9	-3324.6343	-10061.537
6	10	-3390.1807	-10093.193
6	11	-3311.5098	-10059.564
6	25	-3324.6533	-10064.444
6	30	-3380.0562	-10115.239
6	31	-3310.311	-10035.927
7	1	-3377.1335	-10064.024
7	2	-3377.117	-10003.693
7	3	-3380.5437	-10073.239
7	4	-3380.5552	-10044.696
7	5	-3376.868	-10033.642
7	6	-3367.6318	-10044.67
7	7	-3376.631	-10086.082
7	8	-3323.1755	-10036.669
7	9	-3324.6343	-10061.537
7	10	-3390.1743	-10095.143
7	25	-3324.6533	-10064.444
7	30	-3380.0828	-10113.249
7	31	-3310.311	-10035.927
8	1	-3377.1562	-10062.009
8	2	-3377.1306	-10001.696
8	3	-3380.546	-10071.354
8	4	-3380.558	-10042.744
8	5	-3376.8787	-10031.651
8	6	-3367.6218	-10044.673
8	7	-3376.6404	-10084.109
8	8	-3323.1755	-10036.669
8	9	-3324.6343	-10061.537
8	10	-3390.1663	-10097.11
8	11	-3311.5098	-10059.564
8	25	-3324.6533	-10064.444
8	30	-3380.083	-10111.345
8	31	-3310.311	-10035.927
9	1	-3377.1792	-10059.988
9	2	-3377.1406	-9999.677
9	3	-3380.5476	-10069.43
9	4	-3380.5605	-10040.793
9	5	-3376.8894	-10029.64
9	6	-3367.6118	-10044.667
9	7	-3376.6665	-10082.119
9	8	-3323.1755	-10036.669
9	10	-3390.1636	-10099.068
9	11	-3311.5098	-10059.564
9	25	-3324.6533	-10064.444
9	30	-3380.085	-10109.295
9	31	-3310.311	-10035.927
10	1	-3377.202	-10057.942
10	2	-3377.1426	-9997.656
10	3	-3380.554	-10067.534
10	4	-3380.5642	-10038.84
10	5	-3376.9082	-10027.634
10	6	-3367.6128	-10044.661
10	7	-3376.6814	-10080.131
10	8	-3323.1755	-10036.669
10	9	-3324.6343	-10061.537
10	10	-3390.1501	-10100.997
10	11	-3311.5098	-10059.564
11	1	-3377.2246	-10055.906
11	2	-3377.1526	-9995.639
11	3	-3380.5596	-10065.622
11	4	-3380.5671	-10036.885
11	5	-3376.9175	-10025.627
11	6	-3367.6235	-10044.652
11	7	-3376.701	-10078.165
11	9	-3324.6343	-10061.537
11	10	-3390.1526	-10102.951
11	11	-3311.5098	-10059.564
11	25	-3324.6533	-10064.444
12	1	-3377.2488	-10053.848
12	2	-3377.1616	-9993.638
12	3	-3380.5642	-10063.742
12	4	-3380.5693	-10034.928
12	5	-3376.9243	-10023.622
12	6	-3367.617	-10044.65
12	7	-3376.7166	-10076.179
12	9	-3324.6343	-10061.537
12	10	-3390.163	-10104.8955
12	11	-3311.5098	-10059.564
12	25	-3324.6533	-10064.444
13	1	-3377.2742	-10051.795
13	2	-3377.1719	-9991.631
13	3	-3380.5737	-10061.824
13	4	-3380.573	-10032.969
13	5	-3376.9395	-10021.63
13	6	-3367.618	-10044.64
13	7	-3376.7324	-10074.201
13	9	-3324.6343	-10061.537
13	10	-3390.1174	-10106.684
13	11	-3311.5098	-10059.564
13	16	-3387.215	-9959.745
13	25	-3324.6533	-10064.444
13	30	-3380.155	-10101.217
14	1	-3377.2974	-10049.728
14	2	-3377.1843	-9989.644
14	3	-3380.5698	-10059.95
14	4	-3380.5762	-10031.007
14	5	-3376.9543	-10019.625
14	6	-3367.6064	-10044.635
14	7	-3376.7507	-10072.217
14	9	-3324.6343	-10061.537
14	11	-3311.5098	-10059.564
14	16	-3387.2078	-9962.006
14	25	-3324.6533	-10064.444
14	30	-3380.1606	-10099.187
15	1	-3377.3223	-10047.656
15	2	-3377.198	-9987.638
15	3	-3380.575	-10058.044
15	4	-3380.5798	-10029.045
15	5	-3376.9597	-10017.62
15	6	-3367.6165	-10044.631
15	7	-3376.7715	-10070.2295
15	9	-3324.6343	-10061.537
15	11	-3311.5098	-10059.564
15	16	-3387.199	-9964.276
15	25	-3324.6533	-10064.444
16	1	-3377.339	-10045.602
16	2	-3377.206	-9985.64
16	3	-3380.5789	-10056.167
16	4	-3380.5825	-10027.08
16	5	-3376.9753	-10015.609
16	6	-3367.6108	-10044.625
16	7	-3376.7937	-10068.26
16	9	-3324.6343	-10061.537
16	11	-3311.5098	-10059.564
16	16	-3387.2046	-9966.516
16	25	-3324.6533	-10064.444
16	33	-3324.6855	-10067.487
17	1	-3377.3584	-10043.55
17	2	-3377.2158	-9983.633
17	3	-3380.5754	-10054.294
17	4	-3380.587	-10025.113
17	5	-3376.9841	-10013.598
17	6	-3367.6226	-10044.626
17	7	-3376.8027	-10066.286
17	9	-3324.6343	-10061.537
17	16	-3387.1956	-9968.766
17	25	-3324.6533	-10064.444
17	33	-3324.7024	-10067.3125
18	1	-3377.3838	-10041.491
18	2	-3377.218	-9981.639
18	3	-3380.5764	-10052.407
18	4	-3380.5942	-10023.1455
18	5	-3376.9944	-10011.594
18	6	-3367.6165	-10044.623
18	7	-3376.8228	-10064.307
18	9	-3324.6343	-10061.537
18	16	-3387.196	-9970.951
18	25	-3324.6533	-10064.444
18	33	-3324.5757	-10067.34
19	1	-3377.4092	-10039.441
19	2	-3377.2231	-9979.626
19	3	-3380.578	-10050.4375
19	4	-3380.6008	-10021.175
19	5	-3377.0105	-10009.584
19	6	-3367.6094	-10044.623
19	7	-3376.8418	-10062.315
19	9	-3324.6343	-10061.537
19	16	-3387.1924	-9973.164
19	25	-3324.6533	-10064.444
19	33	-3324.5913	-10067.315
20	1	-3377.43	-10037.367
20	2	-3377.2302	-9977.584
20	3	-3380.569	-10048.531
20	4	-3380.608	-10019.202
20	5	-3377.0227	-10007.583
20	6	-3367.6055	-10044.623
20	7	-3376.8596	-10060.319
20	9	-3324.6343	-10061.537
20	16	-3387.1807	-9975.4375
20	25	-3324.6533	-10064.444
20	33	-3324.5493	-10067.299
21	1	-3377.4539	-10035.297
21	2	-3377.2383	-9975.579
21	3	-3380.5637	-10046.616
21	4	-3380.616	-10017.23
21	5	-3377.0288	-10005.5625
21	6	-3367.6208	-10044.624
21	7	-3376.8784	-10058.325
21	9	-3324.6343	-10061.537
21	16	-3387.169	-9977.636
21	25	-3324.6533	-10064.444
22	1	-3377.476	-10033.245
22	2	-3377.244	-9973.599
22	3	-3380.5671	-10044.731
22	4	-3380.6245	-10015.259
22	5	-3377.0413	-10003.555
22	6	-3367.6165	-10044.614
22	7	-3376.9038	-10056.347
22	9	-3324.6343	-10061.537
22	16	-3387.1677	-9979.877
23	1	-3377.502	-10031.192
23	2	-3377.26	-9971.592
23	3	-3380.563	-10042.863
23	4	-3380.632	-10013.285
23	5	-3377.0437	-10001.531
23	6	-3367.6074	-10044.614
23	7	-3376.9292	-10054.365
23	9	-3324.6343	-10061.537
23	16	-3387.163	-9982.083
24	1	-3377.5298	-10029.124
24	2	-3377.2764	-9969.599
24	3	-3380.5696	-10040.997
24	4	-3380.6392	-10011.3125
24	5	-3377.0522	-9999.523
24	6	-3367.6184	-10044.614
24	7	-3376.954	-10052.363
24	9	-3324.6343	-10061.537
24	16	-3387.1672	-9984.272
25	1	-3377.5564	-10027.059
25	2	-3377.2856	-9967.563
25	3	-3380.564	-10039.115
25	4	-3380.6455	-10009.338
25	5	-3377.046	-9997.507
25	6	-3367.6052	-10044.611
25	7	-3376.9714	-10050.344
25	9	-3324.6343	-10061.537
25	16	-3387.159	-9986.497
26	1	-3377.5815	-10024.992
26	2	-3377.2922	-9965.57
26	3	-3380.5635	-10037.228
26	4	-3380.6548	-10007.363
26	5	-3377.0564	-9995.493
26	6	-3367.6165	-10044.612
26	7	-3376.984	-10048.331
26	16	-3387.1458	-9988.696
27	1	-3377.6062	-10022.939
27	2	-3377.3098	-9963.583
27	3	-3380.5522	-10035.345
27	4	-3380.6604	-10005.39
27	5	-3377.0593	-9993.481
27	6	-3367.602	-10044.617
27	7	-3376.999	-10046.33
27	16	-3387.12	-9990.873
28	1	-3377.6343	-10020.889
28	2	-3377.3115	-9961.594
28	3	-3380.5464	-10033.503
28	4	-3380.6638	-10003.412
28	5	-3377.0574	-9991.469
28	6	-3367.5957	-10044.621
28	7	-3377.0122	-10044.341
28	16	-3387.1055	-9993.038
29	1	-3377.6624	-10018.823
29	2	-3377.324	-9959.529
29	3	-3380.5454	-10031.628
29	4	-3380.6667	-10001.432
29	5	-3377.0676	-9989.46
29	6	-3367.6035	-10044.618
29	7	-3377.0295	-10042.336
29	16	-3387.0786	-9995.154
30	1	-3377.6963	-10016.773
30	2	-3377.3352	-9957.562
30	3	-3380.5425	-10029.759
30	4	-3380.671	-9999.451
30	5	-3377.064	-9987.443
30	6	-3367.5996	-10044.617
30	7	-3377.0417	-10040.328
30	16	-3387.0444	-9997.216
31	1	-3377.7258	-10014.724
31	2	-3377.367	-9955.533
31	3	-3380.5325	-10027.854
31	4	-3380.6768	-9997.469
31	5	-3377.063	-9985.411
31	6	-3367.58	-10044.616
31	7	-3377.0603	-10038.297
31	16	-3387.0225	-9999.194
32	1	-3377.7578	-10012.672
32	2	-3377.3706	-9953.519
32	3	-3380.5273	-10025.922
32	4	-3380.6814	-9995.484
32	5	-3377.0703	-9983.39
32	6	-3367.5652	-10044.615
32	7	-3377.0774	-10036.304
32	16	-3387.0112	-10001.162
33	1	-3377.7844	-10010.63
33	2	-3377.3887	-9951.524
33	3	-3380.5312	-10024.046
33	4	-3380.687	-9993.498
33	5	-3377.074	-9981.381
33	6	-3367.5308	-10044.623
33	7	-3377.0916	-10034.28
33	16	-3387.012	-10003.272
34	1	-3377.8198	-10008.577
34	2	-3377.408	-9949.545
34	3	-3380.533	-10022.186
34	4	-3380.6943	-9991.509
34	5	-3377.074	-9979.3545
34	6	-3367.5234	-10044.623
34	7	-3377.11	-10032.28
34	16	-3387.0156	-10005.435
35	1	-3377.852	-10006.547
35	2	-3377.4158	-9947.526
35	3	-3380.541	-10020.311
35	4	-3380.7002	-9989.519
35	5	-3377.0588	-9977.325
35	6	-3367.5518	-10044.616
35	7	-3377.122	-10030.275
35	16	-3387.002	-10007.605
36	1	-3377.8875	-10004.523
36	2	-3377.4375	-9945.519
36	3	-3380.5342	-10018.367
36	4	-3380.7056	-9987.526
36	5	-3377.0588	-9975.297
36	6	-3367.5686	-10044.62
36	7	-3377.1284	-10028.273
36	16	-3386.9978	-10009.844
37	1	-3377.924	-10002.497
37	2	-3377.4397	-9943.536
37	3	-3380.5251	-10016.376
37	4	-3380.7114	-9985.533
37	5	-3377.0627	-9973.2705
37	6	-3367.53	-10044.622
37	7	-3377.1436	-10026.269
37	16	-3386.9873	-10012.068
38	1	-3377.9614	-10000.474
38	2	-3377.4712	-9941.545
38	3	-3380.5269	-10014.489
38	4	-3380.7178	-9983.536
38	5	-3377.0632	-9971.246
38	6	-3367.5706	-10044.616
38	7	-3377.1582	-10024.259
38	16	-3386.9897	-10014.246
39	1	-3377.9983	-9998.44
39	2	-3377.4854	-9939.546
39	3	-3380.5127	-10012.56
39	4	-3380.7214	-9981.537
39	5	-3377.0718	-9969.234
39	6	-3367.5706	-10044.622
39	7	-3377.1672	-10022.225
39	12	-3347.0303	-9946.632
39	16	-3386.9849	-10016.49
40	1	-3378.0388	-9996.431
40	2	-3377.5054	-9937.559
40	3	-3380.5083	-10010.626
40	4	-3380.7246	-9979.535
40	5	-3377.066	-9967.197
40	6	-3367.5847	-10044.629
40	7	-3377.1733	-10020.217
40	12	-3347.0303	-9946.632
40	16	-3386.9783	-10018.706
41	1	-3378.086	-9994.409
41	2	-3377.5227	-9935.559
41	3	-3380.5093	-10008.707
41	4	-3380.727	-9977.533
41	5	-3377.0774	-9965.182
41	6	-3367.5818	-10044.624
41	7	-3377.1753	-10018.194
41	12	-3347.0303	-9946.632
41	13	-3390.547	-9905.006
41	16	-3386.9778	-10020.9375
42	1	-3378.1333	-9992.39
42	2	-3377.5344	-9933.596
42	3	-3380.5142	-10006.786
42	4	-3380.7302	-9975.53
42	5	-3377.0886	-9963.15
42	6	-3367.588	-10044.628
42	7	-3377.1956	-10016.198
42	13	-3390.5737	-9907.217
42	16	-3386.961	-10023.089
43	1	-3378.1824	-9990.381
43	2	-3377.5461	-9931.608
43	3	-3380.5183	-10004.898
43	4	-3380.731	-9973.526
43	5	-3377.103	-9961.137
43	6	-3367.603	-10044.614
43	7	-3377.214	-10014.193
43	12	-3347.0303	-9946.632
43	13	-3390.5774	-9909.31
43	16	-3386.9387	-10025.374
44	1	-3378.231	-9988.369
44	2	-3377.5476	-9929.636
44	3	-3380.5168	-10002.969
44	4	-3380.733	-9971.521
44	5	-3377.1099	-9959.135
44	6	-3367.6624	-10044.614
44	7	-3377.2214	-10012.172
44	13	-3390.5842	-9911.484
44	16	-3386.9272	-10027.601
45	1	-3378.2834	-9986.375
45	2	-3377.5596	-9927.659
45	3	-3380.5068	-10001.041
45	4	-3380.736	-9969.515
45	5	-3377.1255	-9957.094
45	7	-3377.2212	-10010.152
45	12	-3347.0303	-9946.632
45	13	-3390.5635	-9913.549
45	16	-3386.9312	-10029.801
46	1	-3378.3362	-9984.394
46	2	-3377.565	-9925.652
46	3	-3380.4958	-9999.144
46	4	-3380.7366	-9967.51
46	5	-3377.1272	-9955.063
46	7	-3377.2341	-10008.143
46	12	-3347.0303	-9946.632
46	13	-3390.5635	-9915.746
46	16	-3386.9258	-10031.997
46	22	-3321.1748	-9933.173
47	1	-3378.395	-9982.392
47	2	-3377.5818	-9923.6875
47	3	-3380.5005	-9997.21
47	4	-3380.7385	-9965.505
47	5	-3377.1443	-9953.048
47	7	-3377.2395	-10006.143
47	13	-3390.5476	-9917.888
47	16	-3386.911	-10034.199
48	1	-3378.4504	-9980.386
48	2	-3377.5767	-9921.703
48	3	-3380.4946	-9995.255
48	4	-3380.7395	-9963.5
48	5	-3377.1504	-9951.026
48	7	-3377.2446	-10004.148
48	12	-3347.0303	-9946.632
48	13	-3390.5415	-9919.977
48	16	-3386.9216	-10036.454
49	1	-3378.5063	-9978.402
49	2	-3377.573	-9919.744
49	3	-3380.5017	-9993.357
49	4	-3380.7434	-9961.494
49	5	-3377.157	-9949.006
49	7	-3377.2546	-10002.145
49	12	-3347.0303	-9946.632
49	13	-3390.53	-9922.116
49	15	-3341.6577	-9946.168
49	16	-3386.949	-10038.721
50	1	-3378.5645	-9976.415
50	2	-3377.5725	-9917.742
50	3	-3380.4885	-9991.464
50	4	-3380.7441	-9959.486
50	5	-3377.164	-9946.983
50	7	-3377.256	-10000.152
50	12	-3347.0303	-9946.632
50	13	-3390.5293	-9924.212
50	15	-3341.6577	-9946.168
50	22	-3321.1748	-9933.173
51	1	-3378.6294	-9974.433
51	2	-3377.573	-9915.785
51	3	-3380.494	-9989.4795
51	4	-3380.7446	-9957.482
51	5	-3377.1738	-9944.961
51	7	-3377.2708	-9998.138
51	12	-3347.0303	-9946.632
51	13	-3390.525	-9926.3125
51	14	-3387.244	-9884.215
51	22	-3321.1748	-9933.173
52	1	-3378.6875	-9972.475
52	2	-3377.557	-9913.852
52	3	-3380.477	-9987.6045
52	4	-3380.743	-9955.4795
52	5	-3377.1885	-9942.946
52	7	-3377.2576	-9996.191
52	12	-3347.0303	-9946.632
52	13	-3390.509	-9928.358
52	14	-3387.258	-9886.207
52	15	-3341.6577	-9946.168
52	22	-3321.1748	-9933.173
53	1	-3378.7456	-9970.517
53	2	-3377.5664	-9911.888
53	3	-3380.4763	-9985.792
53	4	-3380.7422	-9953.475
53	5	-3377.1904	-9940.933
53	7	-3377.265	-9994.21
53	13	-3390.5044	-9930.384
53	14	-3387.234	-9888.055
53	21	-3330.5686	-9946.939
53	22	-3321.1748	-9933.173
54	1	-3378.808	-9968.545
54	2	-3377.5664	-9909.917
54	3	-3380.4807	-9983.834
54	4	-3380.7412	-9951.471
54	5	-3377.1946	-9938.916
54	7	-3377.2656	-9992.219
54	12	-3347.0303	-9946.632
54	13	-3390.495	-9932.384
54	14	-3387.214	-9890.023
54	22	-3321.1748	-9933.173
55	1	-3378.8696	-9966.585
55	2	-3377.5486	-9907.971
55	3	-3380.4863	-9981.92
55	4	-3380.7402	-9949.464
55	5	-3377.2158	-9936.879
55	7	-3377.2476	-9990.271
55	12	-3347.0303	-9946.632
55	13	-3390.4734	-9934.405
55	14	-3387.1814	-9891.951
55	15	-3341.6577	-9946.168
55	17	-3391.1257	-9874.373
55	21	-3330.5686	-9946.939
55	22	-3321.1748	-9933.173
56	1	-3378.9382	-9964.641
56	2	-3377.555	-9906.004
56	3	-3380.4775	-9979.978
56	4	-3380.7397	-9947.456
56	5	-3377.2136	-9934.865
56	7	-3377.2434	-9988.289
56	12	-3347.0303	-9946.632
56	13	-3390.456	-9936.356
56	14	-3387.192	-9893.896
56	15	-3341.6577	-9946.168
56	17	-3391.2422	-9876.299
56	21	-3330.5686	-9946.939
56	22	-3321.1748	-9933.173
57	1	-3379.0056	-9962.676
57	2	-3377.539	-9904.062
57	3	-3380.4534	-9978.042
57	4	-3380.7405	-9945.449
57	5	-3377.2292	-9932.867
57	7	-3377.2334	-9986.321
57	12	-3347.0303	-9946.632
57	13	-3390.4412	-9938.316
57	14	-3387.1604	-9895.738
57	15	-3341.6577	-9946.168
57	17	-3391.2207	-9878.345
57	22	-3321.1748	-9933.173
58	1	-3379.0781	-9960.765
58	2	-3377.5303	-9902.113
58	3	-3380.447	-9976.191
58	4	-3380.741	-9943.441
58	5	-3377.2314	-9930.856
58	7	-3377.237	-9984.367
58	12	-3347.0303	-9946.632
58	13	-3390.424	-9940.256
58	14	-3387.1396	-9897.699
58	15	-3341.6577	-9946.168
58	17	-3391.2278	-9880.376
58	18	-3344.7432	-9876.533
58	19	-3330.8167	-9889.189
58	21	-3330.5686	-9946.939
58	22	-3321.1748	-9933.173
58	27	-3314.3135	-9947.005
58	28	-3311.3733	-9946.914
59	1	-3379.132	-9958.986
59	2	-3377.5127	-9900.158
59	3	-3380.44	-9974.319
59	4	-3380.743	-9941.433
59	5	-3377.2268	-9928.825
59	7	-3377.236	-9982.402
59	12	-3347.0303	-9946.632
59	13	-3390.4011	-9942.103
59	14	-3387.125	-9899.619
59	15	-3341.6577	-9946.168
59	17	-3391.2039	-9882.399
59	18	-3344.7432	-9876.533
59	19	-3330.8167	-9889.189
59	20	-3344.222	-9946.623
59	21	-3330.5686	-9946.939
59	22	-3321.1748	-9933.173
59	27	-3314.3135	-9947.005
59	28	-3311.3733	-9946.914
60	1	-3379.1755	-9957.42
60	2	-3377.5007	-9898.234
60	3	-3380.4248	-9972.355
60	4	-3380.745	-9939.422
60	5	-3377.231	-9926.808
60	7	-3377.2402	-9980.435
60	12	-3347.0303	-9946.632
60	13	-3390.3894	-9943.869
60	14	-3387.105	-9901.536
60	15	-3341.6577	-9946.168
60	17	-3391.1963	-9884.354
60	18	-3344.7432	-9876.533
60	19	-3330.8167	-9889.189
60	20	-3344.222	-9946.623
60	21	-3330.5686	-9946.939
60	22	-3321.1748	-9933.173
60	27	-3314.3135	-9947.005
60	28	-3311.3733	-9946.914
61	1	-3379.2493	-9956.316
61	2	-3377.4841	-9896.291
61	3	-3380.4119	-9970.415
61	4	-3380.7485	-9937.409
61	5	-3377.239	-9924.791
61	7	-3377.2363	-9978.495
61	12	-3347.0303	-9946.632
61	13	-3390.3901	-9945.746
61	14	-3387.091	-9903.467
61	15	-3341.6577	-9946.168
61	17	-3391.174	-9886.34
61	18	-3344.7432	-9876.533
61	19	-3330.8167	-9889.189
61	20	-3344.222	-9946.623
61	21	-3330.5686	-9946.939
61	22	-3321.1748	-9933.173
61	23	-3338.9863	-9946.451
61	27	-3314.3135	-9947.005
61	28	-3311.3733	-9946.914
62	1	-3379.313	-9954.503
62	2	-3377.4902	-9894.317
62	3	-3380.4	-9968.519
62	4	-3380.7522	-9935.395
62	5	-3377.2402	-9922.777
62	7	-3377.2283	-9976.55
62	12	-3347.0303	-9946.632
62	13	-3390.4053	-9947.632
62	14	-3387.0664	-9905.403
62	15	-3341.6577	-9946.168
62	17	-3391.1624	-9888.32
62	18	-3344.7432	-9876.533
62	19	-3330.8167	-9889.189
62	20	-3344.222	-9946.623
62	21	-3330.5686	-9946.939
62	22	-3321.1748	-9933.173
62	27	-3314.3135	-9947.005
62	28	-3311.3733	-9946.914
63	1	-3379.368	-9952.62
63	2	-3377.4792	-9892.402
63	3	-3380.3943	-9966.586
63	4	-3380.7566	-9933.381
63	5	-3377.249	-9920.753
63	7	-3377.2305	-9974.592
63	12	-3347.0303	-9946.632
63	13	-3390.415	-9949.521
63	14	-3387.0486	-9907.312
63	15	-3341.6577	-9946.168
63	17	-3391.0981	-9890.434
63	18	-3344.7432	-9876.533
63	19	-3330.8167	-9889.189
63	20	-3344.222	-9946.623
63	21	-3330.5686	-9946.939
63	22	-3321.1748	-9933.173
63	23	-3338.9863	-9946.451
63	27	-3314.3135	-9947.005
63	28	-3311.3733	-9946.914
64	1	-3379.4468	-9950.93
64	2	-3377.4795	-9890.462
64	3	-3380.4004	-9964.691
64	4	-3380.7607	-9931.366
64	5	-3377.246	-9918.735
64	7	-3377.2266	-9972.647
64	12	-3347.0303	-9946.632
64	13	-3390.4172	-9951.409
64	14	-3387.0256	-9909.226
64	15	-3341.6577	-9946.168
64	17	-3391.11	-9892.942
64	18	-3344.7432	-9876.533
64	19	-3330.8167	-9889.189
64	20	-3344.222	-9946.623
64	21	-3330.5686	-9946.939
64	22	-3321.1748	-9933.173
64	23	-3338.9863	-9946.451
64	27	-3314.3135	-9947.005
64	28	-3311.3733	-9946.914
65	1	-3379.516	-9949.129
65	2	-3377.4685	-9888.553
65	3	-3380.403	-9962.791
65	4	-3380.7651	-9929.353
65	5	-3377.2495	-9916.742
65	7	-3377.215	-9970.713
65	12	-3347.0303	-9946.632
65	13	-3390.418	-9953.319
65	14	-3387.0022	-9911.123
65	15	-3341.6577	-9946.168
65	17	-3391.1316	-9894.532
65	18	-3344.7432	-9876.533
65	19	-3330.8167	-9889.189
65	20	-3344.222	-9946.623
65	21	-3330.5686	-9946.939
65	22	-3321.1748	-9933.173
65	23	-3338.9863	-9946.451
65	24	-3333.626	-9876.276
65	27	-3314.3135	-9947.005
65	28	-3311.3733	-9946.914
66	1	-3379.578	-9947.238
66	2	-3377.4636	-9886.6455
66	3	-3380.403	-9960.852
66	4	-3380.7705	-9927.34
66	5	-3377.2507	-9914.7295
66	7	-3377.2126	-9968.783
66	12	-3347.0303	-9946.632
66	13	-3390.4172	-9955.183
66	14	-3386.9805	-9913.026
66	15	-3341.6577	-9946.168
66	17	-3391.1277	-9896.532
66	18	-3344.7432	-9876.533
66	19	-3330.8167	-9889.189
66	20	-3344.222	-9946.623
66	21	-3330.5686	-9946.939
66	22	-3321.1748	-9933.173
66	23	-3338.9863	-9946.451
66	24	-3333.626	-9876.276
66	27	-3314.3135	-9947.005
66	28	-3311.3733	-9946.914
67	1	-3379.643	-9945.302
67	2	-3377.4492	-9884.719
67	3	-3380.391	-9958.899
67	4	-3380.7751	-9925.327
67	5	-3377.257	-9912.727
67	7	-3377.2097	-9966.831
67	12	-3347.0303	-9946.632
67	13	-3390.4204	-9957.033
67	14	-3386.9526	-9914.881
67	15	-3341.6577	-9946.168
67	17	-3391.1265	-9898.602
67	18	-3344.7432	-9876.533
67	19	-3330.8167	-9889.189
67	20	-3344.222	-9946.623
67	21	-3330.5686	-9946.939
67	22	-3321.1748	-9933.173
67	23	-3338.9863	-9946.451
67	24	-3333.626	-9876.276
67	27	-3314.3135	-9947.005
67	28	-3311.3733	-9946.914
68	1	-3379.698	-9943.392
68	2	-3377.4436	-9882.809
68	3	-3380.375	-9957.0205
68	4	-3380.778	-9923.315
68	5	-3377.2568	-9910.745
68	7	-3377.208	-9964.89
68	12	-3347.0303	-9946.632
68	13	-3390.4368	-9958.883
68	14	-3386.9275	-9916.72
68	15	-3341.6577	-9946.168
68	17	-3391.1128	-9900.642
68	18	-3344.7432	-9876.533
68	19	-3330.8167	-9889.189
68	20	-3344.222	-9946.623
68	21	-3330.5686	-9946.939
68	22	-3321.1748	-9933.173
68	23	-3338.9863	-9946.451
68	24	-3333.626	-9876.276
68	26	-3320.2542	-9876.224
69	1	-3379.7595	-9941.479
69	2	-3377.4417	-9880.871
69	3	-3380.363	-9955.196
69	4	-3380.7817	-9921.303
69	5	-3377.2615	-9908.743
69	7	-3377.2075	-9962.957
69	12	-3347.0303	-9946.632
69	13	-3390.4304	-9960.75
69	14	-3386.8955	-9918.465
69	15	-3341.6577	-9946.168
69	17	-3391.1042	-9902.615
69	18	-3344.7432	-9876.533
69	19	-3330.8167	-9889.189
69	20	-3344.222	-9946.623
69	21	-3330.5686	-9946.939
69	22	-3321.1748	-9933.173
69	23	-3338.9863	-9946.451
69	24	-3333.626	-9876.276
69	26	-3320.2542	-9876.224
69	27	-3314.3135	-9947.005
69	28	-3311.3733	-9946.914
69	29	-3322.5928	-9889.446
70	1	-3379.8257	-9939.6
70	2	-3377.429	-9878.951
70	3	-3380.3535	-9953.331
70	4	-3380.786	-9919.291
70	5	-3377.2654	-9906.738
70	7	-3377.2188	-9961.044
70	12	-3347.0303	-9946.632
70	13	-3390.4412	-9962.565
70	14	-3386.861	-9920.196
70	15	-3341.6577	-9946.168
70	17	-3391.0923	-9904.607
70	18	-3344.7432	-9876.533
70	19	-3330.8167	-9889.189
70	20	-3344.222	-9946.623
70	21	-3330.5686	-9946.939
70	22	-3321.1748	-9933.173
70	23	-3338.9863	-9946.451
70	24	-3333.626	-9876.276
70	26	-3320.2542	-9876.224
70	27	-3314.3135	-9947.005
70	28	-3311.3733	-9946.914
71	1	-3379.883	-9937.729
71	2	-3377.4092	-9877.089
71	3	-3380.3594	-9951.411
71	4	-3380.7893	-9917.279
71	5	-3377.2693	-9904.74
71	7	-3377.214	-9959.108
71	12	-3347.0303	-9946.632
71	13	-3390.4358	-9964.297
71	14	-3386.8374	-9921.878
71	15	-3341.6577	-9946.168
71	17	-3391.0813	-9906.582
71	18	-3344.7432	-9876.533
71	19	-3330.8167	-9889.189
71	20	-3344.222	-9946.623
71	21	-3330.5686	-9946.939
71	22	-3321.1748	-9933.173
71	23	-3338.9863	-9946.451
71	24	-3333.626	-9876.276
71	26	-3320.2542	-9876.224
71	27	-3314.3135	-9947.005
71	28	-3311.3733	-9946.914
71	29	-3322.5928	-9889.446
72	1	-3379.9465	-9935.83
72	2	-3377.405	-9875.173
72	3	-3380.3577	-9949.439
72	4	-3380.7915	-9915.269
72	5	-3377.2737	-9902.75
72	7	-3377.216	-9957.211
72	12	-3347.0303	-9946.632
72	13	-3390.4316	-9966.113
72	14	-3386.8418	-9923.67
72	15	-3341.6577	-9946.168
72	17	-3391.0603	-9908.532
72	18	-3344.7432	-9876.533
72	19	-3330.8167	-9889.189
72	20	-3344.222	-9946.623
72	21	-3330.5686	-9946.939
72	22	-3321.1748	-9933.173
72	23	-3338.9863	-9946.451
72	24	-3333.626	-9876.276
72	26	-3320.2542	-9876.224
72	27	-3314.3135	-9947.005
72	28	-3311.3733	-9946.914
72	29	-3322.5928	-9889.446
73	1	-3379.9973	-9933.952
73	2	-3377.39	-9873.267
73	3	-3380.3682	-9947.586
73	4	-3380.7927	-9913.26
73	5	-3377.2751	-9900.7705
73	7	-3377.2126	-9955.291
73	12	-3347.0303	-9946.632
73	13	-3390.4304	-9967.891
73	14	-3386.859	-9925.51
73	15	-3341.6577	-9946.168
73	17	-3391.041	-9910.453
73	18	-3344.7432	-9876.533
73	19	-3330.8167	-9889.189
73	20	-3344.222	-9946.623
73	21	-3330.5686	-9946.939
73	22	-3321.1748	-9933.173
73	23	-3338.9863	-9946.451
73	24	-3333.626	-9876.276
73	27	-3314.3135	-9947.005
73	29	-3322.5928	-9889.446
74	1	-3380.048	-9932.082
74	2	-3377.3835	-9871.392
74	3	-3380.3696	-9945.797
74	4	-3380.7925	-9911.253
74	5	-3377.288	-9898.804
74	7	-3377.2053	-9953.38
74	12	-3347.0303	-9946.632
74	13	-3390.444	-9969.651
74	14	-3386.854	-9927.389
74	15	-3341.6577	-9946.168
74	17	-3391.0413	-9912.319
74	18	-3344.7432	-9876.533
74	19	-3330.8167	-9889.189
74	20	-3344.222	-9946.623
74	21	-3330.5686	-9946.939
74	22	-3321.1748	-9933.173
74	23	-3338.9863	-9946.451
74	24	-3333.626	-9876.276
74	29	-3322.5928	-9889.446
75	1	-3380.0933	-9930.202
75	2	-3377.3635	-9869.522
75	3	-3380.3665	-9943.947
75	4	-3380.792	-9909.246
75	5	-3377.2822	-9896.837
75	7	-3377.1987	-9951.465
75	12	-3347.0303	-9946.632
75	13	-3390.443	-9971.392
75	14	-3386.8503	-9929.2705
75	15	-3341.6577	-9946.168
75	17	-3391.0305	-9914.17
75	18	-3344.7432	-9876.533
75	19	-3330.8167	-9889.189
75	20	-3344.222	-9946.623
75	21	-3330.5686	-9946.939
75	22	-3321.1748	-9933.173
75	23	-3338.9863	-9946.451
75	24	-3333.626	-9876.276
75	26	-3320.2542	-9876.224
75	29	-3322.5928	-9889.446
76	1	-3380.134	-9928.345
76	2	-3377.3616	-9867.647
76	3	-3380.3535	-9941.88
76	4	-3380.7908	-9907.24
76	5	-3377.289	-9894.869
76	7	-3377.199	-9949.531
76	12	-3347.0303	-9946.632
76	13	-3390.431	-9973.081
76	14	-3386.8533	-9931.182
76	15	-3341.6577	-9946.168
76	17	-3391.0283	-9916.097
76	18	-3344.7432	-9876.533
76	19	-3330.8167	-9889.189
76	20	-3344.222	-9946.623
76	21	-3330.5686	-9946.939
76	23	-3338.9863	-9946.451
76	24	-3333.626	-9876.276
76	26	-3320.2542	-9876.224
76	29	-3322.5928	-9889.446
77	1	-3380.1711	-9926.462
77	2	-3377.3486	-9865.76
77	3	-3380.3499	-9939.993
77	4	-3380.7888	-9905.236
77	5	-3377.2917	-9892.922
77	7	-3377.2002	-9947.642
77	12	-3347.0303	-9946.632
77	13	-3390.4282	-9974.752
77	14	-3386.8552	-9933.107
77	15	-3341.6577	-9946.168
77	17	-3391.0227	-9918.009
77	18	-3344.7432	-9876.533
77	19	-3330.8167	-9889.189
77	20	-3344.222	-9946.623
77	21	-3330.5686	-9946.939
77	23	-3338.9863	-9946.451
77	24	-3333.626	-9876.276
77	26	-3320.2542	-9876.224
77	29	-3322.5928	-9889.446
78	1	-3380.206	-9924.613
78	2	-3377.336	-9863.923
78	3	-3380.3425	-9938.031
78	4	-3380.787	-9903.231
78	5	-3377.3008	-9890.974
78	7	-3377.1995	-9945.773
78	12	-3347.0303	-9946.632
78	13	-3390.424	-9976.483
78	14	-3386.8433	-9935.049
78	15	-3341.6577	-9946.168
78	17	-3391.016	-9919.963
78	18	-3344.7432	-9876.533
78	19	-3330.8167	-9889.189
78	20	-3344.222	-9946.623
78	21	-3330.5686	-9946.939
78	23	-3338.9863	-9946.451
78	24	-3333.626	-9876.276
78	26	-3320.2542	-9876.224
78	29	-3322.5928	-9889.446
79	1	-3380.254	-9922.736
79	2	-3377.329	-9862.08
79	3	-3380.3506	-9936.243
79	4	-3380.7864	-9901.227
79	5	-3377.3	-9889.028
79	7	-3377.1943	-9943.87
79	12	-3347.0303	-9946.632
79	13	-3390.4126	-9978.108
79	14	-3386.8342	-9936.948
79	15	-3341.6577	-9946.168
79	17	-3391.0125	-9921.902
79	19	-3330.8167	-9889.189
79	20	-3344.222	-9946.623
79	21	-3330.5686	-9946.939
79	23	-3338.9863	-9946.451
79	24	-3333.626	-9876.276
79	26	-3320.2542	-9876.224
79	29	-3322.5928	-9889.446
80	1	-3380.277	-9920.894
80	2	-3377.3254	-9860.239
80	3	-3380.3535	-9934.474
80	4	-3380.785	-9899.224
80	5	-3377.3071	-9887.1
80	7	-3377.1826	-9941.998
80	12	-3347.0303	-9946.632
80	14	-3386.84	-9938.832
80	15	-3341.6577	-9946.168
80	17	-3391.003	-9923.885
80	18	-3344.7432	-9876.533
80	19	-3330.8167	-9889.189
80	20	-3344.222	-9946.623
80	21	-3330.5686	-9946.939
80	23	-3338.9863	-9946.451
80	29	-3322.5928	-9889.446
81	1	-3380.3171	-9919.03
81	2	-3377.3188	-9858.414
81	3	-3380.3547	-9932.801
81	4	-3380.7842	-9897.22
81	5	-3377.3086	-9885.193
81	7	-3377.187	-9940.148
81	12	-3347.0303	-9946.632
81	14	-3386.8574	-9940.804
81	15	-3341.6577	-9946.168
81	17	-3390.997	-9925.844
81	18	-3344.7432	-9876.533
81	19	-3330.8167	-9889.189
81	20	-3344.222	-9946.623
81	21	-3330.5686	-9946.939
81	23	-3338.9863	-9946.451
81	24	-3333.626	-9876.276
81	29	-3322.5928	-9889.446
82	1	-3380.3232	-9917.17
82	2	-3377.3118	-9856.578
82	3	-3380.3833	-9931.235
82	4	-3380.785	-9895.218
82	5	-3377.3147	-9883.3
82	7	-3377.186	-9938.292
82	12	-3347.0303	-9946.632
82	14	-3386.8638	-9942.679
82	15	-3341.6577	-9946.168
82	17	-3390.9844	-9927.822
82	18	-3344.7432	-9876.533
82	20	-3344.222	-9946.623
82	21	-3330.5686	-9946.939
82	23	-3338.9863	-9946.451
82	24	-3333.626	-9876.276
82	26	-3320.2542	-9876.224
83	1	-3380.3484	-9915.302
83	2	-3377.31	-9854.791
83	3	-3380.3894	-9929.429
83	4	-3380.7883	-9893.218
83	5	-3377.323	-9881.416
83	7	-3377.184	-9936.455
83	12	-3347.0303	-9946.632
83	14	-3386.8513	-9944.592
83	15	-3341.6577	-9946.168
83	17	-3390.972	-9929.803
83	18	-3344.7432	-9876.533
83	19	-3330.8167	-9889.189
83	20	-3344.222	-9946.623
83	21	-3330.5686	-9946.939
83	23	-3338.9863	-9946.451
83	24	-3333.626	-9876.276
83	26	-3320.2542	-9876.224
83	32	-3387.531	-9817.758
84	1	-3380.3853	-9913.499
84	2	-3377.303	-9853.016
84	3	-3380.3877	-9927.601
84	4	-3380.7915	-9891.221
84	5	-3377.3247	-9879.558
84	7	-3377.18	-9934.591
84	12	-3347.0303	-9946.632
84	14	-3386.8596	-9946.493
84	15	-3341.6577	-9946.168
84	17	-3390.9597	-9931.798
84	18	-3344.7432	-9876.533
84	19	-3330.8167	-9889.189
84	20	-3344.222	-9946.623
84	21	-3330.5686	-9946.939
84	23	-3338.9863	-9946.451
84	24	-3333.626	-9876.276
84	26	-3320.2542	-9876.224
84	32	-3387.4932	-9819.776
85	1	-3380.4048	-9911.651
85	2	-3377.3054	-9851.228
85	3	-3380.3958	-9925.789
85	4	-3380.7974	-9889.2295
85	5	-3377.33	-9877.693
85	7	-3377.1719	-9932.781
85	12	-3347.0303	-9946.632
85	14	-3386.8665	-9948.428
85	15	-3341.6577	-9946.168
85	17	-3390.9453	-9933.794
85	18	-3344.7432	-9876.533
85	19	-3330.8167	-9889.189
85	20	-3344.222	-9946.623
85	23	-3338.9863	-9946.451
85	24	-3333.626	-9876.276
85	26	-3320.2542	-9876.224
85	32	-3387.4832	-9821.675
86	1	-3380.4106	-9909.805
86	2	-3377.3032	-9849.446
86	3	-3380.4148	-9924.01
86	4	-3380.8015	-9887.244
86	5	-3377.3293	-9875.842
86	7	-3377.1677	-9930.928
86	12	-3347.0303	-9946.632
86	14	-3386.867	-9950.359
86	15	-3341.6577	-9946.168
86	17	-3390.9336	-9935.761
86	18	-3344.7432	-9876.533
86	19	-3330.8167	-9889.189
86	20	-3344.222	-9946.623
86	23	-3338.9863	-9946.451
86	24	-3333.626	-9876.276
86	26	-3320.2542	-9876.224
86	32	-3387.454	-9823.78
87	1	-3380.4207	-9907.987
87	2	-3377.301	-9847.735
87	3	-3380.4414	-9922.4795
87	4	-3380.8064	-9885.265
87	5	-3377.3328	-9873.997
87	7	-3377.1646	-9929.103
87	12	-3347.0303	-9946.632
87	14	-3386.8645	-9952.241
87	15	-3341.6577	-9946.168
87	17	-3390.9204	-9937.729
87	18	-3344.7432	-9876.533
87	19	-3330.8167	-9889.189
87	20	-3344.222	-9946.623
87	23	-3338.9863	-9946.451
87	24	-3333.626	-9876.276
87	26	-3320.2542	-9876.224
87	32	-3387.4573	-9825.632
88	1	-3380.4304	-9906.136
88	2	-3377.305	-9846.017
88	3	-3380.4253	-9920.579
88	4	-3380.811	-9883.289
88	5	-3377.325	-9872.187
88	7	-3377.1682	-9927.28
88	12	-3347.0303	-9946.632
88	14	-3386.8667	-9954.176
88	15	-3341.6577	-9946.168
88	17	-3390.9114	-9939.687
88	18	-3344.7432	-9876.533
88	19	-3330.8167	-9889.189
88	20	-3344.222	-9946.623
88	23	-3338.9863	-9946.451
88	24	-3333.626	-9876.276
88	26	-3320.2542	-9876.224
88	32	-3387.4358	-9827.626
88	35	-3322.5564	-9889.127
89	1	-3380.4434	-9904.333
89	2	-3377.3035	-9844.288
89	3	-3380.4395	-9918.837
89	4	-3380.8162	-9881.32
89	5	-3377.328	-9870.387
89	7	-3377.1702	-9925.46
89	12	-3347.0303	-9946.632
89	14	-3386.862	-9956.108
89	15	-3341.6577	-9946.168
89	17	-3390.9001	-9941.666
89	18	-3344.7432	-9876.533
89	19	-3330.8167	-9889.189
89	20	-3344.222	-9946.623
89	24	-3333.626	-9876.276
89	26	-3320.2542	-9876.224
89	32	-3387.428	-9829.652
89	35	-3322.5564	-9889.127
90	1	-3380.4504	-9902.51
90	2	-3377.2996	-9842.572
90	4	-3380.8198	-9879.3545
90	5	-3377.33	-9868.581
90	7	-3377.1746	-9923.667
90	12	-3347.0303	-9946.632
90	17	-3390.8804	-9943.659
90	18	-3344.7432	-9876.533
90	19	-3330.8167	-9889.189
90	24	-3333.626	-9876.276
90	26	-3320.2542	-9876.224
90	32	-3387.4324	-9831.629
90	35	-3322.5564	-9889.127
