0	1	7961.7935	3064.2007
0	2	7944.24	3066.76
0	3	8025.6777	3067.6956
0	4	8066.4287	3068.1042
0	5	7990.9854	3066.92
0	6	7985.477	3060.239
0	7	8005.7446	3063.479
0	8	7966.4546	3087.9792
0	9	7966.263	3093.6284
0	10	7953.4307	3087.8057
0	11	7953.9575	3090.518
0	12	7966.333	3099.1099
0	13	7966.328	3107.7002
0	14	7953.3213	3107.152
0	15	8019.746	3073.802
0	16	8019.3613	3082.8555
0	17	7967.894	3121.766
0	18	7934.242	3059.1758
0	19	7930.5103	3062.4678
0	22	8067.306	3061.9006
1	1	7959.7227	3064.2334
1	2	7942.1016	3066.744
1	3	8023.6577	3067.672
1	4	8064.2104	3068.0796
1	5	7989.0557	3066.8877
1	6	7983.412	3060.2095
1	7	8003.7173	3063.458
1	8	7966.4546	3087.9792
1	9	7966.263	3093.6284
1	10	7953.4307	3087.8057
1	11	7953.9575	3090.518
1	12	7966.333	3099.1099
1	13	7966.328	3107.7002
1	15	8019.746	3073.802
1	16	8019.3613	3082.8555
1	18	7932.0254	3059.1335
1	19	7928.437	3062.4456
1	22	8065.1733	3061.8545
2	1	7957.668	3064.2505
2	2	7940.0024	3066.7427
2	3	8021.6367	3067.6477
2	4	8062.027	3068.04
2	5	7987.13	3066.8545
2	6	7981.3647	3060.1897
2	7	8001.68	3063.432
2	8	7966.4546	3087.9792
2	9	7966.263	3093.6284
2	10	7953.4307	3087.8057
2	11	7953.9575	3090.518
2	12	7966.333	3099.1099
2	13	7966.328	3107.7002
2	14	7953.3213	3107.152
2	15	8019.746	3073.802
2	16	8019.3613	3082.8555
2	18	7929.7935	3059.0894
2	19	7926.3945	3062.3892
2	22	8062.998	3061.8044
3	1	7955.61	3064.2693
3	2	7937.894	3066.7463
3	3	8019.6353	3067.6206
3	4	8059.865	3068.011
3	5	7985.2075	3066.8215
3	6	7979.289	3060.1611
3	7	7999.671	3063.405
3	8	7966.4546	3087.9792
3	9	7966.263	3093.6284
3	10	7953.4307	3087.8057
3	11	7953.9575	3090.518
3	12	7966.333	3099.1099
3	13	7966.328	3107.7002
3	14	7953.3213	3107.152
3	15	8019.746	3073.802
3	16	8019.3613	3082.8555
3	18	7927.595	3059.051
3	19	7924.3374	3062.3765
3	20	7949.634	3134.6633
3	22	8060.797	3061.7732
4	1	7953.5513	3064.287
4	2	7935.8013	3066.734
4	3	8017.5806	3067.59
4	4	8057.5903	3067.9885
4	5	7983.286	3066.7893
4	6	7977.2354	3060.1333
4	7	7997.6353	3063.3828
4	8	7966.4546	3087.9792
4	9	7966.263	3093.6284
4	10	7953.4307	3087.8057
4	11	7953.9575	3090.518
4	12	7966.333	3099.1099
4	13	7966.328	3107.7002
4	14	7953.3213	3107.152
4	15	8019.746	3073.802
4	16	8019.3613	3082.8555
4	18	7925.3535	3059.0105
4	19	7922.257	3062.33
4	20	7949.634	3134.6633
4	22	8058.6387	3061.747
5	1	7951.486	3064.302
5	2	7933.727	3066.7349
5	3	8015.542	3067.5598
5	4	8055.3306	3067.951
5	5	7981.3667	3066.7568
5	6	7975.1704	3060.109
5	7	7995.588	3063.3516
5	8	7966.4546	3087.9792
5	9	7966.263	3093.6284
5	10	7953.4307	3087.8057
5	11	7953.9575	3090.518
5	12	7966.333	3099.1099
5	13	7966.328	3107.7002
5	14	7953.3213	3107.152
5	15	8019.746	3073.802
5	16	8019.3613	3082.8555
5	18	7923.145	3058.9749
5	19	7920.1924	3062.296
5	20	7949.634	3134.6633
5	21	7946.9844	3134.5894
5	22	8056.4834	3061.694
6	1	7949.4155	3064.324
6	2	7931.6323	3066.7397
6	3	8013.518	3067.5325
6	4	8053.233	3067.9048
6	5	7979.449	3066.7249
6	6	7973.1113	3060.0857
6	7	7993.552	3063.328
6	8	7966.4546	3087.9792
6	9	7966.263	3093.6284
6	10	7953.4307	3087.8057
6	11	7953.9575	3090.518
6	12	7966.333	3099.1099
6	13	7966.328	3107.7002
6	14	7953.3213	3107.152
6	15	8019.746	3073.802
6	16	8019.3613	3082.8555
6	17	7967.894	3121.766
6	18	7920.9185	3058.9407
6	19	7918.1367	3062.2786
6	20	7949.634	3134.6633
6	21	7946.9844	3134.5894
6	22	8054.305	3061.6497
7	1	7947.3677	3064.3442
7	2	7929.5557	3066.77
7	3	8011.516	3067.505
7	4	8051.046	3067.8506
7	5	7977.5327	3066.6926
7	6	7971.07	3060.0605
7	7	7991.5356	3063.306
7	8	7966.4546	3087.9792
7	9	7966.263	3093.6284
7	10	7953.4307	3087.8057
7	11	7953.9575	3090.518
7	12	7966.333	3099.1099
7	13	7966.328	3107.7002
7	14	7953.3213	3107.152
7	15	8019.746	3073.802
7	16	8019.3613	3082.8555
7	17	7967.894	3121.766
7	18	7918.7134	3058.8823
7	19	7916.0503	3062.2234
7	21	7946.9844	3134.5894
7	22	8052.1514	3061.5938
8	1	7945.3076	3064.355
8	2	7927.4556	3066.776
8	3	8009.5107	3067.4797
8	4	8048.853	3067.8018
8	5	7975.616	3066.6626
8	6	7969.0127	3060.0361
8	7	7989.4614	3063.2708
8	8	7966.4546	3087.9792
8	9	7966.263	3093.6284
8	10	7953.4307	3087.8057
8	11	7953.9575	3090.518
8	12	7966.333	3099.1099
8	13	7966.328	3107.7002
8	14	7953.3213	3107.152
8	15	8019.746	3073.802
8	16	8019.3613	3082.8555
8	17	7967.894	3121.766
8	18	7916.495	3058.8372
8	19	7913.992	3062.1865
8	20	7949.634	3134.6633
8	21	7946.9844	3134.5894
8	22	8049.9375	3061.59
8	23	7966.0635	3140.6348
9	1	7943.2524	3064.3662
9	2	7925.3716	3066.7979
9	3	8007.487	3067.46
9	4	8046.6875	3067.785
9	5	7973.6997	3066.6338
9	6	7966.9487	3060.0088
9	7	7987.462	3063.247
9	8	7966.4546	3087.9792
9	9	7966.263	3093.6284
9	10	7953.4307	3087.8057
9	11	7953.9575	3090.518
9	12	7966.333	3099.1099
9	13	7966.328	3107.7002
9	14	7953.3213	3107.152
9	15	8019.746	3073.802
9	16	8019.3613	3082.8555
9	17	7967.894	3121.766
9	18	7914.2505	3058.7783
9	19	7911.9136	3062.1658
9	20	7949.634	3134.6633
9	21	7946.9844	3134.5894
9	22	8047.7515	3061.5325
9	23	7966.0635	3140.6348
10	1	7941.1953	3064.386
10	2	7923.3237	3066.8289
10	3	8005.481	3067.4346
10	4	8044.5015	3067.7598
10	5	7971.786	3066.6072
10	6	7964.8877	3059.9866
10	7	7985.425	3063.222
10	8	7966.4546	3087.9792
10	9	7966.263	3093.6284
10	10	7953.4307	3087.8057
10	11	7953.9575	3090.518
10	12	7966.333	3099.1099
10	13	7966.328	3107.7002
10	14	7953.3213	3107.152
10	15	8019.746	3073.802
10	16	8019.3613	3082.8555
10	17	7967.894	3121.766
10	18	7912.014	3058.7227
10	19	7909.862	3062.121
10	20	7949.634	3134.6633
10	21	7946.9844	3134.5894
10	22	8045.589	3061.4841
10	23	7966.0635	3140.6348
11	1	7939.1104	3064.3962
11	2	7921.243	3066.8745
11	3	8003.467	3067.4055
11	4	8042.2803	3067.718
11	5	7969.872	3066.5806
11	6	7962.7944	3059.9502
11	7	7983.3584	3063.1873
11	8	7966.4546	3087.9792
11	9	7966.263	3093.6284
11	10	7953.4307	3087.8057
11	11	7953.9575	3090.518
11	12	7966.333	3099.1099
11	14	7953.3213	3107.152
11	15	8019.746	3073.802
11	16	8019.3613	3082.8555
11	17	7967.894	3121.766
11	18	7909.819	3058.669
11	19	7907.773	3062.0745
11	20	7949.634	3134.6633
11	21	7946.9844	3134.5894
11	22	8043.4316	3061.4458
11	23	7966.0635	3140.6348
12	1	7937.0596	3064.407
12	2	7919.1904	3066.9343
12	3	8001.4805	3067.372
12	4	8040.1875	3067.6926
12	5	7967.9585	3066.5544
12	6	7960.734	3059.9219
12	7	7981.3047	3063.148
12	8	7966.4546	3087.9792
12	9	7966.263	3093.6284
12	10	7953.4307	3087.8057
12	11	7953.9575	3090.518
12	12	7966.333	3099.1099
12	14	7953.3213	3107.152
12	15	8019.746	3073.802
12	16	8019.3613	3082.8555
12	17	7967.894	3121.766
12	18	7907.542	3058.629
12	19	7905.6943	3062.0537
12	20	7949.634	3134.6633
12	21	7946.9844	3134.5894
12	22	8041.2466	3061.4314
12	23	7966.0635	3140.6348
13	1	7935.0137	3064.4133
13	2	7917.127	3066.9807
13	3	7999.4766	3067.334
13	4	8037.97	3067.641
13	5	7966.0454	3066.5293
13	6	7958.656	3059.8962
13	7	7979.28	3063.1047
13	8	7966.4546	3087.9792
13	9	7966.263	3093.6284
13	10	7953.4307	3087.8057
13	11	7953.9575	3090.518
13	12	7966.333	3099.1099
13	14	7953.3213	3107.152
13	15	8019.746	3073.802
13	16	8019.3613	3082.8555
13	17	7967.894	3121.766
13	18	7905.34	3058.5596
13	19	7903.63	3062.0046
13	20	7949.634	3134.6633
13	21	7946.9844	3134.5894
13	22	8039.0845	3061.3926
13	23	7966.0635	3140.6348
14	1	7932.946	3064.418
14	2	7915.0605	3067.028
14	3	7997.453	3067.3096
14	4	8035.808	3067.5947
14	5	7964.133	3066.5037
14	6	7956.5767	3059.8687
14	7	7977.2344	3063.0708
14	8	7966.4546	3087.9792
14	9	7966.263	3093.6284
14	10	7953.4307	3087.8057
14	11	7953.9575	3090.518
14	12	7966.333	3099.1099
14	14	7953.3213	3107.152
14	15	8019.746	3073.802
14	16	8019.3613	3082.8555
14	17	7967.894	3121.766
14	18	7903.0938	3058.4958
14	19	7901.576	3061.9631
14	20	7949.634	3134.6633
14	21	7946.9844	3134.5894
14	22	8036.9023	3061.3662
14	23	7966.0635	3140.6348
15	1	7930.9033	3064.4277
15	2	7913.0366	3067.0752
15	3	7995.446	3067.2837
15	4	8033.6294	3067.567
15	5	7962.22	3066.4775
15	6	7954.5176	3059.8435
15	7	7975.1685	3063.0215
15	8	7966.4546	3087.9792
15	9	7966.263	3093.6284
15	10	7953.4307	3087.8057
15	11	7953.9575	3090.518
15	12	7966.333	3099.1099
15	14	7953.3213	3107.152
15	15	8019.746	3073.802
15	16	8019.3613	3082.8555
15	17	7967.894	3121.766
15	18	7900.883	3058.4265
15	19	7899.4834	3061.9385
15	20	7949.634	3134.6633
15	21	7946.9844	3134.5894
15	22	8034.7656	3061.3386
15	23	7966.0635	3140.6348
15	29	7966.2744	3107.7466
16	1	7928.843	3064.436
16	2	7911.026	3067.1128
16	3	7993.4663	3067.2542
16	4	8031.4365	3067.5237
16	5	7960.308	3066.4521
16	6	7952.46	3059.8184
16	7	7973.0996	3062.9958
16	8	7966.4546	3087.9792
16	9	7966.263	3093.6284
16	10	7953.4307	3087.8057
16	11	7953.9575	3090.518
16	12	7966.333	3099.1099
16	14	7953.3213	3107.152
16	15	8019.746	3073.802
16	16	8019.3613	3082.8555
16	17	7967.894	3121.766
16	18	7898.695	3058.3662
16	19	7897.416	3061.9067
16	20	7949.634	3134.6633
16	21	7946.9844	3134.5894
16	22	8032.6255	3061.3127
16	23	7966.0635	3140.6348
16	29	7966.2744	3107.7466
17	1	7926.7637	3064.4426
17	2	7909.0234	3067.1807
17	3	7991.49	3067.2266
17	4	8029.318	3067.4875
17	5	7958.3975	3066.424
17	6	7950.3926	3059.7866
17	7	7971.045	3062.9446
17	8	7966.4546	3087.9792
17	9	7966.263	3093.6284
17	10	7953.4307	3087.8057
17	11	7953.9575	3090.518
17	12	7966.333	3099.1099
17	14	7953.3213	3107.152
17	15	8019.746	3073.802
17	16	8019.3613	3082.8555
17	17	7967.894	3121.766
17	18	7896.3853	3058.3108
17	19	7895.326	3061.8538
17	22	8030.4727	3061.2659
17	23	7966.0635	3140.6348
17	29	7966.2744	3107.7466
18	1	7924.6987	3064.4429
18	2	7907.0186	3067.272
18	3	7989.521	3067.1965
18	4	8026.987	3067.4265
18	5	7956.4883	3066.396
18	6	7948.3228	3059.7625
18	7	7968.9844	3062.9026
18	8	7966.4546	3087.9792
18	9	7966.263	3093.6284
18	10	7953.4307	3087.8057
18	11	7953.9575	3090.518
18	12	7966.333	3099.1099
18	14	7953.3213	3107.152
18	15	8019.746	3073.802
18	16	8019.3613	3082.8555
18	17	7967.894	3121.766
18	18	7894.149	3058.2622
18	19	7893.2466	3061.8313
18	21	7946.9844	3134.5894
18	22	8028.3325	3061.2134
18	29	7966.2744	3107.7466
19	1	7922.6616	3064.4443
19	2	7905.032	3067.3467
19	3	7987.568	3067.161
19	4	8024.972	3067.391
19	5	7954.583	3066.368
19	6	7946.227	3059.7278
19	7	7966.946	3062.8635
19	8	7966.4546	3087.9792
19	9	7966.263	3093.6284
19	10	7953.4307	3087.8057
19	11	7953.9575	3090.518
19	12	7966.333	3099.1099
19	14	7953.3213	3107.152
19	15	8019.746	3073.802
19	16	8019.3613	3082.8555
19	18	7891.923	3058.2122
19	19	7891.1514	3061.813
19	20	7949.634	3134.6633
19	21	7946.9844	3134.5894
19	22	8026.182	3061.157
19	29	7966.2744	3107.7466
20	1	7920.5737	3064.4585
20	2	7903.064	3067.4297
20	3	7985.593	3067.133
20	4	8022.868	3067.3584
20	5	7952.6777	3066.3398
20	6	7944.145	3059.6973
20	7	7964.8813	3062.8325
20	8	7966.4546	3087.9792
20	9	7966.263	3093.6284
20	10	7953.4307	3087.8057
20	11	7953.9575	3090.518
20	12	7966.333	3099.1099
20	14	7953.3213	3107.152
20	15	8019.746	3073.802
20	16	8019.3613	3082.8555
20	17	7967.894	3121.766
20	18	7889.678	3058.16
20	19	7889.0522	3061.7944
20	20	7949.634	3134.6633
20	21	7946.9844	3134.5894
20	22	8024.027	3061.119
20	23	7966.0635	3140.6348
20	29	7966.2744	3107.7466
21	1	7918.4614	3064.4653
21	2	7901.09	3067.5225
21	3	7983.658	3067.0955
21	4	8020.5957	3067.3076
21	5	7950.7754	3066.3098
21	6	7942.082	3059.6665
21	7	7962.81	3062.7778
21	8	7966.4546	3087.9792
21	9	7966.263	3093.6284
21	10	7953.4307	3087.8057
21	11	7953.9575	3090.518
21	12	7966.333	3099.1099
21	14	7953.3213	3107.152
21	15	8019.746	3073.802
21	16	8019.3613	3082.8555
21	17	7967.894	3121.766
21	18	7887.449	3058.1145
21	19	7886.958	3061.7766
21	20	7949.634	3134.6633
21	21	7946.9844	3134.5894
21	22	8021.861	3061.0598
21	23	7966.0635	3140.6348
21	29	7966.2744	3107.7466
22	1	7916.387	3064.4688
22	2	7899.1523	3067.5908
22	3	7981.687	3067.0752
22	4	8018.5244	3067.27
22	5	7948.8735	3066.2793
22	6	7940.0044	3059.6423
22	7	7960.7373	3062.7349
22	8	7966.4546	3087.9792
22	9	7966.263	3093.6284
22	10	7953.4307	3087.8057
22	11	7953.9575	3090.518
22	12	7966.333	3099.1099
22	14	7953.3213	3107.152
22	15	8019.746	3073.802
22	16	8019.3613	3082.8555
22	17	7967.894	3121.766
22	18	7885.192	3058.0623
22	19	7884.89	3061.74
22	22	8019.7065	3061.0244
22	29	7966.2744	3107.7466
23	1	7914.327	3064.4688
23	2	7897.1943	3067.6816
23	3	7979.7427	3067.0476
23	4	8016.415	3067.2249
23	5	7946.9727	3066.248
23	6	7937.9263	3059.6072
23	7	7958.6978	3062.7056
23	8	7966.4546	3087.9792
23	9	7966.263	3093.6284
23	10	7953.4307	3087.8057
23	11	7953.9575	3090.518
23	12	7966.333	3099.1099
23	14	7953.3213	3107.152
23	15	8019.746	3073.802
23	16	8019.3613	3082.8555
23	17	7967.894	3121.766
23	18	7882.902	3058.0283
23	19	7882.7554	3061.723
23	20	7949.634	3134.6633
23	22	8017.5835	3060.984
23	29	7966.2744	3107.7466
24	1	7912.2295	3064.4758
24	2	7895.2837	3067.794
24	3	7977.7964	3067.0232
24	4	8014.267	3067.204
24	5	7945.0747	3066.2197
24	6	7935.8506	3059.5715
24	7	7956.629	3062.667
24	8	7966.4546	3087.9792
24	9	7966.263	3093.6284
24	10	7953.4307	3087.8057
24	11	7953.9575	3090.518
24	12	7966.333	3099.1099
24	14	7953.3213	3107.152
24	15	8019.746	3073.802
24	17	7967.894	3121.766
24	18	7880.6396	3057.978
24	19	7880.6514	3061.7063
24	22	8015.494	3060.9663
24	29	7966.2744	3107.7466
25	1	7910.133	3064.4807
25	2	7893.4067	3067.8892
25	3	7975.865	3067.0012
25	4	8012.0938	3067.1477
25	5	7943.1743	3066.1902
25	6	7933.7515	3059.535
25	7	7954.568	3062.63
25	8	7966.4546	3087.9792
25	9	7966.263	3093.6284
25	10	7953.4307	3087.8057
25	11	7953.9575	3090.518
25	12	7966.333	3099.1099
25	14	7953.3213	3107.152
25	17	7967.894	3121.766
25	18	7878.3936	3057.9514
25	19	7878.565	3061.6836
25	22	8013.3433	3060.9304
25	29	7966.2744	3107.7466
26	1	7908.0405	3064.4905
26	2	7891.5566	3067.9946
26	3	7973.9385	3066.9612
26	4	8010.0415	3067.0981
26	5	7941.273	3066.163
26	6	7931.6953	3059.5056
26	7	7952.481	3062.593
26	8	7966.4546	3087.9792
26	9	7966.263	3093.6284
26	10	7953.4307	3087.8057
26	11	7953.9575	3090.518
26	12	7966.333	3099.1099
26	14	7953.3213	3107.152
26	17	7967.894	3121.766
26	18	7876.1533	3057.907
26	19	7876.4478	3061.6567
26	22	8011.184	3060.8977
26	29	7966.2744	3107.7466
27	1	7905.957	3064.4895
27	2	7889.753	3068.0754
27	3	7972.0063	3066.9326
27	4	8007.8613	3067.0413
27	5	7939.3657	3066.1362
27	6	7929.5815	3059.4668
27	7	7950.394	3062.5535
27	8	7966.4546	3087.9792
27	9	7966.263	3093.6284
27	10	7953.4307	3087.8057
27	11	7953.9575	3090.518
27	12	7966.333	3099.1099
27	14	7953.3213	3107.152
27	17	7967.894	3121.766
27	18	7873.865	3057.8838
27	19	7874.3545	3061.6262
27	22	8009.026	3060.8516
27	29	7966.2744	3107.7466
28	1	7903.8604	3064.4846
28	2	7887.9263	3068.1658
28	3	7970.068	3066.9001
28	4	8005.8135	3067.0088
28	5	7937.454	3066.1096
28	6	7927.508	3059.4272
28	7	7948.3154	3062.5264
28	8	7966.4546	3087.9792
28	9	7966.263	3093.6284
28	10	7953.4307	3087.8057
28	11	7953.9575	3090.518
28	12	7966.333	3099.1099
28	14	7953.3213	3107.152
28	18	7871.5996	3057.8499
28	19	7872.2603	3061.601
28	22	8006.894	3060.8066
29	1	7901.7793	3064.488
29	2	7886.1353	3068.2722
29	3	7968.102	3066.874
29	4	8003.6787	3066.959
29	5	7935.5366	3066.082
29	6	7925.4116	3059.3865
29	7	7946.224	3062.4944
29	8	7966.4546	3087.9792
29	9	7966.263	3093.6284
29	10	7953.4307	3087.8057
29	11	7953.9575	3090.518
29	12	7966.333	3099.1099
29	14	7953.3213	3107.152
29	17	7967.894	3121.766
29	18	7869.31	3057.8296
29	19	7870.1704	3061.5808
29	22	8004.81	3060.7976
30	1	7899.6475	3064.483
30	2	7884.38	3068.3584
30	3	7966.202	3066.8374
30	4	8001.611	3066.9463
30	5	7933.614	3066.0544
30	6	7923.3438	3059.3474
30	7	7944.1387	3062.4626
30	8	7966.4546	3087.9792
30	9	7966.263	3093.6284
30	10	7953.4307	3087.8057
30	11	7953.9575	3090.518
30	12	7966.333	3099.1099
30	14	7953.3213	3107.152
30	17	7967.894	3121.766
30	18	7867.006	3057.7837
30	19	7868.0957	3061.5527
30	22	8002.649	3060.767
30	29	7966.2744	3107.7466
31	1	7897.5464	3064.4873
31	2	7882.6465	3068.4673
31	3	7964.25	3066.7969
31	4	7999.4697	3066.9133
31	5	7931.6855	3066.0264
31	6	7921.2495	3059.3057
31	7	7942.034	3062.431
31	8	7966.4546	3087.9792
31	9	7966.263	3093.6284
31	10	7953.4307	3087.8057
31	11	7953.9575	3090.518
31	12	7966.333	3099.1099
31	14	7953.3213	3107.152
31	17	7967.894	3121.766
31	18	7864.7324	3057.7266
31	19	7866.014	3061.531
31	22	8000.514	3060.715
31	29	7966.2744	3107.7466
32	1	7895.4224	3064.4902
32	2	7880.9272	3068.541
32	3	7962.333	3066.7737
32	4	7997.3174	3066.8752
32	5	7929.7505	3065.9973
32	6	7919.145	3059.2622
32	7	7939.9497	3062.4036
32	8	7966.4546	3087.9792
32	9	7966.263	3093.6284
32	10	7953.4307	3087.8057
32	11	7953.9575	3090.518
32	12	7966.333	3099.1099
32	14	7953.3213	3107.152
32	17	7967.894	3121.766
32	18	7862.4683	3057.6758
32	19	7863.916	3061.525
32	22	7998.4014	3060.6804
32	24	8007.6255	3063.3816
32	29	7966.2744	3107.7466
33	1	7893.289	3064.4895
33	2	7879.176	3068.6475
33	3	7960.4097	3066.7432
33	4	7995.197	3066.85
33	5	7927.8086	3065.9666
33	6	7917.0645	3059.2188
33	7	7937.8555	3062.388
33	8	7966.4546	3087.9792
33	9	7966.263	3093.6284
33	10	7953.4307	3087.8057
33	11	7953.9575	3090.518
33	12	7966.333	3099.1099
33	17	7967.894	3121.766
33	18	7860.1846	3057.652
33	19	7861.809	3061.5002
33	22	7996.229	3060.6353
33	24	8005.4014	3063.4028
33	29	7966.2744	3107.7466
34	1	7891.171	3064.4927
34	2	7877.472	3068.7515
34	3	7958.469	3066.7156
34	4	7993.159	3066.815
34	5	7925.8623	3065.9346
34	6	7914.9756	3059.1814
34	7	7935.755	3062.3525
34	8	7966.4546	3087.9792
34	9	7966.263	3093.6284
34	10	7953.4307	3087.8057
34	11	7953.9575	3090.518
34	12	7966.333	3099.1099
34	14	7953.3213	3107.152
34	17	7967.894	3121.766
34	18	7857.8774	3057.6047
34	19	7859.735	3061.485
34	22	7994.094	3060.6243
34	24	8003.101	3063.3667
34	29	7966.2744	3107.7466
35	1	7889.038	3064.493
35	2	7875.8086	3068.854
35	3	7956.5376	3066.6843
35	4	7991.0854	3066.7776
35	5	7923.9106	3065.9016
35	6	7912.8794	3059.138
35	7	7933.65	3062.333
35	8	7966.4546	3087.9792
35	9	7966.263	3093.6284
35	10	7953.4307	3087.8057
35	11	7953.9575	3090.518
35	12	7966.333	3099.1099
35	17	7967.894	3121.766
35	18	7855.559	3057.5696
35	19	7857.622	3061.4548
35	22	7991.977	3060.568
35	24	8000.8125	3063.3142
35	29	7966.2744	3107.7466
36	1	7886.8867	3064.4927
36	2	7874.1797	3068.948
36	3	7954.6	3066.6475
36	4	7988.9053	3066.7368
36	5	7921.956	3065.8674
36	6	7910.822	3059.094
36	7	7931.544	3062.304
36	8	7966.4546	3087.9792
36	9	7966.263	3093.6284
36	10	7953.4307	3087.8057
36	11	7953.9575	3090.518
36	12	7966.333	3099.1099
36	17	7967.894	3121.766
36	18	7853.2627	3057.5378
36	19	7855.541	3061.433
36	22	7989.846	3060.544
36	24	7998.564	3063.2747
36	29	7966.2744	3107.7466
37	1	7884.73	3064.493
37	2	7872.5728	3069.031
37	3	7952.6733	3066.6125
37	4	7986.702	3066.7085
37	5	7919.997	3065.8337
37	6	7908.7	3059.047
37	7	7929.423	3062.285
37	8	7966.4546	3087.9792
37	9	7966.263	3093.6284
37	10	7953.4307	3087.8057
37	11	7953.9575	3090.518
37	12	7966.333	3099.1099
37	18	7850.972	3057.4792
37	19	7853.4346	3061.4146
37	22	7987.67	3060.4897
37	24	7996.309	3063.2664
37	25	7857.2656	3042.2517
37	29	7966.2744	3107.7466
38	1	7882.5903	3064.4983
38	2	7870.9585	3069.1245
38	3	7950.7397	3066.59
38	4	7984.5884	3066.6733
38	5	7918.035	3065.7993
38	6	7906.613	3059.0085
38	7	7927.302	3062.261
38	8	7966.4546	3087.9792
38	9	7966.263	3093.6284
38	10	7953.4307	3087.8057
38	11	7953.9575	3090.518
38	12	7966.333	3099.1099
38	18	7848.6313	3057.435
38	19	7851.3296	3061.3623
38	22	7985.5215	3060.4846
38	24	7994.035	3063.2424
38	25	7859.498	3042.242
38	29	7966.2744	3107.7466
39	1	7880.4424	3064.4963
39	2	7869.4136	3069.203
39	3	7948.8047	3066.5632
39	4	7982.534	3066.664
39	5	7916.0703	3065.764
39	6	7904.5337	3058.963
39	7	7925.167	3062.2393
39	8	7966.4546	3087.9792
39	9	7966.263	3093.6284
39	10	7953.4307	3087.8057
39	11	7953.9575	3090.518
39	12	7966.333	3099.1099
39	18	7846.3276	3057.38
39	19	7849.2246	3061.3428
39	22	7983.4	3060.4429
39	24	7991.784	3063.2202
39	25	7861.46	3042.2502
39	29	7966.2744	3107.7466
40	1	7878.2666	3064.4937
40	2	7867.8535	3069.277
40	3	7946.8574	3066.537
40	4	7980.4253	3066.645
40	5	7914.1035	3065.731
40	6	7902.4355	3058.9116
40	7	7923.0415	3062.2231
40	8	7966.4546	3087.9792
40	9	7966.263	3093.6284
40	10	7953.4307	3087.8057
40	11	7953.9575	3090.518
40	12	7966.333	3099.1099
40	18	7844.0166	3057.3308
40	19	7847.171	3061.3054
40	22	7981.2603	3060.4102
40	24	7989.52	3063.205
40	25	7863.341	3042.2778
40	29	7966.2744	3107.7466
41	1	7876.121	3064.4995
41	2	7866.314	3069.349
41	3	7944.964	3066.4885
41	4	7978.39	3066.6077
41	5	7912.136	3065.697
41	6	7900.3525	3058.8647
41	7	7920.906	3062.197
41	8	7966.4546	3087.9792
41	9	7966.263	3093.6284
41	10	7953.4307	3087.8057
41	11	7953.9575	3090.518
41	12	7966.333	3099.1099
41	18	7841.6777	3057.2878
41	19	7845.056	3061.2795
41	22	7979.1143	3060.38
41	24	7987.252	3063.1836
41	25	7865.1357	3042.3008
41	29	7966.2744	3107.7466
42	1	7873.9653	3064.4822
42	2	7864.8003	3069.4219
42	3	7943.0376	3066.4502
42	4	7976.342	3066.562
42	5	7910.169	3065.664
42	6	7898.2456	3058.8152
42	7	7918.7676	3062.1763
42	8	7966.4546	3087.9792
42	9	7966.263	3093.6284
42	10	7953.4307	3087.8057
42	11	7953.9575	3090.518
42	12	7966.333	3099.1099
42	18	7839.396	3057.2634
42	19	7843.006	3061.257
42	22	7976.9844	3060.3499
42	24	7984.9736	3063.1685
42	25	7867.1816	3042.2966
42	27	7856.587	3119.6797
43	1	7871.8535	3064.4727
43	2	7863.292	3069.4766
43	3	7941.0884	3066.4282
43	4	7974.235	3066.529
43	5	7908.2007	3065.632
43	6	7896.122	3058.762
43	7	7916.6206	3062.1416
43	8	7966.4546	3087.9792
43	9	7966.263	3093.6284
43	10	7953.4307	3087.8057
43	11	7953.9575	3090.518
43	12	7966.333	3099.1099
43	18	7837.0474	3057.2314
43	19	7840.8223	3061.2249
43	22	7974.841	3060.3105
43	24	7982.716	3063.1484
43	25	7869.0684	3042.3264
43	27	7856.587	3119.6797
43	29	7966.2744	3107.7466
44	1	7869.667	3064.4653
44	2	7861.8066	3069.53
44	3	7939.166	3066.4072
44	4	7972.179	3066.4807
44	5	7906.2314	3065.6028
44	6	7894.0557	3058.7075
44	7	7914.4775	3062.1094
44	8	7966.4546	3087.9792
44	9	7966.263	3093.6284
44	10	7953.4307	3087.8057
44	11	7953.9575	3090.518
44	18	7834.776	3057.185
44	19	7838.7812	3061.2026
44	22	7972.694	3060.266
44	24	7980.4473	3063.1213
44	25	7871.0293	3042.3323
44	27	7856.587	3119.6797
44	29	7966.2744	3107.7466
44	30	7853.816	3119.757
45	1	7867.4766	3064.4648
45	2	7860.345	3069.5815
45	3	7937.2373	3066.368
45	4	7970.0923	3066.4478
45	5	7904.2627	3065.575
45	6	7891.948	3058.66
45	7	7912.3315	3062.0793
45	8	7966.4546	3087.9792
45	9	7966.263	3093.6284
45	10	7953.4307	3087.8057
45	11	7953.9575	3090.518
45	12	7966.333	3099.1099
45	18	7832.4165	3057.1335
45	19	7836.6694	3061.1743
45	22	7970.5244	3060.2178
45	24	7978.1475	3063.101
45	25	7873.0493	3042.3665
45	26	7859.4985	3120.3362
45	27	7856.587	3119.6797
45	30	7853.816	3119.757
45	31	7850.986	3119.5718
46	1	7865.2856	3064.4543
46	2	7858.8965	3069.6143
46	3	7935.3076	3066.3489
46	4	7968.033	3066.4094
46	5	7902.2954	3065.5476
46	6	7889.8604	3058.6077
46	7	7910.173	3062.049
46	8	7966.4546	3087.9792
46	9	7966.263	3093.6284
46	10	7953.4307	3087.8057
46	11	7953.9575	3090.518
46	18	7830.0425	3057.0928
46	19	7834.557	3061.1416
46	22	7968.3765	3060.1748
46	24	7975.9023	3063.077
46	25	7874.9907	3042.377
46	26	7859.4985	3120.3362
46	27	7856.587	3119.6797
46	30	7853.816	3119.757
46	31	7850.986	3119.5718
47	1	7863.13	3064.442
47	2	7857.477	3069.6628
47	3	7933.357	3066.313
47	4	7965.9136	3066.382
47	5	7900.3296	3065.5212
47	6	7887.751	3058.5557
47	7	7908.016	3062.0159
47	8	7966.4546	3087.9792
47	9	7966.263	3093.6284
47	10	7953.4307	3087.8057
47	11	7953.9575	3090.518
47	18	7827.7515	3057.079
47	19	7832.495	3061.0981
47	22	7966.2266	3060.13
47	24	7973.6	3063.0645
47	25	7876.9165	3042.3813
47	26	7859.4985	3120.3362
47	27	7856.587	3119.6797
47	30	7853.816	3119.757
47	31	7850.986	3119.5718
48	1	7860.927	3064.42
48	2	7856.0796	3069.6897
48	3	7931.414	3066.2869
48	4	7963.9824	3066.3645
48	5	7898.364	3065.4946
48	6	7885.647	3058.5083
48	7	7905.8574	3061.971
48	12	7966.333	3099.1099
48	18	7825.408	3057.0742
48	19	7830.408	3061.0796
48	22	7964.098	3060.1038
48	24	7971.3823	3063.0498
48	25	7878.8677	3042.4058
48	26	7859.4985	3120.3362
48	27	7856.587	3119.6797
48	30	7853.816	3119.757
49	1	7858.7637	3064.403
49	2	7854.6787	3069.7236
49	3	7929.478	3066.2544
49	4	7961.901	3066.332
49	5	7896.399	3065.4695
49	6	7883.5337	3058.4602
49	7	7903.695	3061.9443
49	11	7953.9575	3090.518
49	18	7823.107	3057.056
49	19	7828.326	3061.019
49	22	7961.949	3060.0693
49	24	7969.085	3063.0264
49	25	7880.7446	3042.4492
49	26	7859.4985	3120.3362
49	27	7856.587	3119.6797
49	30	7853.816	3119.757
49	31	7850.986	3119.5718
50	1	7856.5825	3064.389
50	2	7853.3213	3069.7537
50	3	7927.55	3066.225
50	4	7959.779	3066.3037
50	5	7894.435	3065.4458
50	6	7881.438	3058.4126
50	7	7901.516	3061.9077
50	10	7953.4307	3087.8057
50	11	7953.9575	3090.518
50	18	7820.7812	3057.0315
50	19	7826.245	3060.9834
50	22	7959.7954	3060.0364
50	24	7966.793	3063.0098
50	25	7882.667	3042.4749
50	26	7859.4985	3120.3362
50	27	7856.587	3119.6797
50	30	7853.816	3119.757
50	31	7850.986	3119.5718
51	1	7854.401	3064.383
51	2	7851.9727	3069.7756
51	3	7925.5957	3066.1987
51	4	7957.793	3066.2827
51	5	7892.472	3065.4204
51	6	7879.3228	3058.3596
51	7	7899.3506	3061.8708
51	11	7953.9575	3090.518
51	18	7818.396	3056.9746
51	19	7824.1597	3060.947
51	22	7957.6333	3060.0115
51	24	7964.526	3062.9895
51	25	7884.5806	3042.4717
51	26	7859.4985	3120.3362
51	27	7856.587	3119.6797
51	30	7853.816	3119.757
51	31	7850.986	3119.5718
52	1	7852.1865	3064.3628
52	2	7850.6875	3069.7974
52	3	7923.636	3066.1643
52	4	7955.7705	3066.244
52	5	7890.51	3065.3945
52	6	7877.2393	3058.316
52	7	7897.1694	3061.8318
52	10	7953.4307	3087.8057
52	11	7953.9575	3090.518
52	18	7816.0576	3056.946
52	19	7822.0615	3060.911
52	22	7955.4893	3059.981
52	24	7962.2344	3062.9683
52	25	7886.5054	3042.485
52	26	7859.4985	3120.3362
52	27	7856.587	3119.6797
52	30	7853.816	3119.757
52	31	7850.986	3119.5718
53	1	7850.008	3064.3318
53	2	7849.416	3069.82
53	3	7921.6816	3066.139
53	4	7953.6616	3066.1802
53	5	7888.5483	3065.3672
53	6	7875.139	3058.2725
53	7	7894.99	3061.7935
53	10	7953.4307	3087.8057
53	11	7953.9575	3090.518
53	18	7813.748	3056.9187
53	19	7819.9985	3060.8733
53	22	7953.36	3059.9307
53	24	7959.9517	3062.9321
53	25	7888.335	3042.485
53	26	7859.4985	3120.3362
53	27	7856.587	3119.6797
53	30	7853.816	3119.757
53	31	7850.986	3119.5718
54	1	7847.7725	3064.3242
54	2	7848.1714	3069.8367
54	3	7919.715	3066.1174
54	4	7951.655	3066.1357
54	5	7886.5894	3065.3386
54	6	7873.035	3058.2312
54	7	7892.809	3061.7476
54	10	7953.4307	3087.8057
54	11	7953.9575	3090.518
54	18	7811.315	3056.9238
54	19	7817.9404	3060.8252
54	22	7951.2197	3059.8872
54	24	7957.668	3062.882
54	25	7890.2246	3042.5156
54	26	7859.4985	3120.3362
54	27	7856.587	3119.6797
54	30	7853.816	3119.757
54	31	7850.986	3119.5718
55	1	7845.576	3064.2925
55	2	7846.92	3069.8513
55	3	7917.763	3066.0942
55	4	7949.593	3066.096
55	5	7884.6323	3065.3088
55	6	7870.9316	3058.1863
55	7	7890.6426	3061.7068
55	10	7953.4307	3087.8057
55	11	7953.9575	3090.518
55	18	7808.956	3056.901
55	19	7815.863	3060.7793
55	22	7949.052	3059.8367
55	24	7955.3745	3062.8286
55	25	7892.0967	3042.5042
55	26	7859.4985	3120.3362
55	27	7856.587	3119.6797
55	30	7853.816	3119.757
55	31	7850.986	3119.5718
56	1	7843.3657	3064.2708
56	2	7845.736	3069.8557
56	3	7915.794	3066.0615
56	4	7947.421	3066.0647
56	5	7882.6772	3065.2783
56	6	7868.806	3058.1384
56	7	7888.44	3061.661
56	11	7953.9575	3090.518
56	18	7806.63	3056.8835
56	19	7813.8037	3060.7341
56	22	7946.899	3059.82
56	24	7953.095	3062.7783
56	25	7893.9736	3042.495
56	26	7859.4985	3120.3362
56	27	7856.587	3119.6797
56	30	7853.816	3119.757
56	31	7850.986	3119.5718
56	32	7876.2666	3133.7136
57	1	7841.1997	3064.249
57	2	7844.5757	3069.869
57	3	7913.83	3066.0396
57	4	7945.3438	3066.0376
57	5	7880.725	3065.2483
57	6	7866.7114	3058.099
57	7	7886.233	3061.6177
57	18	7804.244	3056.8804
57	19	7811.69	3060.7144
57	22	7944.744	3059.788
57	24	7950.79	3062.7642
57	25	7895.8433	3042.496
57	26	7859.4985	3120.3362
57	27	7856.587	3119.6797
57	28	7878.9614	3120.3042
57	30	7853.816	3119.757
57	31	7850.986	3119.5718
57	32	7876.2666	3133.7136
58	1	7838.9736	3064.2356
58	2	7843.4404	3069.877
58	3	7911.8647	3066.005
58	4	7943.2534	3066.006
58	5	7878.7764	3065.2166
58	6	7864.6196	3058.06
58	7	7883.999	3061.5845
58	19	7809.6245	3060.6746
58	22	7942.573	3059.7622
58	24	7948.469	3062.743
58	25	7897.6987	3042.509
58	26	7859.4985	3120.3362
58	27	7856.587	3119.6797
58	28	7878.9614	3120.3042
58	30	7853.816	3119.757
58	31	7850.986	3119.5718
58	32	7876.2666	3133.7136
58	33	7879.4736	3132.8472
59	1	7836.7144	3064.2146
59	2	7842.35	3069.885
59	3	7909.9175	3065.9878
59	4	7941.321	3066.0015
59	5	7876.8315	3065.1853
59	6	7862.518	3058.0244
59	7	7881.763	3061.5347
59	19	7807.5586	3060.6445
59	22	7940.4214	3059.7268
59	24	7946.185	3062.7131
59	25	7899.6323	3042.509
59	26	7859.4985	3120.3362
59	27	7856.587	3119.6797
59	28	7878.9614	3120.3042
59	30	7853.816	3119.757
59	31	7850.986	3119.5718
59	32	7876.2666	3133.7136
60	1	7834.4585	3064.1877
60	2	7841.278	3069.8906
60	3	7907.948	3065.9592
60	4	7939.2944	3065.9683
60	5	7874.888	3065.153
60	6	7860.394	3057.9834
60	7	7879.549	3061.508
60	19	7805.5127	3060.617
60	22	7938.261	3059.677
60	24	7943.902	3062.6677
60	25	7901.5254	3042.5142
60	26	7859.4985	3120.3362
60	27	7856.587	3119.6797
60	28	7878.9614	3120.3042
60	30	7853.816	3119.757
60	32	7876.2666	3133.7136
60	33	7879.4736	3132.8472
61	1	7832.2417	3064.1611
61	2	7840.2515	3069.8945
61	3	7905.9785	3065.9265
61	4	7937.209	3065.949
61	5	7872.9443	3065.1218
61	6	7858.2812	3057.947
61	7	7877.3447	3061.4673
61	19	7803.443	3060.5803
61	22	7936.096	3059.6316
61	24	7941.562	3062.6292
61	25	7903.391	3042.5076
61	26	7859.4985	3120.3362
61	27	7856.587	3119.6797
61	28	7878.9614	3120.3042
61	30	7853.816	3119.757
61	31	7850.986	3119.5718
61	32	7876.2666	3133.7136
61	33	7879.4736	3132.8472
62	1	7830.038	3064.1294
62	2	7839.2314	3069.896
62	3	7904.0244	3065.8992
62	4	7935.1685	3065.9333
62	5	7871.0015	3065.0906
62	6	7856.1724	3057.9116
62	7	7875.126	3061.4243
62	19	7801.3413	3060.5269
62	22	7933.9604	3059.591
62	24	7939.233	3062.6
62	25	7905.2188	3042.5186
62	26	7859.4985	3120.3362
62	27	7856.587	3119.6797
62	28	7878.9614	3120.3042
62	30	7853.816	3119.757
62	31	7850.986	3119.5718
62	32	7876.2666	3133.7136
62	33	7879.4736	3132.8472
63	1	7827.83	3064.1028
63	2	7838.262	3069.8867
63	3	7902.016	3065.885
63	4	7933.1445	3065.911
63	5	7869.062	3065.0603
63	6	7854.0728	3057.872
63	7	7872.924	3061.3877
63	19	7799.2456	3060.4797
63	22	7931.826	3059.563
63	24	7936.887	3062.564
63	25	7907.1514	3042.5193
63	26	7859.4985	3120.3362
63	27	7856.587	3119.6797
63	28	7878.9614	3120.3042
63	30	7853.816	3119.757
63	31	7850.986	3119.5718
63	32	7876.2666	3133.7136
63	33	7879.4736	3132.8472
64	1	7825.5835	3064.075
64	2	7837.3228	3069.8845
64	3	7900.0547	3065.8606
64	4	7931.2466	3065.8794
64	5	7867.1255	3065.029
64	6	7851.946	3057.8384
64	7	7870.67	3061.3457
64	19	7797.2227	3060.4734
64	22	7929.685	3059.5305
64	24	7934.5835	3062.5134
64	25	7909.0693	3042.5198
64	26	7859.4985	3120.3362
64	27	7856.587	3119.6797
64	28	7878.9614	3120.3042
64	30	7853.816	3119.757
64	31	7850.986	3119.5718
64	32	7876.2666	3133.7136
64	33	7879.4736	3132.8472
64	34	7884.7656	3120.7275
65	1	7823.341	3064.0447
65	2	7836.4053	3069.8828
65	3	7898.0747	3065.838
65	4	7929.0576	3065.825
65	5	7865.1904	3064.9968
65	6	7849.853	3057.8035
65	7	7868.4585	3061.3176
65	19	7795.141	3060.3997
65	22	7927.5415	3059.4954
65	24	7932.307	3062.4727
65	25	7910.972	3042.5176
65	26	7859.4985	3120.3362
65	27	7856.587	3119.6797
65	28	7878.9614	3120.3042
65	30	7853.816	3119.757
65	31	7850.986	3119.5718
65	32	7876.2666	3133.7136
65	33	7879.4736	3132.8472
65	34	7884.7656	3120.7275
66	1	7821.095	3064.0151
66	2	7835.5156	3069.8745
66	3	7896.1216	3065.814
66	4	7926.9585	3065.7788
66	5	7863.259	3064.9656
66	6	7847.726	3057.772
66	7	7866.202	3061.2776
66	19	7793.082	3060.3418
66	22	7925.387	3059.461
66	24	7929.977	3062.4478
66	25	7912.877	3042.5225
66	26	7859.4985	3120.3362
66	27	7856.587	3119.6797
66	28	7878.9614	3120.3042
66	30	7853.816	3119.757
66	32	7876.2666	3133.7136
66	33	7879.4736	3132.8472
66	34	7884.7656	3120.7275
67	1	7818.8833	3063.9941
67	2	7834.649	3069.881
67	3	7894.158	3065.7915
67	4	7924.9917	3065.732
67	5	7861.331	3064.9348
67	6	7845.621	3057.7354
67	7	7863.99	3061.2344
67	19	7790.9756	3060.3157
67	22	7923.233	3059.4397
67	24	7927.6523	3062.4258
67	25	7914.7715	3042.5425
67	26	7859.4985	3120.3362
67	27	7856.587	3119.6797
67	28	7878.9614	3120.3042
67	32	7876.2666	3133.7136
67	33	7879.4736	3132.8472
68	1	7816.654	3063.9604
68	2	7833.823	3069.8896
68	3	7892.187	3065.7725
68	4	7922.844	3065.699
68	5	7859.407	3064.9036
68	6	7843.518	3057.6997
68	7	7861.7354	3061.1987
68	19	7788.9224	3060.266
68	22	7921.065	3059.411
68	24	7925.2935	3062.3894
68	25	7916.601	3042.5479
68	26	7859.4985	3120.3362
68	27	7856.587	3119.6797
68	28	7878.9614	3120.3042
68	32	7876.2666	3133.7136
68	33	7879.4736	3132.8472
68	34	7884.7656	3120.7275
69	1	7814.4033	3063.925
69	2	7833.017	3069.9075
69	3	7890.2153	3065.7485
69	4	7920.835	3065.6868
69	5	7857.4883	3064.8713
69	6	7841.394	3057.662
69	7	7859.4917	3061.1782
69	19	7786.869	3060.1982
69	22	7918.918	3059.3787
69	24	7923.01	3062.3533
69	25	7918.5737	3042.508
69	26	7859.4985	3120.3362
69	27	7856.587	3119.6797
69	28	7878.9614	3120.3042
69	32	7876.2666	3133.7136
69	33	7879.4736	3132.8472
69	34	7884.7656	3120.7275
70	1	7812.1724	3063.8938
70	2	7832.2476	3069.932
70	3	7888.264	3065.7222
70	4	7918.7715	3065.6577
70	5	7855.575	3064.8362
70	6	7839.299	3057.6294
70	7	7857.2227	3061.1472
70	19	7784.7793	3060.1658
70	22	7916.7915	3059.3303
70	24	7920.7295	3062.331
70	25	7920.4326	3042.5037
70	26	7859.4985	3120.3362
70	27	7856.587	3119.6797
70	28	7878.9614	3120.3042
70	31	7850.986	3119.5718
70	32	7876.2666	3133.7136
70	33	7879.4736	3132.8472
70	34	7884.7656	3120.7275
71	1	7809.905	3063.8704
71	2	7831.5034	3069.966
71	3	7886.2896	3065.6892
71	4	7916.7227	3065.6445
71	5	7853.667	3064.802
71	6	7837.18	3057.5945
71	7	7854.925	3061.1167
71	19	7782.736	3060.1414
71	22	7914.626	3059.3064
71	24	7918.3896	3062.299
71	26	7859.4985	3120.3362
71	28	7878.9614	3120.3042
71	31	7850.986	3119.5718
71	32	7876.2666	3133.7136
71	33	7879.4736	3132.8472
71	34	7884.7656	3120.7275
72	1	7807.696	3063.8267
72	2	7830.796	3070.018
72	3	7884.3267	3065.6577
72	4	7914.789	3065.606
72	5	7851.7637	3064.7666
72	6	7835.075	3057.5605
72	7	7852.661	3061.1006
72	19	7780.6914	3060.0928
72	22	7912.4956	3059.2463
72	24	7916.084	3062.268
72	26	7859.4985	3120.3362
72	28	7878.9614	3120.3042
72	30	7853.816	3119.757
72	31	7850.986	3119.5718
72	32	7876.2666	3133.7136
72	33	7879.4736	3132.8472
72	34	7884.7656	3120.7275
73	1	7805.4316	3063.804
73	2	7830.0957	3070.08
73	3	7882.353	3065.6287
73	4	7912.8228	3065.5706
73	5	7849.8657	3064.7305
73	6	7832.9707	3057.5334
73	7	7850.359	3061.0723
73	19	7778.6206	3060.058
73	22	7910.3403	3059.2175
73	24	7913.7593	3062.223
73	26	7859.4985	3120.3362
73	28	7878.9614	3120.3042
73	32	7876.2666	3133.7136
73	33	7879.4736	3132.8472
73	34	7884.7656	3120.7275
74	1	7803.1743	3063.7756
74	2	7829.4077	3070.163
74	3	7880.394	3065.5935
74	4	7910.816	3065.533
74	5	7847.9727	3064.6943
74	6	7830.846	3057.4941
74	7	7848.0835	3061.063
74	19	7776.59	3060.012
74	22	7908.2163	3059.184
74	24	7911.4287	3062.1807
74	28	7878.9614	3120.3042
74	30	7853.816	3119.757
74	32	7876.2666	3133.7136
74	33	7879.4736	3132.8472
74	34	7884.7656	3120.7275
75	1	7800.914	3063.7422
75	2	7828.7485	3070.2605
75	3	7878.434	3065.557
75	4	7908.761	3065.4973
75	5	7846.086	3064.6584
75	6	7828.743	3057.459
75	7	7845.7944	3061.0522
75	19	7774.542	3059.9622
75	22	7906.0625	3059.1404
75	24	7909.106	3062.1365
75	28	7878.9614	3120.3042
75	32	7876.2666	3133.7136
75	33	7879.4736	3132.8472
75	34	7884.7656	3120.7275
76	1	7798.672	3063.7168
76	2	7828.1035	3070.3784
76	3	7876.468	3065.5227
76	4	7906.821	3065.4778
76	5	7844.205	3064.623
76	6	7826.6353	3057.4302
76	7	7843.5127	3061.0264
76	19	7772.466	3059.9163
76	22	7903.91	3059.095
76	24	7906.769	3062.0896
76	28	7878.9614	3120.3042
76	32	7876.2666	3133.7136
76	33	7879.4736	3132.8472
76	34	7884.7656	3120.7275
77	1	7796.425	3063.6812
77	2	7827.4834	3070.5132
77	3	7874.52	3065.4795
77	4	7904.8823	3065.4526
77	5	7842.3306	3064.5884
77	6	7824.5303	3057.3862
77	7	7841.249	3061.0093
77	19	7770.4443	3059.871
77	22	7901.749	3059.0527
77	24	7904.401	3062.0515
77	26	7859.4985	3120.3362
77	28	7878.9614	3120.3042
77	34	7884.7656	3120.7275
78	1	7794.229	3063.6528
78	2	7826.8926	3070.6765
78	3	7872.5557	3065.4443
78	4	7902.8228	3065.4478
78	5	7840.462	3064.5557
78	6	7822.4263	3057.3577
78	7	7838.944	3060.9824
78	19	7768.4224	3059.8186
78	22	7899.632	3059.034
78	24	7902.0615	3062.0044
78	28	7878.9614	3120.3042
78	34	7884.7656	3120.7275
79	1	7791.9995	3063.6213
79	2	7826.3022	3070.865
79	3	7870.5986	3065.399
79	4	7900.859	3065.4167
79	5	7838.599	3064.5232
79	6	7820.3145	3057.3188
79	7	7836.6685	3060.96
79	19	7766.3726	3059.7695
79	22	7897.492	3058.995
79	24	7899.6973	3061.9812
79	26	7859.4985	3120.3362
79	28	7878.9614	3120.3042
79	34	7884.7656	3120.7275
80	1	7789.7695	3063.585
80	2	7825.7256	3071.0825
80	3	7868.616	3065.3547
80	4	7898.983	3065.377
80	5	7836.7417	3064.4927
80	6	7818.1763	3057.2812
80	7	7834.3647	3060.9343
80	19	7764.3384	3059.73
80	22	7895.35	3058.969
80	24	7897.347	3061.9644
80	26	7859.4985	3120.3362
80	28	7878.9614	3120.3042
80	34	7884.7656	3120.7275
81	1	7787.5254	3063.556
81	2	7825.165	3071.3232
81	3	7866.6606	3065.3083
81	4	7897.011	3065.3464
81	5	7834.8906	3064.4644
81	6	7816.0566	3057.2476
81	7	7832.051	3060.9084
81	19	7762.3125	3059.6624
81	22	7893.194	3058.9353
81	24	7894.9927	3061.9272
81	28	7878.9614	3120.3042
81	34	7884.7656	3120.7275
82	1	7785.2515	3063.5234
82	2	7824.583	3071.6152
82	3	7864.722	3065.2627
82	4	7894.8633	3065.2886
82	5	7833.045	3064.438
82	6	7813.926	3057.2087
82	7	7829.72	3060.8706
82	19	7760.2524	3059.629
82	22	7891.062	3058.8936
82	24	7892.6777	3061.9004
82	28	7878.9614	3120.3042
83	1	7783.031	3063.494
83	2	7824.08	3071.9062
83	3	7862.8003	3065.2205
83	4	7893.0376	3065.2886
83	5	7831.2046	3064.4146
83	6	7811.8174	3057.1812
83	7	7827.4404	3060.8477
83	19	7758.256	3059.605
83	22	7888.9663	3058.8481
83	24	7890.298	3061.861
83	28	7878.9614	3120.3042
84	1	7780.777	3063.455
84	2	7823.5786	3072.2332
84	3	7860.864	3065.1863
84	4	7891.035	3065.2615
84	5	7829.371	3064.3916
84	6	7809.7207	3057.1492
84	7	7825.134	3060.8289
84	19	7756.242	3059.542
84	22	7886.8364	3058.818
84	24	7887.921	3061.824
84	28	7878.9614	3120.3042
84	35	7757.504	3090.1553
85	1	7778.5366	3063.4219
85	2	7823.085	3072.5984
85	3	7858.9272	3065.1516
85	4	7889.0283	3065.256
85	5	7827.544	3064.3716
85	6	7807.6045	3057.1162
85	7	7822.8413	3060.8066
85	19	7754.227	3059.5208
85	22	7884.661	3058.769
85	24	7885.57	3061.7722
85	28	7878.9614	3120.3042
85	35	7757.504	3090.1553
86	1	7776.3057	3063.3904
86	2	7822.6133	3072.9993
86	3	7856.9907	3065.0881
86	4	7887.0537	3065.2246
86	5	7825.7183	3064.353
86	6	7805.5073	3057.0803
86	7	7820.558	3060.7783
86	19	7752.2524	3059.4622
86	22	7882.515	3058.7214
86	24	7883.211	3061.7368
86	35	7757.504	3090.1553
87	1	7774.0874	3063.3508
87	2	7822.1865	3073.4084
87	3	7855.088	3065.048
87	4	7884.9946	3065.186
87	5	7823.895	3064.3374
87	6	7803.376	3057.0415
87	7	7818.233	3060.736
87	19	7750.244	3059.4102
87	22	7880.3765	3058.6816
87	24	7880.854	3061.6934
87	35	7757.504	3090.1553
88	1	7771.843	3063.3206
88	2	7821.795	3073.8406
88	3	7853.179	3065.0054
88	4	7882.994	3065.147
88	5	7822.0747	3064.3228
88	6	7801.2476	3056.9983
88	7	7815.957	3060.7156
88	19	7748.2344	3059.3674
88	22	7878.247	3058.647
88	24	7878.5093	3061.661
88	35	7757.504	3090.1553
89	1	7769.626	3063.2874
89	2	7821.427	3074.3027
89	3	7851.2637	3064.959
89	4	7880.906	3065.109
89	5	7820.259	3064.3096
89	6	7799.1406	3056.9585
89	7	7813.6353	3060.6782
89	19	7746.2114	3059.3025
89	22	7876.1035	3058.6003
89	24	7876.1587	3061.6123
89	35	7757.504	3090.1553
90	1	7767.397	3063.2532
90	2	7821.089	3074.78
90	3	7849.3477	3064.922
90	4	7879.0654	3065.0781
90	5	7818.446	3064.2969
90	6	7797.0103	3056.909
90	7	7811.3276	3060.6472
90	19	7744.238	3059.2585
90	22	7873.95	3058.562
90	24	7873.773	3061.5918
90	35	7757.504	3090.1553
90	36	7813.1	3114.924
