0	1	250.00732	11484.432
0	2	243.41942	11487.492
0	3	295.11218	11456.86
0	4	227.9456	11483.268
0	5	251.0247	11500.135
0	6	251.00894	11497.149
0	7	253.64845	11490.745
0	8	240.84125	11496.85
0	9	264.01004	11480.959
0	10	235.5434	11457.85
0	11	222.55432	11450.9
0	12	223.69443	11436.758
0	22	247.3465	11450.346
0	27	275.83832	11427.503
1	1	250.28014	11484.415
1	2	243.96927	11487.497
1	3	295.08	11457.843
1	4	228.9712	11483.263
1	5	251.02477	11500.135
1	6	251.00894	11497.149
1	7	253.64845	11490.745
1	8	240.84125	11496.85
1	9	264.4089	11480.593
1	10	235.5434	11457.85
1	11	222.55432	11450.9
1	12	223.69443	11436.758
1	22	247.34764	11450.367
2	1	250.56444	11484.408
2	2	244.49623	11487.495
2	3	295.036	11458.899
2	4	229.94897	11483.264
2	5	251.02483	11500.135
2	6	251.00894	11497.149
2	7	253.64845	11490.745
2	8	240.84125	11496.85
2	9	264.8002	11480.203
2	10	235.5434	11457.85
2	11	222.55432	11450.9
2	12	223.69443	11436.758
2	22	247.35686	11450.344
3	1	250.83124	11484.407
3	2	244.99208	11487.499
3	3	294.99414	11459.903
3	4	230.91428	11483.264
3	5	251.02486	11500.135
3	6	251.00894	11497.149
3	7	253.64845	11490.745
3	8	240.84125	11496.85
3	9	265.1892	11479.793
3	10	235.5434	11457.85
3	11	222.55432	11450.9
3	12	223.69443	11436.758
3	22	247.34763	11450.324
4	1	251.09386	11484.402
4	2	245.49318	11487.507
4	3	294.95294	11460.917
4	4	231.84773	11483.267
4	5	251.02486	11500.135
4	6	251.00894	11497.149
4	7	253.64845	11490.745
4	8	240.84125	11496.85
4	9	265.55832	11479.366
4	10	235.5434	11457.85
4	11	222.55432	11450.9
4	12	223.69443	11436.758
4	15	286.3871	11434.382
4	22	247.34625	11450.37
5	1	251.36371	11484.398
5	2	245.95927	11487.505
5	3	294.91107	11461.884
5	4	232.75659	11483.272
5	5	251.0247	11500.135
5	6	251.00894	11497.149
5	7	253.64845	11490.745
5	8	240.84125	11496.85
5	9	265.9083	11478.939
5	10	235.5434	11457.85
5	11	222.55432	11450.9
5	12	223.69443	11436.758
5	15	286.3439	11436.824
5	22	247.37367	11450.301
6	1	251.63431	11484.394
6	2	246.42035	11487.504
6	3	294.88174	11462.872
6	4	233.65912	11483.277
6	5	251.0246	11500.135
6	6	251.00894	11497.149
6	7	253.64845	11490.745
6	8	240.84125	11496.85
6	9	266.27225	11478.467
6	10	235.5434	11457.85
6	11	222.55432	11450.9
6	12	223.69443	11436.758
6	15	286.25812	11439.282
6	22	247.65335	11450.318
7	1	251.90033	11484.386
7	2	246.86104	11487.52
7	3	294.8356	11463.81
7	4	234.52162	11483.277
7	5	251.02464	11500.135
7	6	251.00894	11497.149
7	7	253.64845	11490.745
7	8	240.84125	11496.85
7	9	266.58533	11477.989
7	10	235.5434	11457.85
7	11	222.55432	11450.9
7	12	223.69443	11436.758
7	15	286.19098	11441.707
7	22	247.28934	11450.379
8	1	252.18172	11484.373
8	2	247.2987	11487.517
8	3	294.807	11464.724
8	4	235.3504	11483.28
8	5	251.02463	11500.135
8	6	251.00894	11497.149
8	7	253.64845	11490.745
8	8	240.84125	11496.85
8	9	266.92462	11477.445
8	10	235.5434	11457.85
8	11	222.55432	11450.9
8	12	223.69443	11436.758
8	15	286.0927	11444.109
9	1	252.44708	11484.355
9	2	247.72289	11487.522
9	3	294.77396	11465.594
9	4	236.16739	11483.284
9	5	251.02454	11500.135
9	6	251.00894	11497.149
9	7	253.64845	11490.745
9	8	240.84125	11496.85
9	9	267.21832	11476.877
9	10	235.5434	11457.85
9	11	222.55432	11450.9
9	12	223.69443	11436.758
9	13	243.72604	11574.803
9	22	247.52878	11450.322
10	1	252.73949	11484.344
10	2	248.1149	11487.529
10	3	294.7536	11466.454
10	4	236.9565	11483.293
10	5	251.0246	11500.135
10	6	251.00894	11497.149
10	7	253.64845	11490.745
10	8	240.84125	11496.85
10	9	267.5114	11476.283
10	10	235.5434	11457.85
10	11	222.55432	11450.9
10	12	223.69443	11436.758
10	13	243.60822	11574.661
11	1	252.99525	11484.323
11	2	248.49774	11487.535
11	3	294.73788	11467.345
11	4	237.72086	11483.297
11	5	251.02452	11500.135
11	6	251.00894	11497.149
11	7	253.64845	11490.745
11	8	240.84125	11496.85
11	9	267.75217	11475.694
11	10	235.5434	11457.85
11	11	222.55432	11450.9
11	12	223.69443	11436.758
11	13	243.47742	11574.576
11	22	247.68704	11450.38
11	24	182.59546	11477.611
12	1	253.26741	11484.315
12	2	248.87206	11487.536
12	3	294.72702	11468.145
12	4	238.47243	11483.305
12	5	251.02444	11500.135
12	6	251.00894	11497.149
12	7	253.64845	11490.745
12	8	240.84125	11496.85
12	9	268.00305	11475.072
12	10	235.5434	11457.85
12	11	222.55432	11450.9
12	12	223.69443	11436.758
12	13	243.31972	11574.507
12	15	285.57797	11453.787
12	24	182.70157	11477.616
13	1	253.52205	11484.304
13	2	249.23024	11487.54
13	3	294.72058	11469.005
13	4	239.20436	11483.314
13	5	251.02441	11500.135
13	6	251.00894	11497.149
13	7	253.64845	11490.745
13	8	240.84125	11496.85
13	9	268.238	11474.432
13	10	235.5434	11457.85
13	11	222.55432	11450.9
13	12	223.69443	11436.758
13	13	243.16042	11574.397
13	15	285.60815	11456.254
13	22	247.6922	11450.352
13	24	182.64194	11477.598
14	1	253.77458	11484.298
14	2	249.56917	11487.538
14	3	294.72668	11469.86
14	4	239.8955	11483.325
14	5	251.02454	11500.135
14	6	251.00894	11497.149
14	7	253.64845	11490.745
14	8	240.84125	11496.85
14	9	268.43973	11473.795
14	10	235.5434	11457.85
14	11	222.55432	11450.9
14	12	223.69443	11436.758
14	13	243.04768	11574.272
14	15	285.53665	11458.722
14	22	247.84998	11450.512
14	24	182.76538	11477.505
15	1	254.02747	11484.291
15	2	249.9266	11487.536
15	3	294.747	11470.653
15	4	240.57051	11483.328
15	5	251.0244	11500.135
15	6	251.00894	11497.149
15	7	253.64845	11490.745
15	8	240.84125	11496.85
15	9	268.6505	11473.117
15	10	235.5434	11457.85
15	11	222.55432	11450.9
15	12	223.69443	11436.758
15	13	242.91394	11574.162
15	15	285.4447	11461.12
15	24	182.6438	11477.475
16	1	254.28043	11484.286
16	2	250.2648	11487.535
16	3	294.73932	11471.499
16	4	241.22868	11483.339
16	5	251.02435	11500.135
16	6	251.00894	11497.149
16	7	253.64845	11490.745
16	8	240.84125	11496.85
16	9	268.84192	11472.401
16	10	235.5434	11457.85
16	11	222.55432	11450.9
16	12	223.69443	11436.758
16	13	242.77538	11574.061
16	15	285.3536	11463.498
16	22	248.3297	11450.07
17	1	254.52153	11484.276
17	2	250.59096	11487.543
17	3	294.7742	11472.262
17	4	241.8697	11483.345
17	5	251.02443	11500.135
17	6	251.00894	11497.149
17	7	253.64845	11490.745
17	8	240.84125	11496.85
17	9	269.0145	11471.692
17	10	235.5434	11457.85
17	11	222.55432	11450.9
17	12	223.69443	11436.758
17	13	242.63664	11573.953
17	15	285.25128	11465.944
17	17	288.82867	11457.459
18	1	254.76837	11484.274
18	2	250.86731	11487.542
18	3	294.82346	11473.038
18	4	242.49376	11483.351
18	5	251.02444	11500.135
18	6	251.00894	11497.149
18	7	253.64845	11490.745
18	8	240.84125	11496.85
18	9	269.18338	11470.946
18	10	235.5434	11457.85
18	11	222.55432	11450.9
18	12	223.69443	11436.758
18	13	242.49649	11573.859
18	15	285.16284	11468.366
18	17	288.75012	11459.764
19	1	255.00125	11484.267
19	2	251.14078	11487.549
19	3	294.89062	11473.814
19	4	243.09744	11483.357
19	5	251.02454	11500.135
19	6	251.00894	11497.149
19	7	253.64845	11490.745
19	8	240.84125	11496.85
19	9	269.3346	11470.196
19	10	235.5434	11457.85
19	11	222.55432	11450.9
19	12	223.69443	11436.758
19	15	285.07843	11470.775
19	17	288.67926	11462.093
20	1	255.2299	11484.26
20	2	251.3943	11487.546
20	3	294.95847	11474.52
20	4	243.6883	11483.365
20	5	251.02454	11500.135
20	6	251.00894	11497.149
20	7	253.64845	11490.745
20	8	240.84125	11496.85
20	9	269.47928	11469.419
20	10	235.5434	11457.85
20	11	222.55432	11450.9
20	12	223.69443	11436.758
20	15	284.99518	11473.18
20	17	288.61993	11464.315
21	1	255.44046	11484.249
21	2	251.63853	11487.554
21	3	295.0416	11475.2705
21	4	244.26826	11483.377
21	5	251.02454	11500.135
21	6	251.00894	11497.149
21	7	253.64845	11490.745
21	8	240.84125	11496.85
21	9	269.601	11468.65
21	10	235.5434	11457.85
21	11	222.55432	11450.9
21	12	223.69443	11436.758
21	15	284.9155	11475.587
21	17	288.53052	11466.552
22	1	255.66066	11484.234
22	2	251.86798	11487.556
22	3	295.13965	11476.036
22	4	244.8358	11483.388
22	5	251.02458	11500.135
22	6	251.00894	11497.149
22	7	253.64845	11490.745
22	8	240.84125	11496.85
22	9	269.71848	11467.862
22	10	235.5434	11457.85
22	11	222.55432	11450.9
22	12	223.69443	11436.758
22	15	284.82285	11478.005
22	16	247.31923	11450.39
22	17	288.46054	11468.809
23	1	255.8794	11484.225
23	2	252.09566	11487.546
23	3	295.23795	11476.754
23	4	245.38158	11483.395
23	5	251.02443	11500.134
23	6	251.00894	11497.149
23	7	253.64845	11490.745
23	8	240.84125	11496.85
23	9	269.8266	11467.035
23	10	235.5434	11457.85
23	11	222.55432	11450.9
23	12	223.69443	11436.758
23	15	284.74356	11480.423
23	16	247.27608	11450.407
23	17	288.3675	11471.048
24	1	256.10486	11484.214
24	2	252.31844	11487.539
24	4	245.8955	11483.408
24	5	251.02443	11500.135
24	6	251.00894	11497.149
24	7	253.64845	11490.745
24	8	240.84125	11496.85
24	9	269.92993	11466.192
24	10	235.5434	11457.85
24	11	222.55432	11450.9
24	12	223.69443	11436.758
24	15	284.67435	11482.81
24	16	247.2438	11450.435
24	17	288.28784	11473.33
25	1	256.3264	11484.203
25	2	252.49571	11487.535
25	3	295.52365	11478.05
25	4	246.39282	11483.411
25	5	251.0246	11500.135
25	6	251.00894	11497.149
25	7	253.64845	11490.745
25	8	240.84125	11496.85
25	9	270.01584	11465.352
25	10	235.5434	11457.85
25	11	222.55432	11450.9
25	12	223.69443	11436.758
25	15	284.59677	11485.201
25	17	288.23856	11475.609
25	23	239.93002	11439.786
26	1	256.52698	11484.19
26	2	252.64917	11487.538
26	3	295.6861	11478.766
26	4	246.84808	11483.426
26	5	251.02463	11500.135
26	6	251.00894	11497.149
26	7	253.64845	11490.745
26	8	240.84125	11496.85
26	9	270.1059	11464.496
26	10	235.5434	11457.85
26	11	222.55432	11450.9
26	12	223.69443	11436.758
26	15	284.52386	11487.585
26	16	247.29129	11450.366
26	17	288.1925	11477.849
26	23	239.92921	11439.86
27	1	256.7178	11484.172
27	2	252.80263	11487.539
27	3	295.87592	11479.408
27	4	247.28113	11483.43
27	5	251.02467	11500.135
27	6	251.00894	11497.149
27	7	253.64845	11490.745
27	8	240.84125	11496.85
27	9	270.1877	11463.623
27	10	235.5434	11457.85
27	11	222.55432	11450.9
27	12	223.69443	11436.758
27	15	284.44492	11490.003
27	17	288.13467	11480.134
27	23	239.97772	11439.819
28	1	256.93118	11484.153
28	2	252.93704	11487.534
28	3	296.09775	11480.03
28	4	247.67786	11483.431
28	5	251.0247	11500.135
28	6	251.00894	11497.149
28	7	253.64845	11490.745
28	8	240.84125	11496.85
28	9	270.2714	11462.731
28	10	235.5434	11457.85
28	11	222.55432	11450.9
28	12	223.69443	11436.758
28	15	284.3941	11492.388
28	16	247.2977	11450.371
28	17	288.07904	11482.344
28	23	239.96873	11439.759
29	1	257.1603	11484.134
29	2	253.04785	11487.537
29	3	296.2929	11480.52
29	4	248.04634	11483.442
29	5	251.0246	11500.135
29	6	251.00894	11497.149
29	7	253.64845	11490.745
29	8	240.84125	11496.85
29	9	270.34818	11461.83
29	10	235.5434	11457.85
29	11	222.55432	11450.9
29	12	223.69443	11436.758
29	15	284.33246	11494.753
29	16	247.67282	11450.36
29	17	288.0261	11484.597
29	23	239.95827	11439.749
30	1	257.39392	11484.109
30	2	253.1443	11487.534
30	3	296.58582	11481.107
30	4	248.3611	11483.447
30	5	251.0246	11500.135
30	6	251.00894	11497.149
30	7	253.64845	11490.745
30	8	240.84125	11496.85
30	9	270.43423	11460.918
30	10	235.5434	11457.85
30	11	222.55432	11450.9
30	12	223.69443	11436.758
30	15	284.2861	11497.133
30	16	247.29521	11450.3545
30	17	287.96527	11486.858
31	1	257.6401	11484.08
31	2	253.2249	11487.537
31	3	296.84503	11481.6
31	4	248.65193	11483.448
31	5	251.02466	11500.135
31	6	251.00894	11497.149
31	7	253.64845	11490.745
31	8	240.84125	11496.85
31	9	270.51794	11459.977
31	10	235.5434	11457.85
31	11	222.55432	11450.9
31	12	223.69443	11436.758
31	15	284.22754	11499.519
31	16	247.25381	11450.381
31	17	287.92096	11489.137
32	1	257.89905	11484.049
32	2	253.28647	11487.534
32	3	297.17914	11482.211
32	4	248.91487	11483.456
32	5	251.02472	11500.135
32	6	251.00894	11497.149
32	7	253.64845	11490.745
32	8	240.84125	11496.85
32	9	270.60226	11459.057
32	10	235.5434	11457.85
32	11	222.55432	11450.9
32	12	223.69443	11436.758
32	14	325.6366	11515.02
32	15	284.16232	11501.885
32	16	247.31622	11450.378
32	17	287.8913	11491.39
33	1	258.17447	11484.007
33	2	253.3491	11487.534
33	3	297.4909	11482.787
33	4	249.14001	11483.459
33	5	251.02481	11500.135
33	6	251.00894	11497.149
33	7	253.64845	11490.745
33	8	240.84125	11496.85
33	9	270.68192	11458.09
33	10	235.5434	11457.85
33	11	222.55432	11450.9
33	12	223.69443	11436.758
33	14	324.64178	11515.001
33	15	284.12225	11504.277
33	16	247.28131	11450.38
33	17	287.85495	11493.638
33	23	239.94633	11439.769
34	1	258.45282	11483.961
34	2	253.39609	11487.535
34	3	297.82166	11483.357
34	4	249.32994	11483.459
34	5	251.0247	11500.135
34	6	251.00894	11497.149
34	7	253.64845	11490.745
34	8	240.84125	11496.85
34	9	270.76233	11457.099
34	10	235.5434	11457.85
34	11	222.55432	11450.9
34	12	223.69443	11436.758
34	15	284.08084	11506.646
34	16	247.29538	11450.389
34	17	287.82904	11495.871
35	1	258.73163	11483.902
35	2	253.42473	11487.538
35	3	298.19156	11483.929
35	4	249.49265	11483.462
35	5	251.02461	11500.135
35	6	251.00894	11497.149
35	7	253.64845	11490.745
35	8	240.84125	11496.85
35	9	270.8525	11456.155
35	10	235.5434	11457.85
35	11	222.55432	11450.9
35	12	223.69443	11436.758
35	14	322.68036	11514.935
35	15	284.04434	11509.031
35	16	247.318	11450.38
35	17	287.80597	11498.1045
36	1	259.03387	11483.84
36	2	253.46805	11487.539
36	3	298.55334	11484.424
36	4	249.6455	11483.465
36	5	251.0246	11500.135
36	6	251.00894	11497.149
36	7	253.64845	11490.745
36	8	240.84125	11496.85
36	9	270.92944	11455.165
36	10	235.5434	11457.85
36	11	222.55432	11450.9
36	12	223.69443	11436.758
36	14	321.33487	11514.91
36	15	284.0124	11511.379
36	16	247.34502	11450.378
36	17	287.76587	11500.361
37	1	259.33743	11483.762
37	2	253.48547	11487.536
37	3	298.9408	11484.909
37	4	249.79388	11483.47
37	5	251.02461	11500.135
37	6	251.00894	11497.149
37	7	253.64845	11490.745
37	8	240.84125	11496.85
37	9	271.0154	11454.141
37	10	235.5434	11457.85
37	11	222.55432	11450.9
37	12	223.69443	11436.758
37	14	320.28073	11514.905
37	15	283.9825	11513.78
37	16	247.3328	11450.386
37	17	287.74698	11502.611
38	1	259.6521	11483.677
38	2	253.50792	11487.533
38	3	299.3486	11485.38
38	4	249.93675	11483.472
38	5	251.02458	11500.135
38	6	251.00894	11497.149
38	7	253.64845	11490.745
38	8	240.84125	11496.85
38	9	271.09073	11453.119
38	10	235.5434	11457.85
38	11	222.55432	11450.9
38	12	223.69443	11436.758
38	14	319.3951	11514.922
38	15	283.98273	11516.158
38	16	247.32263	11450.36
38	17	287.7226	11504.822
39	1	259.99115	11483.578
39	2	253.51744	11487.535
39	3	299.786	11485.875
39	4	250.10458	11483.473
39	5	251.02455	11500.135
39	6	251.00894	11497.149
39	7	253.64845	11490.745
39	8	240.84125	11496.85
39	9	271.17593	11452.106
39	10	235.5434	11457.85
39	11	222.55432	11450.9
39	12	223.69443	11436.758
39	15	283.98758	11518.536
39	16	247.31978	11450.378
39	17	287.69293	11507.089
40	1	260.33493	11483.469
40	2	253.54265	11487.534
40	3	300.23444	11486.316
40	4	250.2916	11483.477
40	5	251.02452	11500.135
40	6	251.00894	11497.149
40	7	253.64845	11490.745
40	8	240.84125	11496.85
40	9	271.26706	11451.043
40	10	235.5434	11457.85
40	11	222.55432	11450.9
40	12	223.69443	11436.758
40	15	283.9889	11520.917
40	16	247.30779	11450.376
40	17	287.68408	11509.303
41	1	260.69046	11483.342
41	2	253.548	11487.53
41	3	300.69998	11486.742
41	4	250.45268	11483.475
41	5	251.02461	11500.135
41	6	251.00894	11497.149
41	7	253.64845	11490.745
41	8	240.84125	11496.85
41	9	271.34464	11450.022
41	10	235.5434	11457.85
41	11	222.55432	11450.9
41	12	223.69443	11436.758
41	14	316.51367	11514.896
41	15	283.99026	11523.294
41	16	247.29657	11450.397
41	17	287.67343	11511.598
42	1	261.052	11483.198
42	2	253.5505	11487.532
42	3	301.18988	11487.166
42	4	250.61807	11483.48
42	5	251.02461	11500.135
42	6	251.00894	11497.149
42	7	253.64845	11490.745
42	8	240.84125	11496.85
42	9	271.4257	11448.994
42	10	235.5434	11457.85
42	11	222.55432	11450.9
42	12	223.69443	11436.758
42	14	315.60703	11514.906
42	15	283.99896	11525.692
42	16	247.31581	11450.3955
42	17	287.65952	11513.856
43	1	261.4078	11483.038
43	2	253.5506	11487.53
43	3	301.67117	11487.562
43	4	250.81151	11483.4795
43	5	251.02458	11500.135
43	6	251.00894	11497.149
43	7	253.64845	11490.745
43	8	240.84125	11496.85
43	9	271.51105	11447.945
43	10	235.5434	11457.85
43	11	222.55432	11450.9
43	12	223.69443	11436.758
43	14	314.67743	11514.902
43	15	284.00784	11528.064
43	16	247.31125	11450.383
43	17	287.65933	11516.133
44	1	261.76187	11482.86
44	2	253.55522	11487.524
44	3	302.16412	11487.92
44	4	250.98009	11483.486
44	5	251.02452	11500.135
44	6	251.00894	11497.149
44	7	253.64845	11490.745
44	8	240.84125	11496.85
44	9	271.59512	11446.808
44	10	235.5434	11457.85
44	11	222.55432	11450.9
44	12	223.69443	11436.758
44	14	313.7829	11514.925
44	15	284.03122	11530.454
44	16	247.34691	11450.39
44	17	287.66055	11518.389
45	1	262.12698	11482.658
45	2	253.55197	11487.522
45	3	302.67072	11488.263
45	4	251.17503	11483.487
45	5	251.02458	11500.135
45	6	251.00894	11497.149
45	7	253.64845	11490.745
45	8	240.84125	11496.85
45	9	271.68216	11445.728
45	10	235.5434	11457.85
45	11	222.55432	11450.9
45	12	223.69443	11436.758
45	14	312.916	11514.937
45	15	284.04755	11532.87
45	16	247.34975	11450.355
45	17	287.6666	11520.661
46	1	262.49112	11482.441
46	2	253.56331	11487.521
46	3	303.20462	11488.591
46	4	251.35808	11483.48
46	5	251.02469	11500.135
46	6	251.00894	11497.149
46	7	253.64845	11490.745
46	8	240.84125	11496.85
46	9	271.77747	11444.643
46	10	235.5434	11457.85
46	11	222.55432	11450.9
46	12	223.69443	11436.758
46	14	312.07114	11514.9375
46	15	284.07837	11535.226
46	16	247.37474	11450.391
46	17	287.69165	11522.95
47	1	262.8526	11482.2
47	2	253.57613	11487.52
47	3	303.68155	11488.874
47	4	251.5878	11483.48
47	5	251.02461	11500.135
47	6	251.00894	11497.149
47	7	253.64845	11490.745
47	8	240.84125	11496.85
47	9	271.8743	11443.486
47	10	235.5434	11457.85
47	11	222.55432	11450.9
47	12	223.69443	11436.758
47	14	311.2567	11514.964
47	15	284.08047	11537.606
47	16	247.32918	11450.406
47	17	287.7094	11525.2295
47	19	280.07504	11431.465
48	1	263.2207	11481.9375
48	2	253.58676	11487.519
48	3	304.2199	11489.163
48	4	251.81102	11483.477
48	5	251.0245	11500.135
48	6	251.00894	11497.149
48	7	253.64845	11490.745
48	8	240.84125	11496.85
48	9	271.9522	11442.34
48	10	235.5434	11457.85
48	11	222.55432	11450.9
48	12	223.69443	11436.758
48	14	310.4694	11514.978
48	15	284.10577	11540.008
48	16	247.58807	11450.428
48	17	287.72107	11527.497
49	1	263.5881	11481.651
49	2	253.59505	11487.522
49	3	304.77985	11489.423
49	4	252.06487	11483.481
49	5	251.0244	11500.135
49	6	251.00894	11497.149
49	7	253.64845	11490.745
49	8	240.84125	11496.85
49	9	272.05124	11441.21
49	10	235.5434	11457.85
49	11	222.55432	11450.9
49	12	223.69443	11436.758
49	14	309.73657	11514.985
49	15	284.1671	11542.429
49	16	247.34023	11450.38
49	17	287.7317	11529.811
50	1	263.94977	11481.338
50	2	253.59695	11487.5205
50	3	305.3577	11489.683
50	4	252.33768	11483.486
50	5	251.02443	11500.135
50	6	251.00894	11497.149
50	7	253.64845	11490.745
50	8	240.84125	11496.85
50	9	272.15524	11440.043
50	10	235.5434	11457.85
50	11	222.55432	11450.9
50	12	223.69443	11436.758
50	14	309.02747	11515.006
50	15	284.21838	11544.791
50	17	287.75568	11532.121
50	19	279.87454	11433.354
51	1	264.31595	11480.993
51	2	253.60487	11487.521
51	3	305.92044	11489.915
51	4	252.64178	11483.489
51	5	251.02437	11500.135
51	6	251.00894	11497.149
51	7	253.64845	11490.745
51	8	240.84125	11496.85
51	9	272.26172	11438.877
51	10	235.5434	11457.85
51	11	222.55432	11450.9
51	12	223.69443	11436.758
51	14	308.2656	11515.028
51	15	284.3024	11547.16
51	16	247.64694	11450.325
51	17	287.7895	11534.384
51	19	279.78165	11433.976
52	1	264.66687	11480.64
52	2	253.5945	11487.522
52	3	306.54065	11490.146
52	4	252.91223	11483.49
52	5	251.02429	11500.135
52	6	251.00894	11497.149
52	7	253.64845	11490.745
52	8	240.84125	11496.85
52	9	272.4067	11437.672
52	10	235.5434	11457.85
52	11	222.55432	11450.9
52	12	223.69443	11436.758
52	14	307.59943	11515.057
52	15	284.37738	11549.58
52	17	287.8162	11536.603
52	18	289.39267	11436.397
52	19	279.71664	11434.57
53	1	265.01825	11480.238
53	2	253.58812	11487.523
53	3	307.12286	11490.306
53	4	253.2018	11483.483
53	5	251.02434	11500.135
53	6	251.00894	11497.149
53	7	253.64845	11490.745
53	8	240.84125	11496.85
53	9	272.59314	11436.511
53	10	235.5434	11457.85
53	11	222.55432	11450.9
53	12	223.69443	11436.758
53	14	306.95132	11515.072
53	15	284.4552	11551.981
53	17	287.8496	11538.903
53	18	289.32477	11438.565
53	19	279.66183	11435.093
54	1	265.35782	11479.835
54	2	253.59285	11487.522
54	3	307.7233	11490.497
54	4	253.4988	11483.486
54	5	251.02443	11500.135
54	6	251.00894	11497.149
54	7	253.64845	11490.745
54	8	240.84125	11496.85
54	9	272.7998	11435.289
54	10	235.5434	11457.85
54	11	222.55432	11450.9
54	12	223.69443	11436.758
54	14	306.3363	11515.101
54	15	284.54767	11554.397
54	17	287.8815	11541.163
54	18	289.23233	11440.928
54	19	279.574	11435.541
55	1	265.68723	11479.403
55	2	253.59465	11487.521
55	3	308.3276	11490.654
55	4	253.81	11483.482
55	5	251.0245	11500.135
55	6	251.00894	11497.149
55	7	253.64845	11490.745
55	8	240.84125	11496.85
55	10	235.5434	11457.85
55	11	222.55432	11450.9
55	12	223.69443	11436.758
55	14	305.7293	11515.117
55	15	284.6486	11556.814
55	16	247.30037	11450.374
55	17	287.9159	11543.446
55	18	289.13138	11443.295
55	19	279.5165	11435.953
56	1	266.01593	11478.936
56	2	253.60204	11487.519
56	3	308.96643	11490.79
56	4	254.13066	11483.4795
56	5	251.02455	11500.135
56	6	251.00894	11497.149
56	7	253.64845	11490.745
56	8	240.84125	11496.85
56	10	235.5434	11457.85
56	11	222.55432	11450.9
56	12	223.69443	11436.758
56	14	305.19443	11515.147
56	15	284.76712	11559.229
56	17	287.97586	11545.654
56	18	289.03827	11445.593
56	19	279.5012	11436.536
57	1	266.3362	11478.427
57	2	253.59732	11487.511
57	3	309.5869	11490.902
57	4	254.50583	11483.473
57	5	251.0246	11500.135
57	6	251.00894	11497.149
57	7	253.64845	11490.745
57	8	240.84125	11496.85
57	10	235.5434	11457.85
57	11	222.55432	11450.9
57	12	223.69443	11436.758
57	14	304.68182	11515.172
57	15	284.88513	11561.613
57	16	247.30212	11450.375
57	17	288.04752	11547.925
57	18	288.9636	11447.872
57	19	279.41916	11436.822
58	1	266.6312	11477.905
58	2	253.59663	11487.512
58	3	310.26657	11491.017
58	4	254.85458	11483.462
58	5	251.02455	11500.135
58	6	251.00894	11497.149
58	7	253.64845	11490.745
58	8	240.84125	11496.85
58	10	235.5434	11457.85
58	11	222.55432	11450.9
58	12	223.69443	11436.758
58	14	304.1837	11515.203
58	15	284.97662	11564.059
58	16	247.28691	11450.353
58	17	288.12378	11550.098
58	18	288.86905	11450.208
58	19	279.41876	11437.161
58	20	286.1716	11432.352
59	1	266.92395	11477.349
59	2	253.5874	11487.512
59	3	310.96082	11491.109
59	4	255.20345	11483.452
59	5	251.02454	11500.135
59	6	251.00894	11497.149
59	7	253.64845	11490.745
59	8	240.84125	11496.85
59	10	235.5434	11457.85
59	11	222.55432	11450.9
59	12	223.69443	11436.758
59	14	303.70374	11515.231
59	15	285.07483	11566.399
59	16	247.58427	11450.351
59	17	288.24557	11552.356
59	18	288.785	11452.561
59	19	279.42477	11437.587
59	20	286.1726	11434.561
60	1	267.1925	11476.773
60	2	253.5846	11487.514
60	3	311.65	11491.212
60	4	255.59521	11483.44
60	5	251.02458	11500.135
60	6	251.00894	11497.149
60	7	253.64845	11490.745
60	8	240.84125	11496.85
60	10	235.5434	11457.85
60	11	222.55432	11450.9
60	12	223.69443	11436.758
60	14	303.3161	11515.259
60	15	285.15668	11568.85
60	17	288.33978	11554.552
60	18	288.69156	11454.941
60	19	279.37354	11437.982
60	20	286.08734	11436.883
61	1	267.45883	11476.162
61	2	253.59482	11487.509
61	3	312.3437	11491.283
61	4	255.94896	11483.42
61	5	251.02463	11500.135
61	6	251.00894	11497.149
61	7	253.64845	11490.745
61	8	240.84125	11496.85
61	10	235.5434	11457.85
61	11	222.55432	11450.9
61	12	223.69443	11436.758
61	14	302.91104	11515.278
61	16	247.33513	11450.373
61	17	288.4641	11556.879
61	18	288.60175	11457.263
61	19	279.41895	11438.329
61	20	286.00653	11439.095
62	1	267.71658	11475.513
62	2	253.5775	11487.514
62	3	313.02402	11491.329
62	4	256.3597	11483.393
62	5	251.02466	11500.135
62	6	251.00894	11497.149
62	7	253.64845	11490.745
62	8	240.84125	11496.85
62	10	235.5434	11457.85
62	11	222.55432	11450.9
62	12	223.69443	11436.758
62	14	302.56644	11515.308
62	16	248.34485	11450.424
62	17	288.57306	11559.148
62	18	288.5184	11459.631
62	19	279.33298	11438.7
62	20	285.911	11441.3955
62	21	307.5418	11502.338
63	1	267.93677	11474.877
63	2	253.57986	11487.513
63	3	313.71207	11491.351
63	4	256.77747	11483.35
63	5	251.02467	11500.135
63	6	251.00894	11497.149
63	7	253.64845	11490.745
63	8	240.84125	11496.85
63	10	235.5434	11457.85
63	11	222.55432	11450.9
63	12	223.69443	11436.758
63	14	302.21313	11515.331
63	17	288.73276	11561.368
63	18	288.43137	11462.0205
63	19	279.25082	11439.029
63	20	285.82858	11443.666
63	21	307.5418	11502.338
64	1	268.16907	11474.1875
64	2	253.57889	11487.515
64	3	314.39856	11491.375
64	4	257.1985	11483.305
64	5	251.0247	11500.135
64	6	251.00894	11497.149
64	7	253.64845	11490.745
64	8	240.84125	11496.85
64	10	235.5434	11457.85
64	11	222.55432	11450.9
64	12	223.69443	11436.758
64	14	301.8991	11515.351
64	16	247.37926	11450.359
64	17	288.89322	11563.703
64	18	288.3265	11464.328
64	19	279.23203	11439.314
64	20	285.74493	11445.865
64	21	307.5418	11502.338
65	1	268.38516	11473.4795
65	2	253.5803	11487.515
65	3	315.10895	11491.396
65	4	257.63293	11483.235
65	5	251.02467	11500.135
65	6	251.00894	11497.149
65	7	253.64845	11490.745
65	8	240.84125	11496.85
65	10	235.5434	11457.85
65	11	222.55432	11450.9
65	12	223.69443	11436.758
65	14	301.64307	11515.376
65	16	247.27399	11450.356
65	17	289.05545	11565.923
65	18	288.23895	11466.688
65	19	279.2208	11439.581
65	20	285.66418	11448.047
65	21	307.5418	11502.338
66	1	268.5897	11472.755
66	2	253.58061	11487.515
66	3	315.85306	11491.406
66	4	258.08896	11483.159
66	5	251.02458	11500.135
66	6	251.00894	11497.149
66	7	253.64845	11490.745
66	8	240.84125	11496.85
66	10	235.5434	11457.85
66	11	222.55432	11450.9
66	12	223.69443	11436.758
66	14	301.37924	11515.385
66	18	288.14816	11469.085
66	19	279.1782	11439.843
66	20	285.55414	11450.269
66	21	307.5418	11502.338
67	1	268.78604	11472.003
67	2	253.58334	11487.512
67	3	316.60278	11491.424
67	4	258.55243	11483.064
67	5	251.02464	11500.135
67	6	251.00894	11497.149
67	7	253.64845	11490.745
67	8	240.84125	11496.85
67	10	235.5434	11457.85
67	11	222.55432	11450.9
67	12	223.69443	11436.758
67	14	301.17377	11515.407
67	18	288.0593	11471.492
67	19	279.1461	11440.104
67	20	285.49036	11452.531
67	21	307.5418	11502.338
68	1	268.98184	11471.214
68	2	253.58707	11487.508
68	3	317.3385	11491.434
68	4	259.01944	11482.956
68	5	251.02458	11500.135
68	6	251.00894	11497.149
68	7	253.64845	11490.745
68	8	240.84125	11496.85
68	10	235.5434	11457.85
68	11	222.55432	11450.9
68	12	223.69443	11436.758
68	14	300.96005	11515.427
68	16	247.32011	11450.402
68	18	287.9521	11473.826
68	19	279.12134	11440.351
68	20	285.39832	11454.814
68	21	307.5418	11502.338
69	1	269.1547	11470.416
69	2	253.58203	11487.51
69	3	318.1044	11491.431
69	4	259.4865	11482.834
69	5	251.02457	11500.135
69	6	251.00894	11497.149
69	7	253.64845	11490.745
69	8	240.84125	11496.85
69	10	235.5434	11457.85
69	11	222.55432	11450.9
69	12	223.69443	11436.758
69	14	300.7615	11515.445
69	16	247.70341	11450.385
69	18	287.86212	11476.142
69	19	279.08853	11440.606
69	20	285.31595	11457.033
69	21	307.5418	11502.338
70	1	269.3421	11469.594
70	2	253.5817	11487.514
70	3	318.85757	11491.453
70	4	259.97046	11482.694
70	5	251.02446	11500.135
70	6	251.00894	11497.149
70	7	253.64845	11490.745
70	8	240.84125	11496.85
70	10	235.5434	11457.85
70	11	222.55432	11450.9
70	12	223.69443	11436.758
70	14	300.6347	11515.458
70	18	287.7895	11478.506
70	19	279.06564	11440.881
70	20	285.2394	11459.275
70	21	307.5418	11502.338
71	1	269.50394	11468.703
71	2	253.58815	11487.514
71	3	319.6121	11491.464
71	4	260.44916	11482.531
71	5	251.02444	11500.135
71	6	251.00894	11497.149
71	7	253.64845	11490.745
71	8	240.84125	11496.85
71	10	235.5434	11457.85
71	11	222.55432	11450.9
71	12	223.69443	11436.758
71	14	300.49536	11515.479
71	16	247.3137	11450.345
71	18	287.72714	11480.857
71	19	279.0411	11441.108
71	20	285.1686	11461.501
71	21	307.5418	11502.338
72	1	269.67432	11467.687
72	2	253.58034	11487.5205
72	3	320.40445	11491.486
72	4	260.93732	11482.34
72	5	251.02448	11500.135
72	6	251.00894	11497.149
72	7	253.64845	11490.745
72	8	240.84125	11496.85
72	10	235.5434	11457.85
72	11	222.55432	11450.9
72	12	223.69443	11436.758
72	14	300.40024	11515.491
72	16	247.64178	11450.242
72	18	287.67175	11483.197
72	19	279.02567	11441.324
72	20	285.09186	11463.754
72	21	307.5418	11502.338
73	1	269.8247	11466.898
73	2	253.59172	11487.516
73	3	321.19482	11491.507
73	4	261.4296	11482.134
73	5	251.02461	11500.135
73	6	251.00894	11497.149
73	7	253.64845	11490.745
73	8	240.84125	11496.85
73	10	235.5434	11457.85
73	11	222.55432	11450.9
73	12	223.69443	11436.758
73	14	300.33255	11515.503
73	18	287.62027	11485.49
73	19	279.01013	11441.528
73	20	285.0023	11465.9795
73	21	307.5418	11502.338
74	1	269.96698	11465.972
74	2	253.59132	11487.518
74	3	321.99664	11491.51
74	4	261.92325	11481.901
74	5	251.02458	11500.135
74	6	251.00894	11497.149
74	7	253.64845	11490.745
74	8	240.84125	11496.85
74	10	235.5434	11457.85
74	11	222.55432	11450.9
74	12	223.69443	11436.758
74	14	300.24667	11515.509
74	16	247.27655	11450.344
74	18	287.56512	11487.871
74	19	278.98572	11441.71
74	20	284.90598	11468.21
74	21	307.5418	11502.338
75	1	270.1148	11465.134
75	2	253.59273	11487.518
75	3	322.82608	11491.529
75	4	262.40585	11481.643
75	5	251.02455	11500.135
75	6	251.00894	11497.149
75	7	253.64845	11490.745
75	8	240.84125	11496.85
75	10	235.5434	11457.85
75	11	222.55432	11450.9
75	12	223.69443	11436.758
75	14	300.21982	11515.5205
75	16	247.2895	11450.359
75	18	287.52167	11490.215
75	19	278.96802	11441.891
75	20	284.8189	11470.446
75	21	307.5418	11502.338
76	1	270.24307	11464.236
76	2	253.5946	11487.519
76	3	323.64386	11491.538
76	4	262.9001	11481.349
76	5	251.02454	11500.135
76	6	251.00894	11497.149
76	7	253.64845	11490.745
76	8	240.84125	11496.85
76	10	235.5434	11457.85
76	11	222.55432	11450.9
76	12	223.69443	11436.758
76	14	300.1645	11515.5205
76	18	287.4675	11492.546
76	19	278.94675	11442.068
76	20	284.7359	11472.638
76	21	307.5418	11502.338
77	1	270.3585	11463.342
77	2	253.60286	11487.52
77	3	324.48523	11491.577
77	4	263.37433	11481.033
77	5	251.02449	11500.135
77	6	251.00894	11497.149
77	7	253.64845	11490.745
77	8	240.84125	11496.85
77	10	235.5434	11457.85
77	11	222.55432	11450.9
77	12	223.69443	11436.758
77	14	300.14844	11515.529
77	18	287.41718	11494.888
77	19	278.92474	11442.245
77	20	284.67233	11474.854
77	21	307.5418	11502.338
78	1	270.4811	11462.341
78	2	253.60066	11487.518
78	3	325.32907	11491.596
78	4	263.86676	11480.666
78	5	251.02434	11500.135
78	6	251.00894	11497.149
78	7	253.64845	11490.745
78	8	240.84125	11496.85
78	10	235.5434	11457.85
78	11	222.55432	11450.9
78	12	223.69443	11436.758
78	14	300.12808	11515.529
78	18	287.3732	11497.18
78	19	278.90518	11442.449
78	20	284.60504	11477.048
78	21	307.5418	11502.338
79	1	270.6067	11461.327
79	2	253.59258	11487.523
79	3	326.20755	11491.614
79	4	264.33636	11480.27
79	5	251.02434	11500.135
79	6	251.00894	11497.149
79	7	253.64845	11490.745
79	8	240.84125	11496.85
79	10	235.5434	11457.85
79	11	222.55432	11450.9
79	12	223.69443	11436.758
79	14	300.12	11515.527
79	16	247.31976	11450.399
79	18	287.33755	11499.529
79	20	284.54355	11479.268
79	21	307.5418	11502.338
80	1	270.72498	11460.264
80	2	253.58743	11487.519
80	3	327.08304	11491.639
80	4	264.7786	11479.852
80	5	251.02432	11500.135
80	6	251.00894	11497.149
80	7	253.64845	11490.745
80	8	240.84125	11496.85
80	10	235.5434	11457.85
80	11	222.55432	11450.9
80	12	223.69443	11436.758
80	14	300.12335	11515.524
80	16	247.59312	11450.405
80	18	287.30612	11501.837
80	20	284.47073	11481.476
81	1	270.84613	11459.189
81	2	253.59534	11487.52
81	4	265.22775	11479.384
81	5	251.02426	11500.135
81	6	251.00894	11497.149
81	7	253.64845	11490.745
81	8	240.84125	11496.85
81	10	235.5434	11457.85
81	11	222.55432	11450.9
81	12	223.69443	11436.758
81	14	300.1161	11515.522
81	18	287.26978	11504.13
81	20	284.4014	11483.697
81	21	307.5418	11502.338
82	1	270.96048	11458.075
82	2	253.5922	11487.52
82	4	265.64017	11478.903
82	5	251.02426	11500.135
82	6	251.00894	11497.149
82	7	253.64845	11490.745
82	8	240.84125	11496.85
82	10	235.5434	11457.85
82	11	222.55432	11450.9
82	12	223.69443	11436.758
82	14	300.11453	11515.522
82	16	247.34174	11450.453
82	18	287.2451	11506.453
82	20	284.33813	11485.893
82	21	307.5418	11502.338
83	1	271.06744	11456.958
83	2	253.59668	11487.524
83	4	266.0291	11478.39
83	5	251.02422	11500.135
83	6	251.00894	11497.149
83	7	253.64845	11490.745
83	8	240.84125	11496.85
83	10	235.5434	11457.85
83	11	222.55432	11450.9
83	12	223.69443	11436.758
83	14	300.1276	11515.521
83	18	287.21802	11508.768
83	19	278.8547	11442.938
83	20	284.27893	11488.098
83	21	307.5418	11502.338
84	1	271.16855	11455.812
84	2	253.5924	11487.523
84	4	266.39468	11477.829
84	5	251.02429	11500.135
84	6	251.00894	11497.149
84	7	253.64845	11490.745
84	8	240.84125	11496.85
84	10	235.5434	11457.85
84	11	222.55432	11450.9
84	12	223.69443	11436.758
84	18	287.19604	11511.049
84	19	278.86957	11442.964
84	20	284.22168	11490.311
84	21	307.5418	11502.338
85	1	271.2575	11454.664
85	2	253.59	11487.523
85	4	266.7603	11477.196
85	5	251.02423	11500.135
85	6	251.00894	11497.149
85	7	253.64845	11490.745
85	8	240.84125	11496.85
85	10	235.5434	11457.85
85	11	222.55432	11450.9
85	12	223.69443	11436.758
85	14	300.0924	11515.53
85	16	247.40689	11450.372
85	18	287.17572	11513.391
85	19	278.87482	11443.026
85	20	284.16824	11492.512
85	21	307.5418	11502.338
86	1	271.36917	11453.511
86	2	253.58492	11487.522
86	4	267.09225	11476.503
86	5	251.02412	11500.135
86	6	251.00894	11497.149
86	7	253.64845	11490.745
86	8	240.84125	11496.85
86	10	235.5434	11457.85
86	11	222.55432	11450.9
86	12	223.69443	11436.758
86	14	300.0958	11515.528
86	16	247.5291	11450.249
86	18	287.16837	11515.7
86	19	278.85773	11443.072
86	20	284.12384	11494.692
86	21	307.5418	11502.338
87	1	271.4608	11452.339
87	2	253.58694	11487.521
87	4	267.3643	11475.817
87	5	251.02415	11500.135
87	6	251.00894	11497.149
87	7	253.64845	11490.745
87	8	240.84125	11496.85
87	10	235.5434	11457.85
87	11	222.55432	11450.9
87	12	223.69443	11436.758
87	14	300.1005	11515.529
87	16	247.33188	11450.254
87	18	287.177	11518.021
87	19	278.85086	11443.111
87	20	284.07758	11496.889
87	25	327.08963	11508.899
87	26	307.53354	11502.335
88	1	271.55252	11451.083
88	2	253.58937	11487.526
88	4	267.6076	11475.09
88	5	251.02419	11500.135
88	6	251.00894	11497.149
88	7	253.64845	11490.745
88	8	240.84125	11496.85
88	10	235.5434	11457.85
88	11	222.55432	11450.9
88	12	223.69443	11436.758
88	14	300.10114	11515.53
88	16	247.33777	11450.413
88	18	287.1795	11520.347
88	19	278.84302	11443.161
88	20	284.04056	11499.076
88	25	326.15768	11508.929
88	26	307.53354	11502.335
89	1	271.62643	11449.892
89	2	253.5887	11487.526
89	4	267.83353	11474.329
89	5	251.02412	11500.135
89	6	251.00894	11497.149
89	7	253.64845	11490.745
89	8	240.84125	11496.85
89	10	235.5434	11457.85
89	11	222.55432	11450.9
89	12	223.69443	11436.758
89	14	300.10776	11515.526
89	16	247.29298	11450.363
89	18	287.18942	11522.666
89	19	278.84613	11443.168
89	20	283.99875	11501.27
89	25	325.23312	11508.898
90	1	271.7361	11448.642
90	2	253.59308	11487.523
90	4	268.03036	11473.528
90	5	251.02423	11500.135
90	6	251.00894	11497.149
90	7	253.64845	11490.745
90	8	240.84125	11496.85
90	10	235.5434	11457.85
90	11	222.55432	11450.9
90	12	223.69443	11436.758
90	14	300.0929	11515.529
90	16	247.24799	11450.41
90	18	287.20822	11524.979
90	19	278.84457	11443.179
90	20	283.9702	11503.446
90	25	324.363	11508.905
90	26	307.53354	11502.335
