0	1	968.8998	-2740.5764
0	2	975.79517	-2646.2378
0	3	969.3486	-2717.3657
0	4	975.5679	-2705.6445
0	5	956.1494	-2698.5435
0	6	981.8564	-2718.6648
0	7	982.2449	-2721.704
0	8	981.7049	-2727.3853
0	10	982.0457	-2660.9832
0	12	967.98645	-2659.4536
0	13	982.8754	-2651.3743
0	15	967.65076	-2647.731
0	16	970.9314	-2647.9148
0	19	979.2925	-2775.604
0	25	980.91583	-2779.56
0	26	964.2674	-2766.6418
1	1	968.9512	-2739.3535
1	2	975.79126	-2646.2437
1	3	969.3901	-2716.3318
1	4	975.5679	-2705.6445
1	5	956.1494	-2698.5435
1	6	981.8564	-2718.6648
1	7	982.2449	-2721.704
1	8	981.7049	-2727.3853
1	9	1008.8561	-2682.889
1	10	982.0457	-2660.9832
1	12	967.9619	-2659.0745
1	13	982.8754	-2651.3743
1	15	967.65466	-2647.737
1	16	970.9339	-2647.857
1	19	979.2925	-2775.604
1	25	980.9094	-2779.593
1	26	964.2639	-2768.029
2	1	968.9929	-2738.1326
2	2	975.79083	-2646.262
2	3	969.4325	-2715.3032
2	4	975.5679	-2705.6445
2	5	956.1494	-2698.5435
2	6	981.8564	-2718.6648
2	7	982.2449	-2721.704
2	8	981.7049	-2727.3853
2	9	1008.72614	-2682.8613
2	10	982.0457	-2660.9832
2	12	967.9572	-2658.7043
2	13	982.8754	-2651.3743
2	15	967.6703	-2647.7234
2	16	970.9382	-2647.7773
2	19	979.2925	-2775.604
2	25	980.79956	-2779.5408
2	26	964.2589	-2769.353
3	1	969.04193	-2736.8892
3	2	975.7863	-2646.2722
3	3	969.4762	-2714.2803
3	4	975.5679	-2705.6445
3	5	956.1494	-2698.5435
3	6	981.8564	-2718.6648
3	7	982.2449	-2721.704
3	8	981.7049	-2727.3853
3	10	982.0457	-2660.9832
3	12	967.9278	-2658.3623
3	13	982.8754	-2651.3743
3	15	967.66675	-2647.7231
3	16	970.95013	-2647.7388
3	19	979.2925	-2775.604
3	20	975.8861	-2637.4788
3	25	980.82825	-2779.5562
3	26	964.2547	-2770.7195
4	1	969.0836	-2735.6904
4	2	975.7966	-2646.254
4	3	969.517	-2713.2625
4	4	975.5679	-2705.6445
4	5	956.1494	-2698.5435
4	6	981.8564	-2718.6648
4	7	982.2449	-2721.704
4	8	981.7049	-2727.3853
4	9	1008.4075	-2682.8862
4	10	982.0457	-2660.9832
4	12	967.9158	-2658.0103
4	13	982.8754	-2651.3743
4	15	967.6653	-2647.7102
4	16	970.94635	-2647.701
4	19	979.2925	-2775.604
4	20	975.8861	-2637.4788
4	25	980.7444	-2779.568
4	26	964.2481	-2772.0474
5	1	969.1435	-2734.455
5	2	975.7967	-2646.2468
5	3	969.5584	-2712.2476
5	4	975.5679	-2705.6445
5	5	956.1494	-2698.5435
5	6	981.8564	-2718.6648
5	7	982.2449	-2721.704
5	8	981.7049	-2727.3853
5	10	982.0457	-2660.9832
5	11	1014.39435	-2683.493
5	12	967.9004	-2657.6973
5	13	982.8754	-2651.3743
5	15	967.6767	-2647.7114
5	16	970.95355	-2647.6682
5	17	926.16595	-2656.597
5	19	979.2925	-2775.604
5	20	975.8861	-2637.4788
5	25	980.81836	-2779.5654
5	26	964.2409	-2773.378
6	1	969.19666	-2733.2415
6	2	975.7984	-2646.2456
6	3	969.6015	-2711.238
6	4	975.5679	-2705.6445
6	5	956.1494	-2698.5435
6	6	981.8564	-2718.6648
6	7	982.2449	-2721.704
6	8	981.7049	-2727.3853
6	10	982.0457	-2660.9832
6	12	967.8967	-2657.3816
6	13	982.8754	-2651.3743
6	15	967.68353	-2647.6897
6	16	970.95593	-2647.6567
6	19	979.2925	-2775.604
6	20	975.8861	-2637.4788
6	21	939.97437	-2642.9229
6	23	946.6062	-2639.391
6	24	952.9473	-2637.4905
6	25	980.86194	-2779.5745
6	26	964.2385	-2774.7007
7	1	969.2504	-2732.0278
7	2	975.8001	-2646.2559
7	3	969.6421	-2710.2354
7	4	975.5679	-2705.6445
7	5	956.1494	-2698.5435
7	6	981.8564	-2718.6648
7	7	982.2449	-2721.704
7	8	981.7049	-2727.3853
7	9	1007.9829	-2682.857
7	10	982.0457	-2660.9832
7	11	1014.15436	-2683.4763
7	12	967.8828	-2657.0913
7	13	982.8754	-2651.3743
7	15	967.70337	-2647.6953
7	16	970.9566	-2647.64
7	17	926.2913	-2656.4092
7	19	979.2925	-2775.604
7	20	975.8861	-2637.4788
7	21	940.18286	-2642.7769
7	23	946.59186	-2639.4016
7	24	953.006	-2637.4712
7	25	980.8569	-2779.5544
7	26	964.2277	-2776.0427
8	1	969.3007	-2730.8257
8	2	975.8098	-2646.2532
8	3	969.6815	-2709.2368
8	4	975.5679	-2705.6445
8	5	956.1494	-2698.5435
8	6	981.8564	-2718.6648
8	7	982.2449	-2721.704
8	8	981.7049	-2727.3853
8	9	1007.82306	-2682.8503
8	10	982.0457	-2660.9832
8	11	1013.9589	-2683.4858
8	12	967.8814	-2656.824
8	13	982.8754	-2651.3743
8	15	967.71027	-2647.652
8	16	970.9611	-2647.6287
8	17	926.5147	-2656.1304
8	19	979.2925	-2775.604
8	20	975.8861	-2637.4788
8	21	940.1623	-2642.7869
8	23	946.5897	-2639.403
8	24	953.02496	-2637.4846
8	25	980.9627	-2779.5479
8	26	964.21844	-2777.3953
9	1	969.3533	-2729.606
9	2	975.81506	-2646.2573
9	3	969.7236	-2708.2422
9	4	975.5679	-2705.6445
9	5	956.1494	-2698.5435
9	6	981.8564	-2718.6648
9	7	982.2449	-2721.704
9	8	981.7049	-2727.3853
9	9	1007.6634	-2682.8567
9	10	982.0457	-2660.9832
9	11	1013.8389	-2683.458
9	12	967.87537	-2656.6016
9	13	982.8754	-2651.3743
9	15	967.72546	-2647.6833
9	16	970.96497	-2647.6392
9	17	926.58527	-2656.059
9	19	979.2925	-2775.604
9	20	975.8861	-2637.4788
9	21	940.1752	-2642.7903
9	23	946.58075	-2639.417
9	24	953.12164	-2637.4434
9	25	980.9029	-2779.526
9	26	964.20966	-2778.7747
10	1	969.4107	-2728.3665
10	2	975.8176	-2646.2688
10	3	969.7642	-2707.2524
10	4	975.5679	-2705.6445
10	5	956.1494	-2698.5435
10	6	981.8564	-2718.6648
10	7	982.2449	-2721.704
10	8	981.7049	-2727.3853
10	9	1007.52423	-2682.8477
10	10	982.0457	-2660.9832
10	11	1013.6588	-2683.4653
10	12	967.8522	-2656.3757
10	13	982.8754	-2651.3743
10	14	922.48206	-2671.2102
10	15	967.73285	-2647.6992
10	16	970.96515	-2647.632
10	17	926.8024	-2655.8267
10	18	934.18854	-2648.5554
10	19	979.2925	-2775.604
10	20	975.8861	-2637.4788
10	21	940.2263	-2642.7593
10	22	1037.5543	-2684.879
10	23	946.6078	-2639.4077
10	24	953.16266	-2637.4395
10	25	980.8973	-2779.4883
10	26	964.22144	-2780.132
11	1	969.4628	-2727.16
11	2	975.81836	-2646.255
11	3	969.80554	-2706.2695
11	4	975.5679	-2705.6445
11	5	956.1494	-2698.5435
11	6	981.8564	-2718.6648
11	7	982.2449	-2721.704
11	8	981.7049	-2727.3853
11	9	1007.3746	-2682.8242
11	10	982.0457	-2660.9832
11	11	1013.5137	-2683.449
11	12	967.8464	-2656.1243
11	13	982.8754	-2651.3743
11	14	922.48206	-2671.2102
11	15	967.73846	-2647.717
11	16	970.9651	-2647.6428
11	19	979.2925	-2775.604
11	20	975.8861	-2637.4788
11	21	940.2785	-2642.7336
11	22	1037.5543	-2684.879
11	23	946.59973	-2639.4092
11	24	953.24664	-2637.4204
11	25	980.8455	-2779.4834
11	26	964.2344	-2781.589
11	33	1013.77637	-2694.788
12	1	969.51764	-2725.96
12	2	975.8229	-2646.2751
12	3	969.84576	-2705.2947
12	4	975.5679	-2705.6445
12	5	956.1494	-2698.5435
12	6	981.8564	-2718.6648
12	7	982.2449	-2721.704
12	8	981.7049	-2727.3853
12	9	1007.2132	-2682.812
12	10	982.0457	-2660.9832
12	11	1013.316	-2683.4639
12	12	967.86127	-2655.9482
12	13	982.8754	-2651.3743
12	14	922.48206	-2671.2102
12	15	967.7562	-2647.6711
12	16	970.9707	-2647.6235
12	18	934.32196	-2648.589
12	19	979.2925	-2775.604
12	20	975.8861	-2637.4788
12	21	940.3196	-2642.7087
12	22	1037.5543	-2684.879
12	23	946.5848	-2639.4102
12	24	953.356	-2637.3923
12	25	980.69836	-2779.4836
12	26	964.24866	-2782.9458
12	33	1013.77637	-2694.788
13	1	969.58014	-2724.7344
13	2	975.8235	-2646.2754
13	3	969.8864	-2704.3245
13	4	975.5679	-2705.6445
13	5	956.1494	-2698.5435
13	6	981.8564	-2718.6648
13	7	982.2449	-2721.704
13	8	981.7049	-2727.3853
13	9	1007.07916	-2682.8137
13	10	982.0457	-2660.9832
13	11	1013.153	-2683.448
13	12	967.85583	-2655.763
13	13	982.8754	-2651.3743
13	14	922.48206	-2671.2102
13	15	967.762	-2647.6892
13	16	970.9755	-2647.635
13	17	927.1617	-2655.3682
13	18	934.49316	-2648.3599
13	19	979.2925	-2775.604
13	20	975.8861	-2637.4788
13	21	940.37396	-2642.67
13	22	1037.5543	-2684.879
13	23	946.6287	-2639.3909
13	24	953.45404	-2637.3704
13	33	1013.77637	-2694.788
14	1	969.64166	-2723.5725
14	2	975.827	-2646.2761
14	3	969.92664	-2703.3586
14	4	975.5679	-2705.6445
14	5	956.1494	-2698.5435
14	6	981.8564	-2718.6648
14	7	982.2449	-2721.704
14	8	981.7049	-2727.3853
14	9	1006.9071	-2682.819
14	10	982.0457	-2660.9832
14	11	1012.99634	-2683.378
14	12	967.8452	-2655.617
14	13	982.8754	-2651.3743
14	14	922.48206	-2671.2102
14	15	967.76324	-2647.637
14	16	970.9826	-2647.6274
14	17	927.4044	-2655.0608
14	18	934.50366	-2648.348
14	19	979.2925	-2775.604
14	20	975.8861	-2637.4788
14	21	940.4374	-2642.637
14	22	1037.5543	-2684.879
14	23	946.6663	-2639.3801
14	24	953.551	-2637.3474
14	27	982.71985	-2628.9036
14	29	950.4878	-2630.965
14	33	1013.77637	-2694.788
15	1	969.7002	-2722.3994
15	2	975.8318	-2646.268
15	3	969.9666	-2702.3975
15	4	975.5679	-2705.6445
15	5	956.1494	-2698.5435
15	6	981.8564	-2718.6648
15	7	982.2449	-2721.704
15	8	981.7049	-2727.3853
15	9	1006.7693	-2682.8083
15	10	982.0457	-2660.9832
15	11	1012.81134	-2683.402
15	12	967.83527	-2655.4731
15	13	982.8754	-2651.3743
15	14	922.48206	-2671.2102
15	15	967.7699	-2647.6345
15	16	970.98895	-2647.6003
15	17	927.5052	-2654.966
15	18	934.7258	-2648.1033
15	19	979.2925	-2775.604
15	20	975.8861	-2637.4788
15	21	940.469	-2642.6118
15	22	1037.5543	-2684.879
15	23	946.7069	-2639.3584
15	24	953.6389	-2637.3237
15	27	982.71985	-2628.9036
15	29	949.84045	-2631.1367
15	33	1013.77637	-2694.788
15	38	921.8419	-2655.0056
16	1	969.7666	-2721.1992
16	2	975.83563	-2646.2559
16	3	970.008	-2701.4421
16	4	975.5679	-2705.6445
16	5	956.1494	-2698.5435
16	6	981.8564	-2718.6648
16	7	982.2449	-2721.704
16	8	981.7049	-2727.3853
16	9	1006.59735	-2682.8018
16	10	982.0457	-2660.9832
16	11	1012.666	-2683.3765
16	12	967.83887	-2655.321
16	13	982.8754	-2651.3743
16	14	922.48206	-2671.2102
16	15	967.76794	-2647.6133
16	16	970.99133	-2647.6162
16	17	927.6747	-2654.7466
16	18	934.703	-2648.1096
16	19	979.2925	-2775.604
16	20	975.8861	-2637.4788
16	21	940.4908	-2642.6003
16	22	1037.5543	-2684.879
16	23	946.7245	-2639.3445
16	24	953.80316	-2637.2732
16	27	982.71985	-2628.9036
16	29	949.2283	-2631.3518
16	33	1013.77637	-2694.788
16	36	1019.09686	-2701.016
16	38	921.1737	-2655.9233
17	1	969.83325	-2720.0188
17	2	975.83704	-2646.2556
17	3	970.04736	-2700.4934
17	4	975.5679	-2705.6445
17	5	956.1494	-2698.5435
17	6	981.8564	-2718.6648
17	7	982.2449	-2721.704
17	8	981.7049	-2727.3853
17	9	1006.43396	-2682.8098
17	10	982.0457	-2660.9832
17	11	1012.50037	-2683.3826
17	12	967.831	-2655.2026
17	13	982.8754	-2651.3743
17	14	922.48206	-2671.2102
17	15	967.77124	-2647.617
17	16	970.9874	-2647.6006
17	17	927.821	-2654.5369
17	18	934.73	-2648.1523
17	19	979.2925	-2775.604
17	20	975.8861	-2637.4788
17	21	940.56116	-2642.5635
17	22	1037.5543	-2684.879
17	23	946.7684	-2639.3247
17	24	954.0687	-2637.2024
17	27	982.71985	-2628.9036
17	29	948.6364	-2631.5703
17	33	1013.77637	-2694.788
17	38	920.54254	-2656.7976
18	1	969.898	-2718.8381
18	2	975.83984	-2646.2725
18	3	970.08813	-2699.5505
18	4	975.5679	-2705.6445
18	5	956.1494	-2698.5435
18	6	981.8564	-2718.6648
18	7	982.2449	-2721.704
18	8	981.7049	-2727.3853
18	9	1006.2777	-2682.7986
18	10	982.0457	-2660.9832
18	11	1012.30664	-2683.3755
18	12	967.83093	-2655.0928
18	13	982.8754	-2651.3743
18	15	967.77515	-2647.5693
18	16	970.988	-2647.5981
18	17	927.94946	-2654.412
18	18	934.7563	-2648.0886
18	20	975.8861	-2637.4788
18	21	940.6041	-2642.533
18	22	1037.5543	-2684.879
18	23	946.80225	-2639.3203
18	24	954.2203	-2637.1614
18	27	982.71985	-2628.9036
18	29	948.1112	-2631.7952
18	33	1013.77637	-2694.788
18	36	1019.09686	-2701.016
18	38	919.92163	-2657.6978
19	1	969.96246	-2717.663
19	2	975.8364	-2646.2593
19	3	970.12915	-2698.6145
19	4	975.5679	-2705.6445
19	5	956.1494	-2698.5435
19	6	981.8564	-2718.6648
19	7	982.2449	-2721.704
19	8	981.7049	-2727.3853
19	9	1006.1326	-2682.8293
19	10	982.0457	-2660.9832
19	11	1012.1521	-2683.3818
19	12	967.83057	-2654.9922
19	13	982.8754	-2651.3743
19	15	967.7812	-2647.5513
19	16	970.98737	-2647.5781
19	17	928.13184	-2654.2112
19	18	934.8244	-2648.0408
19	20	975.8861	-2637.4788
19	21	940.6336	-2642.5264
19	22	1037.5543	-2684.879
19	23	946.8173	-2639.3164
19	24	954.3988	-2637.1125
19	27	982.71985	-2628.9036
19	29	947.5406	-2632.0217
19	33	1013.77637	-2694.788
19	38	919.28705	-2658.605
20	1	970.02856	-2716.4976
20	2	975.83484	-2646.2705
20	3	970.168	-2697.6855
20	4	975.5679	-2705.6445
20	5	956.1494	-2698.5435
20	6	981.8564	-2718.6648
20	7	982.2449	-2721.704
20	8	981.7049	-2727.3853
20	9	1005.97455	-2682.8257
20	10	982.0457	-2660.9832
20	11	1011.99695	-2683.367
20	12	967.82477	-2654.882
20	13	982.8754	-2651.3743
20	14	922.48206	-2671.2102
20	15	967.78455	-2647.5227
20	16	970.9859	-2647.5706
20	17	928.26373	-2654.046
20	18	934.8358	-2648.0327
20	20	975.8861	-2637.4788
20	21	940.64844	-2642.5156
20	22	1037.5543	-2684.879
20	23	946.8819	-2639.2996
20	24	954.6081	-2637.0664
20	27	982.71985	-2628.9036
20	28	981.74945	-2623.6091
20	29	947.05133	-2632.2412
20	33	1013.77637	-2694.788
20	36	1019.09686	-2701.016
20	38	918.64655	-2659.5195
21	1	970.0953	-2715.3586
21	2	975.83563	-2646.2617
21	3	970.20856	-2696.7622
21	4	975.5679	-2705.6445
21	5	956.1494	-2698.5435
21	6	981.8564	-2718.6648
21	7	982.2449	-2721.704
21	8	981.7049	-2727.3853
21	9	1005.8187	-2682.8306
21	10	982.0457	-2660.9832
21	11	1011.8119	-2683.336
21	12	967.83307	-2654.817
21	13	982.8754	-2651.3743
21	14	922.48206	-2671.2102
21	15	967.78186	-2647.536
21	16	970.9957	-2647.5344
21	17	928.3585	-2653.9114
21	18	934.8348	-2647.9863
21	20	975.8861	-2637.4788
21	21	940.70087	-2642.488
21	22	1037.5543	-2684.879
21	23	946.92523	-2639.281
21	24	954.81714	-2637.0222
21	27	982.71985	-2628.9036
21	28	981.74945	-2623.6091
21	29	946.4516	-2632.5156
21	33	1013.77637	-2694.788
21	38	918.00507	-2660.4111
22	1	970.15967	-2714.2637
22	2	975.8387	-2646.2668
22	3	970.2472	-2695.8464
22	4	975.5679	-2705.6445
22	5	956.1494	-2698.5435
22	6	981.8564	-2718.6648
22	7	982.2449	-2721.704
22	8	981.7049	-2727.3853
22	9	1005.68274	-2682.8223
22	10	982.0457	-2660.9832
22	11	1011.652	-2683.3442
22	12	967.8285	-2654.725
22	13	982.8754	-2651.3743
22	14	922.48206	-2671.2102
22	15	967.7873	-2647.523
22	16	970.9941	-2647.5237
22	17	928.4697	-2653.7896
22	18	934.85156	-2647.9866
22	20	975.8861	-2637.4788
22	21	940.7498	-2642.4634
22	22	1037.5543	-2684.879
22	23	946.9773	-2639.2622
22	24	955.05896	-2636.98
22	27	982.71985	-2628.9036
22	28	981.74945	-2623.6091
22	29	945.7818	-2632.8176
22	33	1013.77637	-2694.788
22	38	917.34235	-2661.3303
23	1	970.23114	-2713.1426
23	2	975.8393	-2646.2737
23	3	970.28546	-2694.9382
23	4	975.5679	-2705.6445
23	5	956.1494	-2698.5435
23	6	981.8564	-2718.6648
23	7	982.2449	-2721.704
23	8	981.7049	-2727.3853
23	9	1005.5202	-2682.8462
23	10	982.0457	-2660.9832
23	11	1011.47205	-2683.3564
23	12	967.8153	-2654.633
23	13	982.8754	-2651.3743
23	14	922.48206	-2671.2102
23	15	967.78766	-2647.5312
23	16	970.99896	-2647.495
23	17	928.59015	-2653.6575
23	18	934.86414	-2647.9658
23	20	975.8861	-2637.4788
23	21	940.7851	-2642.4504
23	22	1037.5543	-2684.879
23	23	947.0548	-2639.2336
23	24	955.2387	-2636.933
23	27	982.71985	-2628.9036
23	28	981.74945	-2623.6091
23	29	945.1544	-2633.1516
23	33	1013.77637	-2694.788
23	38	916.7099	-2662.222
24	1	970.2999	-2712.0486
24	2	975.8468	-2646.2686
24	3	970.3235	-2694.0383
24	4	975.5679	-2705.6445
24	5	956.1494	-2698.5435
24	6	981.8564	-2718.6648
24	7	982.2449	-2721.704
24	8	981.7049	-2727.3853
24	9	1005.36163	-2682.8508
24	10	982.0457	-2660.9832
24	11	1011.3079	-2683.3125
24	12	967.8137	-2654.5703
24	13	982.8754	-2651.3743
24	14	922.48206	-2671.2102
24	15	967.7885	-2647.5088
24	16	971.00037	-2647.4534
24	17	928.70917	-2653.5122
24	18	934.90106	-2647.902
24	20	975.8861	-2637.4788
24	21	940.8311	-2642.4238
24	22	1037.5543	-2684.879
24	23	947.12537	-2639.201
24	24	955.36255	-2636.9038
24	27	982.71985	-2628.9036
24	28	981.74945	-2623.6091
24	29	944.50037	-2633.4849
24	33	1013.77637	-2694.788
24	36	1019.09686	-2701.016
24	38	916.0833	-2663.0825
25	1	970.3728	-2711.0115
25	2	975.84955	-2646.2659
25	3	970.36005	-2693.145
25	4	975.5679	-2705.6445
25	5	956.1494	-2698.5435
25	6	981.8564	-2718.6648
25	7	982.2449	-2721.704
25	8	981.7049	-2727.3853
25	9	1005.2072	-2682.8433
25	10	982.0457	-2660.9832
25	11	1011.14777	-2683.3206
25	12	967.80743	-2654.489
25	13	982.8754	-2651.3743
25	14	922.48206	-2671.2102
25	15	967.7866	-2647.5261
25	16	971.00433	-2647.3936
25	17	928.78107	-2653.4307
25	18	934.89764	-2647.9202
25	20	975.8861	-2637.4788
25	21	940.8888	-2642.383
25	22	1037.5543	-2684.879
25	23	947.2392	-2639.1523
25	24	955.5683	-2636.8647
25	27	982.71985	-2628.9036
25	28	981.74945	-2623.6091
25	29	943.89526	-2633.8235
25	30	942.2538	-2624.9634
25	33	1013.77637	-2694.788
25	36	1019.09686	-2701.016
25	38	915.40265	-2664.0522
26	1	970.4454	-2709.9226
26	2	975.8521	-2646.2668
26	3	970.39557	-2692.258
26	4	975.5679	-2705.6445
26	5	956.1494	-2698.5435
26	6	981.8564	-2718.6648
26	7	982.2449	-2721.704
26	9	1005.03455	-2682.8538
26	10	982.0457	-2660.9832
26	11	1010.96606	-2683.2988
26	12	967.8046	-2654.4163
26	13	982.8754	-2651.3743
26	14	922.48206	-2671.2102
26	15	967.79333	-2647.5005
26	16	971.00134	-2647.3462
26	17	928.8652	-2653.3367
26	18	934.9229	-2647.9255
26	20	975.8861	-2637.4788
26	21	940.928	-2642.3613
26	22	1037.5543	-2684.879
26	23	947.3851	-2639.0962
26	24	955.7501	-2636.8154
26	27	982.71985	-2628.9036
26	28	981.74945	-2623.6091
26	29	943.3282	-2634.1704
26	30	942.08386	-2625.0234
26	33	1013.77637	-2694.788
26	36	1019.09686	-2701.016
26	38	914.7975	-2664.906
27	1	970.52264	-2708.843
27	2	975.85596	-2646.2712
27	3	970.42896	-2691.3784
27	4	975.5679	-2705.6445
27	5	956.1494	-2698.5435
27	6	981.8564	-2718.6648
27	7	982.2449	-2721.704
27	9	1004.8945	-2682.8591
27	10	982.0457	-2660.9832
27	11	1010.81006	-2683.2842
27	12	967.8023	-2654.3516
27	13	982.8754	-2651.3743
27	14	922.48206	-2671.2102
27	15	967.80286	-2647.4683
27	16	971.011	-2647.2546
27	17	928.9464	-2653.2168
27	18	935.0127	-2647.8455
27	20	975.8861	-2637.4788
27	21	940.9686	-2642.3303
27	22	1037.5543	-2684.879
27	23	947.5249	-2639.0496
27	24	955.95526	-2636.7778
27	27	982.71985	-2628.9036
27	28	981.74945	-2623.6091
27	29	942.74316	-2634.5593
27	30	941.9759	-2625.1328
27	33	1013.77637	-2694.788
27	36	1019.09686	-2701.016
27	38	914.1676	-2665.7917
28	1	970.59576	-2707.7747
28	2	975.8551	-2646.2659
28	3	970.4617	-2690.5054
28	4	975.5679	-2705.6445
28	5	956.1494	-2698.5435
28	6	981.8564	-2718.6648
28	7	982.2449	-2721.704
28	9	1004.7484	-2682.8638
28	10	982.0457	-2660.9832
28	11	1010.6659	-2683.2793
28	12	967.79706	-2654.2854
28	13	982.8754	-2651.3743
28	14	922.48206	-2671.2102
28	15	967.8001	-2647.4536
28	16	971.0132	-2647.1501
28	17	929.0396	-2653.1155
28	18	935.01697	-2647.8433
28	20	975.8861	-2637.4788
28	21	941.0446	-2642.2788
28	22	1037.5543	-2684.879
28	23	947.6701	-2638.9966
28	24	956.1314	-2636.7375
28	27	982.71985	-2628.9036
28	28	981.74945	-2623.6091
28	29	942.1899	-2634.9326
28	30	941.85315	-2625.296
28	33	1013.77637	-2694.788
28	36	1019.09686	-2701.016
28	38	913.5032	-2666.6921
28	44	1027.4298	-2700.5706
29	1	970.6704	-2706.7346
29	2	975.8533	-2646.26
29	3	970.49255	-2689.639
29	4	975.5679	-2705.6445
29	5	956.1494	-2698.5435
29	6	981.8564	-2718.6648
29	7	982.2449	-2721.704
29	9	1004.6054	-2682.8855
29	10	982.0457	-2660.9832
29	11	1010.49347	-2683.274
29	12	967.8027	-2654.2324
29	13	982.8754	-2651.3743
29	14	922.48206	-2671.2102
29	15	967.8059	-2647.417
29	16	971.01117	-2647.0269
29	17	929.1194	-2653.0305
29	18	935.14014	-2647.7295
29	20	975.8861	-2637.4788
29	21	941.0785	-2642.2678
29	22	1037.5543	-2684.879
29	23	947.7786	-2638.9595
29	24	956.29736	-2636.6912
29	27	982.71985	-2628.9036
29	28	981.74945	-2623.6091
29	29	941.6006	-2635.3276
29	30	941.6976	-2625.4915
29	33	1013.77637	-2694.788
29	36	1019.09686	-2701.016
29	44	1027.5729	-2700.689
30	1	970.74506	-2705.6526
30	2	975.85443	-2646.2676
30	3	970.52386	-2688.7808
30	4	975.5679	-2705.6445
30	5	956.1494	-2698.5435
30	6	981.8564	-2718.6648
30	7	982.2449	-2721.704
30	9	1004.455	-2682.897
30	10	982.0457	-2660.9832
30	11	1010.32764	-2683.2744
30	12	967.7992	-2654.178
30	13	982.8754	-2651.3743
30	14	922.48206	-2671.2102
30	15	967.8066	-2647.406
30	16	971.0067	-2646.9124
30	17	929.1674	-2652.9727
30	18	935.1383	-2647.7505
30	20	975.8861	-2637.4788
30	21	941.1222	-2642.2366
30	22	1037.5543	-2684.879
30	23	947.95483	-2638.8755
30	24	956.47406	-2636.6597
30	27	982.71985	-2628.9036
30	28	981.74945	-2623.6091
30	29	941.0102	-2635.7717
30	30	941.53424	-2625.6858
30	31	946.3658	-2617.876
30	33	1013.77637	-2694.788
30	36	1019.09686	-2701.016
30	44	1027.487	-2700.6875
31	1	970.8213	-2704.597
31	2	975.8555	-2646.2593
31	3	970.55426	-2687.9314
31	4	975.5679	-2705.6445
31	5	956.1494	-2698.5435
31	6	981.8564	-2718.6648
31	7	982.2449	-2721.704
31	9	1004.29895	-2682.9106
31	10	982.0457	-2660.9832
31	11	1010.1482	-2683.2642
31	12	967.80096	-2654.1304
31	13	982.8754	-2651.3743
31	14	922.48206	-2671.2102
31	15	967.804	-2647.4053
31	16	971.01306	-2646.7695
31	17	929.2191	-2652.9104
31	18	935.1665	-2647.7222
31	20	975.8861	-2637.4788
31	21	941.1806	-2642.2053
31	22	1037.5543	-2684.879
31	23	948.08954	-2638.8206
31	24	956.6352	-2636.619
31	27	982.71985	-2628.9036
31	28	981.74945	-2623.6091
31	29	940.45807	-2636.1667
31	30	941.36676	-2625.9548
31	31	946.1422	-2618.279
31	33	1013.77637	-2694.788
31	36	1019.09686	-2701.016
31	44	1027.5984	-2700.7178
32	1	970.89764	-2703.5022
32	2	975.85724	-2646.2642
32	3	970.5829	-2687.0896
32	4	975.5679	-2705.6445
32	5	956.1494	-2698.5435
32	6	981.8564	-2718.6648
32	7	982.2449	-2721.704
32	9	1004.16766	-2682.911
32	10	982.0457	-2660.9832
32	11	1010.01373	-2683.259
32	12	967.8062	-2654.084
32	13	982.8754	-2651.3743
32	14	922.48206	-2671.2102
32	15	967.81305	-2647.4226
32	16	971.0109	-2646.6526
32	17	929.2617	-2652.8586
32	18	935.1914	-2647.6946
32	20	975.8861	-2637.4788
32	21	941.22076	-2642.1873
32	22	1037.5543	-2684.879
32	23	948.2177	-2638.7637
32	24	956.82056	-2636.581
32	27	982.71985	-2628.9036
32	28	981.74945	-2623.6091
32	29	939.93744	-2636.6147
32	30	941.18317	-2626.1865
32	31	946.12054	-2618.3032
32	33	1013.77637	-2694.788
32	36	1019.09686	-2701.016
32	38	910.87415	-2670.291
32	44	1027.5559	-2700.732
33	1	970.9664	-2702.4688
33	2	975.859	-2646.271
33	3	970.6103	-2686.2554
33	4	975.5679	-2705.6445
33	5	956.1494	-2698.5435
33	6	981.8564	-2718.6648
33	7	982.2449	-2721.704
33	9	1004.02	-2682.928
33	10	982.0457	-2660.9832
33	11	1009.8144	-2683.2349
33	12	967.8042	-2654.0403
33	13	982.8754	-2651.3743
33	14	922.48206	-2671.2102
33	15	967.81934	-2647.382
33	16	971.01306	-2646.5215
33	17	929.3302	-2652.7908
33	18	935.21173	-2647.6907
33	20	975.8861	-2637.4788
33	21	941.27576	-2642.1501
33	22	1037.5543	-2684.879
33	23	948.37787	-2638.707
33	24	957.0032	-2636.5352
33	27	982.71985	-2628.9036
33	28	981.74945	-2623.6091
33	29	939.4023	-2637.1096
33	30	940.9749	-2626.4468
33	31	946.0008	-2618.4976
33	33	1013.77637	-2694.788
33	36	1019.09686	-2701.016
33	38	909.7587	-2671.6614
33	44	1027.6876	-2700.7615
34	1	971.0364	-2701.4421
34	2	975.8613	-2646.2778
34	3	970.63776	-2685.4282
34	4	975.5679	-2705.6445
34	5	956.1494	-2698.5435
34	6	981.8564	-2718.6648
34	7	982.2449	-2721.704
34	9	1003.8687	-2682.9224
34	10	982.0457	-2660.9832
34	11	1009.6605	-2683.2349
34	12	967.79736	-2654.0083
34	13	982.8754	-2651.3743
34	14	922.48206	-2671.2102
34	15	967.824	-2647.387
34	16	971.0144	-2646.4004
34	17	929.37946	-2652.7239
34	18	935.2328	-2647.677
34	20	975.8861	-2637.4788
34	21	941.3261	-2642.1262
34	22	1037.5543	-2684.879
34	23	948.55237	-2638.6465
34	24	957.19934	-2636.498
34	27	982.71985	-2628.9036
34	28	981.74945	-2623.6091
34	29	938.7792	-2637.6455
34	30	940.6933	-2626.7925
34	31	945.89734	-2618.6772
34	33	1013.77637	-2694.788
34	36	1019.09686	-2701.016
35	1	971.1094	-2700.4177
35	2	975.86035	-2646.2637
35	3	970.6615	-2684.6086
35	4	975.5679	-2705.6445
35	5	956.1494	-2698.5435
35	6	981.8564	-2718.6648
35	7	982.2449	-2721.704
35	9	1003.70264	-2682.944
35	10	982.0457	-2660.9832
35	11	1009.4877	-2683.2068
35	12	967.7989	-2653.9653
35	13	982.8754	-2651.3743
35	14	922.48206	-2671.2102
35	15	967.8311	-2647.3743
35	16	971.0143	-2646.2793
35	17	929.40784	-2652.7012
35	18	935.25165	-2647.6667
35	20	975.8861	-2637.4788
35	21	941.40424	-2642.0767
35	22	1037.5543	-2684.879
35	23	948.71326	-2638.5872
35	24	957.4584	-2636.4634
35	27	982.71985	-2628.9036
35	28	981.74945	-2623.6091
35	30	940.44116	-2627.13
35	31	945.7649	-2618.916
35	33	1013.77637	-2694.788
35	36	1019.09686	-2701.016
36	1	971.1623	-2699.4453
36	2	975.86066	-2646.2766
36	3	970.6859	-2683.7974
36	4	975.5679	-2705.6445
36	5	956.1494	-2698.5435
36	6	981.8564	-2718.6648
36	7	982.2449	-2721.704
36	9	1003.5454	-2682.9639
36	10	982.0457	-2660.9832
36	11	1009.3209	-2683.2122
36	12	967.80414	-2653.95
36	13	982.8754	-2651.3743
36	14	922.48206	-2671.2102
36	15	967.8358	-2647.3838
36	16	971.0195	-2646.1658
36	17	929.4548	-2652.6572
36	18	935.29364	-2647.6228
36	20	975.8861	-2637.4788
36	21	941.4624	-2642.0413
36	22	1037.5543	-2684.879
36	23	948.9071	-2638.5085
36	24	957.6033	-2636.4116
36	27	982.71985	-2628.9036
36	28	981.74945	-2623.6091
36	29	937.59906	-2638.5603
36	30	940.22015	-2627.4353
36	31	945.64856	-2619.1228
36	33	1013.77637	-2694.788
36	36	1019.09686	-2701.016
36	38	908.0982	-2673.9917
37	1	971.2201	-2698.432
37	2	975.862	-2646.283
37	3	970.7077	-2682.993
37	4	975.5679	-2705.6445
37	5	956.1494	-2698.5435
37	6	981.8564	-2718.6648
37	7	982.2449	-2721.704
37	9	1003.4189	-2682.9963
37	10	982.0457	-2660.9832
37	11	1009.1594	-2683.1858
37	12	967.80505	-2653.9326
37	13	982.8754	-2651.3743
37	14	922.48206	-2671.2102
37	15	967.8444	-2647.391
37	16	971.0164	-2646.0518
37	17	929.5181	-2652.5752
37	18	935.333	-2647.5928
37	20	975.8861	-2637.4788
37	21	941.52924	-2641.993
37	22	1037.5543	-2684.879
37	23	949.0798	-2638.452
37	24	957.79236	-2636.3616
37	27	982.71985	-2628.9036
37	28	981.74945	-2623.6091
37	29	937.03015	-2639.0854
37	30	939.97345	-2627.7664
37	31	945.5385	-2619.3176
37	33	1013.77637	-2694.788
37	36	1019.09686	-2701.016
37	38	907.33527	-2675.013
38	1	971.26587	-2697.4568
38	2	975.86194	-2646.2932
38	3	970.72864	-2682.1965
38	4	975.5679	-2705.6445
38	5	956.1494	-2698.5435
38	6	981.8564	-2718.6648
38	7	982.2449	-2721.704
38	9	1003.25336	-2683.0105
38	10	982.0457	-2660.9832
38	12	967.8049	-2653.912
38	13	982.8754	-2651.3743
38	14	922.48206	-2671.2102
38	15	967.845	-2647.3892
38	16	971.0198	-2645.9512
38	17	929.56866	-2652.5286
38	18	935.36316	-2647.5583
38	20	975.8861	-2637.4788
38	21	941.59595	-2641.9587
38	22	1037.5543	-2684.879
38	23	949.2516	-2638.4036
38	24	957.96313	-2636.326
38	27	982.71985	-2628.9036
38	28	981.74945	-2623.6091
38	29	936.4502	-2639.609
38	30	939.7077	-2628.1294
38	31	945.4236	-2619.5154
38	33	1013.77637	-2694.788
38	36	1019.09686	-2701.016
39	1	971.3135	-2696.453
39	2	975.8628	-2646.2751
39	3	970.74896	-2681.4075
39	4	975.5679	-2705.6445
39	5	956.1494	-2698.5435
39	6	981.8564	-2718.6648
39	7	982.2449	-2721.704
39	9	1003.10126	-2683.0374
39	10	982.0457	-2660.9832
39	12	967.80994	-2653.8838
39	13	982.8754	-2651.3743
39	14	922.48206	-2671.2102
39	15	967.84424	-2647.362
39	16	971.0277	-2645.8389
39	17	929.5865	-2652.506
39	18	935.39716	-2647.5374
39	20	975.8861	-2637.4788
39	21	941.674	-2641.9026
39	22	1037.5543	-2684.879
39	23	949.4184	-2638.3535
39	24	958.2021	-2636.2715
39	27	982.71985	-2628.9036
39	28	981.74945	-2623.6091
39	29	935.8832	-2640.1465
39	30	939.4562	-2628.4875
39	31	945.2921	-2619.739
39	33	1013.77637	-2694.788
39	36	1019.09686	-2701.016
40	1	971.35535	-2695.5354
40	2	975.86346	-2646.2886
40	3	970.76715	-2680.6257
40	4	975.5679	-2705.6445
40	5	956.1494	-2698.5435
40	6	981.8564	-2718.6648
40	7	982.2449	-2721.704
40	9	1002.92267	-2683.0671
40	10	982.0457	-2660.9832
40	12	967.81415	-2653.8748
40	13	982.8754	-2651.3743
40	14	922.48206	-2671.2102
40	15	967.84454	-2647.374
40	16	971.0294	-2645.765
40	17	929.61816	-2652.483
40	18	935.44525	-2647.5
40	20	975.8861	-2637.4788
40	21	941.7411	-2641.864
40	23	949.5959	-2638.296
40	24	958.33026	-2636.2212
40	27	982.71985	-2628.9036
40	28	981.74945	-2623.6091
40	29	935.31305	-2640.722
40	30	939.1954	-2628.8394
40	31	945.1882	-2619.9207
40	33	1013.77637	-2694.788
40	36	1019.09686	-2701.016
41	1	971.39825	-2694.6382
41	2	975.86273	-2646.2842
41	3	970.78625	-2679.8525
41	4	975.5679	-2705.6445
41	5	956.1494	-2698.5435
41	6	981.8564	-2718.6648
41	7	982.2449	-2721.704
41	10	982.0457	-2660.9832
41	12	967.81525	-2653.8645
41	13	982.8754	-2651.3743
41	14	922.48206	-2671.2102
41	15	967.8496	-2647.365
41	16	971.03217	-2645.6895
41	17	929.62915	-2652.4712
41	18	935.4942	-2647.4478
41	20	975.8861	-2637.4788
41	21	941.81256	-2641.8218
41	23	949.82086	-2638.2195
41	24	958.45776	-2636.1826
41	27	982.71985	-2628.9036
41	28	981.74945	-2623.6091
41	29	934.76624	-2641.2888
41	30	938.92334	-2629.2566
41	31	945.0606	-2620.1458
41	33	1013.77637	-2694.788
41	36	1019.09686	-2701.016
42	1	971.43414	-2693.7173
42	2	975.8633	-2646.3079
42	3	970.8033	-2679.0889
42	4	975.5679	-2705.6445
42	5	956.1494	-2698.5435
42	6	981.8564	-2718.6648
42	7	982.2449	-2721.704
42	10	982.0457	-2660.9832
42	12	967.82025	-2653.852
42	13	982.8754	-2651.3743
42	14	922.48206	-2671.2102
42	15	967.84955	-2647.371
42	16	971.0305	-2645.6467
42	17	929.6522	-2652.447
42	18	935.5369	-2647.397
42	20	975.8861	-2637.4788
42	21	941.8821	-2641.779
42	23	950.04254	-2638.1482
42	24	958.6312	-2636.1392
42	27	982.71985	-2628.9036
42	28	981.74945	-2623.6091
42	29	934.1883	-2641.8538
42	30	938.6273	-2629.663
42	31	944.95386	-2620.3062
42	33	1013.77637	-2694.788
42	36	1019.09686	-2701.016
43	1	971.4705	-2692.7917
43	2	975.8637	-2646.315
43	3	970.82043	-2678.334
43	4	975.5679	-2705.6445
43	5	956.1494	-2698.5435
43	6	981.8564	-2718.6648
43	10	982.0457	-2660.9832
43	12	967.82117	-2653.8364
43	13	982.8754	-2651.3743
43	14	922.48206	-2671.2102
43	15	967.856	-2647.352
43	16	971.0385	-2645.5889
43	17	929.6384	-2652.464
43	18	935.6082	-2647.3271
43	20	975.8861	-2637.4788
43	21	941.9653	-2641.7349
43	23	950.2885	-2638.06
43	24	958.8077	-2636.0723
43	27	982.71985	-2628.9036
43	28	981.74945	-2623.6091
43	29	933.62744	-2642.3943
43	30	938.3665	-2630.0566
43	31	944.8935	-2620.4204
43	32	983.33624	-2626.24
43	33	1013.77637	-2694.788
43	36	1019.09686	-2701.016
44	1	971.5029	-2691.9336
44	2	975.865	-2646.3115
44	3	970.8365	-2677.5881
44	4	975.5679	-2705.6445
44	5	956.1494	-2698.5435
44	6	981.8564	-2718.6648
44	10	982.0457	-2660.9832
44	12	967.8254	-2653.833
44	13	982.8754	-2651.3743
44	14	922.48206	-2671.2102
44	15	967.86145	-2647.3672
44	16	971.0447	-2645.5522
44	17	929.6254	-2652.4832
44	18	935.66754	-2647.2869
44	20	975.8861	-2637.4788
44	21	942.06335	-2641.6733
44	23	950.4809	-2637.991
44	24	958.9887	-2636.0203
44	27	982.71985	-2628.9036
44	28	981.74945	-2623.6091
44	29	933.0877	-2642.965
44	30	938.08246	-2630.4668
44	31	944.7876	-2620.5894
44	32	983.33624	-2626.24
44	33	1013.77637	-2694.788
44	36	1019.09686	-2701.016
44	39	955.37756	-2603.0974
45	1	971.53143	-2691.069
45	2	975.8671	-2646.3174
45	3	970.85254	-2676.8513
45	4	975.5679	-2705.6445
45	5	956.1494	-2698.5435
45	6	981.8564	-2718.6648
45	10	982.0457	-2660.9832
45	12	967.827	-2653.8208
45	13	982.8754	-2651.3743
45	14	922.48206	-2671.2102
45	15	967.85864	-2647.3845
45	16	971.04974	-2645.5034
45	17	929.6316	-2652.4873
45	18	935.7347	-2647.225
45	20	975.8861	-2637.4788
45	21	942.1384	-2641.6277
45	23	950.7003	-2637.9255
45	24	959.1801	-2635.959
45	27	982.71985	-2628.9036
45	28	981.74945	-2623.6091
45	29	932.5114	-2643.5706
45	30	937.7832	-2630.923
45	31	944.72296	-2620.6858
45	32	983.33624	-2626.24
45	33	1013.77637	-2694.788
45	36	1019.09686	-2701.016
45	39	955.37756	-2603.0974
46	1	971.5617	-2690.071
46	2	975.8677	-2646.3235
46	3	970.8658	-2676.1235
46	4	975.5679	-2705.6445
46	5	956.1494	-2698.5435
46	6	981.8564	-2718.6648
46	10	982.0457	-2660.9832
46	12	967.8322	-2653.8147
46	13	982.8754	-2651.3743
46	14	922.48206	-2671.2102
46	15	967.86786	-2647.3716
46	16	971.05444	-2645.4824
46	17	929.63824	-2652.4795
46	18	935.77606	-2647.1743
46	20	975.8861	-2637.4788
46	21	942.2058	-2641.586
46	23	950.9488	-2637.8525
46	24	959.37695	-2635.8882
46	27	982.71985	-2628.9036
46	28	981.74945	-2623.6091
46	29	931.90674	-2644.187
46	30	937.4818	-2631.3655
46	31	944.63385	-2620.8186
46	33	1013.77637	-2694.788
46	36	1019.09686	-2701.016
46	39	955.37756	-2603.0974
47	1	971.5945	-2689.2227
47	2	975.8686	-2646.3264
47	3	970.8798	-2675.4065
47	4	975.5679	-2705.6445
47	5	956.1494	-2698.5435
47	6	981.8564	-2718.6648
47	10	982.0457	-2660.9832
47	12	967.83704	-2653.8005
47	13	982.8754	-2651.3743
47	14	922.48206	-2671.2102
47	15	967.8676	-2647.3604
47	16	971.05695	-2645.4558
47	17	929.6468	-2652.4634
47	18	935.82324	-2647.1404
47	20	975.8861	-2637.4788
47	21	942.2941	-2641.5337
47	23	951.1761	-2637.7837
47	24	959.60406	-2635.8154
47	27	982.71985	-2628.9036
47	28	981.74945	-2623.6091
47	30	937.1432	-2631.872
47	31	944.591	-2620.9016
47	32	983.33624	-2626.24
47	33	1013.77637	-2694.788
47	36	1019.09686	-2701.016
47	39	955.37756	-2603.0974
48	1	971.6145	-2688.4905
48	2	975.86945	-2646.3198
48	3	970.8935	-2674.6985
48	4	975.5679	-2705.6445
48	5	956.1494	-2698.5435
48	10	982.0457	-2660.9832
48	12	967.844	-2653.787
48	13	982.8754	-2651.3743
48	14	922.48206	-2671.2102
48	15	967.86896	-2647.3406
48	16	971.063	-2645.434
48	17	929.66205	-2652.4421
48	18	935.9036	-2647.0654
48	20	975.8861	-2637.4788
48	21	942.3915	-2641.477
48	23	951.3914	-2637.723
48	24	959.80347	-2635.7473
48	27	982.71985	-2628.9036
48	28	981.74945	-2623.6091
48	30	936.8461	-2632.3662
48	31	944.5222	-2620.9902
48	32	983.33624	-2626.24
48	33	1013.77637	-2694.788
48	36	1019.09686	-2701.016
48	39	955.37756	-2603.0974
49	1	971.6471	-2687.5168
49	2	975.8701	-2646.3164
49	3	970.90674	-2674.0007
49	4	975.5679	-2705.6445
49	5	956.1494	-2698.5435
49	6	981.8564	-2718.6648
49	10	982.0457	-2660.9832
49	12	967.84796	-2653.7793
49	13	982.8754	-2651.3743
49	14	922.48206	-2671.2102
49	15	967.8723	-2647.3335
49	16	971.064	-2645.4062
49	17	929.6626	-2652.4438
49	18	935.9463	-2647.025
49	20	975.8861	-2637.4788
49	21	942.4741	-2641.4336
49	23	951.6086	-2637.656
49	24	960.0711	-2635.6597
49	27	982.71985	-2628.9036
49	28	981.74945	-2623.6091
49	29	930.04865	-2646.249
49	30	936.49506	-2632.9092
49	31	944.4791	-2621.0967
49	32	983.33624	-2626.24
49	33	1013.77637	-2694.788
49	36	1019.09686	-2701.016
49	39	955.37756	-2603.0974
50	1	971.6653	-2686.714
50	2	975.87256	-2646.3179
50	3	970.91986	-2673.312
50	4	975.5679	-2705.6445
50	5	956.1494	-2698.5435
50	10	982.0457	-2660.9832
50	12	967.85156	-2653.769
50	13	982.8754	-2651.3743
50	14	922.48206	-2671.2102
50	15	967.87177	-2647.3235
50	16	971.0659	-2645.3816
50	17	929.66754	-2652.429
50	18	936.00757	-2646.965
50	20	975.8861	-2637.4788
50	21	942.5866	-2641.3704
50	23	951.8177	-2637.5989
50	24	960.31506	-2635.5671
50	27	982.71985	-2628.9036
50	28	981.74945	-2623.6091
50	29	929.54224	-2646.8435
50	30	936.14453	-2633.4185
50	32	983.33624	-2626.24
50	33	1013.77637	-2694.788
50	36	1019.09686	-2701.016
50	39	955.37756	-2603.0974
51	1	971.68616	-2685.9211
51	2	975.8728	-2646.3176
51	3	970.93134	-2672.6348
51	4	975.5679	-2705.6445
51	5	956.1494	-2698.5435
51	10	982.0457	-2660.9832
51	12	967.8512	-2653.7573
51	13	982.8754	-2651.3743
51	14	922.48206	-2671.2102
51	15	967.8745	-2647.3003
51	16	971.0657	-2645.3582
51	17	929.69226	-2652.403
51	18	936.0794	-2646.895
51	20	975.8861	-2637.4788
51	21	942.68555	-2641.302
51	23	952.1065	-2637.5276
51	24	960.57776	-2635.4614
51	27	982.71985	-2628.9036
51	28	981.74945	-2623.6091
51	29	929.13837	-2647.326
51	30	935.81805	-2633.9644
51	31	944.3637	-2621.2893
51	32	983.33624	-2626.24
51	33	1013.77637	-2694.788
51	36	1019.09686	-2701.016
51	39	955.37756	-2603.0974
52	1	971.70404	-2685.1768
52	2	975.87445	-2646.3103
52	3	970.9431	-2671.9683
52	4	975.5679	-2705.6445
52	5	956.1494	-2698.5435
52	10	982.0457	-2660.9832
52	12	967.8526	-2653.7366
52	13	982.8754	-2651.3743
52	14	922.48206	-2671.2102
52	15	967.8767	-2647.2825
52	16	971.067	-2645.3328
52	17	929.7328	-2652.362
52	18	936.1524	-2646.8403
52	20	975.8861	-2637.4788
52	21	942.79913	-2641.2344
52	23	952.25116	-2637.4836
52	24	960.8649	-2635.355
52	27	982.71985	-2628.9036
52	28	981.74945	-2623.6091
52	29	928.6138	-2648.039
52	30	935.4783	-2634.49
52	31	944.3593	-2621.2856
52	32	983.33624	-2626.24
52	33	1013.77637	-2694.788
52	39	955.37756	-2603.0974
53	1	971.71844	-2684.4272
53	2	975.87885	-2646.314
53	3	970.9539	-2671.3132
53	4	975.5679	-2705.6445
53	5	956.1494	-2698.5435
53	10	982.0457	-2660.9832
53	12	967.85626	-2653.7139
53	13	982.8754	-2651.3743
53	14	922.48206	-2671.2102
53	15	967.87897	-2647.256
53	16	971.0703	-2645.3022
53	17	929.7547	-2652.3494
53	18	936.2246	-2646.7725
53	20	975.8861	-2637.4788
53	21	942.8813	-2641.1921
53	23	952.4109	-2637.4407
53	24	961.1424	-2635.2378
53	27	982.71985	-2628.9036
53	28	981.74945	-2623.6091
53	29	928.1738	-2648.5925
53	30	935.17725	-2634.9797
53	31	944.2857	-2621.425
53	32	983.33624	-2626.24
53	36	1019.09686	-2701.016
53	39	955.37756	-2603.0974
54	1	971.73285	-2683.6992
54	2	975.8774	-2646.316
54	3	970.9648	-2670.6694
54	4	975.5679	-2705.6445
54	5	956.1494	-2698.5435
54	10	982.0457	-2660.9832
54	12	967.8582	-2653.692
54	13	982.8754	-2651.3743
54	14	922.48206	-2671.2102
54	15	967.8782	-2647.2456
54	16	971.0718	-2645.2703
54	17	929.7727	-2652.3367
54	18	936.31384	-2646.6946
54	20	975.8861	-2637.4788
54	21	942.9934	-2641.1306
54	23	952.5506	-2637.4048
54	24	961.4211	-2635.1167
54	27	982.71985	-2628.9036
54	28	981.74945	-2623.6091
54	29	927.66614	-2649.2292
54	30	934.8224	-2635.525
54	31	944.23663	-2621.49
54	32	983.33624	-2626.24
54	39	955.37756	-2603.0974
55	1	971.7463	-2682.9111
55	2	975.87683	-2646.32
55	3	970.97485	-2670.037
55	4	975.5679	-2705.6445
55	5	956.1494	-2698.5435
55	10	982.0457	-2660.9832
55	12	967.8608	-2653.6902
55	13	982.8754	-2651.3743
55	14	922.48206	-2671.2102
55	15	967.87854	-2647.2222
55	16	971.07574	-2645.2417
55	17	929.8035	-2652.2988
55	18	936.4084	-2646.596
55	20	975.8861	-2637.4788
55	21	943.1231	-2641.0554
55	23	952.6542	-2637.378
55	24	961.7079	-2634.992
55	27	982.71985	-2628.9036
55	28	981.74945	-2623.6091
55	29	926.907	-2650.2397
55	30	934.454	-2636.099
55	31	944.20764	-2621.5305
55	32	983.33624	-2626.24
55	33	1013.77637	-2694.788
55	34	985.65936	-2629.3262
55	39	955.37756	-2603.0974
56	1	971.75934	-2682.1897
56	2	975.87787	-2646.3242
56	3	970.98474	-2669.4163
56	4	975.5679	-2705.6445
56	5	956.1494	-2698.5435
56	10	982.0457	-2660.9832
56	12	967.8613	-2653.6787
56	13	982.8754	-2651.3743
56	14	922.48206	-2671.2102
56	15	967.88086	-2647.2036
56	16	971.0763	-2645.207
56	17	929.8257	-2652.2588
56	18	936.5001	-2646.5193
56	20	975.8861	-2637.4788
56	21	943.25024	-2640.9902
56	23	952.79803	-2637.3445
56	24	962.0945	-2634.8044
56	27	982.71985	-2628.9036
56	28	981.74945	-2623.6091
56	29	926.16956	-2651.0874
56	30	934.09955	-2636.6458
56	31	944.0988	-2621.656
56	32	983.33624	-2626.24
56	33	1013.77637	-2694.788
56	34	985.7012	-2629.3223
56	39	955.37756	-2603.0974
57	1	971.7679	-2681.5222
57	2	975.88116	-2646.3208
57	3	970.9941	-2668.8074
57	4	975.5679	-2705.6445
57	5	956.1494	-2698.5435
57	10	982.0457	-2660.9832
57	12	967.86066	-2653.6582
57	13	982.8754	-2651.3743
57	14	922.48206	-2671.2102
57	15	967.88513	-2647.171
57	16	971.07495	-2645.1628
57	17	929.8863	-2652.2122
57	18	936.5923	-2646.4397
57	20	975.8861	-2637.4788
57	21	943.38245	-2640.9133
57	23	952.974	-2637.2903
57	24	962.399	-2634.6406
57	27	982.71985	-2628.9036
57	28	981.74945	-2623.6091
57	29	925.7227	-2651.7236
57	30	933.7205	-2637.304
57	31	944.0929	-2621.672
57	32	983.33624	-2626.24
57	33	1013.77637	-2694.788
57	34	985.74426	-2629.2812
57	35	950.8326	-2612.1545
58	1	971.78125	-2680.7969
58	2	975.88275	-2646.312
58	3	971.00354	-2668.2107
58	4	975.5679	-2705.6445
58	5	956.1494	-2698.5435
58	10	982.0457	-2660.9832
58	12	967.8602	-2653.6382
58	13	982.8754	-2651.3743
58	14	922.48206	-2671.2102
58	15	967.88574	-2647.1387
58	16	971.0783	-2645.1216
58	17	929.9228	-2652.1724
58	18	936.67395	-2646.3655
58	20	975.8861	-2637.4788
58	21	943.52783	-2640.828
58	23	953.1332	-2637.241
58	24	962.81476	-2634.4087
58	27	982.71985	-2628.9036
58	28	981.74945	-2623.6091
58	29	925.12604	-2652.5237
58	30	933.3325	-2637.931
58	31	944.0257	-2621.7346
58	32	983.33624	-2626.24
58	34	985.74457	-2629.266
58	35	950.73834	-2612.3
58	42	1013.9681	-2694.966
59	1	971.78955	-2680.1125
59	2	975.8822	-2646.2986
59	3	971.013	-2667.626
59	4	975.5679	-2705.6445
59	5	956.1494	-2698.5435
59	10	982.0457	-2660.9832
59	12	967.8602	-2653.6152
59	13	982.8754	-2651.3743
59	14	922.48206	-2671.2102
59	15	967.8874	-2647.0957
59	16	971.08185	-2645.0767
59	17	929.9888	-2652.0974
59	18	936.7726	-2646.2798
59	20	975.8861	-2637.4788
59	21	943.6717	-2640.756
59	23	953.2822	-2637.2053
59	24	963.1887	-2634.1824
59	27	982.71985	-2628.9036
59	28	981.74945	-2623.6091
59	29	924.5424	-2653.3035
59	30	932.95984	-2638.55
59	31	943.98425	-2621.8057
59	32	983.33624	-2626.24
59	34	985.7758	-2629.2778
59	35	950.64813	-2612.4773
59	42	1014.07855	-2694.8682
60	1	971.79736	-2679.4468
60	2	975.8817	-2646.2825
60	3	971.02185	-2667.0535
60	4	975.5679	-2705.6445
60	5	956.1494	-2698.5435
60	10	982.0457	-2660.9832
60	12	967.8618	-2653.602
60	13	982.8754	-2651.3743
60	14	922.48206	-2671.2102
60	15	967.8877	-2647.056
60	16	971.0817	-2645.0256
60	17	930.07886	-2651.9993
60	18	936.8781	-2646.1833
60	20	975.8861	-2637.4788
60	21	943.80927	-2640.682
60	23	953.43616	-2637.1667
60	24	963.5812	-2633.9175
60	27	982.71985	-2628.9036
60	28	981.74945	-2623.6091
60	29	923.97955	-2654.034
60	30	932.56714	-2639.172
60	31	943.9715	-2621.8792
60	32	983.33624	-2626.24
60	34	985.7982	-2629.2778
60	42	1013.986	-2694.8276
61	1	971.80804	-2678.8127
61	2	975.8794	-2646.2664
61	3	971.0314	-2666.4937
61	4	975.5679	-2705.6445
61	5	956.1494	-2698.5435
61	10	982.0457	-2660.9832
61	12	967.86224	-2653.5752
61	13	982.8754	-2651.3743
61	14	922.48206	-2671.2102
61	15	967.8903	-2647.0015
61	16	971.08606	-2644.9602
61	17	930.1438	-2651.9268
61	18	936.9796	-2646.0952
61	20	975.8861	-2637.4788
61	21	943.9618	-2640.5986
61	23	953.5685	-2637.1404
61	24	963.9181	-2633.6729
61	27	982.71985	-2628.9036
61	28	981.74945	-2623.6091
61	29	923.4142	-2654.801
61	30	932.1815	-2639.7788
61	31	943.9199	-2622.0264
61	32	983.33624	-2626.24
61	34	985.8199	-2629.2878
61	42	1014.1073	-2694.8623
62	1	971.81976	-2678.1855
62	2	975.8754	-2646.2356
62	3	971.03937	-2665.9473
62	4	975.5679	-2705.6445
62	5	956.1494	-2698.5435
62	10	982.0457	-2660.9832
62	12	967.8593	-2653.5515
62	13	982.8754	-2651.3743
62	14	922.48206	-2671.2102
62	15	967.8886	-2646.9387
62	16	971.0863	-2644.8665
62	17	930.18964	-2651.867
62	18	937.0787	-2646.0088
62	20	975.8861	-2637.4788
62	21	944.10443	-2640.5212
62	23	953.67883	-2637.1016
62	24	964.32715	-2633.3765
62	27	982.71985	-2628.9036
62	28	981.74945	-2623.6091
62	29	922.85205	-2655.5522
62	30	931.762	-2640.428
62	31	943.86847	-2622.109
62	32	983.33624	-2626.24
62	34	985.8368	-2629.2825
62	35	950.3082	-2612.8655
62	42	1014.0216	-2694.8318
63	1	971.8212	-2677.5032
63	2	975.87415	-2646.1982
63	3	971.0476	-2665.4138
63	4	975.5679	-2705.6445
63	5	956.1494	-2698.5435
63	10	982.0457	-2660.9832
63	12	967.85944	-2653.5183
63	13	982.8754	-2651.3743
63	14	922.48206	-2671.2102
63	15	967.89197	-2646.8618
63	16	971.0847	-2644.7554
63	17	930.2721	-2651.78
63	18	937.20374	-2645.9053
63	20	975.8861	-2637.4788
63	21	944.23773	-2640.4487
63	23	953.7755	-2637.0764
63	24	964.69055	-2633.094
63	27	982.71985	-2628.9036
63	28	981.74945	-2623.6091
63	29	922.25867	-2656.3433
63	30	931.3425	-2641.0781
63	31	943.72266	-2622.2834
63	32	983.33624	-2626.24
63	34	985.87885	-2629.2822
63	35	950.18695	-2613.0417
63	42	1013.9362	-2694.7842
64	1	971.82623	-2676.884
64	2	975.8697	-2646.1614
64	3	971.0559	-2664.8933
64	4	975.5679	-2705.6445
64	5	956.1494	-2698.5435
64	10	982.0457	-2660.9832
64	12	967.85876	-2653.49
64	13	982.8754	-2651.3743
64	14	922.48206	-2671.2102
64	15	967.8943	-2646.816
64	16	971.08484	-2644.6265
64	17	930.37085	-2651.6782
64	18	937.31903	-2645.8086
64	20	975.8861	-2637.4788
64	21	944.36694	-2640.3828
64	23	953.8621	-2637.0544
64	24	965.08	-2632.7844
64	27	982.71985	-2628.9036
64	28	981.74945	-2623.6091
64	29	921.6797	-2657.1133
64	30	930.9147	-2641.7622
64	31	943.6064	-2622.4458
64	32	983.33624	-2626.24
64	34	985.88464	-2629.3035
64	35	950.1265	-2613.1929
64	37	954.7905	-2604.669
65	1	971.8246	-2676.2827
65	2	975.8658	-2646.1318
65	3	971.0645	-2664.387
65	4	975.5679	-2705.6445
65	5	956.1494	-2698.5435
65	10	982.0457	-2660.9832
65	12	967.8592	-2653.4475
65	13	982.8754	-2651.3743
65	14	922.48206	-2671.2102
65	15	967.8981	-2646.718
65	16	971.0848	-2644.4875
65	17	930.4449	-2651.602
65	18	937.43634	-2645.7075
65	20	975.8861	-2637.4788
65	21	944.52954	-2640.2983
65	23	953.9554	-2637.031
65	24	965.5281	-2632.419
65	27	982.71985	-2628.9036
65	28	981.74945	-2623.6091
65	29	921.1245	-2657.857
65	30	930.468	-2642.443
65	31	943.472	-2622.649
65	32	983.33624	-2626.24
65	34	985.89795	-2629.316
65	35	950.0622	-2613.3083
65	37	954.6586	-2604.7424
66	1	971.8298	-2675.7324
66	2	975.8581	-2646.1042
66	3	971.0721	-2663.894
66	4	975.5679	-2705.6445
66	5	956.1494	-2698.5435
66	10	982.0457	-2660.9832
66	12	967.8567	-2653.4001
66	13	982.8754	-2651.3743
66	14	922.48206	-2671.2102
66	15	967.90015	-2646.6433
66	16	971.08453	-2644.3281
66	17	930.52124	-2651.5303
66	18	937.55035	-2645.606
66	20	975.8861	-2637.4788
66	21	944.6828	-2640.215
66	23	954.0383	-2637.0083
66	24	965.95984	-2632.035
66	27	982.71985	-2628.9036
66	28	981.74945	-2623.6091
66	29	920.5261	-2658.663
66	30	930.05225	-2643.1394
66	31	943.3361	-2622.8425
66	32	983.33624	-2626.24
66	34	985.9086	-2629.32
66	35	950.01056	-2613.4321
66	37	954.6246	-2604.803
67	1	971.83	-2675.1208
67	2	975.8515	-2646.0442
67	3	971.0796	-2663.413
67	4	975.5679	-2705.6445
67	5	956.1494	-2698.5435
67	10	982.0457	-2660.9832
67	12	967.8545	-2653.3499
67	13	982.8754	-2651.3743
67	14	922.48206	-2671.2102
67	15	967.9021	-2646.538
67	16	971.0844	-2644.1458
67	17	930.6049	-2651.4302
67	18	937.67377	-2645.4902
67	20	975.8861	-2637.4788
67	21	944.8084	-2640.1455
67	23	954.0884	-2636.9924
67	24	966.4486	-2631.5547
67	27	982.71985	-2628.9036
67	28	981.74945	-2623.6091
67	29	919.9502	-2659.4478
67	30	929.6035	-2643.8408
67	31	943.1721	-2623.0984
67	32	983.33624	-2626.24
67	34	985.9316	-2629.3257
67	35	949.95154	-2613.5725
67	37	954.5442	-2604.9456
68	1	971.83344	-2674.5593
68	2	975.8421	-2646.0137
68	3	971.08716	-2662.9458
68	4	975.5679	-2705.6445
68	5	956.1494	-2698.5435
68	10	982.0457	-2660.9832
68	12	967.85175	-2653.2935
68	13	982.8754	-2651.3743
68	14	922.48206	-2671.2102
68	15	967.9026	-2646.4468
68	16	971.07764	-2643.9624
68	17	930.69415	-2651.3354
68	18	937.8032	-2645.3848
68	20	975.8861	-2637.4788
68	21	944.9622	-2640.0647
68	23	954.15967	-2636.9678
68	24	966.739	-2631.2327
68	27	982.71985	-2628.9036
68	28	981.74945	-2623.6091
68	29	919.35205	-2660.2566
68	30	929.16876	-2644.5154
68	31	942.99493	-2623.387
68	32	983.33624	-2626.24
68	34	985.9299	-2629.3413
68	35	949.84485	-2613.702
68	37	954.4494	-2605.1284
69	1	971.8331	-2674.0022
69	2	975.834	-2645.976
69	3	971.094	-2662.4907
69	4	975.5679	-2705.6445
69	5	956.1494	-2698.5435
69	10	982.0457	-2660.9832
69	12	967.84827	-2653.2422
69	13	982.8754	-2651.3743
69	14	922.48206	-2671.2102
69	15	967.90704	-2646.3257
69	16	971.0767	-2643.737
69	17	930.76526	-2651.251
69	18	937.93317	-2645.2666
69	20	975.8861	-2637.4788
69	21	945.10944	-2639.9897
69	23	954.2192	-2636.9556
69	24	967.12445	-2630.7822
69	27	982.71985	-2628.9036
69	28	981.74945	-2623.6091
69	29	918.77295	-2661.0251
69	30	928.7009	-2645.272
69	31	942.818	-2623.676
69	32	983.33624	-2626.24
69	34	985.91394	-2629.3413
69	35	949.76935	-2613.8293
69	37	954.42725	-2605.1902
70	1	971.83453	-2673.4216
70	2	975.82245	-2645.934
70	3	971.10114	-2662.047
70	4	975.5679	-2705.6445
70	5	956.1494	-2698.5435
70	10	982.0457	-2660.9832
70	12	967.8421	-2653.1865
70	13	982.8754	-2651.3743
70	14	922.48206	-2671.2102
70	15	967.9079	-2646.2004
70	16	971.0846	-2643.4883
70	17	930.83813	-2651.1533
70	18	938.075	-2645.1426
70	20	975.8861	-2637.4788
70	21	945.2679	-2639.9133
70	23	954.2732	-2636.9443
70	24	967.5047	-2630.2864
70	27	982.71985	-2628.9036
70	28	981.74945	-2623.6091
70	29	918.1656	-2661.8313
70	30	928.2504	-2645.993
70	31	942.60016	-2623.9768
70	32	983.33624	-2626.24
70	34	985.8949	-2629.3423
70	35	949.6938	-2613.9216
71	1	971.83246	-2672.8657
71	2	975.8115	-2645.8838
71	3	971.1086	-2661.6147
71	4	975.5679	-2705.6445
71	5	956.1494	-2698.5435
71	10	982.0457	-2660.9832
71	12	967.84503	-2653.121
71	13	982.8754	-2651.3743
71	14	922.48206	-2671.2102
71	15	967.9113	-2646.0676
71	16	971.0871	-2643.218
71	17	930.93524	-2651.0508
71	18	938.21106	-2645.0325
71	20	975.8861	-2637.4788
71	21	945.3853	-2639.8545
71	23	954.317	-2636.9333
71	24	967.8247	-2629.8013
71	27	982.71985	-2628.9036
71	28	981.74945	-2623.6091
71	29	917.5154	-2662.6821
71	30	927.79407	-2646.7104
71	31	942.3817	-2624.3025
71	32	983.33624	-2626.24
71	34	985.88153	-2629.3606
71	35	949.6373	-2614.0564
71	37	954.31213	-2605.408
72	1	971.83185	-2672.3525
72	2	975.79376	-2645.8271
72	3	971.11523	-2661.1926
72	4	975.5679	-2705.6445
72	5	956.1494	-2698.5435
72	10	982.0457	-2660.9832
72	12	967.8396	-2653.0596
72	13	982.8754	-2651.3743
72	14	922.48206	-2671.2102
72	15	967.91614	-2645.9043
72	16	971.09094	-2642.9138
72	17	931.0231	-2650.9504
72	18	938.3552	-2644.9238
72	20	975.8861	-2637.4788
72	21	945.542	-2639.7717
72	23	954.3421	-2636.9238
72	24	968.1637	-2629.2683
72	27	982.71985	-2628.9036
72	28	981.74945	-2623.6091
72	29	916.9373	-2663.4578
72	30	927.3155	-2647.469
72	31	942.1385	-2624.665
72	32	983.33624	-2626.24
72	34	985.8773	-2629.3665
72	35	949.525	-2614.2468
72	37	954.23883	-2605.5623
73	1	971.8308	-2671.8118
73	2	975.77496	-2645.7588
73	3	971.122	-2660.7812
73	4	975.5679	-2705.6445
73	5	956.1494	-2698.5435
73	10	982.0457	-2660.9832
73	12	967.8334	-2652.986
73	13	982.8754	-2651.3743
73	14	922.48206	-2671.2102
73	15	967.9151	-2645.742
73	16	971.0946	-2642.57
73	17	931.1216	-2650.8425
73	18	938.48975	-2644.8218
73	20	975.8861	-2637.4788
73	21	945.7227	-2639.6824
73	23	954.3723	-2636.9155
73	24	968.49304	-2628.723
73	27	982.71985	-2628.9036
73	28	981.74945	-2623.6091
73	29	916.33594	-2664.269
73	30	926.8345	-2648.2104
73	31	941.8794	-2625.0747
73	32	983.33624	-2626.24
73	34	985.87354	-2629.377
73	35	949.4316	-2614.3623
73	37	954.1776	-2605.68
74	1	971.8322	-2671.2402
74	2	975.74414	-2645.667
74	3	971.12915	-2660.3794
74	4	975.5679	-2705.6445
74	5	956.1494	-2698.5435
74	10	982.0457	-2660.9832
74	12	967.8349	-2652.9038
74	13	982.8754	-2651.3743
74	14	922.48206	-2671.2102
74	15	967.9187	-2645.567
74	16	971.0895	-2642.211
74	17	931.2212	-2650.7258
74	18	938.6351	-2644.7065
74	20	975.8861	-2637.4788
74	21	945.8964	-2639.5894
74	23	954.41125	-2636.9055
74	24	968.8117	-2628.152
74	27	982.71985	-2628.9036
74	28	981.74945	-2623.6091
74	29	915.7289	-2665.0806
74	30	926.3612	-2648.9585
74	31	941.6325	-2625.4458
74	32	983.33624	-2626.24
74	34	985.8839	-2629.365
74	35	949.34	-2614.5425
74	37	954.1213	-2605.8076
75	1	971.83124	-2670.7407
75	2	975.7102	-2645.5637
75	3	971.1364	-2659.984
75	4	975.5679	-2705.6445
75	5	956.1494	-2698.5435
75	10	982.0457	-2660.9832
75	12	967.8321	-2652.8174
75	13	982.8754	-2651.3743
75	14	922.48206	-2671.2102
75	15	967.9229	-2645.3645
75	16	971.0923	-2641.8406
75	17	931.3102	-2650.6216
75	18	938.78125	-2644.5889
75	20	975.8861	-2637.4788
75	21	946.11975	-2639.4832
75	23	954.4481	-2636.8958
75	24	969.12695	-2627.558
75	27	982.71985	-2628.9036
75	28	981.74945	-2623.6091
75	29	915.1077	-2665.9082
75	30	925.897	-2649.699
75	31	941.37384	-2625.8342
75	32	983.33624	-2626.24
75	34	985.85846	-2629.3972
75	35	949.24506	-2614.7312
75	37	954.10474	-2605.8665
76	1	971.8321	-2670.31
76	2	975.6708	-2645.4448
76	3	971.14343	-2659.595
76	4	975.5679	-2705.6445
76	5	956.1494	-2698.5435
76	10	982.0457	-2660.9832
76	12	967.82513	-2652.7239
76	13	982.8754	-2651.3743
76	14	922.48206	-2671.2102
76	15	967.9291	-2645.1575
76	16	971.0939	-2641.462
76	17	931.4218	-2650.5098
76	18	938.9124	-2644.4878
76	20	975.8861	-2637.4788
76	21	946.2762	-2639.4104
76	23	954.46344	-2636.9014
76	24	969.4438	-2626.9106
76	27	982.71985	-2628.9036
76	28	981.74945	-2623.6091
76	29	914.4903	-2666.7227
76	30	925.4237	-2650.4287
76	31	941.081	-2626.265
76	32	983.33624	-2626.24
76	34	985.8479	-2629.3818
76	35	949.08997	-2614.9783
76	37	954.0622	-2605.9634
77	1	971.83685	-2669.807
77	2	975.6158	-2645.3125
77	3	971.1494	-2659.2122
77	4	975.5679	-2705.6445
77	5	956.1494	-2698.5435
77	10	982.0457	-2660.9832
77	12	967.8225	-2652.6116
77	13	982.8754	-2651.3743
77	14	922.48206	-2671.2102
77	15	967.9259	-2644.9492
77	16	971.097	-2641.061
77	17	931.5173	-2650.408
77	18	939.0376	-2644.3833
77	20	975.8861	-2637.4788
77	21	946.4335	-2639.3381
77	23	954.4702	-2636.8955
77	24	969.7508	-2626.2695
77	27	982.71985	-2628.9036
77	28	981.74945	-2623.6091
77	29	913.87024	-2667.5598
77	30	924.978	-2651.141
77	31	940.80225	-2626.6863
77	32	983.33624	-2626.24
77	34	985.83124	-2629.3926
77	35	948.9448	-2615.2085
77	37	953.9819	-2606.1016
78	1	971.837	-2669.3806
78	2	975.56146	-2645.177
78	3	971.1578	-2658.834
78	4	975.5679	-2705.6445
78	5	956.1494	-2698.5435
78	10	982.0457	-2660.9832
78	12	967.8192	-2652.4983
78	13	982.8754	-2651.3743
78	14	922.48206	-2671.2102
78	15	967.9245	-2644.7065
78	16	971.09656	-2640.624
78	17	931.6183	-2650.2935
78	18	939.15753	-2644.2908
78	20	975.8861	-2637.4788
78	21	946.57434	-2639.2695
78	23	954.50745	-2636.8926
78	24	970.027	-2625.5852
78	27	982.71985	-2628.9036
78	28	981.74945	-2623.6091
78	29	913.2612	-2668.3591
78	30	924.47687	-2651.913
78	31	940.48254	-2627.1472
78	32	983.33624	-2626.24
78	34	985.8244	-2629.3857
78	35	948.7827	-2615.4788
78	37	953.91364	-2606.2979
79	1	971.8415	-2668.9277
79	2	975.4957	-2645.0396
79	3	971.16425	-2658.4592
79	4	975.5679	-2705.6445
79	5	956.1494	-2698.5435
79	10	982.0457	-2660.9832
79	12	967.81775	-2652.362
79	13	982.8754	-2651.3743
79	14	922.48206	-2671.2102
79	15	967.9243	-2644.4612
79	16	971.09534	-2640.169
79	17	931.72675	-2650.1624
79	18	939.2848	-2644.189
79	20	975.8861	-2637.4788
79	21	946.6921	-2639.2107
79	23	954.54614	-2636.8862
79	24	970.2935	-2624.867
79	27	982.71985	-2628.9036
79	28	981.74945	-2623.6091
79	29	912.6231	-2669.2131
79	30	923.969	-2652.71
79	31	940.1706	-2627.6226
79	32	983.33624	-2626.24
79	34	985.8308	-2629.3682
79	35	948.6191	-2615.7627
79	37	953.7828	-2606.515
80	1	971.83984	-2668.4849
80	2	975.4262	-2644.906
80	3	971.17175	-2658.088
80	4	975.5679	-2705.6445
80	5	956.1494	-2698.5435
80	10	982.0457	-2660.9832
80	12	967.8136	-2652.2273
80	13	982.8754	-2651.3743
80	14	922.48206	-2671.2102
80	15	967.92474	-2644.2078
80	16	971.0968	-2639.6904
80	17	931.8422	-2650.0488
80	18	939.4013	-2644.1045
80	20	975.8861	-2637.4788
80	21	946.82007	-2639.15
80	23	954.5439	-2636.8928
80	24	970.53925	-2624.1465
80	27	982.71985	-2628.9036
80	28	981.74945	-2623.6091
80	29	911.98895	-2670.0562
80	30	923.4442	-2653.5225
80	31	939.8477	-2628.099
80	32	983.33624	-2626.24
80	34	985.85333	-2629.3518
80	35	948.4579	-2616.0098
80	37	953.6978	-2606.68
80	40	960.8343	-2581.8955
81	1	971.84174	-2668.0732
81	2	975.3519	-2644.7563
81	3	971.1784	-2657.719
81	4	975.5679	-2705.6445
81	5	956.1494	-2698.5435
81	10	982.0457	-2660.9832
81	12	967.8039	-2652.088
81	13	982.8754	-2651.3743
81	14	922.48206	-2671.2102
81	15	967.9216	-2643.94
81	16	971.09717	-2639.191
81	17	931.96124	-2649.9194
81	18	939.52686	-2644.0007
81	20	975.8861	-2637.4788
81	21	946.9417	-2639.093
81	23	954.56793	-2636.8835
81	24	970.7627	-2623.39
81	27	982.71985	-2628.9036
81	28	981.74945	-2623.6091
81	29	911.3388	-2670.9277
81	30	922.9387	-2654.2864
81	31	939.53284	-2628.5725
81	32	983.33624	-2626.24
81	34	985.84546	-2629.339
81	35	948.3002	-2616.2546
81	37	953.66815	-2606.777
81	40	960.8192	-2582.0808
82	1	971.8412	-2667.6785
82	2	975.2797	-2644.6187
82	3	971.18475	-2657.3518
82	4	975.5679	-2705.6445
82	5	956.1494	-2698.5435
82	10	982.0457	-2660.9832
82	12	967.8025	-2651.9304
82	13	982.8754	-2651.3743
82	14	922.48206	-2671.2102
82	15	967.912	-2643.661
82	16	971.0991	-2638.6719
82	17	932.07056	-2649.7993
82	18	939.6504	-2643.908
82	20	975.8861	-2637.4788
82	21	947.0506	-2639.0422
82	23	954.5707	-2636.8826
82	24	970.9547	-2622.6228
82	27	982.71985	-2628.9036
82	28	981.74945	-2623.6091
82	29	910.71716	-2671.7327
82	30	922.4092	-2655.0652
82	31	939.1806	-2629.105
82	32	983.33624	-2626.24
82	34	985.8794	-2629.3452
82	35	948.1389	-2616.4978
82	37	953.5493	-2606.9868
82	40	960.77795	-2582.3118
83	1	971.8366	-2667.2876
83	2	975.19836	-2644.4888
83	3	971.1927	-2656.9868
83	4	975.5679	-2705.6445
83	5	956.1494	-2698.5435
83	10	982.0457	-2660.9832
83	12	967.79315	-2651.7793
83	13	982.8754	-2651.3743
83	14	922.48206	-2671.2102
83	15	967.9033	-2643.3599
83	16	971.10034	-2638.1277
83	17	932.17755	-2649.6763
83	18	939.75946	-2643.827
83	20	975.8861	-2637.4788
83	21	947.1481	-2638.9954
83	23	954.5775	-2636.8816
83	24	971.138	-2621.8044
83	27	982.71985	-2628.9036
83	28	981.74945	-2623.6091
83	29	910.06366	-2672.5566
83	30	921.87964	-2655.8464
83	31	938.813	-2629.641
83	32	983.33624	-2626.24
83	34	985.8942	-2629.3403
83	35	947.95044	-2616.7737
83	37	953.49286	-2607.0942
83	40	960.75745	-2582.4924
84	1	971.84393	-2666.911
84	2	975.1072	-2644.3525
84	3	971.1982	-2656.624
84	4	975.5679	-2705.6445
84	5	956.1494	-2698.5435
84	10	982.0457	-2660.9832
84	12	967.7882	-2651.624
84	13	982.8754	-2651.3743
84	14	922.48206	-2671.2102
84	15	967.8891	-2643.0806
84	16	971.1078	-2637.576
84	17	932.3081	-2649.539
84	18	939.8664	-2643.743
84	20	975.8861	-2637.4788
84	21	947.2348	-2638.9558
84	23	954.58466	-2636.876
84	24	971.29663	-2621.0122
84	27	982.71985	-2628.9036
84	28	981.74945	-2623.6091
84	29	909.386	-2673.417
84	30	921.34283	-2656.634
84	31	938.4314	-2630.1929
84	32	983.33624	-2626.24
84	34	985.9072	-2629.3215
84	35	947.77484	-2617.032
84	37	953.43665	-2607.2266
84	40	960.72455	-2582.6833
84	41	965.16614	-2580.809
85	1	971.84644	-2666.5369
85	2	975.018	-2644.2163
85	3	971.20355	-2656.2632
85	4	975.5679	-2705.6445
85	5	956.1494	-2698.5435
85	10	982.0457	-2660.9832
85	12	967.7825	-2651.4573
85	13	982.8754	-2651.3743
85	14	922.48206	-2671.2102
85	15	967.8777	-2642.7654
85	16	971.1133	-2637.008
85	17	932.4221	-2649.4214
85	18	939.975	-2643.654
85	20	975.8861	-2637.4788
85	21	947.3066	-2638.9265
85	23	954.6092	-2636.8706
85	24	971.4295	-2620.2083
85	27	982.71985	-2628.9036
85	28	981.74945	-2623.6091
85	30	920.8251	-2657.401
85	31	938.0768	-2630.7266
85	32	983.33624	-2626.24
85	34	985.9396	-2629.346
85	35	947.56354	-2617.348
85	37	953.37036	-2607.3672
85	40	960.6857	-2582.882
85	41	965.1182	-2581.9304
85	43	959.2121	-2591.6248
86	1	971.84656	-2666.1997
86	2	974.9163	-2644.0745
86	3	971.20856	-2655.905
86	4	975.5679	-2705.6445
86	5	956.1494	-2698.5435
86	10	982.0457	-2660.9832
86	12	967.7748	-2651.2915
86	13	982.8754	-2651.3743
86	14	922.48206	-2671.2102
86	15	967.8594	-2642.4426
86	16	971.1132	-2636.416
86	17	932.5419	-2649.2979
86	18	940.0788	-2643.5732
86	20	975.8861	-2637.4788
86	21	947.3935	-2638.8875
86	23	954.60596	-2636.8755
86	24	971.54407	-2619.3567
86	27	982.71985	-2628.9036
86	28	981.74945	-2623.6091
86	30	920.27527	-2658.2017
86	31	937.71564	-2631.2712
86	32	983.33624	-2626.24
86	34	985.96924	-2629.3418
86	35	947.3682	-2617.6733
86	37	953.26685	-2607.5444
86	40	960.6576	-2583.1067
86	41	965.0869	-2583.0645
86	43	959.1624	-2591.7869
87	1	971.85065	-2665.8228
87	2	974.81635	-2643.9377
87	3	971.21466	-2655.55
87	4	975.5679	-2705.6445
87	5	956.1494	-2698.5435
87	10	982.0457	-2660.9832
87	12	967.76746	-2651.087
87	13	982.8754	-2651.3743
87	14	922.48206	-2671.2102
87	15	967.82526	-2642.1106
87	16	971.11646	-2635.8118
87	17	932.66095	-2649.1692
87	18	940.16785	-2643.511
87	20	975.8861	-2637.4788
87	21	947.4573	-2638.8604
87	23	954.61285	-2636.8708
87	24	971.6317	-2618.519
87	27	982.71985	-2628.9036
87	28	981.74945	-2623.6091
87	30	919.7159	-2658.9705
87	31	937.2794	-2631.9282
87	32	983.33624	-2626.24
87	34	985.9854	-2629.3442
87	35	947.1211	-2618.0144
87	37	953.19476	-2607.672
87	40	960.6325	-2583.2969
87	41	965.07983	-2584.1116
87	43	959.14294	-2591.8982
88	1	971.85376	-2665.4683
88	2	974.7062	-2643.7888
88	3	971.22107	-2655.1965
88	4	975.5679	-2705.6445
88	5	956.1494	-2698.5435
88	10	982.0457	-2660.9832
88	12	967.7588	-2650.9102
88	13	982.8754	-2651.3743
88	14	922.48206	-2671.2102
88	15	967.8004	-2641.7935
88	16	971.12195	-2635.194
88	17	932.7939	-2649.033
88	18	940.26904	-2643.4333
88	20	975.8861	-2637.4788
88	21	947.5122	-2638.8347
88	23	954.6221	-2636.8691
88	24	971.70636	-2617.6482
88	27	982.71985	-2628.9036
88	28	981.74945	-2623.6091
88	31	936.8879	-2632.5425
88	32	983.33624	-2626.24
88	34	986.0088	-2629.3413
88	35	946.89667	-2618.349
88	37	953.08325	-2607.9136
88	40	960.6157	-2583.4758
88	41	965.0553	-2585.204
88	43	959.13	-2592.0217
89	1	971.8562	-2665.1016
89	2	974.58167	-2643.6355
89	3	971.22473	-2654.847
89	4	975.5679	-2705.6445
89	5	956.1494	-2698.5435
89	10	982.0457	-2660.9832
89	12	967.757	-2650.7026
89	13	982.8754	-2651.3743
89	14	922.48206	-2671.2102
89	15	967.7557	-2641.4565
89	16	971.1289	-2634.5425
89	17	932.91504	-2648.9146
89	18	940.3591	-2643.3613
89	20	975.8861	-2637.4788
89	21	947.5821	-2638.8074
89	23	954.6346	-2636.8699
89	24	971.76984	-2616.7712
89	27	982.71985	-2628.9036
89	28	981.74945	-2623.6091
89	31	936.5278	-2633.0852
89	32	983.33624	-2626.24
89	34	986.0094	-2629.3337
89	35	946.6728	-2618.6777
89	37	952.9953	-2608.0825
89	40	960.58716	-2583.6587
89	41	965.0466	-2586.3262
89	43	959.0814	-2592.1917
90	1	971.85626	-2664.7668
90	2	974.44135	-2643.467
90	3	971.2334	-2654.5022
90	4	975.5679	-2705.6445
90	5	956.1494	-2698.5435
90	10	982.0457	-2660.9832
90	12	967.7475	-2650.5208
90	13	982.8754	-2651.3743
90	14	922.48206	-2671.2102
90	15	967.7115	-2641.1462
90	16	971.13367	-2633.8752
90	17	933.0531	-2648.7708
90	18	940.4357	-2643.3032
90	20	975.8861	-2637.4788
90	21	947.6349	-2638.788
90	23	954.6365	-2636.8694
90	24	971.81464	-2615.8928
90	27	982.71985	-2628.9036
90	28	981.74945	-2623.6091
90	30	918.4293	-2660.9548
90	31	936.1216	-2633.6968
90	32	983.33624	-2626.24
90	34	986.0334	-2629.3452
90	35	946.4287	-2619.0076
90	37	952.9034	-2608.2727
90	40	960.5665	-2583.8066
90	41	965.0394	-2587.4717
90	43	959.05695	-2592.3616
