0	1	-649.10693	-3155.4138
0	2	-642.5279	-3152.9507
0	3	-645.64777	-3156.712
0	5	-654.8297	-3090.841
0	6	-654.4844	-3083.8684
0	7	-654.8724	-3099.991
0	8	-663.58594	-3090.1816
0	9	-658.0127	-3075.2146
0	10	-663.39514	-3080.5286
0	11	-658.16003	-3102.5386
0	12	-654.6325	-3107.2603
0	13	-663.4512	-3069.9675
0	14	-658.0631	-3113.0186
0	15	-662.9278	-3111.57
0	16	-655.0174	-3114.2598
0	17	-657.61285	-3054.752
0	18	-662.9403	-3119.2417
0	19	-657.9408	-3121.8105
0	20	-654.7711	-3122.9834
0	21	-653.8009	-3048.8972
0	22	-666.6747	-3124.1729
0	23	-673.0828	-3123.9678
0	24	-649.88336	-3047.5786
0	25	-691.9496	-3140.4536
0	26	-644.7198	-3040.3245
0	27	-698.91626	-3140.036
0	28	-649.01166	-3163.4602
0	29	-647.75995	-3015.2988
1	1	-649.11584	-3155.249
1	2	-642.46466	-3152.7354
1	3	-645.63715	-3156.3105
1	5	-654.82983	-3090.841
1	6	-654.4847	-3083.869
1	7	-654.8724	-3099.991
1	8	-663.5916	-3090.5308
1	9	-658.02893	-3075.9497
1	10	-663.4023	-3080.8228
1	11	-658.1577	-3102.5508
1	12	-654.6325	-3107.2603
1	13	-663.4567	-3070.2783
1	14	-658.0631	-3113.0186
1	15	-662.9292	-3111.6272
1	16	-655.0174	-3114.2598
1	17	-657.648	-3055.5205
1	18	-662.94293	-3119.2405
1	19	-657.9408	-3121.8105
1	20	-654.7711	-3122.9834
1	21	-653.8361	-3049.8164
1	22	-666.6794	-3124.155
1	23	-673.0828	-3123.9678
1	24	-649.83246	-3047.733
1	25	-691.95685	-3140.4521
1	26	-644.6937	-3039.0547
1	27	-698.8747	-3140.0435
1	28	-649.01166	-3163.4602
1	29	-647.75995	-3015.2988
2	1	-649.131	-3155.0999
2	2	-642.5227	-3152.538
2	3	-645.66077	-3155.8467
2	5	-654.82983	-3090.8413
2	6	-654.48724	-3083.8687
2	7	-654.8724	-3099.991
2	8	-663.5965	-3090.8845
2	9	-658.04724	-3076.679
2	10	-663.40735	-3081.1162
2	11	-658.16266	-3102.557
2	12	-654.6325	-3107.2603
2	13	-663.4583	-3070.5862
2	14	-658.0631	-3113.0186
2	15	-662.9288	-3111.692
2	16	-655.0174	-3114.2598
2	17	-657.6772	-3056.2737
2	18	-662.9409	-3119.2493
2	19	-657.9408	-3121.8105
2	20	-654.7711	-3122.9834
2	21	-653.86096	-3050.6956
2	22	-666.68256	-3124.157
2	23	-673.0828	-3123.9678
2	24	-649.7768	-3047.9097
2	25	-691.9545	-3140.454
2	26	-644.6712	-3037.7898
2	27	-698.85986	-3140.0505
2	28	-649.01166	-3163.4602
2	29	-647.75995	-3015.2988
3	1	-649.1204	-3154.9053
3	2	-642.52295	-3152.293
3	3	-645.6909	-3155.4216
3	5	-654.82965	-3090.8413
3	6	-654.4878	-3083.8662
3	7	-654.8724	-3099.991
3	8	-663.60815	-3091.2292
3	9	-658.06573	-3077.388
3	10	-663.41205	-3081.4053
3	11	-658.16095	-3102.5613
3	12	-654.6325	-3107.2603
3	13	-663.4582	-3070.891
3	14	-658.0631	-3113.0186
3	15	-662.9275	-3111.7317
3	16	-655.0174	-3114.2598
3	17	-657.7152	-3057.031
3	18	-662.9416	-3119.2527
3	19	-657.9408	-3121.8105
3	20	-654.7711	-3122.9834
3	21	-653.8903	-3051.563
3	22	-666.66785	-3124.1516
3	23	-673.0828	-3123.9678
3	24	-649.70703	-3048.0818
3	25	-692.00793	-3140.4539
3	26	-644.6556	-3036.5315
3	27	-698.861	-3140.0525
3	28	-649.01166	-3163.4602
3	29	-647.75995	-3015.2988
4	1	-649.104	-3154.6904
4	2	-642.51404	-3152.027
4	3	-645.688	-3154.9932
4	4	-653.20575	-3014.7964
4	5	-654.82965	-3090.8413
4	6	-654.489	-3083.863
4	7	-654.8724	-3099.991
4	8	-663.60925	-3091.5637
4	9	-658.08417	-3078.0872
4	10	-663.41864	-3081.696
4	11	-658.16064	-3102.5615
4	12	-654.6325	-3107.2603
4	13	-663.4621	-3071.2039
4	14	-658.0631	-3113.0186
4	15	-662.9273	-3111.763
4	16	-655.0174	-3114.2598
4	17	-657.7461	-3057.771
4	18	-662.9396	-3119.2554
4	19	-657.9408	-3121.8105
4	20	-654.7711	-3122.9834
4	21	-653.9203	-3052.4082
4	22	-666.65125	-3124.1597
4	23	-673.0828	-3123.9678
4	24	-649.62775	-3048.2744
4	25	-692.0136	-3140.446
4	26	-644.63904	-3035.2668
4	27	-698.867	-3140.0508
4	28	-649.01166	-3163.4602
4	29	-647.75995	-3015.2988
5	1	-649.13654	-3154.5107
5	2	-642.4945	-3151.774
5	3	-645.68384	-3154.5747
5	4	-653.2099	-3015.4946
5	5	-654.82947	-3090.8413
5	6	-654.4855	-3083.868
5	7	-654.8724	-3099.991
5	8	-663.6117	-3091.896
5	9	-658.095	-3078.7617
5	10	-663.4252	-3082.0032
5	11	-658.1633	-3102.5647
5	12	-654.6325	-3107.2603
5	13	-663.4644	-3071.4966
5	14	-658.0631	-3113.0186
5	15	-662.92535	-3111.78
5	16	-655.0174	-3114.2598
5	17	-657.7756	-3058.4932
5	18	-662.94116	-3119.2598
5	19	-657.9408	-3121.8105
5	20	-654.7711	-3122.9834
5	21	-653.9505	-3053.228
5	22	-666.66644	-3124.1543
5	23	-673.0828	-3123.9678
5	24	-649.54193	-3048.467
5	25	-691.94946	-3140.4666
5	26	-644.6224	-3034.0703
5	27	-698.8479	-3140.0525
5	28	-649.01166	-3163.4602
5	29	-647.75995	-3015.2988
6	1	-649.1367	-3154.3315
6	2	-642.4952	-3151.4978
6	3	-645.7133	-3154.1594
6	4	-653.23535	-3016.2295
6	5	-654.8294	-3090.8413
6	6	-654.4871	-3083.8652
6	7	-654.8724	-3099.991
6	8	-663.6137	-3092.2373
6	9	-658.11383	-3079.4233
6	10	-663.43445	-3082.3225
6	11	-658.1628	-3102.5654
6	12	-654.6325	-3107.2603
6	13	-663.4688	-3071.8022
6	14	-658.0631	-3113.0186
6	15	-662.9259	-3111.8047
6	16	-655.0174	-3114.2598
6	17	-657.80396	-3059.2158
6	18	-662.94055	-3119.2583
6	19	-657.9408	-3121.8105
6	20	-654.7711	-3122.9834
6	21	-653.9866	-3054.061
6	22	-666.67224	-3124.1472
6	23	-673.0828	-3123.9678
6	24	-649.4159	-3048.699
6	25	-692.00104	-3140.4668
6	26	-644.60406	-3032.834
6	27	-698.8541	-3140.056
6	28	-649.01166	-3163.4602
6	29	-647.75995	-3015.2988
7	1	-649.12695	-3154.1455
7	2	-642.47034	-3151.1785
7	3	-645.7349	-3153.718
7	4	-653.24036	-3016.9883
7	5	-654.82947	-3090.841
7	6	-654.4874	-3083.8645
7	7	-654.8724	-3099.991
7	8	-663.6155	-3092.5742
7	9	-658.1322	-3080.0696
7	10	-663.4375	-3082.6414
7	11	-658.16077	-3102.5718
7	12	-654.6325	-3107.2603
7	13	-663.4734	-3072.0898
7	14	-658.0631	-3113.0186
7	15	-662.92816	-3111.8271
7	16	-655.0174	-3114.2598
7	17	-657.83246	-3059.9045
7	18	-662.9406	-3119.2625
7	19	-657.9408	-3121.8105
7	20	-654.7711	-3122.9834
7	21	-654.02057	-3054.8982
7	22	-666.65125	-3124.158
7	23	-673.0828	-3123.9678
7	24	-649.29156	-3048.918
7	25	-691.99384	-3140.465
7	26	-644.57635	-3031.582
7	27	-698.85364	-3140.0505
7	28	-649.01166	-3163.4602
7	29	-647.75995	-3015.2988
8	1	-649.12524	-3153.9
8	2	-642.4676	-3150.8303
8	3	-645.73645	-3153.2395
8	4	-653.2487	-3017.6936
8	5	-654.8295	-3090.841
8	6	-654.4892	-3083.866
8	7	-654.8724	-3099.991
8	8	-663.6205	-3092.8896
8	9	-658.1456	-3080.6946
8	10	-663.4439	-3082.965
8	11	-658.16266	-3102.5757
8	12	-654.6325	-3107.2603
8	13	-663.47864	-3072.3599
8	14	-658.0631	-3113.0186
8	15	-662.9293	-3111.826
8	16	-655.0174	-3114.2598
8	17	-657.85803	-3060.614
8	18	-662.94037	-3119.2666
8	19	-657.9408	-3121.8105
8	20	-654.7711	-3122.9834
8	21	-654.0458	-3055.7122
8	22	-666.67554	-3124.1519
8	23	-673.0828	-3123.9678
8	24	-649.13617	-3049.1448
8	25	-691.9842	-3140.458
8	26	-644.53424	-3030.3308
8	27	-698.84076	-3140.0515
8	28	-649.01166	-3163.4602
8	29	-647.75995	-3015.2988
9	1	-649.1863	-3153.605
9	2	-642.46985	-3150.5906
9	3	-645.75116	-3152.8203
9	4	-653.2477	-3018.4358
9	5	-654.82947	-3090.841
9	6	-654.48724	-3083.8665
9	7	-654.8724	-3099.991
9	8	-663.621	-3093.225
9	9	-658.15735	-3081.326
9	10	-663.4511	-3083.2942
9	11	-658.1609	-3102.5737
9	12	-654.6325	-3107.2603
9	13	-663.4787	-3072.648
9	14	-658.0631	-3113.0186
9	15	-662.9326	-3111.8323
9	16	-655.0174	-3114.2598
9	17	-657.8923	-3061.316
9	18	-662.94165	-3119.266
9	19	-657.9408	-3121.8105
9	20	-654.7711	-3122.9834
9	21	-654.07245	-3056.4983
9	22	-666.66	-3124.1538
9	23	-673.0828	-3123.9678
9	24	-648.97205	-3049.3777
9	25	-691.94824	-3140.4631
9	26	-644.49744	-3029.0798
9	27	-698.8363	-3140.0525
9	28	-649.01166	-3163.4602
9	29	-647.75995	-3015.2988
10	1	-649.24866	-3153.3752
10	2	-642.46094	-3150.2554
10	3	-645.74176	-3152.315
10	4	-653.2172	-3019.173
10	5	-654.8295	-3090.841
10	6	-654.48584	-3083.867
10	7	-654.8724	-3099.991
10	8	-663.6224	-3093.5447
10	9	-658.1716	-3081.9543
10	10	-663.4638	-3083.6396
10	11	-658.1638	-3102.572
10	12	-654.6325	-3107.2603
10	13	-663.4859	-3072.931
10	14	-658.0631	-3113.0186
10	15	-662.931	-3111.8354
10	16	-655.0174	-3114.2598
10	17	-657.92004	-3061.997
10	18	-662.94324	-3119.2668
10	19	-657.9408	-3121.8105
10	20	-654.7711	-3122.9834
10	21	-654.10657	-3057.253
10	22	-666.7045	-3124.159
10	23	-673.0828	-3123.9678
10	24	-648.7919	-3049.6104
10	25	-691.9872	-3140.4507
10	26	-644.4627	-3027.8582
10	27	-698.8258	-3140.057
10	28	-649.01166	-3163.4602
10	29	-647.75995	-3015.2988
11	1	-649.2665	-3153.1355
11	2	-642.43365	-3149.9153
11	3	-645.7896	-3151.906
11	4	-653.2335	-3019.9045
11	5	-654.8294	-3090.841
11	6	-654.4876	-3083.8699
11	7	-654.8724	-3099.991
11	8	-663.62225	-3093.861
11	9	-658.1853	-3082.5515
11	10	-663.4709	-3083.9558
11	11	-658.1625	-3102.5713
11	12	-654.6325	-3107.2603
11	13	-663.4854	-3073.2046
11	14	-658.0631	-3113.0186
11	15	-662.92975	-3111.8418
11	16	-655.0174	-3114.2598
11	17	-657.94775	-3062.6821
11	18	-662.94305	-3119.27
11	19	-657.9408	-3121.8105
11	20	-654.7711	-3122.9834
11	21	-654.13336	-3057.9924
11	22	-666.6812	-3124.1538
11	23	-673.0828	-3123.9678
11	24	-648.57324	-3049.8801
11	25	-691.999	-3140.4539
11	26	-644.4129	-3026.608
11	27	-698.82446	-3140.0537
11	28	-649.01166	-3163.4602
11	29	-647.75995	-3015.2988
11	37	-698.391	-3108.6323
12	1	-649.2846	-3152.9036
12	2	-642.4238	-3149.4448
12	3	-645.80273	-3151.4746
12	4	-653.2265	-3020.6624
12	5	-654.8294	-3090.841
12	6	-654.4875	-3083.8633
12	7	-654.8724	-3099.991
12	8	-663.6246	-3094.172
12	9	-658.1914	-3083.1497
12	10	-663.4811	-3084.2883
12	11	-658.16235	-3102.572
12	12	-654.6325	-3107.2603
12	13	-663.4865	-3073.47
12	14	-658.0631	-3113.0186
12	15	-662.9336	-3111.851
12	16	-655.0174	-3114.2598
12	17	-657.9768	-3063.3513
12	18	-662.94196	-3119.2698
12	19	-657.9408	-3121.8105
12	20	-654.7711	-3122.9834
12	21	-654.1589	-3058.7036
12	22	-666.6785	-3124.1492
12	23	-673.0828	-3123.9678
12	24	-648.3245	-3050.1458
12	25	-692.20795	-3140.4255
12	26	-644.3746	-3025.3582
12	27	-698.8155	-3140.0554
12	28	-649.01166	-3163.4602
12	29	-647.75995	-3015.2988
12	37	-698.4643	-3108.625
13	1	-649.329	-3152.6582
13	2	-642.3952	-3149.087
13	3	-645.80566	-3150.9868
13	4	-653.24396	-3021.4617
13	5	-654.82947	-3090.841
13	6	-654.4861	-3083.8674
13	7	-654.8724	-3099.991
13	8	-663.6251	-3094.4885
13	9	-658.2043	-3083.7253
13	10	-663.4956	-3084.6094
13	11	-658.16003	-3102.5608
13	12	-654.6325	-3107.2603
13	13	-663.4898	-3073.7417
13	14	-658.0631	-3113.0186
13	15	-662.9292	-3111.8425
13	16	-655.0174	-3114.2598
13	17	-658.0027	-3064.0088
13	18	-662.9416	-3119.2693
13	19	-657.9408	-3121.8105
13	20	-654.7711	-3122.9834
13	21	-654.18896	-3059.433
13	22	-666.6768	-3124.1467
13	23	-673.0828	-3123.9678
13	24	-648.0822	-3050.3916
13	25	-692.042	-3140.4558
13	26	-644.3374	-3024.12
13	27	-698.8227	-3140.0542
13	28	-649.01166	-3163.4602
13	29	-647.75995	-3015.2988
14	1	-649.3709	-3152.3967
14	2	-642.3764	-3148.6467
14	3	-645.8256	-3150.5122
14	4	-653.2638	-3022.2217
14	5	-654.8294	-3090.841
14	6	-654.48615	-3083.8623
14	7	-654.8724	-3099.991
14	8	-663.6252	-3094.7905
14	9	-658.2102	-3084.2595
14	10	-663.50116	-3084.9365
14	11	-658.16266	-3102.5723
14	12	-654.6325	-3107.2603
14	13	-663.4915	-3074.0073
14	14	-658.0631	-3113.0186
14	15	-662.9316	-3111.8523
14	16	-655.0174	-3114.2598
14	17	-658.0274	-3064.648
14	18	-662.9403	-3119.2678
14	19	-657.9408	-3121.8105
14	20	-654.7711	-3122.9834
14	21	-654.21967	-3060.1646
14	22	-666.65204	-3124.157
14	23	-673.0828	-3123.9678
14	24	-647.83734	-3050.6504
14	25	-692.26733	-3140.416
14	26	-644.2959	-3022.8694
14	27	-698.8341	-3140.0544
14	28	-649.01166	-3163.4602
14	29	-647.75995	-3015.2988
14	37	-698.33704	-3108.6206
15	1	-649.41943	-3152.1536
15	2	-642.3576	-3148.176
15	3	-645.83264	-3150.041
15	4	-653.2672	-3023.0503
15	5	-654.8294	-3090.841
15	6	-654.48376	-3083.8623
15	7	-654.8724	-3099.991
15	8	-663.6314	-3095.097
15	9	-658.21454	-3084.774
15	10	-663.5086	-3085.2463
15	11	-658.16064	-3102.5679
15	12	-654.6325	-3107.2603
15	13	-663.4932	-3074.275
15	14	-658.0631	-3113.0186
15	15	-662.9267	-3111.8374
15	16	-655.0174	-3114.2598
15	17	-658.05536	-3065.2913
15	18	-662.94006	-3119.273
15	19	-657.9408	-3121.8105
15	20	-654.7711	-3122.9834
15	21	-654.24664	-3060.8523
15	22	-666.66864	-3124.1548
15	23	-673.0828	-3123.9678
15	24	-647.5766	-3050.8652
15	25	-692.2887	-3140.4133
15	26	-644.2573	-3021.6523
15	27	-698.839	-3140.0452
15	28	-649.01166	-3163.4602
15	37	-698.3262	-3108.6194
16	1	-649.49457	-3151.8628
16	2	-642.3584	-3147.709
16	3	-645.8427	-3149.548
16	4	-653.29266	-3023.8408
16	5	-654.8294	-3090.841
16	6	-654.4845	-3083.863
16	7	-654.8724	-3099.991
16	8	-663.6331	-3095.3945
16	9	-658.2219	-3085.3088
16	10	-663.5239	-3085.5747
16	11	-658.1632	-3102.573
16	12	-654.6325	-3107.2603
16	13	-663.49414	-3074.5464
16	14	-658.0631	-3113.0186
16	15	-662.9271	-3111.8396
16	16	-655.0174	-3114.2598
16	17	-658.0819	-3065.946
16	18	-662.93976	-3119.2664
16	19	-657.9408	-3121.8105
16	20	-654.7711	-3122.9834
16	21	-654.27783	-3061.5369
16	22	-666.67737	-3124.1555
16	23	-673.0828	-3123.9678
16	24	-647.27936	-3051.084
16	25	-692.0686	-3140.4646
16	26	-644.21155	-3020.4365
16	27	-698.83264	-3140.048
16	37	-698.363	-3108.6074
17	1	-649.5517	-3151.5505
17	2	-642.3277	-3147.2761
17	3	-645.847	-3149.063
17	4	-653.3085	-3024.6052
17	5	-654.8294	-3090.8413
17	6	-654.48413	-3083.8677
17	7	-654.8724	-3099.991
17	8	-663.63403	-3095.6782
17	9	-658.2261	-3085.7832
17	10	-663.53436	-3085.9026
17	11	-658.1623	-3102.581
17	12	-654.6325	-3107.2603
17	13	-663.493	-3074.8145
17	14	-658.0631	-3113.0186
17	15	-662.926	-3111.826
17	16	-655.0174	-3114.2598
17	17	-658.1028	-3066.5933
17	18	-662.9375	-3119.2756
17	19	-657.9408	-3121.8105
17	20	-654.7711	-3122.9834
17	21	-654.3034	-3062.1611
17	22	-666.686	-3124.1426
17	23	-673.0828	-3123.9678
17	24	-646.9945	-3051.2837
17	25	-692.0515	-3140.457
17	26	-644.1635	-3019.2017
17	27	-698.8528	-3140.0376
17	37	-698.34924	-3108.6245
18	1	-649.63556	-3151.26
18	2	-642.34515	-3146.8977
18	3	-645.8531	-3148.502
18	4	-653.3089	-3025.381
18	5	-654.82935	-3090.8413
18	6	-654.4833	-3083.868
18	7	-654.8724	-3099.991
18	8	-663.63574	-3095.9739
18	9	-658.23224	-3086.281
18	10	-663.5454	-3086.2183
18	11	-658.1633	-3102.5737
18	12	-654.6325	-3107.2603
18	13	-663.4916	-3075.0708
18	14	-658.0631	-3113.0186
18	15	-662.9277	-3111.831
18	16	-655.0174	-3114.2598
18	17	-658.1275	-3067.257
18	18	-662.9404	-3119.2676
18	19	-657.9408	-3121.8105
18	20	-654.7711	-3122.9834
18	21	-654.3294	-3062.7937
18	22	-666.6779	-3124.1494
18	23	-673.0828	-3123.9678
18	24	-646.65576	-3051.472
18	25	-692.07715	-3140.4485
18	26	-644.10803	-3017.935
18	27	-698.9065	-3140.0679
18	37	-698.3936	-3108.6726
19	1	-649.69507	-3150.9736
19	2	-642.34564	-3146.435
19	3	-645.8521	-3147.9233
19	4	-653.3008	-3026.1726
19	5	-654.8292	-3090.841
19	6	-654.4854	-3083.8696
19	7	-654.8724	-3099.991
19	8	-663.64075	-3096.251
19	9	-658.23816	-3086.724
19	10	-663.55914	-3086.5273
19	11	-658.1588	-3102.5725
19	12	-654.6325	-3107.2603
19	13	-663.48865	-3075.3267
19	14	-658.0631	-3113.0186
19	15	-662.9258	-3111.8298
19	16	-655.0174	-3114.2598
19	17	-658.15137	-3067.8818
19	18	-662.93964	-3119.2705
19	19	-657.9408	-3121.8105
19	20	-654.7711	-3122.9834
19	21	-654.3586	-3063.4453
19	22	-666.6658	-3124.1624
19	23	-673.0828	-3123.9678
19	24	-646.30005	-3051.666
19	25	-692.0612	-3140.45
19	26	-644.0445	-3016.6758
19	27	-698.86053	-3140.0396
19	30	-635.1906	-3049.5063
19	37	-698.3711	-3108.7231
19	40	-641.99005	-3160.567
20	1	-649.79926	-3150.6594
20	2	-642.3001	-3145.7822
20	3	-645.8649	-3147.3376
20	4	-653.31274	-3026.9116
20	5	-654.8292	-3090.841
20	6	-654.48334	-3083.8691
20	7	-654.8724	-3099.991
20	8	-663.6375	-3096.515
20	9	-658.2426	-3087.1516
20	10	-663.5696	-3086.8376
20	11	-658.16077	-3102.5679
20	12	-654.6325	-3107.2603
20	13	-663.4882	-3075.5786
20	14	-658.0631	-3113.0186
20	15	-662.9289	-3111.8315
20	16	-655.0174	-3114.2598
20	17	-658.1713	-3068.531
20	18	-662.93994	-3119.272
20	19	-657.9408	-3121.8105
20	20	-654.7711	-3122.9834
20	21	-654.38635	-3064.0544
20	22	-666.6581	-3124.1565
20	23	-673.0828	-3123.9678
20	24	-645.93695	-3051.8635
20	25	-692.0678	-3140.4536
20	26	-643.9933	-3015.3855
20	27	-698.86926	-3140.0513
20	30	-635.26556	-3049.5251
20	37	-698.42554	-3108.758
20	40	-642.1472	-3160.3423
21	1	-649.94354	-3150.3027
21	2	-642.33844	-3145.4128
21	3	-645.8744	-3146.696
21	4	-653.3404	-3027.66
21	5	-654.82916	-3090.841
21	6	-654.48615	-3083.8745
21	7	-654.8724	-3099.991
21	8	-663.63605	-3096.7866
21	9	-658.246	-3087.5774
21	10	-663.577	-3087.1433
21	11	-658.16046	-3102.5693
21	12	-654.6325	-3107.2603
21	13	-663.49316	-3075.8337
21	14	-658.0631	-3113.0186
21	15	-662.92474	-3111.8264
21	16	-655.0174	-3114.2598
21	17	-658.194	-3069.1692
21	18	-662.9402	-3119.2756
21	19	-657.9408	-3121.8105
21	20	-654.7711	-3122.9834
21	21	-654.4108	-3064.636
21	22	-666.6527	-3124.1667
21	23	-673.0828	-3123.9678
21	24	-645.56635	-3052.0225
21	25	-692.06384	-3140.4563
21	26	-643.96564	-3014.127
21	27	-698.85596	-3140.0427
21	30	-635.4367	-3049.5308
21	40	-642.15643	-3160.0042
22	1	-650.0785	-3149.9905
22	2	-642.31903	-3144.9194
22	3	-645.8914	-3146.115
22	4	-653.34375	-3028.3865
22	5	-654.82935	-3090.841
22	6	-654.48425	-3083.8713
22	7	-654.8724	-3099.991
22	8	-663.64056	-3097.0518
22	9	-658.2568	-3087.9885
22	10	-663.58716	-3087.4314
22	11	-658.15985	-3102.5605
22	12	-654.6325	-3107.2603
22	13	-663.489	-3076.08
22	14	-658.0631	-3113.0186
22	15	-662.92847	-3111.8357
22	16	-655.0174	-3114.2598
22	17	-658.2053	-3069.7976
22	18	-662.9384	-3119.2703
22	19	-657.9408	-3121.8105
22	20	-654.7711	-3122.9834
22	21	-654.4299	-3065.142
22	22	-666.65045	-3124.1633
22	23	-673.0828	-3123.9678
22	24	-645.1678	-3052.1873
22	25	-692.0424	-3140.4514
22	27	-698.8467	-3140.0513
22	30	-635.5054	-3049.5405
22	40	-642.0334	-3159.5986
23	1	-650.2494	-3149.6418
23	2	-642.28186	-3144.3542
23	3	-645.88116	-3145.3674
23	4	-653.3451	-3029.0989
23	5	-654.8294	-3090.841
23	6	-654.4834	-3083.8672
23	7	-654.8724	-3099.991
23	8	-663.64746	-3097.2922
23	9	-658.25494	-3088.3838
23	10	-663.60236	-3087.7158
23	11	-658.1593	-3102.5652
23	12	-654.6325	-3107.2603
23	13	-663.4902	-3076.329
23	14	-658.0631	-3113.0186
23	15	-662.9261	-3111.831
23	16	-655.0174	-3114.2598
23	17	-658.22485	-3070.4343
23	18	-662.93866	-3119.2764
23	19	-657.9408	-3121.8105
23	20	-654.7711	-3122.9834
23	21	-654.45465	-3065.685
23	22	-666.6846	-3124.1506
23	23	-673.0828	-3123.9678
23	24	-644.79443	-3052.3347
23	25	-691.9716	-3140.444
23	27	-698.8406	-3140.0408
23	30	-635.4877	-3049.4663
23	37	-698.3491	-3108.6492
23	40	-642.0179	-3159.2053
24	1	-650.42426	-3149.319
24	2	-642.2344	-3143.7214
24	3	-645.8933	-3144.7065
24	4	-653.3631	-3029.8428
24	5	-654.8293	-3090.841
24	6	-654.4838	-3083.8667
24	7	-654.8724	-3099.991
24	8	-663.646	-3097.527
24	9	-658.2618	-3088.7656
24	10	-663.6128	-3087.9695
24	11	-658.1553	-3102.5598
24	12	-654.6325	-3107.2603
24	13	-663.4883	-3076.5518
24	14	-658.0631	-3113.0186
24	15	-662.92676	-3111.8281
24	16	-655.0174	-3114.2598
24	17	-658.23096	-3071.0647
24	18	-662.9374	-3119.2751
24	19	-657.9408	-3121.8105
24	20	-654.7711	-3122.9834
24	21	-654.47723	-3066.2449
24	22	-666.6648	-3124.16
24	23	-673.0828	-3123.9678
24	24	-644.4055	-3052.4775
24	25	-691.9008	-3140.4602
24	27	-698.8441	-3140.0435
24	30	-635.5855	-3049.5056
24	37	-698.37683	-3108.6702
24	40	-642.04144	-3158.8018
25	1	-650.6277	-3148.9749
25	2	-642.2141	-3143.1392
25	3	-645.9027	-3143.981
25	4	-653.37537	-3030.579
25	5	-654.8295	-3090.841
25	6	-654.4855	-3083.8623
25	7	-654.8724	-3099.991
25	8	-663.6438	-3097.7837
25	9	-658.2715	-3089.1301
25	10	-663.62897	-3088.2283
25	11	-658.1583	-3102.5627
25	12	-654.6325	-3107.2603
25	13	-663.48865	-3076.7856
25	14	-658.0631	-3113.0186
25	15	-662.9282	-3111.8264
25	16	-655.0174	-3114.2598
25	17	-658.2443	-3071.7083
25	18	-662.9373	-3119.2673
25	19	-657.9408	-3121.8105
25	20	-654.7711	-3122.9834
25	21	-654.4992	-3066.7478
25	22	-666.6751	-3124.1538
25	23	-673.0828	-3123.9678
25	24	-644.00684	-3052.6099
25	25	-691.9151	-3140.4492
25	27	-698.83453	-3140.0398
25	30	-635.6807	-3049.4932
25	37	-698.33417	-3108.6938
25	40	-641.98254	-3158.358
26	1	-650.8355	-3148.6326
26	2	-642.20337	-3142.494
26	3	-645.8942	-3143.197
26	4	-653.3879	-3031.2766
26	5	-654.82947	-3090.841
26	6	-654.4852	-3083.86
26	7	-654.8724	-3099.991
26	8	-663.64825	-3098.0317
26	9	-658.26984	-3089.4626
26	10	-663.63776	-3088.4756
26	11	-658.1605	-3102.5696
26	12	-654.6325	-3107.2603
26	13	-663.4836	-3077.0142
26	14	-658.0631	-3113.0186
26	15	-662.92816	-3111.8213
26	16	-655.0174	-3114.2598
26	17	-658.25726	-3072.3218
26	18	-662.9374	-3119.268
26	19	-657.9408	-3121.8105
26	20	-654.7711	-3122.9834
26	21	-654.5148	-3067.2625
26	22	-666.66614	-3124.1519
26	23	-673.0828	-3123.9678
26	24	-643.5755	-3052.7366
26	25	-691.96185	-3140.4697
26	27	-698.8405	-3140.0417
26	30	-635.7702	-3049.4854
26	31	-648.9133	-3160.7788
26	37	-698.34375	-3108.6987
26	40	-642.0065	-3157.9058
27	1	-651.06305	-3148.3193
27	2	-642.17706	-3141.8457
27	3	-645.89026	-3142.4382
27	4	-653.40234	-3032.006
27	5	-654.8294	-3090.841
27	6	-654.4873	-3083.8662
27	7	-654.8724	-3099.991
27	8	-663.6496	-3098.251
27	9	-658.2681	-3089.7927
27	10	-663.6433	-3088.7178
27	11	-658.1613	-3102.5693
27	12	-654.6325	-3107.2603
27	13	-663.4828	-3077.2495
27	14	-658.0631	-3113.0186
27	15	-662.9261	-3111.8206
27	16	-655.0174	-3114.2598
27	17	-658.2594	-3072.9448
27	18	-662.9392	-3119.2676
27	19	-657.9408	-3121.8105
27	20	-654.7711	-3122.9834
27	21	-654.5354	-3067.773
27	22	-666.668	-3124.1504
27	23	-673.0828	-3123.9678
27	24	-643.134	-3052.841
27	25	-691.94604	-3140.453
27	27	-698.8336	-3140.0376
27	30	-635.8853	-3049.4817
27	31	-648.883	-3160.4133
27	37	-698.3076	-3108.7139
27	40	-641.99036	-3157.523
28	1	-651.3008	-3147.9976
28	2	-642.1642	-3141.231
28	3	-645.889	-3141.6458
28	4	-653.4225	-3032.77
28	5	-654.8296	-3090.841
28	6	-654.48865	-3083.8762
28	7	-654.8724	-3099.991
28	8	-663.65045	-3098.4785
28	9	-658.264	-3090.1162
28	10	-663.65717	-3088.9763
28	11	-658.15674	-3102.566
28	12	-654.6325	-3107.2603
28	13	-663.4796	-3077.477
28	14	-658.0631	-3113.0186
28	15	-662.93066	-3111.8293
28	16	-655.0174	-3114.2598
28	17	-658.27057	-3073.5542
28	18	-662.93835	-3119.2642
28	19	-657.9408	-3121.8105
28	20	-654.7711	-3122.9834
28	21	-654.5534	-3068.2449
28	22	-666.64246	-3124.1653
28	23	-673.0828	-3123.9678
28	24	-642.72516	-3052.921
28	25	-692.0478	-3140.4268
28	27	-698.84546	-3140.0422
28	30	-635.97687	-3049.476
28	31	-648.8732	-3160.1113
28	40	-641.9933	-3157.089
29	1	-651.5733	-3147.6897
29	2	-642.1273	-3140.5588
29	3	-645.87103	-3140.8198
29	4	-653.4363	-3033.561
29	5	-654.8295	-3090.8408
29	6	-654.48865	-3083.867
29	7	-654.8724	-3099.991
29	8	-663.64795	-3098.7126
29	9	-658.27277	-3090.4229
29	10	-663.6595	-3089.2168
29	11	-658.1611	-3102.5667
29	12	-654.6325	-3107.2603
29	13	-663.4765	-3077.7173
29	14	-658.0631	-3113.0186
29	15	-662.9304	-3111.8257
29	16	-655.0174	-3114.2598
29	17	-658.2699	-3074.184
29	18	-662.93823	-3119.262
29	19	-657.9408	-3121.8105
29	20	-654.7711	-3122.9834
29	21	-654.5793	-3068.7063
29	22	-666.6767	-3124.1494
29	23	-673.0828	-3123.9678
29	24	-642.3125	-3052.9976
29	25	-691.8611	-3140.4458
29	27	-698.8587	-3140.038
29	30	-636.12354	-3049.4636
29	31	-648.8959	-3159.8352
29	40	-641.95966	-3156.5603
30	1	-651.8681	-3147.3496
30	2	-642.1016	-3139.9033
30	3	-645.87366	-3139.9941
30	4	-653.45483	-3034.2947
30	5	-654.8295	-3090.8408
30	6	-654.4888	-3083.8743
30	7	-654.8724	-3099.991
30	8	-663.6538	-3098.9092
30	9	-658.27386	-3090.7112
30	10	-663.6674	-3089.4697
30	11	-658.1607	-3102.5657
30	12	-654.6325	-3107.2603
30	13	-663.4733	-3077.9463
30	14	-658.0631	-3113.0186
30	15	-662.93256	-3111.8308
30	16	-655.0174	-3114.2598
30	17	-658.27386	-3074.7913
30	18	-662.9405	-3119.2656
30	19	-657.9408	-3121.8105
30	20	-654.7711	-3122.9834
30	21	-654.5979	-3069.16
30	22	-666.6438	-3124.1685
30	23	-673.0828	-3123.9678
30	24	-641.89197	-3053.0803
30	25	-691.7621	-3140.461
30	27	-698.8597	-3140.0444
30	30	-636.2224	-3049.4585
30	31	-648.92303	-3159.4678
30	40	-641.94855	-3156.1062
31	1	-652.1586	-3147.048
31	2	-642.0767	-3139.183
31	3	-645.87866	-3139.1804
31	4	-653.47064	-3035.057
31	5	-654.8295	-3090.8408
31	6	-654.4886	-3083.87
31	7	-654.8724	-3099.991
31	8	-663.65424	-3099.1152
31	9	-658.2637	-3090.9966
31	10	-663.6779	-3089.713
31	11	-658.1563	-3102.5637
31	12	-654.6325	-3107.2603
31	13	-663.47003	-3078.1765
31	14	-658.0631	-3113.0186
31	15	-662.92725	-3111.8118
31	16	-655.0174	-3114.2598
31	17	-658.2745	-3075.3696
31	18	-662.93896	-3119.258
31	19	-657.9408	-3121.8105
31	20	-654.7711	-3122.9834
31	21	-654.6116	-3069.6187
31	22	-666.6448	-3124.1682
31	23	-673.0828	-3123.9678
31	24	-641.44916	-3053.1345
31	25	-691.6494	-3140.4731
31	27	-698.85455	-3140.0388
31	30	-636.33496	-3049.4424
31	31	-648.9197	-3159.191
31	37	-698.24194	-3108.6917
31	40	-641.91693	-3155.708
32	1	-652.45624	-3146.7473
32	2	-642.05194	-3138.4414
32	3	-645.88763	-3138.319
32	4	-653.4917	-3035.8096
32	5	-654.8295	-3090.8408
32	6	-654.4879	-3083.8757
32	7	-654.8724	-3099.991
32	8	-663.6506	-3099.3083
32	9	-658.26196	-3091.253
32	10	-663.6843	-3089.937
32	11	-658.1617	-3102.5671
32	12	-654.6325	-3107.2603
32	13	-663.47205	-3078.3997
32	14	-658.0631	-3113.0186
32	15	-662.9293	-3111.8298
32	16	-655.0174	-3114.2598
32	17	-658.2779	-3075.9478
32	18	-662.94037	-3119.2522
32	19	-657.9408	-3121.8105
32	20	-654.7711	-3122.9834
32	21	-654.6289	-3070.0483
32	22	-666.64417	-3124.1702
32	23	-673.0828	-3123.9678
32	24	-641.02075	-3053.1948
32	25	-691.5966	-3140.5112
32	27	-698.84467	-3140.043
32	30	-636.44116	-3049.4365
32	31	-648.9241	-3158.8494
33	1	-652.76794	-3146.487
33	2	-642.0302	-3137.7007
33	3	-645.89124	-3137.4526
33	4	-653.50586	-3036.5308
33	5	-654.8295	-3090.8408
33	6	-654.4886	-3083.8726
33	7	-654.8724	-3099.991
33	8	-663.6467	-3099.501
33	9	-658.2591	-3091.5146
33	10	-663.68713	-3090.1526
33	11	-658.1585	-3102.5703
33	12	-654.6325	-3107.2603
33	13	-663.47266	-3078.6194
33	14	-658.0631	-3113.0186
33	15	-662.92523	-3111.8374
33	16	-655.0174	-3114.2598
33	17	-658.2797	-3076.4912
33	18	-662.9368	-3119.26
33	19	-657.9408	-3121.8105
33	20	-654.7711	-3122.9834
33	21	-654.6481	-3070.467
33	22	-666.679	-3124.1526
33	23	-673.0828	-3123.9678
33	24	-640.5844	-3053.2388
33	25	-691.57294	-3140.4753
33	27	-698.8382	-3140.0354
33	30	-636.66565	-3049.4207
33	31	-648.9252	-3158.5156
34	1	-653.12976	-3146.176
34	2	-642.0212	-3136.9065
34	3	-645.85376	-3136.584
34	4	-653.5186	-3037.2751
34	5	-654.8294	-3090.8408
34	6	-654.4898	-3083.8733
34	7	-654.8724	-3099.991
34	8	-663.6478	-3099.68
34	9	-658.2543	-3091.758
34	10	-663.69696	-3090.3916
34	11	-658.1595	-3102.5671
34	12	-654.6325	-3107.2603
34	13	-663.4683	-3078.844
34	14	-658.0631	-3113.0186
34	15	-662.9272	-3111.8237
34	16	-655.0174	-3114.2598
34	17	-658.2844	-3077.0405
34	18	-662.93896	-3119.2576
34	19	-657.9408	-3121.8105
34	20	-654.7711	-3122.9834
34	21	-654.6675	-3070.8706
34	22	-666.6435	-3124.1719
34	23	-673.0828	-3123.9678
34	24	-640.1424	-3053.2854
34	25	-691.41125	-3140.529
34	27	-698.79596	-3140.0334
34	30	-636.9584	-3049.3916
34	31	-648.93854	-3158.1567
35	1	-653.5177	-3145.8801
35	2	-642.0001	-3136.1875
35	3	-645.875	-3135.6738
35	4	-653.53326	-3038.0027
35	5	-654.82965	-3090.8408
35	6	-654.48956	-3083.8674
35	7	-654.8724	-3099.991
35	8	-663.64935	-3099.846
35	9	-658.26886	-3091.9883
35	10	-663.6995	-3090.5977
35	11	-658.1593	-3102.5662
35	12	-654.6325	-3107.2603
35	13	-663.46124	-3079.0698
35	14	-658.0631	-3113.0186
35	15	-662.92584	-3111.839
35	16	-655.0174	-3114.2598
35	17	-658.2873	-3077.5645
35	18	-662.9377	-3119.2603
35	19	-657.9408	-3121.8105
35	20	-654.7711	-3122.9834
35	21	-654.6779	-3071.2756
35	22	-666.67645	-3124.1584
35	23	-673.0828	-3123.9678
35	24	-639.71533	-3053.313
35	25	-691.5459	-3140.47
35	27	-698.8268	-3140.0286
35	31	-648.9413	-3157.801
36	1	-653.92303	-3145.621
36	2	-641.9725	-3135.3757
36	3	-645.866	-3134.7253
36	4	-653.541	-3038.7178
36	5	-654.8297	-3090.8408
36	6	-654.4892	-3083.8608
36	7	-654.8724	-3099.991
36	8	-663.6544	-3100.0208
36	9	-658.2641	-3092.1985
36	10	-663.70905	-3090.8306
36	11	-658.1576	-3102.5664
36	12	-654.6325	-3107.2603
36	13	-663.45935	-3079.292
36	14	-658.0631	-3113.0186
36	15	-662.93	-3111.8281
36	16	-655.0174	-3114.2598
36	17	-658.2872	-3078.0608
36	18	-662.9378	-3119.2678
36	19	-657.9408	-3121.8105
36	20	-654.7711	-3122.9834
36	21	-654.69196	-3071.6897
36	22	-666.6843	-3124.1548
36	23	-673.0828	-3123.9678
36	24	-639.2189	-3053.338
36	25	-691.29913	-3140.5002
36	27	-698.85126	-3140.031
36	31	-648.9552	-3157.4175
36	37	-698.1935	-3108.6023
37	1	-654.36536	-3145.3494
37	2	-641.9483	-3134.5945
37	3	-645.8544	-3133.8066
37	4	-653.55426	-3039.4175
37	5	-654.82983	-3090.8408
37	6	-654.491	-3083.8628
37	7	-654.8724	-3099.991
37	8	-663.6472	-3100.1848
37	9	-658.2614	-3092.399
37	10	-663.71313	-3091.0332
37	11	-658.1571	-3102.563
37	12	-654.6325	-3107.2603
37	13	-663.4597	-3079.51
37	14	-658.0631	-3113.0186
37	15	-662.92834	-3111.826
37	16	-655.0174	-3114.2598
37	17	-658.28876	-3078.5198
37	18	-662.93713	-3119.271
37	19	-657.9408	-3121.8105
37	20	-654.7711	-3122.9834
37	21	-654.70557	-3072.0767
37	22	-666.66125	-3124.1545
37	23	-673.0828	-3123.9678
37	24	-638.7597	-3053.3518
37	25	-691.53656	-3140.4644
37	27	-698.84485	-3140.0337
37	30	-637.97217	-3049.344
37	31	-648.95337	-3157.034
37	37	-698.1589	-3108.6033
38	1	-654.7863	-3145.1099
38	2	-641.9435	-3133.827
38	3	-645.84863	-3132.8584
38	4	-653.564	-3040.1067
38	5	-654.8299	-3090.841
38	6	-654.49097	-3083.869
38	7	-654.8724	-3099.991
38	8	-663.6473	-3100.3445
38	9	-658.2555	-3092.5923
38	10	-663.71356	-3091.2415
38	11	-658.15546	-3102.5625
38	12	-654.6325	-3107.2603
38	13	-663.4609	-3079.7205
38	14	-658.0631	-3113.0186
38	15	-662.9298	-3111.819
38	16	-655.0174	-3114.2598
38	17	-658.2908	-3078.984
38	18	-662.9368	-3119.2722
38	19	-657.9408	-3121.8105
38	20	-654.7711	-3122.9834
38	21	-654.72217	-3072.4746
38	22	-666.6827	-3124.1555
38	23	-673.0828	-3123.9678
38	24	-638.2955	-3053.3687
38	25	-691.5264	-3140.4663
38	27	-698.8332	-3140.0327
38	30	-638.29297	-3049.34
38	31	-648.96185	-3156.6538
38	37	-698.1296	-3108.5898
39	1	-655.2211	-3144.8906
39	2	-641.9252	-3133.0015
39	3	-645.8407	-3131.9287
39	4	-653.57623	-3040.812
39	5	-654.82983	-3090.841
39	6	-654.4904	-3083.8657
39	7	-654.8724	-3099.991
39	8	-663.65	-3100.4856
39	9	-658.25195	-3092.7385
39	10	-663.7195	-3091.452
39	11	-658.1602	-3102.5652
39	12	-654.6325	-3107.2603
39	13	-663.45905	-3079.9402
39	14	-658.0631	-3113.0186
39	15	-662.93384	-3111.8267
39	16	-655.0174	-3114.2598
39	17	-658.29047	-3079.4087
39	18	-662.93695	-3119.2727
39	19	-657.9408	-3121.8105
39	20	-654.7711	-3122.9834
39	21	-654.7425	-3072.844
39	23	-673.0828	-3123.9678
39	24	-637.8349	-3053.3823
39	25	-691.64374	-3140.4697
39	27	-698.8384	-3140.0342
39	30	-638.5882	-3049.3164
39	31	-648.94977	-3156.2732
39	37	-698.1322	-3108.6267
40	1	-655.6742	-3144.6833
40	2	-641.903	-3132.15
40	3	-645.8233	-3130.9565
40	4	-653.59546	-3041.5151
40	5	-654.8299	-3090.841
40	6	-654.49005	-3083.8691
40	7	-654.8724	-3099.991
40	8	-663.6456	-3100.6196
40	9	-658.25696	-3092.908
40	10	-663.72894	-3091.6475
40	11	-658.15814	-3102.5676
40	12	-654.6325	-3107.2603
40	13	-663.449	-3080.1558
40	14	-658.0631	-3113.0186
40	15	-662.9299	-3111.8225
40	16	-655.0174	-3114.2598
40	17	-658.2911	-3079.8103
40	18	-662.937	-3119.2722
40	19	-657.9408	-3121.8105
40	20	-654.7711	-3122.9834
40	21	-654.7509	-3073.2087
40	22	-666.69305	-3124.151
40	23	-673.0828	-3123.9678
40	24	-637.3946	-3053.3845
40	25	-691.6179	-3140.466
40	27	-698.80835	-3140.0334
40	30	-638.94617	-3049.2703
40	31	-648.9904	-3155.8035
40	37	-698.0838	-3108.5908
41	1	-656.144	-3144.4866
41	2	-641.8901	-3131.24
41	3	-645.8016	-3129.9783
41	4	-653.60675	-3042.2305
41	5	-654.82996	-3090.841
41	6	-654.4873	-3083.8608
41	7	-654.8724	-3099.991
41	8	-663.6455	-3100.7615
41	9	-658.23944	-3093.0483
41	10	-663.7315	-3091.8313
41	11	-658.15857	-3102.5654
41	12	-654.6325	-3107.2603
41	13	-663.44934	-3080.364
41	14	-658.0631	-3113.0186
41	15	-662.9301	-3111.8174
41	16	-655.0174	-3114.2598
41	17	-658.2892	-3080.189
41	18	-662.9382	-3119.264
41	19	-657.9408	-3121.8105
41	20	-654.7711	-3122.9834
41	21	-654.7568	-3073.5496
41	22	-666.69727	-3124.1614
41	23	-673.0828	-3123.9678
41	24	-636.93463	-3053.389
41	25	-691.523	-3140.4673
41	27	-698.8218	-3140.0298
41	30	-639.305	-3049.22
41	31	-649.0187	-3155.3809
41	37	-698.03125	-3108.5647
42	1	-656.58356	-3144.3225
42	2	-641.87	-3130.3477
42	3	-645.78766	-3128.9736
42	4	-653.618	-3042.935
42	5	-654.82996	-3090.841
42	6	-654.487	-3083.8674
42	7	-654.8724	-3099.991
42	8	-663.6418	-3100.9028
42	9	-658.2323	-3093.1748
42	10	-663.7314	-3092.0234
42	11	-658.1587	-3102.5679
42	12	-654.6325	-3107.2603
42	13	-663.4468	-3080.5696
42	14	-658.0631	-3113.0186
42	15	-662.9301	-3111.8223
42	16	-655.0174	-3114.2598
42	17	-658.2934	-3080.5479
42	18	-662.94025	-3119.2632
42	19	-657.9408	-3121.8105
42	20	-654.7711	-3122.9834
42	21	-654.7683	-3073.8835
42	22	-666.6825	-3124.1611
42	23	-673.0828	-3123.9678
42	24	-636.3835	-3053.4006
42	25	-691.4688	-3140.4556
42	27	-698.82495	-3140.0337
42	30	-639.6169	-3049.1963
42	31	-649.0543	-3154.957
42	37	-697.96545	-3108.5444
43	1	-657.02545	-3144.1663
43	2	-641.85834	-3129.4517
43	3	-645.7648	-3127.9468
43	4	-653.63184	-3043.6067
43	5	-654.8299	-3090.8408
43	6	-654.4889	-3083.8667
43	7	-654.8724	-3099.991
43	8	-663.643	-3101.0264
43	9	-658.23663	-3093.2908
43	10	-663.7375	-3092.19
43	11	-658.15784	-3102.5676
43	12	-654.6325	-3107.2603
43	13	-663.4376	-3080.7812
43	14	-658.0631	-3113.0186
43	15	-662.9317	-3111.8215
43	16	-655.0174	-3114.2598
43	17	-658.2953	-3080.8826
43	18	-662.9381	-3119.2603
43	19	-657.9408	-3121.8105
43	20	-654.7711	-3122.9834
43	21	-654.78046	-3074.2021
43	22	-666.69037	-3124.145
43	23	-673.0828	-3123.9678
43	24	-635.83887	-3053.402
43	25	-691.4125	-3140.4426
43	27	-698.84467	-3140.0366
43	30	-639.9342	-3049.1743
43	31	-649.0853	-3154.5186
43	37	-697.9034	-3108.537
44	1	-657.483	-3144.0212
44	2	-641.84235	-3128.4573
44	3	-645.7417	-3126.931
44	4	-653.6544	-3044.3066
44	5	-654.82983	-3090.8408
44	6	-654.48895	-3083.8662
44	7	-654.8724	-3099.991
44	8	-663.6421	-3101.1409
44	9	-658.2373	-3093.402
44	10	-663.7409	-3092.3582
44	11	-658.1577	-3102.5635
44	12	-654.6325	-3107.2603
44	13	-663.4368	-3080.9814
44	14	-658.0631	-3113.0186
44	15	-662.92664	-3111.8296
44	16	-655.0174	-3114.2598
44	17	-658.2913	-3081.2007
44	18	-662.9365	-3119.2556
44	19	-657.9408	-3121.8105
44	20	-654.7711	-3122.9834
44	21	-654.78613	-3074.4949
44	22	-666.685	-3124.1511
44	23	-673.0828	-3123.9678
44	24	-635.40765	-3053.4004
44	25	-691.40576	-3140.4565
44	27	-698.84503	-3140.04
44	30	-640.2707	-3049.1494
44	31	-649.12976	-3154.0886
44	37	-697.8127	-3108.5093
45	1	-657.9789	-3143.8765
45	2	-641.82355	-3127.4832
45	3	-645.7226	-3125.9236
45	4	-653.6835	-3044.985
45	5	-654.82983	-3090.841
45	6	-654.4916	-3083.863
45	7	-654.8724	-3099.991
45	8	-663.644	-3101.257
45	9	-658.24207	-3093.503
45	10	-663.7395	-3092.496
45	11	-658.15826	-3102.5781
45	12	-654.6325	-3107.2603
45	13	-663.4343	-3081.1829
45	14	-658.0631	-3113.0186
45	15	-662.9266	-3111.8198
45	16	-655.0174	-3114.2598
45	17	-658.3	-3081.4915
45	18	-662.9363	-3119.2483
45	19	-657.9408	-3121.8105
45	20	-654.7711	-3122.9834
45	21	-654.7934	-3074.7556
45	22	-666.67633	-3124.145
45	23	-673.0828	-3123.9678
45	24	-635.07745	-3053.397
45	25	-691.36115	-3140.4583
45	27	-698.85376	-3140.0352
45	30	-640.61597	-3049.1287
45	31	-649.1822	-3153.6816
45	37	-697.80066	-3108.5237
46	1	-658.42804	-3143.768
46	2	-641.80115	-3126.5503
46	3	-645.7063	-3124.878
46	4	-653.70044	-3045.634
46	5	-654.82983	-3090.841
46	6	-654.48773	-3083.8652
46	7	-654.8724	-3099.991
46	8	-663.6416	-3101.3708
46	9	-658.2413	-3093.588
46	10	-663.7396	-3092.649
46	11	-658.1592	-3102.5808
46	12	-654.6325	-3107.2603
46	13	-663.43	-3081.3845
46	14	-658.0631	-3113.0186
46	15	-662.9293	-3111.829
46	16	-655.0174	-3114.2598
46	17	-658.2995	-3081.7717
46	18	-662.9356	-3119.2393
46	19	-657.9408	-3121.8105
46	20	-654.7711	-3122.9834
46	21	-654.8037	-3075.014
46	22	-666.67444	-3124.141
46	23	-673.0828	-3123.9678
46	24	-634.63306	-3053.3918
46	25	-691.3877	-3140.452
46	27	-698.85504	-3140.036
46	30	-640.9763	-3049.108
46	31	-649.24713	-3153.2515
46	32	-645.6259	-3164.7693
46	33	-642.1055	-3146.1042
46	37	-697.7504	-3108.483
47	1	-658.87616	-3143.6858
47	2	-641.7939	-3125.6057
47	3	-645.6915	-3123.8127
47	4	-653.70135	-3046.289
47	5	-654.82983	-3090.841
47	6	-654.4898	-3083.8572
47	7	-654.8724	-3099.991
47	8	-663.63873	-3101.4768
47	9	-658.24475	-3093.6838
47	10	-663.747	-3092.7954
47	11	-658.15717	-3102.5696
47	12	-654.6325	-3107.2603
47	13	-663.42316	-3081.5928
47	14	-658.0631	-3113.0186
47	15	-662.9268	-3111.8254
47	16	-655.0174	-3114.2598
47	17	-658.29865	-3082.018
47	18	-662.93396	-3119.2537
47	19	-657.9408	-3121.8105
47	20	-654.7711	-3122.9834
47	21	-654.8014	-3075.2522
47	22	-666.66064	-3124.1538
47	23	-673.0828	-3123.9678
47	24	-634.251	-3053.3972
47	25	-691.3872	-3140.4553
47	27	-698.85785	-3140.0398
47	30	-641.3576	-3049.0854
47	31	-649.3284	-3152.848
47	32	-645.6237	-3163.793
47	33	-642.09125	-3145.3188
47	34	-641.5093	-3164.39
47	37	-697.7017	-3108.4937
48	1	-659.4077	-3143.5825
48	2	-641.7838	-3124.7363
48	3	-645.6768	-3122.7976
48	4	-653.71765	-3046.9683
48	5	-654.82983	-3090.841
48	6	-654.488	-3083.8662
48	7	-654.8724	-3099.991
48	8	-663.6366	-3101.5713
48	9	-658.2425	-3093.7585
48	10	-663.75	-3092.9346
48	11	-658.15607	-3102.5735
48	12	-654.6325	-3107.2603
48	13	-663.41864	-3081.7861
48	14	-658.0631	-3113.0186
48	15	-662.9249	-3111.817
48	16	-655.0174	-3114.2598
48	17	-658.2983	-3082.248
48	18	-662.93506	-3119.2476
48	19	-657.9408	-3121.8105
48	20	-654.7711	-3122.9834
48	21	-654.80756	-3075.4739
48	22	-666.64575	-3124.1565
48	23	-673.0828	-3123.9678
48	24	-633.8059	-3053.4036
48	25	-691.3632	-3140.465
48	27	-698.84686	-3140.0413
48	30	-641.7189	-3049.0676
48	31	-649.4185	-3152.4421
48	32	-645.6573	-3162.8586
48	33	-642.0682	-3144.5305
48	34	-641.51746	-3163.7798
48	37	-697.6478	-3108.4773
49	1	-659.9168	-3143.5056
49	2	-641.7694	-3123.716
49	3	-645.66144	-3121.7046
49	4	-653.7376	-3047.6025
49	5	-654.82996	-3090.841
49	6	-654.4895	-3083.8696
49	7	-654.8724	-3099.991
49	8	-663.6412	-3101.6604
49	9	-658.24457	-3093.8262
49	10	-663.7476	-3093.0657
49	11	-658.1568	-3102.5747
49	12	-654.6325	-3107.2603
49	13	-663.42114	-3081.9956
49	14	-658.0631	-3113.0186
49	15	-662.92773	-3111.822
49	16	-655.0174	-3114.2598
49	17	-658.2999	-3082.4585
49	18	-662.93304	-3119.2478
49	19	-657.9408	-3121.8105
49	20	-654.7711	-3122.9834
49	21	-654.81335	-3075.6658
49	22	-666.6595	-3124.1538
49	23	-673.0828	-3123.9678
49	24	-633.3139	-3053.395
49	25	-691.37775	-3140.4553
49	27	-698.8457	-3140.0493
49	30	-642.0865	-3049.0537
49	31	-649.5564	-3152.0164
49	32	-645.64624	-3161.9468
49	33	-642.0315	-3143.6934
49	34	-641.62964	-3163.192
50	1	-660.4665	-3143.439
50	2	-641.75964	-3122.7156
50	3	-645.64264	-3120.6135
50	4	-653.7452	-3048.2642
50	5	-654.82996	-3090.841
50	6	-654.4869	-3083.8652
50	7	-654.8724	-3099.991
50	8	-663.6386	-3101.7668
50	9	-658.24316	-3093.8838
50	10	-663.74994	-3093.1873
50	11	-658.15753	-3102.5637
50	12	-654.6325	-3107.2603
50	13	-663.41223	-3082.1963
50	14	-658.0631	-3113.0186
50	15	-662.92834	-3111.8298
50	16	-655.0174	-3114.2598
50	17	-658.2982	-3082.6677
50	18	-662.9333	-3119.2544
50	19	-657.9408	-3121.8105
50	20	-654.7711	-3122.9834
50	21	-654.8085	-3075.8403
50	22	-666.68176	-3124.1426
50	23	-673.0828	-3123.9678
50	24	-632.9434	-3053.3923
50	25	-691.47723	-3140.4468
50	27	-698.8377	-3140.0442
50	30	-642.4627	-3049.0566
50	31	-649.6829	-3151.6228
50	32	-645.6499	-3161.0388
50	33	-642.0014	-3142.8494
50	34	-641.55493	-3162.4436
51	1	-660.9865	-3143.4001
51	2	-641.746	-3121.7012
51	3	-645.6371	-3119.5234
51	4	-653.7537	-3048.9075
51	5	-654.8301	-3090.841
51	6	-654.48785	-3083.8647
51	7	-654.8724	-3099.991
51	8	-663.63776	-3101.8516
51	9	-658.2431	-3093.94
51	10	-663.7458	-3093.2947
51	11	-658.1551	-3102.5693
51	12	-654.6325	-3107.2603
51	13	-663.4085	-3082.389
51	14	-658.0631	-3113.0186
51	15	-662.9277	-3111.8333
51	16	-655.0174	-3114.2598
51	17	-658.30426	-3082.849
51	18	-662.9351	-3119.2598
51	19	-657.9408	-3121.8105
51	20	-654.7711	-3122.9834
51	21	-654.8125	-3076.0027
51	22	-666.6623	-3124.1567
51	23	-673.0828	-3123.9678
51	24	-632.6853	-3053.3816
51	25	-691.5101	-3140.4429
51	27	-698.8374	-3140.0457
51	30	-642.85504	-3049.058
51	31	-649.84	-3151.2256
51	32	-645.5943	-3159.9873
51	33	-641.9777	-3142.0308
51	34	-641.5362	-3161.7363
52	1	-661.48486	-3143.3953
52	2	-641.74774	-3120.658
52	3	-645.61896	-3118.412
52	4	-653.7624	-3049.5442
52	5	-654.83	-3090.841
52	6	-654.48724	-3083.869
52	7	-654.8724	-3099.991
52	8	-663.63556	-3101.9407
52	9	-658.23944	-3093.9944
52	10	-663.7498	-3093.4236
52	11	-658.1555	-3102.559
52	12	-654.6325	-3107.2603
52	13	-663.40515	-3082.5977
52	14	-658.0631	-3113.0186
52	15	-662.9246	-3111.8196
52	16	-655.0174	-3114.2598
52	17	-658.30194	-3083.0303
52	18	-662.93463	-3119.2512
52	19	-657.9408	-3121.8105
52	20	-654.7711	-3122.9834
52	21	-654.8157	-3076.1458
52	22	-666.6602	-3124.1567
52	23	-673.0828	-3123.9678
52	24	-632.4615	-3053.3818
52	25	-691.5406	-3140.4326
52	27	-698.85077	-3140.0435
52	30	-643.24536	-3049.0378
52	31	-650.02026	-3150.8203
52	32	-645.5915	-3159.011
52	33	-641.9472	-3141.172
52	34	-641.5821	-3160.9885
53	1	-662.01117	-3143.408
53	2	-641.74	-3119.5657
53	3	-645.6138	-3117.299
53	4	-653.77234	-3050.1724
53	5	-654.83	-3090.8408
53	6	-654.4872	-3083.863
53	7	-654.8724	-3099.991
53	8	-663.631	-3102.004
53	9	-658.2418	-3094.0369
53	10	-663.74927	-3093.5332
53	11	-658.1515	-3102.5522
53	12	-654.6325	-3107.2603
53	13	-663.39844	-3082.8018
53	14	-658.0631	-3113.0186
53	15	-662.9226	-3111.8206
53	16	-655.0174	-3114.2598
53	17	-658.3038	-3083.1848
53	18	-662.93713	-3119.2588
53	19	-657.9408	-3121.8105
53	20	-654.7711	-3122.9834
53	21	-654.82117	-3076.2732
53	22	-666.67554	-3124.132
53	23	-673.0828	-3123.9678
53	24	-632.3522	-3053.3896
53	25	-691.3887	-3140.438
53	27	-698.84247	-3140.047
53	30	-643.6111	-3049.0308
53	31	-650.2067	-3150.4346
53	32	-645.578	-3158.005
53	33	-641.92365	-3140.3137
53	34	-641.5745	-3160.3481
53	35	-648.43774	-3159.4275
54	1	-662.5339	-3143.4211
54	2	-641.7563	-3118.6375
54	3	-645.59576	-3116.191
54	4	-653.7901	-3050.8062
54	5	-654.83	-3090.841
54	6	-654.48883	-3083.864
54	7	-654.8724	-3099.991
54	8	-663.6289	-3102.069
54	9	-658.24554	-3094.0774
54	10	-663.7528	-3093.6572
54	11	-658.1472	-3102.549
54	12	-654.6325	-3107.2603
54	13	-663.39325	-3082.998
54	14	-658.0631	-3113.0186
54	15	-662.9212	-3111.8206
54	16	-655.0174	-3114.2598
54	17	-658.30225	-3083.3337
54	18	-662.9365	-3119.2588
54	19	-657.9408	-3121.8105
54	20	-654.7711	-3122.9834
54	21	-654.82733	-3076.3928
54	22	-666.68805	-3124.1326
54	23	-673.0828	-3123.9678
54	24	-632.7602	-3053.4443
54	25	-691.2159	-3140.4385
54	27	-698.84015	-3140.0466
54	30	-643.952	-3049.0322
54	31	-650.39484	-3150.0674
54	32	-645.6189	-3157.045
54	33	-641.925	-3139.4478
54	34	-641.49335	-3159.5923
54	35	-648.43524	-3158.9092
55	1	-663.1073	-3143.445
55	2	-641.7619	-3117.4253
55	3	-645.596	-3115.046
55	4	-653.8114	-3051.4424
55	5	-654.8301	-3090.841
55	6	-654.4903	-3083.8645
55	7	-654.8724	-3099.991
55	8	-663.6267	-3102.1426
55	9	-658.23694	-3094.11
55	10	-663.74304	-3093.7444
55	11	-658.1543	-3102.5608
55	12	-654.6325	-3107.2603
55	13	-663.3881	-3083.188
55	14	-658.0631	-3113.0186
55	15	-662.9217	-3111.8323
55	16	-655.0174	-3114.2598
55	17	-658.3102	-3083.4734
55	18	-662.9382	-3119.258
55	19	-657.9408	-3121.8105
55	20	-654.7711	-3122.9834
55	21	-654.82904	-3076.4907
55	22	-666.67194	-3124.141
55	23	-673.0828	-3123.9678
55	25	-691.2118	-3140.4492
55	27	-698.8408	-3140.046
55	30	-644.2948	-3049.0403
55	31	-650.5969	-3149.7004
55	32	-645.63116	-3156.1123
55	33	-641.9058	-3138.542
55	34	-641.51416	-3158.8684
55	35	-648.43024	-3158.4705
56	1	-663.67786	-3143.5024
56	2	-641.7545	-3116.3337
56	3	-645.59344	-3113.8828
56	4	-653.82623	-3052.0784
56	5	-654.83014	-3090.841
56	6	-654.4876	-3083.8647
56	7	-654.8724	-3099.991
56	8	-663.62897	-3102.2063
56	9	-658.2367	-3094.1396
56	10	-663.7515	-3093.8499
56	11	-658.1532	-3102.5508
56	12	-654.6325	-3107.2603
56	13	-663.3835	-3083.391
56	14	-658.0631	-3113.0186
56	15	-662.9238	-3111.8264
56	16	-655.0174	-3114.2598
56	17	-658.31	-3083.6023
56	18	-662.93756	-3119.2603
56	19	-657.9408	-3121.8105
56	20	-654.7711	-3122.9834
56	21	-654.8328	-3076.579
56	22	-666.6698	-3124.141
56	23	-673.0828	-3123.9678
56	25	-691.2532	-3140.4463
56	27	-698.8337	-3140.0425
56	30	-644.6771	-3049.0476
56	31	-650.82513	-3149.3179
56	32	-645.6692	-3155.2124
56	33	-641.89374	-3137.5684
56	34	-641.524	-3158.1353
56	35	-648.50635	-3158.0815
57	1	-664.23975	-3143.573
57	2	-641.7184	-3115.3032
57	3	-645.593	-3112.7263
57	4	-653.8434	-3052.6772
57	5	-654.83014	-3090.841
57	6	-654.4886	-3083.8574
57	7	-654.8724	-3099.991
57	8	-663.6262	-3102.2664
57	9	-658.2415	-3094.1682
57	10	-663.7572	-3093.9692
57	11	-658.153	-3102.554
57	12	-654.6325	-3107.2603
57	13	-663.3822	-3083.5767
57	14	-658.0631	-3113.0186
57	15	-662.9263	-3111.8257
57	16	-655.0174	-3114.2598
57	17	-658.31586	-3083.718
57	18	-662.9385	-3119.2666
57	19	-657.9408	-3121.8105
57	20	-654.7711	-3122.9834
57	21	-654.8343	-3076.6528
57	22	-666.6495	-3124.1577
57	23	-673.0828	-3123.9678
57	25	-691.5533	-3140.4485
57	27	-698.84283	-3140.0483
57	30	-645.05994	-3049.0715
57	31	-651.0491	-3148.9634
57	32	-645.7339	-3154.3325
57	33	-641.9027	-3136.675
57	34	-641.55664	-3157.4033
57	35	-648.5038	-3157.624
58	1	-664.7389	-3143.6594
58	2	-641.72546	-3114.256
58	3	-645.60645	-3111.601
58	4	-653.8631	-3053.2632
58	5	-654.83	-3090.841
58	6	-654.48804	-3083.8623
58	7	-654.8724	-3099.991
58	8	-663.6292	-3102.3125
58	9	-658.24274	-3094.2002
58	10	-663.74835	-3094.0527
58	11	-658.1504	-3102.5535
58	12	-654.6325	-3107.2603
58	13	-663.37213	-3083.7778
58	14	-658.0631	-3113.0186
58	15	-662.9229	-3111.8213
58	16	-655.0174	-3114.2598
58	17	-658.3155	-3083.8184
58	18	-662.9383	-3119.2605
58	19	-657.9408	-3121.8105
58	20	-654.7711	-3122.9834
58	21	-654.83636	-3076.724
58	22	-666.6463	-3124.1616
58	23	-673.0828	-3123.9678
58	25	-691.49036	-3140.426
58	27	-698.845	-3140.0452
58	30	-645.42773	-3049.0999
58	31	-651.27673	-3148.6375
58	32	-645.7463	-3153.379
58	33	-641.9167	-3135.7458
58	34	-641.58	-3156.651
58	35	-648.53394	-3157.21
59	1	-665.19763	-3143.7688
59	2	-641.7137	-3113.1973
59	3	-645.5758	-3110.4094
59	4	-653.88226	-3053.8562
59	5	-654.82996	-3090.841
59	6	-654.4867	-3083.8586
59	7	-654.8724	-3099.991
59	8	-663.6237	-3102.3618
59	9	-658.24133	-3094.217
59	10	-663.75525	-3094.153
59	11	-658.15247	-3102.5574
59	12	-654.6325	-3107.2603
59	13	-663.3687	-3083.961
59	14	-658.0631	-3113.0186
59	15	-662.92487	-3111.8235
59	16	-655.0174	-3114.2598
59	17	-658.3109	-3083.8855
59	18	-662.94025	-3119.2617
59	19	-657.9408	-3121.8105
59	20	-654.7711	-3122.9834
59	21	-654.8401	-3076.7764
59	22	-666.6388	-3124.1658
59	23	-673.0828	-3123.9678
59	25	-691.5119	-3140.4468
59	27	-698.86346	-3140.0452
59	30	-645.81525	-3049.1597
59	31	-651.5243	-3148.3071
59	32	-645.7307	-3152.37
59	33	-641.9032	-3134.8467
59	34	-641.5809	-3155.8828
59	35	-648.4471	-3156.8157
59	36	-627.4557	-3053.3635
60	1	-665.6969	-3143.9106
60	2	-641.7032	-3112.056
60	3	-645.57465	-3109.198
60	4	-653.8822	-3054.452
60	5	-654.82996	-3090.8413
60	6	-654.48663	-3083.8586
60	7	-654.8724	-3099.991
60	8	-663.6218	-3102.4124
60	9	-658.2392	-3094.2417
60	10	-663.75366	-3094.2437
60	11	-658.1503	-3102.5483
60	12	-654.6325	-3107.2603
60	13	-663.3658	-3084.146
60	14	-658.0631	-3113.0186
60	15	-662.9221	-3111.8284
60	16	-655.0174	-3114.2598
60	17	-658.314	-3083.9448
60	18	-662.93805	-3119.2612
60	19	-657.9408	-3121.8105
60	20	-654.7711	-3122.9834
60	21	-654.83746	-3076.834
60	22	-666.65204	-3124.1523
60	23	-673.0828	-3123.9678
60	25	-691.5229	-3140.4402
60	27	-698.8573	-3140.0479
60	30	-646.2049	-3049.2131
60	31	-651.7857	-3147.977
60	32	-645.7431	-3151.429
60	33	-641.9029	-3133.8428
60	34	-641.5986	-3155.1462
60	35	-648.45746	-3156.4333
60	36	-626.86676	-3053.332
61	1	-666.2131	-3144.07
61	2	-641.7037	-3110.9976
61	3	-645.5792	-3108.0208
61	4	-653.9075	-3055.0212
61	5	-654.82983	-3090.8413
61	6	-654.4879	-3083.8591
61	7	-654.8724	-3099.991
61	8	-663.623	-3102.4717
61	9	-658.23846	-3094.2625
61	10	-663.75696	-3094.3252
61	11	-658.1475	-3102.55
61	12	-654.6325	-3107.2603
61	13	-663.3616	-3084.3374
61	14	-658.0631	-3113.0186
61	15	-662.92224	-3111.833
61	16	-655.0174	-3114.2598
61	17	-658.3145	-3084.0042
61	18	-662.9403	-3119.26
61	19	-657.9408	-3121.8105
61	20	-654.7711	-3122.9834
61	21	-654.83655	-3076.8774
61	22	-666.67377	-3124.1492
61	23	-673.0828	-3123.9678
61	25	-691.3825	-3140.431
61	27	-698.8635	-3140.0408
61	30	-646.6474	-3049.2883
61	31	-652.081	-3147.635
61	32	-645.708	-3150.3926
61	33	-641.90784	-3132.879
61	34	-641.5915	-3154.3184
61	35	-648.5498	-3156.0322
61	36	-626.31396	-3053.3276
62	1	-666.7171	-3144.228
62	2	-641.70734	-3109.834
62	3	-645.5874	-3106.8489
62	4	-653.91895	-3055.5688
62	5	-654.82996	-3090.8413
62	6	-654.4814	-3083.8535
62	7	-654.8724	-3099.991
62	8	-663.62164	-3102.4973
62	9	-658.2371	-3094.2747
62	10	-663.7633	-3094.4033
62	11	-658.1534	-3102.554
62	12	-654.6325	-3107.2603
62	13	-663.3568	-3084.5073
62	14	-658.0631	-3113.0186
62	15	-662.9231	-3111.8293
62	16	-655.0174	-3114.2598
62	17	-658.31635	-3084.049
62	18	-662.9381	-3119.2666
62	19	-657.9408	-3121.8105
62	20	-654.7711	-3122.9834
62	21	-654.8414	-3076.9058
62	22	-666.6654	-3124.1462
62	23	-673.0828	-3123.9678
62	25	-691.4486	-3140.434
62	27	-698.85693	-3140.0405
62	30	-647.0794	-3049.365
62	31	-652.3838	-3147.3
62	32	-645.754	-3149.3733
62	33	-641.9016	-3131.8708
62	34	-641.56696	-3153.4978
62	35	-648.55774	-3155.6328
62	36	-625.74615	-3053.313
63	1	-667.18463	-3144.4116
63	2	-641.71027	-3108.7021
63	3	-645.59283	-3105.6084
63	4	-653.9321	-3056.1138
63	5	-654.8299	-3090.8413
63	6	-654.48627	-3083.8604
63	7	-654.8724	-3099.991
63	8	-663.6259	-3102.5457
63	9	-658.2373	-3094.2827
63	10	-663.76013	-3094.4854
63	11	-658.1517	-3102.5544
63	12	-654.6325	-3107.2603
63	13	-663.3516	-3084.7024
63	14	-658.0631	-3113.0186
63	15	-662.92316	-3111.8303
63	16	-655.0174	-3114.2598
63	17	-658.3103	-3084.0784
63	18	-662.9366	-3119.2698
63	19	-657.9408	-3121.8105
63	20	-654.7711	-3122.9834
63	21	-654.8392	-3076.941
63	22	-666.6587	-3124.1604
63	23	-673.0828	-3123.9678
63	25	-691.45654	-3140.4343
63	27	-698.8532	-3140.0415
63	30	-647.4889	-3049.4595
63	31	-652.69275	-3146.985
63	32	-645.771	-3148.3672
63	33	-641.8976	-3130.9294
63	34	-641.5548	-3152.6284
63	35	-648.5698	-3155.2168
63	36	-625.2402	-3053.3176
64	1	-667.6259	-3144.6018
64	2	-641.70087	-3107.726
64	3	-645.59174	-3104.3894
64	4	-653.93414	-3056.6587
64	5	-654.8299	-3090.8413
64	6	-654.4879	-3083.862
64	7	-654.8724	-3099.991
64	8	-663.62305	-3102.5696
64	9	-658.23773	-3094.2988
64	10	-663.7629	-3094.5679
64	11	-658.1503	-3102.5447
64	12	-654.6325	-3107.2603
64	13	-663.3467	-3084.8804
64	14	-658.0631	-3113.0186
64	15	-662.91565	-3111.8193
64	16	-655.0174	-3114.2598
64	17	-658.3194	-3084.103
64	18	-662.9388	-3119.2686
64	19	-657.9408	-3121.8105
64	20	-654.7711	-3122.9834
64	21	-654.84216	-3076.9602
64	22	-666.6825	-3124.1455
64	23	-673.0828	-3123.9678
64	25	-691.3168	-3140.4316
64	27	-698.85345	-3140.0405
64	30	-647.8998	-3049.5713
64	31	-653.0035	-3146.7288
64	32	-645.7564	-3147.3542
64	33	-641.90344	-3129.9067
64	34	-641.5497	-3151.8662
64	35	-648.5862	-3154.853
64	36	-625.06555	-3053.2993
65	1	-668.10376	-3144.7922
65	2	-641.71704	-3106.5432
65	3	-645.59674	-3103.1626
65	4	-653.95013	-3057.2014
65	5	-654.82983	-3090.8413
65	6	-654.4862	-3083.8628
65	7	-654.8724	-3099.991
65	8	-663.62915	-3102.6062
65	9	-658.2335	-3094.2913
65	10	-663.7582	-3094.6313
65	11	-658.15295	-3102.5508
65	12	-654.6325	-3107.2603
65	13	-663.347	-3085.0552
65	14	-658.0631	-3113.0186
65	15	-662.9221	-3111.8352
65	16	-655.0174	-3114.2598
65	17	-658.3201	-3084.12
65	18	-662.9408	-3119.268
65	19	-657.9408	-3121.8105
65	20	-654.7711	-3122.9834
65	21	-654.8416	-3076.9749
65	22	-666.682	-3124.1584
65	23	-673.0828	-3123.9678
65	25	-691.2514	-3140.3923
65	27	-698.8592	-3140.0408
65	30	-648.3027	-3049.6873
65	31	-653.35016	-3146.4326
65	32	-645.77264	-3146.4426
65	33	-641.8993	-3128.8728
65	34	-641.55554	-3150.9792
65	35	-648.60095	-3154.51
65	36	-625.58044	-3053.2944
66	1	-668.5854	-3145.0227
66	2	-641.72943	-3105.342
66	3	-645.5987	-3101.937
66	4	-653.96265	-3057.727
66	5	-654.82983	-3090.8413
66	6	-654.4841	-3083.8606
66	7	-654.8724	-3099.991
66	8	-663.6244	-3102.6387
66	9	-658.2351	-3094.2964
66	10	-663.766	-3094.7087
66	11	-658.1538	-3102.546
66	12	-654.6325	-3107.2603
66	13	-663.3452	-3085.2385
66	14	-658.0631	-3113.0186
66	15	-662.9249	-3111.8364
66	16	-655.0174	-3114.2598
66	17	-658.3259	-3084.1333
66	18	-662.9397	-3119.263
66	19	-657.9408	-3121.8105
66	20	-654.7711	-3122.9834
66	21	-654.84393	-3076.9937
66	22	-666.6739	-3124.1467
66	23	-673.0828	-3123.9678
66	25	-691.41376	-3140.3967
66	27	-698.85046	-3140.0361
66	30	-648.6804	-3049.8171
66	31	-653.72986	-3146.1375
66	32	-645.7747	-3145.515
66	33	-641.8964	-3127.8428
66	34	-641.5613	-3150.1982
66	35	-648.6175	-3154.074
66	36	-625.521	-3053.3054
67	1	-669.0509	-3145.2708
67	2	-641.71643	-3104.141
67	3	-645.6065	-3100.6836
67	4	-653.97485	-3058.2603
67	5	-654.8299	-3090.8413
67	6	-654.4852	-3083.8652
67	7	-654.8724	-3099.991
67	8	-663.6234	-3102.6482
67	9	-658.232	-3094.2986
67	10	-663.7607	-3094.7646
67	11	-658.1543	-3102.5518
67	12	-654.6325	-3107.2603
67	13	-663.34534	-3085.4038
67	14	-658.0631	-3113.0186
67	15	-662.92596	-3111.8398
67	16	-655.0174	-3114.2598
67	17	-658.3257	-3084.1445
67	18	-662.94037	-3119.263
67	19	-657.9408	-3121.8105
67	20	-654.7711	-3122.9834
67	21	-654.8465	-3077.007
67	22	-666.6725	-3124.1528
67	23	-673.0828	-3123.9678
67	25	-691.373	-3140.4556
67	27	-698.8491	-3140.0374
67	30	-649.0794	-3049.9617
67	31	-654.1329	-3145.8274
67	32	-645.7867	-3144.3972
67	33	-641.89435	-3126.7874
67	34	-641.5651	-3149.3438
67	35	-648.66956	-3153.6914
67	36	-623.0927	-3053.189
68	1	-669.51404	-3145.5442
68	2	-641.714	-3103.001
68	3	-645.6039	-3099.4377
68	4	-653.9862	-3058.7634
68	5	-654.82996	-3090.8413
68	6	-654.48773	-3083.8713
68	7	-654.8724	-3099.991
68	8	-663.6214	-3102.6826
68	9	-658.2345	-3094.309
68	10	-663.76215	-3094.8328
68	11	-658.1516	-3102.548
68	12	-654.6325	-3107.2603
68	13	-663.3374	-3085.5786
68	14	-658.0631	-3113.0186
68	15	-662.9196	-3111.8274
68	16	-655.0174	-3114.2598
68	17	-658.32465	-3084.141
68	18	-662.94257	-3119.2656
68	19	-657.9408	-3121.8105
68	20	-654.7711	-3122.9834
68	21	-654.84705	-3077.0095
68	22	-666.6419	-3124.1504
68	23	-673.0828	-3123.9678
68	25	-691.2111	-3140.4104
68	27	-698.8576	-3140.037
68	30	-649.4584	-3050.1233
68	31	-654.53534	-3145.5786
68	32	-645.78735	-3143.4316
68	33	-641.89874	-3125.6814
68	34	-641.5752	-3148.4385
68	35	-648.7405	-3153.3064
68	36	-622.55927	-3053.192
69	1	-669.9168	-3145.8335
69	2	-641.7089	-3101.7993
69	3	-645.6156	-3098.186
69	4	-653.997	-3059.2627
69	5	-654.8299	-3090.8413
69	6	-654.4864	-3083.8733
69	7	-654.8724	-3099.991
69	8	-663.62036	-3102.7107
69	9	-658.23236	-3094.3025
69	10	-663.7634	-3094.8738
69	11	-658.15015	-3102.5505
69	12	-654.6325	-3107.2603
69	13	-663.3292	-3085.7415
69	14	-658.0631	-3113.0186
69	15	-662.92017	-3111.8315
69	16	-655.0174	-3114.2598
69	17	-658.3252	-3084.135
69	18	-662.943	-3119.271
69	19	-657.9408	-3121.8105
69	20	-654.7711	-3122.9834
69	21	-654.84845	-3077.019
69	22	-666.64404	-3124.1492
69	23	-673.0828	-3123.9678
69	27	-698.8602	-3140.0356
69	30	-649.82416	-3050.2964
69	31	-654.92896	-3145.3374
69	32	-645.78265	-3142.457
69	33	-641.8959	-3124.6064
69	34	-641.55695	-3147.5942
69	35	-648.87354	-3152.9683
69	36	-621.9095	-3053.177
69	38	-591.5553	-3048.0693
70	1	-670.3004	-3146.163
70	2	-641.7066	-3100.6824
70	3	-645.6092	-3096.9104
70	4	-654.00684	-3059.7527
70	5	-654.82996	-3090.8413
70	6	-654.4864	-3083.8765
70	7	-654.8724	-3099.991
70	8	-663.6155	-3102.7295
70	9	-658.2347	-3094.3096
70	10	-663.7596	-3094.9402
70	11	-658.1515	-3102.546
70	12	-654.6325	-3107.2603
70	13	-663.3312	-3085.9119
70	14	-658.0631	-3113.0186
70	15	-662.9199	-3111.8235
70	16	-655.0174	-3114.2598
70	17	-658.32544	-3084.1287
70	18	-662.94037	-3119.274
70	19	-657.9408	-3121.8105
70	20	-654.7711	-3122.9834
70	21	-654.8499	-3077.024
70	22	-666.68146	-3124.138
70	23	-673.0828	-3123.9678
70	27	-698.86896	-3140.0364
70	30	-650.1888	-3050.4758
70	31	-655.3233	-3145.125
70	32	-645.75867	-3141.5347
70	33	-641.9013	-3123.5117
70	34	-641.53815	-3146.6482
70	35	-648.9837	-3152.6008
70	36	-621.27454	-3053.159
70	38	-592.66156	-3048.0684
71	2	-641.7049	-3099.4956
71	3	-645.6089	-3095.651
71	4	-654.00934	-3060.2456
71	5	-654.8299	-3090.8413
71	6	-654.48706	-3083.874
71	7	-654.8724	-3099.991
71	8	-663.6226	-3102.7397
71	9	-658.2346	-3094.3171
71	10	-663.7656	-3094.9766
71	11	-658.15356	-3102.5537
71	12	-654.6325	-3107.2603
71	13	-663.327	-3086.078
71	14	-658.0631	-3113.0186
71	15	-662.9213	-3111.8423
71	16	-655.0174	-3114.2598
71	17	-658.32733	-3084.1414
71	18	-662.941	-3119.2727
71	19	-657.9408	-3121.8105
71	20	-654.7711	-3122.9834
71	21	-654.8483	-3077.0186
71	22	-666.678	-3124.142
71	23	-673.0828	-3123.9678
71	27	-698.8639	-3140.0378
71	30	-650.5954	-3050.679
71	31	-655.74506	-3144.9111
71	32	-645.77545	-3140.3486
71	33	-641.89514	-3122.4094
71	34	-641.5247	-3145.796
71	35	-649.12195	-3152.2166
71	36	-620.7235	-3053.1516
71	38	-593.7263	-3048.0876
72	2	-641.6986	-3098.3171
72	3	-645.6012	-3094.3682
72	4	-654.0187	-3060.752
72	5	-654.82996	-3090.8413
72	6	-654.4906	-3083.868
72	7	-654.8724	-3099.991
72	8	-663.619	-3102.7595
72	9	-658.2395	-3094.3235
72	10	-663.7613	-3095.0388
72	11	-658.15295	-3102.5598
72	12	-654.6325	-3107.2603
72	13	-663.31934	-3086.2388
72	14	-658.0631	-3113.0186
72	15	-662.9143	-3111.8323
72	16	-655.0174	-3114.2598
72	17	-658.3296	-3084.139
72	18	-662.9411	-3119.276
72	19	-657.9408	-3121.8105
72	20	-654.7711	-3122.9834
72	21	-654.84393	-3077.0186
72	22	-666.6521	-3124.1565
72	23	-673.0828	-3123.9678
72	27	-698.86694	-3140.0364
72	30	-650.9549	-3050.8813
72	31	-656.16003	-3144.7336
72	32	-645.7682	-3139.482
72	33	-641.9114	-3121.2517
72	34	-641.53705	-3144.8508
72	35	-649.3253	-3151.926
72	36	-620.4495	-3053.1724
72	38	-594.75055	-3048.1067
73	2	-641.69666	-3097.1501
73	3	-645.59326	-3093.0737
73	4	-654.0256	-3061.209
73	5	-654.8301	-3090.8413
73	6	-654.4881	-3083.8657
73	7	-654.8724	-3099.991
73	8	-663.6182	-3102.7754
73	9	-658.2378	-3094.3237
73	10	-663.7648	-3095.0642
73	11	-658.1524	-3102.5574
73	12	-654.6325	-3107.2603
73	13	-663.31573	-3086.396
73	14	-658.0631	-3113.0186
73	15	-662.9182	-3111.8374
73	16	-655.0174	-3114.2598
73	17	-658.3269	-3084.1494
73	18	-662.9418	-3119.2793
73	19	-657.9408	-3121.8105
73	20	-654.7711	-3122.9834
73	21	-654.8418	-3077.0134
73	22	-666.69403	-3124.1396
73	23	-673.0828	-3123.9678
73	27	-698.8616	-3140.039
73	30	-651.3228	-3051.105
73	31	-656.5962	-3144.5671
73	32	-645.76324	-3138.502
73	33	-641.9078	-3120.1233
73	34	-641.5234	-3143.9736
73	35	-649.5897	-3151.6226
73	36	-619.96466	-3053.1511
73	38	-595.70215	-3048.1301
74	2	-641.68854	-3095.9443
74	3	-645.5944	-3091.7898
74	4	-654.0339	-3061.6858
74	5	-654.82996	-3090.8413
74	6	-654.48737	-3083.8655
74	7	-654.8724	-3099.991
74	8	-663.6181	-3102.789
74	9	-658.23627	-3094.3213
74	10	-663.7627	-3095.1123
74	11	-658.15314	-3102.551
74	12	-654.6325	-3107.2603
74	13	-663.31177	-3086.5452
74	14	-658.0631	-3113.0186
74	15	-662.92194	-3111.8406
74	16	-655.0174	-3114.2598
74	17	-658.32886	-3084.1501
74	18	-662.9418	-3119.2754
74	19	-657.9408	-3121.8105
74	20	-654.7711	-3122.9834
74	21	-654.8421	-3077.0164
74	22	-666.66437	-3124.1367
74	23	-673.0828	-3123.9678
74	27	-698.865	-3140.042
74	30	-651.6856	-3051.3367
74	31	-657.0306	-3144.4175
74	32	-645.7583	-3137.5317
74	33	-641.9202	-3118.9626
74	34	-641.5029	-3143.0083
74	35	-649.8155	-3151.312
74	36	-619.3752	-3053.1528
74	38	-596.62164	-3048.1584
74	39	-647.9264	-3163.5005
75	1	-672.6016	-3147.939
75	2	-641.701	-3094.7585
75	3	-645.58826	-3090.4897
75	4	-654.04315	-3062.1326
75	5	-654.83	-3090.8413
75	6	-654.4881	-3083.8608
75	7	-654.8724	-3099.991
75	8	-663.6203	-3102.813
75	9	-658.2232	-3094.3132
75	10	-663.7583	-3095.1584
75	11	-658.154	-3102.5574
75	12	-654.6325	-3107.2603
75	13	-663.3122	-3086.6995
75	14	-658.0631	-3113.0186
75	15	-662.92206	-3111.8354
75	16	-655.0174	-3114.2598
75	17	-658.326	-3084.1516
75	18	-662.9429	-3119.2695
75	19	-657.9408	-3121.8105
75	20	-654.7711	-3122.9834
75	21	-654.84564	-3077.024
75	22	-666.6723	-3124.1338
75	23	-673.0828	-3123.9678
75	27	-698.8587	-3140.0393
75	30	-652.055	-3051.5952
75	31	-657.4793	-3144.2844
75	32	-645.76056	-3136.5322
75	33	-641.92816	-3117.8025
75	34	-641.5351	-3142.088
75	35	-650.13086	-3151.0686
75	38	-597.6515	-3048.1948
75	39	-647.92505	-3162.8962
75	42	-676.4187	-3162.5857
76	1	-672.9696	-3148.3396
76	2	-641.69885	-3093.5564
76	3	-645.5809	-3089.2144
76	4	-654.0517	-3062.5857
76	5	-654.83	-3090.8413
76	6	-654.4889	-3083.862
76	7	-654.8724	-3099.991
76	8	-663.6181	-3102.8267
76	9	-658.2318	-3094.3206
76	10	-663.75867	-3095.1885
76	11	-658.1527	-3102.5574
76	12	-654.6325	-3107.2603
76	13	-663.3077	-3086.839
76	14	-658.0631	-3113.0186
76	15	-662.92444	-3111.8418
76	16	-655.0174	-3114.2598
76	17	-658.3287	-3084.1584
76	18	-662.9417	-3119.2747
76	19	-657.9408	-3121.8105
76	20	-654.7711	-3122.9834
76	21	-654.84265	-3077.0173
76	23	-673.0828	-3123.9678
76	27	-698.8414	-3140.04
76	30	-652.44543	-3051.8914
76	31	-657.8794	-3144.174
76	32	-645.76013	-3135.511
76	33	-641.9446	-3116.6267
76	34	-641.5154	-3141.09
76	35	-650.43225	-3150.8225
76	36	-617.6341	-3053.1152
76	38	-598.7242	-3048.2385
76	39	-647.90656	-3162.1702
76	42	-676.6714	-3162.758
77	1	-673.2892	-3148.7253
77	2	-641.6958	-3092.3179
77	3	-645.5711	-3087.9385
77	4	-654.0602	-3062.9932
77	5	-654.8299	-3090.8413
77	6	-654.4878	-3083.8672
77	7	-654.8724	-3099.991
77	8	-663.616	-3102.8315
77	9	-658.22595	-3094.3147
77	10	-663.76294	-3095.196
77	11	-658.14935	-3102.5508
77	12	-654.6325	-3107.2603
77	13	-663.30914	-3086.9675
77	14	-658.0631	-3113.0186
77	15	-662.9258	-3111.8357
77	16	-655.0174	-3114.2598
77	17	-658.3261	-3084.1565
77	18	-662.9407	-3119.2737
77	19	-657.9408	-3121.8105
77	20	-654.7711	-3122.9834
77	21	-654.84296	-3077.0222
77	22	-666.6609	-3124.1309
77	23	-673.0828	-3123.9678
77	27	-698.8386	-3140.0442
77	30	-652.84436	-3052.2205
77	31	-658.33875	-3144.0708
77	32	-645.7675	-3134.4795
77	33	-641.95654	-3115.457
77	34	-641.5194	-3140.0894
77	35	-650.7101	-3150.603
77	36	-617.0858	-3053.0925
77	38	-599.7679	-3048.2856
77	39	-647.95215	-3161.398
77	42	-676.6461	-3162.372
78	1	-673.6559	-3149.1978
78	2	-641.702	-3091.0576
78	3	-645.5744	-3086.5725
78	4	-654.0685	-3063.4067
78	5	-654.82996	-3090.8413
78	6	-654.4914	-3083.8684
78	7	-654.8724	-3099.991
78	8	-663.6169	-3102.842
78	9	-658.2309	-3094.319
78	10	-663.7552	-3095.2405
78	11	-658.1519	-3102.5474
78	12	-654.6325	-3107.2603
78	13	-663.3054	-3087.1082
78	14	-658.0631	-3113.0186
78	15	-662.9257	-3111.851
78	16	-655.0174	-3114.2598
78	17	-658.3261	-3084.1443
78	18	-662.941	-3119.2798
78	19	-657.9408	-3121.8105
78	20	-654.7711	-3122.9834
78	21	-654.84595	-3077.0203
78	23	-673.0828	-3123.9678
78	27	-698.8373	-3140.0486
78	30	-653.2049	-3052.5432
78	31	-658.8607	-3143.973
78	32	-645.76355	-3133.446
78	33	-641.95654	-3114.221
78	34	-641.5209	-3139.1147
78	35	-651.04926	-3150.3674
78	36	-616.32294	-3053.0503
78	38	-600.87054	-3048.3232
78	39	-647.9743	-3160.6907
78	42	-676.39703	-3161.6213
79	1	-674.05383	-3149.7095
79	2	-641.6958	-3089.8499
79	3	-645.5782	-3085.2402
79	4	-654.0787	-3063.7874
79	5	-654.82996	-3090.8413
79	6	-654.4889	-3083.8596
79	7	-654.8724	-3099.991
79	8	-663.61774	-3102.8594
79	9	-658.22644	-3094.3171
79	10	-663.7649	-3095.2397
79	11	-658.1522	-3102.5488
79	12	-654.6325	-3107.2603
79	13	-663.306	-3087.2356
79	14	-658.0631	-3113.0186
79	15	-662.92633	-3111.8318
79	16	-655.0174	-3114.2598
79	17	-658.32806	-3084.152
79	18	-662.9416	-3119.2808
79	19	-657.9408	-3121.8105
79	20	-654.7711	-3122.9834
79	21	-654.8473	-3077.0269
79	22	-666.67267	-3124.1306
79	23	-673.0828	-3123.9678
79	27	-698.8431	-3140.0505
79	30	-653.4949	-3052.8176
79	31	-659.3251	-3143.8933
79	32	-645.76917	-3132.382
79	33	-641.96246	-3113.0537
79	34	-641.52136	-3138.1423
79	35	-651.40765	-3150.1963
79	36	-615.65576	-3053.0503
79	38	-601.82855	-3048.3757
79	39	-647.9606	-3160.0527
79	42	-676.1236	-3161.4087
80	1	-674.3102	-3150.1204
80	2	-641.69293	-3088.6194
80	3	-645.5704	-3083.8918
80	4	-654.08606	-3064.162
80	5	-654.8299	-3090.8413
80	6	-654.4892	-3083.8643
80	7	-654.8724	-3099.991
80	8	-663.6152	-3102.8633
80	9	-658.2326	-3094.3306
80	10	-663.75543	-3095.2834
80	11	-658.15247	-3102.5505
80	12	-654.6325	-3107.2603
80	13	-663.3011	-3087.3533
80	14	-658.0631	-3113.0186
80	15	-662.9292	-3111.8374
80	16	-655.0174	-3114.2598
80	17	-658.32935	-3084.1516
80	18	-662.94226	-3119.2717
80	19	-657.9408	-3121.8105
80	20	-654.7711	-3122.9834
80	21	-654.8446	-3077.026
80	22	-666.6793	-3124.1257
80	23	-673.0828	-3123.9678
80	27	-698.84064	-3140.0544
80	30	-653.8063	-3053.157
80	31	-659.8458	-3143.8447
80	32	-645.7745	-3131.3496
80	33	-641.9586	-3111.8416
80	34	-641.53125	-3137.1133
80	35	-651.79236	-3150.0251
80	36	-614.9345	-3053.0474
80	38	-602.6927	-3048.41
80	39	-647.9845	-3159.4382
81	1	-674.608	-3150.5894
81	2	-641.6872	-3087.3928
81	3	-645.56757	-3082.5442
81	4	-654.09436	-3064.5498
81	5	-654.8299	-3090.8416
81	6	-654.4884	-3083.8677
81	7	-654.8724	-3099.991
81	8	-663.61774	-3102.874
81	9	-658.23364	-3094.3247
81	10	-663.7572	-3095.301
81	11	-658.15466	-3102.5474
81	12	-654.6325	-3107.2603
81	13	-663.2989	-3087.456
81	14	-658.0631	-3113.0186
81	15	-662.92584	-3111.8315
81	16	-655.0174	-3114.2598
81	17	-658.3259	-3084.1494
81	18	-662.94006	-3119.2676
81	19	-657.9408	-3121.8105
81	20	-654.7711	-3122.9834
81	21	-654.845	-3077.0217
81	22	-666.67163	-3124.1196
81	23	-673.0828	-3123.9678
81	27	-698.8443	-3140.0527
81	30	-654.059	-3053.4565
81	31	-660.38995	-3143.788
81	32	-645.7768	-3130.291
81	33	-641.9696	-3110.6104
81	34	-641.53723	-3136.0706
81	35	-652.1401	-3149.9202
81	36	-614.3055	-3053.0293
81	38	-603.7027	-3048.4873
81	39	-647.99963	-3158.7644
81	41	-642.54956	-3153.9087
82	1	-674.93646	-3151.1033
82	2	-641.701	-3086.1545
82	3	-645.564	-3081.17
82	4	-654.1051	-3064.9111
82	5	-654.8298	-3090.8416
82	6	-654.4866	-3083.861
82	7	-654.8724	-3099.991
82	8	-663.61945	-3102.8784
82	9	-658.23566	-3094.3225
82	10	-663.75836	-3095.301
82	11	-658.15265	-3102.556
82	12	-654.6325	-3107.2603
82	13	-663.3039	-3087.5574
82	14	-658.0631	-3113.0186
82	15	-662.9266	-3111.8408
82	16	-655.0174	-3114.2598
82	17	-658.32465	-3084.155
82	18	-662.942	-3119.269
82	19	-657.9408	-3121.8105
82	20	-654.7711	-3122.9834
82	21	-654.8482	-3077.027
82	22	-666.6379	-3124.1147
82	23	-673.0828	-3123.9678
82	27	-698.8553	-3140.0564
82	30	-654.36414	-3053.842
82	31	-660.91675	-3143.765
82	32	-645.77637	-3129.2227
82	33	-641.98	-3109.3813
82	34	-641.53894	-3135.0662
82	35	-652.53796	-3149.8254
82	36	-613.6699	-3053.031
82	38	-604.70514	-3048.5547
82	39	-648.02185	-3158.234
82	41	-642.64105	-3152.7854
83	1	-675.2771	-3151.6267
83	2	-641.70233	-3084.898
83	3	-645.5539	-3079.787
83	4	-654.1058	-3065.2305
83	5	-654.8298	-3090.8416
83	6	-654.4855	-3083.859
83	7	-654.8724	-3099.991
83	8	-663.6188	-3102.8743
83	9	-658.2371	-3094.3293
83	10	-663.758	-3095.312
83	11	-658.15515	-3102.5427
83	12	-654.6325	-3107.2603
83	13	-663.30194	-3087.648
83	14	-658.0631	-3113.0186
83	15	-662.9303	-3111.836
83	16	-655.0174	-3114.2598
83	17	-658.3273	-3084.1616
83	18	-662.9414	-3119.2722
83	19	-657.9408	-3121.8105
83	20	-654.7711	-3122.9834
83	21	-654.8458	-3077.0293
83	22	-666.63574	-3124.091
83	23	-673.0828	-3123.9678
83	27	-698.8712	-3140.053
83	30	-654.6013	-3054.159
83	31	-661.4414	-3143.7678
83	32	-645.77826	-3128.1543
83	33	-641.9787	-3108.0981
83	34	-641.5419	-3134.0864
83	35	-652.92944	-3149.7676
83	36	-613.01807	-3053.0115
83	38	-605.7092	-3048.5923
83	39	-648.069	-3157.642
83	41	-642.7597	-3151.6602
84	1	-675.5842	-3152.1868
84	2	-641.7074	-3083.6267
84	3	-645.5499	-3078.36
84	4	-654.105	-3065.5884
84	5	-654.8297	-3090.8416
84	6	-654.48883	-3083.8596
84	7	-654.8724	-3099.991
84	8	-663.6227	-3102.8828
84	9	-658.23846	-3094.3306
84	10	-663.7574	-3095.3103
84	11	-658.1557	-3102.5579
84	12	-654.6325	-3107.2603
84	13	-663.3021	-3087.7317
84	14	-658.0631	-3113.0186
84	15	-662.9269	-3111.8408
84	16	-655.0174	-3114.2598
84	17	-658.3253	-3084.1572
84	18	-662.93933	-3119.2717
84	19	-657.9408	-3121.8105
84	20	-654.7711	-3122.9834
84	21	-654.8475	-3077.03
84	22	-666.6201	-3124.0823
84	23	-673.0828	-3123.9678
84	27	-698.87164	-3140.056
84	30	-654.869	-3054.5457
84	31	-662.0984	-3143.8083
84	32	-645.77356	-3127.1377
84	33	-641.98975	-3106.8362
84	34	-641.54834	-3133.0403
84	35	-653.3127	-3149.7214
84	36	-612.41016	-3052.9954
84	38	-606.7809	-3048.658
84	39	-648.0956	-3157.0674
84	41	-642.83	-3150.5486
85	1	-675.9217	-3152.7244
85	2	-641.70496	-3082.3835
85	3	-645.5407	-3076.978
85	4	-654.1097	-3065.9053
85	5	-654.8297	-3090.8416
85	6	-654.48584	-3083.858
85	7	-654.8724	-3099.991
85	8	-663.62585	-3102.875
85	9	-658.24115	-3094.3342
85	10	-663.76294	-3095.302
85	11	-658.1519	-3102.5554
85	12	-654.6325	-3107.2603
85	13	-663.3062	-3087.817
85	14	-658.0631	-3113.0186
85	15	-662.92633	-3111.8367
85	16	-655.0174	-3114.2598
85	17	-658.32153	-3084.1523
85	18	-662.9394	-3119.2712
85	19	-657.9408	-3121.8105
85	20	-654.7711	-3122.9834
85	21	-654.8477	-3077.024
85	23	-673.0828	-3123.9678
85	27	-698.8762	-3140.0566
85	30	-655.1005	-3054.9172
85	31	-662.6238	-3143.8608
85	32	-645.76556	-3126.0554
85	33	-641.9957	-3105.5803
85	34	-641.55536	-3132.0054
85	35	-653.8007	-3149.7139
85	36	-611.8816	-3053.001
85	38	-607.66296	-3048.724
85	39	-648.1243	-3156.4792
85	41	-642.91095	-3149.3833
86	1	-676.23065	-3153.307
86	2	-641.707	-3081.1208
86	3	-645.5332	-3075.5647
86	4	-654.1078	-3066.247
86	5	-654.8298	-3090.8416
86	6	-654.487	-3083.8545
86	7	-654.8724	-3099.991
86	8	-663.61505	-3102.8965
86	9	-658.23596	-3094.336
86	10	-663.7645	-3095.3044
86	11	-658.15875	-3102.5637
86	12	-654.6325	-3107.2603
86	13	-663.3028	-3087.8833
86	14	-658.0631	-3113.0186
86	15	-662.9277	-3111.8398
86	16	-655.0174	-3114.2598
86	17	-658.3228	-3084.151
86	18	-662.94165	-3119.2744
86	19	-657.9408	-3121.8105
86	20	-654.7711	-3122.9834
86	21	-654.848	-3077.0264
86	23	-673.0828	-3123.9678
86	27	-698.8837	-3140.056
86	30	-655.3106	-3055.2656
86	31	-663.1436	-3143.9192
86	32	-645.76654	-3125.021
86	33	-642.00934	-3104.3066
86	34	-641.56366	-3130.9521
86	35	-654.3107	-3149.7449
86	36	-611.18896	-3052.9983
86	38	-608.52167	-3048.7544
86	39	-648.1426	-3155.8904
86	41	-642.9334	-3148.1885
87	1	-676.56964	-3153.8748
87	2	-641.7097	-3079.856
87	3	-645.53345	-3074.1416
87	4	-654.10803	-3066.532
87	5	-654.8298	-3090.8416
87	6	-654.4863	-3083.862
87	7	-654.8724	-3099.991
87	8	-663.6196	-3102.9016
87	9	-658.23517	-3094.3433
87	10	-663.7649	-3095.3005
87	11	-658.156	-3102.5645
87	12	-654.6325	-3107.2603
87	13	-663.30817	-3087.9397
87	14	-658.0631	-3113.0186
87	15	-662.9287	-3111.8457
87	16	-655.0174	-3114.2598
87	17	-658.3218	-3084.1555
87	18	-662.9407	-3119.273
87	19	-657.9408	-3121.8105
87	20	-654.7711	-3122.9834
87	21	-654.84674	-3077.0269
87	23	-673.0828	-3123.9678
87	27	-698.88165	-3140.0552
87	30	-655.53735	-3055.646
87	31	-663.7073	-3144.0078
87	32	-645.7755	-3123.999
87	33	-642.0143	-3103.0059
87	34	-641.5814	-3129.8704
87	35	-654.7402	-3149.8308
87	36	-610.5256	-3052.9817
87	38	-609.48425	-3048.808
87	39	-648.17725	-3155.363
87	41	-643.03754	-3147.1545
88	1	-676.9133	-3154.499
88	2	-641.71405	-3078.5642
88	3	-645.55896	-3072.7456
88	4	-654.1158	-3066.8418
88	5	-654.82983	-3090.8416
88	6	-654.48816	-3083.863
88	7	-654.8724	-3099.991
88	8	-663.6192	-3102.9016
88	9	-658.2357	-3094.3499
88	10	-663.759	-3095.3264
88	11	-658.1554	-3102.5654
88	12	-654.6325	-3107.2603
88	13	-663.3069	-3087.9822
88	14	-658.0631	-3113.0186
88	15	-662.9253	-3111.8406
88	16	-655.0174	-3114.2598
88	17	-658.326	-3084.1514
88	18	-662.94165	-3119.2725
88	19	-657.9408	-3121.8105
88	20	-654.7711	-3122.9834
88	21	-654.84766	-3077.0225
88	23	-673.0828	-3123.9678
88	27	-698.87854	-3140.0537
88	30	-655.72736	-3056.0317
88	31	-664.21173	-3144.1104
88	32	-645.7796	-3122.8845
88	33	-642.0213	-3101.686
88	34	-641.58356	-3128.7512
88	35	-655.15576	-3149.937
88	36	-609.9637	-3052.9558
88	38	-610.45325	-3048.8552
88	39	-648.2346	-3154.851
88	41	-643.0976	-3145.9011
88	43	-653.58655	-3014.481
89	1	-677.2377	-3155.0906
89	2	-641.71344	-3077.2866
89	3	-645.51794	-3071.2703
89	4	-654.1216	-3067.1184
89	5	-654.82983	-3090.8416
89	6	-654.48615	-3083.8757
89	7	-654.8724	-3099.991
89	8	-663.61273	-3102.914
89	9	-658.2329	-3094.373
89	10	-663.75934	-3095.3367
89	11	-658.155	-3102.5715
89	12	-654.6325	-3107.2603
89	13	-663.30164	-3088.059
89	14	-658.0631	-3113.0186
89	15	-662.92926	-3111.8662
89	16	-655.0174	-3114.2598
89	17	-658.32025	-3084.168
89	18	-662.9433	-3119.2832
89	19	-657.9408	-3121.8105
89	20	-654.7711	-3122.9834
89	21	-654.8448	-3077.0413
89	23	-673.0828	-3123.9678
89	27	-698.8463	-3140.0488
89	30	-655.86914	-3056.363
89	31	-664.7316	-3144.2405
89	32	-645.7822	-3121.8306
89	33	-642.02673	-3100.3726
89	34	-641.5931	-3127.6338
89	35	-655.58875	-3150.1382
89	36	-609.3233	-3052.949
89	38	-611.3157	-3048.9028
89	39	-648.29254	-3154.2825
89	41	-643.1588	-3144.662
89	43	-653.5821	-3015.1655
90	1	-677.5922	-3155.68
90	2	-641.71063	-3075.9934
90	3	-645.51666	-3069.8174
90	4	-654.1183	-3067.408
90	5	-654.82983	-3090.8416
90	6	-654.48755	-3083.8657
90	7	-654.8724	-3099.991
90	8	-663.61566	-3102.9058
90	9	-658.2344	-3094.3853
90	10	-663.76056	-3095.337
90	11	-658.153	-3102.5657
90	12	-654.6325	-3107.2603
90	13	-663.30505	-3088.105
90	14	-658.0631	-3113.0186
90	15	-662.9301	-3111.8726
90	16	-655.0174	-3114.2598
90	17	-658.3236	-3084.1707
90	18	-662.9458	-3119.29
90	19	-657.9408	-3121.8105
90	20	-654.7711	-3122.9834
90	21	-654.8456	-3077.034
90	23	-673.0828	-3123.9678
90	27	-698.8472	-3140.0583
90	30	-656.0614	-3056.7556
90	31	-665.246	-3144.3684
90	32	-645.7927	-3120.6956
90	33	-642.0359	-3099.0398
90	34	-641.59485	-3126.5454
90	35	-655.96936	-3150.3308
90	36	-608.76227	-3052.9382
90	38	-612.1227	-3048.9453
90	39	-648.36865	-3153.7612
90	41	-643.2411	-3143.4082
90	43	-653.5405	-3015.9714
