0	1	3989.3354	-14.815284
0	2	3996.449	-18.192163
0	3	3899.4778	-22.085459
0	4	3968.6802	-10.81185
0	5	3963.7065	-14.590554
0	6	3956.157	-18.425926
0	7	3938.0332	-34.613705
0	8	3942.0642	-14.576575
0	9	3904.82	-27.063675
0	10	3914.4673	35.297638
1	1	3987.032	-14.81501
1	2	3994.1956	-18.180231
1	3	3898.6118	-22.102156
1	4	3966.666	-10.815906
1	5	3961.5579	-14.582666
1	6	3953.8997	-18.42301
1	7	3939.6548	-34.616047
1	8	3939.9817	-14.600366
1	9	3906.7554	-27.046768
1	10	3914.4673	35.297638
2	1	3984.7463	-14.805847
2	2	3991.9482	-18.17233
2	3	3897.8433	-22.121574
2	4	3964.6538	-10.821099
2	5	3959.412	-14.578699
2	6	3951.62	-18.407774
2	7	3941.2888	-34.625217
2	8	3937.8938	-14.610987
2	9	3908.7332	-27.033497
2	10	3914.4673	35.297638
2	11	3921.5771	43.794086
3	1	3982.425	-14.80169
3	2	3989.7217	-18.156738
3	3	3897.0308	-22.122795
3	4	3962.642	-10.824246
3	5	3957.275	-14.573557
3	6	3949.3186	-18.412645
3	7	3942.9985	-34.6281
3	8	3935.8042	-14.630079
3	9	3910.7595	-27.02864
3	10	3914.4673	35.297638
3	11	3921.5771	43.794086
4	1	3980.1702	-14.784137
4	2	3987.502	-18.16508
4	3	3896.294	-22.118517
4	4	3960.63	-10.827993
4	5	3955.1414	-14.562754
4	6	3947.0332	-18.39755
4	7	3944.638	-34.633003
4	8	3933.7275	-14.63993
4	9	3912.7273	-26.995731
4	10	3914.4673	35.297638
4	11	3921.5771	43.794086
5	1	3977.8896	-14.78635
5	2	3985.2534	-18.157887
5	3	3895.4927	-22.130424
5	4	3958.6172	-10.829725
5	5	3952.9976	-14.556986
5	6	3944.7224	-18.40936
5	7	3946.2976	-34.640057
5	8	3931.652	-14.65504
5	9	3914.7043	-26.990713
5	11	3921.5771	43.794086
6	1	3975.5928	-14.787756
6	2	3982.9753	-18.156284
6	3	3894.7551	-22.141655
6	4	3956.6045	-10.832972
6	5	3950.8687	-14.553149
6	6	3942.4321	-18.4145
6	7	3947.9792	-34.62696
6	8	3929.5698	-14.673864
6	9	3916.6948	-26.984806
6	11	3921.5771	43.794086
7	1	3973.3096	-14.783906
7	2	3980.6865	-18.172983
7	3	3894.0134	-22.169456
7	4	3954.5938	-10.837134
7	5	3948.7239	-14.552899
7	6	3940.1738	-18.435877
7	7	3949.6267	-34.61971
7	8	3927.4753	-14.678374
7	9	3918.648	-26.971659
7	11	3921.5771	43.794086
8	1	3971.0437	-14.7945385
8	2	3978.462	-18.163052
8	3	3893.2979	-22.164566
8	4	3952.5833	-10.838264
8	5	3946.6096	-14.545314
8	6	3937.8462	-18.44347
8	7	3951.2715	-34.61675
8	8	3925.3977	-14.680419
8	9	3920.6213	-26.949059
8	10	3914.4673	35.297638
9	1	3968.778	-14.784821
9	2	3976.226	-18.166548
9	3	3892.623	-22.164196
9	4	3950.5723	-10.837431
9	5	3944.4834	-14.5271225
9	6	3935.58	-18.441057
9	7	3952.8657	-34.622654
9	8	3923.291	-14.685579
9	9	3922.6318	-26.945272
9	10	3914.4673	35.297638
9	11	3921.5771	43.794086
9	12	3874.4993	-22.498024
10	1	3966.4692	-14.766999
10	2	3973.9465	-18.15833
10	3	3891.9773	-22.182224
10	4	3948.5605	-10.836616
10	5	3942.3625	-14.524768
10	6	3933.2446	-18.450935
10	7	3954.5247	-34.616467
10	8	3921.168	-14.692653
10	9	3924.6233	-26.926163
10	10	3914.4673	35.297638
10	11	3921.5771	43.794086
10	12	3874.0098	-22.494644
11	1	3964.1807	-14.781668
11	2	3971.7273	-18.191784
11	3	3891.2676	-22.202423
11	4	3946.5486	-10.833914
11	5	3940.2786	-14.54517
11	6	3931.0461	-18.452063
11	7	3956.139	-34.609303
11	8	3919.2	-14.720799
11	9	3926.544	-26.905682
11	10	3914.4673	35.297638
11	11	3921.5771	43.794086
11	12	3873.7585	-22.47648
12	1	3961.8818	-14.77915
12	2	3969.46	-18.192926
12	3	3890.614	-22.219658
12	4	3944.5386	-10.831586
12	5	3938.1707	-14.535251
12	6	3928.719	-18.452246
12	7	3957.768	-34.611443
12	8	3917.0876	-14.721386
12	9	3928.5017	-26.88217
12	10	3914.4673	35.297638
12	11	3921.5771	43.794086
12	12	3873.2834	-22.489546
13	1	3959.5928	-14.778391
13	2	3967.221	-18.19389
13	3	3890.011	-22.234837
13	4	3942.529	-10.828189
13	5	3936.0347	-14.528826
13	6	3926.4573	-18.45671
13	7	3959.3855	-34.6083
13	8	3915.0015	-14.718037
13	9	3930.4626	-26.846529
13	10	3914.4673	35.297638
13	11	3921.5771	43.794086
13	12	3872.7856	-22.504929
14	1	3957.317	-14.780362
14	2	3965.0198	-18.21301
14	3	3889.396	-22.251392
14	4	3940.5198	-10.825209
14	5	3933.9143	-14.535428
14	6	3924.1787	-18.471943
14	7	3961.039	-34.60608
14	8	3912.922	-14.726742
14	9	3932.4	-26.81879
14	10	3914.4673	35.297638
14	11	3921.5771	43.794086
14	12	3872.5225	-22.524858
15	1	3955.036	-14.78035
15	2	3962.7292	-18.213566
15	3	3888.8062	-22.270084
15	4	3938.5083	-10.82058
15	5	3931.7878	-14.523074
15	6	3921.876	-18.490128
15	7	3962.6628	-34.6043
15	8	3910.8354	-14.724414
15	9	3934.3455	-26.800848
15	10	3914.4673	35.297638
15	11	3921.5771	43.794086
15	12	3872.2144	-22.544004
16	1	3952.7188	-14.783149
16	2	3960.4597	-18.222116
16	3	3888.3054	-22.277729
16	4	3936.495	-10.815947
16	5	3929.675	-14.50562
16	6	3919.5754	-18.490791
16	7	3964.3594	-34.60837
16	8	3908.7312	-14.732101
16	9	3936.2327	-26.79356
16	11	3921.5771	43.794086
16	12	3871.8687	-22.559275
17	1	3950.4358	-14.783798
17	2	3958.2056	-18.220356
17	3	3887.7925	-22.26451
17	4	3934.4827	-10.813367
17	5	3927.5706	-14.509257
17	6	3917.3044	-18.512886
17	7	3965.9976	-34.60757
17	8	3906.663	-14.742546
17	9	3938.172	-26.787693
17	11	3921.5771	43.794086
17	12	3871.6775	-22.564863
18	1	3948.103	-14.799868
18	2	3955.9917	-18.231861
18	3	3887.277	-22.274658
18	4	3932.4707	-10.811977
18	5	3925.4263	-14.504068
18	6	3915.006	-18.523254
18	7	3967.6772	-34.605957
18	8	3904.5723	-14.734571
18	9	3940.0576	-26.782719
18	11	3921.5771	43.794086
18	12	3871.4185	-22.558825
19	1	3945.7893	-14.822461
19	2	3953.7312	-18.244848
19	3	3886.7817	-22.282164
19	4	3930.4578	-10.811725
19	5	3923.325	-14.499952
19	6	3912.7188	-18.534079
19	7	3969.293	-34.618633
19	8	3902.5076	-14.747842
19	9	3942.0034	-26.781456
19	11	3921.5771	43.794086
19	12	3871.166	-22.56371
20	1	3943.4717	-14.85382
20	2	3951.5066	-18.259024
20	3	3886.2898	-22.29861
20	4	3928.4448	-10.811217
20	5	3921.2002	-14.505606
20	6	3910.4172	-18.549583
20	7	3970.9563	-34.637535
20	8	3900.439	-14.763356
20	9	3943.9502	-26.796244
20	11	3921.5771	43.794086
20	12	3870.9412	-22.57951
21	1	3941.153	-14.875861
21	2	3949.249	-18.277035
21	3	3885.8306	-22.319868
21	4	3926.4312	-10.811348
21	5	3919.085	-14.510025
21	6	3908.1223	-18.56015
21	7	3972.5974	-34.62667
21	8	3898.3784	-14.779925
21	9	3945.9072	-26.787956
21	11	3921.5771	43.794086
21	12	3870.7039	-22.60083
21	13	3857.5017	-41.59743
22	1	3938.8293	-14.906799
22	2	3947.005	-18.28734
22	3	3885.3337	-22.317533
22	4	3924.4177	-10.815148
22	5	3916.952	-14.502653
22	6	3905.8306	-18.573847
22	7	3974.205	-34.643818
22	8	3896.2722	-14.803798
22	9	3947.8928	-26.785864
22	12	3870.4692	-22.60874
22	13	3857.5017	-41.59743
23	1	3936.5117	-14.950605
23	2	3944.7874	-18.289562
23	3	3884.8909	-22.322828
23	4	3922.4053	-10.818313
23	5	3914.8354	-14.499243
23	6	3903.569	-18.572142
23	7	3975.8792	-34.65629
23	8	3894.2224	-14.819577
23	9	3949.8638	-26.780428
23	12	3870.2537	-22.615341
23	13	3857.5017	-41.59743
24	1	3934.1716	-14.998814
24	2	3942.5486	-18.297691
24	3	3884.4805	-22.326633
24	4	3920.3928	-10.821864
24	5	3912.7046	-14.490302
24	6	3901.2852	-18.573467
24	7	3977.5217	-34.646873
24	8	3892.1462	-14.817661
24	9	3951.8564	-26.775682
24	12	3870.0955	-22.625565
24	13	3857.5017	-41.59743
25	1	3931.8442	-15.050186
25	2	3940.2874	-18.297075
25	3	3884.0325	-22.327938
25	4	3918.381	-10.824928
25	5	3910.5723	-14.492165
25	6	3898.9692	-18.578241
25	7	3979.2852	-34.618855
25	8	3890.0605	-14.817771
25	9	3953.8328	-26.77106
25	12	3869.8591	-22.635296
25	13	3857.5017	-41.59743
26	1	3929.51	-15.104289
26	2	3938.0508	-18.307497
26	3	3883.5735	-22.327776
26	4	3916.3694	-10.827947
26	5	3908.4446	-14.487012
26	6	3896.6797	-18.571432
26	8	3887.9897	-14.820532
26	9	3955.8074	-26.783285
26	12	3869.7043	-22.63861
26	13	3857.5017	-41.59743
27	1	3927.207	-15.169803
27	2	3935.8337	-18.323109
27	3	3883.199	-22.328905
27	4	3914.3574	-10.830215
27	5	3906.2957	-14.48051
27	6	3894.405	-18.59239
27	8	3885.9106	-14.844786
27	9	3957.8013	-26.791094
27	12	3869.528	-22.64234
27	13	3857.5017	-41.59743
28	1	3924.865	-15.222947
28	2	3933.6348	-18.338873
28	3	3882.8433	-22.324165
28	4	3912.3447	-10.831914
28	5	3904.1611	-14.492158
28	6	3892.142	-18.578142
28	8	3883.8374	-14.846507
28	9	3959.45	-26.832281
28	12	3869.3875	-22.647724
28	13	3857.5017	-41.59743
29	1	3922.5144	-15.308538
29	2	3931.3716	-18.336277
29	3	3882.5332	-22.328953
29	4	3910.3323	-10.831292
29	5	3902.0132	-14.482936
29	6	3889.8396	-18.598888
29	8	3881.7449	-14.873278
29	9	3961.8193	-26.857107
29	12	3869.2432	-22.659878
29	13	3857.5017	-41.59743
30	1	3920.1602	-15.37371
30	2	3929.1914	-18.327528
30	3	3882.2183	-22.333685
30	4	3908.319	-10.830847
30	5	3899.868	-14.465184
30	6	3887.5508	-18.598957
30	8	3879.6624	-14.872729
30	9	3963.7998	-26.759068
30	12	3869.0923	-22.663446
30	13	3857.5017	-41.59743
31	1	3917.7896	-15.458627
31	2	3926.9565	-18.330261
31	3	3881.8684	-22.341717
31	4	3906.3044	-10.830206
31	5	3897.7197	-14.475721
31	6	3885.2551	-18.606022
31	8	3877.566	-14.880758
31	12	3868.9724	-22.678316
31	13	3857.5017	-41.59743
32	1	3915.4473	-15.519989
32	2	3924.754	-18.363941
32	3	3881.5168	-22.341309
32	4	3904.29	-10.828198
32	5	3895.6113	-14.4947815
32	6	3883.0432	-18.58969
32	8	3875.5498	-14.875764
32	12	3868.8438	-22.674107
32	13	3857.5017	-41.59743
32	17	3857.5142	-27.83709
33	1	3913.0989	-15.618828
33	2	3922.4998	-18.3684
33	3	3881.189	-22.35046
33	4	3902.2754	-10.826236
33	5	3893.4692	-14.4861145
33	6	3880.7253	-18.593283
33	8	3873.4536	-14.87855
33	12	3868.7	-22.681479
33	13	3857.5017	-41.59743
33	17	3859.3508	-27.476112
34	1	3910.733	-15.717469
34	2	3920.3276	-18.369015
34	3	3880.923	-22.351736
34	4	3900.263	-10.821874
34	5	3891.3357	-14.481638
34	6	3878.4507	-18.5895
34	8	3871.3792	-14.887231
34	12	3868.6335	-22.68442
34	13	3857.5017	-41.59743
34	17	3860.9204	-27.481411
35	1	3908.3762	-15.822523
35	2	3918.1162	-18.380787
35	3	3880.6514	-22.363123
35	4	3898.2524	-10.818698
35	5	3889.1775	-14.480733
35	6	3876.174	-18.549002
35	8	3869.282	-14.89926
35	12	3868.534	-22.68902
35	13	3857.5017	-41.59743
35	17	3862.5068	-27.53274
36	1	3906.0176	-15.945156
36	2	3915.918	-18.400208
36	3	3880.3782	-22.366255
36	4	3896.245	-10.815007
36	5	3887.0056	-14.4933
36	6	3873.8904	-18.559158
36	8	3867.1677	-14.905586
36	12	3868.4307	-22.69912
36	13	3857.5017	-41.59743
36	17	3864.1855	-27.50914
37	1	3903.6636	-16.050285
37	2	3913.6758	-18.403118
37	3	3880.1145	-22.371517
37	4	3894.2485	-10.811612
37	5	3884.8398	-14.486425
37	6	3871.6099	-18.545748
37	8	3865.0718	-14.927916
37	12	3868.3528	-22.69973
37	14	3972.0144	-14.756241
37	17	3865.7344	-27.484524
38	1	3901.267	-16.15658
38	2	3911.4705	-18.402527
38	3	3879.865	-22.378212
38	4	3892.2615	-10.807337
38	5	3882.6836	-14.473554
38	6	3869.324	-18.523474
38	8	3862.9712	-14.931658
38	12	3868.2068	-22.714869
38	13	3857.5017	-41.59743
38	14	3969.9658	-14.699766
38	17	3867.423	-27.466581
39	1	3898.905	-16.278896
39	2	3909.2827	-18.416819
39	3	3879.675	-22.362183
39	4	3890.2825	-10.805252
39	5	3880.5303	-14.470353
39	6	3867.0955	-18.509048
39	8	3860.8523	-14.929741
39	12	3868.1833	-22.708347
39	13	3857.5017	-41.59743
39	14	3967.7783	-14.654139
39	17	3868.9712	-27.427279
40	1	3896.5112	-16.409418
40	2	3907.0554	-18.429533
40	3	3879.4277	-22.362904
40	4	3888.3093	-10.804428
40	5	3878.3572	-14.472186
40	6	3864.7822	-18.53158
40	8	3858.723	-14.9330845
40	12	3868.0674	-22.710775
40	13	3857.5017	-41.59743
40	14	3965.5842	-14.652629
40	17	3870.6062	-27.400658
41	1	3894.1492	-16.536787
41	2	3904.85	-18.436634
41	3	3879.1787	-22.37253
41	4	3886.3435	-10.804137
41	5	3876.1897	-14.46302
41	6	3862.5042	-18.530426
41	8	3856.613	-14.927907
41	12	3867.9539	-22.70911
41	14	3963.3474	-14.660116
41	15	3814.2646	-34.43744
41	17	3872.1995	-27.399221
42	1	3891.7776	-16.64545
42	2	3902.6653	-18.457705
42	3	3878.9167	-22.367764
42	4	3884.3857	-10.804944
42	5	3874.022	-14.471591
42	6	3860.2266	-18.521805
42	8	3854.5032	-14.938798
42	12	3867.8298	-22.726099
42	13	3857.5017	-41.59743
42	14	3961.1453	-14.67862
42	15	3815.5015	-34.49403
42	17	3873.749	-27.37523
43	1	3889.3901	-16.767036
43	2	3900.4768	-18.463442
43	3	3878.6914	-22.36743
43	4	3882.4324	-10.804467
43	5	3871.8394	-14.473607
43	6	3857.9292	-18.521627
43	8	3852.3752	-14.946904
43	12	3867.7534	-22.725561
43	13	3857.5017	-41.59743
43	14	3958.9248	-14.67709
43	15	3816.7007	-34.5149
43	17	3875.4043	-27.361876
44	1	3887.0125	-16.880667
44	2	3898.2559	-18.474745
44	3	3878.4685	-22.369263
44	4	3880.484	-10.805672
44	5	3869.6624	-14.473719
44	6	3855.6467	-18.508097
44	8	3850.2603	-14.955893
44	12	3867.6528	-22.730658
44	13	3857.5017	-41.59743
44	14	3956.7188	-14.683667
44	15	3817.885	-34.50977
44	17	3877.0518	-27.3381
45	1	3884.658	-16.992
45	2	3896.0586	-18.480867
45	3	3878.2478	-22.365068
45	4	3878.5403	-10.807431
45	5	3867.4766	-14.461935
45	6	3853.4119	-18.488165
45	8	3848.157	-14.943141
45	12	3867.558	-22.735
45	13	3857.5017	-41.59743
45	14	3954.5078	-14.691955
45	15	3819.0908	-34.51673
45	17	3878.7292	-27.321854
46	1	3882.2703	-17.108082
46	2	3893.8735	-18.483042
46	3	3878.0383	-22.369596
46	4	3876.5999	-10.810066
46	5	3865.289	-14.45092
46	6	3851.1306	-18.471066
46	8	3846.0205	-14.944585
46	12	3867.453	-22.738852
46	13	3857.5017	-41.59743
46	14	3952.3242	-14.673777
46	15	3820.3193	-34.51911
46	17	3880.3342	-27.300438
47	1	3879.894	-17.216711
47	2	3891.7021	-18.482777
47	3	3877.8604	-22.378948
47	4	3874.663	-10.816146
47	5	3863.12	-14.454885
47	6	3848.9038	-18.463718
47	8	3843.917	-14.947196
47	12	3867.3599	-22.739967
47	13	3857.5017	-41.59743
47	14	3950.1406	-14.715925
47	15	3821.4915	-34.511337
47	17	3881.9634	-27.270409
48	1	3877.5356	-17.309935
48	2	3889.5327	-18.482971
48	3	3877.6729	-22.38661
48	4	3872.729	-10.823538
48	5	3860.9285	-14.4573555
48	6	3846.641	-18.44696
48	8	3841.8164	-14.942258
48	12	3867.2566	-22.745049
48	14	3947.985	-14.729055
48	15	3822.6406	-34.511215
48	17	3883.5752	-27.259306
49	1	3875.1729	-17.407787
49	2	3887.3335	-18.482145
49	3	3877.4995	-22.378605
49	4	3870.7966	-10.829626
49	5	3858.7468	-14.449744
49	6	3844.4062	-18.440512
49	8	3839.7021	-14.94653
49	12	3867.1553	-22.751865
49	14	3945.83	-14.733851
49	15	3823.777	-34.50794
49	17	3885.2102	-27.23725
50	1	3872.8044	-17.496893
50	2	3885.1453	-18.484943
50	3	3877.3271	-22.386965
50	4	3868.8616	-10.835753
50	5	3856.5454	-14.452793
50	6	3842.16	-18.436228
50	8	3837.5347	-14.950186
50	12	3867.0327	-22.758564
50	13	3857.5017	-41.59743
50	14	3943.6294	-14.726367
50	15	3824.9036	-34.513817
50	17	3886.8315	-27.223064
51	1	3870.4333	-17.582535
51	2	3882.9407	-18.472332
51	3	3877.1577	-22.393936
51	4	3866.923	-10.8406925
51	5	3854.3706	-14.451245
51	6	3839.895	-18.44995
51	8	3835.4343	-14.9484415
51	12	3866.9272	-22.767036
51	13	3857.5017	-41.59743
51	14	3941.432	-14.775128
51	15	3825.9705	-34.505547
51	17	3888.4585	-27.21149
52	1	3868.0625	-17.66486
52	2	3880.7517	-18.473875
52	3	3876.9963	-22.397886
52	4	3864.9817	-10.848553
52	5	3852.178	-14.448574
52	6	3837.5974	-18.454706
52	8	3833.288	-14.95451
52	12	3866.8057	-22.782343
52	13	3857.5017	-41.59743
52	14	3939.25	-14.766475
52	15	3827.0325	-34.508102
52	16	3816.2773	-69.84242
52	17	3890.0728	-27.19153
53	1	3865.7173	-17.744602
53	2	3878.5723	-18.460817
53	3	3876.829	-22.39492
53	4	3863.0347	-10.856026
53	5	3849.9873	-14.442698
53	6	3835.3386	-18.468746
53	8	3831.1875	-14.964324
53	12	3866.685	-22.80311
53	13	3857.5017	-41.59743
53	14	3937.0198	-14.781406
53	15	3828.1282	-34.51002
53	16	3816.2773	-69.84242
53	17	3891.7634	-27.181534
54	1	3863.376	-17.819586
54	2	3876.392	-18.459877
54	3	3876.6882	-22.395678
54	4	3861.0815	-10.862714
54	5	3847.7874	-14.428528
54	6	3833.1616	-18.482428
54	8	3829.089	-14.959015
54	12	3866.5596	-22.825254
54	13	3857.5017	-41.59743
54	14	3934.867	-14.798377
54	15	3829.1235	-34.519436
54	16	3816.2773	-69.84242
54	17	3893.4668	-27.169065
55	1	3861.0178	-17.88371
55	2	3874.224	-18.441534
55	3	3876.5596	-22.390017
55	4	3859.1255	-10.866741
55	5	3845.599	-14.4138365
55	6	3830.8855	-18.493788
55	8	3826.9333	-14.9812765
55	12	3866.4287	-22.84968
55	13	3857.5017	-41.59743
55	14	3932.698	-14.792427
55	15	3830.1475	-34.52764
55	16	3816.2773	-69.84242
55	17	3895.2024	-27.15198
56	1	3858.6646	-17.948166
56	2	3872.0317	-18.445257
56	3	3876.4456	-22.397612
56	4	3857.1694	-10.867767
56	5	3843.4038	-14.398061
56	6	3828.5718	-18.497904
56	8	3824.7676	-14.991528
56	12	3866.3057	-22.8756
56	13	3857.5017	-41.59743
56	14	3930.495	-14.79598
56	15	3831.1401	-34.531216
56	16	3816.2773	-69.84242
56	17	3896.8877	-27.134537
56	18	3818.2324	-71.99343
56	19	3811.258	-67.102554
56	20	3820.158	-74.518265
57	1	3856.3118	-18.005623
57	2	3869.8533	-18.434757
57	3	3876.331	-22.395155
57	4	3855.214	-10.876941
57	5	3841.2021	-14.379897
57	6	3826.5007	-18.48555
57	8	3822.6594	-14.992667
57	12	3866.1707	-22.898933
57	13	3857.5017	-41.59743
57	14	3928.3103	-14.798633
57	15	3832.1387	-34.535187
57	16	3816.2773	-69.84242
57	17	3898.5808	-27.12607
57	18	3818.2324	-71.99343
57	19	3811.258	-67.102554
58	1	3853.971	-18.062815
58	2	3867.6877	-18.432716
58	3	3876.2144	-22.407951
58	4	3853.2546	-10.887201
58	5	3839.0115	-14.360163
58	6	3824.2744	-18.50732
58	8	3820.5168	-14.990653
58	12	3866.0225	-22.929972
58	13	3857.5017	-41.59743
58	14	3926.1414	-14.800984
58	15	3833.131	-34.544796
58	16	3816.2773	-69.84242
58	17	3900.2168	-27.124962
58	18	3818.2324	-71.99343
58	19	3811.258	-67.102554
58	20	3820.158	-74.518265
59	1	3851.6287	-18.108133
59	2	3865.504	-18.427923
59	3	3876.09	-22.409548
59	4	3851.304	-10.899726
59	5	3836.8098	-14.343094
59	6	3821.985	-18.509815
59	8	3818.3806	-14.985739
59	12	3865.8423	-22.967844
59	13	3857.5017	-41.59743
59	14	3923.9368	-14.768638
59	15	3834.0525	-34.562786
59	16	3816.2773	-69.84242
59	17	3901.9348	-27.120142
59	18	3818.2324	-71.99343
59	19	3811.258	-67.102554
59	20	3820.158	-74.518265
59	21	3803.6216	-64.74443
59	25	3824.4995	-77.57111
60	1	3849.2898	-18.154217
60	2	3863.319	-18.420012
60	3	3876.011	-22.41034
60	4	3849.3684	-10.909453
60	5	3834.6113	-14.318147
60	6	3819.6384	-18.520159
60	8	3816.2104	-14.989672
60	12	3865.6584	-23.006742
60	13	3857.5017	-41.59743
60	14	3921.8062	-14.782294
60	15	3834.983	-34.587288
60	16	3816.2773	-69.84242
60	17	3903.7031	-27.122751
60	18	3818.2324	-71.99343
60	25	3824.4995	-77.57111
61	1	3846.962	-18.191364
61	2	3861.1438	-18.414543
61	3	3875.864	-22.420576
61	4	3847.4453	-10.920078
61	5	3832.4026	-14.294007
61	6	3817.5022	-18.515991
61	8	3814.1284	-14.992996
61	12	3865.5024	-23.038164
61	13	3857.5017	-41.59743
61	14	3919.622	-14.80353
61	15	3835.8477	-34.61487
61	16	3816.2773	-69.84242
61	17	3905.4543	-27.11446
61	18	3818.2324	-71.99343
61	20	3820.158	-74.518265
61	21	3803.6216	-64.74443
61	25	3824.4995	-77.57111
62	1	3844.6272	-18.22661
62	2	3858.953	-18.410784
62	3	3875.758	-22.417206
62	4	3845.528	-10.930813
62	5	3830.1885	-14.266485
62	6	3815.3176	-18.524525
62	8	3811.9807	-14.980856
62	12	3865.3062	-23.082964
62	13	3857.5017	-41.59743
62	14	3917.4426	-14.821856
62	15	3836.707	-34.650368
62	16	3816.2773	-69.84242
62	17	3907.1372	-27.131758
62	18	3818.2324	-71.99343
62	21	3803.6216	-64.74443
63	1	3842.292	-18.267168
63	2	3856.7646	-18.404905
63	3	3875.6157	-22.422482
63	4	3843.611	-10.945666
63	5	3827.9834	-14.238624
63	6	3813.1218	-18.53174
63	8	3809.8489	-14.9934435
63	12	3865.1326	-23.128838
63	13	3857.5017	-41.59743
63	14	3915.2659	-14.824091
63	15	3837.5361	-34.700058
63	16	3816.2773	-69.84242
63	17	3908.763	-27.110195
63	18	3818.2324	-71.99343
63	19	3811.258	-67.102554
63	20	3820.158	-74.518265
63	22	3789.5986	-64.64421
64	1	3839.9739	-18.294651
64	2	3854.5815	-18.394594
64	3	3875.487	-22.425436
64	4	3841.7024	-10.959214
64	5	3825.7534	-14.202587
64	6	3810.959	-18.555195
64	8	3807.6824	-14.998853
64	12	3864.9397	-23.182625
64	13	3857.5017	-41.59743
64	14	3913.1018	-14.814658
64	15	3838.3184	-34.75512
64	16	3816.2773	-69.84242
64	17	3910.5425	-27.114674
64	18	3818.2324	-71.99343
64	19	3811.258	-67.102554
64	20	3820.158	-74.518265
64	21	3803.6216	-64.74443
64	22	3789.5986	-64.64421
64	25	3824.4995	-77.57111
65	1	3837.652	-18.326214
65	2	3852.415	-18.376146
65	3	3875.3757	-22.427967
65	4	3839.799	-10.973294
65	5	3823.5469	-14.171783
65	6	3808.7703	-18.55179
65	8	3805.5017	-14.995804
65	12	3864.7432	-23.234425
65	13	3857.5017	-41.59743
65	14	3910.932	-14.818686
65	15	3839.1084	-34.816067
65	16	3816.2773	-69.84242
65	17	3912.2214	-27.126152
65	18	3818.2324	-71.99343
65	19	3811.258	-67.102554
65	20	3820.158	-74.518265
65	21	3803.6216	-64.74443
65	22	3789.5986	-64.64421
65	25	3824.4995	-77.57111
66	1	3835.3606	-18.351337
66	2	3850.2302	-18.360329
66	3	3875.2202	-22.435133
66	4	3837.9038	-10.985171
66	5	3821.3372	-14.139294
66	6	3806.5889	-18.56173
66	8	3803.36	-15.004858
66	12	3864.479	-23.310946
66	13	3857.5017	-41.59743
66	14	3908.7783	-14.816739
66	15	3839.8484	-34.88789
66	16	3816.2773	-69.84242
66	17	3913.9998	-27.148685
66	18	3818.2324	-71.99343
66	19	3811.258	-67.102554
66	20	3820.158	-74.518265
66	21	3803.6216	-64.74443
66	22	3789.5986	-64.64421
66	24	3787.1228	-65.1201
67	1	3833.048	-18.369028
67	2	3848.034	-18.369776
67	3	3875.089	-22.444225
67	4	3836.0125	-10.997958
67	5	3819.1213	-14.105154
67	6	3804.4102	-18.57127
67	8	3801.2292	-14.993967
67	12	3864.2112	-23.387783
67	13	3857.5017	-41.59743
67	14	3906.5923	-14.804999
67	15	3840.5864	-34.98497
67	16	3816.2773	-69.84242
67	18	3818.2324	-71.99343
67	19	3811.258	-67.102554
67	20	3820.158	-74.518265
67	21	3803.6216	-64.74443
67	22	3789.5986	-64.64421
67	23	3781.6147	-64.3169
67	24	3787.1228	-65.1201
67	25	3824.4995	-77.57111
68	1	3830.7517	-18.381927
68	2	3845.8542	-18.346436
68	3	3874.9592	-22.440636
68	4	3834.1238	-11.011632
68	5	3816.902	-14.064959
68	6	3802.2388	-18.579967
68	8	3799.1104	-14.986091
68	12	3863.9424	-23.47811
68	13	3857.5017	-41.59743
68	14	3904.4294	-14.828125
68	15	3841.3135	-35.090218
68	16	3816.2773	-69.84242
68	18	3818.2324	-71.99343
68	19	3811.258	-67.102554
68	20	3820.158	-74.518265
68	21	3803.6216	-64.74443
68	22	3789.5986	-64.64421
68	23	3781.6147	-64.3169
68	24	3787.1228	-65.1201
68	25	3824.4995	-77.57111
69	1	3828.4458	-18.403177
69	2	3843.6875	-18.343801
69	3	3874.8027	-22.446625
69	4	3832.235	-11.025141
69	5	3814.6907	-14.035258
69	6	3800.083	-18.581093
69	8	3796.9675	-14.974886
69	12	3863.6487	-23.581343
69	13	3857.5017	-41.59743
69	14	3902.263	-14.832964
69	15	3842.034	-35.22723
69	16	3816.2773	-69.84242
69	18	3818.2324	-71.99343
69	19	3811.258	-67.102554
69	20	3820.158	-74.518265
69	21	3803.6216	-64.74443
69	22	3789.5986	-64.64421
69	23	3781.6147	-64.3169
69	24	3787.1228	-65.1201
69	25	3824.4995	-77.57111
70	1	3826.1438	-18.412981
70	2	3841.4783	-18.313677
70	3	3874.663	-22.446404
70	4	3830.3472	-11.038292
70	5	3812.441	-14.0005245
70	6	3797.939	-18.589294
70	8	3794.7842	-14.955182
70	12	3863.3298	-23.698013
70	13	3857.5017	-41.59743
70	14	3900.1345	-14.828231
70	15	3842.6963	-35.366375
70	16	3816.2773	-69.84242
70	18	3818.2324	-71.99343
70	19	3811.258	-67.102554
70	20	3820.158	-74.518265
70	21	3803.6216	-64.74443
70	22	3789.5986	-64.64421
70	23	3781.6147	-64.3169
70	24	3787.1228	-65.1201
70	25	3824.4995	-77.57111
70	26	3775.8816	-64.14047
70	29	3778.7102	-64.35531
71	1	3823.8586	-18.428461
71	2	3839.3208	-18.307192
71	3	3874.526	-22.448532
71	4	3828.4592	-11.05055
71	5	3810.2104	-13.9602995
71	6	3795.79	-18.587254
71	8	3792.63	-14.958761
71	12	3862.987	-23.843603
71	13	3857.5017	-41.59743
71	14	3898.0127	-14.853124
71	15	3843.3528	-35.535862
71	16	3816.2773	-69.84242
71	18	3818.2324	-71.99343
71	19	3811.258	-67.102554
71	20	3820.158	-74.518265
71	21	3803.6216	-64.74443
71	22	3789.5986	-64.64421
71	23	3781.6147	-64.3169
71	24	3787.1228	-65.1201
71	25	3824.4995	-77.57111
71	26	3775.8816	-64.14047
72	1	3821.5684	-18.440722
72	2	3837.1538	-18.28954
72	3	3874.377	-22.451727
72	4	3826.5686	-11.065138
72	5	3807.985	-13.923275
72	6	3793.6565	-18.587492
72	8	3790.4785	-14.949371
72	12	3862.6816	-23.983679
72	13	3857.5017	-41.59743
72	14	3895.848	-14.86165
72	15	3843.978	-35.698467
72	16	3816.2773	-69.84242
72	18	3818.2324	-71.99343
72	19	3811.258	-67.102554
72	20	3820.158	-74.518265
72	21	3803.6216	-64.74443
72	22	3789.5986	-64.64421
72	23	3781.6147	-64.3169
72	24	3787.1228	-65.1201
72	25	3824.4995	-77.57111
72	26	3775.8816	-64.14047
72	29	3778.7102	-64.35531
73	1	3819.2773	-18.437151
73	2	3834.9707	-18.28477
73	3	3874.222	-22.457779
73	4	3824.674	-11.079037
73	5	3805.7708	-13.880212
73	6	3791.5217	-18.600895
73	8	3788.275	-14.953598
73	12	3862.3462	-24.154068
73	13	3857.5017	-41.59743
73	14	3893.6733	-14.856846
73	15	3844.6216	-35.90213
73	16	3816.2773	-69.84242
73	19	3811.258	-67.102554
73	20	3820.158	-74.518265
73	21	3803.6216	-64.74443
73	22	3789.5986	-64.64421
73	23	3781.6147	-64.3169
73	24	3787.1228	-65.1201
73	25	3824.4995	-77.57111
73	26	3775.8816	-64.14047
74	1	3817.001	-18.446278
74	2	3832.8066	-18.279934
74	3	3874.0613	-22.465427
74	4	3822.772	-11.092858
74	5	3803.535	-13.832842
74	6	3789.3926	-18.597898
74	8	3786.1023	-14.980295
74	12	3862.0247	-24.324184
74	13	3857.5017	-41.59743
74	14	3891.527	-14.869957
74	15	3845.2163	-36.11189
74	16	3816.2773	-69.84242
74	19	3811.258	-67.102554
74	20	3820.158	-74.518265
74	21	3803.6216	-64.74443
74	22	3789.5986	-64.64421
74	23	3781.6147	-64.3169
74	24	3787.1228	-65.1201
74	25	3824.4995	-77.57111
74	26	3775.8816	-64.14047
74	27	3769.2114	-65.33296
75	1	3814.7192	-18.442947
75	2	3830.634	-18.274431
75	3	3873.8994	-22.4667
75	4	3820.8633	-11.106551
75	5	3801.2866	-13.790479
75	6	3787.265	-18.599644
75	8	3783.9148	-14.998722
75	12	3861.6492	-24.53678
75	13	3857.5017	-41.59743
75	14	3889.3767	-14.8668
75	15	3845.81	-36.354214
75	16	3816.2773	-69.84242
75	18	3818.2324	-71.99343
75	19	3811.258	-67.102554
75	20	3820.158	-74.518265
75	21	3803.6216	-64.74443
75	22	3789.5986	-64.64421
75	23	3781.6147	-64.3169
75	24	3787.1228	-65.1201
75	25	3824.4995	-77.57111
75	26	3775.8816	-64.14047
75	27	3769.2114	-65.33296
76	1	3812.4414	-18.458576
76	2	3828.4644	-18.271532
76	3	3873.756	-22.475279
76	4	3818.949	-11.122258
76	5	3799.0515	-13.743786
76	6	3785.133	-18.61307
76	8	3781.8179	-15.005898
76	12	3861.2747	-24.769835
76	13	3857.5017	-41.59743
76	14	3887.1895	-14.880475
76	15	3846.4133	-36.61451
76	16	3816.2773	-69.84242
76	18	3818.2324	-71.99343
76	19	3811.258	-67.102554
76	20	3820.158	-74.518265
76	21	3803.6216	-64.74443
76	22	3789.5986	-64.64421
76	23	3781.6147	-64.3169
76	24	3787.1228	-65.1201
76	25	3824.4995	-77.57111
76	26	3775.8816	-64.14047
76	27	3769.2114	-65.33296
76	28	3755.4487	-52.022713
76	29	3778.7102	-64.35531
77	1	3810.1714	-18.465626
77	2	3826.31	-18.271845
77	3	3873.5696	-22.47951
77	4	3817.0283	-11.135421
77	5	3796.831	-13.707706
77	6	3782.9768	-18.622301
77	8	3779.674	-14.984621
77	12	3860.9116	-25.008299
77	13	3857.5017	-41.59743
77	14	3885.0483	-14.894348
77	15	3846.9868	-36.910473
77	16	3816.2773	-69.84242
77	18	3818.2324	-71.99343
77	19	3811.258	-67.102554
77	20	3820.158	-74.518265
77	21	3803.6216	-64.74443
77	22	3789.5986	-64.64421
77	23	3781.6147	-64.3169
77	24	3787.1228	-65.1201
77	25	3824.4995	-77.57111
77	26	3775.8816	-64.14047
77	27	3769.2114	-65.33296
77	28	3755.4487	-52.022713
77	30	3763.4912	-64.33924
77	31	3768.849	-51.847103
78	1	3807.9224	-18.47351
78	2	3824.1624	-18.282606
78	3	3873.394	-22.485226
78	4	3815.0984	-11.145049
78	5	3794.5784	-13.658651
78	6	3780.85	-18.626822
78	12	3860.5137	-25.28441
78	13	3857.5017	-41.59743
78	14	3882.878	-14.905446
78	15	3847.557	-37.230774
78	16	3816.2773	-69.84242
78	18	3818.2324	-71.99343
78	19	3811.258	-67.102554
78	20	3820.158	-74.518265
78	21	3803.6216	-64.74443
78	22	3789.5986	-64.64421
78	23	3781.6147	-64.3169
78	24	3787.1228	-65.1201
78	25	3824.4995	-77.57111
78	26	3775.8816	-64.14047
78	27	3769.2114	-65.33296
78	28	3755.4487	-52.022713
78	30	3763.4912	-64.33924
78	31	3768.849	-51.847103
79	1	3805.667	-18.48775
79	2	3821.9932	-18.281504
79	3	3873.1826	-22.492035
79	4	3813.1553	-11.159467
79	5	3792.3123	-13.608802
79	6	3778.724	-18.631582
79	12	3860.141	-25.562271
79	13	3857.5017	-41.59743
79	14	3880.726	-14.913329
79	15	3848.1038	-37.58308
79	16	3816.2773	-69.84242
79	18	3818.2324	-71.99343
79	19	3811.258	-67.102554
79	20	3820.158	-74.518265
79	21	3803.6216	-64.74443
79	22	3789.5986	-64.64421
79	23	3781.6147	-64.3169
79	24	3787.1228	-65.1201
79	25	3824.4995	-77.57111
79	26	3775.8816	-64.14047
79	27	3769.2114	-65.33296
79	28	3755.4487	-52.022713
79	29	3778.7102	-64.35531
79	30	3763.4912	-64.33924
79	31	3768.849	-51.847103
80	1	3803.4136	-18.479826
80	2	3819.8274	-18.288534
80	3	3873.0103	-22.48685
80	4	3811.2036	-11.170568
80	5	3790.0664	-13.556044
80	6	3776.6042	-18.631762
80	12	3859.7407	-25.872074
80	13	3857.5017	-41.59743
80	14	3878.6262	-14.930991
80	15	3848.6162	-37.923492
80	16	3816.2773	-69.84242
80	18	3818.2324	-71.99343
80	19	3811.258	-67.102554
80	21	3803.6216	-64.74443
80	22	3789.5986	-64.64421
80	23	3781.6147	-64.3169
80	24	3787.1228	-65.1201
80	25	3824.4995	-77.57111
80	26	3775.8816	-64.14047
80	27	3769.2114	-65.33296
80	28	3755.4487	-52.022713
80	29	3778.7102	-64.35531
80	30	3763.4912	-64.33924
80	31	3768.849	-51.847103
80	32	3762.657	-30.762667
81	1	3801.1797	-18.487368
81	2	3817.6675	-18.296644
81	3	3872.8193	-22.494423
81	4	3809.2437	-11.183448
81	5	3787.8052	-13.504325
81	6	3774.4995	-18.632484
81	12	3859.398	-26.176668
81	13	3857.5017	-41.59743
81	14	3876.486	-14.929475
81	15	3849.0916	-38.30813
81	16	3816.2773	-69.84242
81	18	3818.2324	-71.99343
81	19	3811.258	-67.102554
81	20	3820.158	-74.518265
81	21	3803.6216	-64.74443
81	22	3789.5986	-64.64421
81	23	3781.6147	-64.3169
81	24	3787.1228	-65.1201
81	25	3824.4995	-77.57111
81	26	3775.8816	-64.14047
81	27	3769.2114	-65.33296
81	28	3755.4487	-52.022713
81	29	3778.7102	-64.35531
81	30	3763.4912	-64.33924
81	31	3768.849	-51.847103
81	32	3764.7334	-30.675453
81	33	3756.3	-27.317093
82	1	3798.9316	-18.492092
82	2	3815.5117	-18.298304
82	3	3872.6165	-22.490374
82	4	3807.2786	-11.193526
82	5	3785.5747	-13.44391
82	6	3772.3667	-18.635534
82	12	3859.0693	-26.499123
82	13	3857.5017	-41.59743
82	14	3874.3193	-14.939314
82	15	3849.5627	-38.750393
82	16	3816.2773	-69.84242
82	18	3818.2324	-71.99343
82	19	3811.258	-67.102554
82	20	3820.158	-74.518265
82	21	3803.6216	-64.74443
82	22	3789.5986	-64.64421
82	23	3781.6147	-64.3169
82	24	3787.1228	-65.1201
82	25	3824.4995	-77.57111
82	26	3775.8816	-64.14047
82	27	3769.2114	-65.33296
82	28	3755.4487	-52.022713
82	29	3778.7102	-64.35531
82	30	3763.4912	-64.33924
82	31	3768.849	-51.847103
82	32	3766.8108	-30.667572
82	33	3758.0452	-27.278292
83	1	3796.686	-18.495453
83	2	3813.3528	-18.299644
83	3	3872.4314	-22.503054
83	4	3805.306	-11.201318
83	5	3783.298	-13.385759
83	6	3770.2935	-18.6384
83	12	3858.7139	-26.866268
83	13	3857.5017	-41.59743
83	14	3872.2036	-14.953078
83	15	3849.992	-39.265015
83	16	3816.2773	-69.84242
83	18	3818.2324	-71.99343
83	19	3811.258	-67.102554
83	20	3820.158	-74.518265
83	21	3803.6216	-64.74443
83	22	3789.5986	-64.64421
83	23	3781.6147	-64.3169
83	24	3787.1228	-65.1201
83	25	3824.4995	-77.57111
83	26	3775.8816	-64.14047
83	27	3769.2114	-65.33296
83	28	3755.4487	-52.022713
83	29	3778.7102	-64.35531
83	30	3763.4912	-64.33924
83	31	3768.849	-51.847103
83	32	3768.8633	-30.653748
83	33	3759.876	-27.26572
84	1	3794.4473	-18.505133
84	2	3811.186	-18.30533
84	3	3872.244	-22.51576
84	4	3803.3245	-11.207992
84	5	3781.0427	-13.334454
84	6	3768.1934	-18.64371
84	12	3858.3652	-27.24994
84	13	3857.5017	-41.59743
84	14	3870.0417	-14.934785
84	15	3850.3936	-39.696312
84	16	3816.2773	-69.84242
84	18	3818.2324	-71.99343
84	19	3811.258	-67.102554
84	20	3820.158	-74.518265
84	21	3803.6216	-64.74443
84	22	3789.5986	-64.64421
84	23	3781.6147	-64.3169
84	24	3787.1228	-65.1201
84	25	3824.4995	-77.57111
84	26	3775.8816	-64.14047
84	27	3769.2114	-65.33296
84	28	3755.4487	-52.022713
84	29	3778.7102	-64.35531
84	30	3763.4912	-64.33924
84	31	3768.849	-51.847103
84	32	3770.9097	-30.638824
84	33	3761.6873	-27.265684
84	34	3758.0215	-64.416374
85	1	3792.219	-18.51378
85	2	3809.0276	-18.314676
85	3	3872.083	-22.53053
85	4	3801.3342	-11.21219
85	5	3778.7708	-13.275758
85	6	3766.097	-18.642227
85	12	3858.0356	-27.63971
85	13	3857.5017	-41.59743
85	14	3867.9158	-14.950567
85	15	3850.785	-40.215313
85	16	3816.2773	-69.84242
85	18	3818.2324	-71.99343
85	19	3811.258	-67.102554
85	20	3820.158	-74.518265
85	21	3803.6216	-64.74443
85	22	3789.5986	-64.64421
85	23	3781.6147	-64.3169
85	24	3787.1228	-65.1201
85	26	3775.8816	-64.14047
85	27	3769.2114	-65.33296
85	28	3755.4487	-52.022713
85	29	3778.7102	-64.35531
85	30	3763.4912	-64.33924
85	31	3768.849	-51.847103
85	32	3773.06	-30.621693
85	33	3763.493	-27.272772
85	34	3758.0215	-64.416374
85	35	3824.3984	-77.38048
86	1	3789.984	-18.518011
86	2	3806.8647	-18.311018
86	3	3871.9573	-22.541002
86	4	3799.3367	-11.2142725
86	5	3776.5164	-13.201197
86	6	3764.0046	-18.641712
86	12	3857.691	-28.083693
86	13	3857.5017	-41.59743
86	14	3865.7744	-14.941746
86	15	3851.1492	-40.711205
86	16	3816.2773	-69.84242
86	18	3818.2324	-71.99343
86	19	3811.258	-67.102554
86	20	3820.158	-74.518265
86	21	3803.6216	-64.74443
86	22	3789.5986	-64.64421
86	23	3781.6147	-64.3169
86	24	3787.1228	-65.1201
86	26	3775.8816	-64.14047
86	27	3769.2114	-65.33296
86	28	3755.4487	-52.022713
86	29	3778.7102	-64.35531
86	30	3763.4912	-64.33924
86	31	3768.849	-51.847103
86	32	3774.8857	-30.638
86	33	3765.2761	-27.259563
86	34	3758.0215	-64.416374
86	35	3824.392	-77.501076
87	1	3787.766	-18.51584
87	2	3804.707	-18.31415
87	3	3871.7473	-22.539667
87	4	3797.3347	-11.214725
87	5	3774.251	-13.155302
87	6	3761.9016	-18.640608
87	12	3857.3833	-28.490503
87	13	3857.5017	-41.59743
87	14	3863.651	-14.94153
87	15	3851.5227	-41.261528
87	16	3816.2773	-69.84242
87	18	3818.2324	-71.99343
87	19	3811.258	-67.102554
87	20	3820.158	-74.518265
87	21	3803.6216	-64.74443
87	22	3789.5986	-64.64421
87	23	3781.6147	-64.3169
87	24	3787.1228	-65.1201
87	26	3775.8816	-64.14047
87	27	3769.2114	-65.33296
87	28	3755.4487	-52.022713
87	29	3778.7102	-64.35531
87	30	3763.4912	-64.33924
87	31	3768.849	-51.847103
87	32	3776.8494	-30.632868
87	33	3767.069	-27.253008
87	34	3758.0215	-64.416374
87	35	3824.3713	-77.53135
88	1	3785.547	-18.514847
88	2	3802.546	-18.30898
88	3	3871.4624	-22.551674
88	4	3795.329	-11.216724
88	5	3771.969	-13.070147
88	6	3759.8225	-18.63968
88	12	3857.0952	-28.933945
88	13	3857.5017	-41.59743
88	14	3861.5342	-14.969218
88	15	3851.85	-41.785213
88	16	3816.2773	-69.84242
88	18	3818.2324	-71.99343
88	19	3811.258	-67.102554
88	20	3820.158	-74.518265
88	21	3803.6216	-64.74443
88	22	3789.5986	-64.64421
88	23	3781.6147	-64.3169
88	26	3775.8816	-64.14047
88	27	3769.2114	-65.33296
88	28	3755.4487	-52.022713
88	29	3778.7102	-64.35531
88	30	3763.4912	-64.33924
88	31	3768.849	-51.847103
88	32	3778.8066	-30.641058
88	33	3768.9224	-27.246244
88	34	3758.0215	-64.416374
88	35	3824.3828	-77.4996
88	36	3756.0254	-15.121019
88	37	3760.6846	-64.20138
88	38	3741.4182	-64.602
89	1	3783.3108	-18.53099
89	2	3800.4045	-18.310106
89	4	3793.3198	-11.217196
89	5	3769.6968	-13.021538
89	6	3757.7546	-18.635553
89	12	3856.83	-29.37146
89	13	3857.5017	-41.59743
89	14	3859.3762	-14.949683
89	15	3852.097	-42.41152
89	16	3816.2773	-69.84242
89	18	3818.2324	-71.99343
89	19	3811.258	-67.102554
89	20	3820.158	-74.518265
89	21	3803.6216	-64.74443
89	22	3789.5986	-64.64421
89	23	3781.6147	-64.3169
89	24	3787.1228	-65.1201
89	26	3775.8816	-64.14047
89	27	3769.2114	-65.33296
89	28	3755.4487	-52.022713
89	29	3778.7102	-64.35531
89	30	3763.4912	-64.33924
89	31	3768.849	-51.847103
89	32	3780.788	-30.657177
89	33	3770.8098	-27.25507
89	34	3758.0215	-64.416374
89	35	3824.3445	-77.47637
89	36	3753.6978	-15.157712
89	37	3760.6846	-64.20138
90	1	3781.1106	-18.5309
90	2	3798.2598	-18.315424
90	4	3791.307	-11.216218
90	5	3767.4297	-12.961223
90	6	3755.6946	-18.637478
90	12	3856.5344	-29.858414
90	13	3857.5017	-41.59743
90	14	3857.2278	-14.952111
90	15	3852.3853	-42.94447
90	16	3816.2773	-69.84242
90	19	3811.258	-67.102554
90	21	3803.6216	-64.74443
90	22	3789.5986	-64.64421
90	23	3781.6147	-64.3169
90	24	3787.1228	-65.1201
90	26	3775.8816	-64.14047
90	27	3769.2114	-65.33296
90	28	3755.4487	-52.022713
90	29	3778.7102	-64.35531
90	30	3763.4912	-64.33924
90	31	3768.849	-51.847103
90	32	3782.6714	-30.654089
90	33	3772.548	-27.241377
90	34	3758.0215	-64.416374
90	36	3751.4868	-15.19839
90	37	3760.6846	-64.20138
90	39	3737.4429	-64.83266
