0	1	8809.337	11124.16
0	2	8776.328	11095.307
0	3	8805.587	11109.892
0	4	8822.881	11110.447
0	5	8792.088	11123.106
0	6	8794.925	11123.507
0	7	8789.133	11123.813
0	8	8783.41	11123.303
0	9	8780.766	11123.192
0	10	8778.026	11123.705
0	11	8775.448	11123.846
0	12	8770.017	11123.469
0	13	8767.475	11123.878
0	14	8810.842	11137.541
0	15	8811.415	11045.713
0	16	8800.213	11042.374
0	17	8817.705	11047.398
0	18	8829.786	11049.352
0	19	8752.757	11139.95
0	21	8752.486	11141.255
0	24	8732.895	11139.812
0	78	8782.626	11038.185
0	92	8764.946	11034.63
0	101	8727.183	11140.355
0	102	8753.296	11140.755
0	105	8718.155	11125.832
0	108	8730.014	11146.579
1	1	8809.233	11124.469
1	2	8777.896	11095.321
1	3	8804.37	11109.898
1	4	8821.704	11110.499
1	5	8792.088	11123.106
1	6	8794.925	11123.507
1	7	8789.133	11123.813
1	8	8783.41	11123.303
1	9	8780.766	11123.192
1	10	8778.026	11123.705
1	11	8775.448	11123.846
1	12	8770.017	11123.469
1	13	8767.475	11123.878
1	14	8810.842	11137.541
1	15	8811.415	11045.713
1	16	8800.213	11042.374
1	17	8817.705	11047.398
1	18	8829.786	11049.352
1	19	8752.708	11140.04
1	20	8776.868	11036.823
1	21	8752.472	11141.317
1	24	8732.895	11139.812
1	78	8782.626	11038.185
1	101	8727.183	11140.355
1	102	8753.28	11140.791
1	105	8718.155	11125.832
1	108	8730.014	11146.579
2	1	8809.121	11124.769
2	2	8779.457	11095.336
2	3	8803.126	11109.905
2	4	8820.472	11110.487
2	5	8792.088	11123.106
2	6	8794.925	11123.507
2	7	8789.133	11123.813
2	8	8783.41	11123.303
2	9	8780.766	11123.192
2	10	8778.026	11123.705
2	11	8775.448	11123.846
2	12	8770.017	11123.469
2	13	8767.475	11123.878
2	14	8810.842	11137.541
2	15	8811.415	11045.713
2	16	8800.213	11042.374
2	17	8817.705	11047.398
2	19	8752.655	11140.13
2	20	8776.868	11036.823
2	21	8752.414	11141.423
2	22	8824.428	11150.203
2	24	8732.895	11139.812
2	78	8782.626	11038.185
2	101	8727.183	11140.355
2	102	8753.228	11140.896
2	105	8718.155	11125.832
2	108	8730.014	11146.579
3	1	8808.999	11125.059
3	2	8781.007	11095.348
3	3	8801.87	11109.91
3	4	8819.248	11110.478
3	5	8792.088	11123.106
3	6	8794.925	11123.507
3	7	8789.133	11123.813
3	8	8783.41	11123.303
3	9	8780.766	11123.192
3	10	8778.026	11123.705
3	11	8775.448	11123.846
3	12	8770.017	11123.469
3	13	8767.475	11123.878
3	14	8810.842	11137.541
3	15	8811.415	11045.713
3	16	8800.213	11042.374
3	17	8817.705	11047.398
3	19	8752.593	11140.217
3	20	8776.868	11036.823
3	21	8752.364	11141.496
3	22	8824.428	11150.203
3	24	8732.895	11139.812
3	101	8727.183	11140.355
3	102	8753.207	11140.97
3	105	8718.155	11125.832
3	108	8730.014	11146.579
4	1	8808.848	11125.35
4	2	8782.547	11095.356
4	3	8800.64	11109.914
4	4	8818.035	11110.477
4	5	8792.088	11123.106
4	6	8794.925	11123.507
4	7	8789.133	11123.813
4	8	8783.41	11123.303
4	9	8780.766	11123.192
4	10	8778.026	11123.705
4	11	8775.448	11123.846
4	12	8770.017	11123.469
4	13	8767.475	11123.878
4	14	8810.842	11137.541
4	15	8811.415	11045.713
4	16	8800.213	11042.374
4	17	8817.705	11047.398
4	19	8752.546	11140.302
4	21	8752.341	11141.585
4	22	8824.428	11150.203
4	24	8732.895	11139.812
4	78	8782.626	11038.185
4	92	8764.946	11034.63
4	101	8727.183	11140.355
4	102	8753.179	11141.062
4	105	8718.155	11125.832
4	108	8730.014	11146.579
5	1	8808.663	11125.659
5	2	8784.078	11095.364
5	3	8799.401	11109.924
5	4	8816.825	11110.47
5	5	8792.088	11123.106
5	6	8794.925	11123.507
5	7	8789.133	11123.813
5	8	8783.41	11123.303
5	9	8780.766	11123.192
5	10	8778.026	11123.705
5	11	8775.448	11123.846
5	12	8770.017	11123.469
5	13	8767.475	11123.878
5	14	8810.842	11137.541
5	15	8811.415	11045.713
5	16	8800.213	11042.374
5	17	8817.705	11047.398
5	19	8752.506	11140.379
5	20	8776.868	11036.823
5	21	8752.304	11141.7
5	22	8824.428	11150.203
5	24	8732.895	11139.812
5	78	8782.626	11038.185
5	92	8764.946	11034.63
5	101	8727.183	11140.355
5	102	8753.16	11141.152
5	105	8718.155	11125.832
5	108	8730.014	11146.579
6	1	8808.503	11125.934
6	2	8785.602	11095.369
6	3	8798.189	11109.934
6	4	8815.5625	11110.488
6	5	8792.088	11123.106
6	6	8794.925	11123.507
6	7	8789.133	11123.813
6	8	8783.41	11123.303
6	9	8780.766	11123.192
6	10	8778.026	11123.705
6	11	8775.448	11123.846
6	12	8770.017	11123.469
6	13	8767.475	11123.878
6	14	8810.842	11137.541
6	15	8811.415	11045.713
6	16	8800.213	11042.374
6	17	8817.705	11047.398
6	19	8752.46	11140.476
6	20	8776.868	11036.823
6	21	8752.261	11141.777
6	22	8824.428	11150.203
6	23	8842.4	11146.669
6	24	8732.895	11139.812
6	78	8782.626	11038.185
6	92	8764.946	11034.63
6	101	8727.183	11140.355
6	102	8753.145	11141.23
6	105	8718.155	11125.832
6	108	8730.014	11146.579
7	1	8808.305	11126.226
7	2	8787.114	11095.373
7	3	8796.961	11109.935
7	4	8814.392	11110.475
7	5	8792.088	11123.106
7	6	8794.925	11123.507
7	7	8789.133	11123.813
7	8	8783.41	11123.303
7	9	8780.766	11123.192
7	10	8778.026	11123.705
7	11	8775.448	11123.846
7	12	8770.017	11123.469
7	13	8767.475	11123.878
7	14	8810.842	11137.541
7	15	8811.415	11045.713
7	16	8800.213	11042.374
7	17	8817.705	11047.398
7	19	8752.419	11140.557
7	20	8776.868	11036.823
7	21	8752.251	11141.822
7	22	8824.428	11150.203
7	23	8842.4	11146.669
7	24	8732.895	11139.812
7	78	8782.626	11038.185
7	101	8727.183	11140.355
7	102	8753.135	11141.315
7	105	8718.155	11125.832
7	108	8730.014	11146.579
8	1	8808.131	11126.469
8	2	8788.613	11095.376
8	3	8795.737	11109.948
8	4	8813.171	11110.483
8	5	8792.088	11123.106
8	6	8794.925	11123.507
8	7	8789.133	11123.813
8	8	8783.41	11123.303
8	9	8780.766	11123.192
8	10	8778.026	11123.705
8	11	8775.448	11123.846
8	12	8770.017	11123.469
8	13	8767.475	11123.878
8	14	8810.842	11137.541
8	15	8811.415	11045.713
8	16	8800.213	11042.374
8	17	8817.705	11047.398
8	19	8752.384	11140.643
8	20	8776.868	11036.823
8	21	8752.21	11141.931
8	22	8824.428	11150.203
8	23	8842.4	11146.669
8	24	8732.895	11139.812
8	78	8782.626	11038.185
8	92	8764.946	11034.63
8	101	8727.183	11140.355
8	102	8753.116	11141.404
8	105	8718.155	11125.832
9	1	8807.875	11126.72
9	2	8790.1045	11095.375
9	3	8794.507	11109.945
9	4	8811.935	11110.473
9	5	8792.088	11123.106
9	6	8794.925	11123.507
9	7	8789.133	11123.813
9	8	8783.41	11123.303
9	9	8780.766	11123.192
9	10	8778.026	11123.705
9	11	8775.448	11123.846
9	12	8770.017	11123.469
9	13	8767.475	11123.878
9	14	8810.842	11137.541
9	15	8811.415	11045.713
9	16	8800.213	11042.374
9	17	8817.705	11047.398
9	18	8829.786	11049.352
9	19	8752.332	11140.729
9	20	8776.868	11036.823
9	21	8752.174	11142.057
9	22	8824.428	11150.203
9	23	8842.4	11146.669
9	24	8732.895	11139.812
9	78	8782.626	11038.185
9	92	8764.946	11034.63
9	101	8727.183	11140.355
9	102	8753.093	11141.511
10	1	8807.653	11126.978
10	2	8791.584	11095.375
10	3	8793.311	11109.964
10	4	8810.738	11110.477
10	5	8792.088	11123.106
10	6	8794.925	11123.507
10	7	8789.133	11123.813
10	8	8783.41	11123.303
10	9	8780.766	11123.192
10	10	8778.026	11123.705
10	11	8775.448	11123.846
10	12	8770.017	11123.469
10	13	8767.475	11123.878
10	14	8810.842	11137.541
10	15	8811.415	11045.713
10	16	8800.213	11042.374
10	17	8817.705	11047.398
10	18	8829.786	11049.352
10	19	8752.302	11140.811
10	20	8776.868	11036.823
10	21	8752.155	11142.153
10	22	8824.428	11150.203
10	23	8842.4	11146.669
10	24	8732.895	11139.812
11	1	8807.405	11127.233
11	2	8793.053	11095.375
11	3	8792.098	11109.978
11	4	8809.519	11110.471
11	5	8792.088	11123.106
11	6	8794.925	11123.507
11	7	8789.133	11123.813
11	8	8783.41	11123.303
11	9	8780.766	11123.192
11	10	8778.026	11123.705
11	11	8775.448	11123.846
11	12	8770.017	11123.469
11	13	8767.475	11123.878
11	14	8810.842	11137.541
11	15	8811.415	11045.713
11	16	8800.213	11042.374
11	18	8829.786	11049.352
11	20	8776.868	11036.823
11	22	8824.428	11150.203
11	23	8842.4	11146.669
11	24	8732.895	11139.812
11	78	8782.626	11038.185
11	92	8764.946	11034.63
12	1	8807.156	11127.47
12	2	8794.511	11095.373
12	3	8790.909	11109.987
12	4	8808.3125	11110.472
12	5	8792.088	11123.106
12	6	8794.925	11123.507
12	7	8789.133	11123.813
12	8	8783.41	11123.303
12	9	8780.766	11123.192
12	10	8778.026	11123.705
12	11	8775.448	11123.846
12	12	8770.017	11123.469
12	13	8767.475	11123.878
12	14	8810.842	11137.541
12	15	8811.415	11045.713
12	16	8800.213	11042.374
12	18	8829.786	11049.352
12	20	8776.868	11036.823
12	22	8824.428	11150.203
12	23	8842.4	11146.669
12	24	8732.895	11139.812
12	78	8782.626	11038.185
12	92	8764.946	11034.63
13	1	8806.899	11127.679
13	2	8795.957	11095.37
13	3	8789.695	11110.001
13	4	8807.121	11110.469
13	5	8792.088	11123.106
13	6	8794.925	11123.507
13	7	8789.133	11123.813
13	8	8783.41	11123.303
13	9	8780.766	11123.192
13	10	8778.026	11123.705
13	11	8775.448	11123.846
13	12	8770.017	11123.469
13	13	8767.475	11123.878
13	14	8810.842	11137.541
13	15	8811.415	11045.713
13	16	8800.213	11042.374
13	17	8817.705	11047.398
13	18	8829.786	11049.352
13	20	8776.868	11036.823
13	22	8824.428	11150.203
13	23	8842.4	11146.669
13	24	8732.895	11139.812
13	25	8810.754	11143.888
13	78	8782.626	11038.185
13	92	8764.946	11034.63
14	1	8806.607	11127.913
14	2	8797.391	11095.367
14	3	8788.4795	11110.013
14	4	8805.921	11110.468
14	5	8792.088	11123.106
14	6	8794.925	11123.507
14	7	8789.133	11123.813
14	8	8783.41	11123.303
14	9	8780.766	11123.192
14	10	8778.026	11123.705
14	11	8775.448	11123.846
14	12	8770.017	11123.469
14	13	8767.475	11123.878
14	14	8810.842	11137.541
14	16	8800.213	11042.374
14	17	8817.705	11047.398
14	18	8829.786	11049.352
14	20	8776.868	11036.823
14	22	8824.428	11150.203
14	23	8842.4	11146.669
14	25	8810.754	11143.888
14	78	8782.626	11038.185
14	92	8764.946	11034.63
15	1	8806.309	11128.111
15	2	8798.814	11095.364
15	3	8787.28	11110.02
15	4	8804.735	11110.468
15	5	8792.088	11123.106
15	6	8794.925	11123.507
15	7	8789.133	11123.813
15	8	8783.41	11123.303
15	9	8780.766	11123.192
15	10	8778.026	11123.705
15	11	8775.448	11123.846
15	12	8770.017	11123.469
15	13	8767.475	11123.878
15	14	8810.842	11137.541
15	15	8811.415	11045.713
15	16	8800.213	11042.374
15	18	8829.786	11049.352
15	20	8776.868	11036.823
15	22	8824.428	11150.203
15	23	8842.4	11146.669
15	78	8782.626	11038.185
15	92	8764.946	11034.63
16	1	8806.023	11128.308
16	2	8800.225	11095.361
16	3	8786.077	11110.033
16	4	8803.575	11110.465
16	5	8792.088	11123.106
16	6	8794.925	11123.507
16	7	8789.133	11123.813
16	8	8783.41	11123.303
16	9	8780.766	11123.192
16	10	8778.026	11123.705
16	11	8775.448	11123.846
16	12	8770.017	11123.469
16	13	8767.475	11123.878
16	14	8810.842	11137.541
16	15	8811.415	11045.713
16	16	8800.213	11042.374
16	18	8829.786	11049.352
16	20	8776.868	11036.823
16	22	8824.428	11150.203
16	23	8842.4	11146.669
16	41	8817.801	11047.415
16	78	8782.626	11038.185
16	79	8809.811	11156.752
16	92	8764.946	11034.63
17	1	8805.722	11128.498
17	2	8801.623	11095.358
17	3	8784.858	11110.044
17	4	8802.41	11110.464
17	5	8792.088	11123.106
17	6	8794.925	11123.507
17	7	8789.133	11123.813
17	8	8783.41	11123.303
17	9	8780.766	11123.192
17	10	8778.026	11123.705
17	11	8775.448	11123.846
17	12	8770.017	11123.469
17	13	8767.475	11123.878
17	14	8810.842	11137.541
17	20	8776.868	11036.823
17	22	8824.428	11150.203
17	23	8842.4	11146.669
17	25	8810.754	11143.888
17	37	8811.481	11045.69
17	41	8817.801	11047.415
17	78	8782.626	11038.185
17	79	8809.811	11156.752
17	109	8752.085	11141.352
18	1	8805.4	11128.678
18	2	8803.011	11095.356
18	3	8783.634	11110.057
18	4	8801.237	11110.473
18	5	8792.088	11123.106
18	6	8794.925	11123.507
18	7	8789.133	11123.813
18	8	8783.41	11123.303
18	9	8780.766	11123.192
18	10	8778.026	11123.705
18	11	8775.448	11123.846
18	12	8770.017	11123.469
18	13	8767.475	11123.878
18	14	8810.842	11137.541
18	20	8776.868	11036.823
18	22	8824.428	11150.203
18	23	8842.4	11146.669
18	25	8810.754	11143.888
18	78	8782.626	11038.185
18	79	8809.811	11156.752
18	92	8764.946	11034.63
18	109	8752.008	11141.424
19	1	8805.075	11128.847
19	2	8804.388	11095.353
19	3	8782.408	11110.064
19	4	8800.083	11110.479
19	5	8792.088	11123.106
19	6	8794.925	11123.507
19	7	8789.133	11123.813
19	8	8783.41	11123.303
19	9	8780.766	11123.192
19	10	8778.026	11123.705
19	11	8775.448	11123.846
19	12	8770.017	11123.469
19	13	8767.475	11123.878
19	14	8810.842	11137.541
19	22	8824.428	11150.203
19	23	8842.4	11146.669
19	25	8810.754	11143.888
19	27	8864.767	11142.491
19	78	8782.626	11038.185
19	79	8809.811	11156.752
19	109	8751.9795	11141.501
20	1	8804.753	11129.0205
20	2	8805.754	11095.353
20	3	8781.196	11110.078
20	4	8798.927	11110.482
20	5	8792.088	11123.106
20	6	8794.925	11123.507
20	7	8789.133	11123.813
20	8	8783.41	11123.303
20	9	8780.766	11123.192
20	10	8778.026	11123.705
20	11	8775.448	11123.846
20	12	8770.017	11123.469
20	13	8767.475	11123.878
20	14	8810.842	11137.541
20	18	8829.786	11049.352
20	22	8824.428	11150.203
20	23	8842.4	11146.669
20	25	8810.754	11143.888
20	37	8811.481	11045.69
20	41	8817.801	11047.415
20	79	8809.811	11156.752
20	109	8751.923	11141.579
21	1	8804.411	11129.17
21	2	8807.105	11095.354
21	3	8779.96	11110.096
21	4	8797.81	11110.485
21	5	8792.088	11123.106
21	6	8794.925	11123.507
21	7	8789.133	11123.813
21	8	8783.41	11123.303
21	9	8780.766	11123.192
21	10	8778.026	11123.705
21	11	8775.448	11123.846
21	12	8770.017	11123.469
21	13	8767.475	11123.878
21	14	8810.842	11137.541
21	16	8800.213	11042.374
21	18	8829.786	11049.352
21	22	8824.428	11150.203
21	23	8842.4	11146.669
21	25	8810.754	11143.888
21	37	8811.481	11045.69
21	41	8817.801	11047.415
21	79	8809.811	11156.752
21	109	8751.895	11141.653
22	1	8804.086	11129.315
22	2	8808.445	11095.354
22	3	8778.736	11110.111
22	4	8796.614	11110.492
22	5	8792.088	11123.106
22	6	8794.925	11123.507
22	7	8789.133	11123.813
22	8	8783.41	11123.303
22	9	8780.766	11123.192
22	10	8778.026	11123.705
22	11	8775.448	11123.846
22	12	8770.017	11123.469
22	13	8767.475	11123.878
22	14	8810.842	11137.541
22	18	8829.786	11049.352
22	22	8824.428	11150.203
22	23	8842.4	11146.669
22	25	8810.754	11143.888
22	27	8864.767	11142.491
22	37	8811.481	11045.69
22	41	8817.801	11047.415
22	79	8809.811	11156.752
22	109	8751.873	11141.735
23	1	8803.722	11129.476
23	2	8809.774	11095.354
23	3	8777.526	11110.122
23	4	8795.463	11110.495
23	5	8792.088	11123.106
23	6	8794.925	11123.507
23	7	8789.133	11123.813
23	8	8783.41	11123.303
23	9	8780.766	11123.192
23	10	8778.026	11123.705
23	11	8775.448	11123.846
23	12	8770.017	11123.469
23	13	8767.475	11123.878
23	14	8810.842	11137.541
23	18	8829.786	11049.352
23	22	8824.428	11150.203
23	23	8842.4	11146.669
23	25	8810.754	11143.888
23	26	8875.097	11127.139
23	27	8864.767	11142.491
23	33	8864.869	11147.786
23	37	8811.481	11045.69
23	41	8817.801	11047.415
23	79	8809.811	11156.752
23	109	8751.827	11141.826
24	1	8803.373	11129.617
24	2	8811.092	11095.3545
24	3	8776.307	11110.135
24	4	8794.296	11110.502
24	5	8792.088	11123.106
24	6	8794.925	11123.507
24	7	8789.133	11123.813
24	8	8783.41	11123.303
24	9	8780.766	11123.192
24	10	8778.026	11123.705
24	11	8775.448	11123.846
24	12	8770.017	11123.469
24	13	8767.475	11123.878
24	14	8810.842	11137.541
24	22	8824.428	11150.203
24	25	8810.754	11143.888
24	26	8875.097	11127.139
24	27	8864.767	11142.491
24	31	8864.504	11150.705
24	33	8864.869	11147.786
24	37	8811.481	11045.69
24	41	8817.801	11047.415
24	79	8809.811	11156.752
24	109	8751.806	11141.929
25	1	8803.0205	11129.759
25	2	8812.396	11095.355
25	3	8775.036	11110.149
25	4	8793.114	11110.517
25	5	8792.088	11123.106
25	6	8794.925	11123.507
25	7	8789.133	11123.813
25	8	8783.41	11123.303
25	9	8780.766	11123.192
25	10	8778.026	11123.705
25	11	8775.448	11123.846
25	12	8770.017	11123.469
25	13	8767.475	11123.878
25	14	8810.842	11137.541
25	18	8829.786	11049.352
25	22	8824.428	11150.203
25	23	8842.4	11146.669
25	26	8875.097	11127.139
25	27	8864.767	11142.491
25	29	8880.552	11127.222
25	31	8864.504	11150.705
25	33	8864.869	11147.786
25	37	8811.481	11045.69
25	41	8817.801	11047.415
25	79	8809.811	11156.752
26	1	8802.658	11129.888
26	2	8813.688	11095.356
26	3	8773.803	11110.157
26	4	8791.921	11110.529
26	5	8792.088	11123.106
26	6	8794.925	11123.507
26	7	8789.133	11123.813
26	8	8783.41	11123.303
26	9	8780.766	11123.192
26	10	8778.026	11123.705
26	11	8775.448	11123.846
26	12	8770.017	11123.469
26	13	8767.475	11123.878
26	14	8810.842	11137.541
26	18	8829.786	11049.352
26	20	8776.868	11036.823
26	22	8824.428	11150.203
26	23	8842.4	11146.669
26	25	8810.754	11143.888
26	26	8875.097	11127.139
26	27	8864.767	11142.491
26	29	8880.552	11127.222
26	31	8864.504	11150.705
26	33	8864.869	11147.786
26	37	8811.481	11045.69
26	41	8817.801	11047.415
26	79	8809.811	11156.752
27	1	8802.279	11130.026
27	2	8814.968	11095.358
27	3	8772.558	11110.171
27	4	8790.765	11110.531
27	5	8792.088	11123.106
27	6	8794.925	11123.507
27	7	8789.133	11123.813
27	8	8783.41	11123.303
27	9	8780.766	11123.192
27	10	8778.026	11123.705
27	11	8775.448	11123.846
27	12	8770.017	11123.469
27	13	8767.475	11123.878
27	14	8810.842	11137.541
27	18	8829.786	11049.352
27	23	8842.4	11146.669
27	25	8810.754	11143.888
27	26	8875.097	11127.139
27	29	8880.552	11127.222
27	31	8864.504	11150.705
27	33	8864.869	11147.786
27	35	8864.13	11153.559
27	37	8811.481	11045.69
27	41	8817.801	11047.415
27	79	8809.811	11156.752
28	1	8801.911	11130.146
28	2	8816.236	11095.358
28	3	8771.327	11110.185
28	4	8789.61	11110.544
28	5	8792.088	11123.106
28	6	8794.925	11123.507
28	7	8789.133	11123.813
28	8	8783.41	11123.303
28	9	8780.766	11123.192
28	10	8778.026	11123.705
28	11	8775.448	11123.846
28	12	8770.017	11123.469
28	13	8767.475	11123.878
28	14	8810.842	11137.541
28	22	8824.428	11150.203
28	23	8842.4	11146.669
28	26	8875.097	11127.139
28	29	8880.552	11127.222
28	31	8864.504	11150.705
28	37	8811.481	11045.69
29	1	8801.563	11130.2705
29	2	8817.49	11095.359
29	3	8770.091	11110.195
29	4	8788.429	11110.547
29	5	8792.088	11123.106
29	6	8794.925	11123.507
29	7	8789.133	11123.813
29	8	8783.41	11123.303
29	9	8780.766	11123.192
29	10	8778.026	11123.705
29	11	8775.448	11123.846
29	12	8770.017	11123.469
29	13	8767.475	11123.878
29	22	8824.428	11150.203
29	23	8842.4	11146.669
29	26	8875.097	11127.139
29	27	8864.767	11142.491
29	28	8885.7705	11127.473
29	29	8880.552	11127.222
30	1	8801.184	11130.4
30	2	8818.732	11095.36
30	3	8768.856	11110.207
30	4	8787.306	11110.552
30	5	8792.088	11123.106
30	6	8794.925	11123.507
30	7	8789.133	11123.813
30	8	8783.41	11123.303
30	9	8780.766	11123.192
30	10	8778.026	11123.705
30	11	8775.448	11123.846
30	12	8770.017	11123.469
30	13	8767.475	11123.878
30	14	8810.842	11137.541
30	18	8829.786	11049.352
30	22	8824.428	11150.203
30	23	8842.4	11146.669
30	25	8810.754	11143.888
30	26	8875.097	11127.139
30	27	8864.767	11142.491
30	28	8885.7705	11127.473
30	29	8880.552	11127.222
30	31	8864.504	11150.705
30	33	8864.869	11147.786
30	79	8809.811	11156.752
31	2	8819.961	11095.36
31	3	8767.643	11110.218
31	4	8786.158	11110.556
31	5	8792.088	11123.106
31	6	8794.925	11123.507
31	7	8789.133	11123.813
31	8	8783.41	11123.303
31	9	8780.766	11123.192
31	10	8778.026	11123.705
31	11	8775.448	11123.846
31	12	8770.017	11123.469
31	13	8767.475	11123.878
31	14	8810.842	11137.541
31	18	8829.786	11049.352
31	22	8824.428	11150.203
31	25	8810.754	11143.888
31	26	8875.097	11127.139
31	27	8864.767	11142.491
31	28	8885.7705	11127.473
31	31	8864.504	11150.705
31	33	8864.869	11147.786
31	35	8864.13	11153.559
31	37	8811.481	11045.69
31	41	8817.801	11047.415
31	79	8809.811	11156.752
32	1	8800.49	11130.577
32	2	8821.177	11095.362
32	3	8766.375	11110.23
32	4	8785.013	11110.555
32	5	8792.088	11123.106
32	6	8794.925	11123.507
32	7	8789.133	11123.813
32	8	8783.41	11123.303
32	9	8780.766	11123.192
32	10	8778.026	11123.705
32	11	8775.448	11123.846
32	12	8770.017	11123.469
32	13	8767.475	11123.878
32	14	8810.842	11137.541
32	18	8829.786	11049.352
32	22	8824.428	11150.203
32	23	8842.4	11146.669
32	25	8810.754	11143.888
32	26	8875.097	11127.139
32	27	8864.767	11142.491
32	28	8885.7705	11127.473
32	31	8864.504	11150.705
32	33	8864.869	11147.786
32	35	8864.13	11153.559
32	37	8811.481	11045.69
32	47	8800.292	11042.3125
32	79	8809.811	11156.752
33	1	8800.052	11130.707
33	2	8822.381	11095.362
33	3	8765.126	11110.242
33	4	8783.867	11110.559
33	5	8792.088	11123.106
33	6	8794.925	11123.507
33	7	8789.133	11123.813
33	8	8783.41	11123.303
33	9	8780.766	11123.192
33	10	8778.026	11123.705
33	11	8775.448	11123.846
33	12	8770.017	11123.469
33	13	8767.475	11123.878
33	14	8810.842	11137.541
33	18	8829.786	11049.352
33	22	8824.428	11150.203
33	23	8842.4	11146.669
33	25	8810.754	11143.888
33	26	8875.097	11127.139
33	27	8864.767	11142.491
33	28	8885.7705	11127.473
33	31	8864.504	11150.705
33	33	8864.869	11147.786
33	35	8864.13	11153.559
33	41	8817.801	11047.415
33	47	8800.292	11042.3125
33	79	8809.811	11156.752
34	1	8799.676	11130.803
34	2	8823.572	11095.365
34	3	8763.901	11110.255
34	4	8782.711	11110.576
34	5	8792.088	11123.106
34	6	8794.925	11123.507
34	7	8789.133	11123.813
34	8	8783.41	11123.303
34	9	8780.766	11123.192
34	10	8778.026	11123.705
34	11	8775.448	11123.846
34	12	8770.017	11123.469
34	13	8767.475	11123.878
34	14	8810.842	11137.541
34	23	8842.4	11146.669
34	25	8810.754	11143.888
34	26	8875.097	11127.139
34	27	8864.767	11142.491
34	28	8885.7705	11127.473
34	31	8864.504	11150.705
34	33	8864.869	11147.786
34	35	8864.13	11153.559
34	41	8817.801	11047.415
34	79	8809.811	11156.752
35	1	8799.303	11130.894
35	2	8824.749	11095.366
35	3	8762.673	11110.265
35	4	8781.584	11110.571
35	6	8794.925	11123.507
35	7	8789.133	11123.813
35	8	8783.41	11123.303
35	9	8780.766	11123.192
35	10	8778.026	11123.705
35	11	8775.448	11123.846
35	12	8770.017	11123.469
35	13	8767.475	11123.878
35	14	8810.842	11137.541
35	18	8829.786	11049.352
35	22	8824.428	11150.203
35	23	8842.4	11146.669
35	25	8810.754	11143.888
35	26	8875.097	11127.139
35	27	8864.767	11142.491
35	28	8885.7705	11127.473
35	29	8880.552	11127.222
35	31	8864.504	11150.705
35	32	8872.649	11037.159
35	33	8864.869	11147.786
35	35	8864.13	11153.559
35	66	8862.078	11036.049
35	79	8809.811	11156.752
36	1	8798.953	11130.975
36	2	8825.912	11095.37
36	3	8761.458	11110.26
36	4	8780.394	11110.577
36	6	8794.925	11123.507
36	8	8783.41	11123.303
36	9	8780.766	11123.192
36	10	8778.026	11123.705
36	11	8775.448	11123.846
36	12	8770.017	11123.469
36	13	8767.475	11123.878
36	18	8829.786	11049.352
36	22	8824.428	11150.203
36	23	8842.4	11146.669
36	26	8875.097	11127.139
36	27	8864.767	11142.491
36	28	8885.7705	11127.473
36	29	8880.552	11127.222
36	31	8864.504	11150.705
36	32	8872.649	11037.159
36	33	8864.869	11147.786
36	35	8864.13	11153.559
36	41	8817.801	11047.415
36	59	8896.108	11068.789
36	66	8862.078	11036.049
36	70	8846.065	11036.0625
36	74	8893.931	11127.9795
37	1	8798.585	11131.06
37	2	8827.063	11095.376
37	3	8760.194	11110.263
37	4	8779.223	11110.585
37	6	8794.925	11123.507
37	7	8789.133	11123.813
37	8	8783.41	11123.303
37	9	8780.766	11123.192
37	10	8778.026	11123.705
37	11	8775.448	11123.846
37	12	8770.017	11123.469
37	13	8767.475	11123.878
37	14	8810.842	11137.541
37	18	8829.786	11049.352
37	22	8824.428	11150.203
37	23	8842.4	11146.669
37	25	8810.754	11143.888
37	26	8875.097	11127.139
37	27	8864.767	11142.491
37	28	8885.7705	11127.473
37	29	8880.552	11127.222
37	30	8891.5205	11128.0625
37	31	8864.504	11150.705
37	32	8872.649	11037.159
37	33	8864.869	11147.786
37	35	8864.13	11153.559
37	37	8811.481	11045.69
37	41	8817.801	11047.415
37	59	8896.046	11067.942
37	66	8862.078	11036.049
37	73	8856.871	11031.744
37	74	8893.931	11127.9795
37	94	8867.488	11091.327
38	1	8798.152	11131.145
38	2	8828.203	11095.38
38	3	8759.054	11110.263
38	4	8778.057	11110.6
38	5	8792.088	11123.106
38	6	8794.925	11123.507
38	7	8789.133	11123.813
38	9	8780.766	11123.192
38	10	8778.026	11123.705
38	11	8775.448	11123.846
38	12	8770.017	11123.469
38	13	8767.475	11123.878
38	14	8810.842	11137.541
38	18	8829.786	11049.352
38	22	8824.428	11150.203
38	23	8842.4	11146.669
38	25	8810.754	11143.888
38	26	8875.097	11127.139
38	27	8864.767	11142.491
38	28	8885.7705	11127.473
38	29	8880.552	11127.222
38	30	8891.5205	11128.0625
38	31	8864.504	11150.705
38	32	8872.649	11037.159
38	33	8864.869	11147.786
38	35	8864.13	11153.559
38	37	8811.481	11045.69
38	41	8817.801	11047.415
38	47	8800.292	11042.3125
38	52	8872.896	11033.883
38	59	8895.956	11067.277
38	66	8862.078	11036.049
38	71	8856.658	11035.25
38	73	8856.871	11031.744
38	74	8893.931	11127.9795
38	94	8867.54	11091.306
39	2	8829.328	11095.385
39	3	8757.819	11110.254
39	4	8776.955	11110.605
39	5	8792.088	11123.106
39	6	8794.925	11123.507
39	7	8789.133	11123.813
39	11	8775.448	11123.846
39	12	8770.017	11123.469
39	13	8767.475	11123.878
39	14	8810.842	11137.541
39	18	8829.786	11049.352
39	22	8824.428	11150.203
39	23	8842.4	11146.669
39	25	8810.754	11143.888
39	26	8875.097	11127.139
39	27	8864.767	11142.491
39	28	8885.7705	11127.473
39	29	8880.552	11127.222
39	30	8891.5205	11128.0625
39	31	8864.504	11150.705
39	32	8872.649	11037.159
39	33	8864.869	11147.786
39	35	8864.13	11153.559
39	37	8811.481	11045.69
39	41	8817.801	11047.415
39	47	8800.292	11042.3125
39	52	8872.896	11033.883
39	59	8895.87	11066.584
39	66	8862.078	11036.049
39	70	8846.065	11036.0625
39	71	8856.658	11035.25
39	73	8856.871	11031.744
39	74	8893.931	11127.9795
39	94	8867.51	11091.285
40	2	8830.441	11095.391
40	3	8756.588	11110.276
40	4	8775.8125	11110.609
40	5	8792.088	11123.106
40	6	8794.925	11123.507
40	7	8789.133	11123.813
40	12	8770.017	11123.469
40	13	8767.475	11123.878
40	14	8810.842	11137.541
40	18	8829.786	11049.352
40	22	8824.428	11150.203
40	23	8842.4	11146.669
40	25	8810.754	11143.888
40	26	8875.097	11127.139
40	27	8864.767	11142.491
40	28	8885.7705	11127.473
40	29	8880.552	11127.222
40	30	8891.5205	11128.0625
40	31	8864.504	11150.705
40	32	8872.649	11037.159
40	33	8864.869	11147.786
40	35	8864.13	11153.559
40	37	8811.481	11045.69
40	41	8817.801	11047.415
40	47	8800.292	11042.3125
40	52	8872.896	11033.883
40	59	8895.777	11066.009
40	66	8862.078	11036.049
40	70	8846.065	11036.0625
40	74	8893.931	11127.9795
41	1	8797.011	11131.368
41	2	8831.541	11095.395
41	3	8755.283	11110.167
41	4	8774.681	11110.616
41	5	8792.088	11123.106
41	6	8794.925	11123.507
41	7	8789.133	11123.813
41	8	8783.41	11123.303
41	9	8780.766	11123.192
41	12	8770.017	11123.469
41	13	8767.475	11123.878
41	14	8810.842	11137.541
41	18	8829.786	11049.352
41	22	8824.428	11150.203
41	23	8842.4	11146.669
41	25	8810.754	11143.888
41	26	8875.097	11127.139
41	27	8864.767	11142.491
41	28	8885.7705	11127.473
41	29	8880.552	11127.222
41	30	8891.5205	11128.0625
41	31	8864.504	11150.705
41	32	8872.649	11037.159
41	33	8864.869	11147.786
41	35	8864.13	11153.559
41	37	8811.481	11045.69
41	41	8817.801	11047.415
41	47	8800.292	11042.3125
41	52	8872.896	11033.883
41	59	8895.691	11065.408
41	66	8862.078	11036.049
41	70	8846.065	11036.0625
41	71	8856.658	11035.25
41	72	8840.973	11050.261
41	73	8856.871	11031.744
41	74	8893.931	11127.9795
41	88	8841.647	11036.975
41	94	8867.549	11091.2
42	1	8796.654	11131.428
42	2	8832.627	11095.399
42	4	8773.565	11110.618
42	5	8792.088	11123.106
42	7	8789.133	11123.813
42	8	8783.41	11123.303
42	9	8780.766	11123.192
42	14	8810.842	11137.541
42	18	8829.786	11049.352
42	22	8824.428	11150.203
42	23	8842.4	11146.669
42	25	8810.754	11143.888
42	26	8875.097	11127.139
42	27	8864.767	11142.491
42	28	8885.7705	11127.473
42	29	8880.552	11127.222
42	30	8891.5205	11128.0625
42	31	8864.504	11150.705
42	32	8872.649	11037.159
42	33	8864.869	11147.786
42	34	8906.948	11085.114
42	35	8864.13	11153.559
42	36	8885.547	11091.537
42	37	8811.481	11045.69
42	41	8817.801	11047.415
42	47	8800.292	11042.3125
42	52	8872.896	11033.883
42	70	8846.065	11036.0625
42	71	8856.658	11035.25
42	72	8840.983	11050.238
42	73	8856.871	11031.744
42	74	8893.931	11127.9795
42	88	8841.647	11036.975
42	94	8867.535	11091.228
43	1	8796.241	11131.505
43	2	8833.7	11095.405
43	4	8772.3955	11110.62
43	7	8789.133	11123.813
43	8	8783.41	11123.303
43	9	8780.766	11123.192
43	10	8778.026	11123.705
43	14	8810.842	11137.541
43	18	8829.786	11049.352
43	22	8824.428	11150.203
43	23	8842.4	11146.669
43	25	8810.754	11143.888
43	26	8875.097	11127.139
43	27	8864.767	11142.491
43	28	8885.7705	11127.473
43	29	8880.552	11127.222
43	30	8891.5205	11128.0625
43	31	8864.504	11150.705
43	32	8872.649	11037.159
43	34	8906.92	11085.351
43	35	8864.13	11153.559
43	36	8885.572	11091.666
43	37	8811.481	11045.69
43	41	8817.801	11047.415
43	47	8800.292	11042.3125
43	52	8872.896	11033.883
43	57	8872.959	11030.818
43	59	8895.499	11064.223
43	66	8862.078	11036.049
43	70	8846.065	11036.0625
43	71	8856.658	11035.25
43	72	8841.747	11050.317
43	73	8856.871	11031.744
43	74	8893.931	11127.9795
43	77	8848.055	11050.269
43	88	8841.647	11036.975
43	94	8867.601	11091.074
43	103	8853.5	11050.339
44	1	8795.8545	11131.573
44	2	8834.76	11095.41
44	4	8771.25	11110.631
44	6	8794.925	11123.507
44	8	8783.41	11123.303
44	9	8780.766	11123.192
44	10	8778.026	11123.705
44	13	8767.475	11123.878
44	14	8810.842	11137.541
44	18	8829.786	11049.352
44	22	8824.428	11150.203
44	23	8842.4	11146.669
44	25	8810.754	11143.888
44	26	8875.097	11127.139
44	27	8864.767	11142.491
44	28	8885.7705	11127.473
44	29	8880.552	11127.222
44	30	8891.5205	11128.0625
44	31	8864.504	11150.705
44	32	8872.649	11037.159
44	33	8864.869	11147.786
44	34	8906.881	11085.733
44	35	8864.13	11153.559
44	36	8885.616	11091.781
44	37	8811.481	11045.69
44	41	8817.801	11047.415
44	47	8800.292	11042.3125
44	52	8872.896	11033.883
44	53	8810.011	11156.656
44	57	8872.959	11030.818
44	59	8895.421	11063.687
44	63	8837.004	11162.85
44	66	8862.078	11036.049
44	70	8846.065	11036.0625
44	71	8856.658	11035.25
44	72	8841.827	11050.317
44	73	8856.871	11031.744
44	74	8893.931	11127.9795
44	77	8848.047	11050.241
44	88	8841.647	11036.975
44	94	8867.6	11091.083
44	100	8878.579	11033.668
45	1	8795.464	11131.635
45	2	8835.807	11095.416
45	4	8770.121	11110.626
45	6	8794.925	11123.507
45	8	8783.41	11123.303
45	9	8780.766	11123.192
45	10	8778.026	11123.705
45	11	8775.448	11123.846
45	12	8770.017	11123.469
45	13	8767.475	11123.878
45	14	8810.842	11137.541
45	18	8829.786	11049.352
45	22	8824.428	11150.203
45	23	8842.4	11146.669
45	25	8810.754	11143.888
45	26	8875.097	11127.139
45	27	8864.767	11142.491
45	28	8885.7705	11127.473
45	29	8880.552	11127.222
45	30	8891.5205	11128.0625
45	31	8864.504	11150.705
45	32	8872.649	11037.159
45	33	8864.869	11147.786
45	34	8906.827	11086.114
45	35	8864.13	11153.559
45	36	8885.647	11091.896
45	37	8811.481	11045.69
45	41	8817.801	11047.415
45	47	8800.292	11042.3125
45	52	8872.896	11033.883
45	53	8810.011	11156.656
45	57	8872.959	11030.818
45	59	8895.339	11062.98
45	63	8837.004	11162.85
45	66	8862.078	11036.049
45	70	8846.065	11036.0625
45	71	8856.658	11035.25
45	72	8841.77	11050.315
45	73	8856.871	11031.744
45	74	8893.931	11127.9795
45	77	8848.051	11050.2295
45	88	8841.647	11036.975
45	94	8867.583	11091.071
45	100	8878.579	11033.668
46	1	8795.1	11131.69
46	2	8836.838	11095.422
46	4	8769.016	11110.635
46	6	8794.925	11123.507
46	7	8789.133	11123.813
46	9	8780.766	11123.192
46	10	8778.026	11123.705
46	11	8775.448	11123.846
46	13	8767.475	11123.878
46	14	8810.842	11137.541
46	18	8829.786	11049.352
46	22	8824.428	11150.203
46	23	8842.4	11146.669
46	25	8810.754	11143.888
46	26	8875.097	11127.139
46	27	8864.767	11142.491
46	28	8885.7705	11127.473
46	29	8880.552	11127.222
46	30	8891.5205	11128.0625
46	32	8872.649	11037.159
46	33	8864.869	11147.786
46	34	8906.773	11086.509
46	35	8864.13	11153.559
46	36	8885.684	11092.019
46	37	8811.481	11045.69
46	38	8907.468	11069.684
46	41	8817.801	11047.415
46	47	8800.292	11042.3125
46	52	8872.896	11033.883
46	53	8810.011	11156.656
46	54	8792.118	11123.075
46	57	8872.959	11030.818
46	63	8837.004	11162.85
46	66	8862.078	11036.049
46	70	8846.065	11036.0625
46	71	8856.658	11035.25
46	72	8841.856	11050.319
46	73	8856.871	11031.744
46	74	8893.931	11127.9795
46	77	8847.9375	11050.225
46	88	8841.647	11036.975
46	94	8867.635	11091.057
46	100	8878.579	11033.668
47	1	8794.711	11131.746
47	2	8837.856	11095.429
47	4	8767.8545	11110.65
47	6	8794.925	11123.507
47	7	8789.133	11123.813
47	10	8778.026	11123.705
47	11	8775.448	11123.846
47	13	8767.475	11123.878
47	14	8810.842	11137.541
47	18	8829.786	11049.352
47	22	8824.428	11150.203
47	23	8842.4	11146.669
47	25	8810.754	11143.888
47	26	8875.097	11127.139
47	27	8864.767	11142.491
47	28	8885.7705	11127.473
47	29	8880.552	11127.222
47	30	8891.5205	11128.0625
47	31	8864.504	11150.705
47	32	8872.649	11037.159
47	33	8864.869	11147.786
47	34	8906.693	11086.911
47	35	8864.13	11153.559
47	36	8885.713	11092.153
47	37	8811.481	11045.69
47	38	8907.492	11069.764
47	39	8907.471	11075.598
47	41	8817.801	11047.415
47	47	8800.292	11042.3125
47	52	8872.896	11033.883
47	53	8810.011	11156.656
47	54	8792.118	11123.075
47	57	8872.959	11030.818
47	59	8895.099	11061.743
47	63	8837.004	11162.85
47	66	8862.078	11036.049
47	70	8846.065	11036.0625
47	71	8856.658	11035.25
47	72	8841.796	11050.305
47	73	8856.871	11031.744
47	74	8893.931	11127.9795
47	77	8847.997	11050.187
47	88	8841.647	11036.975
47	94	8867.549	11091.071
47	100	8878.579	11033.668
48	1	8794.305	11131.797
48	2	8838.863	11095.436
48	4	8766.653	11110.658
48	6	8794.925	11123.507
48	7	8789.133	11123.813
48	14	8810.842	11137.541
48	18	8829.786	11049.352
48	22	8824.428	11150.203
48	23	8842.4	11146.669
48	25	8810.754	11143.888
48	26	8875.097	11127.139
48	27	8864.767	11142.491
48	28	8885.7705	11127.473
48	29	8880.552	11127.222
48	30	8891.5205	11128.0625
48	31	8864.504	11150.705
48	32	8872.649	11037.159
48	33	8864.869	11147.786
48	34	8906.617	11087.29
48	36	8885.765	11092.275
48	37	8811.481	11045.69
48	38	8907.492	11069.688
48	39	8907.471	11075.599
48	40	8907.901	11063.203
48	41	8817.801	11047.415
48	47	8800.292	11042.3125
48	52	8872.896	11033.883
48	53	8810.011	11156.656
48	54	8792.118	11123.075
48	57	8872.959	11030.818
48	59	8894.995	11061.109
48	63	8837.004	11162.85
48	66	8862.078	11036.049
48	70	8846.065	11036.0625
48	71	8856.658	11035.25
48	72	8841.607	11050.294
48	73	8856.871	11031.744
48	74	8893.931	11127.9795
48	77	8848.146	11050.195
48	88	8841.647	11036.975
48	94	8867.618	11091.094
48	100	8878.579	11033.668
48	103	8853.5	11050.339
49	1	8793.903	11131.85
49	2	8839.857	11095.441
49	4	8765.559	11110.675
49	6	8794.925	11123.507
49	7	8789.133	11123.813
49	14	8810.842	11137.541
49	23	8842.4	11146.669
49	25	8810.754	11143.888
49	26	8875.097	11127.139
49	27	8864.767	11142.491
49	28	8885.7705	11127.473
49	29	8880.552	11127.222
49	30	8891.5205	11128.0625
49	31	8864.504	11150.705
49	32	8872.649	11037.159
49	33	8864.869	11147.786
49	34	8906.516	11087.75
49	35	8864.13	11153.559
49	36	8885.796	11092.4
49	37	8811.481	11045.69
49	38	8907.479	11069.633
49	39	8907.462	11075.686
49	40	8907.922	11063.28
49	41	8817.801	11047.415
49	47	8800.292	11042.3125
49	52	8872.896	11033.883
49	53	8810.011	11156.656
49	54	8792.118	11123.075
49	57	8872.959	11030.818
49	59	8894.893	11060.565
49	63	8837.004	11162.85
49	66	8862.078	11036.049
49	70	8846.065	11036.0625
49	71	8856.658	11035.25
49	73	8856.871	11031.744
49	74	8893.931	11127.9795
49	77	8847.057	11050.215
49	88	8841.647	11036.975
49	94	8867.687	11091.078
49	100	8878.579	11033.668
49	103	8853.5	11050.339
50	1	8793.511	11131.894
50	2	8840.837	11095.447
50	6	8794.925	11123.507
50	7	8789.133	11123.813
50	14	8810.842	11137.541
50	23	8842.4	11146.669
50	25	8810.754	11143.888
50	26	8875.097	11127.139
50	27	8864.767	11142.491
50	28	8885.7705	11127.473
50	29	8880.552	11127.222
50	30	8891.5205	11128.0625
50	31	8864.504	11150.705
50	32	8872.649	11037.159
50	33	8864.869	11147.786
50	34	8906.439	11088.188
50	35	8864.13	11153.559
50	36	8885.836	11092.511
50	37	8811.481	11045.69
50	38	8907.466	11069.79
50	39	8907.455	11075.767
50	41	8817.801	11047.415
50	47	8800.292	11042.3125
50	52	8872.896	11033.883
50	53	8810.011	11156.656
50	54	8792.118	11123.075
50	57	8872.959	11030.818
50	59	8894.762	11059.972
50	62	8872.848	11027.288
50	63	8837.004	11162.85
50	66	8862.078	11036.049
50	68	8877.62	11036.602
50	70	8846.065	11036.0625
50	71	8856.658	11035.25
50	74	8893.931	11127.9795
50	77	8847.035	11050.189
50	81	8864.499	11168.371
50	88	8841.647	11036.975
50	94	8867.654	11091.108
50	99	8902.543	11052.799
50	100	8878.579	11033.668
50	103	8853.5	11050.339
51	1	8793.138	11131.936
51	2	8841.802	11095.453
51	6	8794.925	11123.507
51	7	8789.133	11123.813
51	8	8783.41	11123.303
51	9	8780.766	11123.192
51	14	8810.842	11137.541
51	22	8824.428	11150.203
51	23	8842.4	11146.669
51	25	8810.754	11143.888
51	26	8875.097	11127.139
51	27	8864.767	11142.491
51	28	8885.7705	11127.473
51	29	8880.552	11127.222
51	30	8891.5205	11128.0625
51	31	8864.504	11150.705
51	32	8872.649	11037.159
51	33	8864.869	11147.786
51	34	8906.332	11088.646
51	35	8864.13	11153.559
51	36	8885.884	11092.6
51	37	8811.481	11045.69
51	38	8907.451	11069.772
51	39	8907.462	11075.809
51	40	8907.923	11063.385
51	41	8817.801	11047.415
51	47	8800.292	11042.3125
51	52	8872.896	11033.883
51	53	8810.011	11156.656
51	54	8792.118	11123.075
51	57	8872.959	11030.818
51	59	8894.631	11059.416
51	62	8872.848	11027.288
51	63	8837.004	11162.85
51	66	8862.078	11036.049
51	70	8846.065	11036.0625
51	71	8856.658	11035.25
51	72	8840.902	11050.227
51	73	8856.871	11031.744
51	74	8893.931	11127.9795
51	77	8847.101	11050.201
51	88	8841.647	11036.975
51	98	8901.732	11052.23
51	100	8878.579	11033.668
51	103	8853.5	11050.339
52	1	8792.741	11131.977
52	2	8842.754	11095.459
52	6	8794.925	11123.507
52	7	8789.133	11123.813
52	9	8780.766	11123.192
52	14	8810.842	11137.541
52	22	8824.428	11150.203
52	23	8842.4	11146.669
52	25	8810.754	11143.888
52	26	8875.097	11127.139
52	27	8864.767	11142.491
52	28	8885.7705	11127.473
52	29	8880.552	11127.222
52	30	8891.5205	11128.0625
52	31	8864.504	11150.705
52	32	8872.649	11037.159
52	33	8864.869	11147.786
52	34	8906.209	11089.153
52	35	8864.13	11153.559
52	36	8885.929	11092.714
52	38	8907.442	11069.77
52	39	8907.45	11075.835
52	40	8907.941	11063.423
52	41	8817.801	11047.415
52	45	8908.736	11056.653
52	47	8800.292	11042.3125
52	52	8872.896	11033.883
52	53	8810.011	11156.656
52	54	8792.118	11123.075
52	57	8872.959	11030.818
52	62	8872.848	11027.288
52	63	8837.004	11162.85
52	66	8862.078	11036.049
52	68	8877.62	11036.602
52	70	8846.065	11036.0625
52	71	8856.658	11035.25
52	72	8840.919	11050.222
52	73	8856.871	11031.744
52	74	8893.931	11127.9795
52	77	8846.986	11050.233
52	81	8865.25	11167.231
52	88	8841.647	11036.975
52	100	8878.579	11033.668
52	103	8853.5	11050.339
53	1	8792.369	11132.019
53	2	8843.694	11095.464
53	6	8794.925	11123.507
53	7	8789.133	11123.813
53	8	8783.41	11123.303
53	9	8780.766	11123.192
53	14	8810.842	11137.541
53	22	8824.428	11150.203
53	23	8842.4	11146.669
53	25	8810.754	11143.888
53	26	8875.097	11127.139
53	27	8864.767	11142.491
53	28	8885.7705	11127.473
53	29	8880.552	11127.222
53	30	8891.5205	11128.0625
53	31	8864.504	11150.705
53	33	8864.869	11147.786
53	34	8906.065	11089.649
53	35	8864.13	11153.559
53	36	8885.948	11092.842
53	37	8811.481	11045.69
53	38	8907.4375	11069.765
53	39	8907.451	11075.925
53	40	8907.946	11063.442
53	41	8817.801	11047.415
53	43	8894.008	11127.877
53	45	8908.717	11056.538
53	47	8800.292	11042.3125
53	53	8810.011	11156.656
53	54	8792.118	11123.075
53	57	8872.959	11030.818
53	59	8894.349	11058.357
53	62	8872.848	11027.288
53	63	8837.004	11162.85
53	66	8862.078	11036.049
53	68	8877.62	11036.602
53	70	8846.065	11036.0625
53	71	8856.658	11035.25
53	72	8840.79	11050.262
53	73	8856.871	11031.744
53	77	8847.028	11050.191
53	81	8865.471	11167.2295
53	87	8878.188	11030.326
53	88	8841.647	11036.975
53	100	8878.579	11033.668
53	103	8853.5	11050.339
54	1	8792.004	11132.043
54	2	8844.621	11095.469
54	6	8794.925	11123.507
54	7	8789.133	11123.813
54	9	8780.766	11123.192
54	14	8810.842	11137.541
54	23	8842.4	11146.669
54	25	8810.754	11143.888
54	26	8875.097	11127.139
54	27	8864.767	11142.491
54	28	8885.7705	11127.473
54	29	8880.552	11127.222
54	30	8891.5205	11128.0625
54	31	8864.504	11150.705
54	33	8864.869	11147.786
54	34	8905.913	11090.166
54	35	8864.13	11153.559
54	36	8885.966	11092.96
54	37	8811.481	11045.69
54	38	8907.465	11069.802
54	39	8907.464	11075.9795
54	40	8907.944	11063.444
54	41	8817.801	11047.415
54	42	8919.514	11095.183
54	45	8908.705	11056.509
54	47	8800.292	11042.3125
54	52	8872.896	11033.883
54	53	8810.011	11156.656
54	54	8792.118	11123.075
54	59	8894.173	11057.835
54	62	8872.848	11027.288
54	63	8837.004	11162.85
54	66	8862.078	11036.049
54	68	8877.62	11036.602
54	70	8846.065	11036.0625
54	71	8856.658	11035.25
54	72	8840.779	11050.264
54	73	8856.871	11031.744
54	74	8893.931	11127.9795
54	77	8847.04	11050.232
54	81	8865.406	11167.183
54	88	8841.647	11036.975
55	1	8791.586	11132.083
55	2	8845.533	11095.473
55	6	8794.925	11123.507
55	7	8789.133	11123.813
55	8	8783.41	11123.303
55	9	8780.766	11123.192
55	14	8810.842	11137.541
55	18	8829.786	11049.352
55	22	8824.428	11150.203
55	23	8842.4	11146.669
55	25	8810.754	11143.888
55	26	8875.097	11127.139
55	27	8864.767	11142.491
55	28	8885.7705	11127.473
55	29	8880.552	11127.222
55	30	8891.5205	11128.0625
55	31	8864.504	11150.705
55	33	8864.869	11147.786
55	34	8905.736	11090.75
55	35	8864.13	11153.559
55	36	8886.035	11093.098
55	37	8811.481	11045.69
55	39	8907.439	11076.127
55	40	8907.943	11063.451
55	41	8817.801	11047.415
55	42	8919.521	11095.369
55	45	8908.621	11056.547
55	47	8800.292	11042.3125
55	53	8810.011	11156.656
55	54	8792.118	11123.075
55	59	8894.006	11057.332
55	63	8837.004	11162.85
55	66	8862.078	11036.049
55	70	8846.065	11036.0625
55	71	8856.658	11035.25
55	72	8840.951	11050.299
55	73	8856.871	11031.744
55	74	8893.931	11127.9795
55	77	8847.071	11050.159
55	81	8865.394	11167.226
55	86	8841.685	11036.963
55	99	8902.266	11052.857
55	103	8853.5	11050.339
56	1	8791.163	11132.11
56	2	8846.433	11095.478
56	6	8794.925	11123.507
56	7	8789.133	11123.813
56	9	8780.766	11123.192
56	14	8810.842	11137.541
56	23	8842.4	11146.669
56	25	8810.754	11143.888
56	26	8875.097	11127.139
56	27	8864.767	11142.491
56	28	8885.7705	11127.473
56	29	8880.552	11127.222
56	30	8891.5205	11128.0625
56	31	8864.504	11150.705
56	32	8872.649	11037.159
56	33	8864.869	11147.786
56	34	8905.55	11091.3
56	35	8864.13	11153.559
56	36	8886.052	11093.231
56	37	8811.481	11045.69
56	38	8907.432	11069.685
56	39	8907.438	11076.295
56	40	8907.9375	11063.467
56	41	8817.801	11047.415
56	42	8919.507	11095.5
56	43	8894.008	11127.877
56	44	8920.065	11095.872
56	45	8908.622	11056.528
56	47	8800.292	11042.3125
56	51	8867.48	11091.309
56	52	8872.896	11033.883
56	53	8810.011	11156.656
56	54	8792.118	11123.075
56	57	8872.959	11030.818
56	59	8893.843	11056.776
56	62	8872.848	11027.288
56	63	8837.004	11162.85
56	66	8862.078	11036.049
56	68	8877.62	11036.602
56	70	8846.065	11036.0625
56	72	8840.893	11050.248
56	77	8846.996	11050.279
56	81	8865.389	11167.221
56	86	8841.685	11036.963
56	98	8901.673	11052.242
57	1	8790.778	11132.1455
57	2	8847.318	11095.483
57	6	8794.925	11123.507
57	7	8789.133	11123.813
57	9	8780.766	11123.192
57	14	8810.842	11137.541
57	22	8824.428	11150.203
57	23	8842.4	11146.669
57	25	8810.754	11143.888
57	26	8875.097	11127.139
57	27	8864.767	11142.491
57	28	8885.7705	11127.473
57	29	8880.552	11127.222
57	30	8891.5205	11128.0625
57	31	8864.504	11150.705
57	33	8864.869	11147.786
57	34	8905.35	11091.854
57	35	8864.13	11153.559
57	36	8886.089	11093.356
57	37	8811.481	11045.69
57	38	8907.427	11069.723
57	39	8907.43	11076.384
57	40	8907.937	11063.471
57	41	8817.801	11047.415
57	42	8919.481	11095.682
57	43	8894.008	11127.877
57	44	8920.039	11095.999
57	45	8908.641	11056.501
57	47	8800.292	11042.3125
57	51	8867.504	11091.299
57	53	8810.011	11156.656
57	54	8792.118	11123.075
57	59	8893.652	11056.245
57	62	8872.848	11027.288
57	63	8837.004	11162.85
57	66	8862.078	11036.049
57	70	8846.065	11036.0625
57	71	8856.658	11035.25
57	73	8856.871	11031.744
57	81	8865.3955	11167.227
57	86	8841.685	11036.963
57	91	8877.906	11033.283
57	98	8901.633	11052.277
57	99	8902.105	11052.913
57	103	8853.5	11050.339
58	1	8790.415	11132.168
58	2	8848.192	11095.489
58	6	8794.925	11123.507
58	7	8789.133	11123.813
58	9	8780.766	11123.192
58	14	8810.842	11137.541
58	23	8842.4	11146.669
58	25	8810.754	11143.888
58	26	8875.097	11127.139
58	27	8864.767	11142.491
58	28	8885.7705	11127.473
58	29	8880.552	11127.222
58	30	8891.5205	11128.0625
58	31	8864.504	11150.705
58	33	8864.869	11147.786
58	34	8905.139	11092.416
58	35	8864.13	11153.559
58	36	8886.127	11093.477
58	37	8811.481	11045.69
58	38	8907.422	11069.772
58	39	8907.435	11076.509
58	41	8817.801	11047.415
58	42	8919.458	11095.836
58	43	8894.008	11127.877
58	44	8920.016	11096.168
58	45	8908.625	11056.523
58	46	8917.322	11126.79
58	47	8800.292	11042.3125
58	51	8867.523	11091.294
58	53	8810.011	11156.656
58	54	8792.118	11123.075
58	59	8893.436	11055.704
58	63	8837.004	11162.85
58	66	8862.078	11036.049
58	68	8877.62	11036.602
58	71	8856.658	11035.25
58	72	8840.871	11050.269
58	73	8856.871	11031.744
58	81	8865.438	11167.222
58	86	8841.685	11036.963
58	90	8901.78	11052.528
58	91	8877.906	11033.283
58	98	8901.574	11052.284
58	99	8902.024	11052.974
59	1	8790.033	11132.194
59	2	8849.053	11095.496
59	6	8794.925	11123.507
59	7	8789.133	11123.813
59	9	8780.766	11123.192
59	14	8810.842	11137.541
59	23	8842.4	11146.669
59	25	8810.754	11143.888
59	26	8875.097	11127.139
59	27	8864.767	11142.491
59	28	8885.7705	11127.473
59	29	8880.552	11127.222
59	30	8891.5205	11128.0625
59	31	8864.504	11150.705
59	32	8872.649	11037.159
59	33	8864.869	11147.786
59	34	8904.895	11092.992
59	35	8864.13	11153.559
59	36	8886.17	11093.593
59	37	8811.481	11045.69
59	38	8907.431	11069.783
59	39	8907.402	11076.956
59	40	8907.932	11063.86
59	42	8919.443	11095.973
59	43	8894.008	11127.877
59	44	8919.986	11096.303
59	46	8917.322	11126.79
59	47	8800.292	11042.3125
59	48	8862.072	11035.987
59	51	8867.529	11091.303
59	53	8810.011	11156.656
59	54	8792.118	11123.075
59	59	8893.227	11055.182
59	60	8868.005	11092.134
59	63	8837.004	11162.85
59	68	8877.62	11036.602
59	71	8856.658	11035.25
59	72	8840.923	11050.242
59	77	8847.833	11050.211
59	81	8865.328	11167.274
59	86	8841.685	11036.963
59	87	8878.188	11030.326
59	91	8877.906	11033.283
59	98	8901.526	11052.326
59	99	8901.93	11053.017
59	103	8853.5	11050.339
60	1	8789.633	11132.219
60	2	8849.896	11095.503
60	6	8794.925	11123.507
60	7	8789.133	11123.813
60	9	8780.766	11123.192
60	14	8810.842	11137.541
60	22	8824.428	11150.203
60	23	8842.4	11146.669
60	25	8810.754	11143.888
60	26	8875.097	11127.139
60	27	8864.767	11142.491
60	28	8885.7705	11127.473
60	29	8880.552	11127.222
60	30	8891.5205	11128.0625
60	31	8864.504	11150.705
60	32	8872.649	11037.159
60	33	8864.869	11147.786
60	34	8904.637	11093.564
60	35	8864.13	11153.559
60	36	8886.223	11093.733
60	37	8811.481	11045.69
60	38	8907.438	11069.765
60	39	8907.387	11077.194
60	40	8907.957	11063.562
60	41	8817.801	11047.415
60	42	8919.427	11096.125
60	43	8894.008	11127.877
60	44	8919.967	11096.476
60	45	8908.643	11056.52
60	46	8917.322	11126.79
60	47	8800.292	11042.3125
60	51	8867.516	11091.334
60	52	8872.896	11033.883
60	53	8810.011	11156.656
60	54	8792.118	11123.075
60	57	8872.959	11030.818
60	59	8893.019	11054.684
60	60	8867.789	11092.02
60	62	8872.848	11027.288
60	63	8837.004	11162.85
60	68	8877.62	11036.602
60	72	8840.933	11050.254
60	77	8847.534	11050.21
60	81	8865.474	11167.204
60	86	8841.685	11036.963
60	87	8878.188	11030.326
60	91	8877.906	11033.283
61	2	8850.729	11095.513
61	6	8794.925	11123.507
61	7	8789.133	11123.813
61	9	8780.766	11123.192
61	14	8810.842	11137.541
61	23	8842.4	11146.669
61	25	8810.754	11143.888
61	26	8875.097	11127.139
61	27	8864.767	11142.491
61	28	8885.7705	11127.473
61	29	8880.552	11127.222
61	30	8891.5205	11128.0625
61	31	8864.504	11150.705
61	32	8872.649	11037.159
61	33	8864.869	11147.786
61	34	8904.346	11094.175
61	35	8864.13	11153.559
61	36	8886.26	11093.852
61	37	8811.481	11045.69
61	38	8907.431	11069.766
61	39	8907.3955	11077.552
61	41	8817.801	11047.415
61	42	8919.398	11096.277
61	43	8894.008	11127.877
61	44	8919.951	11096.619
61	45	8908.614	11056.584
61	46	8917.322	11126.79
61	47	8800.292	11042.3125
61	48	8862.072	11035.987
61	50	8853.153	11050.263
61	51	8867.542	11091.308
61	52	8872.896	11033.883
61	53	8810.011	11156.656
61	54	8792.118	11123.075
61	57	8872.959	11030.818
61	58	8847.127	11050.2295
61	59	8892.829	11054.116
61	60	8867.84	11092.189
61	62	8872.848	11027.288
61	63	8837.004	11162.85
61	68	8877.62	11036.602
61	70	8846.065	11036.0625
61	71	8856.658	11035.25
61	72	8840.873	11050.276
61	73	8856.871	11031.744
61	81	8865.469	11167.194
61	86	8841.685	11036.963
61	87	8878.188	11030.326
61	91	8877.906	11033.283
62	2	8851.546	11095.527
62	6	8794.925	11123.507
62	7	8789.133	11123.813
62	9	8780.766	11123.192
62	14	8810.842	11137.541
62	23	8842.4	11146.669
62	25	8810.754	11143.888
62	26	8875.097	11127.139
62	27	8864.767	11142.491
62	28	8885.7705	11127.473
62	29	8880.552	11127.222
62	30	8891.5205	11128.0625
62	31	8864.504	11150.705
62	32	8872.649	11037.159
62	33	8864.869	11147.786
62	34	8904.051	11094.7705
62	35	8864.13	11153.559
62	36	8886.312	11093.975
62	37	8811.481	11045.69
62	38	8907.438	11069.778
62	40	8907.952	11063.504
62	41	8817.801	11047.415
62	42	8919.379	11096.414
62	43	8894.008	11127.877
62	44	8919.94	11096.763
62	46	8917.322	11126.79
62	47	8800.292	11042.3125
62	48	8862.072	11035.987
62	49	8920.105	11127.38
62	50	8853.153	11050.263
62	51	8867.516	11091.346
62	53	8810.011	11156.656
62	54	8792.118	11123.075
62	57	8872.959	11030.818
62	58	8847.127	11050.2295
62	59	8892.64	11053.633
62	60	8868.486	11091.424
62	62	8872.848	11027.288
62	63	8837.004	11162.85
62	65	8846.226	11036.153
62	68	8877.62	11036.602
62	72	8840.938	11050.261
62	81	8865.407	11167.2
62	86	8841.685	11036.963
62	87	8878.188	11030.326
62	91	8877.906	11033.283
62	98	8901.333	11052.391
62	99	8901.707	11053.096
63	2	8852.352	11095.543
63	6	8794.925	11123.507
63	7	8789.133	11123.813
63	14	8810.842	11137.541
63	23	8842.4	11146.669
63	25	8810.754	11143.888
63	26	8875.097	11127.139
63	27	8864.767	11142.491
63	28	8885.7705	11127.473
63	29	8880.552	11127.222
63	30	8891.5205	11128.0625
63	31	8864.504	11150.705
63	32	8872.649	11037.159
63	33	8864.869	11147.786
63	34	8903.696	11095.426
63	35	8864.13	11153.559
63	36	8886.362	11094.093
63	37	8811.481	11045.69
63	38	8907.441	11069.798
63	40	8907.941	11063.518
63	42	8919.361	11096.553
63	43	8894.008	11127.877
63	44	8919.915	11096.894
63	46	8917.322	11126.79
63	47	8800.292	11042.3125
63	48	8862.072	11035.987
63	49	8920.105	11127.38
63	51	8867.527	11091.349
63	53	8810.011	11156.656
63	54	8792.118	11123.075
63	55	8856.774	11035.181
63	56	8910.448	11142.473
63	60	8868.501	11091.413
63	62	8872.848	11027.288
63	63	8837.004	11162.85
63	65	8846.226	11036.153
63	68	8877.62	11036.602
63	72	8840.928	11050.257
63	77	8847.03	11050.19
63	81	8865.427	11167.205
63	86	8841.685	11036.963
63	87	8878.188	11030.326
63	90	8901.432	11052.78
63	98	8901.249	11052.422
63	99	8901.608	11053.129
64	1	8788.22	11132.248
64	2	8853.145	11095.5625
64	6	8794.925	11123.507
64	7	8789.133	11123.813
64	14	8810.842	11137.541
64	23	8842.4	11146.669
64	25	8810.754	11143.888
64	26	8875.097	11127.139
64	27	8864.767	11142.491
64	28	8885.7705	11127.473
64	29	8880.552	11127.222
64	30	8891.5205	11128.0625
64	31	8864.504	11150.705
64	32	8872.649	11037.159
64	33	8864.869	11147.786
64	34	8903.361	11096.02
64	35	8864.13	11153.559
64	36	8886.427	11094.225
64	37	8811.481	11045.69
64	38	8907.431	11069.82
64	40	8907.936	11063.499
64	42	8919.342	11096.69
64	43	8894.008	11127.877
64	44	8919.886	11097.015
64	45	8908.616	11056.512
64	46	8917.322	11126.79
64	47	8800.292	11042.3125
64	48	8862.072	11035.987
64	49	8920.105	11127.38
64	50	8853.153	11050.263
64	51	8867.548	11091.319
64	53	8810.011	11156.656
64	54	8792.118	11123.075
64	55	8856.774	11035.181
64	56	8910.448	11142.473
64	60	8868.449	11091.389
64	61	8840.733	11050.231
64	63	8837.004	11162.85
64	68	8877.62	11036.602
64	76	8856.837	11031.775
64	77	8847.073	11050.155
64	81	8865.436	11167.195
64	86	8841.685	11036.963
64	91	8877.906	11033.283
64	98	8901.177	11052.456
64	99	8901.53	11053.151
65	1	8787.75	11132.297
65	2	8853.926	11095.581
65	6	8794.925	11123.507
65	7	8789.133	11123.813
65	14	8810.842	11137.541
65	23	8842.4	11146.669
65	25	8810.754	11143.888
65	26	8875.097	11127.139
65	27	8864.767	11142.491
65	28	8885.7705	11127.473
65	29	8880.552	11127.222
65	30	8891.5205	11128.0625
65	31	8864.504	11150.705
65	32	8872.649	11037.159
65	33	8864.869	11147.786
65	34	8902.999	11096.603
65	35	8864.13	11153.559
65	36	8886.46	11094.391
65	37	8811.481	11045.69
65	38	8907.43	11069.82
65	39	8907.355	11078.652
65	40	8907.937	11063.499
65	42	8919.307	11096.829
65	43	8894.008	11127.877
65	44	8919.881	11097.18
65	45	8908.605	11056.555
65	46	8917.322	11126.79
65	47	8800.292	11042.3125
65	48	8862.072	11035.987
65	49	8920.105	11127.38
65	50	8853.153	11050.263
65	51	8867.547	11091.324
65	52	8872.896	11033.883
65	53	8810.011	11156.656
65	54	8792.118	11123.075
65	56	8910.448	11142.473
65	57	8872.959	11030.818
65	60	8868.523	11091.395
65	61	8840.733	11050.231
65	62	8872.848	11027.288
65	63	8837.004	11162.85
65	68	8877.62	11036.602
65	81	8865.374	11167.185
65	86	8841.685	11036.963
65	87	8878.188	11030.326
65	91	8877.906	11033.283
65	98	8901.085	11052.469
65	99	8901.439	11053.2
66	1	8787.406	11132.32
66	2	8854.692	11095.597
66	6	8794.925	11123.507
66	7	8789.133	11123.813
66	14	8810.842	11137.541
66	23	8842.4	11146.669
66	25	8810.754	11143.888
66	26	8875.097	11127.139
66	27	8864.767	11142.491
66	28	8885.7705	11127.473
66	29	8880.552	11127.222
66	30	8891.5205	11128.0625
66	31	8864.504	11150.705
66	32	8872.649	11037.159
66	33	8864.869	11147.786
66	34	8902.596	11097.223
66	35	8864.13	11153.559
66	36	8886.516	11094.529
66	37	8811.481	11045.69
66	38	8907.435	11069.861
66	39	8907.349	11078.94
66	40	8907.933	11063.474
66	42	8919.292	11096.971
66	43	8894.008	11127.877
66	44	8919.852	11097.327
66	45	8908.597	11056.555
66	46	8917.322	11126.79
66	47	8800.292	11042.3125
66	48	8862.072	11035.987
66	49	8920.105	11127.38
66	50	8853.153	11050.263
66	51	8867.534	11091.331
66	52	8872.896	11033.883
66	53	8810.011	11156.656
66	54	8792.118	11123.075
66	55	8856.774	11035.181
66	56	8910.448	11142.473
66	57	8872.959	11030.818
66	60	8868.494	11091.405
66	61	8840.733	11050.231
66	62	8872.848	11027.288
66	63	8837.004	11162.85
66	68	8877.62	11036.602
66	76	8856.837	11031.775
66	81	8865.4	11167.186
66	86	8841.685	11036.963
66	87	8878.188	11030.326
66	90	8901.172	11052.897
66	91	8877.906	11033.283
66	98	8901.012	11052.479
66	99	8901.324	11053.223
67	2	8855.446	11095.611
67	6	8794.925	11123.507
67	7	8789.133	11123.813
67	14	8810.842	11137.541
67	23	8842.4	11146.669
67	25	8810.754	11143.888
67	26	8875.097	11127.139
67	27	8864.767	11142.491
67	28	8885.7705	11127.473
67	29	8880.552	11127.222
67	30	8891.5205	11128.0625
67	31	8864.504	11150.705
67	32	8872.649	11037.159
67	33	8864.869	11147.786
67	34	8902.186	11097.803
67	35	8864.13	11153.559
67	36	8886.572	11094.685
67	37	8811.481	11045.69
67	38	8907.437	11069.942
67	39	8907.376	11079.312
67	40	8907.928	11063.466
67	42	8919.276	11097.116
67	43	8894.008	11127.877
67	44	8919.829	11097.463
67	45	8908.586	11056.585
67	46	8917.322	11126.79
67	47	8800.292	11042.3125
67	48	8862.072	11035.987
67	49	8920.105	11127.38
67	50	8853.153	11050.263
67	51	8867.532	11091.327
67	52	8872.896	11033.883
67	53	8810.011	11156.656
67	54	8792.118	11123.075
67	55	8856.774	11035.181
67	56	8910.448	11142.473
67	57	8872.959	11030.818
67	60	8868.457	11091.411
67	62	8872.848	11027.288
67	64	8916.066	11141.439
67	68	8877.62	11036.602
67	76	8856.837	11031.775
67	86	8841.685	11036.963
67	87	8878.188	11030.326
67	91	8877.906	11033.283
67	98	8900.92	11052.486
68	2	8856.186	11095.628
68	6	8794.925	11123.507
68	7	8789.133	11123.813
68	14	8810.842	11137.541
68	23	8842.4	11146.669
68	25	8810.754	11143.888
68	26	8875.097	11127.139
68	27	8864.767	11142.491
68	28	8885.7705	11127.473
68	29	8880.552	11127.222
68	30	8891.5205	11128.0625
68	31	8864.504	11150.705
68	32	8872.649	11037.159
68	33	8864.869	11147.786
68	34	8901.751	11098.403
68	35	8864.13	11153.559
68	36	8886.635	11094.819
68	38	8907.436	11070.017
68	39	8907.367	11079.646
68	40	8907.928	11063.474
68	42	8919.269	11097.261
68	43	8894.008	11127.877
68	44	8919.81	11097.608
68	45	8908.6	11056.579
68	46	8917.322	11126.79
68	48	8862.072	11035.987
68	49	8920.105	11127.38
68	50	8853.153	11050.263
68	51	8867.533	11091.324
68	52	8872.896	11033.883
68	53	8810.011	11156.656
68	54	8792.118	11123.075
68	55	8856.774	11035.181
68	56	8910.448	11142.473
68	57	8872.959	11030.818
68	58	8847.127	11050.2295
68	60	8868.4795	11091.406
68	61	8840.733	11050.231
68	62	8872.848	11027.288
68	64	8916.066	11141.439
68	65	8846.226	11036.153
68	68	8877.62	11036.602
68	69	8913.313	11142.199
68	76	8856.837	11031.775
68	95	8848.329	11026.249
69	2	8856.912	11095.644
69	6	8794.925	11123.507
69	7	8789.133	11123.813
69	14	8810.842	11137.541
69	23	8842.4	11146.669
69	25	8810.754	11143.888
69	26	8875.097	11127.139
69	27	8864.767	11142.491
69	28	8885.7705	11127.473
69	29	8880.552	11127.222
69	30	8891.5205	11128.0625
69	31	8864.504	11150.705
69	32	8872.649	11037.159
69	33	8864.869	11147.786
69	34	8901.279	11099.008
69	35	8864.13	11153.559
69	36	8886.673	11094.955
69	37	8811.481	11045.69
69	38	8907.444	11070.081
69	39	8907.37	11079.976
69	40	8907.926	11063.502
69	42	8919.265	11097.383
69	43	8894.008	11127.877
69	44	8919.806	11097.753
69	45	8908.602	11056.6
69	46	8917.322	11126.79
69	48	8862.072	11035.987
69	49	8920.105	11127.38
69	50	8853.153	11050.263
69	51	8867.536	11091.314
69	52	8872.896	11033.883
69	53	8810.011	11156.656
69	54	8792.118	11123.075
69	55	8856.774	11035.181
69	56	8910.448	11142.473
69	57	8872.959	11030.818
69	58	8847.127	11050.2295
69	60	8868.515	11091.397
69	61	8840.733	11050.231
69	62	8872.848	11027.288
69	64	8916.066	11141.439
69	65	8846.226	11036.153
69	67	8925.641	11127.177
69	68	8877.62	11036.602
69	69	8913.313	11142.199
69	76	8856.837	11031.775
69	86	8841.685	11036.963
69	90	8900.882	11052.892
69	91	8877.906	11033.283
69	95	8848.26	11026.322
69	98	8900.729	11052.473
69	99	8901.088	11053.349
70	2	8857.627	11095.657
70	6	8794.925	11123.507
70	7	8789.133	11123.813
70	14	8810.842	11137.541
70	23	8842.4	11146.669
70	25	8810.754	11143.888
70	26	8875.097	11127.139
70	27	8864.767	11142.491
70	28	8885.7705	11127.473
70	29	8880.552	11127.222
70	30	8891.5205	11128.0625
70	31	8864.504	11150.705
70	32	8872.649	11037.159
70	33	8864.869	11147.786
70	34	8900.79	11099.608
70	35	8864.13	11153.559
70	36	8886.716	11095.091
70	38	8907.437	11070.156
70	39	8907.367	11080.344
70	40	8907.93	11063.52
70	42	8919.255	11097.529
70	43	8894.008	11127.877
70	44	8919.785	11097.902
70	45	8908.589	11056.588
70	46	8917.322	11126.79
70	48	8862.072	11035.987
70	49	8920.105	11127.38
70	50	8853.153	11050.263
70	51	8867.54	11091.305
70	53	8810.011	11156.656
70	55	8856.774	11035.181
70	56	8910.448	11142.473
70	58	8847.127	11050.2295
70	60	8868.517	11091.399
70	62	8872.848	11027.288
70	64	8916.066	11141.439
70	65	8846.226	11036.153
70	67	8925.641	11127.177
70	68	8877.62	11036.602
70	69	8913.313	11142.199
70	75	8841.565	11036.945
70	76	8856.837	11031.775
70	87	8878.188	11030.326
70	91	8877.906	11033.283
71	2	8858.327	11095.672
71	6	8794.925	11123.507
71	7	8789.133	11123.813
71	14	8810.842	11137.541
71	23	8842.4	11146.669
71	25	8810.754	11143.888
71	26	8875.097	11127.139
71	27	8864.767	11142.491
71	28	8885.7705	11127.473
71	29	8880.552	11127.222
71	30	8891.5205	11128.0625
71	31	8864.504	11150.705
71	32	8872.649	11037.159
71	33	8864.869	11147.786
71	34	8900.281	11100.186
71	35	8864.13	11153.559
71	36	8886.777	11095.23
71	37	8811.481	11045.69
71	38	8907.4375	11070.242
71	39	8907.383	11080.686
71	40	8907.95	11063.549
71	42	8919.2	11097.656
71	43	8894.008	11127.877
71	44	8919.747	11098.026
71	45	8908.605	11056.574
71	46	8917.322	11126.79
71	48	8862.072	11035.987
71	49	8920.105	11127.38
71	50	8853.153	11050.263
71	51	8867.543	11091.315
71	52	8872.896	11033.883
71	54	8792.118	11123.075
71	55	8856.774	11035.181
71	56	8910.448	11142.473
71	57	8872.959	11030.818
71	58	8847.127	11050.2295
71	60	8868.517	11091.397
71	61	8840.733	11050.231
71	62	8872.848	11027.288
71	63	8837.004	11162.85
71	64	8916.066	11141.439
71	65	8846.226	11036.153
71	67	8925.641	11127.177
71	68	8877.62	11036.602
71	69	8913.313	11142.199
71	75	8841.565	11036.945
71	76	8856.837	11031.775
71	87	8878.188	11030.326
71	91	8877.906	11033.283
71	93	8877.814	11023.631
71	95	8846.833	11026.898
72	2	8859.015	11095.687
72	6	8794.925	11123.507
72	7	8789.133	11123.813
72	14	8810.842	11137.541
72	23	8842.4	11146.669
72	25	8810.754	11143.888
72	26	8875.097	11127.139
72	27	8864.767	11142.491
72	28	8885.7705	11127.473
72	29	8880.552	11127.222
72	30	8891.5205	11128.0625
72	31	8864.504	11150.705
72	32	8872.649	11037.159
72	33	8864.869	11147.786
72	34	8899.751	11100.776
72	35	8864.13	11153.559
72	36	8886.823	11095.346
72	38	8907.439	11070.383
72	39	8907.383	11081.009
72	40	8907.946	11063.521
72	42	8919.196	11097.799
72	43	8894.008	11127.877
72	44	8919.7295	11098.161
72	45	8908.581	11056.585
72	46	8917.322	11126.79
72	48	8862.072	11035.987
72	49	8920.105	11127.38
72	50	8853.153	11050.263
72	51	8867.553	11091.304
72	54	8792.118	11123.075
72	55	8856.774	11035.181
72	56	8910.448	11142.473
72	58	8847.127	11050.2295
72	61	8840.733	11050.231
72	62	8872.848	11027.288
72	64	8916.066	11141.439
72	65	8846.226	11036.153
72	67	8925.641	11127.177
72	68	8877.62	11036.602
72	69	8913.313	11142.199
72	75	8841.565	11036.945
72	76	8856.837	11031.775
72	87	8878.188	11030.326
72	93	8877.814	11023.631
72	95	8846.799	11026.904
73	2	8859.688	11095.698
73	6	8794.925	11123.507
73	7	8789.133	11123.813
73	14	8810.842	11137.541
73	23	8842.4	11146.669
73	25	8810.754	11143.888
73	26	8875.097	11127.139
73	27	8864.767	11142.491
73	28	8885.7705	11127.473
73	29	8880.552	11127.222
73	30	8891.5205	11128.0625
73	31	8864.504	11150.705
73	32	8872.649	11037.159
73	33	8864.869	11147.786
73	34	8899.203	11101.347
73	35	8864.13	11153.559
73	36	8886.875	11095.479
73	38	8907.441	11070.502
73	39	8907.385	11081.347
73	40	8907.933	11063.531
73	42	8919.19	11097.919
73	43	8894.008	11127.877
73	44	8919.736	11098.301
73	45	8908.577	11056.605
73	46	8917.322	11126.79
73	48	8862.072	11035.987
73	49	8920.105	11127.38
73	50	8853.153	11050.263
73	51	8867.586	11091.263
73	52	8872.896	11033.883
73	55	8856.774	11035.181
73	56	8910.448	11142.473
73	57	8872.959	11030.818
73	58	8847.127	11050.2295
73	61	8840.733	11050.231
73	62	8872.848	11027.288
73	64	8916.066	11141.439
73	65	8846.226	11036.153
73	67	8925.641	11127.177
73	75	8841.565	11036.945
73	76	8856.837	11031.775
73	90	8900.588	11053.189
73	93	8877.814	11023.631
73	95	8846.855	11026.969
74	2	8860.349	11095.709
74	6	8794.925	11123.507
74	7	8789.133	11123.813
74	14	8810.842	11137.541
74	23	8842.4	11146.669
74	25	8810.754	11143.888
74	26	8875.097	11127.139
74	27	8864.767	11142.491
74	28	8885.7705	11127.473
74	29	8880.552	11127.222
74	30	8891.5205	11128.0625
74	31	8864.504	11150.705
74	32	8872.649	11037.159
74	34	8898.639	11101.888
74	35	8864.13	11153.559
74	36	8886.914	11095.596
74	38	8907.431	11070.682
74	39	8907.386	11081.683
74	40	8907.917	11063.587
74	42	8919.174	11098.069
74	43	8894.008	11127.877
74	44	8919.729	11098.436
74	45	8908.573	11056.615
74	46	8917.322	11126.79
74	48	8862.072	11035.987
74	49	8920.105	11127.38
74	50	8853.153	11050.263
74	55	8856.774	11035.181
74	56	8910.448	11142.473
74	58	8847.127	11050.2295
74	61	8840.733	11050.231
74	64	8916.066	11141.439
74	65	8846.226	11036.153
74	67	8925.641	11127.177
74	68	8877.62	11036.602
74	69	8913.313	11142.199
74	75	8841.565	11036.945
74	76	8856.837	11031.775
74	80	8921.287	11141.306
74	82	8877.837	11033.243
74	84	8837.033	11162.811
74	87	8878.188	11030.326
74	90	8900.48	11053.224
74	95	8846.881	11027.022
75	2	8860.996	11095.721
75	6	8794.925	11123.507
75	14	8810.842	11137.541
75	23	8842.4	11146.669
75	25	8810.754	11143.888
75	26	8875.097	11127.139
75	27	8864.767	11142.491
75	28	8885.7705	11127.473
75	29	8880.552	11127.222
75	30	8891.5205	11128.0625
75	31	8864.504	11150.705
75	32	8872.649	11037.159
75	33	8864.869	11147.786
75	34	8898.039	11102.445
75	35	8864.13	11153.559
75	36	8886.95	11095.738
75	38	8907.426	11070.847
75	39	8907.378	11082.015
75	40	8907.924	11063.614
75	42	8919.156	11098.21
75	43	8894.008	11127.877
75	44	8919.72	11098.566
75	45	8908.566	11056.62
75	46	8917.322	11126.79
75	48	8862.072	11035.987
75	49	8920.105	11127.38
75	50	8853.153	11050.263
75	52	8872.896	11033.883
75	55	8856.774	11035.181
75	56	8910.448	11142.473
75	57	8872.959	11030.818
75	58	8847.127	11050.2295
75	61	8840.733	11050.231
75	64	8916.066	11141.439
75	65	8846.226	11036.153
75	67	8925.641	11127.177
75	75	8841.565	11036.945
75	80	8921.287	11141.306
75	82	8877.837	11033.243
75	83	8877.571	11036.6045
75	84	8837.033	11162.811
75	87	8878.188	11030.326
75	90	8900.385	11053.259
75	95	8847.021	11027.09
75	107	8900.191	11052.412
76	2	8861.632	11095.731
76	6	8794.925	11123.507
76	14	8810.842	11137.541
76	23	8842.4	11146.669
76	25	8810.754	11143.888
76	26	8875.097	11127.139
76	27	8864.767	11142.491
76	28	8885.7705	11127.473
76	29	8880.552	11127.222
76	30	8891.5205	11128.0625
76	31	8864.504	11150.705
76	32	8872.649	11037.159
76	33	8864.869	11147.786
76	34	8897.403	11102.999
76	35	8864.13	11153.559
76	36	8887.008	11095.884
76	37	8811.481	11045.69
76	38	8907.425	11071.026
76	39	8907.384	11082.377
76	40	8907.933	11063.565
76	42	8919.139	11098.363
76	43	8894.008	11127.877
76	44	8919.723	11098.721
76	45	8908.574	11056.599
76	46	8917.322	11126.79
76	48	8862.072	11035.987
76	49	8920.105	11127.38
76	50	8853.153	11050.263
76	55	8856.774	11035.181
76	56	8910.448	11142.473
76	58	8847.127	11050.2295
76	61	8840.733	11050.231
76	62	8872.848	11027.288
76	64	8916.066	11141.439
76	67	8925.641	11127.177
76	69	8913.313	11142.199
76	75	8841.565	11036.945
76	76	8856.837	11031.775
76	80	8921.287	11141.306
76	82	8877.837	11033.243
76	83	8877.571	11036.6045
76	84	8837.033	11162.811
76	85	8930.723	11127.319
76	89	8877.812	11030.13
76	90	8900.281	11053.312
76	95	8847.003	11027.061
76	107	8900.059	11052.436
77	2	8862.255	11095.74
77	6	8794.925	11123.507
77	14	8810.842	11137.541
77	23	8842.4	11146.669
77	25	8810.754	11143.888
77	26	8875.097	11127.139
77	27	8864.767	11142.491
77	28	8885.7705	11127.473
77	29	8880.552	11127.222
77	30	8891.5205	11128.0625
77	31	8864.504	11150.705
77	32	8872.649	11037.159
77	34	8896.766	11103.525
77	35	8864.13	11153.559
77	36	8887.064	11096.031
77	37	8811.481	11045.69
77	38	8907.424	11071.264
77	39	8907.378	11082.729
77	40	8907.925	11063.623
77	42	8919.117	11098.512
77	43	8894.008	11127.877
77	44	8919.703	11098.8545
77	45	8908.549	11056.661
77	46	8917.322	11126.79
77	48	8862.072	11035.987
77	49	8920.105	11127.38
77	50	8853.153	11050.263
77	52	8872.896	11033.883
77	55	8856.774	11035.181
77	56	8910.448	11142.473
77	57	8872.959	11030.818
77	58	8847.127	11050.2295
77	64	8916.066	11141.439
77	65	8846.226	11036.153
77	67	8925.641	11127.177
77	69	8913.313	11142.199
77	75	8841.565	11036.945
77	76	8856.837	11031.775
77	80	8921.287	11141.306
77	82	8877.837	11033.243
77	83	8877.571	11036.6045
77	84	8837.033	11162.811
77	85	8930.723	11127.319
77	89	8877.812	11030.13
77	90	8900.182	11053.332
77	93	8877.814	11023.631
77	95	8846.975	11027.022
77	107	8899.937	11052.449
78	2	8862.866	11095.749
78	6	8794.925	11123.507
78	14	8810.842	11137.541
78	23	8842.4	11146.669
78	25	8810.754	11143.888
78	26	8875.097	11127.139
78	27	8864.767	11142.491
78	28	8885.7705	11127.473
78	29	8880.552	11127.222
78	30	8891.5205	11128.0625
78	31	8864.504	11150.705
78	32	8872.649	11037.159
78	34	8896.088	11104.027
78	35	8864.13	11153.559
78	36	8887.119	11096.149
78	38	8907.415	11071.532
78	39	8907.384	11083.046
78	40	8907.918	11063.653
78	42	8919.101	11098.647
78	43	8894.008	11127.877
78	44	8919.7	11099.0
78	46	8917.322	11126.79
78	48	8862.072	11035.987
78	49	8920.105	11127.38
78	50	8853.153	11050.263
78	51	8867.584	11091.298
78	55	8856.774	11035.181
78	56	8910.448	11142.473
78	57	8872.959	11030.818
78	58	8847.127	11050.2295
78	60	8868.453	11091.374
78	61	8840.733	11050.231
78	62	8872.848	11027.288
78	64	8916.066	11141.439
78	65	8846.226	11036.153
78	67	8925.641	11127.177
78	69	8913.313	11142.199
78	75	8841.565	11036.945
78	76	8856.837	11031.775
78	80	8921.287	11141.306
78	82	8877.837	11033.243
78	83	8877.571	11036.6045
78	84	8837.033	11162.811
78	85	8930.723	11127.319
78	89	8877.812	11030.13
78	90	8900.094	11053.376
78	93	8877.814	11023.631
78	95	8847.266	11027.137
78	96	8864.851	11147.719
78	107	8899.815	11052.486
79	2	8863.464	11095.758
79	6	8794.925	11123.507
79	14	8810.842	11137.541
79	23	8842.4	11146.669
79	25	8810.754	11143.888
79	26	8875.097	11127.139
79	27	8864.767	11142.491
79	28	8885.7705	11127.473
79	29	8880.552	11127.222
79	30	8891.5205	11128.0625
79	32	8872.649	11037.159
79	34	8895.372	11104.529
79	35	8864.13	11153.559
79	36	8887.171	11096.289
79	38	8907.411	11071.771
79	39	8907.376	11083.382
79	40	8907.914	11063.7
79	42	8919.087	11098.784
79	43	8894.008	11127.877
79	44	8919.678	11099.139
79	46	8917.322	11126.79
79	48	8862.072	11035.987
79	49	8920.105	11127.38
79	50	8853.153	11050.263
79	55	8856.774	11035.181
79	56	8910.448	11142.473
79	58	8847.127	11050.2295
79	61	8840.733	11050.231
79	62	8872.848	11027.288
79	64	8916.066	11141.439
79	65	8846.226	11036.153
79	67	8925.641	11127.177
79	69	8913.313	11142.199
79	75	8841.565	11036.945
79	76	8856.837	11031.775
79	80	8921.287	11141.306
79	82	8877.837	11033.243
79	83	8877.571	11036.6045
79	85	8930.723	11127.319
79	89	8877.812	11030.13
79	90	8899.999	11053.3955
79	93	8877.814	11023.631
79	97	8924.635	11141.371
79	107	8899.721	11052.496
80	2	8864.05	11095.764
80	6	8794.925	11123.507
80	14	8810.842	11137.541
80	23	8842.4	11146.669
80	25	8810.754	11143.888
80	26	8875.097	11127.139
80	27	8864.767	11142.491
80	28	8885.7705	11127.473
80	29	8880.552	11127.222
80	30	8891.5205	11128.0625
80	32	8872.649	11037.159
80	34	8894.647	11105.002
80	36	8887.201	11096.4375
80	38	8907.404	11072.074
80	39	8907.373	11083.713
80	40	8907.915	11063.773
80	42	8919.061	11098.922
80	43	8894.008	11127.877
80	44	8919.667	11099.28
80	45	8908.632	11056.612
80	46	8917.322	11126.79
80	48	8862.072	11035.987
80	49	8920.105	11127.38
80	50	8853.153	11050.263
80	55	8856.774	11035.181
80	56	8910.448	11142.473
80	58	8847.127	11050.2295
80	61	8840.733	11050.231
80	64	8916.066	11141.439
80	67	8925.641	11127.177
80	69	8913.313	11142.199
80	75	8841.565	11036.945
80	80	8921.287	11141.306
80	82	8877.837	11033.243
80	85	8930.723	11127.319
80	89	8877.812	11030.13
80	90	8899.912	11053.419
80	93	8877.814	11023.631
80	96	8864.851	11147.719
80	97	8924.635	11141.371
80	104	8865.22	11167.186
80	107	8899.616	11052.51
81	2	8864.624	11095.771
81	6	8794.925	11123.507
81	14	8810.842	11137.541
81	23	8842.4	11146.669
81	25	8810.754	11143.888
81	26	8875.097	11127.139
81	27	8864.767	11142.491
81	28	8885.7705	11127.473
81	29	8880.552	11127.222
81	30	8891.5205	11128.0625
81	32	8872.649	11037.159
81	34	8893.899	11105.438
81	36	8887.238	11096.575
81	38	8907.404	11072.345
81	39	8907.374	11084.065
81	40	8907.919	11063.839
81	42	8919.052	11099.057
81	43	8894.008	11127.877
81	44	8919.642	11099.406
81	45	8908.605	11056.623
81	46	8917.322	11126.79
81	48	8862.072	11035.987
81	49	8920.105	11127.38
81	50	8853.153	11050.263
81	55	8856.774	11035.181
81	56	8910.448	11142.473
81	58	8847.127	11050.2295
81	60	8868.563	11091.368
81	61	8840.733	11050.231
81	62	8872.848	11027.288
81	65	8846.226	11036.153
81	67	8925.641	11127.177
81	69	8913.313	11142.199
81	75	8841.565	11036.945
81	76	8856.837	11031.775
81	80	8921.287	11141.306
81	83	8877.571	11036.6045
81	84	8837.033	11162.811
81	85	8930.723	11127.319
81	96	8864.851	11147.719
81	97	8924.635	11141.371
81	107	8899.509	11052.491
82	2	8865.186	11095.777
82	6	8794.925	11123.507
82	14	8810.842	11137.541
82	23	8842.4	11146.669
82	25	8810.754	11143.888
82	26	8875.097	11127.139
82	27	8864.767	11142.491
82	28	8885.7705	11127.473
82	29	8880.552	11127.222
82	30	8891.5205	11128.0625
82	34	8893.135	11105.847
82	36	8887.29	11096.704
82	38	8907.405	11072.693
82	39	8907.365	11084.424
82	40	8907.918	11063.929
82	42	8919.039	11099.192
82	43	8894.008	11127.877
82	44	8919.619	11099.548
82	45	8908.614	11056.597
82	46	8917.322	11126.79
82	48	8862.072	11035.987
82	49	8920.105	11127.38
82	50	8853.153	11050.263
82	51	8867.579	11091.296
82	55	8856.774	11035.181
82	56	8910.448	11142.473
82	58	8847.127	11050.2295
82	60	8868.58	11091.401
82	61	8840.733	11050.231
82	64	8916.066	11141.439
82	65	8846.226	11036.153
82	67	8925.641	11127.177
82	69	8913.313	11142.199
82	75	8841.565	11036.945
82	76	8856.837	11031.775
82	80	8921.287	11141.306
82	82	8877.837	11033.243
82	83	8877.571	11036.6045
82	84	8837.033	11162.811
82	85	8930.723	11127.319
82	89	8877.812	11030.13
82	90	8899.713	11053.465
82	93	8877.814	11023.631
82	95	8847.55	11027.246
82	96	8864.851	11147.719
82	97	8924.635	11141.371
82	104	8865.22	11167.186
82	106	8923.703	11048.863
82	112	8861.99	11032.102
83	2	8865.733	11095.783
83	6	8794.925	11123.507
83	14	8810.842	11137.541
83	23	8842.4	11146.669
83	25	8810.754	11143.888
83	26	8875.097	11127.139
83	27	8864.767	11142.491
83	28	8885.7705	11127.473
83	30	8891.5205	11128.0625
83	32	8872.649	11037.159
83	34	8892.349	11106.238
83	36	8887.323	11096.85
83	38	8907.397	11073.025
83	39	8907.347	11084.781
83	40	8907.915	11064.043
83	42	8919.029	11099.341
83	43	8894.008	11127.877
83	44	8919.63	11099.68
83	45	8908.582	11056.6
83	46	8917.322	11126.79
83	48	8862.072	11035.987
83	49	8920.105	11127.38
83	50	8853.153	11050.263
83	51	8867.594	11091.288
83	55	8856.774	11035.181
83	56	8910.448	11142.473
83	58	8847.127	11050.2295
83	60	8868.5625	11091.349
83	61	8840.733	11050.231
83	64	8916.066	11141.439
83	65	8846.226	11036.153
83	67	8925.641	11127.177
83	69	8913.313	11142.199
83	75	8841.565	11036.945
83	76	8856.837	11031.775
83	80	8921.287	11141.306
83	82	8877.837	11033.243
83	83	8877.571	11036.6045
83	84	8837.033	11162.811
83	85	8930.723	11127.319
83	89	8877.812	11030.13
83	90	8899.649	11053.492
83	93	8877.814	11023.631
83	95	8847.322	11027.1455
83	96	8864.851	11147.719
83	97	8924.635	11141.371
83	104	8865.22	11167.186
83	106	8923.3545	11048.862
83	107	8899.293	11052.538
83	110	8921.676	11146.819
83	111	8880.619	11127.097
83	112	8861.99	11032.102
84	2	8866.272	11095.789
84	14	8810.842	11137.541
84	23	8842.4	11146.669
84	25	8810.754	11143.888
84	26	8875.097	11127.139
84	27	8864.767	11142.491
84	28	8885.7705	11127.473
84	30	8891.5205	11128.0625
84	32	8872.649	11037.159
84	34	8891.542	11106.597
84	36	8887.363	11096.993
84	38	8907.385	11073.33
84	39	8907.342	11085.133
84	40	8907.921	11064.183
84	42	8919.021	11099.475
84	43	8894.008	11127.877
84	44	8919.603	11099.822
84	45	8908.604	11056.629
84	46	8917.322	11126.79
84	48	8862.072	11035.987
84	49	8920.105	11127.38
84	50	8853.153	11050.263
84	51	8867.614	11091.284
84	55	8856.774	11035.181
84	56	8910.448	11142.473
84	58	8847.127	11050.2295
84	60	8868.537	11091.356
84	61	8840.733	11050.231
84	64	8916.066	11141.439
84	65	8846.226	11036.153
84	67	8925.641	11127.177
84	69	8913.313	11142.199
84	76	8856.837	11031.775
84	80	8921.287	11141.306
84	82	8877.837	11033.243
84	83	8877.571	11036.6045
84	84	8837.033	11162.811
84	85	8930.723	11127.319
84	89	8877.812	11030.13
84	93	8877.814	11023.631
84	96	8864.851	11147.719
84	97	8924.635	11141.371
84	104	8865.22	11167.186
84	106	8923.186	11048.859
84	110	8921.676	11146.819
84	111	8880.619	11127.097
85	2	8866.799	11095.792
85	14	8810.842	11137.541
85	23	8842.4	11146.669
85	25	8810.754	11143.888
85	26	8875.097	11127.139
85	27	8864.767	11142.491
85	28	8885.7705	11127.473
85	30	8891.5205	11128.0625
85	32	8872.649	11037.159
85	34	8890.692	11106.928
85	36	8887.3955	11097.134
85	38	8907.379	11073.706
85	39	8907.328	11085.485
85	40	8907.92	11064.378
85	42	8919.014	11099.604
85	43	8894.008	11127.877
85	44	8919.578	11099.985
85	45	8908.586	11056.62
85	46	8917.322	11126.79
85	48	8862.072	11035.987
85	49	8920.105	11127.38
85	50	8853.153	11050.263
85	51	8867.613	11091.272
85	55	8856.774	11035.181
85	56	8910.448	11142.473
85	58	8847.127	11050.2295
85	60	8868.536	11091.349
85	61	8840.733	11050.231
85	64	8916.066	11141.439
85	65	8846.226	11036.153
85	67	8925.641	11127.177
85	69	8913.313	11142.199
85	80	8921.287	11141.306
85	82	8877.837	11033.243
85	83	8877.571	11036.6045
85	84	8837.033	11162.811
85	85	8930.723	11127.319
85	89	8877.812	11030.13
85	93	8877.814	11023.631
85	96	8864.851	11147.719
85	97	8924.635	11141.371
85	104	8865.22	11167.186
85	106	8922.949	11048.858
85	110	8921.676	11146.819
85	111	8880.619	11127.097
86	2	8867.3125	11095.796
86	14	8810.842	11137.541
86	23	8842.4	11146.669
86	25	8810.754	11143.888
86	26	8875.097	11127.139
86	27	8864.767	11142.491
86	28	8885.7705	11127.473
86	30	8891.5205	11128.0625
86	32	8872.649	11037.159
86	34	8889.842	11107.224
86	36	8887.418	11097.292
86	38	8907.385	11074.091
86	39	8907.326	11085.836
86	40	8907.918	11064.565
86	42	8918.993	11099.743
86	43	8894.008	11127.877
86	44	8919.566	11100.108
86	45	8908.578	11056.637
86	46	8917.322	11126.79
86	49	8920.105	11127.38
86	50	8853.153	11050.263
86	51	8867.605	11091.257
86	55	8856.774	11035.181
86	56	8910.448	11142.473
86	58	8847.127	11050.2295
86	60	8868.553	11091.327
86	61	8840.733	11050.231
86	64	8916.066	11141.439
86	65	8846.226	11036.153
86	67	8925.641	11127.177
86	69	8913.313	11142.199
86	75	8841.565	11036.945
86	80	8921.287	11141.306
86	82	8877.837	11033.243
86	83	8877.571	11036.6045
86	84	8837.033	11162.811
86	85	8930.723	11127.319
86	89	8877.812	11030.13
86	93	8877.814	11023.631
86	95	8846.885	11026.975
86	96	8864.851	11147.719
86	97	8924.635	11141.371
86	104	8865.22	11167.186
86	106	8922.689	11048.88
86	110	8921.676	11146.819
86	111	8880.619	11127.097
87	2	8867.813	11095.8
87	14	8810.842	11137.541
87	23	8842.4	11146.669
87	25	8810.754	11143.888
87	26	8875.097	11127.139
87	27	8864.767	11142.491
87	28	8885.7705	11127.473
87	30	8891.5205	11128.0625
87	32	8872.649	11037.159
87	34	8888.967	11107.487
87	36	8887.454	11097.482
87	38	8907.372	11074.439
87	39	8907.311	11086.187
87	40	8907.911	11064.795
87	42	8918.99	11099.886
87	43	8894.008	11127.877
87	44	8919.55	11100.247
87	45	8908.571	11056.671
87	46	8917.322	11126.79
87	48	8862.072	11035.987
87	49	8920.105	11127.38
87	50	8853.153	11050.263
87	51	8867.611	11091.259
87	55	8856.774	11035.181
87	56	8910.448	11142.473
87	58	8847.127	11050.2295
87	60	8868.562	11091.341
87	61	8840.733	11050.231
87	64	8916.066	11141.439
87	65	8846.226	11036.153
87	67	8925.641	11127.177
87	69	8913.313	11142.199
87	75	8841.565	11036.945
87	80	8921.287	11141.306
87	82	8877.837	11033.243
87	83	8877.571	11036.6045
87	84	8837.033	11162.811
87	85	8930.723	11127.319
87	89	8877.812	11030.13
87	96	8864.851	11147.719
87	97	8924.635	11141.371
87	104	8865.22	11167.186
87	106	8922.376	11048.873
87	110	8921.676	11146.819
87	111	8880.619	11127.097
87	112	8861.99	11032.102
87	113	8891.313	11024.7295
88	2	8868.303	11095.802
88	14	8810.842	11137.541
88	23	8842.4	11146.669
88	25	8810.754	11143.888
88	26	8875.097	11127.139
88	27	8864.767	11142.491
88	28	8885.7705	11127.473
88	30	8891.5205	11128.0625
88	32	8872.649	11037.159
88	34	8888.077	11107.713
88	36	8887.494	11097.65
88	38	8907.339	11074.85
88	39	8907.304	11086.562
88	40	8907.913	11065.019
88	42	8918.964	11100.014
88	43	8894.008	11127.877
88	44	8919.533	11100.361
88	45	8908.57	11056.704
88	46	8917.322	11126.79
88	48	8862.072	11035.987
88	49	8920.105	11127.38
88	50	8853.153	11050.263
88	51	8867.61	11091.265
88	56	8910.448	11142.473
88	58	8847.127	11050.2295
88	60	8868.582	11091.326
88	61	8840.733	11050.231
88	64	8916.066	11141.439
88	65	8846.226	11036.153
88	67	8925.641	11127.177
88	69	8913.313	11142.199
88	75	8841.565	11036.945
88	80	8921.287	11141.306
88	82	8877.837	11033.243
88	83	8877.571	11036.6045
88	84	8837.033	11162.811
88	85	8930.723	11127.319
88	89	8877.812	11030.13
88	96	8864.851	11147.719
88	97	8924.635	11141.371
88	104	8865.22	11167.186
88	106	8922.077	11048.857
88	110	8921.676	11146.819
88	111	8880.619	11127.097
88	112	8861.99	11032.102
88	113	8891.31	11024.738
89	2	8868.781	11095.805
89	14	8810.842	11137.541
89	23	8842.4	11146.669
89	25	8810.754	11143.888
89	26	8875.097	11127.139
89	27	8864.767	11142.491
89	28	8885.7705	11127.473
89	30	8891.5205	11128.0625
89	32	8872.649	11037.159
89	34	8887.175	11107.915
89	36	8887.515	11097.834
89	38	8907.327	11075.211
89	39	8907.293	11086.912
89	40	8907.914	11065.251
89	42	8918.941	11100.164
89	43	8894.008	11127.877
89	44	8919.526	11100.508
89	45	8908.563	11056.714
89	46	8917.322	11126.79
89	48	8862.072	11035.987
89	49	8920.105	11127.38
89	50	8853.153	11050.263
89	51	8867.63	11091.284
89	55	8856.774	11035.181
89	58	8847.127	11050.2295
89	60	8868.578	11091.344
89	61	8840.733	11050.231
89	64	8916.066	11141.439
89	65	8846.226	11036.153
89	67	8925.641	11127.177
89	69	8913.313	11142.199
89	75	8841.565	11036.945
89	80	8921.287	11141.306
89	82	8877.837	11033.243
89	83	8877.571	11036.6045
89	84	8837.033	11162.811
89	85	8930.723	11127.319
89	89	8877.812	11030.13
89	93	8877.814	11023.631
89	96	8864.851	11147.719
89	97	8924.635	11141.371
89	104	8865.22	11167.186
89	106	8921.7295	11048.85
89	110	8921.676	11146.819
89	111	8880.619	11127.097
89	113	8891.232	11024.7
89	114	8899.081	11053.563
89	115	8856.736	11031.754
89	116	8898.72	11052.581
90	2	8869.248	11095.806
90	14	8810.842	11137.541
90	23	8842.4	11146.669
90	25	8810.754	11143.888
90	26	8875.097	11127.139
90	27	8864.767	11142.491
90	28	8885.7705	11127.473
90	30	8891.5205	11128.0625
90	32	8872.649	11037.159
90	34	8886.26	11108.079
90	36	8887.55	11098.023
90	38	8907.316	11075.564
90	39	8907.279	11087.289
90	40	8907.912	11065.486
90	42	8918.9375	11100.316
90	43	8894.008	11127.877
90	44	8919.493	11100.646
90	45	8908.557	11056.739
90	46	8917.322	11126.79
90	48	8862.072	11035.987
90	49	8920.105	11127.38
90	50	8853.153	11050.263
90	51	8867.625	11091.299
90	55	8856.774	11035.181
90	58	8847.127	11050.2295
90	60	8868.568	11091.33
90	61	8840.733	11050.231
90	64	8916.066	11141.439
90	65	8846.226	11036.153
90	67	8925.641	11127.177
90	69	8913.313	11142.199
90	80	8921.287	11141.306
90	82	8877.837	11033.243
90	83	8877.571	11036.6045
90	84	8837.033	11162.811
90	85	8930.723	11127.319
90	89	8877.812	11030.13
90	96	8864.851	11147.719
90	97	8924.635	11141.371
90	104	8865.22	11167.186
90	106	8921.347	11048.85
90	110	8921.676	11146.819
90	111	8880.619	11127.097
90	112	8861.99	11032.102
90	113	8891.313	11024.727
90	114	8899.005	11053.599
90	115	8856.736	11031.754
90	116	8898.589	11052.567
