0	1	-848.6277	1393.7135
0	2	-845.3402	1348.4993
0	3	-848.6617	1387.4404
0	4	-845.34155	1334.8627
0	5	-899.1703	1381.4945
0	6	-782.99457	1372.1453
0	8	-773.8962	1349.8055
0	9	-826.496	1367.0978
0	10	-828.5452	1377.0488
0	11	-800.4464	1349.6165
0	12	-821.69183	1324.0858
0	13	-818.6199	1323.2756
0	14	-815.4208	1322.9257
0	15	-812.0255	1322.7766
0	16	-816.9352	1412.767
0	17	-885.90796	1381.6603
0	18	-776.2476	1358.5247
0	28	-826.9516	1322.6969
1	1	-848.6344	1393.5042
1	2	-845.30707	1349.1658
1	3	-848.6628	1387.235
1	4	-845.33575	1335.3344
1	5	-899.20746	1381.5026
1	6	-783.94	1372.108
1	8	-774.05817	1349.812
1	9	-826.496	1367.0978
1	10	-828.5407	1377.0438
1	11	-800.43555	1349.6025
1	12	-821.69183	1324.0858
1	13	-818.6199	1323.2756
1	14	-815.4208	1322.9257
1	15	-812.0255	1322.7766
1	16	-816.9352	1412.767
1	17	-885.90796	1381.6603
1	18	-774.98456	1358.6323
1	28	-826.9516	1322.6969
2	1	-848.63574	1393.2957
2	2	-845.279	1349.8112
2	3	-848.6568	1387.0167
2	4	-845.32477	1335.8228
2	5	-899.2647	1381.5045
2	6	-784.89484	1372.0623
2	7	-750.229	1374.1384
2	8	-774.22437	1349.816
2	9	-826.49603	1367.0979
2	10	-828.536	1377.0504
2	11	-800.4375	1349.6168
2	12	-821.69183	1324.0858
2	13	-818.6199	1323.2756
2	14	-815.4208	1322.9257
2	15	-812.0255	1322.7766
2	16	-816.9352	1412.767
2	17	-885.90796	1381.6603
2	18	-773.6692	1358.722
2	28	-826.9516	1322.6969
3	1	-848.6351	1393.0658
3	2	-845.2471	1350.505
3	3	-848.6575	1386.7961
3	4	-845.3229	1336.3193
3	5	-899.3062	1381.5067
3	6	-785.8263	1372.0142
3	7	-751.2381	1374.091
3	8	-774.39044	1349.8164
3	9	-826.49603	1367.0979
3	10	-828.53143	1377.0436
3	11	-800.4391	1349.6177
3	12	-821.69183	1324.0858
3	13	-818.6199	1323.2756
3	14	-815.4208	1322.9257
3	15	-812.0255	1322.7766
3	16	-816.9352	1412.767
3	17	-885.90796	1381.6603
3	18	-772.353	1358.817
4	1	-848.6277	1392.8401
4	2	-845.2134	1351.2026
4	3	-848.65656	1386.5698
4	4	-845.30914	1336.8528
4	5	-899.3259	1381.4943
4	6	-786.7673	1371.9739
4	7	-751.6908	1374.0942
4	8	-774.5548	1349.8185
4	9	-826.49603	1367.0979
4	10	-828.527	1377.0402
4	11	-800.4347	1349.6064
4	12	-821.69183	1324.0858
4	13	-818.6199	1323.2756
4	14	-815.4208	1322.9257
4	15	-812.0255	1322.7766
4	16	-816.9352	1412.767
4	17	-885.90796	1381.6603
4	18	-771.05676	1358.9166
5	1	-848.6297	1392.6178
5	2	-845.18384	1351.9069
5	3	-848.65533	1386.3514
5	4	-845.30444	1337.3789
5	5	-899.2963	1381.4905
5	6	-787.6616	1371.9355
5	7	-753.3115	1373.983
5	8	-774.7237	1349.8181
5	9	-826.49615	1367.0979
5	10	-828.54376	1377.0476
5	11	-800.4317	1349.6058
5	12	-821.69183	1324.0858
5	13	-818.6199	1323.2756
5	14	-815.4208	1322.9257
5	15	-812.0255	1322.7766
5	16	-816.9352	1412.767
5	17	-885.90796	1381.6603
5	18	-769.7774	1359.0225
6	1	-848.62823	1392.3824
6	2	-845.1517	1352.6001
6	3	-848.6636	1386.1205
6	4	-845.2949	1337.9241
6	5	-899.2423	1381.4894
6	6	-788.5612	1371.8945
6	7	-754.3924	1373.9337
6	8	-774.89	1349.8273
6	9	-826.49615	1367.0979
6	10	-828.5452	1377.0413
6	11	-800.43536	1349.6108
6	12	-821.69183	1324.0858
6	13	-818.6199	1323.2756
6	14	-815.4208	1322.9257
6	15	-812.0255	1322.7766
6	16	-816.9352	1412.767
6	17	-885.90796	1381.6603
6	18	-768.447	1359.1292
7	1	-848.63104	1392.1372
7	2	-845.1327	1353.3097
7	3	-848.66626	1385.8848
7	4	-845.28735	1338.4907
7	5	-899.2005	1381.4973
7	6	-789.4127	1371.8553
7	7	-755.4732	1373.9053
7	8	-775.0472	1349.8312
7	9	-826.4961	1367.0977
7	10	-828.53735	1377.0421
7	11	-800.4351	1349.6177
7	12	-821.69183	1324.0858
7	13	-818.6199	1323.2756
7	14	-815.4208	1322.9257
7	15	-812.0255	1322.7766
7	16	-816.9352	1412.767
7	17	-885.90796	1381.6603
7	18	-767.14667	1359.2358
8	1	-848.6217	1391.8967
8	2	-845.0872	1354.0555
8	3	-848.66364	1385.6567
8	4	-845.2776	1339.0582
8	5	-899.1509	1381.5001
8	6	-790.2631	1371.8127
8	7	-756.50854	1373.8241
8	8	-775.21545	1349.8369
8	9	-826.49603	1367.0979
8	10	-828.53735	1377.0387
8	11	-800.43195	1349.615
8	12	-821.69183	1324.0858
8	13	-818.6199	1323.2756
8	14	-815.4208	1322.9257
8	15	-812.0255	1322.7766
8	16	-816.9352	1412.767
8	17	-885.90796	1381.6603
8	18	-765.8475	1359.3372
9	1	-848.6221	1391.6604
9	2	-845.04517	1354.8743
9	3	-848.662	1385.411
9	4	-845.2638	1339.6504
9	5	-899.0954	1381.5026
9	6	-791.138	1371.7732
9	7	-757.5323	1373.7725
9	8	-775.38184	1349.8458
9	9	-826.496	1367.0979
9	10	-828.5295	1377.0388
9	11	-800.4579	1349.6248
9	12	-821.69183	1324.0858
9	13	-818.6199	1323.2756
9	14	-815.4208	1322.9257
9	15	-812.0255	1322.7766
9	16	-816.9352	1412.767
9	17	-885.90796	1381.6603
9	18	-764.5422	1359.44
9	19	-903.39276	1361.2426
10	1	-848.6263	1391.4303
10	2	-845.0342	1355.5111
10	3	-848.6656	1385.1707
10	4	-845.25146	1340.2513
10	5	-899.0577	1381.5061
10	6	-791.97833	1371.7407
10	7	-758.55054	1373.7446
10	8	-775.55554	1349.8561
10	9	-826.49585	1367.0978
10	10	-828.54047	1377.0367
10	11	-800.4296	1349.6123
10	12	-821.69183	1324.0858
10	13	-818.6199	1323.2756
10	14	-815.4208	1322.9257
10	15	-812.0255	1322.7766
10	16	-816.9352	1412.767
10	17	-885.90796	1381.6603
10	18	-763.27	1359.5309
10	19	-902.46643	1361.1763
11	1	-848.6122	1391.1948
11	2	-845.007	1356.2411
11	3	-848.6654	1384.9269
11	4	-845.2311	1340.8839
11	5	-899.08405	1381.4983
11	6	-792.7939	1371.6993
11	7	-759.48505	1373.6931
11	8	-775.7163	1349.867
11	9	-826.49585	1367.0978
11	10	-828.5446	1377.0457
11	11	-800.4568	1349.6322
11	12	-821.69183	1324.0858
11	13	-818.6199	1323.2756
11	14	-815.4208	1322.9257
11	15	-812.0255	1322.7766
11	16	-816.9352	1412.767
11	17	-885.90796	1381.6603
11	18	-761.96716	1359.6694
11	19	-901.5588	1361.2194
12	1	-848.6111	1390.9542
12	2	-844.98334	1356.9745
12	3	-848.6654	1384.6827
12	4	-845.2169	1341.5184
12	5	-899.10657	1381.4915
12	6	-793.5877	1371.6669
12	7	-760.4546	1373.6547
12	8	-775.88306	1349.8785
12	9	-826.4959	1367.0977
12	10	-828.53656	1377.0385
12	11	-800.42706	1349.6096
12	12	-821.69183	1324.0858
12	13	-818.6199	1323.2756
12	14	-815.4208	1322.9257
12	15	-812.0255	1322.7766
12	16	-816.9352	1412.767
12	17	-885.90796	1381.6603
12	18	-760.6071	1359.7618
12	19	-900.70404	1361.1919
13	1	-848.60516	1390.7162
13	2	-844.96136	1357.7288
13	3	-848.6639	1384.4471
13	4	-845.1926	1342.154
13	5	-899.17126	1381.492
13	6	-794.3738	1371.6425
13	7	-761.43036	1373.6088
13	8	-776.04193	1349.894
13	9	-826.4959	1367.0977
13	10	-828.53815	1377.04
13	11	-800.42694	1349.6136
13	12	-821.69183	1324.0858
13	13	-818.6199	1323.2756
13	14	-815.4208	1322.9257
13	15	-812.0255	1322.7766
13	16	-816.9352	1412.767
13	17	-885.90796	1381.6603
13	18	-759.2953	1359.8734
13	19	-899.84454	1361.1772
14	1	-848.6031	1390.4694
14	2	-844.93756	1358.4626
14	3	-848.66364	1384.2026
14	4	-845.1805	1342.7955
14	5	-899.2064	1381.5109
14	6	-795.17883	1371.5958
14	7	-762.33936	1373.5732
14	8	-776.1981	1349.913
14	9	-826.4959	1367.0975
14	10	-828.5325	1377.0433
14	11	-800.4287	1349.6136
14	12	-821.69183	1324.0858
14	13	-818.6199	1323.2756
14	14	-815.4208	1322.9257
14	15	-812.0255	1322.7766
14	16	-816.9352	1412.767
14	17	-885.90796	1381.6603
14	18	-757.99756	1359.9862
14	19	-898.9735	1361.1622
15	1	-848.598	1390.2179
15	2	-844.91925	1359.214
15	3	-848.6585	1383.9624
15	4	-845.1533	1343.49
15	5	-899.24774	1381.5289
15	6	-795.9401	1371.5693
15	7	-763.22	1373.5411
15	8	-776.3672	1349.9343
15	9	-826.496	1367.0978
15	10	-828.52875	1377.0425
15	11	-800.43274	1349.612
15	12	-821.69183	1324.0858
15	13	-818.6199	1323.2756
15	14	-815.4208	1322.9257
15	15	-812.0255	1322.7766
15	16	-816.9352	1412.767
15	17	-885.90796	1381.6603
15	18	-756.6728	1360.0934
15	19	-898.1282	1361.173
16	1	-848.60004	1389.9677
16	2	-844.9044	1359.9733
16	3	-848.6671	1383.7184
16	4	-845.13196	1344.1663
16	5	-899.2619	1381.5255
16	6	-796.6909	1371.5353
16	7	-764.1293	1373.4801
16	8	-776.5352	1349.9519
16	9	-826.496	1367.0979
16	10	-828.5385	1377.0466
16	11	-800.42444	1349.6042
16	12	-821.69183	1324.0858
16	13	-818.6199	1323.2756
16	14	-815.4208	1322.9257
16	15	-812.0255	1322.7766
16	16	-816.9352	1412.767
16	17	-885.90796	1381.6603
16	18	-755.35736	1360.2253
16	19	-897.3405	1361.1945
17	1	-848.5956	1389.7185
17	2	-844.904	1360.7012
17	3	-848.6675	1383.4813
17	4	-845.1149	1344.8655
17	5	-899.2676	1381.5334
17	6	-797.4272	1371.4973
17	7	-765.01843	1373.4482
17	8	-776.7073	1349.9745
17	9	-826.4958	1367.0978
17	10	-828.5399	1377.0431
17	11	-800.43414	1349.6069
17	12	-821.69183	1324.0858
17	13	-818.6199	1323.2756
17	14	-815.4208	1322.9257
17	15	-812.0255	1322.7766
17	16	-816.9352	1412.767
17	17	-885.90796	1381.6603
17	18	-754.0646	1360.3698
17	19	-896.54395	1361.1543
18	1	-848.59393	1389.4727
18	2	-844.88983	1361.4667
18	3	-848.6635	1383.2423
18	4	-845.0853	1345.5775
18	5	-899.2791	1381.5388
18	6	-798.1391	1371.4712
18	7	-765.91815	1373.3982
18	8	-776.8577	1349.9988
18	9	-826.49585	1367.0977
18	10	-828.53876	1377.0426
18	11	-800.42267	1349.613
18	12	-821.69183	1324.0858
18	13	-818.6199	1323.2756
18	14	-815.4208	1322.9257
18	15	-812.0255	1322.7766
18	16	-816.9352	1412.767
18	17	-885.90796	1381.6603
18	18	-752.7467	1360.4567
18	19	-895.7271	1361.1722
19	1	-848.58295	1389.2288
19	2	-844.871	1362.229
19	3	-848.66614	1383.0065
19	4	-845.0733	1346.285
19	5	-899.2925	1381.5304
19	6	-798.8527	1371.4346
19	7	-766.75	1373.3654
19	8	-777.017	1350.0245
19	9	-826.4959	1367.0978
19	10	-828.5392	1377.0438
19	11	-800.42804	1349.6113
19	12	-821.69183	1324.0858
19	13	-818.6199	1323.2756
19	14	-815.4208	1322.9257
19	15	-812.0255	1322.7766
19	16	-816.9352	1412.767
19	17	-885.90796	1381.6603
19	18	-751.40967	1360.598
19	19	-894.9978	1361.1661
20	1	-848.5833	1388.9957
20	2	-844.8488	1363.0039
20	3	-848.66	1382.7694
20	4	-845.05	1347.0161
20	5	-899.3401	1381.5316
20	6	-799.5673	1371.4071
20	7	-767.60114	1373.3168
20	8	-777.1817	1350.0518
20	9	-826.496	1367.0979
20	10	-828.5335	1377.044
20	11	-800.4548	1349.6255
20	12	-821.69183	1324.0858
20	13	-818.6199	1323.2756
20	14	-815.4208	1322.9257
20	15	-812.0255	1322.7766
20	16	-816.9352	1412.767
20	17	-885.90796	1381.6603
20	18	-750.0368	1360.7229
20	19	-894.2538	1361.1697
21	1	-848.5782	1388.7542
21	2	-844.8321	1363.7991
21	3	-848.66	1382.5333
21	4	-845.0214	1347.7551
21	5	-899.3232	1381.5149
21	6	-800.22784	1371.3767
21	7	-768.44006	1373.2758
21	8	-777.3584	1350.0808
21	9	-826.4959	1367.0978
21	10	-828.53534	1377.0405
21	11	-800.42316	1349.5957
21	12	-821.69183	1324.0858
21	13	-818.6199	1323.2756
21	14	-815.4208	1322.9257
21	15	-812.0255	1322.7766
21	16	-816.9352	1412.767
21	17	-885.90796	1381.6603
21	19	-893.5122	1361.1799
22	1	-848.5696	1388.513
22	2	-844.8335	1364.5679
22	3	-848.6635	1382.2924
22	4	-845.00336	1348.4897
22	5	-899.3115	1381.5133
22	6	-800.92883	1371.3495
22	7	-769.28705	1373.234
22	8	-777.5114	1350.1117
22	9	-826.49585	1367.0978
22	10	-828.5367	1377.04
22	11	-800.41943	1349.5967
22	12	-821.69183	1324.0858
22	13	-818.6199	1323.2756
22	14	-815.4208	1322.9257
22	15	-812.0255	1322.7766
22	16	-816.9352	1412.767
22	17	-885.90796	1381.6603
22	19	-892.8095	1361.1896
22	20	-751.4849	1375.3596
23	1	-848.5712	1388.2715
23	2	-844.82025	1365.3778
23	3	-848.6672	1382.0609
23	4	-844.98126	1349.241
23	5	-899.2967	1381.5104
23	6	-801.5837	1371.3204
23	7	-770.1063	1373.197
23	8	-777.67957	1350.1416
23	9	-826.4957	1367.0978
23	10	-828.54175	1377.0422
23	11	-800.4319	1349.6078
23	12	-821.69183	1324.0858
23	13	-818.6199	1323.2756
23	14	-815.4208	1322.9257
23	15	-812.0255	1322.7766
23	16	-816.9352	1412.767
23	17	-885.90796	1381.6603
23	19	-892.1097	1361.1924
23	20	-752.7351	1375.586
24	1	-848.57104	1388.0178
24	2	-844.8147	1366.1586
24	3	-848.66864	1381.8243
24	4	-844.9469	1349.9741
24	5	-899.2522	1381.5089
24	6	-802.24713	1371.2965
24	7	-770.903	1373.1522
24	8	-777.84705	1350.1733
24	9	-826.4957	1367.0979
24	10	-828.539	1377.0396
24	11	-800.45764	1349.627
24	12	-821.69183	1324.0858
24	13	-818.6199	1323.2756
24	14	-815.4208	1322.9257
24	15	-812.0255	1322.7766
24	16	-816.9352	1412.767
24	17	-885.90796	1381.6603
24	19	-891.43256	1361.1881
24	20	-754.02686	1375.5254
25	1	-848.5773	1387.7708
25	2	-844.812	1366.9553
25	3	-848.67487	1381.5796
25	4	-844.9295	1350.741
25	5	-899.2511	1381.5168
25	6	-802.8968	1371.2692
25	7	-771.70776	1373.1113
25	8	-778.0199	1350.1984
25	9	-826.4958	1367.0979
25	10	-828.53766	1377.0433
25	11	-800.4291	1349.6039
25	12	-821.69183	1324.0858
25	13	-818.6199	1323.2756
25	14	-815.4208	1322.9257
25	15	-812.0255	1322.7766
25	16	-816.9352	1412.767
25	17	-885.90796	1381.6603
25	19	-890.8267	1361.198
25	20	-755.3168	1375.626
26	1	-848.5738	1387.5181
26	2	-844.811	1367.7688
26	3	-848.675	1381.3354
26	4	-844.88293	1351.5233
26	5	-899.26215	1381.5139
26	6	-803.5415	1371.2424
26	7	-772.49097	1373.1024
26	8	-778.1863	1350.2292
26	9	-826.49567	1367.0979
26	10	-828.5384	1377.042
26	11	-800.42334	1349.6035
26	12	-821.69183	1324.0858
26	13	-818.6199	1323.2756
26	14	-815.4208	1322.9257
26	15	-812.0255	1322.7766
26	16	-816.9352	1412.767
26	17	-885.90796	1381.6603
26	19	-890.1843	1361.1993
26	20	-756.5335	1375.6481
27	1	-848.56744	1387.2518
27	2	-844.7977	1368.5742
27	3	-848.6812	1381.0911
27	4	-844.879	1352.2582
27	5	-899.2839	1381.5138
27	6	-804.1508	1371.2173
27	7	-773.27563	1373.0406
27	8	-778.3429	1350.258
27	9	-826.4956	1367.0979
27	10	-828.5335	1377.0461
27	11	-800.4209	1349.6094
27	12	-821.69183	1324.0858
27	13	-818.6199	1323.2756
27	14	-815.4208	1322.9257
27	15	-812.0255	1322.7766
27	17	-885.90796	1381.6603
27	19	-889.5506	1361.1941
27	20	-757.7945	1375.6989
27	21	-816.9598	1412.9163
28	1	-848.56903	1387.0089
28	2	-844.79126	1369.3937
28	3	-848.68024	1380.8451
28	4	-844.8324	1353.0482
28	5	-899.30383	1381.52
28	6	-804.78455	1371.1893
28	7	-774.0441	1373.0192
28	8	-778.5071	1350.2896
28	9	-826.4956	1367.0979
28	10	-828.52716	1377.0465
28	11	-800.42126	1349.6008
28	12	-821.69183	1324.0858
28	13	-818.6199	1323.2756
28	14	-815.4208	1322.9257
28	15	-812.0255	1322.7766
28	17	-885.90796	1381.6603
28	19	-888.9131	1361.1975
28	20	-759.0436	1375.6849
28	21	-816.9598	1412.9163
29	1	-848.5739	1386.7556
29	2	-844.7842	1370.2157
29	3	-848.67725	1380.5963
29	4	-844.8075	1353.8025
29	5	-899.31824	1381.5282
29	6	-805.428	1371.1597
29	7	-774.84045	1372.9629
29	8	-778.6651	1350.3169
29	9	-826.49554	1367.0978
29	10	-828.53735	1377.0424
29	11	-800.431	1349.6029
29	12	-821.69183	1324.0858
29	13	-818.6199	1323.2756
29	14	-815.4208	1322.9257
29	15	-812.0255	1322.7766
29	17	-885.90796	1381.6603
29	19	-888.3313	1361.2023
29	20	-760.22754	1375.7095
29	21	-816.9598	1412.9163
29	24	-883.52264	1386.639
30	1	-848.5706	1386.509
30	2	-844.77856	1371.0482
30	3	-848.6828	1380.354
30	4	-844.7769	1354.567
30	5	-899.31665	1381.527
30	6	-806.015	1371.135
30	7	-775.6187	1372.9271
30	8	-778.8302	1350.3474
30	9	-826.49536	1367.098
30	10	-828.5332	1377.0454
30	11	-800.4312	1349.6116
30	12	-821.69183	1324.0858
30	13	-818.6199	1323.2756
30	14	-815.4208	1322.9257
30	15	-812.0255	1322.7766
30	17	-885.90796	1381.6603
30	19	-887.71985	1361.1973
30	20	-761.45966	1375.7437
30	21	-816.9598	1412.9163
30	24	-883.53687	1386.6456
31	1	-848.5771	1386.2559
31	2	-844.7637	1371.8729
31	3	-848.6893	1380.1105
31	4	-844.7427	1355.4136
31	5	-899.3398	1381.5366
31	6	-806.62024	1371.0991
31	7	-776.3411	1372.8972
31	8	-778.9942	1350.3771
31	9	-826.49536	1367.098
31	10	-828.53864	1377.0444
31	11	-800.431	1349.6042
31	12	-821.69183	1324.0858
31	13	-818.6199	1323.2756
31	14	-815.4208	1322.9257
31	15	-812.0255	1322.7766
31	17	-885.90796	1381.6603
31	19	-887.1412	1361.2078
31	20	-762.65015	1375.7273
31	21	-816.9598	1412.9163
31	24	-883.54596	1386.6664
32	1	-848.58496	1385.9921
32	2	-844.7614	1372.7013
32	3	-848.69354	1379.8611
32	4	-844.727	1356.1658
32	5	-899.3583	1381.5387
32	6	-807.2171	1371.0707
32	7	-777.0762	1372.8595
32	8	-779.14716	1350.4061
32	9	-826.4954	1367.098
32	10	-828.53186	1377.0463
32	11	-800.4376	1349.6074
32	12	-821.69183	1324.0858
32	13	-818.6199	1323.2756
32	14	-815.4208	1322.9257
32	15	-812.0255	1322.7766
32	17	-885.90796	1381.6603
32	19	-886.55414	1361.2018
32	20	-763.8222	1375.7544
32	21	-816.9598	1412.9163
32	24	-883.5447	1386.6534
33	1	-848.59546	1385.7438
33	2	-844.7558	1373.5464
33	3	-848.7038	1379.5996
33	4	-844.7014	1356.9489
33	5	-899.41254	1381.5366
33	6	-807.82666	1371.0356
33	7	-777.76764	1372.829
33	8	-779.30865	1350.4286
33	9	-826.49554	1367.0981
33	10	-828.5283	1377.0471
33	11	-800.4328	1349.6141
33	12	-821.69183	1324.0858
33	13	-818.6199	1323.2756
33	14	-815.4208	1322.9257
33	15	-812.0255	1322.7766
33	17	-885.90796	1381.6603
33	19	-886.0263	1361.1995
33	20	-764.9773	1375.784
33	21	-816.9598	1412.9163
33	24	-883.54486	1386.6575
34	1	-848.5919	1385.5065
34	2	-844.7564	1374.3875
34	3	-848.70374	1379.3578
34	4	-844.6723	1357.7365
34	5	-899.4248	1381.542
34	6	-808.411	1371.0094
34	7	-778.5113	1372.776
34	8	-779.4667	1350.4479
34	9	-826.4956	1367.098
34	10	-828.54694	1377.0471
34	11	-800.4548	1349.6163
34	12	-821.69183	1324.0858
34	13	-818.6199	1323.2756
34	14	-815.4208	1322.9257
34	15	-812.0255	1322.7766
34	17	-885.90796	1381.6603
34	19	-885.47784	1361.2052
34	20	-766.1346	1375.7706
34	21	-816.9598	1412.9163
34	24	-883.5363	1386.675
35	1	-848.5882	1385.2534
35	2	-844.7594	1375.2233
35	3	-848.70325	1379.1025
35	4	-844.64215	1358.531
35	5	-899.49475	1381.5311
35	6	-808.99286	1370.9778
35	7	-779.19116	1372.7499
35	8	-779.62616	1350.4688
35	9	-826.4956	1367.0981
35	10	-828.5334	1377.0446
35	11	-800.4308	1349.609
35	12	-821.69183	1324.0858
35	13	-818.6199	1323.2756
35	14	-815.4208	1322.9257
35	15	-812.0255	1322.7766
35	17	-885.90796	1381.6603
35	19	-884.9862	1361.2133
35	20	-767.2812	1375.7631
35	21	-816.9598	1412.9163
35	24	-883.55194	1386.6674
36	1	-848.5857	1384.9968
36	2	-844.7566	1376.0675
36	3	-848.6888	1378.852
36	4	-844.6053	1359.34
36	5	-899.63153	1381.5262
36	6	-809.57196	1370.9424
36	7	-779.86633	1372.7174
36	8	-779.78656	1350.4933
36	9	-826.4955	1367.0981
36	10	-828.5314	1377.0392
36	11	-800.4366	1349.6123
36	12	-821.69183	1324.0858
36	13	-818.6199	1323.2756
36	14	-815.4208	1322.9257
36	15	-812.0255	1322.7766
36	17	-885.90796	1381.6603
36	19	-884.4875	1361.1936
36	20	-768.47955	1375.7808
36	21	-816.9598	1412.9163
36	24	-883.5458	1386.6754
37	1	-848.58453	1384.7471
37	2	-844.76184	1376.9053
37	3	-848.6899	1378.597
37	4	-844.5801	1360.1313
37	5	-899.8326	1381.526
37	6	-810.13	1370.9108
37	7	-780.5608	1372.6787
37	8	-779.94946	1350.5183
37	9	-826.4954	1367.0981
37	10	-828.53467	1377.0425
37	11	-800.43414	1349.6117
37	12	-821.69183	1324.0858
37	13	-818.6199	1323.2756
37	14	-815.4208	1322.9257
37	15	-812.0255	1322.7766
37	17	-885.90796	1381.6603
37	19	-884.001	1361.193
37	20	-769.6286	1375.775
37	21	-816.9598	1412.9163
37	24	-883.54407	1386.6691
38	1	-848.58966	1384.4962
38	2	-844.76715	1377.729
38	3	-848.6957	1378.3558
38	4	-844.55646	1360.935
38	5	-900.1441	1381.5111
38	6	-810.67706	1370.8842
38	7	-781.23206	1372.6378
38	8	-780.1189	1350.5342
38	9	-826.4955	1367.0981
38	10	-828.53876	1377.043
38	11	-800.4328	1349.608
38	12	-821.69183	1324.0858
38	13	-818.6199	1323.2756
38	14	-815.4208	1322.9257
38	15	-812.0255	1322.7766
38	17	-885.90796	1381.6603
38	19	-883.5297	1361.1984
38	20	-770.75995	1375.7892
38	21	-816.9598	1412.9163
38	24	-883.53625	1386.7032
39	1	-848.5822	1384.2465
39	2	-844.7807	1378.5752
39	3	-848.70074	1378.09
39	4	-844.54016	1361.7354
39	5	-900.4308	1381.5603
39	6	-811.23517	1370.8577
39	7	-781.8858	1372.6008
39	8	-780.2702	1350.5564
39	9	-826.49554	1367.0981
39	10	-828.5375	1377.0436
39	11	-800.45935	1349.6259
39	12	-821.69183	1324.0858
39	13	-818.6199	1323.2756
39	14	-815.4208	1322.9257
39	15	-812.0255	1322.7766
39	17	-885.90796	1381.6603
39	19	-883.0668	1361.1952
39	20	-771.8926	1375.7524
39	21	-816.9598	1412.9163
39	24	-883.53937	1386.6947
40	1	-848.5838	1383.9882
40	2	-844.7836	1379.3871
40	3	-848.70856	1377.82
40	4	-844.5195	1362.5305
40	5	-900.8625	1381.5769
40	6	-811.75684	1370.8276
40	7	-782.54315	1372.5824
40	8	-780.4344	1350.5778
40	9	-826.4956	1367.098
40	10	-828.53674	1377.0442
40	11	-800.4331	1349.6132
40	12	-821.69183	1324.0858
40	13	-818.6199	1323.2756
40	14	-815.4208	1322.9257
40	15	-812.0255	1322.7766
40	17	-885.90796	1381.6603
40	19	-882.6217	1361.1995
40	20	-773.07477	1375.756
40	21	-816.9598	1412.9163
40	24	-883.5242	1386.7117
41	1	-848.59216	1383.71
41	2	-844.8004	1380.2085
41	3	-848.6948	1377.5502
41	4	-844.5053	1363.3363
41	5	-900.4975	1381.5771
41	6	-812.2755	1370.8022
41	7	-783.2155	1372.5537
41	8	-780.5957	1350.5944
41	9	-826.4956	1367.098
41	10	-828.5414	1377.0454
41	11	-800.422	1349.6056
41	12	-821.69183	1324.0858
41	13	-818.6199	1323.2756
41	14	-815.4208	1322.9257
41	15	-812.0255	1322.7766
41	17	-885.90796	1381.6603
41	19	-882.16095	1361.1984
41	20	-774.14667	1375.7242
41	21	-816.9598	1412.9163
41	24	-883.5139	1386.7411
42	1	-848.5906	1383.4056
42	2	-844.81915	1381.0276
42	3	-848.69073	1377.2845
42	4	-844.48914	1364.1389
42	5	-900.3007	1381.6117
42	6	-812.7846	1370.7745
42	7	-783.8495	1372.5115
42	8	-780.7511	1350.6108
42	9	-826.49554	1367.0981
42	10	-828.5328	1377.0394
42	11	-800.4266	1349.6095
42	12	-821.69183	1324.0858
42	13	-818.6199	1323.2756
42	14	-815.4208	1322.9257
42	15	-812.0255	1322.7766
42	17	-885.90796	1381.6603
42	19	-881.7167	1361.2063
42	20	-775.2713	1375.7162
42	21	-816.9598	1412.9163
42	24	-883.48065	1386.7822
43	1	-848.6007	1383.1244
43	2	-844.83167	1381.8484
43	3	-848.687	1376.999
43	4	-844.4926	1364.9514
43	5	-900.183	1381.6012
43	6	-813.27844	1370.7532
43	7	-784.49054	1372.4878
43	8	-780.91406	1350.6278
43	9	-826.49554	1367.0981
43	10	-828.54034	1377.0438
43	11	-800.449	1349.6299
43	12	-821.69183	1324.0858
43	13	-818.6199	1323.2756
43	14	-815.4208	1322.9257
43	15	-812.0255	1322.7766
43	17	-885.90796	1381.6603
43	19	-881.2929	1361.2146
43	20	-776.3986	1375.6838
43	21	-816.9598	1412.9163
44	1	-848.6105	1382.8248
44	2	-844.85504	1382.6729
44	3	-848.67444	1376.7067
44	4	-844.4839	1365.761
44	5	-900.08154	1381.5773
44	6	-813.78674	1370.7372
44	7	-785.1345	1372.4639
44	8	-781.0666	1350.6482
44	9	-826.4955	1367.098
44	10	-828.5439	1377.0414
44	11	-800.4191	1349.5956
44	12	-821.69183	1324.0858
44	13	-818.6199	1323.2756
44	14	-815.4208	1322.9257
44	15	-812.0255	1322.7766
44	17	-885.90796	1381.6603
44	19	-880.88275	1361.2223
44	20	-777.5099	1375.6873
44	21	-816.9598	1412.9163
44	24	-883.5182	1386.7167
45	1	-848.6297	1382.5188
45	2	-844.8814	1383.4841
45	3	-848.6579	1376.4124
45	4	-844.4584	1366.5826
45	5	-900.3514	1381.6167
45	6	-814.2515	1370.7162
45	7	-785.7851	1372.4286
45	8	-781.23535	1350.6696
45	9	-826.4955	1367.0981
45	10	-828.53925	1377.047
45	11	-800.4564	1349.6296
45	12	-821.69183	1324.0858
45	13	-818.6199	1323.2756
45	14	-815.4208	1322.9257
45	15	-812.0255	1322.7766
45	17	-885.90796	1381.6603
45	19	-880.4297	1361.2163
45	20	-778.59753	1375.6477
45	21	-816.9598	1412.9163
45	24	-883.5516	1386.6713
46	1	-848.6192	1382.2034
46	2	-844.9097	1384.2786
46	3	-848.6344	1376.1111
46	4	-844.4464	1367.4143
46	5	-899.8974	1381.5422
46	6	-814.72876	1370.6976
46	7	-786.41473	1372.3865
46	8	-781.41705	1350.6846
46	9	-826.4955	1367.098
46	10	-828.5407	1377.0427
46	11	-800.4488	1349.6249
46	12	-821.69183	1324.0858
46	13	-818.6199	1323.2756
46	14	-815.4208	1322.9257
46	15	-812.0255	1322.7766
46	17	-885.90796	1381.6603
46	19	-880.037	1361.2245
46	20	-779.7041	1375.627
46	21	-816.9598	1412.9163
47	1	-848.63513	1381.8839
47	2	-844.93335	1385.093
47	3	-848.6138	1375.8009
47	4	-844.43976	1368.2288
47	5	-899.83923	1381.5371
47	6	-815.1773	1370.6865
47	7	-787.0485	1372.3578
47	8	-781.5703	1350.7035
47	9	-826.4956	1367.0979
47	10	-828.53455	1377.0438
47	11	-800.428	1349.6077
47	12	-821.69183	1324.0858
47	13	-818.6199	1323.2756
47	14	-815.4208	1322.9257
47	15	-812.0255	1322.7766
47	17	-885.90796	1381.6603
47	19	-879.6223	1361.2231
47	20	-780.7849	1375.5935
47	21	-816.9598	1412.9163
48	1	-848.6325	1381.5541
48	2	-844.9635	1385.8932
48	3	-848.574	1375.4874
48	4	-844.4338	1369.056
48	5	-899.6403	1381.5397
48	6	-815.6181	1370.6741
48	7	-787.6459	1372.3239
48	8	-781.7391	1350.72
48	9	-826.4956	1367.098
48	10	-828.539	1377.0475
48	11	-800.4386	1349.6161
48	12	-821.69183	1324.0858
48	13	-818.6199	1323.2756
48	14	-815.4208	1322.9257
48	15	-812.0255	1322.7766
48	17	-885.90796	1381.6603
48	19	-879.20953	1361.2292
48	20	-781.8485	1375.5645
48	21	-816.9598	1412.9163
49	1	-848.62067	1381.2274
49	2	-844.9682	1386.6929
49	3	-848.5364	1375.159
49	4	-844.4363	1369.8763
49	5	-899.6504	1381.5392
49	6	-816.0484	1370.6592
49	7	-788.2751	1372.2961
49	8	-781.89484	1350.7361
49	9	-826.49567	1367.0979
49	10	-828.5469	1377.0491
49	11	-800.43604	1349.6177
49	12	-821.69183	1324.0858
49	13	-818.6199	1323.2756
49	14	-815.4208	1322.9257
49	15	-812.0255	1322.7766
49	17	-885.90796	1381.6603
49	19	-878.8117	1361.2289
49	20	-782.9039	1375.5347
49	21	-816.9598	1412.9163
50	1	-848.615	1380.8928
50	2	-844.99274	1387.5023
50	3	-848.4917	1374.8462
50	4	-844.43884	1370.6923
50	5	-899.716	1381.542
50	6	-816.46344	1370.6421
50	7	-788.8694	1372.2603
50	8	-782.0572	1350.7495
50	9	-826.4956	1367.098
50	10	-828.54614	1377.0464
50	11	-800.4417	1349.6223
50	12	-821.69183	1324.0858
50	13	-818.6199	1323.2756
50	14	-815.4208	1322.9257
50	15	-812.0255	1322.7766
50	17	-885.90796	1381.6603
50	19	-878.43304	1361.2228
50	20	-783.9218	1375.4913
50	21	-816.9598	1412.9163
51	1	-848.6204	1380.5638
51	2	-845.0001	1388.2848
51	3	-848.4294	1374.519
51	4	-844.4388	1371.5315
51	5	-899.6062	1381.5531
51	6	-816.86584	1370.6268
51	7	-789.4816	1372.2277
51	8	-782.24054	1350.7623
51	9	-826.49554	1367.0978
51	10	-828.53754	1377.0437
51	11	-800.44366	1349.6183
51	12	-821.69183	1324.0858
51	13	-818.6199	1323.2756
51	14	-815.4208	1322.9257
51	15	-812.0255	1322.7766
51	17	-885.90796	1381.6603
51	19	-878.07263	1361.2249
51	20	-784.99646	1375.4497
51	21	-816.9598	1412.9163
52	1	-848.6188	1380.2267
52	2	-845.0191	1389.068
52	3	-848.35	1374.181
52	4	-844.44604	1372.3458
52	5	-899.6079	1381.536
52	6	-817.26166	1370.6202
52	7	-790.0489	1372.2013
52	8	-782.404	1350.7736
52	9	-826.49554	1367.0977
52	10	-828.5355	1377.04
52	11	-800.44635	1349.6174
52	12	-821.69183	1324.0858
52	13	-818.6199	1323.2756
52	14	-815.4208	1322.9257
52	15	-812.0255	1322.7766
52	17	-885.90796	1381.6603
52	19	-877.68585	1361.2346
52	20	-785.98737	1375.4218
52	21	-816.9598	1412.9163
53	1	-848.6129	1379.8972
53	2	-845.0465	1389.8636
53	3	-848.27747	1373.8441
53	4	-844.4627	1373.1747
53	5	-899.54376	1381.5234
53	6	-817.665	1370.611
53	7	-790.63245	1372.1711
53	8	-782.5606	1350.7872
53	9	-826.49554	1367.0975
53	10	-828.545	1377.0465
53	11	-800.4366	1349.6193
53	12	-821.69183	1324.0858
53	13	-818.6199	1323.2756
53	14	-815.4208	1322.9257
53	15	-812.0255	1322.7766
53	17	-885.90796	1381.6603
53	19	-877.3101	1361.242
53	20	-787.055	1375.3701
53	21	-816.9598	1412.9163
53	27	-883.5357	1386.5232
54	1	-848.6153	1379.5618
54	2	-845.06934	1390.6367
54	3	-848.19293	1373.5062
54	4	-844.4666	1373.9987
54	5	-899.5161	1381.5339
54	6	-818.05475	1370.5964
54	7	-791.21136	1372.1414
54	8	-782.7172	1350.7991
54	9	-826.4955	1367.0977
54	10	-828.5342	1377.0419
54	11	-800.4403	1349.6191
54	12	-821.69183	1324.0858
54	13	-818.6199	1323.2756
54	14	-815.4208	1322.9257
54	15	-812.0255	1322.7766
54	17	-885.90796	1381.6603
54	19	-876.9526	1361.2395
54	20	-788.09174	1375.3184
54	21	-816.9598	1412.9163
55	1	-848.606	1379.2393
55	2	-845.0934	1391.4362
55	3	-848.1057	1373.1833
55	4	-844.478	1374.8425
55	5	-899.48615	1381.5258
55	6	-818.4217	1370.5787
55	7	-791.7912	1372.1035
55	8	-782.89716	1350.803
55	9	-826.49554	1367.0977
55	10	-828.5409	1377.0415
55	11	-800.4298	1349.6084
55	12	-821.69183	1324.0858
55	13	-818.6199	1323.2756
55	14	-815.4208	1322.9257
55	15	-812.0255	1322.7766
55	17	-885.90796	1381.6603
55	19	-876.65	1361.2426
55	20	-789.0902	1375.2778
55	21	-816.9598	1412.9163
55	27	-883.5785	1386.6454
56	1	-848.60614	1378.9019
56	2	-845.11633	1392.2292
56	3	-848.00714	1372.852
56	4	-844.4902	1375.6642
56	5	-899.5153	1381.5219
56	6	-818.7885	1370.5712
56	7	-792.33984	1372.0681
56	8	-783.0672	1350.8075
56	9	-826.4955	1367.0975
56	10	-828.54	1377.0442
56	11	-800.4383	1349.6195
56	12	-821.69183	1324.0858
56	13	-818.6199	1323.2756
56	14	-815.4208	1322.9257
56	15	-812.0255	1322.7766
56	17	-885.90796	1381.6603
56	19	-876.2929	1361.243
56	20	-790.0829	1375.2252
56	21	-816.9598	1412.9163
56	27	-883.5738	1386.6685
57	1	-848.6065	1378.5238
57	2	-845.141	1393.0164
57	3	-847.893	1372.5131
57	4	-844.501	1376.488
57	5	-899.50195	1381.5127
57	6	-819.1294	1370.5702
57	7	-792.8954	1372.0385
57	8	-783.2345	1350.8104
57	9	-826.49554	1367.0978
57	10	-828.5424	1377.0397
57	11	-800.4422	1349.6162
57	12	-821.69183	1324.0858
57	13	-818.6199	1323.2756
57	14	-815.4208	1322.9257
57	15	-812.0255	1322.7766
57	17	-885.90796	1381.6603
57	19	-875.9616	1361.2579
57	20	-791.0865	1375.1815
57	21	-816.9598	1412.9163
57	27	-883.57544	1386.659
58	1	-848.59467	1378.1354
58	2	-845.15314	1393.7922
58	3	-847.7633	1372.1431
58	4	-844.50867	1377.3186
58	5	-899.47723	1381.5403
58	6	-819.46844	1370.5459
58	7	-793.4401	1372.0037
58	8	-783.3904	1350.8142
58	9	-826.4956	1367.0977
58	10	-828.5518	1377.0465
58	11	-800.43665	1349.6174
58	12	-821.69183	1324.0858
58	13	-818.6199	1323.2756
58	14	-815.4208	1322.9257
58	15	-812.0255	1322.7766
58	17	-885.90796	1381.6603
58	19	-875.63434	1361.2524
58	20	-792.06274	1375.1362
58	21	-816.9598	1412.9163
58	27	-883.5828	1386.6455
59	1	-848.57263	1377.7921
59	2	-845.1745	1394.5541
59	3	-847.6239	1371.7777
59	4	-844.51965	1378.1389
59	5	-899.63873	1381.4551
59	6	-819.7966	1370.5338
59	7	-793.9687	1371.9791
59	8	-783.55286	1350.8182
59	9	-826.4956	1367.0975
59	10	-828.5363	1377.0416
59	11	-800.43555	1349.616
59	12	-821.69183	1324.0858
59	13	-818.6199	1323.2756
59	14	-815.4208	1322.9257
59	15	-812.0255	1322.7766
59	17	-885.90796	1381.6603
59	19	-875.34094	1361.2498
59	20	-793.0269	1375.0933
59	21	-816.9598	1412.9163
59	27	-883.57715	1386.678
60	1	-848.5487	1377.4229
60	2	-845.1982	1395.3494
60	3	-847.4743	1371.4187
60	4	-844.5391	1378.9567
60	5	-900.0729	1381.4208
60	6	-820.09375	1370.5369
60	7	-794.51105	1371.9502
60	8	-783.70435	1350.826
60	9	-826.4956	1367.0977
60	10	-828.5342	1377.0399
60	11	-800.46063	1349.6311
60	12	-821.69183	1324.0858
60	13	-818.6199	1323.2756
60	14	-815.4208	1322.9257
60	15	-812.0255	1322.7766
60	17	-885.90796	1381.6603
60	19	-875.04456	1361.2476
60	20	-794.01764	1375.0496
60	21	-816.9598	1412.9163
60	27	-883.5801	1386.6704
61	1	-848.5212	1377.0216
61	2	-845.2156	1396.0684
61	3	-847.3054	1371.0375
61	4	-844.5521	1379.7755
61	5	-900.6005	1381.4172
61	6	-820.38873	1370.5262
61	7	-795.0662	1371.9205
61	8	-783.86304	1350.8267
61	9	-826.49554	1367.0977
61	10	-828.5429	1377.0442
61	11	-800.42395	1349.605
61	12	-821.69183	1324.0858
61	13	-818.6199	1323.2756
61	14	-815.4208	1322.9257
61	15	-812.0255	1322.7766
61	17	-885.90796	1381.6603
61	19	-874.72894	1361.2378
61	20	-794.97754	1375.0017
61	21	-816.9598	1412.9163
61	22	-774.7686	1379.1387
61	27	-883.5737	1386.6863
62	1	-848.4898	1376.6161
62	2	-845.24774	1396.9115
62	3	-847.1192	1370.6677
62	4	-844.5698	1380.5879
62	5	-900.9737	1381.5487
62	6	-820.672	1370.5065
62	7	-795.601	1371.8951
62	8	-784.0179	1350.8309
62	9	-826.4956	1367.0975
62	10	-828.5339	1377.0442
62	11	-800.4362	1349.616
62	12	-821.69183	1324.0858
62	13	-818.6199	1323.2756
62	14	-815.4208	1322.9257
62	15	-812.0255	1322.7766
62	17	-885.90796	1381.6603
62	19	-874.41876	1361.244
62	20	-795.9418	1374.9652
62	21	-816.9598	1412.9163
62	22	-775.64734	1379.0917
63	1	-848.44244	1376.2229
63	2	-845.25635	1397.6637
63	3	-846.9111	1370.3031
63	4	-844.59064	1381.3806
63	5	-901.60065	1381.4229
63	6	-820.9355	1370.4991
63	7	-796.13116	1371.8688
63	8	-784.1681	1350.8333
63	9	-826.49554	1367.0977
63	10	-828.52985	1377.044
63	11	-800.43274	1349.6162
63	12	-821.69183	1324.0858
63	13	-818.6199	1323.2756
63	14	-815.4208	1322.9257
63	15	-812.0255	1322.7766
63	17	-885.90796	1381.6603
63	19	-874.16284	1361.2468
63	20	-796.8779	1374.9192
63	21	-816.9598	1412.9163
63	22	-776.6887	1379.0522
64	1	-848.3775	1375.8209
64	2	-845.2824	1398.4243
64	3	-846.6968	1369.951
64	4	-844.601	1382.1769
64	5	-901.795	1381.3652
64	6	-821.1977	1370.4886
64	7	-796.65826	1371.843
64	8	-784.3173	1350.8354
64	9	-826.4956	1367.0979
64	10	-828.5364	1377.0426
64	11	-800.4303	1349.6125
64	12	-821.69183	1324.0858
64	13	-818.6199	1323.2756
64	14	-815.4208	1322.9257
64	15	-812.0255	1322.7766
64	17	-885.90796	1381.6603
64	19	-873.87054	1361.2323
64	20	-797.84094	1374.8729
64	21	-816.9598	1412.9163
64	22	-777.7581	1378.9943
65	1	-848.3021	1375.3932
65	2	-845.3213	1399.1815
65	3	-846.46564	1369.5872
65	4	-844.6171	1382.9469
65	5	-902.02124	1381.3514
65	6	-821.4566	1370.4818
65	7	-797.17865	1371.8107
65	8	-784.4815	1350.8334
65	9	-826.49554	1367.0979
65	10	-828.52814	1377.0428
65	11	-800.42847	1349.614
65	12	-821.69183	1324.0858
65	13	-818.6199	1323.2756
65	14	-815.4208	1322.9257
65	15	-812.0255	1322.7766
65	17	-885.90796	1381.6603
65	19	-873.62646	1361.2456
65	20	-798.7583	1374.8297
65	21	-816.9598	1412.9163
65	22	-778.82806	1378.96
66	1	-848.2182	1374.9767
66	2	-845.33545	1399.942
66	3	-846.21735	1369.2211
66	4	-844.6358	1383.7312
66	5	-902.08276	1381.3578
66	6	-821.7128	1370.4755
66	7	-797.6904	1371.7831
66	8	-784.6496	1350.8335
66	9	-826.49554	1367.0978
66	10	-828.53265	1377.0471
66	11	-800.4251	1349.613
66	12	-821.69183	1324.0858
66	13	-818.6199	1323.2756
66	14	-815.4208	1322.9257
66	15	-812.0255	1322.7766
66	17	-885.90796	1381.6603
66	19	-873.3483	1361.2407
66	20	-799.688	1374.7837
66	21	-816.9598	1412.9163
66	22	-779.8453	1378.9048
67	1	-848.1316	1374.5419
67	2	-845.354	1400.7006
67	3	-845.9594	1368.8654
67	4	-844.6589	1384.4912
67	5	-902.0536	1381.3428
67	6	-821.9462	1370.4684
67	7	-798.1907	1371.7638
67	8	-784.8097	1350.833
67	9	-826.49567	1367.0978
67	10	-828.53284	1377.045
67	11	-800.4326	1349.6207
67	12	-821.69183	1324.0858
67	13	-818.6199	1323.2756
67	14	-815.4208	1322.9257
67	15	-812.0255	1322.7766
67	17	-885.90796	1381.6603
67	19	-873.09625	1361.2493
67	20	-800.58453	1374.7533
67	21	-816.9598	1412.9163
67	22	-780.8324	1378.864
68	1	-848.02374	1374.1395
68	2	-845.37646	1401.463
68	3	-845.68695	1368.5231
68	4	-844.677	1385.2644
68	5	-901.7858	1381.6222
68	6	-822.19073	1370.4657
68	7	-798.67865	1371.7336
68	8	-784.9655	1350.8341
68	9	-826.4958	1367.0978
68	10	-828.53595	1377.0414
68	11	-800.43353	1349.6125
68	12	-821.69183	1324.0858
68	13	-818.6199	1323.2756
68	14	-815.4208	1322.9257
68	15	-812.0255	1322.7766
68	17	-885.90796	1381.6603
68	19	-872.86847	1361.2474
68	20	-801.4869	1374.7058
68	21	-816.9598	1412.9163
68	22	-781.81506	1378.8097
69	1	-847.93	1373.7122
69	2	-845.39435	1402.2269
69	3	-845.3945	1368.1632
69	4	-844.6893	1386.0249
69	5	-902.17615	1381.3398
69	6	-822.41113	1370.4614
69	7	-799.17957	1371.7012
69	8	-785.11896	1350.834
69	9	-826.4958	1367.0979
69	10	-828.53296	1377.0437
69	11	-800.4262	1349.6179
69	12	-821.69183	1324.0858
69	13	-818.6199	1323.2756
69	14	-815.4208	1322.9257
69	15	-812.0255	1322.7766
69	19	-872.64465	1361.2416
69	20	-802.37274	1374.6625
69	21	-816.9598	1412.9163
69	22	-782.77325	1378.7649
70	1	-847.79047	1373.2855
70	2	-845.40137	1402.9423
70	3	-845.095	1367.8165
70	4	-844.7102	1386.7771
70	5	-902.16455	1381.3655
70	6	-822.60834	1370.4501
70	7	-799.6535	1371.6841
70	8	-785.2736	1350.8318
70	9	-826.4957	1367.0978
70	10	-828.5329	1377.0437
70	11	-800.43506	1349.6211
70	12	-821.69183	1324.0858
70	13	-818.6199	1323.2756
70	14	-815.4208	1322.9257
70	15	-812.0255	1322.7766
70	19	-872.39276	1361.2437
70	20	-803.25867	1374.6255
70	21	-816.9598	1412.9163
70	22	-783.7157	1378.7556
71	1	-847.6441	1372.8525
71	2	-845.4382	1403.6995
71	3	-844.79083	1367.48
71	4	-844.71735	1387.5664
71	6	-822.80585	1370.4409
71	7	-800.14465	1371.6533
71	8	-785.4345	1350.83
71	9	-826.4958	1367.0978
71	10	-828.5469	1377.0447
71	11	-800.4293	1349.6062
71	12	-821.69183	1324.0858
71	13	-818.6199	1323.2756
71	14	-815.4208	1322.9257
71	15	-812.0255	1322.7766
71	19	-872.1573	1361.2529
71	20	-804.1267	1374.5867
71	21	-816.9598	1412.9163
71	22	-784.68005	1378.6927
72	1	-847.4826	1372.447
72	2	-845.4412	1404.4618
72	3	-844.46594	1367.1484
72	4	-844.73706	1388.2961
72	6	-822.99194	1370.4377
72	7	-800.6254	1371.6373
72	8	-785.5931	1350.8231
72	9	-826.4958	1367.0978
72	10	-828.53467	1377.0409
72	11	-800.43195	1349.616
72	12	-821.69183	1324.0858
72	13	-818.6199	1323.2756
72	14	-815.4208	1322.9257
72	15	-812.0255	1322.7766
72	19	-871.93304	1361.2444
72	20	-804.9764	1374.555
72	21	-816.9598	1412.9163
72	22	-785.62164	1378.6635
73	1	-847.3079	1372.0386
73	2	-845.4609	1405.1901
73	3	-844.1287	1366.8314
73	4	-844.75653	1389.0566
73	6	-823.17883	1370.4434
73	7	-801.0945	1371.6024
73	8	-785.74493	1350.8232
73	9	-826.49585	1367.0978
73	10	-828.5331	1377.0415
73	11	-800.42365	1349.6127
73	12	-821.69183	1324.0858
73	13	-818.6199	1323.2756
73	14	-815.4208	1322.9257
73	15	-812.0255	1322.7766
73	19	-871.70575	1361.1981
73	20	-805.8124	1374.5203
73	21	-816.9598	1412.9163
73	22	-786.57275	1378.614
74	1	-847.1072	1371.6122
74	2	-845.4719	1405.9586
74	3	-843.77844	1366.5006
74	4	-844.76733	1389.8019
74	6	-823.3615	1370.419
74	7	-801.5511	1371.576
74	8	-785.8972	1350.8225
74	9	-826.4958	1367.0979
74	10	-828.5375	1377.0454
74	11	-800.4352	1349.6134
74	12	-821.69183	1324.0858
74	13	-818.6199	1323.2756
74	14	-815.4208	1322.9257
74	15	-812.0255	1322.7766
74	19	-871.43726	1361.2239
74	20	-806.63666	1374.4866
74	21	-816.9598	1412.9163
74	22	-787.4966	1378.5767
74	23	-883.8231	1386.0936
75	1	-846.90204	1371.1886
75	2	-845.4662	1406.6957
75	3	-843.415	1366.1849
75	4	-844.78546	1390.5624
75	6	-823.51874	1370.4214
75	7	-802.01337	1371.561
75	8	-786.058	1350.8243
75	9	-826.4957	1367.0978
75	10	-828.52747	1377.0442
75	11	-800.4298	1349.6147
75	12	-821.69183	1324.0858
75	13	-818.6199	1323.2756
75	14	-815.4208	1322.9257
75	15	-812.0255	1322.7766
75	20	-807.45135	1374.4545
75	21	-816.9598	1412.9163
75	22	-788.40173	1378.5426
75	23	-883.81647	1386.0294
76	1	-846.6759	1370.7756
76	2	-845.4713	1407.4214
76	3	-843.0406	1365.886
76	4	-844.804	1391.3022
76	6	-823.66705	1370.4103
76	7	-802.48193	1371.5281
76	8	-786.22455	1350.8185
76	9	-826.4958	1367.0978
76	10	-828.5405	1377.0416
76	11	-800.4246	1349.6108
76	12	-821.69183	1324.0858
76	13	-818.6199	1323.2756
76	14	-815.4208	1322.9257
76	15	-812.0255	1322.7766
76	20	-808.2426	1374.4222
76	21	-816.9598	1412.9163
76	22	-789.2866	1378.5033
76	23	-883.7975	1385.9185
77	1	-846.4383	1370.3723
77	2	-845.4932	1408.1614
77	3	-842.661	1365.5876
77	4	-844.8191	1392.043
77	6	-823.8073	1370.4182
77	7	-802.92377	1371.504
77	8	-786.39233	1350.8177
77	9	-826.4957	1367.0978
77	10	-828.5326	1377.0405
77	11	-800.4249	1349.6165
77	12	-821.69183	1324.0858
77	13	-818.6199	1323.2756
77	14	-815.4208	1322.9257
77	15	-812.0255	1322.7766
77	20	-809.03204	1374.3918
77	21	-816.9598	1412.9163
77	22	-790.16815	1378.4666
77	23	-883.7842	1385.8125
77	25	-885.8807	1381.6764
78	1	-846.18427	1369.9706
78	2	-845.49335	1408.9114
78	3	-842.2536	1365.2924
78	4	-844.8372	1392.7664
78	6	-823.95044	1370.4135
78	7	-803.39667	1371.4803
78	8	-786.5536	1350.8169
78	9	-826.4957	1367.0978
78	10	-828.5407	1377.0406
78	11	-800.4251	1349.6149
78	12	-821.69183	1324.0858
78	13	-818.6199	1323.2756
78	14	-815.4208	1322.9257
78	15	-812.0255	1322.7766
78	20	-809.8136	1374.3585
78	21	-816.9598	1412.9163
78	22	-791.0736	1378.4261
78	23	-883.7888	1385.6951
78	25	-885.8807	1381.6764
79	1	-845.9075	1369.5684
79	2	-845.492	1409.649
79	3	-841.84204	1364.9962
79	4	-844.8522	1393.5186
79	6	-824.0812	1370.4198
79	7	-803.8338	1371.4534
79	8	-786.7181	1350.8145
79	9	-826.4958	1367.0979
79	10	-828.53357	1377.039
79	11	-800.4278	1349.6125
79	12	-821.69183	1324.0858
79	13	-818.6199	1323.2756
79	14	-815.4208	1322.9257
79	15	-812.0255	1322.7766
79	20	-810.57294	1374.3291
79	21	-816.9598	1412.9163
79	22	-791.9642	1378.3898
79	23	-883.79736	1385.5764
79	25	-885.8807	1381.6764
80	1	-845.6176	1369.1683
80	2	-845.4839	1410.393
80	3	-841.4277	1364.7261
80	4	-844.8711	1394.2365
80	6	-824.2079	1370.4098
80	7	-804.27356	1371.4254
80	8	-786.8691	1350.8153
80	9	-826.49567	1367.0979
80	10	-828.5419	1377.0432
80	11	-800.41705	1349.6151
80	12	-821.69183	1324.0858
80	13	-818.6199	1323.2756
80	14	-815.4208	1322.9257
80	15	-812.0255	1322.7766
80	20	-811.31323	1374.2985
80	21	-816.9598	1412.9163
80	22	-792.81793	1378.3623
80	23	-883.7933	1385.43
80	25	-885.8807	1381.6764
81	1	-845.3208	1368.7786
81	2	-845.485	1411.0917
81	3	-841.003	1364.4644
81	4	-844.89166	1394.9457
81	6	-824.30347	1370.4148
81	7	-804.70355	1371.4072
81	8	-787.0335	1350.8145
81	9	-826.49567	1367.0978
81	10	-828.52826	1377.0371
81	11	-800.4264	1349.61
81	12	-821.69183	1324.0858
81	13	-818.6199	1323.2756
81	14	-815.4208	1322.9257
81	15	-812.0255	1322.7766
81	20	-812.0203	1374.266
81	21	-816.9598	1412.9163
81	22	-793.69464	1378.323
81	23	-883.7975	1385.2986
81	25	-885.8807	1381.6764
81	26	-901.5349	1381.5901
82	1	-845.00696	1368.3983
82	2	-845.47797	1411.8065
82	3	-840.5806	1364.2045
82	4	-844.8975	1395.6414
82	6	-824.39746	1370.4193
82	7	-805.1206	1371.3887
82	8	-787.19574	1350.8082
82	9	-826.4957	1367.0979
82	10	-828.53503	1377.037
82	11	-800.41516	1349.6128
82	12	-821.69183	1324.0858
82	13	-818.6199	1323.2756
82	14	-815.4208	1322.9257
82	15	-812.0255	1322.7766
82	20	-812.7372	1374.2406
82	21	-816.9598	1412.9163
82	22	-794.55084	1378.2946
82	23	-883.8183	1385.1831
82	25	-885.8807	1381.6764
82	26	-901.4346	1381.4668
83	1	-844.6742	1368.022
83	2	-845.47375	1412.5574
83	3	-840.12775	1363.9554
83	4	-844.91864	1396.3928
83	6	-824.48456	1370.4161
83	7	-805.5427	1371.3623
83	8	-787.3456	1350.807
83	9	-826.4956	1367.0978
83	10	-828.5282	1377.0375
83	11	-800.41516	1349.6089
83	12	-821.69183	1324.0858
83	13	-818.6199	1323.2756
83	14	-815.4208	1322.9257
83	15	-812.0255	1322.7766
83	20	-813.42487	1374.2148
83	21	-816.9598	1412.9163
83	22	-795.4004	1378.2582
83	23	-883.835	1385.0575
83	25	-885.8807	1381.6764
83	26	-900.419	1381.4943
84	1	-844.34674	1367.6383
84	2	-845.47577	1413.2931
84	3	-839.65967	1363.7095
84	4	-844.93054	1397.0852
84	6	-824.55396	1370.4138
84	7	-805.94824	1371.3385
84	8	-787.50085	1350.8043
84	9	-826.4956	1367.0977
84	10	-828.5363	1377.038
84	11	-800.4233	1349.6079
84	12	-821.69183	1324.0858
84	13	-818.6199	1323.2756
84	14	-815.4208	1322.9257
84	15	-812.0255	1322.7766
84	20	-814.0946	1374.1888
84	21	-816.9598	1412.9163
84	22	-796.2552	1378.2297
84	23	-883.858	1384.9635
84	25	-885.8807	1381.6764
84	26	-899.9688	1381.4985
85	1	-843.99603	1367.2783
85	2	-845.4777	1414.0221
85	3	-839.1926	1363.4825
85	4	-844.9471	1397.8069
85	6	-824.6162	1370.4108
85	7	-806.3515	1371.3209
85	8	-787.6652	1350.8027
85	9	-826.4956	1367.0978
85	10	-828.5318	1377.0363
85	11	-800.42053	1349.6025
85	12	-821.69183	1324.0858
85	13	-818.6199	1323.2756
85	14	-815.4208	1322.9257
85	15	-812.0255	1322.7766
85	20	-814.7409	1374.1667
85	21	-816.9598	1412.9163
85	22	-797.0895	1378.1979
85	23	-883.88367	1384.8368
85	25	-885.8807	1381.6764
85	26	-899.7078	1381.5146
86	1	-843.6238	1366.9037
86	2	-845.46936	1414.7543
86	3	-838.7115	1363.2715
86	4	-844.948	1398.5033
86	6	-824.67316	1370.4164
86	7	-806.7263	1371.3007
86	8	-787.82434	1350.8002
86	9	-826.49554	1367.0977
86	10	-828.5341	1377.0386
86	11	-800.4142	1349.6042
86	12	-821.69183	1324.0858
86	13	-818.6199	1323.2756
86	14	-815.4208	1322.9257
86	15	-812.0255	1322.7766
86	20	-815.35236	1374.1477
86	21	-816.9598	1412.9163
86	22	-797.93335	1378.1721
86	23	-883.90466	1384.7065
86	25	-885.8807	1381.6764
86	26	-899.59375	1381.5441
87	1	-843.2273	1366.5381
87	2	-845.462	1415.4656
87	3	-838.2198	1363.0629
87	4	-844.97626	1399.2007
87	6	-824.7252	1370.4124
87	7	-807.1023	1371.2802
87	8	-787.9801	1350.7968
87	9	-826.49536	1367.0978
87	10	-828.54333	1377.0398
87	11	-800.4189	1349.6086
87	12	-821.69183	1324.0858
87	13	-818.6199	1323.2756
87	14	-815.4208	1322.9257
87	15	-812.0255	1322.7766
87	20	-815.963	1374.1268
87	21	-816.9598	1412.9163
87	22	-798.75214	1378.1394
87	23	-883.9322	1384.5891
87	25	-885.8807	1381.6764
87	26	-899.48444	1381.5303
87	29	-868.8864	1361.2759
88	1	-842.8277	1366.2114
88	2	-845.4418	1416.2103
88	3	-837.7181	1362.8633
88	4	-844.98724	1399.8925
88	6	-824.7604	1370.4098
88	7	-807.5014	1371.2599
88	8	-788.1354	1350.7933
88	9	-826.4953	1367.0979
88	10	-828.5334	1377.0396
88	11	-800.4205	1349.6067
88	12	-821.69183	1324.0858
88	13	-818.6199	1323.2756
88	14	-815.4208	1322.9257
88	15	-812.0255	1322.7766
88	20	-816.545	1374.108
88	21	-816.9598	1412.9163
88	22	-799.5652	1378.1154
88	23	-883.96277	1384.4769
88	25	-885.8807	1381.6764
88	26	-899.3714	1381.5114
89	1	-842.4073	1365.8676
89	2	-845.4369	1416.9122
89	3	-837.23	1362.6768
89	4	-845.00104	1400.559
89	6	-824.7915	1370.4149
89	7	-807.8487	1371.2449
89	8	-788.2939	1350.7881
89	9	-826.49536	1367.0978
89	10	-828.539	1377.0437
89	11	-800.41455	1349.6074
89	12	-821.69183	1324.0858
89	13	-818.6199	1323.2756
89	14	-815.4208	1322.9257
89	15	-812.0255	1322.7766
89	20	-817.118	1374.0914
89	21	-816.9598	1412.9163
89	22	-800.3635	1378.09
89	23	-884.0018	1384.3674
89	25	-885.8807	1381.6764
89	26	-899.2804	1381.5212
90	1	-841.98413	1365.5458
90	2	-845.41956	1417.6696
90	3	-836.7177	1362.4945
90	4	-845.01263	1401.2454
90	6	-824.81726	1370.4087
90	7	-808.2011	1371.2261
90	8	-788.4558	1350.789
90	9	-826.49536	1367.0978
90	10	-828.5371	1377.0376
90	11	-800.42114	1349.6077
90	12	-821.69183	1324.0858
90	13	-818.6199	1323.2756
90	14	-815.4208	1322.9257
90	15	-812.0255	1322.7766
90	20	-817.6599	1374.0817
90	21	-816.9598	1412.9163
90	22	-801.1528	1378.0607
90	23	-884.0505	1384.2344
90	25	-885.8807	1381.6764
90	26	-899.26263	1381.5122
