0	1	1466.2991	1613.4653
0	2	1462.1417	1619.8182
0	3	1449.1421	1640.8823
0	4	1468.814	1588.7208
0	5	1465.8325	1595.327
0	6	1472.6172	1581.2516
0	7	1460.6665	1608.9662
0	8	1463.1285	1585.7119
0	9	1464.5535	1579.157
0	10	1465.9546	1575.0027
0	11	1459.2582	1571.9923
0	12	1474.1154	1617.1246
0	13	1435.5704	1606.8263
0	14	1427.5009	1601.4904
0	15	1500.2678	1571.7172
0	16	1437.1665	1588.2184
0	17	1457.8917	1626.9348
0	18	1419.6389	1596.8759
0	19	1426.9852	1613.5908
0	20	1453.7518	1633.2101
0	21	1506.4816	1604.7412
0	22	1503.5471	1610.4583
0	23	1505.3961	1607.796
0	24	1422.9392	1611.5658
0	25	1414.3986	1594.7483
0	26	1505.0577	1614.697
0	27	1510.9548	1612.861
0	28	1513.871	1607.108
0	29	1512.9296	1610.0618
0	30	1422.1173	1628.4801
0	31	1408.8815	1613.7639
0	32	1409.4736	1616.6769
0	34	1518.9536	1615.1882
0	35	1416.974	1570.276
0	36	1520.9984	1612.8079
0	37	1403.4958	1613.8954
0	38	1403.7484	1623.2291
0	40	1402.2908	1630.4712
0	48	1395.1003	1611.5791
0	52	1510.2299	1523.077
1	1	1466.3137	1613.4161
1	2	1462.1836	1619.7352
1	3	1449.2567	1640.7339
1	4	1468.8374	1588.5842
1	5	1465.7919	1595.4987
1	6	1472.5161	1581.6764
1	7	1460.8397	1608.7574
1	8	1463.1285	1585.7118
1	9	1464.5535	1579.157
1	10	1465.9489	1575.0065
1	11	1459.3495	1572.0266
1	12	1474.1154	1617.1246
1	13	1435.5704	1606.8263
1	14	1427.5009	1601.4904
1	15	1500.2587	1571.7471
1	16	1435.8252	1587.6256
1	17	1457.9806	1626.7893
1	18	1419.6389	1596.8759
1	19	1426.9852	1613.5908
1	20	1453.8668	1633.0427
1	21	1506.4816	1604.7412
1	22	1503.5471	1610.4583
1	23	1505.3961	1607.796
1	24	1422.9392	1611.5658
1	25	1414.3986	1594.7483
1	26	1505.0758	1614.6989
1	27	1510.9548	1612.861
1	28	1513.871	1607.108
1	29	1512.9296	1610.0618
1	30	1422.1173	1628.4801
1	31	1408.8815	1613.7639
1	32	1409.4736	1616.6769
1	34	1518.9536	1615.1882
1	35	1415.6984	1569.4415
1	36	1520.9984	1612.8079
1	37	1403.4958	1613.8954
1	38	1403.7484	1623.2291
1	40	1402.2908	1630.4712
1	48	1395.0831	1611.701
2	1	1466.3374	1613.3608
2	2	1462.2156	1619.6691
2	3	1449.376	1640.5795
2	4	1468.8608	1588.4525
2	5	1465.748	1595.6704
2	6	1472.4033	1582.08
2	7	1461.0325	1608.5945
2	8	1463.1287	1585.7117
2	9	1464.5535	1579.157
2	10	1465.9476	1575.0051
2	11	1459.4236	1572.058
2	12	1474.1154	1617.1246
2	13	1435.5704	1606.8263
2	14	1427.5009	1601.4904
2	15	1500.2451	1571.7837
2	16	1434.4989	1587.021
2	17	1458.07	1626.646
2	18	1419.6389	1596.8759
2	19	1426.9852	1613.5908
2	20	1453.98	1632.889
2	21	1506.4816	1604.7412
2	22	1503.5471	1610.4583
2	23	1505.3961	1607.796
2	24	1422.9392	1611.5658
2	25	1414.3986	1594.7483
2	26	1505.074	1614.6964
2	27	1510.9548	1612.861
2	28	1513.871	1607.108
2	29	1512.9296	1610.0618
2	30	1422.1173	1628.4801
2	31	1408.8815	1613.7639
2	32	1409.4736	1616.6769
2	34	1518.9536	1615.1882
2	35	1414.4943	1568.6179
2	36	1520.9984	1612.8079
2	37	1403.4958	1613.8954
2	38	1403.7484	1623.2291
2	40	1402.2908	1630.4712
2	48	1395.0994	1611.8204
3	1	1466.3488	1613.3284
3	2	1462.2556	1619.6068
3	3	1449.492	1640.4237
3	4	1468.8842	1588.3204
3	5	1465.705	1595.8356
3	6	1472.281	1582.5082
3	7	1461.2518	1608.3584
3	8	1463.1288	1585.7117
3	9	1464.5535	1579.157
3	10	1465.9424	1575.0017
3	11	1459.4957	1572.081
3	12	1474.1154	1617.1246
3	13	1435.5704	1606.8263
3	14	1427.5009	1601.4904
3	15	1500.2239	1571.8309
3	16	1433.1477	1586.4062
3	17	1458.1792	1626.5208
3	18	1419.6389	1596.8759
3	19	1426.9852	1613.5908
3	20	1454.1183	1632.6931
3	21	1506.4816	1604.7412
3	22	1503.5471	1610.4583
3	23	1505.3961	1607.796
3	24	1422.9392	1611.5658
3	25	1414.3986	1594.7483
3	26	1505.049	1614.6954
3	27	1510.9548	1612.861
3	28	1513.871	1607.108
3	29	1512.9296	1610.0618
3	30	1422.1173	1628.4801
3	31	1408.8815	1613.7639
3	32	1409.4736	1616.6769
3	34	1518.9536	1615.1882
3	35	1413.239	1567.7534
3	36	1520.9984	1612.8079
3	37	1403.4958	1613.8954
3	38	1403.7484	1623.2291
3	40	1402.2908	1630.4712
3	48	1395.0837	1611.92
4	1	1466.3665	1613.2833
4	2	1462.286	1619.5586
4	3	1449.6012	1640.2701
4	4	1468.9083	1588.1882
4	5	1465.6604	1596.0024
4	6	1472.1459	1582.9421
4	7	1461.4711	1608.1407
4	8	1463.1287	1585.7115
4	9	1464.5535	1579.157
4	10	1465.954	1575.0065
4	11	1459.5388	1572.102
4	12	1474.1154	1617.1246
4	13	1435.5704	1606.8263
4	14	1427.5009	1601.4904
4	15	1500.204	1571.8947
4	16	1431.7822	1585.752
4	17	1458.3119	1626.3082
4	18	1419.6389	1596.8759
4	19	1426.9852	1613.5908
4	20	1454.2168	1632.5497
4	21	1506.4816	1604.7412
4	22	1503.5471	1610.4583
4	23	1505.3961	1607.796
4	24	1422.9392	1611.5658
4	25	1414.3986	1594.7483
4	26	1505.058	1614.6963
4	27	1510.9548	1612.861
4	28	1513.871	1607.108
4	29	1512.9296	1610.0618
4	30	1422.1173	1628.4801
4	31	1408.8815	1613.7639
4	32	1409.4736	1616.6769
4	34	1518.9536	1615.1882
4	35	1412.0061	1566.9031
4	36	1520.9984	1612.8079
4	37	1403.4958	1613.8954
4	38	1403.7484	1623.2291
4	40	1402.2908	1630.4712
4	48	1395.096	1612.0737
5	1	1466.3772	1613.2428
5	2	1462.3273	1619.476
5	3	1449.7062	1640.1138
5	4	1468.9333	1588.058
5	5	1465.6096	1596.1771
5	6	1472.0219	1583.3685
5	7	1461.6903	1607.9185
5	8	1463.1287	1585.7115
5	9	1464.5535	1579.157
5	10	1465.9576	1575.0024
5	11	1459.5856	1572.1207
5	12	1474.1154	1617.1246
5	13	1435.5704	1606.8263
5	14	1427.5009	1601.4904
5	15	1500.1791	1571.9742
5	16	1430.4019	1585.1031
5	17	1458.3927	1626.1547
5	18	1419.6389	1596.8759
5	19	1426.9852	1613.5908
5	20	1454.3224	1632.3926
5	21	1506.4816	1604.7412
5	22	1503.5471	1610.4583
5	23	1505.3961	1607.796
5	24	1422.9392	1611.5658
5	25	1414.3986	1594.7483
5	26	1505.0728	1614.7026
5	27	1510.9548	1612.861
5	28	1513.871	1607.108
5	29	1512.9296	1610.0618
5	30	1422.1173	1628.4801
5	31	1408.8815	1613.7639
5	32	1409.4736	1616.6769
5	34	1518.9536	1615.1882
5	35	1410.7063	1566.0068
5	36	1520.9984	1612.8079
5	37	1403.4958	1613.8954
5	38	1403.7484	1623.2291
5	40	1402.2908	1630.4712
5	48	1395.1057	1612.1987
6	1	1466.3895	1613.2156
6	2	1462.348	1619.4392
6	3	1449.8055	1639.9546
6	4	1468.9576	1587.9274
6	5	1465.5646	1596.3405
6	6	1471.8944	1583.807
6	7	1461.9291	1607.6466
6	8	1463.1285	1585.7115
6	9	1464.5535	1579.157
6	10	1465.9543	1575.0079
6	11	1459.63	1572.136
6	12	1474.1154	1617.1246
6	13	1435.5704	1606.8263
6	14	1427.5009	1601.4904
6	15	1500.1458	1572.0585
6	16	1429.0465	1584.4087
6	17	1458.4904	1626.0217
6	18	1419.6389	1596.8759
6	19	1426.9852	1613.5908
6	20	1454.432	1632.2422
6	21	1506.4816	1604.7412
6	22	1503.5471	1610.4583
6	23	1505.3961	1607.796
6	24	1422.9392	1611.5658
6	25	1414.3986	1594.7483
6	26	1505.0906	1614.713
6	27	1510.9548	1612.861
6	28	1513.871	1607.108
6	29	1512.9296	1610.0618
6	30	1422.1173	1628.4801
6	31	1408.8815	1613.7639
6	32	1409.4736	1616.6769
6	34	1518.9536	1615.1882
6	35	1409.5177	1565.1447
6	36	1520.9984	1612.8079
6	37	1403.4958	1613.8954
6	38	1403.7484	1623.2291
6	40	1402.2908	1630.4712
7	1	1466.4067	1613.1729
7	2	1462.3811	1619.3649
7	3	1449.9181	1639.7974
7	4	1468.9839	1587.7891
7	5	1465.514	1596.5029
7	6	1471.7738	1584.208
7	7	1462.1521	1607.3987
7	8	1463.1285	1585.7115
7	9	1464.5535	1579.157
7	10	1465.9581	1575.0078
7	11	1459.6523	1572.1451
7	12	1474.1154	1617.1246
7	13	1435.5704	1606.8263
7	14	1427.5009	1601.4904
7	15	1500.1132	1572.1372
7	16	1427.6638	1583.6992
7	17	1458.5867	1625.8672
7	18	1419.6389	1596.8759
7	19	1426.9852	1613.5908
7	20	1454.5266	1632.1321
7	21	1506.4816	1604.7412
7	22	1503.5471	1610.4583
7	23	1505.3961	1607.796
7	24	1422.9392	1611.5658
7	25	1414.3986	1594.7483
7	26	1505.0876	1614.7097
7	27	1510.9548	1612.861
7	28	1513.871	1607.108
7	29	1512.9296	1610.0618
7	30	1422.1173	1628.4801
7	31	1408.8815	1613.7639
7	32	1409.4736	1616.6769
7	33	1400.4502	1589.9469
7	34	1518.9536	1615.1882
7	35	1408.2856	1564.185
7	36	1520.9984	1612.8079
7	37	1403.4958	1613.8954
7	38	1403.7484	1623.2291
7	40	1402.2908	1630.4712
7	48	1395.111	1612.4108
8	1	1466.4155	1613.1469
8	2	1462.4127	1619.3127
8	3	1450.0488	1639.634
8	4	1469.0096	1587.6489
8	5	1465.4551	1596.6713
8	6	1471.651	1584.6383
8	7	1462.4056	1607.1276
8	8	1463.1285	1585.7114
8	9	1464.5535	1579.157
8	10	1465.9558	1575.007
8	11	1459.6763	1572.1552
8	12	1474.1154	1617.1246
8	13	1435.5704	1606.8263
8	14	1427.5009	1601.4904
8	15	1500.0718	1572.2412
8	16	1426.3154	1583.0009
8	17	1458.6635	1625.7427
8	18	1419.6389	1596.8759
8	19	1426.9852	1613.5908
8	20	1454.6036	1632.0002
8	21	1506.4816	1604.7412
8	22	1503.5471	1610.4583
8	23	1505.3961	1607.796
8	24	1422.9392	1611.5658
8	25	1414.3986	1594.7483
8	26	1505.0782	1614.7013
8	27	1510.9548	1612.861
8	28	1513.871	1607.108
8	29	1512.9296	1610.0618
8	30	1422.1173	1628.4801
8	31	1408.8815	1613.7639
8	32	1409.4736	1616.6769
8	33	1400.6245	1590.0183
8	34	1518.9536	1615.1882
8	35	1407.0198	1563.2498
8	36	1520.9984	1612.8079
8	37	1403.4958	1613.8954
8	38	1403.7484	1623.2291
8	39	1516.7623	1530.8418
8	40	1402.2908	1630.4712
9	1	1466.425	1613.106
9	2	1462.4342	1619.2566
9	3	1450.1774	1639.4573
9	4	1469.0354	1587.5172
9	5	1465.398	1596.8325
9	6	1471.5247	1585.0449
9	7	1462.6439	1606.8755
9	8	1463.1285	1585.7114
9	9	1464.5535	1579.157
9	10	1465.9546	1575.0074
9	11	1459.7058	1572.1625
9	12	1474.1154	1617.1246
9	13	1435.5704	1606.8263
9	14	1427.5009	1601.4904
9	15	1500.0327	1572.3572
9	16	1424.9524	1582.2609
9	17	1458.7389	1625.6338
9	18	1419.6389	1596.8759
9	19	1426.9852	1613.5908
9	20	1454.7032	1631.8488
9	21	1506.4816	1604.7412
9	22	1503.5471	1610.4583
9	23	1505.3961	1607.796
9	24	1422.9392	1611.5658
9	25	1414.3986	1594.7483
9	26	1505.0797	1614.7046
9	27	1510.9548	1612.861
9	28	1513.871	1607.108
9	29	1512.9296	1610.0618
9	30	1422.1173	1628.4801
9	31	1408.8815	1613.7639
9	32	1409.4736	1616.6769
9	33	1400.753	1590.0436
9	34	1518.9536	1615.1882
9	35	1405.7344	1562.2415
9	36	1520.9984	1612.8079
9	37	1403.4958	1613.8954
9	38	1403.7484	1623.2291
9	39	1516.4333	1531.6405
9	40	1402.2908	1630.4712
10	1	1466.4285	1613.0876
10	2	1462.4694	1619.2201
10	3	1450.3455	1639.276
10	4	1469.0618	1587.388
10	5	1465.3303	1597.005
10	6	1471.3932	1585.4602
10	7	1462.8857	1606.5934
10	8	1463.1287	1585.7114
10	9	1464.5535	1579.157
10	10	1465.9576	1575.0044
10	11	1459.7198	1572.1659
10	12	1474.1154	1617.1246
10	13	1435.5704	1606.8263
10	14	1427.5009	1601.4904
10	15	1499.9904	1572.4728
10	16	1423.5868	1581.5046
10	17	1458.7931	1625.5234
10	18	1419.6389	1596.8759
10	19	1426.9852	1613.5908
10	20	1454.7991	1631.7274
10	21	1506.4816	1604.7412
10	22	1503.5471	1610.4583
10	23	1505.3961	1607.796
10	24	1422.9392	1611.5658
10	25	1414.3986	1594.7483
10	26	1505.0813	1614.6993
10	27	1510.9548	1612.861
10	28	1513.871	1607.108
10	29	1512.9296	1610.0618
10	30	1422.1173	1628.4801
10	31	1408.8815	1613.7639
10	32	1409.4736	1616.6769
10	33	1400.8799	1590.1176
10	34	1518.9536	1615.1882
10	35	1404.5789	1561.2751
10	36	1520.9984	1612.8079
10	37	1403.4958	1613.8954
10	38	1403.7484	1623.2291
10	39	1516.0674	1532.5114
10	40	1402.2908	1630.4712
11	1	1466.4401	1613.0511
11	2	1462.4773	1619.1825
11	3	1450.4745	1639.1047
11	4	1469.09	1587.2578
11	5	1465.2637	1597.1788
11	6	1471.2747	1585.8491
11	7	1463.1256	1606.3231
11	8	1463.1287	1585.7115
11	9	1464.5535	1579.157
11	10	1465.947	1575.0038
11	11	1459.7389	1572.1733
11	12	1474.1154	1617.1246
11	13	1435.5704	1606.8263
11	14	1427.5009	1601.4904
11	15	1499.9552	1572.5641
11	16	1422.2229	1580.737
11	17	1458.857	1625.4347
11	18	1419.6389	1596.8759
11	19	1426.9852	1613.5908
11	20	1454.8923	1631.5729
11	21	1506.4816	1604.7412
11	22	1503.5471	1610.4583
11	23	1505.3961	1607.796
11	24	1422.9392	1611.5658
11	25	1414.3986	1594.7483
11	26	1505.0875	1614.7063
11	27	1510.9548	1612.861
11	28	1513.871	1607.108
11	29	1512.9296	1610.0618
11	30	1422.1173	1628.4801
11	31	1408.8815	1613.7639
11	32	1409.4736	1616.6769
11	33	1401.0244	1590.1929
11	34	1518.9536	1615.1882
11	35	1403.2917	1560.2576
11	36	1520.9984	1612.8079
11	37	1403.4958	1613.8954
11	38	1403.7484	1623.2291
11	39	1515.7291	1533.363
11	40	1402.2908	1630.4712
12	1	1466.452	1613.0347
12	2	1462.4736	1619.1575
12	3	1450.6141	1638.9446
12	4	1469.12	1587.119
12	5	1465.1917	1597.3428
12	6	1471.1511	1586.2533
12	7	1463.3369	1606.0635
12	8	1463.1287	1585.7115
12	9	1464.5535	1579.157
12	10	1465.9523	1575.0016
12	11	1459.7499	1572.1749
12	12	1474.1154	1617.1246
12	13	1435.5704	1606.8263
12	14	1427.5009	1601.4904
12	15	1499.9291	1572.6366
12	16	1420.8898	1579.9752
12	17	1458.8994	1625.3538
12	18	1419.6389	1596.8759
12	19	1426.9852	1613.5908
12	20	1454.9686	1631.4688
12	21	1506.4816	1604.7412
12	22	1503.5471	1610.4583
12	23	1505.3961	1607.796
12	24	1422.9392	1611.5658
12	25	1414.3986	1594.7483
12	26	1505.0898	1614.707
12	27	1510.9548	1612.861
12	28	1513.871	1607.108
12	29	1512.9296	1610.0618
12	30	1422.1173	1628.4801
12	31	1408.8815	1613.7639
12	32	1409.4736	1616.6769
12	33	1401.1394	1590.2635
12	34	1518.9536	1615.1882
12	35	1402.1426	1559.2512
12	36	1520.9984	1612.8079
12	37	1403.4958	1613.8954
12	38	1403.7484	1623.2291
12	39	1515.3636	1534.2677
12	40	1402.2908	1630.4712
13	1	1466.4604	1613.0195
13	2	1462.5054	1619.1086
13	3	1450.7588	1638.7394
13	4	1469.1508	1586.9868
13	5	1465.1188	1597.5054
13	6	1471.0308	1586.5858
13	7	1463.5706	1605.8103
13	8	1463.1288	1585.7115
13	9	1464.5535	1579.157
13	10	1465.9465	1575.0066
13	11	1459.759	1572.1779
13	12	1474.1154	1617.1246
13	13	1435.5704	1606.8263
13	14	1427.5009	1601.4904
13	15	1499.8899	1572.7297
13	16	1419.4779	1579.1388
13	17	1458.9458	1625.2924
13	18	1419.6389	1596.8759
13	19	1426.9852	1613.5908
13	20	1455.0651	1631.3505
13	21	1506.4816	1604.7412
13	22	1503.5471	1610.4583
13	23	1505.3961	1607.796
13	24	1422.9392	1611.5658
13	25	1414.3986	1594.7483
13	26	1505.0889	1614.7098
13	27	1510.9548	1612.861
13	28	1513.871	1607.108
13	29	1512.9296	1610.0618
13	30	1422.1173	1628.4801
13	31	1408.8815	1613.7639
13	32	1409.4736	1616.6769
13	33	1401.2822	1590.3386
13	34	1518.9536	1615.1882
13	35	1400.7108	1558.0149
13	36	1520.9984	1612.8079
13	37	1403.4958	1613.8954
13	38	1403.7484	1623.2291
13	39	1515.0522	1535.1187
13	40	1402.2908	1630.4712
14	1	1466.4705	1613.0004
14	2	1462.5232	1619.0634
14	3	1450.8702	1638.6079
14	4	1469.1858	1586.8527
14	5	1465.053	1597.6616
14	6	1470.8951	1587.079
14	7	1463.8325	1605.5352
14	8	1463.1288	1585.7115
14	9	1464.5535	1579.157
14	10	1465.952	1575.0026
14	11	1459.7594	1572.1775
14	12	1474.1154	1617.1246
14	13	1435.5704	1606.8263
14	14	1427.5009	1601.4904
14	15	1499.8438	1572.84
14	16	1418.1448	1578.3206
14	17	1458.9763	1625.2212
14	18	1419.6389	1596.8759
14	19	1426.9852	1613.5908
14	20	1455.1401	1631.2307
14	21	1506.4816	1604.7412
14	22	1503.5471	1610.4583
14	23	1505.3961	1607.796
14	24	1422.9392	1611.5658
14	25	1414.3986	1594.7483
14	26	1505.0878	1614.7086
14	27	1510.9548	1612.861
14	28	1513.871	1607.108
14	29	1512.9296	1610.0618
14	30	1422.1173	1628.4801
14	31	1408.8815	1613.7639
14	32	1409.4736	1616.6769
14	33	1401.4148	1590.426
14	34	1518.9536	1615.1882
14	35	1399.605	1557.011
14	36	1520.9984	1612.8079
14	37	1403.4958	1613.8954
14	38	1403.7484	1623.2291
14	39	1514.711	1535.9401
14	40	1402.2908	1630.4712
15	1	1466.4988	1612.933
15	2	1462.5732	1618.9867
15	3	1451.0062	1638.4427
15	4	1469.2214	1586.7206
15	5	1464.9832	1597.8248
15	6	1470.7516	1587.4685
15	7	1464.0955	1605.2507
15	8	1463.1288	1585.7115
15	9	1464.5535	1579.157
15	10	1465.9468	1574.9978
15	11	1459.7556	1572.1793
15	12	1474.1154	1617.1246
15	13	1435.5704	1606.8263
15	14	1427.5009	1601.4904
15	15	1499.8104	1572.9376
15	16	1416.7944	1577.4878
15	17	1459.0187	1625.152
15	18	1419.6389	1596.8759
15	19	1426.9852	1613.5908
15	20	1455.2151	1631.1388
15	21	1506.4816	1604.7412
15	22	1503.5471	1610.4583
15	23	1505.3961	1607.796
15	24	1422.9392	1611.5658
15	25	1414.3986	1594.7483
15	26	1505.0917	1614.7015
15	27	1510.9548	1612.861
15	28	1513.871	1607.108
15	29	1512.9296	1610.0618
15	30	1422.1173	1628.4801
15	31	1408.8815	1613.7639
15	32	1409.4736	1616.6769
15	33	1401.5685	1590.4695
15	34	1518.9536	1615.1882
15	35	1398.4927	1556.0391
15	36	1520.9984	1612.8079
15	37	1403.4958	1613.8954
15	38	1403.7484	1623.2291
15	39	1514.3823	1536.7877
15	40	1402.2908	1630.4712
16	1	1466.515	1612.8899
16	2	1462.6018	1618.9412
16	3	1451.1237	1638.2836
16	4	1469.2594	1586.5886
16	5	1464.9111	1597.9973
16	6	1470.6144	1587.8905
16	7	1464.3403	1604.9708
16	8	1463.1288	1585.7114
16	9	1464.5535	1579.157
16	10	1465.9485	1575.0037
16	11	1459.7605	1572.1781
16	12	1474.1154	1617.1246
16	13	1435.5704	1606.8263
16	14	1427.5009	1601.4904
16	15	1499.7671	1573.0295
16	16	1415.432	1576.6389
16	17	1459.0538	1625.0856
16	18	1419.6389	1596.8759
16	19	1426.9852	1613.5908
16	20	1455.2808	1631.0516
16	21	1506.4816	1604.7412
16	22	1503.5471	1610.4583
16	23	1505.3961	1607.796
16	24	1422.9392	1611.5658
16	25	1414.3986	1594.7483
16	26	1505.0836	1614.6997
16	27	1510.9548	1612.861
16	28	1513.871	1607.108
16	29	1512.9296	1610.0618
16	30	1422.1173	1628.4801
16	31	1408.8815	1613.7639
16	32	1409.4736	1616.6769
16	34	1518.9536	1615.1882
16	35	1397.4489	1555.0957
16	36	1520.9984	1612.8079
16	37	1403.4958	1613.8954
16	38	1403.7484	1623.2291
16	39	1514.0607	1537.6284
16	40	1402.2908	1630.4712
17	1	1466.532	1612.8489
17	2	1462.622	1618.8951
17	3	1451.2457	1638.1302
17	4	1469.2972	1586.4521
17	5	1464.8383	1598.16
17	6	1470.4918	1588.2286
17	7	1464.5864	1604.7095
17	8	1463.1289	1585.7114
17	9	1464.5535	1579.157
17	10	1465.9462	1575.0011
17	11	1459.7507	1572.1763
17	12	1474.1154	1617.1246
17	13	1435.5704	1606.8263
17	14	1427.5009	1601.4904
17	15	1499.728	1573.143
17	16	1414.1418	1575.7769
17	17	1459.0887	1625.0099
17	18	1419.6389	1596.8759
17	19	1426.9852	1613.5908
17	20	1455.3431	1630.9435
17	21	1506.4816	1604.7412
17	22	1503.5471	1610.4583
17	23	1505.3961	1607.796
17	24	1422.9392	1611.5658
17	25	1414.3986	1594.7483
17	26	1505.0826	1614.6993
17	27	1510.9548	1612.861
17	28	1513.871	1607.108
17	29	1512.9296	1610.0618
17	30	1422.1173	1628.4801
17	31	1408.8815	1613.7639
17	32	1409.4736	1616.6769
17	34	1518.9536	1615.1882
17	35	1396.4427	1554.1799
17	36	1520.9984	1612.8079
17	37	1403.4958	1613.8954
17	38	1403.7484	1623.2291
17	39	1513.7173	1538.4485
17	40	1402.2908	1630.4712
18	1	1466.5377	1612.8328
18	2	1462.6288	1618.8671
18	3	1451.3887	1637.9563
18	4	1469.3319	1586.3239
18	5	1464.7615	1598.3234
18	6	1470.3489	1588.6064
18	7	1464.6921	1604.5352
18	8	1463.1289	1585.7114
18	9	1464.5535	1579.157
18	10	1465.9471	1575.0093
18	11	1459.7573	1572.1769
18	12	1474.1154	1617.1246
18	13	1435.5704	1606.8263
18	14	1427.5009	1601.4904
18	15	1499.6869	1573.2506
18	16	1412.804	1574.9154
18	17	1459.1259	1624.9452
18	18	1419.6389	1596.8759
18	19	1426.9852	1613.5908
18	20	1455.3928	1630.8682
18	21	1506.4816	1604.7412
18	22	1503.5471	1610.4583
18	23	1505.3961	1607.796
18	24	1422.9392	1611.5658
18	25	1414.3986	1594.7483
18	26	1505.0957	1614.7124
18	27	1510.9548	1612.861
18	28	1513.871	1607.108
18	29	1512.9296	1610.0618
18	30	1422.1173	1628.4801
18	31	1408.8815	1613.7639
18	32	1409.4736	1616.6769
18	34	1518.9536	1615.1882
18	35	1395.4092	1553.2445
18	36	1520.9984	1612.8079
18	37	1403.4958	1613.8954
18	38	1403.7484	1623.2291
18	39	1513.3989	1539.2296
18	40	1402.2908	1630.4712
19	1	1466.5784	1612.7668
19	2	1462.6472	1618.8341
19	3	1451.5073	1637.8142
19	4	1469.3665	1586.1962
19	5	1464.6835	1598.4908
19	6	1470.1959	1588.9775
19	7	1464.9827	1604.1848
19	8	1463.1289	1585.7114
19	9	1464.5535	1579.157
19	10	1465.9475	1575.0088
19	11	1459.7567	1572.1753
19	12	1474.1154	1617.1246
19	13	1435.5704	1606.8263
19	14	1427.5009	1601.4904
19	15	1499.6528	1573.3468
19	16	1411.43	1574.0023
19	17	1459.1598	1624.8729
19	18	1419.6389	1596.8759
19	19	1426.9852	1613.5908
19	20	1455.4391	1630.8135
19	21	1506.4816	1604.7412
19	22	1503.5471	1610.4583
19	23	1505.3961	1607.796
19	24	1422.9392	1611.5658
19	25	1414.3986	1594.7483
19	26	1505.0813	1614.6963
19	27	1510.9548	1612.861
19	28	1513.871	1607.108
19	29	1512.9296	1610.0618
19	30	1422.1173	1628.4801
19	31	1408.8815	1613.7639
19	32	1409.4736	1616.6769
19	34	1518.9536	1615.1882
19	35	1394.3256	1552.2574
19	36	1520.9984	1612.8079
19	37	1403.4958	1613.8954
19	38	1403.7484	1623.2291
19	39	1513.0837	1540.062
19	40	1402.2908	1630.4712
20	1	1466.5988	1612.7113
20	2	1462.6641	1618.791
20	3	1451.5952	1637.6683
20	4	1469.4053	1586.0673
20	5	1464.6044	1598.6561
20	6	1470.0315	1589.364
20	7	1465.2963	1603.9004
20	8	1463.1289	1585.7113
20	9	1464.5535	1579.157
20	10	1465.9546	1575.0099
20	11	1459.7588	1572.1782
20	12	1474.1154	1617.1246
20	13	1435.5704	1606.8263
20	14	1427.5009	1601.4904
20	15	1499.6208	1573.4338
20	16	1410.0704	1573.076
20	17	1459.1945	1624.8041
20	18	1419.6389	1596.8759
20	19	1426.9852	1613.5908
20	20	1455.4944	1630.7563
20	21	1506.4816	1604.7412
20	22	1503.5471	1610.4583
20	23	1505.3961	1607.796
20	24	1422.9392	1611.5658
20	25	1414.3986	1594.7483
20	26	1505.0876	1614.7023
20	27	1510.9548	1612.861
20	28	1513.871	1607.108
20	29	1512.9296	1610.0618
20	30	1422.1173	1628.4801
20	31	1408.8815	1613.7639
20	32	1409.4736	1616.6769
20	34	1518.9536	1615.1882
20	35	1394.0565	1552.0172
20	36	1520.9984	1612.8079
20	37	1403.4958	1613.8954
20	38	1403.7484	1623.2291
20	39	1512.7972	1540.7565
20	40	1402.2908	1630.4712
21	1	1466.6129	1612.6478
21	2	1462.6772	1618.758
21	3	1451.7148	1637.5172
21	4	1469.4478	1585.9393
21	5	1464.5247	1598.8301
21	6	1469.8453	1589.737
21	7	1465.5195	1603.543
21	8	1463.129	1585.7113
21	9	1464.5535	1579.157
21	10	1465.9583	1575.0123
21	11	1459.7574	1572.1749
21	12	1474.1154	1617.1246
21	13	1435.5704	1606.8263
21	14	1427.5009	1601.4904
21	15	1499.5809	1573.5281
21	16	1408.8267	1572.172
21	17	1459.2396	1624.7549
21	18	1419.6389	1596.8759
21	19	1426.9852	1613.5908
21	20	1455.5251	1630.7103
21	21	1506.4816	1604.7412
21	22	1503.5471	1610.4583
21	23	1505.3961	1607.796
21	24	1422.9392	1611.5658
21	25	1414.3986	1594.7483
21	26	1505.0516	1614.7078
21	27	1510.9548	1612.861
21	28	1513.871	1607.108
21	29	1512.9296	1610.0618
21	30	1422.1173	1628.4801
21	31	1408.8815	1613.7639
21	32	1409.4736	1616.6769
21	34	1518.9536	1615.1882
21	36	1520.9984	1612.8079
21	37	1403.4958	1613.8954
21	38	1403.7484	1623.2291
21	39	1512.5112	1541.4716
21	40	1402.2908	1630.4712
22	1	1466.6224	1612.5944
22	2	1462.6954	1618.7179
22	3	1451.8175	1637.3849
22	4	1469.4926	1585.7994
22	5	1464.4456	1598.9996
22	6	1469.6705	1590.085
22	7	1465.7156	1603.272
22	8	1463.129	1585.7113
22	9	1464.5535	1579.157
22	10	1465.9554	1575.0104
22	11	1459.759	1572.1764
22	12	1474.1154	1617.1246
22	13	1435.5704	1606.8263
22	14	1427.5009	1601.4904
22	15	1499.5481	1573.6068
22	16	1407.4878	1571.2021
22	17	1459.2864	1624.6854
22	18	1419.6389	1596.8759
22	19	1426.9852	1613.5908
22	20	1455.5605	1630.6606
22	21	1506.4816	1604.7412
22	22	1503.5471	1610.4583
22	23	1505.3961	1607.796
22	24	1422.9392	1611.5658
22	25	1414.3986	1594.7483
22	26	1505.0459	1614.7041
22	27	1510.9548	1612.861
22	28	1513.871	1607.108
22	29	1512.9296	1610.0618
22	30	1422.1173	1628.4801
22	31	1408.8815	1613.7639
22	32	1409.4736	1616.6769
22	34	1518.9536	1615.1882
22	36	1520.9984	1612.8079
22	37	1403.4958	1613.8954
22	38	1403.7484	1623.2291
22	39	1512.1577	1542.3219
22	40	1402.2908	1630.4712
23	1	1466.6428	1612.5452
23	2	1462.7211	1618.6744
23	3	1451.9225	1637.2468
23	4	1469.5363	1585.6722
23	5	1464.3704	1599.1593
23	6	1469.476	1590.4501
23	7	1465.9054	1602.9857
23	8	1463.129	1585.7113
23	9	1464.5535	1579.157
23	10	1465.9515	1575.0093
23	11	1459.7632	1572.179
23	12	1474.1154	1617.1246
23	13	1435.5704	1606.8263
23	14	1427.5009	1601.4904
23	15	1499.5161	1573.7002
23	16	1406.2144	1570.2338
23	17	1459.3038	1624.63
23	18	1419.6389	1596.8759
23	19	1426.9852	1613.5908
23	20	1455.5978	1630.6165
23	21	1506.4816	1604.7412
23	22	1503.5471	1610.4583
23	23	1505.3961	1607.796
23	24	1422.9392	1611.5658
23	25	1414.3986	1594.7483
23	26	1505.0219	1614.6971
23	27	1510.9548	1612.861
23	28	1513.871	1607.108
23	29	1512.9296	1610.0618
23	30	1422.1173	1628.4801
23	31	1408.8815	1613.7639
23	32	1409.4736	1616.6769
23	34	1518.9536	1615.1882
23	36	1520.9984	1612.8079
23	37	1403.4958	1613.8954
23	38	1403.7484	1623.2291
23	39	1511.8607	1543.0325
23	40	1402.2908	1630.4712
24	1	1466.6558	1612.4592
24	2	1462.7352	1618.6289
24	3	1452.0342	1637.1029
24	4	1469.5782	1585.5441
24	5	1464.2997	1599.3217
24	6	1469.2744	1590.7885
24	7	1466.1187	1602.663
24	8	1463.129	1585.7113
24	9	1464.5535	1579.157
24	10	1465.9589	1575.0067
24	11	1459.7582	1572.1787
24	12	1474.1154	1617.1246
24	13	1435.5704	1606.8263
24	14	1427.5009	1601.4904
24	15	1499.4856	1573.7828
24	16	1404.9199	1569.2861
24	17	1459.3473	1624.574
24	18	1419.6389	1596.8759
24	19	1426.9852	1613.5908
24	20	1455.641	1630.5647
24	21	1506.4816	1604.7412
24	22	1503.5471	1610.4583
24	23	1505.3961	1607.796
24	24	1422.9392	1611.5658
24	25	1414.3986	1594.7483
24	26	1505.0398	1614.6952
24	27	1510.9548	1612.861
24	28	1513.871	1607.108
24	29	1512.9296	1610.0618
24	30	1422.1173	1628.4801
24	31	1408.8815	1613.7639
24	32	1409.4736	1616.6769
24	34	1518.9536	1615.1882
24	36	1520.9984	1612.8079
24	37	1403.4958	1613.8954
24	38	1403.7484	1623.2291
24	39	1511.5677	1543.7544
24	40	1402.2908	1630.4712
24	42	1395.1748	1614.395
25	1	1466.6843	1612.4342
25	2	1462.7537	1618.5942
25	3	1452.1248	1636.99
25	4	1469.619	1585.4197
25	5	1464.225	1599.4833
25	6	1469.0686	1591.1198
25	7	1466.3107	1602.3561
25	8	1463.1292	1585.7113
25	9	1464.5535	1579.157
25	10	1465.9589	1574.9995
25	11	1459.7589	1572.177
25	12	1474.1154	1617.1246
25	13	1435.5704	1606.8263
25	14	1427.5009	1601.4904
25	15	1499.4573	1573.8678
25	16	1403.6572	1568.2794
25	17	1459.3962	1624.5029
25	18	1419.6389	1596.8759
25	19	1426.9852	1613.5908
25	20	1455.6746	1630.5076
25	21	1506.4816	1604.7412
25	22	1503.5471	1610.4583
25	23	1505.3961	1607.796
25	24	1422.9392	1611.5658
25	25	1414.3986	1594.7483
25	26	1505.0059	1614.6863
25	27	1510.9548	1612.861
25	28	1513.871	1607.108
25	29	1512.9296	1610.0618
25	30	1422.1173	1628.4801
25	31	1408.8815	1613.7639
25	32	1409.4736	1616.6769
25	34	1518.9536	1615.1882
25	36	1520.9984	1612.8079
25	37	1403.4958	1613.8954
25	38	1403.7484	1623.2291
25	39	1511.2614	1544.4844
25	40	1402.2908	1630.4712
25	42	1395.1882	1614.4811
26	1	1466.7091	1612.3372
26	2	1462.7795	1618.5607
26	3	1452.2311	1636.857
26	4	1469.6626	1585.288
26	5	1464.1465	1599.6556
26	6	1468.8505	1591.4568
26	7	1466.5009	1602.021
26	8	1463.129	1585.7113
26	9	1464.5535	1579.157
26	10	1465.9509	1575.002
26	11	1459.7616	1572.1772
26	12	1474.1154	1617.1246
26	13	1435.5704	1606.8263
26	14	1427.5009	1601.4904
26	15	1499.4258	1573.9474
26	16	1402.4019	1567.2759
26	17	1459.4182	1624.4647
26	18	1419.6389	1596.8759
26	19	1426.9852	1613.5908
26	20	1455.7115	1630.4888
26	21	1506.4816	1604.7412
26	22	1503.5471	1610.4583
26	23	1505.3961	1607.796
26	24	1422.9392	1611.5658
26	25	1414.3986	1594.7483
26	26	1504.996	1614.678
26	27	1510.9548	1612.861
26	28	1513.871	1607.108
26	29	1512.9296	1610.0618
26	30	1422.1173	1628.4801
26	31	1408.8815	1613.7639
26	32	1409.4736	1616.6769
26	34	1518.9536	1615.1882
26	36	1520.9984	1612.8079
26	37	1403.4958	1613.8954
26	38	1403.7484	1623.2291
26	39	1510.9745	1545.2155
26	40	1402.2908	1630.4712
26	42	1395.1805	1614.6288
27	1	1466.7395	1612.2284
27	2	1462.7814	1618.5319
27	3	1452.2805	1636.7828
27	4	1469.7074	1585.1515
27	5	1464.0731	1599.82
27	6	1468.6202	1591.7778
27	7	1466.6903	1601.704
27	8	1463.129	1585.7113
27	9	1464.5535	1579.157
27	10	1465.9575	1575.0038
27	11	1459.7563	1572.1758
27	12	1474.1154	1617.1246
27	13	1435.5704	1606.8263
27	14	1427.5009	1601.4904
27	15	1499.3956	1574.0314
27	16	1401.0859	1566.2479
27	17	1459.4368	1624.4299
27	18	1419.6389	1596.8759
27	19	1426.9852	1613.5908
27	20	1455.744	1630.4218
27	21	1506.4816	1604.7412
27	22	1503.5471	1610.4583
27	23	1505.3961	1607.796
27	24	1422.9392	1611.5658
27	25	1414.3986	1594.7483
27	26	1504.9963	1614.6735
27	27	1510.9548	1612.861
27	28	1513.871	1607.108
27	29	1512.9296	1610.0618
27	30	1422.1173	1628.4801
27	31	1408.8815	1613.7639
27	32	1409.4736	1616.6769
27	34	1518.9536	1615.1882
27	36	1520.9984	1612.8079
27	37	1403.4958	1613.8954
27	38	1403.7484	1623.2291
27	39	1510.7264	1545.8215
27	40	1402.2908	1630.4712
27	42	1395.1973	1614.7695
28	1	1466.7753	1612.1569
28	2	1462.8038	1618.502
28	3	1452.338	1636.6998
28	4	1469.7487	1585.0225
28	5	1464.0012	1599.9796
28	6	1468.3829	1592.0872
28	7	1466.8718	1601.3687
28	8	1463.129	1585.7113
28	9	1464.5535	1579.157
28	10	1465.955	1574.999
28	11	1459.762	1572.1788
28	12	1474.1154	1617.1246
28	13	1435.5704	1606.8263
28	14	1427.5009	1601.4904
28	15	1499.3732	1574.0867
28	16	1399.8499	1565.2109
28	17	1459.457	1624.3759
28	18	1419.6389	1596.8759
28	19	1426.9852	1613.5908
28	20	1455.7784	1630.378
28	21	1506.4816	1604.7412
28	22	1503.5471	1610.4583
28	23	1505.3961	1607.796
28	24	1422.9392	1611.5658
28	25	1414.3986	1594.7483
28	26	1504.958	1614.6619
28	27	1510.9548	1612.861
28	28	1513.871	1607.108
28	29	1512.9296	1610.0618
28	30	1422.1173	1628.4801
28	31	1408.8815	1613.7639
28	32	1409.4736	1616.6769
28	34	1518.9536	1615.1882
28	36	1520.9984	1612.8079
28	37	1403.4958	1613.8954
28	38	1403.7484	1623.2291
28	39	1510.4303	1546.5702
28	40	1402.2908	1630.4712
28	42	1395.2188	1614.8704
29	1	1466.8044	1612.0825
29	2	1462.818	1618.4633
29	3	1452.391	1636.6328
29	4	1469.7897	1584.8894
29	5	1463.9287	1600.1411
29	6	1468.1132	1592.4126
29	7	1467.0636	1601.0396
29	8	1463.1289	1585.7114
29	9	1464.5535	1579.157
29	10	1465.9532	1575.0007
29	11	1459.7544	1572.1782
29	12	1474.1154	1617.1246
29	13	1435.5704	1606.8263
29	14	1427.5009	1601.4904
29	15	1499.3468	1574.1422
29	16	1398.5647	1564.1659
29	17	1459.4832	1624.3522
29	18	1419.6389	1596.8759
29	19	1426.9852	1613.5908
29	20	1455.8165	1630.3369
29	21	1506.4816	1604.7412
29	22	1503.5471	1610.4583
29	23	1505.3961	1607.796
29	24	1422.9392	1611.5658
29	25	1414.3986	1594.7483
29	26	1504.9382	1614.6693
29	27	1510.9548	1612.861
29	28	1513.871	1607.108
29	29	1512.9296	1610.0618
29	30	1422.1173	1628.4801
29	31	1408.8815	1613.7639
29	32	1409.4736	1616.6769
29	34	1518.9536	1615.1882
29	36	1520.9984	1612.8079
29	37	1403.4958	1613.8954
29	38	1403.7484	1623.2291
29	39	1510.1653	1547.2185
29	40	1402.2908	1630.4712
29	42	1395.257	1614.9957
30	1	1466.8356	1612.0035
30	2	1462.836	1618.4292
30	3	1452.4518	1636.5469
30	4	1469.8285	1584.7561
30	5	1463.8502	1600.3126
30	6	1467.8533	1592.7444
30	7	1467.2391	1600.7144
30	8	1463.1289	1585.7114
30	9	1464.5535	1579.157
30	10	1465.9585	1574.995
30	11	1459.7535	1572.1781
30	12	1474.1154	1617.1246
30	13	1435.5704	1606.8263
30	14	1427.5009	1601.4904
30	15	1499.3218	1574.213
30	16	1397.3655	1563.1
30	17	1459.4988	1624.3158
30	18	1419.6389	1596.8759
30	19	1426.9852	1613.5908
30	20	1455.8473	1630.3138
30	21	1506.4816	1604.7412
30	22	1503.5471	1610.4583
30	23	1505.3961	1607.796
30	24	1422.9392	1611.5658
30	25	1414.3986	1594.7483
30	26	1504.9541	1614.6511
30	27	1510.9548	1612.861
30	28	1513.871	1607.108
30	29	1512.9296	1610.0618
30	30	1422.1173	1628.4801
30	31	1408.8815	1613.7639
30	32	1409.4736	1616.6769
30	34	1518.9536	1615.1882
30	36	1520.9984	1612.8079
30	37	1403.4958	1613.8954
30	38	1403.7484	1623.2291
30	39	1509.8789	1547.9269
30	40	1402.2908	1630.4712
30	42	1395.273	1615.0955
31	1	1466.8625	1611.9026
31	2	1462.86	1618.3856
31	3	1452.4846	1636.4991
31	4	1469.8676	1584.6165
31	5	1463.7784	1600.4845
31	6	1467.5607	1593.0723
31	7	1467.434	1600.3767
31	8	1463.1289	1585.7115
31	9	1464.5535	1579.157
31	10	1465.9482	1574.9976
31	11	1459.7554	1572.1788
31	12	1474.1154	1617.1246
31	13	1435.5704	1606.8263
31	14	1427.5009	1601.4904
31	15	1499.2825	1574.2905
31	16	1396.1621	1562.0511
31	17	1459.5121	1624.2809
31	18	1419.6389	1596.8759
31	19	1426.9852	1613.5908
31	20	1455.874	1630.2498
31	21	1506.4816	1604.7412
31	22	1503.5471	1610.4583
31	23	1505.3961	1607.796
31	24	1422.9392	1611.5658
31	25	1414.3986	1594.7483
31	26	1504.9015	1614.6434
31	27	1510.9548	1612.861
31	28	1513.871	1607.108
31	29	1512.9296	1610.0618
31	30	1422.1173	1628.4801
31	31	1408.8815	1613.7639
31	32	1409.4736	1616.6769
31	34	1518.9536	1615.1882
31	36	1520.9984	1612.8079
31	37	1403.4958	1613.8954
31	38	1403.7484	1623.2291
31	39	1509.6216	1548.5531
31	40	1402.2908	1630.4712
31	41	1516.8512	1531.4287
31	42	1395.2947	1615.2239
32	1	1466.8883	1611.8031
32	2	1462.8711	1618.356
32	3	1452.5278	1636.4305
32	4	1469.9049	1584.4816
32	5	1463.7073	1600.6519
32	6	1467.2925	1593.3524
32	7	1467.6085	1600.0599
32	8	1463.1289	1585.7114
32	9	1464.5535	1579.157
32	10	1465.947	1575.0024
32	11	1459.7576	1572.1796
32	12	1474.1154	1617.1246
32	13	1435.5704	1606.8263
32	14	1427.5009	1601.4904
32	15	1499.2539	1574.3799
32	16	1394.9368	1560.9895
32	17	1459.5286	1624.2739
32	18	1419.6389	1596.8759
32	19	1426.9852	1613.5908
32	20	1455.8989	1630.2094
32	21	1506.4816	1604.7412
32	22	1503.5471	1610.4583
32	23	1505.3961	1607.796
32	24	1422.9392	1611.5658
32	25	1414.3986	1594.7483
32	26	1504.8876	1614.6396
32	27	1510.9548	1612.861
32	28	1513.871	1607.108
32	29	1512.9296	1610.0618
32	30	1422.1173	1628.4801
32	31	1408.8815	1613.7639
32	32	1409.4736	1616.6769
32	34	1518.9536	1615.1882
32	36	1520.9984	1612.8079
32	37	1403.4958	1613.8954
32	38	1403.7484	1623.2291
32	39	1509.365	1549.1458
32	40	1402.2908	1630.4712
32	41	1516.4182	1532.1265
32	42	1395.3094	1615.3313
33	1	1466.9241	1611.7009
33	2	1462.8872	1618.3202
33	3	1452.5625	1636.3772
33	4	1469.9423	1584.3448
33	5	1463.6377	1600.8196
33	6	1467.0083	1593.6483
33	7	1467.776	1599.7571
33	8	1463.129	1585.7114
33	9	1464.5535	1579.157
33	10	1465.9526	1575.0007
33	11	1459.7563	1572.1781
33	12	1474.1154	1617.1246
33	13	1435.5704	1606.8263
33	14	1427.5009	1601.4904
33	15	1499.2242	1574.4587
33	16	1393.7527	1559.8502
33	17	1459.5286	1624.24
33	18	1419.6389	1596.8759
33	19	1426.9852	1613.5908
33	20	1455.9242	1630.172
33	21	1506.4816	1604.7412
33	22	1503.5471	1610.4583
33	23	1505.3961	1607.796
33	24	1422.9392	1611.5658
33	25	1414.3986	1594.7483
33	26	1504.8763	1614.6328
33	27	1510.9548	1612.861
33	28	1513.871	1607.108
33	29	1512.9296	1610.0618
33	30	1422.1173	1628.4801
33	31	1408.8815	1613.7639
33	32	1409.4736	1616.6769
33	34	1518.9536	1615.1882
33	36	1520.9984	1612.8079
33	37	1403.4958	1613.8954
33	38	1403.7484	1623.2291
33	39	1509.1206	1549.7611
33	40	1402.2908	1630.4712
33	41	1516.1058	1532.9204
33	42	1395.3326	1615.4523
33	46	1404.0021	1592.0802
34	1	1466.9542	1611.6025
34	2	1462.9087	1618.2797
34	3	1452.5934	1636.3232
34	4	1469.9811	1584.2058
34	5	1463.5719	1600.9824
34	6	1466.6987	1593.9359
34	7	1467.9598	1599.4406
34	8	1463.1292	1585.7114
34	9	1464.5535	1579.157
34	10	1465.9419	1574.9976
34	11	1459.7518	1572.176
34	12	1474.1154	1617.1246
34	13	1435.5704	1606.8263
34	14	1427.5009	1601.4904
34	15	1499.1842	1574.5674
34	16	1392.5242	1558.7224
34	17	1459.5598	1624.2042
34	18	1419.6389	1596.8759
34	19	1426.9852	1613.5908
34	20	1455.9452	1630.1249
34	21	1506.4816	1604.7412
34	22	1503.5471	1610.4583
34	23	1505.3961	1607.796
34	24	1422.9392	1611.5658
34	25	1414.3986	1594.7483
34	26	1504.8164	1614.6357
34	27	1510.9548	1612.861
34	28	1513.871	1607.108
34	29	1512.9296	1610.0618
34	30	1422.1173	1628.4801
34	31	1408.8815	1613.7639
34	32	1409.4736	1616.6769
34	34	1518.9536	1615.1882
34	36	1520.9984	1612.8079
34	37	1403.4958	1613.8954
34	38	1403.7484	1623.2291
34	39	1508.8483	1550.3854
34	40	1402.2908	1630.4712
34	41	1515.8014	1533.6332
34	42	1395.3618	1615.5637
34	46	1404.0836	1592.1279
35	1	1466.9869	1611.5077
35	2	1462.9421	1618.2281
35	3	1452.6206	1636.2826
35	4	1470.0145	1584.0752
35	5	1463.5052	1601.146
35	6	1466.3567	1594.2373
35	7	1468.0491	1599.2593
35	8	1463.1292	1585.7114
35	9	1464.5535	1579.157
35	10	1465.9556	1575.0006
35	11	1459.7559	1572.1777
35	12	1474.1154	1617.1246
35	13	1435.5704	1606.8263
35	14	1427.5009	1601.4904
35	15	1499.1438	1574.6927
35	16	1391.4272	1557.6581
35	17	1459.5896	1624.1643
35	18	1419.6389	1596.8759
35	19	1426.9852	1613.5908
35	20	1455.9673	1630.1155
35	21	1506.4816	1604.7412
35	22	1503.5471	1610.4583
35	23	1505.3961	1607.796
35	24	1422.9392	1611.5658
35	25	1414.3986	1594.7483
35	26	1504.7882	1614.6288
35	27	1510.9548	1612.861
35	28	1513.871	1607.108
35	29	1512.9296	1610.0618
35	30	1422.1173	1628.4801
35	31	1408.8815	1613.7639
35	32	1409.4736	1616.6769
35	34	1518.9536	1615.1882
35	36	1520.9984	1612.8079
35	37	1403.4958	1613.8954
35	38	1403.7484	1623.2291
35	39	1508.5981	1551.0009
35	40	1402.2908	1630.4712
35	41	1515.4762	1534.3771
35	42	1395.3815	1615.6609
35	46	1404.1957	1592.2267
36	1	1467.0211	1611.3958
36	2	1462.9724	1618.1681
36	3	1452.6488	1636.2429
36	4	1470.0516	1583.9376
36	5	1463.4401	1601.315
36	6	1465.9943	1594.5145
36	7	1468.3506	1598.6761
36	8	1463.1292	1585.7114
36	9	1464.5535	1579.157
36	10	1465.949	1575.0005
36	11	1459.7566	1572.1782
36	12	1474.1154	1617.1246
36	13	1435.5704	1606.8263
36	14	1427.5009	1601.4904
36	15	1499.1	1574.8282
36	17	1459.6195	1624.1046
36	18	1419.6389	1596.8759
36	19	1426.9852	1613.5908
36	20	1455.9843	1630.0581
36	21	1506.4816	1604.7412
36	22	1503.5471	1610.4583
36	23	1505.3961	1607.796
36	24	1422.9392	1611.5658
36	25	1414.3986	1594.7483
36	26	1504.799	1614.6188
36	27	1510.9548	1612.861
36	28	1513.871	1607.108
36	29	1512.9296	1610.0618
36	30	1422.1173	1628.4801
36	31	1408.8815	1613.7639
36	32	1409.4736	1616.6769
36	34	1518.9536	1615.1882
36	36	1520.9984	1612.8079
36	37	1403.4958	1613.8954
36	38	1403.7484	1623.2291
36	39	1508.3457	1551.5967
36	40	1402.2908	1630.4712
36	41	1515.1849	1535.115
36	42	1395.4083	1615.7758
36	46	1404.3184	1592.3063
37	1	1467.057	1611.2809
37	2	1463.0109	1618.0944
37	3	1452.6625	1636.2233
37	4	1470.0911	1583.8031
37	5	1463.3726	1601.4854
37	6	1465.667	1594.7825
37	7	1468.4675	1598.4271
37	8	1463.1292	1585.7114
37	9	1464.5535	1579.157
37	10	1465.9517	1575.0
37	11	1459.7615	1572.1779
37	12	1474.1154	1617.1246
37	13	1435.5704	1606.8263
37	14	1427.5009	1601.4904
37	15	1499.0419	1574.9894
37	17	1459.6422	1624.0668
37	18	1419.6389	1596.8759
37	19	1426.9852	1613.5908
37	20	1455.9994	1630.0411
37	21	1506.4816	1604.7412
37	22	1503.5471	1610.4583
37	23	1505.3961	1607.796
37	24	1422.9392	1611.5658
37	25	1414.3986	1594.7483
37	26	1504.7415	1614.6198
37	27	1510.9548	1612.861
37	28	1513.871	1607.108
37	29	1512.9296	1610.0618
37	30	1422.1173	1628.4801
37	31	1408.8815	1613.7639
37	32	1409.4736	1616.6769
37	34	1518.9536	1615.1882
37	36	1520.9984	1612.8079
37	37	1403.4958	1613.8954
37	38	1403.7484	1623.2291
37	39	1508.0913	1552.1864
37	40	1402.2908	1630.4712
37	41	1514.8834	1535.8547
37	42	1395.4253	1615.9015
37	46	1404.5012	1592.412
38	1	1467.0898	1611.1685
38	2	1463.0513	1618.017
38	3	1452.6837	1636.204
38	4	1470.1278	1583.6619
38	5	1463.305	1601.6519
38	6	1465.3119	1595.0345
38	7	1468.6454	1598.0778
38	8	1463.1292	1585.7114
38	9	1464.5535	1579.157
38	10	1465.9504	1575.0032
38	11	1459.7628	1572.1788
38	12	1474.1154	1617.1246
38	13	1435.5704	1606.8263
38	14	1427.5009	1601.4904
38	15	1498.9829	1575.1597
38	17	1459.6819	1623.997
38	18	1419.6389	1596.8759
38	19	1426.9852	1613.5908
38	20	1456.0155	1630.0365
38	21	1506.4816	1604.7412
38	22	1503.5471	1610.4583
38	23	1505.3961	1607.796
38	24	1422.9392	1611.5658
38	25	1414.3986	1594.7483
38	26	1504.7062	1614.611
38	27	1510.9548	1612.861
38	28	1513.871	1607.108
38	29	1512.9296	1610.0618
38	30	1422.1173	1628.4801
38	31	1408.8815	1613.7639
38	32	1409.4736	1616.6769
38	34	1518.9536	1615.1882
38	36	1520.9984	1612.8079
38	37	1403.4958	1613.8954
38	38	1403.7484	1623.2291
38	39	1507.8602	1552.7445
38	40	1402.2908	1630.4712
38	41	1514.6127	1536.5494
38	42	1395.4498	1616.013
38	46	1404.6094	1592.4691
39	1	1467.1328	1611.0375
39	2	1463.0947	1617.9421
39	3	1452.711	1636.179
39	4	1470.1708	1583.5178
39	5	1463.2433	1601.8159
39	6	1464.9409	1595.2893
39	7	1468.8126	1597.723
39	8	1463.1292	1585.7113
39	9	1464.5535	1579.157
39	10	1465.9554	1574.9999
39	11	1459.752	1572.1772
39	12	1474.1154	1617.1246
39	13	1435.5704	1606.8263
39	14	1427.5009	1601.4904
39	15	1498.9216	1575.3359
39	17	1459.7312	1623.9211
39	18	1419.6389	1596.8759
39	19	1426.9852	1613.5908
39	20	1456.0204	1630.0128
39	21	1506.4816	1604.7412
39	22	1503.5471	1610.4583
39	23	1505.3961	1607.796
39	24	1422.9392	1611.5658
39	25	1414.3986	1594.7483
39	26	1504.65	1614.5973
39	27	1510.9548	1612.861
39	28	1513.871	1607.108
39	29	1512.9296	1610.0618
39	30	1422.1173	1628.4801
39	31	1408.8815	1613.7639
39	32	1409.4736	1616.6769
39	34	1518.9536	1615.1882
39	36	1520.9984	1612.8079
39	37	1403.4958	1613.8954
39	38	1403.7484	1623.2291
39	39	1507.6447	1553.2887
39	40	1402.2908	1630.4712
39	41	1514.3473	1537.2805
39	42	1395.4664	1616.135
39	46	1404.7408	1592.5508
40	1	1467.164	1610.9391
40	2	1463.1282	1617.8679
40	3	1452.7084	1636.1686
40	4	1470.2045	1583.3904
40	5	1463.176	1601.987
40	6	1464.559	1595.5409
40	7	1468.9697	1597.3882
40	8	1463.1293	1585.7114
40	9	1464.5535	1579.157
40	10	1465.9506	1575.0001
40	11	1459.7565	1572.1771
40	12	1474.1154	1617.1246
40	13	1435.5704	1606.8263
40	14	1427.5009	1601.4904
40	15	1498.8462	1575.5509
40	17	1459.7672	1623.8602
40	18	1419.6389	1596.8759
40	19	1426.9852	1613.5908
40	20	1456.0348	1630.0077
40	21	1506.4816	1604.7412
40	22	1503.5471	1610.4583
40	23	1505.3961	1607.796
40	24	1422.9392	1611.5658
40	25	1414.3986	1594.7483
40	26	1504.6345	1614.5824
40	27	1510.9548	1612.861
40	28	1513.871	1607.108
40	29	1512.9296	1610.0618
40	30	1422.1173	1628.4801
40	31	1408.8815	1613.7639
40	32	1409.4736	1616.6769
40	34	1518.9536	1615.1882
40	36	1520.9984	1612.8079
40	37	1403.4958	1613.8954
40	38	1403.7484	1623.2291
40	39	1507.4077	1553.8796
40	40	1402.2908	1630.4712
40	41	1514.0635	1538.0422
40	42	1395.4766	1616.2472
40	46	1404.8711	1592.637
41	1	1467.1951	1610.8239
41	2	1463.1776	1617.7715
41	3	1452.7162	1636.1625
41	4	1470.2397	1583.2625
41	5	1463.1117	1602.1549
41	6	1464.1753	1595.778
41	7	1469.137	1597.052
41	8	1463.1292	1585.7113
41	9	1464.5535	1579.157
41	10	1465.9518	1575.0027
41	11	1459.7592	1572.1796
41	12	1474.1154	1617.1246
41	13	1435.5704	1606.8263
41	14	1427.5009	1601.4904
41	15	1498.7759	1575.8085
41	17	1459.808	1623.7913
41	18	1419.6389	1596.8759
41	19	1426.9852	1613.5908
41	20	1456.0437	1630.0027
41	21	1506.4816	1604.7412
41	22	1503.5471	1610.4583
41	23	1505.3961	1607.796
41	24	1422.9392	1611.5658
41	25	1414.3986	1594.7483
41	26	1504.6084	1614.5747
41	27	1510.9548	1612.861
41	28	1513.871	1607.108
41	29	1512.9296	1610.0618
41	30	1422.1173	1628.4801
41	31	1408.8815	1613.7639
41	32	1409.4736	1616.6769
41	34	1518.9536	1615.1882
41	36	1520.9984	1612.8079
41	37	1403.4958	1613.8954
41	38	1403.7484	1623.2291
41	39	1507.1797	1554.4048
41	40	1402.2908	1630.4712
41	41	1513.781	1538.6893
41	42	1395.4972	1616.3903
41	46	1405.0035	1592.7137
42	1	1467.2448	1610.7272
42	2	1463.2191	1617.6799
42	3	1452.7225	1636.1532
42	4	1470.285	1583.123
42	5	1463.0433	1602.3313
42	6	1463.7817	1595.9905
42	7	1469.3022	1596.7391
42	8	1463.1292	1585.7113
42	9	1464.5535	1579.157
42	10	1465.9589	1575.0042
42	11	1459.7588	1572.1776
42	12	1474.1154	1617.1246
42	13	1435.5704	1606.8263
42	14	1427.5009	1601.4904
42	15	1498.6904	1576.0905
42	17	1459.8494	1623.7299
42	18	1419.6389	1596.8759
42	19	1426.9852	1613.5908
42	20	1456.0509	1629.9801
42	21	1506.4816	1604.7412
42	22	1503.5471	1610.4583
42	23	1505.3961	1607.796
42	24	1422.9392	1611.5658
42	25	1414.3986	1594.7483
42	26	1504.5654	1614.5669
42	27	1510.9548	1612.861
42	28	1513.871	1607.108
42	29	1512.9296	1610.0618
42	30	1422.1173	1628.4801
42	31	1408.8815	1613.7639
42	32	1409.4736	1616.6769
42	34	1518.9536	1615.1882
42	36	1520.9984	1612.8079
42	37	1403.4958	1613.8954
42	38	1403.7484	1623.2291
42	39	1506.9678	1554.9174
42	40	1402.2908	1630.4712
42	41	1513.5143	1539.3368
42	42	1395.5022	1616.4803
42	46	1405.164	1592.7935
43	1	1467.2676	1610.5951
43	2	1463.2761	1617.5768
43	3	1452.7303	1636.1469
43	4	1470.3303	1582.985
43	5	1462.9733	1602.5051
43	6	1463.3702	1596.202
43	7	1469.4696	1596.3931
43	8	1463.129	1585.7112
43	9	1464.5535	1579.157
43	10	1465.952	1575.005
43	11	1459.764	1572.181
43	12	1474.1154	1617.1246
43	13	1435.5704	1606.8263
43	14	1427.5009	1601.4904
43	15	1498.5916	1576.3987
43	17	1459.8954	1623.6415
43	18	1419.6389	1596.8759
43	19	1426.9852	1613.5908
43	20	1456.0593	1629.9563
43	21	1506.4816	1604.7412
43	22	1503.5471	1610.4583
43	23	1505.3961	1607.796
43	24	1422.9392	1611.5658
43	25	1414.3986	1594.7483
43	26	1504.5267	1614.5488
43	27	1510.9548	1612.861
43	28	1513.871	1607.108
43	29	1512.9296	1610.0618
43	30	1422.1173	1628.4801
43	31	1408.8815	1613.7639
43	32	1409.4736	1616.6769
43	34	1518.9536	1615.1882
43	36	1520.9984	1612.8079
43	37	1403.4958	1613.8954
43	38	1403.7484	1623.2291
43	39	1506.7413	1555.4537
43	40	1402.2908	1630.4712
43	41	1513.2611	1539.9198
43	42	1395.5209	1616.6196
43	46	1405.3065	1592.8666
44	1	1467.3021	1610.4943
44	2	1463.3241	1617.4666
44	3	1452.7354	1636.1357
44	4	1470.3734	1582.8506
44	5	1462.9154	1602.6617
44	6	1462.9579	1596.3783
44	7	1469.6365	1596.0361
44	8	1463.129	1585.7113
44	9	1464.5535	1579.157
44	10	1465.9426	1575.007
44	11	1459.7599	1572.1799
44	12	1474.1154	1617.1246
44	13	1435.5704	1606.8263
44	14	1427.5009	1601.4904
44	15	1498.4917	1576.7543
44	17	1459.9297	1623.5786
44	18	1419.6389	1596.8759
44	19	1426.9852	1613.5908
44	20	1456.0759	1629.9209
44	21	1506.4816	1604.7412
44	22	1503.5471	1610.4583
44	23	1505.3961	1607.796
44	24	1422.9392	1611.5658
44	25	1414.3986	1594.7483
44	26	1504.4833	1614.5295
44	27	1510.9548	1612.861
44	28	1513.871	1607.108
44	29	1512.9296	1610.0618
44	30	1422.1173	1628.4801
44	31	1408.8815	1613.7639
44	32	1409.4736	1616.6769
44	34	1518.9536	1615.1882
44	36	1520.9984	1612.8079
44	37	1403.4958	1613.8954
44	38	1403.7484	1623.2291
44	39	1506.5219	1555.9951
44	40	1402.2908	1630.4712
44	41	1512.9738	1540.6508
44	42	1395.5275	1616.7222
44	46	1405.4105	1592.9393
45	1	1467.3385	1610.3711
45	2	1463.3676	1617.3577
45	3	1452.7319	1636.1321
45	4	1470.4109	1582.7194
45	5	1462.8472	1602.8242
45	6	1462.5134	1596.5651
45	7	1469.7916	1595.7157
45	8	1463.129	1585.7113
45	9	1464.5535	1579.157
45	10	1465.9587	1575.0065
45	11	1459.758	1572.1764
45	12	1474.1154	1617.1246
45	13	1435.5704	1606.8263
45	14	1427.5009	1601.4904
45	15	1498.3842	1577.1332
45	17	1459.981	1623.5034
45	18	1419.6389	1596.8759
45	19	1426.9852	1613.5908
45	20	1456.1005	1629.9033
45	21	1506.4816	1604.7412
45	22	1503.5471	1610.4583
45	23	1505.3961	1607.796
45	24	1422.9392	1611.5658
45	25	1414.3986	1594.7483
45	26	1504.4078	1614.5161
45	27	1510.9548	1612.861
45	28	1513.871	1607.108
45	29	1512.9296	1610.0618
45	30	1422.1173	1628.4801
45	31	1408.8815	1613.7639
45	32	1409.4736	1616.6769
45	34	1518.9536	1615.1882
45	36	1520.9984	1612.8079
45	37	1403.4958	1613.8954
45	38	1403.7484	1623.2291
45	39	1506.3221	1556.4932
45	40	1402.2908	1630.4712
45	41	1512.7148	1541.304
45	42	1395.5349	1616.7964
45	46	1405.5294	1593.0137
46	1	1467.3706	1610.2446
46	2	1463.4329	1617.2367
46	3	1452.7421	1636.1302
46	4	1470.4493	1582.5889
46	5	1462.7834	1602.9911
46	6	1462.0522	1596.7263
46	7	1469.9584	1595.3463
46	8	1463.1289	1585.7114
46	9	1464.5535	1579.157
46	10	1465.9539	1574.9972
46	11	1459.7566	1572.1786
46	12	1474.1154	1617.1246
46	13	1435.5704	1606.8263
46	14	1427.5009	1601.4904
46	15	1498.2625	1577.5615
46	17	1460.0332	1623.4362
46	18	1419.6389	1596.8759
46	19	1426.9852	1613.5908
46	20	1456.118	1629.8676
46	21	1506.4816	1604.7412
46	22	1503.5471	1610.4583
46	23	1505.3961	1607.796
46	24	1422.9392	1611.5658
46	25	1414.3986	1594.7483
46	26	1504.362	1614.5104
46	27	1510.9548	1612.861
46	28	1513.871	1607.108
46	29	1512.9296	1610.0618
46	30	1422.1173	1628.4801
46	31	1408.8815	1613.7639
46	32	1409.4736	1616.6769
46	34	1518.9536	1615.1882
46	36	1520.9984	1612.8079
46	37	1403.4958	1613.8954
46	38	1403.7484	1623.2291
46	39	1506.1049	1556.9844
46	40	1402.2908	1630.4712
46	41	1512.4668	1541.9814
46	42	1395.5477	1616.9153
46	46	1405.6848	1593.1108
47	1	1467.4102	1610.1392
47	2	1463.4922	1617.1125
47	3	1452.731	1636.128
47	4	1470.4938	1582.4573
47	5	1462.7144	1603.1577
47	6	1461.6101	1596.8555
47	7	1470.1245	1595.0253
47	8	1463.129	1585.7113
47	9	1464.5535	1579.157
47	10	1465.9414	1575.0051
47	11	1459.76	1572.1782
47	12	1474.1154	1617.1246
47	13	1435.5704	1606.8263
47	14	1427.5009	1601.4904
47	15	1498.1354	1578.0165
47	17	1460.0707	1623.3455
47	18	1419.6389	1596.8759
47	19	1426.9852	1613.5908
47	20	1456.1497	1629.841
47	21	1506.4816	1604.7412
47	22	1503.5471	1610.4583
47	23	1505.3961	1607.796
47	24	1422.9392	1611.5658
47	25	1414.3986	1594.7483
47	26	1504.333	1614.5018
47	27	1510.9548	1612.861
47	28	1513.871	1607.108
47	29	1512.9296	1610.0618
47	30	1422.1173	1628.4801
47	31	1408.8815	1613.7639
47	32	1409.4736	1616.6769
47	34	1518.9536	1615.1882
47	36	1520.9984	1612.8079
47	37	1403.4958	1613.8954
47	38	1403.7484	1623.2291
47	39	1505.8761	1557.5693
47	40	1402.2908	1630.4712
47	41	1512.1963	1542.623
47	42	1395.5475	1617.029
47	46	1405.8026	1593.1862
48	1	1467.446	1610.0027
48	2	1463.5544	1616.9689
48	3	1452.7438	1636.1296
48	4	1470.544	1582.3125
48	5	1462.6433	1603.3264
48	6	1461.141	1596.9596
48	7	1470.2815	1594.685
48	8	1463.1289	1585.7114
48	9	1464.5535	1579.157
48	10	1465.9244	1575.0009
48	11	1459.7535	1572.1776
48	12	1474.1154	1617.1246
48	13	1435.5704	1606.8263
48	14	1427.5009	1601.4904
48	15	1498.0062	1578.503
48	17	1460.1156	1623.2863
48	18	1419.6389	1596.8759
48	19	1426.9852	1613.5908
48	20	1456.1777	1629.8004
48	21	1506.4816	1604.7412
48	22	1503.5471	1610.4583
48	23	1505.3961	1607.796
48	24	1422.9392	1611.5658
48	25	1414.3986	1594.7483
48	26	1504.2628	1614.494
48	27	1510.9548	1612.861
48	28	1513.871	1607.108
48	29	1512.9296	1610.0618
48	30	1422.1173	1628.4801
48	31	1408.8815	1613.7639
48	32	1409.4736	1616.6769
48	34	1518.9536	1615.1882
48	36	1520.9984	1612.8079
48	37	1403.4958	1613.8954
48	38	1403.7484	1623.2291
48	39	1505.6765	1558.0665
48	40	1402.2908	1630.4712
48	41	1511.9496	1543.2468
48	42	1395.5522	1617.1442
48	46	1405.918	1593.262
49	1	1467.4786	1609.8632
49	2	1463.6244	1616.8223
49	3	1452.7373	1636.1265
49	4	1470.592	1582.1681
49	5	1462.572	1603.4923
49	6	1460.6709	1597.0667
49	7	1470.4397	1594.3309
49	8	1463.1289	1585.7113
49	9	1464.5535	1579.157
49	10	1465.9465	1575.0028
49	11	1459.7576	1572.1774
49	12	1474.1154	1617.1246
49	13	1435.5704	1606.8263
49	14	1427.5009	1601.4904
49	15	1497.8854	1579.0165
49	17	1460.1564	1623.2113
49	18	1419.6389	1596.8759
49	19	1426.9852	1613.5908
49	20	1456.2163	1629.7533
49	21	1506.4816	1604.7412
49	22	1503.5471	1610.4583
49	23	1505.3961	1607.796
49	24	1422.9392	1611.5658
49	25	1414.3986	1594.7483
49	26	1504.2322	1614.4757
49	27	1510.9548	1612.861
49	28	1513.871	1607.108
49	29	1512.9296	1610.0618
49	30	1422.1173	1628.4801
49	31	1408.8815	1613.7639
49	32	1409.4736	1616.6769
49	34	1518.9536	1615.1882
49	36	1520.9984	1612.8079
49	37	1403.4958	1613.8954
49	38	1403.7484	1623.2291
49	39	1505.4468	1558.5969
49	40	1402.2908	1630.4712
49	41	1511.7054	1543.8391
49	42	1395.542	1617.2468
50	1	1467.5233	1609.7213
50	2	1463.6912	1616.6946
50	3	1452.7451	1636.1274
50	4	1470.633	1582.0364
50	5	1462.4955	1603.657
50	6	1460.185	1597.1458
50	7	1470.5963	1593.9939
50	8	1463.1289	1585.7113
50	9	1464.5535	1579.157
50	10	1465.9397	1575.0038
50	11	1459.7607	1572.1782
50	12	1474.1154	1617.1246
50	13	1435.5704	1606.8263
50	14	1427.5009	1601.4904
50	15	1497.7491	1579.5647
50	17	1460.1986	1623.1317
50	18	1419.6389	1596.8759
50	19	1426.9852	1613.5908
50	20	1456.2583	1629.7002
50	21	1506.4816	1604.7412
50	22	1503.5471	1610.4583
50	23	1505.3961	1607.796
50	24	1422.9392	1611.5658
50	25	1414.3986	1594.7483
50	26	1504.189	1614.4658
50	27	1510.9548	1612.861
50	28	1513.871	1607.108
50	29	1512.9296	1610.0618
50	30	1422.1173	1628.4801
50	31	1408.8815	1613.7639
50	32	1409.4736	1616.6769
50	34	1518.9536	1615.1882
50	36	1520.9984	1612.8079
50	37	1403.4958	1613.8954
50	38	1403.7484	1623.2291
50	39	1505.2288	1559.136
50	40	1402.2908	1630.4712
50	41	1511.4783	1544.402
50	42	1395.5558	1617.3405
51	1	1467.5658	1609.552
51	2	1463.7628	1616.528
51	3	1452.7562	1636.1176
51	4	1470.675	1581.9027
51	5	1462.4202	1603.823
51	6	1459.7374	1597.1984
51	7	1470.7383	1593.6632
51	8	1463.1289	1585.7113
51	9	1464.5535	1579.157
51	10	1465.9432	1575.0034
51	11	1459.756	1572.1794
51	12	1474.1154	1617.1246
51	13	1435.5704	1606.8263
51	14	1427.5009	1601.4904
51	15	1497.5975	1580.1451
51	17	1460.243	1623.0536
51	18	1419.6389	1596.8759
51	19	1426.9852	1613.5908
51	20	1456.3044	1629.6426
51	21	1506.4816	1604.7412
51	22	1503.5471	1610.4583
51	23	1505.3961	1607.796
51	24	1422.9392	1611.5658
51	25	1414.3986	1594.7483
51	26	1504.1138	1614.4502
51	27	1510.9548	1612.861
51	28	1513.871	1607.108
51	29	1512.9296	1610.0618
51	30	1422.1173	1628.4801
51	31	1408.8815	1613.7639
51	32	1409.4736	1616.6769
51	34	1518.9536	1615.1882
51	36	1520.9984	1612.8079
51	37	1403.4958	1613.8954
51	38	1403.7484	1623.2291
51	39	1505.0023	1559.6766
51	40	1402.2908	1630.4712
51	41	1511.2255	1545.0092
51	42	1395.5474	1617.4867
52	1	1467.5963	1609.3795
52	2	1463.8177	1616.4058
52	3	1452.7487	1636.1135
52	4	1470.7214	1581.7698
52	5	1462.3456	1603.9841
52	6	1459.2511	1597.234
52	7	1470.8896	1593.3123
52	8	1463.1288	1585.7114
52	9	1464.5535	1579.157
52	10	1465.9475	1575.0061
52	11	1459.7548	1572.1791
52	12	1474.1154	1617.1246
52	13	1435.5704	1606.8263
52	14	1427.5009	1601.4904
52	15	1497.4379	1580.7448
52	17	1460.3004	1622.98
52	18	1419.6389	1596.8759
52	19	1426.9852	1613.5908
52	20	1456.3372	1629.582
52	21	1506.4816	1604.7412
52	22	1503.5471	1610.4583
52	23	1505.3961	1607.796
52	24	1422.9392	1611.5658
52	25	1414.3986	1594.7483
52	26	1504.0809	1614.4305
52	27	1510.9548	1612.861
52	28	1513.871	1607.108
52	29	1512.9296	1610.0618
52	30	1422.1173	1628.4801
52	31	1408.8815	1613.7639
52	32	1409.4736	1616.6769
52	34	1518.9536	1615.1882
52	36	1520.9984	1612.8079
52	37	1403.4958	1613.8954
52	38	1403.7484	1623.2291
52	39	1504.8075	1560.1633
52	40	1402.2908	1630.4712
52	41	1510.9648	1545.6145
52	42	1395.5503	1617.5898
53	1	1467.6454	1609.1918
53	2	1463.89	1616.2556
53	3	1452.7676	1636.102
53	4	1470.7703	1581.6349
53	5	1462.2606	1604.1494
53	6	1458.7484	1597.2861
53	7	1471.0304	1592.9873
53	8	1463.1288	1585.7114
53	9	1464.5535	1579.157
53	10	1465.946	1575.002
53	11	1459.7579	1572.1808
53	12	1474.1154	1617.1246
53	13	1435.5704	1606.8263
53	14	1427.5009	1601.4904
53	15	1497.2704	1581.3834
53	17	1460.3627	1622.8889
53	18	1419.6389	1596.8759
53	19	1426.9852	1613.5908
53	20	1456.3903	1629.4999
53	21	1506.4816	1604.7412
53	22	1503.5471	1610.4583
53	23	1505.3961	1607.796
53	24	1422.9392	1611.5658
53	25	1414.3986	1594.7483
53	26	1504.053	1614.4111
53	27	1510.9548	1612.861
53	28	1513.871	1607.108
53	29	1512.9296	1610.0618
53	30	1422.1173	1628.4801
53	31	1408.8815	1613.7639
53	32	1409.4736	1616.6769
53	34	1518.9536	1615.1882
53	36	1520.9984	1612.8079
53	37	1403.4958	1613.8954
53	38	1403.7484	1623.2291
53	39	1504.5797	1560.7053
53	40	1402.2908	1630.4712
53	41	1510.7306	1546.19
53	42	1395.547	1617.7245
54	1	1467.683	1608.9775
54	2	1463.9595	1616.1157
54	3	1452.7809	1636.0889
54	4	1470.8177	1581.5007
54	5	1462.1842	1604.3057
54	6	1458.2428	1597.318
54	7	1471.1901	1592.6295
54	8	1463.1288	1585.7115
54	9	1464.5535	1579.157
54	10	1465.9487	1575.002
54	11	1459.7572	1572.1804
54	12	1474.1154	1617.1246
54	13	1435.5704	1606.8263
54	14	1427.5009	1601.4904
54	15	1497.0844	1582.0616
54	17	1460.4232	1622.7732
54	18	1419.6389	1596.8759
54	19	1426.9852	1613.5908
54	20	1456.4534	1629.3933
54	21	1506.4816	1604.7412
54	22	1503.5471	1610.4583
54	23	1505.3961	1607.796
54	24	1422.9392	1611.5658
54	25	1414.3986	1594.7483
54	26	1503.9738	1614.3956
54	27	1510.9548	1612.861
54	28	1513.871	1607.108
54	29	1512.9296	1610.0618
54	30	1422.1173	1628.4801
54	31	1408.8815	1613.7639
54	32	1409.4736	1616.6769
54	34	1518.9536	1615.1882
54	36	1520.9984	1612.8079
54	37	1403.4958	1613.8954
54	38	1403.7484	1623.2291
54	39	1504.3638	1561.2363
54	40	1402.2908	1630.4712
54	41	1510.4841	1546.79
54	42	1395.5541	1617.8464
55	1	1467.7206	1608.7542
55	2	1464.0192	1615.9852
55	3	1452.785	1636.0762
55	4	1470.8657	1581.3668
55	5	1462.1023	1604.4591
55	6	1457.7693	1597.3318
55	7	1471.3538	1592.2671
55	8	1463.1288	1585.7115
55	9	1464.5535	1579.157
55	10	1465.9509	1575.0039
55	11	1459.7592	1572.1794
55	12	1474.1154	1617.1246
55	13	1435.5704	1606.8263
55	14	1427.5009	1601.4904
55	15	1496.8948	1582.7598
55	17	1460.497	1622.6317
55	18	1419.6389	1596.8759
55	19	1426.9852	1613.5908
55	20	1456.5098	1629.3156
55	21	1506.4816	1604.7412
55	22	1503.5471	1610.4583
55	23	1505.3961	1607.796
55	24	1422.9392	1611.5658
55	25	1414.3986	1594.7483
55	26	1503.9595	1614.3828
55	27	1510.9548	1612.861
55	28	1513.871	1607.108
55	29	1512.9296	1610.0618
55	30	1422.1173	1628.4801
55	31	1408.8815	1613.7639
55	32	1409.4736	1616.6769
55	34	1518.9536	1615.1882
55	36	1520.9984	1612.8079
55	37	1403.4958	1613.8954
55	38	1403.7484	1623.2291
55	39	1504.1547	1561.7385
55	40	1402.2908	1630.4712
55	41	1510.2358	1547.3467
55	42	1395.5555	1617.9626
56	1	1467.7673	1608.5361
56	2	1464.09	1615.8368
56	3	1452.7982	1636.0681
56	4	1470.911	1581.2369
56	5	1462.0103	1604.6282
56	6	1457.2566	1597.3483
56	7	1471.5044	1591.9281
56	8	1463.1287	1585.7114
56	9	1464.5535	1579.157
56	10	1465.9518	1575.0046
56	11	1459.757	1572.1793
56	12	1474.1154	1617.1246
56	13	1435.5704	1606.8263
56	14	1427.5009	1601.4904
56	15	1496.6919	1583.4829
56	17	1460.56	1622.5267
56	18	1419.6389	1596.8759
56	19	1426.9852	1613.5908
56	20	1456.5531	1629.2405
56	21	1506.4816	1604.7412
56	22	1503.5471	1610.4583
56	23	1505.3961	1607.796
56	24	1422.9392	1611.5658
56	25	1414.3986	1594.7483
56	26	1503.9136	1614.369
56	27	1510.9548	1612.861
56	28	1513.871	1607.108
56	29	1512.9296	1610.0618
56	30	1422.1173	1628.4801
56	31	1408.8815	1613.7639
56	32	1409.4736	1616.6769
56	34	1518.9536	1615.1882
56	36	1520.9984	1612.8079
56	37	1403.4958	1613.8954
56	38	1403.7484	1623.2291
56	39	1503.9387	1562.2394
56	40	1402.2908	1630.4712
56	41	1510.026	1547.8828
56	42	1395.5472	1618.0538
56	43	1512.6832	1618.5363
57	1	1467.8081	1608.283
57	2	1464.1528	1615.6934
57	3	1452.8048	1636.0592
57	4	1470.9567	1581.1096
57	5	1461.9326	1604.7717
57	6	1456.7261	1597.344
57	7	1471.6407	1591.6101
57	8	1463.1288	1585.7113
57	9	1464.5535	1579.157
57	10	1465.9436	1575.0043
57	11	1459.7576	1572.1791
57	12	1474.1154	1617.1246
57	13	1435.5704	1606.8263
57	14	1427.5009	1601.4904
57	15	1496.466	1584.2544
57	17	1460.6403	1622.3978
57	18	1419.6389	1596.8759
57	19	1426.9852	1613.5908
57	20	1456.6011	1629.168
57	21	1506.4816	1604.7412
57	22	1503.5471	1610.4583
57	23	1505.3961	1607.796
57	24	1422.9392	1611.5658
57	25	1414.3986	1594.7483
57	26	1503.877	1614.354
57	27	1510.9548	1612.861
57	28	1513.871	1607.108
57	29	1512.9296	1610.0618
57	30	1422.1173	1628.4801
57	31	1408.8815	1613.7639
57	32	1409.4736	1616.6769
57	34	1518.9536	1615.1882
57	36	1520.9984	1612.8079
57	37	1403.4958	1613.8954
57	38	1403.7484	1623.2291
57	39	1503.7526	1562.7128
57	40	1402.2908	1630.4712
57	41	1509.7941	1548.4462
57	42	1395.5592	1618.1841
57	43	1512.6832	1618.5363
58	1	1467.854	1608.035
58	2	1464.2257	1615.5399
58	3	1452.8435	1636.0184
58	4	1471.0071	1580.9741
58	5	1461.848	1604.9191
58	6	1456.2186	1597.3455
58	7	1471.7917	1591.2616
58	8	1463.1287	1585.7113
58	9	1464.5535	1579.157
58	10	1465.9456	1574.9962
58	11	1459.7584	1572.1787
58	12	1474.1154	1617.1246
58	13	1435.5704	1606.8263
58	14	1427.5009	1601.4904
58	15	1496.244	1585.0172
58	17	1460.7107	1622.277
58	18	1419.6389	1596.8759
58	19	1426.9852	1613.5908
58	20	1456.6536	1629.0869
58	21	1506.4816	1604.7412
58	22	1503.5471	1610.4583
58	23	1505.3961	1607.796
58	24	1422.9392	1611.5658
58	25	1414.3986	1594.7483
58	26	1503.8562	1614.3389
58	27	1510.9548	1612.861
58	28	1513.871	1607.108
58	29	1512.9296	1610.0618
58	30	1422.1173	1628.4801
58	31	1408.8815	1613.7639
58	32	1409.4736	1616.6769
58	34	1518.9536	1615.1882
58	36	1520.9984	1612.8079
58	37	1403.4958	1613.8954
58	38	1403.7484	1623.2291
58	39	1503.5321	1563.2334
58	40	1402.2908	1630.4712
58	41	1509.5703	1548.9796
58	43	1512.6832	1618.5363
59	1	1467.8802	1607.776
59	2	1464.2935	1615.398
59	3	1452.8683	1635.9885
59	4	1471.0562	1580.8385
59	5	1461.7601	1605.067
59	6	1455.7128	1597.3333
59	7	1471.9318	1590.9243
59	8	1463.1287	1585.7114
59	9	1464.5535	1579.157
59	10	1465.947	1575.0012
59	11	1459.7576	1572.1779
59	12	1474.1154	1617.1246
59	13	1435.5704	1606.8263
59	14	1427.5009	1601.4904
59	15	1495.9972	1585.827
59	17	1460.7838	1622.1641
59	18	1419.6389	1596.8759
59	19	1426.9852	1613.5908
59	20	1456.7185	1629.022
59	21	1506.4816	1604.7412
59	22	1503.5471	1610.4583
59	23	1505.3961	1607.796
59	24	1422.9392	1611.5658
59	25	1414.3986	1594.7483
59	26	1503.8363	1614.3346
59	27	1510.9548	1612.861
59	28	1513.871	1607.108
59	29	1512.9296	1610.0618
59	30	1422.1173	1628.4801
59	31	1408.8815	1613.7639
59	32	1409.4736	1616.6769
59	34	1518.9536	1615.1882
59	36	1520.9984	1612.8079
59	37	1403.4958	1613.8954
59	38	1403.7484	1623.2291
59	39	1503.3138	1563.7505
59	40	1402.2908	1630.4712
59	41	1509.3439	1549.5112
59	43	1512.6832	1618.5363
60	1	1467.918	1607.4504
60	2	1464.3615	1615.2582
60	3	1452.8928	1635.9639
60	4	1471.1018	1580.704
60	5	1461.6716	1605.2169
60	6	1455.1659	1597.3031
60	7	1472.0754	1590.571
60	8	1463.1287	1585.7114
60	9	1464.5535	1579.157
60	10	1465.9307	1575.0012
60	11	1459.7562	1572.1781
60	12	1474.1154	1617.1246
60	13	1435.5704	1606.8263
60	14	1427.5009	1601.4904
60	15	1495.7479	1586.6455
60	17	1460.8416	1622.056
60	18	1419.6389	1596.8759
60	19	1426.9852	1613.5908
60	20	1456.7897	1628.903
60	21	1506.4816	1604.7412
60	22	1503.5471	1610.4583
60	23	1505.3961	1607.796
60	24	1422.9392	1611.5658
60	25	1414.3986	1594.7483
60	26	1503.8304	1614.3208
60	27	1510.9548	1612.861
60	28	1513.871	1607.108
60	29	1512.9296	1610.0618
60	30	1422.1173	1628.4801
60	31	1408.8815	1613.7639
60	32	1409.4736	1616.6769
60	34	1518.9536	1615.1882
60	36	1520.9984	1612.8079
60	37	1403.4958	1613.8954
60	38	1403.7484	1623.2291
60	39	1503.1056	1564.2383
60	40	1402.2908	1630.4712
60	41	1509.1254	1550.0751
60	43	1512.6832	1618.5363
61	1	1467.9493	1607.1466
61	2	1464.4343	1615.091
61	3	1452.9089	1635.9354
61	4	1471.1462	1580.5812
61	5	1461.5868	1605.3615
61	6	1454.6268	1597.2533
61	7	1472.2117	1590.2347
61	8	1463.1287	1585.7114
61	9	1464.5535	1579.157
61	10	1465.9518	1574.9968
61	11	1459.7533	1572.178
61	12	1474.1154	1617.1246
61	13	1435.5704	1606.8263
61	14	1427.5009	1601.4904
61	15	1495.4855	1587.4615
61	17	1460.9054	1621.9247
61	18	1419.6389	1596.8759
61	19	1426.9852	1613.5908
61	20	1456.8776	1628.7632
61	21	1506.4816	1604.7412
61	22	1503.5471	1610.4583
61	23	1505.3961	1607.796
61	24	1422.9392	1611.5658
61	25	1414.3986	1594.7483
61	26	1503.784	1614.3156
61	27	1510.9548	1612.861
61	28	1513.871	1607.108
61	29	1512.9296	1610.0618
61	30	1422.1173	1628.4801
61	31	1408.8815	1613.7639
61	32	1409.4736	1616.6769
61	34	1518.9536	1615.1882
61	36	1520.9984	1612.8079
61	37	1403.4958	1613.8954
61	38	1403.7484	1623.2291
61	39	1502.921	1564.7227
61	40	1402.2908	1630.4712
61	41	1508.9183	1550.5688
61	43	1512.6832	1618.5363
62	1	1467.9674	1606.8298
62	2	1464.5092	1614.9095
62	3	1452.9374	1635.9061
62	4	1471.1941	1580.4504
62	5	1461.4962	1605.511
62	6	1454.1179	1597.1802
62	7	1472.37	1589.8684
62	8	1463.1288	1585.7115
62	9	1464.5535	1579.157
62	10	1465.9504	1575.0035
62	11	1459.755	1572.1761
62	12	1474.1154	1617.1246
62	13	1435.5704	1606.8263
62	14	1427.5009	1601.4904
62	15	1495.2198	1588.2788
62	17	1460.9738	1621.806
62	18	1419.6389	1596.8759
62	19	1426.9852	1613.5908
62	20	1456.9283	1628.7139
62	21	1506.4816	1604.7412
62	22	1503.5471	1610.4583
62	23	1505.3961	1607.796
62	24	1422.9392	1611.5658
62	25	1414.3986	1594.7483
62	26	1503.7704	1614.312
62	27	1510.9548	1612.861
62	28	1513.871	1607.108
62	29	1512.9296	1610.0618
62	30	1422.1173	1628.4801
62	31	1408.8815	1613.7639
62	32	1409.4736	1616.6769
62	34	1518.9536	1615.1882
62	36	1520.9984	1612.8079
62	37	1403.4958	1613.8954
62	38	1403.7484	1623.2291
62	39	1502.7166	1565.2003
62	40	1402.2908	1630.4712
62	41	1508.6931	1551.0963
62	43	1512.6832	1618.5363
63	1	1467.9805	1606.4988
63	2	1464.5947	1614.7104
63	3	1452.958	1635.8765
63	4	1471.2415	1580.3147
63	5	1461.4069	1605.6583
63	6	1453.5873	1597.1322
63	7	1472.5143	1589.5199
63	8	1463.1288	1585.7117
63	9	1464.5535	1579.157
63	10	1465.9507	1575.0017
63	11	1459.7539	1572.1777
63	12	1474.1154	1617.1246
63	13	1435.5704	1606.8263
63	14	1427.5009	1601.4904
63	15	1494.9427	1589.1033
63	17	1461.023	1621.7031
63	18	1419.6389	1596.8759
63	19	1426.9852	1613.5908
63	20	1457.0204	1628.5632
63	21	1506.4816	1604.7412
63	22	1503.5471	1610.4583
63	23	1505.3961	1607.796
63	24	1422.9392	1611.5658
63	25	1414.3986	1594.7483
63	26	1503.7687	1614.3093
63	27	1510.9548	1612.861
63	28	1513.871	1607.108
63	29	1512.9296	1610.0618
63	30	1422.1173	1628.4801
63	31	1408.8815	1613.7639
63	32	1409.4736	1616.6769
63	34	1518.9536	1615.1882
63	36	1520.9984	1612.8079
63	37	1403.4958	1613.8954
63	38	1403.7484	1623.2291
63	39	1502.5145	1565.6687
63	40	1402.2908	1630.4712
63	41	1508.4755	1551.6069
63	43	1512.6832	1618.5363
63	44	1514.6327	1547.2378
64	1	1467.9916	1606.176
64	2	1464.6848	1614.4955
64	3	1452.9916	1635.8392
64	4	1471.2838	1580.1825
64	5	1461.3127	1605.8136
64	6	1453.0457	1597.08
64	7	1472.6489	1589.1561
64	8	1463.1288	1585.7115
64	9	1464.5535	1579.157
64	10	1465.9476	1575.0046
64	11	1459.7593	1572.1807
64	12	1474.1154	1617.1246
64	13	1435.5704	1606.8263
64	14	1427.5009	1601.4904
64	15	1494.6431	1589.9407
64	17	1461.0916	1621.586
64	18	1419.6389	1596.8759
64	19	1426.9852	1613.5908
64	20	1457.0687	1628.48
64	21	1506.4816	1604.7412
64	22	1503.5471	1610.4583
64	23	1505.3961	1607.796
64	24	1422.9392	1611.5658
64	25	1414.3986	1594.7483
64	26	1503.734	1614.3038
64	27	1510.9548	1612.861
64	28	1513.871	1607.108
64	29	1512.9296	1610.0618
64	30	1422.1173	1628.4801
64	31	1408.8815	1613.7639
64	32	1409.4736	1616.6769
64	34	1518.9536	1615.1882
64	36	1520.9984	1612.8079
64	37	1403.4958	1613.8954
64	38	1403.7484	1623.2291
64	39	1502.3365	1566.1251
64	40	1402.2908	1630.4712
64	41	1508.2664	1552.114
64	43	1512.6832	1618.5363
64	44	1514.1638	1548.441
65	1	1467.9742	1605.778
65	2	1464.781	1614.2909
65	3	1453.0276	1635.7825
65	4	1471.3287	1580.0448
65	5	1461.2274	1605.96
65	6	1452.5126	1596.9724
65	7	1472.7927	1588.8093
65	8	1463.1289	1585.7114
65	9	1464.5535	1579.157
65	10	1465.9344	1575.0045
65	11	1459.7482	1572.1785
65	12	1474.1154	1617.1246
65	13	1435.5704	1606.8263
65	14	1427.5009	1601.4904
65	15	1494.3495	1590.7727
65	17	1461.1804	1621.4413
65	18	1419.6389	1596.8759
65	19	1426.9852	1613.5908
65	20	1457.155	1628.3616
65	21	1506.4816	1604.7412
65	22	1503.5471	1610.4583
65	23	1505.3961	1607.796
65	24	1422.9392	1611.5658
65	25	1414.3986	1594.7483
65	26	1503.727	1614.3083
65	27	1510.9548	1612.861
65	28	1513.871	1607.108
65	29	1512.9296	1610.0618
65	30	1422.1173	1628.4801
65	31	1408.8815	1613.7639
65	32	1409.4736	1616.6769
65	34	1518.9536	1615.1882
65	36	1520.9984	1612.8079
65	37	1403.4958	1613.8954
65	38	1403.7484	1623.2291
65	39	1502.1421	1566.5897
65	40	1402.2908	1630.4712
65	41	1508.0632	1552.6055
65	43	1512.6832	1618.5363
65	44	1513.6598	1549.2296
66	1	1467.96	1605.4082
66	2	1464.8694	1614.0714
66	3	1453.0629	1635.7305
66	4	1471.3762	1579.9048
66	5	1461.147	1606.1097
66	6	1451.9662	1596.8706
66	7	1472.9332	1588.4519
66	8	1463.1289	1585.7115
66	9	1464.5535	1579.157
66	10	1465.943	1575.004
66	11	1459.7599	1572.1796
66	12	1474.1154	1617.1246
66	13	1435.5704	1606.8263
66	14	1427.5009	1601.4904
66	15	1494.0417	1591.6171
66	17	1461.2476	1621.3029
66	18	1419.6389	1596.8759
66	19	1426.9852	1613.5908
66	20	1457.2217	1628.27
66	21	1506.4816	1604.7412
66	22	1503.5471	1610.4583
66	23	1505.3961	1607.796
66	24	1422.9392	1611.5658
66	25	1414.3986	1594.7483
66	26	1503.7057	1614.2856
66	27	1510.9548	1612.861
66	28	1513.871	1607.108
66	29	1512.9296	1610.0618
66	30	1422.1173	1628.4801
66	31	1408.8815	1613.7639
66	32	1409.4736	1616.6769
66	34	1518.9536	1615.1882
66	36	1520.9984	1612.8079
66	37	1403.4958	1613.8954
66	38	1403.7484	1623.2291
66	39	1501.9697	1567.0228
66	40	1402.2908	1630.4712
66	41	1507.8539	1553.0986
66	43	1512.6832	1618.5363
66	44	1513.3497	1549.8358
67	1	1467.923	1605.0004
67	2	1464.9707	1613.8275
67	3	1453.1045	1635.6805
67	4	1471.4164	1579.7686
67	5	1461.0577	1606.2717
67	6	1451.4327	1596.7628
67	7	1473.0931	1588.0757
67	8	1463.1289	1585.7115
67	9	1464.5535	1579.157
67	10	1465.9467	1575.009
67	11	1459.7565	1572.1799
67	12	1474.1154	1617.1246
67	13	1435.5704	1606.8263
67	14	1427.5009	1601.4904
67	15	1493.7281	1592.4653
67	17	1461.3256	1621.1562
67	18	1419.6389	1596.8759
67	19	1426.9852	1613.5908
67	20	1457.3132	1628.1454
67	21	1506.4816	1604.7412
67	22	1503.5471	1610.4583
67	23	1505.3961	1607.796
67	24	1422.9392	1611.5658
67	25	1414.3986	1594.7483
67	26	1503.674	1614.2775
67	27	1510.9548	1612.861
67	28	1513.871	1607.108
67	29	1512.9296	1610.0618
67	30	1422.1173	1628.4801
67	31	1408.8815	1613.7639
67	32	1409.4736	1616.6769
67	34	1518.9536	1615.1882
67	36	1520.9984	1612.8079
67	37	1403.4958	1613.8954
67	38	1403.7484	1623.2291
67	39	1501.7861	1567.4844
67	40	1402.2908	1630.4712
67	41	1507.6608	1553.5912
67	43	1512.6832	1618.5363
67	44	1512.9902	1550.7112
68	1	1467.878	1604.5997
68	2	1465.0662	1613.5817
68	3	1453.1533	1635.6041
68	4	1471.4601	1579.6309
68	5	1460.9788	1606.4143
68	6	1450.8497	1596.6161
68	7	1473.2216	1587.7323
68	8	1463.1288	1585.7117
68	9	1464.5535	1579.157
68	10	1465.948	1574.9993
68	11	1459.7563	1572.1786
68	12	1474.1154	1617.1246
68	13	1435.5704	1606.8263
68	14	1427.5009	1601.4904
68	15	1493.4009	1593.3145
68	17	1461.3833	1621.041
68	18	1419.6389	1596.8759
68	19	1426.9852	1613.5908
68	20	1457.4055	1628.0392
68	21	1506.4816	1604.7412
68	22	1503.5471	1610.4583
68	23	1505.3961	1607.796
68	24	1422.9392	1611.5658
68	25	1414.3986	1594.7483
68	26	1503.6624	1614.2787
68	27	1510.9548	1612.861
68	28	1513.871	1607.108
68	29	1512.9296	1610.0618
68	30	1422.1173	1628.4801
68	31	1408.8815	1613.7639
68	32	1409.4736	1616.6769
68	34	1518.9536	1615.1882
68	36	1520.9984	1612.8079
68	37	1403.4958	1613.8954
68	38	1403.7484	1623.2291
68	39	1501.6177	1567.9039
68	40	1402.2908	1630.4712
68	41	1507.4773	1554.0698
68	43	1512.6832	1618.5363
68	44	1512.8032	1551.2441
69	1	1467.8135	1604.1595
69	2	1465.1621	1613.3146
69	3	1453.2058	1635.5491
69	4	1471.5055	1579.4825
69	5	1460.888	1606.5579
69	6	1450.3373	1596.4835
69	7	1473.3845	1587.369
69	8	1463.1288	1585.7117
69	9	1464.5535	1579.157
69	10	1465.9535	1574.9993
69	11	1459.7601	1572.1761
69	12	1474.1154	1617.1246
69	13	1435.5704	1606.8263
69	14	1427.5009	1601.4904
69	15	1493.0651	1594.1779
69	17	1461.4447	1620.9148
69	18	1419.6389	1596.8759
69	19	1426.9852	1613.5908
69	20	1457.4904	1627.947
69	21	1506.4816	1604.7412
69	22	1503.5471	1610.4583
69	23	1505.3961	1607.796
69	24	1422.9392	1611.5658
69	25	1414.3986	1594.7483
69	26	1503.637	1614.2634
69	27	1510.9548	1612.861
69	28	1513.871	1607.108
69	29	1512.9296	1610.0618
69	30	1422.1173	1628.4801
69	31	1408.8815	1613.7639
69	32	1409.4736	1616.6769
69	34	1518.9536	1615.1882
69	36	1520.9984	1612.8079
69	37	1403.4958	1613.8954
69	38	1403.7484	1623.2291
69	39	1501.4572	1568.3175
69	40	1402.2908	1630.4712
69	41	1507.2676	1554.5729
69	43	1512.6832	1618.5363
69	44	1512.8069	1551.3833
70	1	1467.7351	1603.7422
70	2	1465.2607	1613.0703
70	3	1453.2496	1635.4786
70	4	1471.5477	1579.3383
70	5	1460.7997	1606.7134
70	6	1449.7971	1596.3447
70	7	1473.5326	1587.0339
70	8	1463.1288	1585.7117
70	9	1464.5535	1579.157
70	10	1465.9429	1575.0016
70	11	1459.7537	1572.177
70	12	1474.1154	1617.1246
70	13	1435.5704	1606.8263
70	14	1427.5009	1601.4904
70	15	1492.7137	1595.0511
70	17	1461.5198	1620.7949
70	18	1419.6389	1596.8759
70	19	1426.9852	1613.5908
70	20	1457.5918	1627.8174
70	21	1506.4816	1604.7412
70	22	1503.5471	1610.4583
70	23	1505.3961	1607.796
70	24	1422.9392	1611.5658
70	25	1414.3986	1594.7483
70	26	1503.6284	1614.2653
70	27	1510.9548	1612.861
70	28	1513.871	1607.108
70	29	1512.9296	1610.0618
70	30	1422.1173	1628.4801
70	31	1408.8815	1613.7639
70	32	1409.4736	1616.6769
70	34	1518.9536	1615.1882
70	36	1520.9984	1612.8079
70	37	1403.4958	1613.8954
70	38	1403.7484	1623.2291
70	39	1501.2775	1568.7483
70	40	1402.2908	1630.4712
70	41	1507.0758	1555.0717
70	43	1512.6832	1618.5363
70	44	1512.6385	1551.8644
71	1	1467.6356	1603.2981
71	2	1465.3702	1612.7786
71	3	1453.3115	1635.3958
71	4	1471.5927	1579.2009
71	5	1460.7152	1606.8535
71	6	1449.2544	1596.1826
71	7	1473.6884	1586.6633
71	8	1463.1288	1585.7117
71	9	1464.5535	1579.157
71	10	1465.9503	1575.0012
71	11	1459.7573	1572.1752
71	12	1474.1154	1617.1246
71	13	1435.5704	1606.8263
71	14	1427.5009	1601.4904
71	15	1492.3524	1595.9255
71	17	1461.5941	1620.6653
71	18	1419.6389	1596.8759
71	19	1426.9852	1613.5908
71	20	1457.6945	1627.6722
71	21	1506.4816	1604.7412
71	22	1503.5471	1610.4583
71	23	1505.3961	1607.796
71	24	1422.9392	1611.5658
71	25	1414.3986	1594.7483
71	26	1503.6063	1614.2568
71	27	1510.9548	1612.861
71	28	1513.871	1607.108
71	29	1512.9296	1610.0618
71	30	1422.1173	1628.4801
71	31	1408.8815	1613.7639
71	32	1409.4736	1616.6769
71	34	1518.9536	1615.1882
71	36	1520.9984	1612.8079
71	37	1403.4958	1613.8954
71	38	1403.7484	1623.2291
71	39	1501.12	1569.1433
71	40	1402.2908	1630.4712
71	41	1506.8848	1555.541
71	43	1512.6832	1618.5363
71	44	1512.3824	1552.5886
72	1	1467.522	1602.8461
72	2	1465.4797	1612.459
72	3	1453.3938	1635.3062
72	4	1471.6311	1579.0706
72	5	1460.6383	1606.9866
72	6	1448.7144	1596.0326
72	7	1473.8448	1586.3097
72	8	1463.1288	1585.7117
72	9	1464.5535	1579.157
72	10	1465.948	1574.9993
72	11	1459.7582	1572.1771
72	12	1474.1154	1617.1246
72	13	1435.5704	1606.8263
72	14	1427.5009	1601.4904
72	15	1491.9756	1596.7938
72	17	1461.685	1620.5101
72	18	1419.6389	1596.8759
72	19	1426.9852	1613.5908
72	20	1457.8053	1627.5106
72	21	1506.4816	1604.7412
72	22	1503.5471	1610.4583
72	23	1505.3961	1607.796
72	24	1422.9392	1611.5658
72	25	1414.3986	1594.7483
72	26	1503.5911	1614.2612
72	27	1510.9548	1612.861
72	28	1513.871	1607.108
72	29	1512.9296	1610.0618
72	30	1422.1173	1628.4801
72	31	1408.8815	1613.7639
72	32	1409.4736	1616.6769
72	34	1518.9536	1615.1882
72	36	1520.9984	1612.8079
72	37	1403.4958	1613.8954
72	38	1403.7484	1623.2291
72	39	1500.9692	1569.5048
72	40	1402.2908	1630.4712
72	41	1506.6902	1555.9934
72	43	1512.6832	1618.5363
72	44	1512.0784	1553.3553
73	1	1467.3945	1602.3922
73	2	1465.5763	1612.1635
73	3	1453.4517	1635.1952
73	4	1471.6688	1578.9469
73	5	1460.56	1607.126
73	6	1448.2034	1595.8582
73	7	1474.0024	1585.9551
73	8	1463.1288	1585.7118
73	9	1464.5535	1579.157
73	10	1465.9547	1575.0021
73	11	1459.7589	1572.179
73	12	1474.1154	1617.1246
73	13	1435.5704	1606.8263
73	14	1427.5009	1601.4904
73	15	1491.591	1597.6864
73	17	1461.7728	1620.3583
73	18	1419.6389	1596.8759
73	19	1426.9852	1613.5908
73	20	1457.9152	1627.351
73	21	1506.4816	1604.7412
73	22	1503.5471	1610.4583
73	23	1505.3961	1607.796
73	24	1422.9392	1611.5658
73	25	1414.3986	1594.7483
73	26	1503.58	1614.248
73	27	1510.9548	1612.861
73	28	1513.871	1607.108
73	29	1512.9296	1610.0618
73	30	1422.1173	1628.4801
73	31	1408.8815	1613.7639
73	32	1409.4736	1616.6769
73	34	1518.9536	1615.1882
73	36	1520.9984	1612.8079
73	37	1403.4958	1613.8954
73	38	1403.7484	1623.2291
73	39	1500.807	1569.8788
73	40	1402.2908	1630.4712
73	41	1506.4949	1556.429
73	43	1512.6832	1618.5363
73	44	1511.7207	1554.2892
73	45	1516.3265	1531.1464
74	1	1467.2366	1601.8947
74	2	1465.6729	1611.8546
74	3	1453.5208	1635.1036
74	4	1471.7122	1578.806
74	5	1460.4507	1607.3134
74	6	1447.6649	1595.6774
74	7	1474.1721	1585.5795
74	8	1463.1287	1585.7118
74	9	1464.5535	1579.157
74	10	1465.9578	1575.0059
74	11	1459.757	1572.1776
74	12	1474.1154	1617.1246
74	13	1435.5704	1606.8263
74	14	1427.5009	1601.4904
74	15	1491.1998	1598.5729
74	17	1461.8717	1620.1879
74	18	1419.6389	1596.8759
74	19	1426.9852	1613.5908
74	20	1458.0302	1627.173
74	21	1506.4816	1604.7412
74	22	1503.5471	1610.4583
74	23	1505.3961	1607.796
74	24	1422.9392	1611.5658
74	25	1414.3986	1594.7483
74	26	1503.5468	1614.2446
74	27	1510.9548	1612.861
74	28	1513.871	1607.108
74	29	1512.9296	1610.0618
74	30	1422.1173	1628.4801
74	31	1408.8815	1613.7639
74	32	1409.4736	1616.6769
74	34	1518.9536	1615.1882
74	37	1403.4958	1613.8954
74	38	1403.7484	1623.2291
74	39	1500.6642	1570.2329
74	40	1402.2908	1630.4712
74	41	1506.3167	1556.8695
74	43	1512.6832	1618.5363
74	44	1511.301	1555.3538
74	45	1516.0585	1531.9502
75	1	1467.0518	1601.4031
75	2	1465.7598	1611.5382
75	3	1453.6042	1634.9866
75	4	1471.7577	1578.6678
75	5	1460.3374	1607.4927
75	6	1447.1133	1595.4545
75	7	1474.326	1585.2318
75	8	1463.1287	1585.7118
75	9	1464.5535	1579.157
75	10	1465.9551	1575.0059
75	11	1459.7577	1572.1782
75	12	1474.1154	1617.1246
75	13	1435.5704	1606.8263
75	14	1427.5009	1601.4904
75	15	1490.801	1599.4722
75	17	1461.9703	1620.0001
75	18	1419.6389	1596.8759
75	19	1426.9852	1613.5908
75	20	1458.1605	1627.0156
75	21	1506.4816	1604.7412
75	22	1503.5471	1610.4583
75	23	1505.3961	1607.796
75	24	1422.9392	1611.5658
75	25	1414.3986	1594.7483
75	26	1503.5366	1614.2491
75	28	1513.871	1607.108
75	29	1512.9296	1610.0618
75	30	1422.1173	1628.4801
75	31	1408.8815	1613.7639
75	32	1409.4736	1616.6769
75	34	1518.9536	1615.1882
75	37	1403.4958	1613.8954
75	38	1403.7484	1623.2291
75	39	1500.5261	1570.5876
75	40	1402.2908	1630.4712
75	41	1506.1338	1557.3236
75	43	1512.6832	1618.5363
75	44	1510.8381	1556.5385
75	45	1515.6779	1532.7454
76	1	1466.8319	1600.8796
76	2	1465.8568	1611.1774
76	3	1453.6642	1634.9126
76	4	1471.8025	1578.5348
76	5	1460.2377	1607.654
76	6	1446.5516	1595.2373
76	7	1474.4938	1584.8557
76	8	1463.1287	1585.7117
76	9	1464.5535	1579.157
76	10	1465.9551	1574.9999
76	11	1459.7611	1572.1786
76	12	1474.1154	1617.1246
76	13	1435.5704	1606.8263
76	14	1427.5009	1601.4904
76	15	1490.3845	1600.3899
76	17	1462.0839	1619.8119
76	18	1419.6389	1596.8759
76	19	1426.9852	1613.5908
76	20	1458.2573	1626.8525
76	21	1506.4816	1604.7412
76	22	1503.5471	1610.4583
76	24	1422.9392	1611.5658
76	25	1414.3986	1594.7483
76	26	1503.5175	1614.2249
76	28	1513.871	1607.108
76	29	1512.9296	1610.0618
76	30	1422.1173	1628.4801
76	31	1408.8815	1613.7639
76	32	1409.4736	1616.6769
76	36	1520.9984	1612.8079
76	37	1403.4958	1613.8954
76	38	1403.7484	1623.2291
76	39	1500.3779	1570.9166
76	40	1402.2908	1630.4712
76	41	1505.951	1557.7694
76	43	1512.6832	1618.5363
76	44	1510.3553	1557.7479
76	45	1515.3748	1533.5435
77	1	1466.5931	1600.3533
77	2	1465.9431	1610.8043
77	3	1453.7297	1634.8007
77	4	1471.8514	1578.3983
77	5	1460.1562	1607.793
77	6	1446.0116	1595.0444
77	7	1474.6609	1584.5138
77	8	1463.1287	1585.7117
77	9	1464.5535	1579.157
77	10	1465.9436	1575.0049
77	11	1459.7607	1572.1805
77	12	1474.1154	1617.1246
77	13	1435.5704	1606.8263
77	14	1427.5009	1601.4904
77	15	1489.9679	1601.3027
77	17	1462.1838	1619.5822
77	18	1419.6389	1596.8759
77	19	1426.9852	1613.5908
77	20	1458.3843	1626.7122
77	21	1506.4816	1604.7412
77	22	1503.5471	1610.4583
77	23	1505.3961	1607.796
77	24	1422.9392	1611.5658
77	25	1414.3986	1594.7483
77	26	1503.5262	1614.2378
77	28	1513.871	1607.108
77	29	1512.9296	1610.0618
77	30	1422.1173	1628.4801
77	31	1408.8815	1613.7639
77	32	1409.4736	1616.6769
77	34	1518.9536	1615.1882
77	36	1520.9984	1612.8079
77	37	1403.4958	1613.8954
77	38	1403.7484	1623.2291
77	39	1500.2631	1571.2229
77	40	1402.2908	1630.4712
77	41	1505.7866	1558.2017
77	43	1512.6832	1618.5363
77	44	1509.583	1559.6011
77	45	1515.0734	1534.2617
78	1	1466.319	1599.8203
78	2	1466.0217	1610.4547
78	3	1453.8102	1634.6963
78	4	1471.9023	1578.2651
78	5	1460.0543	1607.939
78	6	1445.4818	1594.7982
78	7	1474.8248	1584.1575
78	8	1463.1287	1585.7117
78	9	1464.5535	1579.157
78	10	1465.9592	1575.001
78	11	1459.7574	1572.179
78	12	1474.1154	1617.1246
78	13	1435.5704	1606.8263
78	14	1427.5009	1601.4904
78	15	1489.54	1602.2085
78	17	1462.3036	1619.3638
78	18	1419.6389	1596.8759
78	19	1426.9852	1613.5908
78	20	1458.466	1626.5864
78	21	1506.4816	1604.7412
78	22	1503.5471	1610.4583
78	23	1505.3961	1607.796
78	24	1422.9392	1611.5658
78	25	1414.3986	1594.7483
78	26	1503.5387	1614.2375
78	28	1513.871	1607.108
78	29	1512.9296	1610.0618
78	30	1422.1173	1628.4801
78	31	1408.8815	1613.7639
78	32	1409.4736	1616.6769
78	34	1518.9536	1615.1882
78	36	1520.9984	1612.8079
78	37	1403.4958	1613.8954
78	38	1403.7484	1623.2291
78	39	1500.1354	1571.5494
78	40	1402.2908	1630.4712
78	41	1505.605	1558.6433
78	44	1509.0848	1560.9291
78	45	1514.737	1535.0156
79	1	1466.0256	1599.3059
79	2	1466.0823	1610.1124
79	3	1453.8762	1634.5983
79	4	1471.953	1578.1266
79	5	1459.9539	1608.0864
79	6	1444.9548	1594.5825
79	7	1475.0024	1583.7906
79	8	1463.1287	1585.7117
79	9	1464.5535	1579.157
79	10	1465.9564	1574.9998
79	11	1459.7593	1572.1759
79	12	1474.1154	1617.1246
79	13	1435.5704	1606.8263
79	14	1427.5009	1601.4904
79	15	1489.0953	1603.1377
79	17	1462.4304	1619.1421
79	18	1419.6389	1596.8759
79	19	1426.9852	1613.5908
79	20	1458.5724	1626.4414
79	21	1506.4816	1604.7412
79	22	1503.5471	1610.4583
79	23	1505.3961	1607.796
79	24	1422.9392	1611.5658
79	25	1414.3986	1594.7483
79	28	1513.871	1607.108
79	29	1512.9296	1610.0618
79	30	1422.1173	1628.4801
79	31	1408.8815	1613.7639
79	32	1409.4736	1616.6769
79	34	1518.9536	1615.1882
79	36	1520.9984	1612.8079
79	37	1403.4958	1613.8954
79	38	1403.7484	1623.2291
79	39	1500.0194	1571.8324
79	40	1402.2908	1630.4712
79	41	1505.4087	1559.0994
79	43	1512.6832	1618.5363
79	44	1508.3599	1562.5471
79	45	1514.4579	1535.7333
80	1	1465.6882	1598.7692
80	2	1466.1418	1609.7484
80	3	1453.9578	1634.5034
80	4	1472.0021	1577.9883
80	5	1459.8483	1608.2256
80	6	1444.4141	1594.3926
80	7	1475.1957	1583.4209
80	8	1463.1287	1585.7117
80	9	1464.5535	1579.157
80	10	1465.9546	1574.9957
80	11	1459.756	1572.1768
80	12	1474.1154	1617.1246
80	13	1435.5704	1606.8263
80	14	1427.5009	1601.4904
80	15	1488.6571	1604.0404
80	17	1462.565	1618.8856
80	18	1419.6389	1596.8759
80	19	1426.9852	1613.5908
80	20	1458.6763	1626.3064
80	21	1506.4816	1604.7412
80	22	1503.5471	1610.4583
80	23	1505.3961	1607.796
80	24	1422.9392	1611.5658
80	25	1414.3986	1594.7483
80	28	1513.871	1607.108
80	29	1512.9296	1610.0618
80	30	1422.1173	1628.4801
80	31	1408.8815	1613.7639
80	32	1409.4736	1616.6769
80	34	1518.9536	1615.1882
80	36	1520.9984	1612.8079
80	37	1403.4958	1613.8954
80	38	1403.7484	1623.2291
80	39	1499.8945	1572.1257
80	40	1402.2908	1630.4712
80	41	1505.2511	1559.5103
80	44	1507.1141	1565.594
80	45	1514.1427	1536.5012
80	47	1510.9689	1612.8107
81	1	1465.3315	1598.2438
81	2	1466.1886	1609.3673
81	3	1454.048	1634.3922
81	4	1472.0525	1577.853
81	5	1459.7615	1608.3685
81	6	1443.8461	1594.1362
81	7	1475.3638	1583.0594
81	8	1463.1285	1585.7118
81	9	1464.5535	1579.157
81	10	1465.9552	1575.0009
81	11	1459.7588	1572.1763
81	12	1474.1154	1617.1246
81	13	1435.5704	1606.8263
81	14	1427.5009	1601.4904
81	15	1488.2135	1604.9391
81	17	1462.7003	1618.6542
81	18	1419.6389	1596.8759
81	19	1426.9852	1613.5908
81	20	1458.7767	1626.1549
81	21	1506.4816	1604.7412
81	22	1503.5471	1610.4583
81	23	1505.3961	1607.796
81	24	1422.9392	1611.5658
81	25	1414.3986	1594.7483
81	28	1513.871	1607.108
81	29	1512.9296	1610.0618
81	30	1422.1173	1628.4801
81	31	1408.8815	1613.7639
81	32	1409.4736	1616.6769
81	34	1518.9536	1615.1882
81	36	1520.9984	1612.8079
81	37	1403.4958	1613.8954
81	38	1403.7484	1623.2291
81	39	1499.7898	1572.3826
81	40	1402.2908	1630.4712
81	41	1505.0878	1559.906
81	45	1513.8363	1537.2079
81	47	1510.9689	1612.8107
82	1	1464.956	1597.719
82	2	1466.2302	1608.9363
82	3	1454.1241	1634.2754
82	4	1472.1033	1577.7212
82	5	1459.672	1608.5171
82	6	1443.317	1593.8828
82	7	1475.5396	1582.6985
82	8	1463.1284	1585.7117
82	9	1464.5535	1579.157
82	10	1465.9552	1575.0028
82	11	1459.755	1572.1735
82	12	1474.1154	1617.1246
82	13	1435.5704	1606.8263
82	14	1427.5009	1601.4904
82	15	1487.7543	1605.8295
82	17	1462.837	1618.3911
82	18	1419.6389	1596.8759
82	19	1426.9852	1613.5908
82	20	1458.8762	1625.9889
82	21	1506.4816	1604.7412
82	22	1503.5471	1610.4583
82	23	1505.3961	1607.796
82	24	1422.9392	1611.5658
82	25	1414.3986	1594.7483
82	28	1513.871	1607.108
82	29	1512.9296	1610.0618
82	30	1422.1173	1628.4801
82	31	1408.8815	1613.7639
82	32	1409.4736	1616.6769
82	34	1518.9536	1615.1882
82	36	1520.9984	1612.8079
82	37	1403.4958	1613.8954
82	38	1403.7484	1623.2291
82	39	1499.681	1572.6586
82	40	1402.2908	1630.4712
82	41	1504.9138	1560.3455
82	44	1505.6123	1569.36
82	45	1513.5333	1537.9244
82	47	1510.9689	1612.8107
83	1	1464.5454	1597.1902
83	2	1466.2432	1608.5342
83	3	1454.2151	1634.1493
83	4	1472.1531	1577.599
83	5	1459.5648	1608.6824
83	6	1442.8159	1593.6725
83	7	1475.7128	1582.3596
83	8	1463.1284	1585.7117
83	9	1464.5535	1579.157
83	10	1465.9576	1574.9999
83	11	1459.7588	1572.1754
83	12	1474.1154	1617.1246
83	13	1435.5704	1606.8263
83	14	1427.5009	1601.4904
83	15	1487.2872	1606.7346
83	17	1462.9719	1618.1334
83	18	1419.6389	1596.8759
83	19	1426.9852	1613.5908
83	20	1458.9618	1625.8536
83	21	1506.4816	1604.7412
83	22	1503.5471	1610.4583
83	23	1505.3961	1607.796
83	24	1422.9392	1611.5658
83	25	1414.3986	1594.7483
83	26	1503.4905	1614.2435
83	28	1513.871	1607.108
83	29	1512.9296	1610.0618
83	30	1422.1173	1628.4801
83	31	1408.8815	1613.7639
83	32	1409.4736	1616.6769
83	34	1518.9536	1615.1882
83	36	1520.9984	1612.8079
83	37	1403.4958	1613.8954
83	38	1403.7484	1623.2291
83	39	1499.5773	1572.894
83	40	1402.2908	1630.4712
83	41	1504.7556	1560.7377
83	45	1513.2299	1538.5952
83	47	1510.9689	1612.8107
84	1	1464.0895	1596.6554
84	2	1466.29	1608.1428
84	3	1454.3138	1634.0491
84	4	1472.2041	1577.4718
84	5	1459.4685	1608.828
84	6	1442.2656	1593.4554
84	7	1475.9121	1582.004
84	8	1463.1284	1585.7118
84	9	1464.5535	1579.157
84	10	1465.9501	1574.9983
84	11	1459.7579	1572.1752
84	12	1474.1154	1617.1246
84	13	1435.5704	1606.8263
84	14	1427.5009	1601.4904
84	15	1486.8248	1607.6326
84	17	1463.1313	1617.8522
84	18	1419.6389	1596.8759
84	19	1426.9852	1613.5908
84	20	1459.0476	1625.7192
84	21	1506.4816	1604.7412
84	22	1503.5471	1610.4583
84	23	1505.3961	1607.796
84	24	1422.9392	1611.5658
84	25	1414.3986	1594.7483
84	26	1503.4315	1614.2075
84	28	1513.871	1607.108
84	29	1512.9296	1610.0618
84	30	1422.1173	1628.4801
84	31	1408.8815	1613.7639
84	32	1409.4736	1616.6769
84	34	1518.9536	1615.1882
84	36	1520.9984	1612.8079
84	37	1403.4958	1613.8954
84	38	1403.7484	1623.2291
84	39	1499.4967	1573.0931
84	40	1402.2908	1630.4712
84	41	1504.5922	1561.1494
84	45	1512.935	1539.3181
84	47	1510.9689	1612.8107
84	49	1512.7039	1616.951
85	1	1463.6161	1596.1312
85	2	1466.2766	1607.6499
85	3	1454.4119	1633.8995
85	4	1472.2533	1577.3441
85	5	1459.374	1608.9667
85	6	1441.727	1593.2249
85	7	1476.093	1581.6499
85	8	1463.1284	1585.7118
85	9	1464.5535	1579.157
85	10	1465.9502	1575.0021
85	11	1459.7618	1572.1758
85	12	1474.1154	1617.1246
85	13	1435.5704	1606.8263
85	14	1427.5009	1601.4904
85	15	1486.3494	1608.5184
85	17	1463.2789	1617.5604
85	18	1419.6389	1596.8759
85	19	1426.9852	1613.5908
85	20	1459.1675	1625.5558
85	21	1506.4816	1604.7412
85	22	1503.5471	1610.4583
85	23	1505.3961	1607.796
85	24	1422.9392	1611.5658
85	25	1414.3986	1594.7483
85	26	1503.4355	1614.2104
85	28	1513.871	1607.108
85	29	1512.9296	1610.0618
85	30	1422.1173	1628.4801
85	31	1408.8815	1613.7639
85	32	1409.4736	1616.6769
85	34	1518.9536	1615.1882
85	36	1520.9984	1612.8079
85	37	1403.4958	1613.8954
85	38	1403.7484	1623.2291
85	39	1499.4102	1573.2942
85	40	1402.2908	1630.4712
85	41	1504.4348	1561.5394
85	45	1512.6304	1540.0127
85	47	1510.9689	1612.8107
86	1	1463.1042	1595.602
86	2	1466.2666	1607.1671
86	3	1454.5176	1633.7249
86	4	1472.3082	1577.2106
86	5	1459.2794	1609.107
86	6	1441.2023	1593.014
86	7	1476.2871	1581.2792
86	8	1463.1284	1585.7118
86	9	1464.5535	1579.157
86	10	1465.9537	1575.0023
86	11	1459.7596	1572.1772
86	12	1474.1154	1617.1246
86	13	1435.5704	1606.8263
86	14	1427.5009	1601.4904
86	15	1485.8564	1609.4397
86	17	1463.4227	1617.2699
86	18	1419.6389	1596.8759
86	19	1426.9852	1613.5908
86	20	1459.2904	1625.3771
86	21	1506.4816	1604.7412
86	22	1503.5471	1610.4583
86	23	1505.3961	1607.796
86	24	1422.9392	1611.5658
86	25	1414.3986	1594.7483
86	26	1503.3853	1614.2051
86	28	1513.871	1607.108
86	29	1512.9296	1610.0618
86	30	1422.1173	1628.4801
86	31	1408.8815	1613.7639
86	32	1409.4736	1616.6769
86	34	1518.9536	1615.1882
86	36	1520.9984	1612.8079
86	37	1403.4958	1613.8954
86	38	1403.7484	1623.2291
86	39	1499.3354	1573.4756
86	40	1402.2908	1630.4712
86	41	1504.2559	1561.9314
86	45	1512.395	1540.6179
86	47	1510.9689	1612.8107
86	49	1512.531	1616.8407
87	1	1462.5792	1595.0826
87	2	1466.2225	1606.7095
87	3	1454.652	1633.543
87	4	1472.3618	1577.0775
87	5	1459.1862	1609.2444
87	6	1440.6385	1592.7579
87	7	1476.4786	1580.9445
87	8	1463.1285	1585.7117
87	9	1464.5535	1579.157
87	10	1465.957	1574.9999
87	11	1459.7551	1572.1771
87	12	1474.1154	1617.1246
87	13	1435.5704	1606.8263
87	14	1427.5009	1601.4904
87	15	1485.3662	1610.3374
87	17	1463.5859	1616.9575
87	18	1419.6389	1596.8759
87	19	1426.9852	1613.5908
87	20	1459.4601	1625.1462
87	21	1506.4816	1604.7412
87	22	1503.5471	1610.4583
87	23	1505.3961	1607.796
87	24	1422.9392	1611.5658
87	25	1414.3986	1594.7483
87	26	1503.3892	1614.1917
87	28	1513.871	1607.108
87	29	1512.9296	1610.0618
87	30	1422.1173	1628.4801
87	31	1408.8815	1613.7639
87	32	1409.4736	1616.6769
87	34	1518.9536	1615.1882
87	36	1520.9984	1612.8079
87	37	1403.4958	1613.8954
87	38	1403.7484	1623.2291
87	39	1499.255	1573.6816
87	40	1402.2908	1630.4712
87	41	1504.1102	1562.3175
87	45	1512.1805	1541.2035
87	47	1510.9689	1612.8107
87	49	1512.416	1617.3708
87	50	1505.8766	1569.6554
87	51	1519.121	1633.1848
88	1	1462.0112	1594.5579
88	2	1466.1722	1606.2518
88	3	1454.7865	1633.3563
88	4	1472.4084	1576.9534
88	5	1459.0829	1609.3967
88	6	1440.1139	1592.547
88	7	1476.683	1580.5897
88	8	1463.1285	1585.7115
88	9	1464.5535	1579.157
88	10	1465.9592	1574.9978
88	11	1459.7552	1572.1769
88	12	1474.1154	1617.1246
88	13	1435.5704	1606.8263
88	14	1427.5009	1601.4904
88	15	1484.86	1611.2455
88	17	1463.7384	1616.6614
88	18	1419.6389	1596.8759
88	19	1426.9852	1613.5908
88	20	1459.6108	1624.9161
88	21	1506.4816	1604.7412
88	22	1503.5471	1610.4583
88	23	1505.3961	1607.796
88	24	1422.9392	1611.5658
88	25	1414.3986	1594.7483
88	26	1503.3787	1614.1877
88	28	1513.871	1607.108
88	29	1512.9296	1610.0618
88	30	1422.1173	1628.4801
88	31	1408.8815	1613.7639
88	32	1409.4736	1616.6769
88	34	1518.9536	1615.1882
88	36	1520.9984	1612.8079
88	37	1403.4958	1613.8954
88	38	1403.7484	1623.2291
88	39	1499.1896	1573.8624
88	40	1402.2908	1630.4712
88	41	1503.962	1562.69
88	45	1511.8821	1541.9053
88	47	1510.9689	1612.8107
88	49	1512.124	1617.5717
88	50	1505.2223	1570.8693
88	51	1519.1094	1633.2449
89	1	1461.4138	1594.0402
89	2	1466.1057	1605.7855
89	3	1454.9303	1633.1517
89	4	1472.4622	1576.8167
89	5	1458.9901	1609.536
89	6	1439.6147	1592.3185
89	7	1476.8866	1580.2158
89	8	1463.1285	1585.7115
89	9	1464.5535	1579.157
89	10	1465.9493	1575.002
89	11	1459.7549	1572.1792
89	12	1474.1154	1617.1246
89	13	1435.5704	1606.8263
89	14	1427.5009	1601.4904
89	15	1484.3568	1612.1489
89	17	1463.9053	1616.3442
89	18	1419.6389	1596.8759
89	19	1426.9852	1613.5908
89	20	1459.7642	1624.6981
89	21	1506.4816	1604.7412
89	22	1503.5471	1610.4583
89	23	1505.3961	1607.796
89	24	1422.9392	1611.5658
89	25	1414.3986	1594.7483
89	26	1503.3458	1614.1643
89	28	1513.871	1607.108
89	29	1512.9296	1610.0618
89	30	1422.1173	1628.4801
89	31	1408.8815	1613.7639
89	32	1409.4736	1616.6769
89	34	1518.9536	1615.1882
89	36	1520.9984	1612.8079
89	37	1403.4958	1613.8954
89	38	1403.7484	1623.2291
89	39	1499.1201	1574.0212
89	40	1402.2908	1630.4712
89	41	1503.8115	1563.0477
89	45	1511.644	1542.492
89	47	1510.9689	1612.8107
89	49	1512.1757	1617.5762
89	50	1504.7163	1571.9652
89	51	1519.1426	1633.1768
90	1	1460.7675	1593.522
90	2	1466.0007	1605.3229
90	3	1455.0496	1632.9808
90	4	1472.5155	1576.6724
90	5	1458.8928	1609.6792
90	6	1439.035	1592.081
90	7	1477.0864	1579.8882
90	8	1463.1287	1585.7114
90	9	1464.5535	1579.157
90	10	1465.9474	1575.0024
90	11	1459.7582	1572.1793
90	12	1474.1154	1617.1246
90	13	1435.5704	1606.8263
90	14	1427.5009	1601.4904
90	15	1483.834	1613.0842
90	17	1464.0831	1615.9818
90	18	1419.6389	1596.8759
90	19	1426.9852	1613.5908
90	20	1459.9115	1624.4644
90	21	1506.4816	1604.7412
90	22	1503.5471	1610.4583
90	23	1505.3961	1607.796
90	24	1422.9392	1611.5658
90	25	1414.3986	1594.7483
90	26	1503.3495	1614.1737
90	28	1513.871	1607.108
90	29	1512.9296	1610.0618
90	30	1422.1173	1628.4801
90	31	1408.8815	1613.7639
90	32	1409.4736	1616.6769
90	34	1518.9536	1615.1882
90	36	1520.9984	1612.8079
90	37	1403.4958	1613.8954
90	38	1403.7484	1623.2291
90	39	1499.0688	1574.189
90	40	1402.2908	1630.4712
90	41	1503.6512	1563.4229
90	45	1511.4169	1543.0919
90	47	1510.9689	1612.8107
90	49	1511.9124	1617.833
90	50	1504.3868	1572.7349
90	51	1519.1516	1633.1042
