0	1	192.73796	-1185.9336
0	2	179.26932	-1185.3593
0	3	209.37227	-1199.4183
0	4	205.85823	-1192.8282
0	5	212.94902	-1189.9755
0	6	218.7137	-1192.9731
0	7	201.86705	-1195.153
0	8	207.85065	-1186.9287
0	9	196.81557	-1192.536
0	10	191.46577	-1189.6307
0	11	195.19434	-1179.9879
0	12	186.01054	-1186.4132
0	13	190.97227	-1177.5995
0	14	200.71078	-1170.1646
0	15	195.43588	-1183.6873
0	16	201.43666	-1167.365
0	17	241.42978	-1209.372
0	18	236.28961	-1218.0403
0	19	185.31274	-1174.3116
0	20	246.15373	-1213.7062
0	21	240.39091	-1222.1821
0	22	253.09317	-1220.3921
0	23	168.95448	-1177.2184
0	24	248.01735	-1230.0198
0	25	257.03464	-1224.8903
0	26	164.1739	-1174.3235
0	28	167.72476	-1164.8481
0	29	261.44055	-1230.2163
0	30	255.04642	-1238.6068
0	31	158.33208	-1171.0509
0	32	162.39565	-1161.8989
0	33	265.5006	-1235.4348
0	34	258.67532	-1243.4912
0	35	155.87097	-1158.3597
0	36	148.31493	-1165.4436
0	65	139.71234	-1152.9008
1	1	193.23154	-1186.2014
1	2	179.39746	-1185.4122
1	3	209.68445	-1199.6483
1	4	206.46121	-1193.1785
1	5	212.94902	-1189.9755
1	6	218.7137	-1192.9731
1	7	201.86705	-1195.153
1	8	207.85065	-1186.9287
1	9	196.81557	-1192.536
1	10	191.46577	-1189.6307
1	11	195.19434	-1179.9879
1	12	186.01054	-1186.4132
1	13	190.97227	-1177.5995
1	14	200.71078	-1170.1646
1	15	194.64444	-1183.2699
1	16	201.43666	-1167.365
1	17	241.42978	-1209.372
1	18	236.28961	-1218.0403
1	19	185.31274	-1174.3116
1	20	246.15373	-1213.7062
1	21	240.39091	-1222.1821
1	22	253.09317	-1220.3921
1	23	168.95448	-1177.2184
1	24	248.01735	-1230.0198
1	25	257.03464	-1224.8903
1	26	164.1739	-1174.3235
1	28	167.72476	-1164.8481
1	29	261.44055	-1230.2163
1	30	255.04642	-1238.6068
1	31	158.33208	-1171.0509
1	32	162.39565	-1161.8989
1	33	265.5006	-1235.4348
1	34	258.67532	-1243.4912
1	35	155.87097	-1158.3597
1	36	148.31493	-1165.4436
2	1	193.72813	-1186.4728
2	2	179.51016	-1185.4545
2	3	210.00842	-1199.8729
2	4	207.07407	-1193.5372
2	5	212.94902	-1189.9755
2	6	218.7137	-1192.9731
2	7	201.86705	-1195.153
2	8	207.85065	-1186.9287
2	9	196.81557	-1192.536
2	10	191.46577	-1189.6307
2	11	195.19434	-1179.9879
2	12	186.01054	-1186.4132
2	13	190.97227	-1177.5995
2	14	200.71078	-1170.1646
2	15	193.87111	-1182.8533
2	16	201.43666	-1167.365
2	17	241.42978	-1209.372
2	18	236.28961	-1218.0403
2	19	185.31274	-1174.3116
2	20	246.15373	-1213.7062
2	21	240.39091	-1222.1821
2	22	253.09317	-1220.3921
2	23	168.95448	-1177.2184
2	24	248.01735	-1230.0198
2	25	257.03464	-1224.8903
2	26	164.1739	-1174.3235
2	28	167.72476	-1164.8481
2	29	261.44055	-1230.2163
2	30	255.04642	-1238.6068
2	31	158.33208	-1171.0509
2	32	162.39565	-1161.8989
2	33	265.5006	-1235.4348
2	34	258.67532	-1243.4912
2	35	155.87097	-1158.3597
2	36	148.31493	-1165.4436
3	1	194.21986	-1186.7395
3	2	179.63135	-1185.4983
3	3	210.35104	-1200.1208
3	4	207.69707	-1193.9028
3	5	212.94902	-1189.9755
3	6	218.7137	-1192.9731
3	7	201.86705	-1195.153
3	8	207.85065	-1186.9287
3	9	196.81557	-1192.536
3	10	191.46577	-1189.6307
3	11	195.19434	-1179.9879
3	12	186.01054	-1186.4132
3	13	190.97227	-1177.5995
3	14	200.71078	-1170.1646
3	15	193.08817	-1182.4185
3	16	201.43666	-1167.365
3	17	241.42978	-1209.372
3	18	236.28961	-1218.0403
3	19	185.31274	-1174.3116
3	20	246.15373	-1213.7062
3	21	240.39091	-1222.1821
3	22	253.09317	-1220.3921
3	23	168.95448	-1177.2184
3	24	248.01735	-1230.0198
3	25	257.03464	-1224.8903
3	26	164.1739	-1174.3235
3	28	167.72476	-1164.8481
3	29	261.44055	-1230.2163
3	30	255.04642	-1238.6068
3	31	158.33208	-1171.0509
3	32	162.39565	-1161.8989
3	33	265.5006	-1235.4348
3	34	258.67532	-1243.4912
3	35	155.87097	-1158.3597
3	36	148.31493	-1165.4436
3	37	261.97177	-1248.4344
4	1	194.71916	-1187.0189
4	2	179.75836	-1185.5511
4	3	210.66933	-1200.3506
4	4	208.33316	-1194.276
4	5	212.94902	-1189.9755
4	6	218.7137	-1192.9731
4	7	201.86705	-1195.153
4	8	207.85065	-1186.9287
4	9	196.81557	-1192.536
4	10	191.46577	-1189.6307
4	11	195.19434	-1179.9879
4	12	186.01054	-1186.4132
4	13	190.97227	-1177.5995
4	14	200.71078	-1170.1646
4	15	192.29433	-1181.9827
4	16	201.43666	-1167.365
4	17	241.42978	-1209.372
4	18	236.28961	-1218.0403
4	19	185.31274	-1174.3116
4	20	246.15373	-1213.7062
4	21	240.39091	-1222.1821
4	22	253.09317	-1220.3921
4	23	168.95448	-1177.2184
4	24	248.01735	-1230.0198
4	25	257.03464	-1224.8903
4	26	164.1739	-1174.3235
4	28	167.72476	-1164.8481
4	29	261.44055	-1230.2163
4	30	255.04642	-1238.6068
4	31	158.33208	-1171.0509
4	32	162.39565	-1161.8989
4	33	265.5006	-1235.4348
4	34	258.67532	-1243.4912
4	35	155.87097	-1158.3597
4	36	148.31493	-1165.4436
4	37	261.97177	-1248.4344
5	1	195.21056	-1187.2762
5	2	179.88474	-1185.6029
5	3	211.01868	-1200.5857
5	4	208.98222	-1194.66
5	5	212.94902	-1189.9755
5	6	218.7137	-1192.9731
5	7	201.86705	-1195.153
5	8	207.85065	-1186.9287
5	9	196.81557	-1192.536
5	10	191.46577	-1189.6307
5	11	195.19434	-1179.9879
5	12	186.01054	-1186.4132
5	13	190.97227	-1177.5995
5	14	200.71078	-1170.1646
5	15	191.51671	-1181.5636
5	16	201.43666	-1167.365
5	17	241.42978	-1209.372
5	18	236.28961	-1218.0403
5	19	185.31274	-1174.3116
5	20	246.15373	-1213.7062
5	21	240.39091	-1222.1821
5	22	253.09317	-1220.3921
5	23	168.95448	-1177.2184
5	24	248.01735	-1230.0198
5	25	257.03464	-1224.8903
5	26	164.1739	-1174.3235
5	28	167.72476	-1164.8481
5	29	261.44055	-1230.2163
5	30	255.04642	-1238.6068
5	31	158.33208	-1171.0509
5	32	162.39565	-1161.8989
5	33	265.5006	-1235.4348
5	34	258.67532	-1243.4912
5	35	155.87097	-1158.3597
5	36	148.31493	-1165.4436
5	37	261.97177	-1248.4344
6	1	195.7203	-1187.5588
6	2	180.01155	-1185.6581
6	3	211.36594	-1200.8073
6	4	209.64511	-1195.0543
6	5	212.94902	-1189.9755
6	6	218.7137	-1192.9731
6	7	201.86705	-1195.153
6	8	207.85065	-1186.9287
6	9	196.81557	-1192.536
6	10	191.46577	-1189.6307
6	11	195.19434	-1179.9879
6	12	186.01054	-1186.4132
6	13	190.97227	-1177.5995
6	14	200.71078	-1170.1646
6	15	190.72757	-1181.1302
6	16	201.43666	-1167.365
6	17	241.42978	-1209.372
6	18	236.28961	-1218.0403
6	19	185.31274	-1174.3116
6	20	246.15373	-1213.7062
6	21	240.39091	-1222.1821
6	22	253.09317	-1220.3921
6	23	168.95448	-1177.2184
6	24	248.01735	-1230.0198
6	25	257.03464	-1224.8903
6	26	164.1739	-1174.3235
6	28	167.72476	-1164.8481
6	29	261.44055	-1230.2163
6	30	255.04642	-1238.6068
6	31	158.33208	-1171.0509
6	32	162.39565	-1161.8989
6	33	265.5006	-1235.4348
6	34	258.67532	-1243.4912
6	35	155.87097	-1158.3597
6	36	148.31493	-1165.4436
6	37	261.97177	-1248.4344
7	1	196.24785	-1187.8384
7	2	180.13263	-1185.7069
7	3	211.72849	-1201.0785
7	4	210.3204	-1195.46
7	5	212.94902	-1189.9755
7	6	218.7137	-1192.9731
7	7	201.86705	-1195.153
7	8	207.85065	-1186.9287
7	9	196.81557	-1192.536
7	10	191.46577	-1189.6307
7	11	195.19434	-1179.9879
7	12	186.01054	-1186.4132
7	13	190.97227	-1177.5995
7	14	200.71078	-1170.1646
7	15	189.95204	-1180.6993
7	16	201.43666	-1167.365
7	17	241.42978	-1209.372
7	18	236.28961	-1218.0403
7	19	185.31274	-1174.3116
7	20	246.15373	-1213.7062
7	21	240.39091	-1222.1821
7	22	253.09317	-1220.3921
7	23	168.95448	-1177.2184
7	24	248.01735	-1230.0198
7	25	257.03464	-1224.8903
7	26	164.1739	-1174.3235
7	28	167.72476	-1164.8481
7	29	261.44055	-1230.2163
7	30	255.04642	-1238.6068
7	31	158.33208	-1171.0509
7	32	162.39565	-1161.8989
7	33	265.5006	-1235.4348
7	34	258.67532	-1243.4912
7	35	155.87097	-1158.3597
7	36	148.31493	-1165.4436
7	37	261.97177	-1248.4344
8	1	196.80577	-1188.1333
8	2	180.24847	-1185.7545
8	3	212.0548	-1201.2609
8	4	211.00996	-1195.8722
8	5	212.94902	-1189.9755
8	6	218.7137	-1192.9731
8	7	201.86705	-1195.153
8	8	207.85065	-1186.9287
8	9	196.81557	-1192.536
8	10	191.46577	-1189.6307
8	11	195.19434	-1179.9879
8	12	186.01054	-1186.4132
8	13	190.97227	-1177.5995
8	14	200.71078	-1170.1646
8	15	189.16057	-1180.2755
8	16	201.43666	-1167.365
8	17	241.42978	-1209.372
8	18	236.28961	-1218.0403
8	19	185.31274	-1174.3116
8	20	246.15373	-1213.7062
8	21	240.39091	-1222.1821
8	22	253.09317	-1220.3921
8	23	168.95448	-1177.2184
8	24	248.01735	-1230.0198
8	25	257.03464	-1224.8903
8	26	164.1739	-1174.3235
8	27	200.1343	-1248.764
8	28	167.72476	-1164.8481
8	29	261.44055	-1230.2163
8	30	255.04642	-1238.6068
8	31	158.33208	-1171.0509
8	32	162.39565	-1161.8989
8	33	265.5006	-1235.4348
8	34	258.67532	-1243.4912
8	35	155.87097	-1158.3597
8	36	148.31493	-1165.4436
8	37	261.97177	-1248.4344
9	1	197.35492	-1188.4221
9	2	180.37196	-1185.812
9	3	212.42284	-1201.4518
9	4	211.71114	-1196.2964
9	5	212.94902	-1189.9755
9	6	218.7137	-1192.9731
9	7	201.86705	-1195.153
9	8	207.85065	-1186.9287
9	9	196.81557	-1192.536
9	10	191.46577	-1189.6307
9	11	195.19434	-1179.9879
9	12	186.01054	-1186.4132
9	13	190.97227	-1177.5995
9	14	200.71078	-1170.1646
9	15	188.4146	-1179.8546
9	16	201.43666	-1167.365
9	17	241.42978	-1209.372
9	18	236.28961	-1218.0403
9	19	185.31274	-1174.3116
9	20	246.15373	-1213.7062
9	21	240.39091	-1222.1821
9	22	253.09317	-1220.3921
9	23	168.95448	-1177.2184
9	24	248.01735	-1230.0198
9	25	257.03464	-1224.8903
9	26	164.1739	-1174.3235
9	27	200.1343	-1248.764
9	28	167.72476	-1164.8481
9	29	261.44055	-1230.2163
9	30	255.04642	-1238.6068
9	31	158.33208	-1171.0509
9	32	162.39565	-1161.8989
9	33	265.5006	-1235.4348
9	34	258.67532	-1243.4912
9	35	155.87097	-1158.3597
9	36	148.31493	-1165.4436
9	37	261.97177	-1248.4344
10	1	197.92816	-1188.7297
10	2	180.49057	-1185.8706
10	3	212.74016	-1201.6483
10	4	212.42543	-1196.7313
10	5	212.94902	-1189.9755
10	6	218.7137	-1192.9731
10	7	201.86705	-1195.153
10	8	207.85065	-1186.9287
10	9	196.81557	-1192.536
10	10	191.46577	-1189.6307
10	11	195.19434	-1179.9879
10	12	186.01054	-1186.4132
10	13	190.97227	-1177.5995
10	14	200.71078	-1170.1646
10	15	187.66081	-1179.444
10	16	201.43666	-1167.365
10	17	241.42978	-1209.372
10	18	236.28961	-1218.0403
10	19	185.31274	-1174.3116
10	20	246.15373	-1213.7062
10	21	240.39091	-1222.1821
10	22	253.09317	-1220.3921
10	23	168.95448	-1177.2184
10	24	248.01735	-1230.0198
10	25	257.03464	-1224.8903
10	26	164.1739	-1174.3235
10	27	200.1343	-1248.764
10	28	167.72476	-1164.8481
10	29	261.44055	-1230.2163
10	30	255.04642	-1238.6068
10	31	158.33208	-1171.0509
10	32	162.39565	-1161.8989
10	33	265.5006	-1235.4348
10	34	258.67532	-1243.4912
10	35	155.87097	-1158.3597
10	36	148.31493	-1165.4436
10	37	261.97177	-1248.4344
11	1	198.48712	-1189.0253
11	2	180.61417	-1185.9291
11	3	213.06384	-1201.847
11	4	213.1515	-1197.1736
11	5	212.94902	-1189.9755
11	6	218.7137	-1192.9731
11	7	201.86705	-1195.153
11	8	207.85065	-1186.9287
11	9	196.81557	-1192.536
11	10	191.46577	-1189.6307
11	11	195.19434	-1179.9879
11	12	186.01054	-1186.4132
11	13	190.97227	-1177.5995
11	14	200.71078	-1170.1646
11	15	186.888	-1179.0194
11	16	201.43666	-1167.365
11	17	241.42978	-1209.372
11	18	236.28961	-1218.0403
11	19	185.31274	-1174.3116
11	20	246.15373	-1213.7062
11	21	240.39091	-1222.1821
11	22	253.09317	-1220.3921
11	23	168.95448	-1177.2184
11	24	248.01735	-1230.0198
11	25	257.03464	-1224.8903
11	26	164.1739	-1174.3235
11	27	200.1343	-1248.764
11	28	167.72476	-1164.8481
11	29	261.44055	-1230.2163
11	30	255.04642	-1238.6068
11	31	158.33208	-1171.0509
11	32	162.39565	-1161.8989
11	33	265.5006	-1235.4348
11	34	258.67532	-1243.4912
11	35	155.87097	-1158.3597
11	36	148.31493	-1165.4436
11	37	261.97177	-1248.4344
11	38	265.55798	-1253.9685
11	54	227.29897	-1233.2389
12	1	199.05699	-1189.3269
12	2	180.73402	-1185.9823
12	3	213.43547	-1202.0793
12	4	213.8889	-1197.6241
12	5	212.94902	-1189.9755
12	6	218.7137	-1192.9731
12	7	201.86705	-1195.153
12	8	207.85065	-1186.9287
12	9	196.81557	-1192.536
12	10	191.46577	-1189.6307
12	11	195.19434	-1179.9879
12	12	186.01054	-1186.4132
12	13	190.97227	-1177.5995
12	14	200.71078	-1170.1646
12	15	186.09888	-1178.579
12	16	201.43666	-1167.365
12	17	241.42978	-1209.372
12	18	236.28961	-1218.0403
12	19	185.31274	-1174.3116
12	20	246.15373	-1213.7062
12	21	240.39091	-1222.1821
12	22	253.09317	-1220.3921
12	23	168.95448	-1177.2184
12	24	248.01735	-1230.0198
12	25	257.03464	-1224.8903
12	26	164.1739	-1174.3235
12	28	167.72476	-1164.8481
12	29	261.44055	-1230.2163
12	30	255.04642	-1238.6068
12	31	158.33208	-1171.0509
12	32	162.39565	-1161.8989
12	33	265.5006	-1235.4348
12	34	258.67532	-1243.4912
12	35	155.87097	-1158.3597
12	36	148.31493	-1165.4436
12	37	261.97177	-1248.4344
12	38	265.55798	-1253.9685
12	54	227.29897	-1233.2389
13	1	199.63997	-1189.6414
13	2	180.84866	-1186.0316
13	3	213.75531	-1202.2998
13	4	214.63266	-1198.0851
13	5	212.94902	-1189.9755
13	6	218.7137	-1192.9731
13	7	201.86705	-1195.153
13	8	207.85065	-1186.9287
13	9	196.81557	-1192.536
13	10	191.46577	-1189.6307
13	11	195.19434	-1179.9879
13	12	186.01054	-1186.4132
13	13	190.97227	-1177.5995
13	14	200.71078	-1170.1646
13	15	185.3311	-1178.1544
13	16	201.43666	-1167.365
13	17	241.42978	-1209.372
13	18	236.28961	-1218.0403
13	19	185.31274	-1174.3116
13	20	246.15373	-1213.7062
13	21	240.39091	-1222.1821
13	22	253.09317	-1220.3921
13	23	168.95448	-1177.2184
13	24	248.01735	-1230.0198
13	25	257.03464	-1224.8903
13	26	164.1739	-1174.3235
13	27	200.1343	-1248.764
13	28	167.72476	-1164.8481
13	29	261.44055	-1230.2163
13	30	255.04642	-1238.6068
13	31	158.33208	-1171.0509
13	32	162.39565	-1161.8989
13	33	265.5006	-1235.4348
13	34	258.67532	-1243.4912
13	35	155.87097	-1158.3597
13	36	148.31493	-1165.4436
13	37	261.97177	-1248.4344
13	38	265.55798	-1253.9685
13	54	227.29897	-1233.2389
14	1	200.2159	-1189.9448
14	2	180.97658	-1186.0809
14	3	214.1365	-1202.5293
14	4	215.38458	-1198.5529
14	5	212.94902	-1189.9755
14	6	218.7137	-1192.9731
14	7	201.86705	-1195.153
14	8	207.85065	-1186.9287
14	9	196.81557	-1192.536
14	10	191.46577	-1189.6307
14	11	195.19434	-1179.9879
14	12	186.01054	-1186.4132
14	13	190.97227	-1177.5995
14	14	200.71078	-1170.1646
14	15	184.57259	-1177.74
14	16	201.43666	-1167.365
14	17	241.42978	-1209.372
14	18	236.28961	-1218.0403
14	19	185.31274	-1174.3116
14	20	246.15373	-1213.7062
14	21	240.39091	-1222.1821
14	22	253.09317	-1220.3921
14	23	168.95448	-1177.2184
14	24	248.01735	-1230.0198
14	25	257.03464	-1224.8903
14	26	164.1739	-1174.3235
14	27	200.1343	-1248.764
14	28	167.72476	-1164.8481
14	29	261.44055	-1230.2163
14	30	255.04642	-1238.6068
14	31	158.33208	-1171.0509
14	32	162.39565	-1161.8989
14	33	265.5006	-1235.4348
14	34	258.67532	-1243.4912
14	35	155.87097	-1158.3597
14	36	148.31493	-1165.4436
14	37	261.97177	-1248.4344
14	38	265.55798	-1253.9685
14	54	227.29897	-1233.2389
15	1	200.81325	-1190.2634
15	2	181.10269	-1186.1284
15	3	214.39378	-1202.7062
15	4	216.1444	-1199.0269
15	5	212.94902	-1189.9755
15	6	218.7137	-1192.9731
15	7	201.86705	-1195.153
15	8	207.85065	-1186.9287
15	9	196.81557	-1192.536
15	10	191.46577	-1189.6307
15	11	195.19434	-1179.9879
15	12	186.01054	-1186.4132
15	13	190.97227	-1177.5995
15	14	200.71078	-1170.1646
15	15	183.83405	-1177.3372
15	16	201.43666	-1167.365
15	17	241.42978	-1209.372
15	18	236.28961	-1218.0403
15	19	185.31274	-1174.3116
15	20	246.15373	-1213.7062
15	21	240.39091	-1222.1821
15	22	253.09317	-1220.3921
15	23	168.95448	-1177.2184
15	24	248.01735	-1230.0198
15	25	257.03464	-1224.8903
15	26	164.1739	-1174.3235
15	27	200.1343	-1248.764
15	28	167.72476	-1164.8481
15	29	261.44055	-1230.2163
15	30	255.04642	-1238.6068
15	31	158.33208	-1171.0509
15	32	162.39565	-1161.8989
15	33	265.5006	-1235.4348
15	34	258.67532	-1243.4912
15	35	155.87097	-1158.3597
15	36	148.31493	-1165.4436
15	37	261.97177	-1248.4344
15	38	265.55798	-1253.9685
15	54	227.29897	-1233.2389
16	1	201.41467	-1190.5774
16	2	181.23077	-1186.1785
16	3	214.77036	-1202.9032
16	4	216.91048	-1199.5096
16	5	212.94902	-1189.9755
16	6	218.7137	-1192.9731
16	7	201.86705	-1195.153
16	8	207.85065	-1186.9287
16	9	196.81557	-1192.536
16	10	191.46577	-1189.6307
16	11	195.19434	-1179.9879
16	12	186.01054	-1186.4132
16	13	190.97227	-1177.5995
16	14	200.71078	-1170.1646
16	15	183.09045	-1176.9307
16	16	201.43666	-1167.365
16	17	241.42978	-1209.372
16	18	236.28961	-1218.0403
16	19	185.31274	-1174.3116
16	20	246.15373	-1213.7062
16	21	240.39091	-1222.1821
16	22	253.09317	-1220.3921
16	23	168.95448	-1177.2184
16	24	248.01735	-1230.0198
16	25	257.03464	-1224.8903
16	26	164.1739	-1174.3235
16	27	200.1343	-1248.764
16	28	167.72476	-1164.8481
16	29	261.44055	-1230.2163
16	30	255.04642	-1238.6068
16	31	158.33208	-1171.0509
16	32	162.39565	-1161.8989
16	33	265.5006	-1235.4348
16	34	258.67532	-1243.4912
16	35	155.87097	-1158.3597
16	37	261.97177	-1248.4344
16	38	265.55798	-1253.9685
16	54	227.29897	-1233.2389
17	1	202.03223	-1190.9043
17	2	181.35506	-1186.2236
17	3	215.06851	-1203.1091
17	4	217.6798	-1200.0009
17	5	212.94902	-1189.9755
17	6	218.7137	-1192.9731
17	7	201.86705	-1195.153
17	8	207.85065	-1186.9287
17	9	196.81557	-1192.536
17	10	191.46577	-1189.6307
17	11	195.19434	-1179.9879
17	12	186.01054	-1186.4132
17	13	190.97227	-1177.5995
17	14	200.71078	-1170.1646
17	15	182.39671	-1176.5472
17	16	201.43666	-1167.365
17	17	241.42978	-1209.372
17	18	236.28961	-1218.0403
17	19	185.31274	-1174.3116
17	20	246.15373	-1213.7062
17	21	240.39091	-1222.1821
17	22	253.09317	-1220.3921
17	23	168.95448	-1177.2184
17	25	257.03464	-1224.8903
17	26	164.1739	-1174.3235
17	27	200.1343	-1248.764
17	28	167.72476	-1164.8481
17	29	261.44055	-1230.2163
17	30	255.04642	-1238.6068
17	31	158.33208	-1171.0509
17	32	162.39565	-1161.8989
17	33	265.5006	-1235.4348
17	34	258.67532	-1243.4912
17	35	155.87097	-1158.3597
17	37	261.97177	-1248.4344
17	38	265.55798	-1253.9685
17	62	192.21985	-1240.5739
18	1	202.64844	-1191.238
18	2	181.48277	-1186.2758
18	3	215.38829	-1203.2972
18	4	218.45407	-1200.4974
18	5	212.94902	-1189.9755
18	6	218.7137	-1192.9731
18	7	201.86705	-1195.153
18	8	207.85065	-1186.9287
18	9	196.81557	-1192.536
18	10	191.46577	-1189.6307
18	11	195.19434	-1179.9879
18	12	186.01054	-1186.4132
18	13	190.97227	-1177.5995
18	14	200.71078	-1170.1646
18	15	181.68251	-1176.1567
18	17	241.42978	-1209.372
18	18	236.28961	-1218.0403
18	19	185.31274	-1174.3116
18	20	246.15373	-1213.7062
18	21	240.39091	-1222.1821
18	22	253.09317	-1220.3921
18	23	168.95448	-1177.2184
18	25	257.03464	-1224.8903
18	26	164.1739	-1174.3235
18	27	200.1343	-1248.764
18	28	167.72476	-1164.8481
18	29	261.44055	-1230.2163
18	30	255.04642	-1238.6068
18	32	162.39565	-1161.8989
18	33	265.5006	-1235.4348
18	34	258.67532	-1243.4912
18	35	155.87097	-1158.3597
18	37	261.97177	-1248.4344
18	38	265.55798	-1253.9685
18	39	275.77695	-1251.5333
18	62	192.21985	-1240.5739
19	1	203.26328	-1191.5594
19	2	181.61298	-1186.3256
19	3	215.79173	-1203.5238
19	4	219.22816	-1201.0009
19	5	212.94902	-1189.9755
19	6	218.7137	-1192.9731
19	7	201.86705	-1195.153
19	8	207.85065	-1186.9287
19	9	196.81557	-1192.536
19	10	191.46577	-1189.6307
19	11	195.19434	-1179.9879
19	12	186.01054	-1186.4132
19	13	190.97227	-1177.5995
19	14	200.71078	-1170.1646
19	15	180.90392	-1175.7118
19	17	241.42978	-1209.372
19	18	236.28961	-1218.0403
19	19	185.31274	-1174.3116
19	20	246.15373	-1213.7062
19	21	240.39091	-1222.1821
19	22	253.09317	-1220.3921
19	23	168.95448	-1177.2184
19	25	257.03464	-1224.8903
19	26	164.1739	-1174.3235
19	27	200.1343	-1248.764
19	28	167.72476	-1164.8481
19	29	261.44055	-1230.2163
19	30	255.04642	-1238.6068
19	32	162.39565	-1161.8989
19	33	265.5006	-1235.4348
19	34	258.67532	-1243.4912
19	35	155.87097	-1158.3597
19	37	261.97177	-1248.4344
19	38	265.55798	-1253.9685
19	39	275.77695	-1251.5333
19	40	248.06104	-1230.0155
19	62	192.21985	-1240.5739
20	1	203.89427	-1191.8951
20	2	181.74586	-1186.3876
20	3	216.11298	-1203.6992
20	4	220.00294	-1201.5077
20	5	212.94902	-1189.9755
20	6	218.7137	-1192.9731
20	7	201.86705	-1195.153
20	8	207.85065	-1186.9287
20	9	196.81557	-1192.536
20	10	191.46577	-1189.6307
20	11	195.19434	-1179.9879
20	12	186.01054	-1186.4132
20	13	190.97227	-1177.5995
20	14	200.71078	-1170.1646
20	15	180.15848	-1175.2635
20	17	241.42978	-1209.372
20	18	236.28961	-1218.0403
20	19	185.31274	-1174.3116
20	20	246.15373	-1213.7062
20	21	240.39091	-1222.1821
20	22	253.09317	-1220.3921
20	23	168.95448	-1177.2184
20	25	257.03464	-1224.8903
20	26	164.1739	-1174.3235
20	28	167.72476	-1164.8481
20	29	261.44055	-1230.2163
20	30	255.04642	-1238.6068
20	32	162.39565	-1161.8989
20	33	265.5006	-1235.4348
20	34	258.67532	-1243.4912
20	37	261.97177	-1248.4344
20	38	265.55798	-1253.9685
20	39	275.77695	-1251.5333
20	62	192.21985	-1240.5739
21	1	204.52567	-1192.2286
21	2	181.8855	-1186.443
21	3	216.41028	-1203.8778
21	4	220.77957	-1202.0157
21	5	212.94902	-1189.9755
21	6	218.7137	-1192.9731
21	7	201.86705	-1195.153
21	8	207.85065	-1186.9287
21	9	196.81557	-1192.536
21	10	191.46577	-1189.6307
21	11	195.19434	-1179.9879
21	12	186.01054	-1186.4132
21	13	190.97227	-1177.5995
21	14	200.71078	-1170.1646
21	15	179.50398	-1174.9044
21	17	241.42978	-1209.372
21	18	236.28961	-1218.0403
21	19	185.31274	-1174.3116
21	20	246.15373	-1213.7062
21	21	240.39091	-1222.1821
21	22	253.09317	-1220.3921
21	23	168.95448	-1177.2184
21	25	257.03464	-1224.8903
21	26	164.1739	-1174.3235
21	27	200.1343	-1248.764
21	28	167.72476	-1164.8481
21	29	261.44055	-1230.2163
21	30	255.04642	-1238.6068
21	32	162.39565	-1161.8989
21	33	265.5006	-1235.4348
21	34	258.67532	-1243.4912
21	37	261.97177	-1248.4344
21	38	265.55798	-1253.9685
21	39	275.77695	-1251.5333
21	54	227.29897	-1233.2389
21	62	192.21985	-1240.5739
22	1	205.1872	-1192.5829
22	2	182.01587	-1186.5022
22	3	216.69803	-1204.0728
22	4	221.5545	-1202.5278
22	5	212.94902	-1189.9755
22	6	218.7137	-1192.9731
22	7	201.86705	-1195.153
22	8	207.85065	-1186.9287
22	9	196.81557	-1192.536
22	10	191.46577	-1189.6307
22	11	195.19434	-1179.9879
22	12	186.01054	-1186.4132
22	13	190.97227	-1177.5995
22	14	200.71078	-1170.1646
22	15	178.80359	-1174.4935
22	16	201.43666	-1167.365
22	17	241.42978	-1209.372
22	18	236.28961	-1218.0403
22	19	185.31274	-1174.3116
22	20	246.15373	-1213.7062
22	21	240.39091	-1222.1821
22	22	253.09317	-1220.3921
22	23	168.95448	-1177.2184
22	25	257.03464	-1224.8903
22	26	164.1739	-1174.3235
22	27	200.1343	-1248.764
22	28	167.72476	-1164.8481
22	29	261.44055	-1230.2163
22	30	255.04642	-1238.6068
22	32	162.39565	-1161.8989
22	33	265.5006	-1235.4348
22	34	258.67532	-1243.4912
22	37	261.97177	-1248.4344
22	38	265.55798	-1253.9685
22	39	275.77695	-1251.5333
22	40	248.06104	-1230.0155
22	54	227.29897	-1233.2389
22	62	192.21985	-1240.5739
23	1	205.82388	-1192.9178
23	2	182.13933	-1186.5575
23	3	217.06833	-1204.3307
23	4	222.33086	-1203.0386
23	5	212.94902	-1189.9755
23	6	218.7137	-1192.9731
23	7	201.86705	-1195.153
23	8	207.85065	-1186.9287
23	9	196.81557	-1192.536
23	10	191.46577	-1189.6307
23	11	195.19434	-1179.9879
23	12	186.01054	-1186.4132
23	13	190.97227	-1177.5995
23	14	200.71078	-1170.1646
23	15	177.91827	-1174.001
23	16	201.43666	-1167.365
23	17	241.42978	-1209.372
23	18	236.28961	-1218.0403
23	19	185.31274	-1174.3116
23	20	246.15373	-1213.7062
23	21	240.39091	-1222.1821
23	22	253.09317	-1220.3921
23	23	168.95448	-1177.2184
23	25	257.03464	-1224.8903
23	26	164.1739	-1174.3235
23	27	200.1343	-1248.764
23	28	167.72476	-1164.8481
23	29	261.44055	-1230.2163
23	30	255.04642	-1238.6068
23	32	162.39565	-1161.8989
23	33	265.5006	-1235.4348
23	34	258.67532	-1243.4912
23	37	261.97177	-1248.4344
23	38	265.55798	-1253.9685
23	39	275.77695	-1251.5333
23	40	248.06104	-1230.0155
23	54	227.29897	-1233.2389
23	62	192.21985	-1240.5739
24	1	206.4718	-1193.2753
24	2	182.26837	-1186.6151
24	3	217.43416	-1204.5437
24	4	223.10284	-1203.5536
24	5	212.94902	-1189.9755
24	6	218.7137	-1192.9731
24	7	201.86705	-1195.153
24	8	207.85065	-1186.9287
24	9	196.81557	-1192.536
24	10	191.46577	-1189.6307
24	11	195.19434	-1179.9879
24	12	186.01054	-1186.4132
24	13	190.97227	-1177.5995
24	14	200.71078	-1170.1646
24	15	177.27583	-1173.6315
24	16	201.43666	-1167.365
24	17	241.42978	-1209.372
24	18	236.28961	-1218.0403
24	19	185.31274	-1174.3116
24	20	246.15373	-1213.7062
24	21	240.39091	-1222.1821
24	22	253.09317	-1220.3921
24	23	168.95448	-1177.2184
24	25	257.03464	-1224.8903
24	26	164.1739	-1174.3235
24	27	200.1343	-1248.764
24	28	167.72476	-1164.8481
24	29	261.44055	-1230.2163
24	30	255.04642	-1238.6068
24	32	162.39565	-1161.8989
24	33	265.5006	-1235.4348
24	37	261.97177	-1248.4344
24	38	265.55798	-1253.9685
24	39	275.77695	-1251.5333
24	40	248.06104	-1230.0155
24	54	227.29897	-1233.2389
24	59	237.50633	-1179.6105
24	62	192.21985	-1240.5739
25	1	207.12112	-1193.615
25	2	182.40277	-1186.6771
25	3	217.78859	-1204.7612
25	4	223.86467	-1204.068
25	5	212.94902	-1189.9755
25	6	218.7137	-1192.9731
25	7	201.86705	-1195.153
25	8	207.85065	-1186.9287
25	9	196.81557	-1192.536
25	10	191.46577	-1189.6307
25	11	195.19434	-1179.9879
25	12	186.01054	-1186.4132
25	13	190.97227	-1177.5995
25	14	200.71078	-1170.1646
25	15	176.64125	-1173.3167
25	16	201.43666	-1167.365
25	17	241.42978	-1209.372
25	18	236.28961	-1218.0403
25	19	185.31274	-1174.3116
25	20	246.15373	-1213.7062
25	21	240.39091	-1222.1821
25	22	253.09317	-1220.3921
25	23	168.95448	-1177.2184
25	25	257.03464	-1224.8903
25	26	164.1739	-1174.3235
25	28	167.72476	-1164.8481
25	29	261.44055	-1230.2163
25	30	255.04642	-1238.6068
25	32	162.39565	-1161.8989
25	33	265.5006	-1235.4348
25	37	261.97177	-1248.4344
25	38	265.55798	-1253.9685
25	39	275.77695	-1251.5333
25	40	248.06104	-1230.0155
25	41	279.20276	-1257.1414
25	54	227.29897	-1233.2389
25	59	237.50633	-1179.6105
25	60	242.52153	-1169.5687
25	61	225.36084	-1238.455
25	62	192.21985	-1240.5739
26	1	207.79239	-1193.9757
26	2	182.51857	-1186.743
26	3	218.1363	-1204.9764
26	4	224.61865	-1204.5831
26	5	212.94902	-1189.9755
26	6	218.7137	-1192.9731
26	7	201.86705	-1195.153
26	8	207.85065	-1186.9287
26	9	196.81557	-1192.536
26	10	191.46577	-1189.6307
26	11	195.19434	-1179.9879
26	12	186.01054	-1186.4132
26	13	190.97227	-1177.5995
26	14	200.71078	-1170.1646
26	15	176.04984	-1172.9786
26	17	241.42978	-1209.372
26	18	236.28961	-1218.0403
26	19	185.31274	-1174.3116
26	20	246.15373	-1213.7062
26	21	240.39091	-1222.1821
26	22	253.09317	-1220.3921
26	23	168.95448	-1177.2184
26	25	257.03464	-1224.8903
26	26	164.1739	-1174.3235
26	28	167.72476	-1164.8481
26	29	261.44055	-1230.2163
26	30	255.04642	-1238.6068
26	33	265.5006	-1235.4348
26	34	258.67532	-1243.4912
26	37	261.97177	-1248.4344
26	38	265.55798	-1253.9685
26	39	275.77695	-1251.5333
26	40	248.06104	-1230.0155
26	41	279.20276	-1257.1414
26	54	227.29897	-1233.2389
26	59	237.50633	-1179.6105
26	60	242.52153	-1169.5687
26	61	225.36084	-1238.455
26	62	192.21985	-1240.5739
27	1	208.48041	-1194.3452
27	2	182.65184	-1186.8048
27	3	218.47017	-1205.1915
27	4	225.36667	-1205.1007
27	5	212.94902	-1189.9755
27	6	218.7137	-1192.9731
27	7	201.86705	-1195.153
27	8	207.85065	-1186.9287
27	9	196.81557	-1192.536
27	10	191.46577	-1189.6307
27	11	195.19434	-1179.9879
27	12	186.01054	-1186.4132
27	13	190.97227	-1177.5995
27	14	200.71078	-1170.1646
27	15	175.41016	-1172.6287
27	17	241.42978	-1209.372
27	18	236.28961	-1218.0403
27	19	185.31274	-1174.3116
27	20	246.15373	-1213.7062
27	21	240.39091	-1222.1821
27	22	253.09317	-1220.3921
27	23	168.95448	-1177.2184
27	25	257.03464	-1224.8903
27	26	164.1739	-1174.3235
27	28	167.72476	-1164.8481
27	29	261.44055	-1230.2163
27	33	265.5006	-1235.4348
27	37	261.97177	-1248.4344
27	38	265.55798	-1253.9685
27	39	275.77695	-1251.5333
27	40	248.06104	-1230.0155
27	41	279.20276	-1257.1414
27	54	227.29897	-1233.2389
27	59	237.50633	-1179.6105
27	60	242.52153	-1169.5687
27	61	225.36084	-1238.455
28	1	209.1828	-1194.7302
28	2	182.77121	-1186.8671
28	3	218.81047	-1205.3962
28	4	226.11134	-1205.6191
28	5	212.94902	-1189.9755
28	6	218.7137	-1192.9731
28	7	201.86705	-1195.153
28	8	207.85065	-1186.9287
28	9	196.81557	-1192.536
28	10	191.46577	-1189.6307
28	11	195.19434	-1179.9879
28	12	186.01054	-1186.4132
28	13	190.97227	-1177.5995
28	14	200.71078	-1170.1646
28	15	174.83012	-1172.3322
28	17	241.42978	-1209.372
28	18	236.28961	-1218.0403
28	19	185.31274	-1174.3116
28	20	246.15373	-1213.7062
28	21	240.39091	-1222.1821
28	22	253.09317	-1220.3921
28	23	168.95448	-1177.2184
28	25	257.03464	-1224.8903
28	26	164.1739	-1174.3235
28	28	167.72476	-1164.8481
28	29	261.44055	-1230.2163
28	33	265.5006	-1235.4348
28	37	261.97177	-1248.4344
28	38	265.55798	-1253.9685
28	39	275.77695	-1251.5333
28	40	248.06104	-1230.0155
28	41	279.20276	-1257.1414
28	52	273.3325	-1266.2797
28	54	227.29897	-1233.2389
28	59	237.50633	-1179.6105
28	60	242.52153	-1169.5687
28	61	225.36084	-1238.455
29	1	209.88004	-1195.1072
29	2	182.89604	-1186.9393
29	3	219.14249	-1205.5852
29	4	226.84698	-1206.1407
29	5	212.94902	-1189.9755
29	6	218.7137	-1192.9731
29	7	201.86705	-1195.153
29	8	207.85065	-1186.9287
29	9	196.81557	-1192.536
29	10	191.46577	-1189.6307
29	11	195.19434	-1179.9879
29	12	186.01054	-1186.4132
29	13	190.97227	-1177.5995
29	14	200.71078	-1170.1646
29	15	174.21696	-1171.9933
29	17	241.42978	-1209.372
29	18	236.28961	-1218.0403
29	19	185.31274	-1174.3116
29	20	246.15373	-1213.7062
29	21	240.39091	-1222.1821
29	22	253.09317	-1220.3921
29	23	168.95448	-1177.2184
29	25	257.03464	-1224.8903
29	27	200.1343	-1248.764
29	28	167.72476	-1164.8481
29	29	261.44055	-1230.2163
29	30	255.04642	-1238.6068
29	33	265.5006	-1235.4348
29	37	261.97177	-1248.4344
29	38	265.55798	-1253.9685
29	39	275.77695	-1251.5333
29	40	248.06104	-1230.0155
29	41	279.20276	-1257.1414
29	52	273.3325	-1266.2797
29	54	227.29897	-1233.2389
29	59	237.50633	-1179.6105
29	60	242.52153	-1169.5687
29	61	225.36084	-1238.455
29	63	250.35713	-1154.1542
30	1	210.57971	-1195.4983
30	2	183.01767	-1187.0253
30	3	219.50656	-1205.7596
30	4	227.5743	-1206.6649
30	5	212.94902	-1189.9755
30	6	218.7137	-1192.9731
30	7	201.86705	-1195.153
30	8	207.85065	-1186.9287
30	9	196.81557	-1192.536
30	10	191.46577	-1189.6307
30	11	195.19434	-1179.9879
30	12	186.01054	-1186.4132
30	13	190.97227	-1177.5995
30	14	200.71078	-1170.1646
30	15	173.62979	-1171.6682
30	17	241.42978	-1209.372
30	18	236.28961	-1218.0403
30	19	185.31274	-1174.3116
30	20	246.15373	-1213.7062
30	21	240.39091	-1222.1821
30	22	253.09317	-1220.3921
30	23	168.95448	-1177.2184
30	25	257.03464	-1224.8903
30	27	200.1343	-1248.764
30	28	167.72476	-1164.8481
30	29	261.44055	-1230.2163
30	33	265.5006	-1235.4348
30	34	258.67532	-1243.4912
30	37	261.97177	-1248.4344
30	38	265.55798	-1253.9685
30	39	275.77695	-1251.5333
30	40	248.06104	-1230.0155
30	41	279.20276	-1257.1414
30	52	273.3325	-1266.2797
30	54	227.29897	-1233.2389
30	59	237.50633	-1179.6105
30	60	242.52153	-1169.5687
30	61	225.36084	-1238.455
30	63	250.3839	-1154.3689
31	1	211.27979	-1195.8853
31	2	183.14023	-1187.1039
31	3	219.86012	-1205.9639
31	4	228.29645	-1207.1903
31	5	212.94902	-1189.9755
31	6	218.7137	-1192.9731
31	7	201.86705	-1195.153
31	8	207.85065	-1186.9287
31	9	196.81557	-1192.536
31	10	191.46577	-1189.6307
31	11	195.19434	-1179.9879
31	12	186.01054	-1186.4132
31	13	190.97227	-1177.5995
31	15	172.99794	-1171.3334
31	17	241.42978	-1209.372
31	18	236.28961	-1218.0403
31	19	185.31274	-1174.3116
31	20	246.15373	-1213.7062
31	21	240.39091	-1222.1821
31	22	253.09317	-1220.3921
31	23	168.95448	-1177.2184
31	25	257.03464	-1224.8903
31	27	200.1343	-1248.764
31	28	167.72476	-1164.8481
31	29	261.44055	-1230.2163
31	33	265.5006	-1235.4348
31	34	258.67532	-1243.4912
31	37	261.97177	-1248.4344
31	38	265.55798	-1253.9685
31	39	275.77695	-1251.5333
31	40	248.06104	-1230.0155
31	41	279.20276	-1257.1414
31	44	255.12935	-1238.7168
31	52	273.3325	-1266.2797
31	54	227.29897	-1233.2389
31	59	237.50633	-1179.6105
31	60	242.52153	-1169.5687
31	61	225.36084	-1238.455
31	62	192.21985	-1240.5739
31	63	250.43874	-1154.39
32	1	212.00862	-1196.2931
32	2	183.25165	-1187.1838
32	3	220.23471	-1206.1486
32	4	229.01251	-1207.7178
32	5	212.94902	-1189.9755
32	6	218.7137	-1192.9731
32	7	201.86705	-1195.153
32	8	207.85065	-1186.9287
32	10	191.46577	-1189.6307
32	11	195.19434	-1179.9879
32	12	186.01054	-1186.4132
32	13	190.97227	-1177.5995
32	15	172.42644	-1171.0339
32	17	241.42978	-1209.372
32	18	236.28961	-1218.0403
32	19	185.31274	-1174.3116
32	20	246.15373	-1213.7062
32	21	240.39091	-1222.1821
32	22	253.09317	-1220.3921
32	23	168.95448	-1177.2184
32	25	257.03464	-1224.8903
32	28	167.72476	-1164.8481
32	29	261.44055	-1230.2163
32	33	265.5006	-1235.4348
32	37	261.97177	-1248.4344
32	38	265.55798	-1253.9685
32	39	275.77695	-1251.5333
32	40	248.06104	-1230.0155
32	41	279.20276	-1257.1414
32	42	282.70346	-1262.4052
32	52	273.3325	-1266.2797
32	54	227.29897	-1233.2389
32	59	237.50633	-1179.6105
32	60	242.52153	-1169.5687
32	61	225.36084	-1238.455
32	62	192.21985	-1240.5739
32	63	250.41777	-1154.3322
33	1	212.74132	-1196.7083
33	2	183.3707	-1187.2461
33	3	220.60846	-1206.3547
33	4	229.72423	-1208.2487
33	5	212.94902	-1189.9755
33	6	218.7137	-1192.9731
33	7	201.86705	-1195.153
33	8	207.85065	-1186.9287
33	10	191.46577	-1189.6307
33	11	195.19434	-1179.9879
33	12	186.01054	-1186.4132
33	13	190.97227	-1177.5995
33	14	200.71078	-1170.1646
33	15	171.826	-1170.7137
33	17	241.42978	-1209.372
33	18	236.28961	-1218.0403
33	19	185.31274	-1174.3116
33	20	246.15373	-1213.7062
33	21	240.39091	-1222.1821
33	22	253.09317	-1220.3921
33	23	168.95448	-1177.2184
33	25	257.03464	-1224.8903
33	28	167.72476	-1164.8481
33	29	261.44055	-1230.2163
33	33	265.5006	-1235.4348
33	37	261.97177	-1248.4344
33	38	265.55798	-1253.9685
33	39	275.77695	-1251.5333
33	40	248.06104	-1230.0155
33	41	279.20276	-1257.1414
33	42	282.70346	-1262.4052
33	43	251.55531	-1234.0334
33	52	273.3325	-1266.2797
33	54	227.29897	-1233.2389
33	59	237.50633	-1179.6105
33	60	242.52153	-1169.5687
33	61	225.36084	-1238.455
33	62	192.21985	-1240.5739
33	63	250.41943	-1154.3462
34	1	213.4674	-1197.1177
34	2	183.49825	-1187.3181
34	3	220.86479	-1206.5371
34	4	230.43108	-1208.7826
34	5	212.94902	-1189.9755
34	6	218.7137	-1192.9731
34	7	201.86705	-1195.153
34	8	207.85065	-1186.9287
34	9	196.81557	-1192.536
34	10	191.46577	-1189.6307
34	11	195.19434	-1179.9879
34	12	186.01054	-1186.4132
34	13	190.97227	-1177.5995
34	15	171.23058	-1170.393
34	17	241.42978	-1209.372
34	18	236.28961	-1218.0403
34	19	185.31274	-1174.3116
34	20	246.15373	-1213.7062
34	21	240.39091	-1222.1821
34	22	253.09317	-1220.3921
34	23	168.95448	-1177.2184
34	25	257.03464	-1224.8903
34	28	167.72476	-1164.8481
34	29	261.44055	-1230.2163
34	33	265.5006	-1235.4348
34	37	261.97177	-1248.4344
34	38	265.55798	-1253.9685
34	39	275.77695	-1251.5333
34	40	248.06104	-1230.0155
34	41	279.20276	-1257.1414
34	42	282.70346	-1262.4052
34	52	273.3325	-1266.2797
34	54	227.29897	-1233.2389
34	59	237.50633	-1179.6105
34	60	242.52153	-1169.5687
34	61	225.36084	-1238.455
34	63	250.41891	-1154.3202
35	1	214.21043	-1197.5416
35	2	183.62627	-1187.3965
35	3	221.18977	-1206.7576
35	4	231.13072	-1209.3169
35	5	212.94902	-1189.9755
35	6	218.7137	-1192.9731
35	7	201.86705	-1195.153
35	8	207.85065	-1186.9287
35	10	191.46577	-1189.6307
35	11	195.19434	-1179.9879
35	12	186.01054	-1186.4132
35	13	190.97227	-1177.5995
35	15	170.62085	-1170.0682
35	17	241.42978	-1209.372
35	18	236.28961	-1218.0403
35	19	185.31274	-1174.3116
35	20	246.15373	-1213.7062
35	21	240.39091	-1222.1821
35	22	253.09317	-1220.3921
35	23	168.95448	-1177.2184
35	25	257.03464	-1224.8903
35	28	167.72476	-1164.8481
35	29	261.44055	-1230.2163
35	33	265.5006	-1235.4348
35	37	261.97177	-1248.4344
35	38	265.55798	-1253.9685
35	39	275.77695	-1251.5333
35	40	248.06104	-1230.0155
35	41	279.20276	-1257.1414
35	42	282.70346	-1262.4052
35	43	251.55531	-1234.0334
35	44	255.12935	-1238.7168
35	52	273.3325	-1266.2797
35	54	227.29897	-1233.2389
35	59	237.50633	-1179.6105
35	60	242.52153	-1169.5687
35	61	225.36084	-1238.455
36	1	214.93848	-1197.9581
36	2	183.75288	-1187.4725
36	3	221.5191	-1206.9813
36	4	231.82277	-1209.8522
36	5	212.94902	-1189.9755
36	6	218.7137	-1192.9731
36	7	201.86705	-1195.153
36	8	207.85065	-1186.9287
36	10	191.46577	-1189.6307
36	11	195.19434	-1179.9879
36	12	186.01054	-1186.4132
36	13	190.97227	-1177.5995
36	15	170.05045	-1169.7473
36	17	241.42978	-1209.372
36	18	236.28961	-1218.0403
36	19	185.31274	-1174.3116
36	20	246.15373	-1213.7062
36	21	240.39091	-1222.1821
36	22	253.09317	-1220.3921
36	23	168.95448	-1177.2184
36	25	257.03464	-1224.8903
36	29	261.44055	-1230.2163
36	33	265.5006	-1235.4348
36	37	261.97177	-1248.4344
36	38	265.55798	-1253.9685
36	39	275.77695	-1251.5333
36	40	248.06104	-1230.0155
36	41	279.20276	-1257.1414
36	42	282.70346	-1262.4052
36	43	251.55531	-1234.0334
36	45	258.7163	-1243.561
36	52	273.3325	-1266.2797
36	54	227.29897	-1233.2389
36	59	237.50633	-1179.6105
36	60	242.52153	-1169.5687
36	61	225.36084	-1238.455
37	1	215.67342	-1198.373
37	2	183.87216	-1187.5427
37	3	221.77618	-1207.2048
37	4	232.50873	-1210.388
37	5	212.94902	-1189.9755
37	6	218.7137	-1192.9731
37	7	201.86705	-1195.153
37	8	207.85065	-1186.9287
37	10	191.46577	-1189.6307
37	11	195.19434	-1179.9879
37	12	186.01054	-1186.4132
37	13	190.97227	-1177.5995
37	15	169.46294	-1169.4454
37	17	241.42978	-1209.372
37	18	236.28961	-1218.0403
37	19	185.31274	-1174.3116
37	20	246.15373	-1213.7062
37	21	240.39091	-1222.1821
37	22	253.09317	-1220.3921
37	23	168.95448	-1177.2184
37	25	257.03464	-1224.8903
37	29	261.44055	-1230.2163
37	33	265.5006	-1235.4348
37	37	261.97177	-1248.4344
37	38	265.55798	-1253.9685
37	39	275.77695	-1251.5333
37	40	248.06104	-1230.0155
37	41	279.20276	-1257.1414
37	42	282.70346	-1262.4052
37	43	251.55531	-1234.0334
37	44	255.12935	-1238.7168
37	52	273.3325	-1266.2797
37	54	227.29897	-1233.2389
37	59	237.50633	-1179.6105
37	60	242.52153	-1169.5687
37	61	225.36084	-1238.455
38	1	216.4167	-1198.8025
38	2	183.99474	-1187.6187
38	3	222.07408	-1207.452
38	4	233.1866	-1210.9249
38	5	212.94902	-1189.9755
38	6	218.7137	-1192.9731
38	7	201.86705	-1195.153
38	8	207.85065	-1186.9287
38	10	191.46577	-1189.6307
38	11	195.19434	-1179.9879
38	12	186.01054	-1186.4132
38	13	190.97227	-1177.5995
38	15	168.8934	-1169.1403
38	17	241.42978	-1209.372
38	18	236.28961	-1218.0403
38	19	185.31274	-1174.3116
38	20	246.15373	-1213.7062
38	21	240.39091	-1222.1821
38	22	253.09317	-1220.3921
38	23	168.95448	-1177.2184
38	25	257.03464	-1224.8903
38	29	261.44055	-1230.2163
38	33	265.5006	-1235.4348
38	37	261.97177	-1248.4344
38	38	265.55798	-1253.9685
38	39	275.77695	-1251.5333
38	40	248.06104	-1230.0155
38	41	279.20276	-1257.1414
38	42	282.70346	-1262.4052
38	43	251.55531	-1234.0334
38	44	255.12935	-1238.7168
38	52	273.3325	-1266.2797
38	59	237.50633	-1179.6105
39	1	217.14542	-1199.2262
39	2	184.12079	-1187.6978
39	3	222.37213	-1207.7069
39	4	233.85938	-1211.4633
39	5	212.94902	-1189.9755
39	6	218.7137	-1192.9731
39	7	201.86705	-1195.153
39	8	207.85065	-1186.9287
39	10	191.46577	-1189.6307
39	11	195.19434	-1179.9879
39	13	190.97227	-1177.5995
39	17	241.42978	-1209.372
39	18	236.28961	-1218.0403
39	19	185.31274	-1174.3116
39	20	246.15373	-1213.7062
39	21	240.39091	-1222.1821
39	22	253.09317	-1220.3921
39	23	168.95448	-1177.2184
39	25	257.03464	-1224.8903
39	29	261.44055	-1230.2163
39	33	265.5006	-1235.4348
39	37	261.97177	-1248.4344
39	38	265.55798	-1253.9685
39	39	275.77695	-1251.5333
39	40	248.06104	-1230.0155
39	41	279.20276	-1257.1414
39	42	282.70346	-1262.4052
39	43	251.55531	-1234.0334
39	44	255.12935	-1238.7168
39	52	273.3325	-1266.2797
39	59	237.50633	-1179.6105
40	1	217.904	-1199.6791
40	2	184.25943	-1187.7786
40	3	222.65736	-1207.9539
40	4	234.52556	-1212.0026
40	5	212.94902	-1189.9755
40	6	218.7137	-1192.9731
40	7	201.86705	-1195.153
40	8	207.85065	-1186.9287
40	10	191.46577	-1189.6307
40	11	195.19434	-1179.9879
40	13	190.97227	-1177.5995
40	17	241.42978	-1209.372
40	18	236.28961	-1218.0403
40	19	185.31274	-1174.3116
40	20	246.15373	-1213.7062
40	21	240.39091	-1222.1821
40	22	253.09317	-1220.3921
40	23	168.95448	-1177.2184
40	25	257.03464	-1224.8903
40	29	261.44055	-1230.2163
40	33	265.5006	-1235.4348
40	37	261.97177	-1248.4344
40	38	265.55798	-1253.9685
40	39	275.77695	-1251.5333
40	40	248.06104	-1230.0155
40	41	279.20276	-1257.1414
40	42	282.70346	-1262.4052
40	43	251.55531	-1234.0334
40	44	255.12935	-1238.7168
40	52	273.3325	-1266.2797
40	59	237.50633	-1179.6105
41	1	218.6544	-1200.123
41	2	184.38075	-1187.8473
41	3	222.94402	-1208.1946
41	4	235.18544	-1212.5442
41	5	212.94902	-1189.9755
41	6	218.7137	-1192.9731
41	7	201.86705	-1195.153
41	8	207.85065	-1186.9287
41	10	191.46577	-1189.6307
41	11	195.19434	-1179.9879
41	13	190.97227	-1177.5995
41	17	241.42978	-1209.372
41	18	236.28961	-1218.0403
41	19	185.31274	-1174.3116
41	20	246.15373	-1213.7062
41	21	240.39091	-1222.1821
41	22	253.09317	-1220.3921
41	23	168.95448	-1177.2184
41	25	257.03464	-1224.8903
41	29	261.44055	-1230.2163
41	33	265.5006	-1235.4348
41	37	261.97177	-1248.4344
41	38	265.55798	-1253.9685
41	39	275.77695	-1251.5333
41	40	248.06104	-1230.0155
41	41	279.20276	-1257.1414
41	42	282.70346	-1262.4052
41	43	251.55531	-1234.0334
41	44	255.12935	-1238.7168
41	52	273.3325	-1266.2797
41	59	237.50633	-1179.6105
42	1	219.39687	-1200.5796
42	2	184.50302	-1187.919
42	3	223.22908	-1208.4382
42	4	235.84077	-1213.0885
42	5	212.94902	-1189.9755
42	6	218.7137	-1192.9731
42	7	201.86705	-1195.153
42	8	207.85065	-1186.9287
42	11	195.19434	-1179.9879
42	13	190.97227	-1177.5995
42	17	241.42978	-1209.372
42	18	236.28961	-1218.0403
42	19	185.31274	-1174.3116
42	20	246.15373	-1213.7062
42	21	240.39091	-1222.1821
42	22	253.09317	-1220.3921
42	23	168.95448	-1177.2184
42	25	257.03464	-1224.8903
42	29	261.44055	-1230.2163
42	33	265.5006	-1235.4348
42	37	261.97177	-1248.4344
42	38	265.55798	-1253.9685
42	39	275.77695	-1251.5333
42	40	248.06104	-1230.0155
42	41	279.20276	-1257.1414
42	42	282.70346	-1262.4052
42	43	251.55531	-1234.0334
42	44	255.12935	-1238.7168
42	52	273.3325	-1266.2797
43	1	220.13359	-1201.0302
43	2	184.62132	-1187.988
43	3	223.50583	-1208.6638
43	4	236.48949	-1213.6356
43	5	212.94902	-1189.9755
43	6	218.7137	-1192.9731
43	7	201.86705	-1195.153
43	8	207.85065	-1186.9287
43	11	195.19434	-1179.9879
43	13	190.97227	-1177.5995
43	17	241.42978	-1209.372
43	18	236.28961	-1218.0403
43	19	185.31274	-1174.3116
43	20	246.15373	-1213.7062
43	21	240.39091	-1222.1821
43	22	253.09317	-1220.3921
43	25	257.03464	-1224.8903
43	29	261.44055	-1230.2163
43	33	265.5006	-1235.4348
43	37	261.97177	-1248.4344
43	38	265.55798	-1253.9685
43	39	275.77695	-1251.5333
43	40	248.06104	-1230.0155
43	41	279.20276	-1257.1414
43	42	282.70346	-1262.4052
43	43	251.55531	-1234.0334
43	44	255.12935	-1238.7168
43	45	258.7163	-1243.561
43	52	273.3325	-1266.2797
44	1	220.88083	-1201.4996
44	2	184.73434	-1188.057
44	3	223.78705	-1208.8975
44	4	237.19925	-1214.2399
44	5	212.94902	-1189.9755
44	6	218.7137	-1192.9731
44	7	201.86705	-1195.153
44	8	207.85065	-1186.9287
44	11	195.19434	-1179.9879
44	13	190.97227	-1177.5995
44	17	241.42978	-1209.372
44	18	236.28961	-1218.0403
44	19	185.31274	-1174.3116
44	20	246.15373	-1213.7062
44	21	240.39091	-1222.1821
44	22	253.09317	-1220.3921
44	25	257.03464	-1224.8903
44	29	261.44055	-1230.2163
44	33	265.5006	-1235.4348
44	37	261.97177	-1248.4344
44	38	265.55798	-1253.9685
44	39	275.77695	-1251.5333
44	40	248.06104	-1230.0155
44	41	279.20276	-1257.1414
44	42	282.70346	-1262.4052
44	43	251.55531	-1234.0334
44	44	255.12935	-1238.7168
44	52	273.3325	-1266.2797
45	1	221.64383	-1201.9902
45	2	184.85426	-1188.1333
45	3	224.07187	-1209.1307
45	4	237.83809	-1214.7933
45	5	212.94902	-1189.9755
45	6	218.7137	-1192.9731
45	7	201.86705	-1195.153
45	8	207.85065	-1186.9287
45	11	195.19434	-1179.9879
45	13	190.97227	-1177.5995
45	17	241.42978	-1209.372
45	18	236.28961	-1218.0403
45	19	185.31274	-1174.3116
45	20	246.15373	-1213.7062
45	21	240.39091	-1222.1821
45	22	253.09317	-1220.3921
45	25	257.03464	-1224.8903
45	29	261.44055	-1230.2163
45	33	265.5006	-1235.4348
45	37	261.97177	-1248.4344
45	38	265.55798	-1253.9685
45	39	275.77695	-1251.5333
45	40	248.06104	-1230.0155
45	41	279.20276	-1257.1414
45	42	282.70346	-1262.4052
45	43	251.55531	-1234.0334
45	44	255.12935	-1238.7168
45	52	273.3325	-1266.2797
46	1	222.40036	-1202.4863
46	2	184.9868	-1188.2
46	3	224.36612	-1209.3481
46	4	238.47287	-1215.3499
46	5	212.94902	-1189.9755
46	6	218.7137	-1192.9731
46	7	201.86705	-1195.153
46	8	207.85065	-1186.9287
46	11	195.19434	-1179.9879
46	13	190.97227	-1177.5995
46	17	241.42978	-1209.372
46	18	236.28961	-1218.0403
46	19	185.31274	-1174.3116
46	20	246.15373	-1213.7062
46	21	240.39091	-1222.1821
46	22	253.09317	-1220.3921
46	25	257.03464	-1224.8903
46	29	261.44055	-1230.2163
46	33	265.5006	-1235.4348
46	37	261.97177	-1248.4344
46	38	265.55798	-1253.9685
46	39	275.77695	-1251.5333
46	40	248.06104	-1230.0155
46	41	279.20276	-1257.1414
46	42	282.70346	-1262.4052
46	43	251.55531	-1234.0334
46	44	255.12935	-1238.7168
46	45	258.7163	-1243.561
46	52	273.3325	-1266.2797
46	53	191.21242	-1189.5115
47	1	223.15295	-1202.99
47	2	185.10275	-1188.2672
47	3	224.65535	-1209.5442
47	4	239.10565	-1215.912
47	5	212.94902	-1189.9755
47	6	218.7137	-1192.9731
47	7	201.86705	-1195.153
47	8	207.85065	-1186.9287
47	11	195.19434	-1179.9879
47	13	190.97227	-1177.5995
47	17	241.42978	-1209.372
47	18	236.28961	-1218.0403
47	19	185.31274	-1174.3116
47	20	246.15373	-1213.7062
47	21	240.39091	-1222.1821
47	22	253.09317	-1220.3921
47	25	257.03464	-1224.8903
47	29	261.44055	-1230.2163
47	33	265.5006	-1235.4348
47	37	261.97177	-1248.4344
47	38	265.55798	-1253.9685
47	39	275.77695	-1251.5333
47	40	248.06104	-1230.0155
47	41	279.20276	-1257.1414
47	42	282.70346	-1262.4052
47	43	251.55531	-1234.0334
47	44	255.12935	-1238.7168
47	45	258.7163	-1243.561
47	47	288.77444	-1267.8192
47	52	273.3325	-1266.2797
47	53	191.21242	-1189.5115
48	1	223.92145	-1203.522
48	2	185.23717	-1188.3367
48	3	224.9323	-1209.7487
48	4	239.73633	-1216.478
48	5	212.94902	-1189.9755
48	6	218.7137	-1192.9731
48	7	201.86705	-1195.153
48	8	207.85065	-1186.9287
48	11	195.19434	-1179.9879
48	13	190.97227	-1177.5995
48	17	241.42978	-1209.372
48	18	236.28961	-1218.0403
48	19	185.31274	-1174.3116
48	20	246.15373	-1213.7062
48	21	240.39091	-1222.1821
48	22	253.09317	-1220.3921
48	25	257.03464	-1224.8903
48	29	261.44055	-1230.2163
48	33	265.5006	-1235.4348
48	37	261.97177	-1248.4344
48	38	265.55798	-1253.9685
48	39	275.77695	-1251.5333
48	40	248.06104	-1230.0155
48	41	279.20276	-1257.1414
48	42	282.70346	-1262.4052
48	43	251.55531	-1234.0334
48	44	255.12935	-1238.7168
48	45	258.7163	-1243.561
48	47	288.85706	-1267.922
48	52	273.3325	-1266.2797
48	53	191.21242	-1189.5115
49	1	224.68134	-1204.0626
49	2	185.36821	-1188.4109
49	3	225.20686	-1209.9462
49	4	240.36424	-1217.0503
49	5	212.94902	-1189.9755
49	6	218.7137	-1192.9731
49	7	201.86705	-1195.153
49	8	207.85065	-1186.9287
49	11	195.19434	-1179.9879
49	13	190.97227	-1177.5995
49	17	241.42978	-1209.372
49	18	236.28961	-1218.0403
49	19	185.31274	-1174.3116
49	20	246.15373	-1213.7062
49	21	240.39091	-1222.1821
49	22	253.09317	-1220.3921
49	25	257.03464	-1224.8903
49	29	261.44055	-1230.2163
49	33	265.5006	-1235.4348
49	37	261.97177	-1248.4344
49	38	265.55798	-1253.9685
49	39	275.77695	-1251.5333
49	40	248.06104	-1230.0155
49	41	279.20276	-1257.1414
49	42	282.70346	-1262.4052
49	43	251.55531	-1234.0334
49	44	255.12935	-1238.7168
49	45	258.7163	-1243.561
49	46	286.49243	-1267.6079
49	47	288.8941	-1268.0002
49	52	273.3325	-1266.2797
49	53	191.21242	-1189.5115
50	1	225.42027	-1204.6058
50	2	185.4989	-1188.4802
50	3	225.50522	-1210.1449
50	4	240.98953	-1217.6277
50	5	212.94902	-1189.9755
50	6	218.7137	-1192.9731
50	7	201.86705	-1195.153
50	8	207.85065	-1186.9287
50	11	195.19434	-1179.9879
50	13	190.97227	-1177.5995
50	17	241.42978	-1209.372
50	18	236.28961	-1218.0403
50	19	185.31274	-1174.3116
50	20	246.15373	-1213.7062
50	21	240.39091	-1222.1821
50	22	253.09317	-1220.3921
50	25	257.03464	-1224.8903
50	29	261.44055	-1230.2163
50	33	265.5006	-1235.4348
50	37	261.97177	-1248.4344
50	38	265.55798	-1253.9685
50	39	275.77695	-1251.5333
50	40	248.06104	-1230.0155
50	41	279.20276	-1257.1414
50	42	282.70346	-1262.4052
50	43	251.55531	-1234.0334
50	44	255.12935	-1238.7168
50	45	258.7163	-1243.561
50	46	286.49243	-1267.6079
50	47	288.97543	-1268.1157
50	52	273.3325	-1266.2797
50	53	191.21242	-1189.5115
51	1	226.16724	-1205.1653
51	2	185.61522	-1188.5372
51	3	225.75546	-1210.3184
51	4	241.61502	-1218.2098
51	5	212.94902	-1189.9755
51	6	218.7137	-1192.9731
51	7	201.86705	-1195.153
51	8	207.85065	-1186.9287
51	11	195.19434	-1179.9879
51	13	190.97227	-1177.5995
51	17	241.42978	-1209.372
51	18	236.28961	-1218.0403
51	19	185.31274	-1174.3116
51	20	246.15373	-1213.7062
51	21	240.39091	-1222.1821
51	22	253.09317	-1220.3921
51	25	257.03464	-1224.8903
51	29	261.44055	-1230.2163
51	33	265.5006	-1235.4348
51	37	261.97177	-1248.4344
51	38	265.55798	-1253.9685
51	39	275.77695	-1251.5333
51	40	248.06104	-1230.0155
51	41	279.20276	-1257.1414
51	42	282.70346	-1262.4052
51	43	251.55531	-1234.0334
51	44	255.12935	-1238.7168
51	45	258.7163	-1243.561
51	46	286.49243	-1267.6079
51	52	273.3325	-1266.2797
51	53	191.21242	-1189.5115
52	1	226.92448	-1205.7413
52	2	185.74753	-1188.613
52	3	226.01073	-1210.4824
52	4	242.23726	-1218.7971
52	5	212.94902	-1189.9755
52	6	218.7137	-1192.9731
52	7	201.86705	-1195.153
52	8	207.85065	-1186.9287
52	11	195.19434	-1179.9879
52	13	190.97227	-1177.5995
52	17	241.42978	-1209.372
52	18	236.28961	-1218.0403
52	19	185.31274	-1174.3116
52	20	246.15373	-1213.7062
52	21	240.39091	-1222.1821
52	22	253.09317	-1220.3921
52	25	257.03464	-1224.8903
52	29	261.44055	-1230.2163
52	33	265.5006	-1235.4348
52	37	261.97177	-1248.4344
52	38	265.55798	-1253.9685
52	39	275.77695	-1251.5333
52	40	248.06104	-1230.0155
52	41	279.20276	-1257.1414
52	42	282.70346	-1262.4052
52	43	251.55531	-1234.0334
52	44	255.12935	-1238.7168
52	45	258.7163	-1243.561
52	46	286.49243	-1267.6079
52	47	289.08762	-1268.2595
52	53	191.21242	-1189.5115
53	1	227.71036	-1206.3519
53	2	185.88327	-1188.6737
53	3	226.27544	-1210.6415
53	4	242.8595	-1219.3918
53	5	212.94902	-1189.9755
53	6	218.7137	-1192.9731
53	7	201.86705	-1195.153
53	8	207.85065	-1186.9287
53	11	195.19434	-1179.9879
53	13	190.97227	-1177.5995
53	17	241.42978	-1209.372
53	18	236.28961	-1218.0403
53	19	185.31274	-1174.3116
53	20	246.15373	-1213.7062
53	21	240.39091	-1222.1821
53	22	253.09317	-1220.3921
53	25	257.03464	-1224.8903
53	29	261.44055	-1230.2163
53	33	265.5006	-1235.4348
53	37	261.97177	-1248.4344
53	38	265.55798	-1253.9685
53	39	275.77695	-1251.5333
53	40	248.06104	-1230.0155
53	41	279.20276	-1257.1414
53	42	282.70346	-1262.4052
53	43	251.55531	-1234.0334
53	44	255.12935	-1238.7168
53	45	258.7163	-1243.561
53	46	286.49243	-1267.6079
53	47	289.19025	-1268.3833
53	53	191.21242	-1189.5115
54	1	228.49443	-1206.977
54	2	186.02133	-1188.734
54	3	226.54541	-1210.7926
54	4	243.48303	-1219.9935
54	5	212.94902	-1189.9755
54	6	218.7137	-1192.9731
54	7	201.86705	-1195.153
54	8	207.85065	-1186.9287
54	11	195.19434	-1179.9879
54	13	190.97227	-1177.5995
54	17	241.42978	-1209.372
54	18	236.28961	-1218.0403
54	19	185.31274	-1174.3116
54	20	246.15373	-1213.7062
54	21	240.39091	-1222.1821
54	22	253.09317	-1220.3921
54	25	257.03464	-1224.8903
54	29	261.44055	-1230.2163
54	33	265.5006	-1235.4348
54	37	261.97177	-1248.4344
54	38	265.55798	-1253.9685
54	39	275.77695	-1251.5333
54	40	248.06104	-1230.0155
54	41	279.20276	-1257.1414
54	42	282.70346	-1262.4052
54	43	251.55531	-1234.0334
54	44	255.12935	-1238.7168
54	45	258.7163	-1243.561
54	46	286.49243	-1267.6079
54	47	289.2182	-1268.4467
54	48	290.43008	-1277.4319
54	53	191.21242	-1189.5115
55	1	229.2333	-1207.5902
55	2	186.15292	-1188.7972
55	3	226.8482	-1210.974
55	4	244.10419	-1220.6025
55	5	212.94902	-1189.9755
55	6	218.7137	-1192.9731
55	7	201.86705	-1195.153
55	8	207.85065	-1186.9287
55	11	195.19434	-1179.9879
55	13	190.97227	-1177.5995
55	17	241.42978	-1209.372
55	18	236.28961	-1218.0403
55	19	185.31274	-1174.3116
55	20	246.15373	-1213.7062
55	21	240.39091	-1222.1821
55	22	253.09317	-1220.3921
55	25	257.03464	-1224.8903
55	29	261.44055	-1230.2163
55	33	265.5006	-1235.4348
55	37	261.97177	-1248.4344
55	38	265.55798	-1253.9685
55	39	275.77695	-1251.5333
55	40	248.06104	-1230.0155
55	41	279.20276	-1257.1414
55	42	282.70346	-1262.4052
55	43	251.55531	-1234.0334
55	44	255.12935	-1238.7168
55	45	258.7163	-1243.561
55	46	286.49243	-1267.6079
55	47	289.2969	-1268.5322
55	48	290.30933	-1277.0667
55	49	283.75818	-1280.1738
55	53	191.21242	-1189.5115
56	1	229.96544	-1208.186
56	2	186.28006	-1188.8552
56	3	227.1176	-1211.0944
56	4	244.72299	-1221.2155
56	5	212.94902	-1189.9755
56	6	218.7137	-1192.9731
56	7	201.86705	-1195.153
56	8	207.85065	-1186.9287
56	11	195.19434	-1179.9879
56	13	190.97227	-1177.5995
56	17	241.42978	-1209.372
56	18	236.28961	-1218.0403
56	19	185.31274	-1174.3116
56	20	246.15373	-1213.7062
56	21	240.39091	-1222.1821
56	22	253.09317	-1220.3921
56	25	257.03464	-1224.8903
56	29	261.44055	-1230.2163
56	33	265.5006	-1235.4348
56	37	261.97177	-1248.4344
56	38	265.55798	-1253.9685
56	39	275.77695	-1251.5333
56	40	248.06104	-1230.0155
56	41	279.20276	-1257.1414
56	42	282.70346	-1262.4052
56	43	251.55531	-1234.0334
56	44	255.12935	-1238.7168
56	45	258.7163	-1243.561
56	46	286.49243	-1267.6079
56	47	289.3826	-1268.6497
56	48	289.97153	-1276.6879
56	49	283.75818	-1280.1738
56	50	292.47354	-1278.2408
56	53	191.21242	-1189.5115
57	1	230.70642	-1208.7981
57	2	186.41177	-1188.9071
57	3	227.35855	-1211.2083
57	4	245.33757	-1221.8307
57	5	212.94902	-1189.9755
57	6	218.7137	-1192.9731
57	7	201.86705	-1195.153
57	8	207.85065	-1186.9287
57	11	195.19434	-1179.9879
57	13	190.97227	-1177.5995
57	17	241.42978	-1209.372
57	18	236.28961	-1218.0403
57	19	185.31274	-1174.3116
57	20	246.15373	-1213.7062
57	21	240.39091	-1222.1821
57	22	253.09317	-1220.3921
57	25	257.03464	-1224.8903
57	29	261.44055	-1230.2163
57	33	265.5006	-1235.4348
57	37	261.97177	-1248.4344
57	38	265.55798	-1253.9685
57	39	275.77695	-1251.5333
57	40	248.06104	-1230.0155
57	41	279.20276	-1257.1414
57	42	282.70346	-1262.4052
57	43	251.55531	-1234.0334
57	44	255.12935	-1238.7168
57	45	258.7163	-1243.561
57	46	286.49243	-1267.6079
57	47	289.45355	-1268.7349
57	48	289.58432	-1276.112
57	50	292.02878	-1277.8176
57	53	191.21242	-1189.5115
58	1	231.50343	-1209.4681
58	2	186.54482	-1188.9634
58	3	227.66643	-1211.3402
58	4	245.94862	-1222.4509
58	5	212.94902	-1189.9755
58	6	218.7137	-1192.9731
58	7	201.86705	-1195.153
58	8	207.85065	-1186.9287
58	11	195.19434	-1179.9879
58	13	190.97227	-1177.5995
58	17	241.42978	-1209.372
58	18	236.28961	-1218.0403
58	20	246.15373	-1213.7062
58	21	240.39091	-1222.1821
58	22	253.09317	-1220.3921
58	25	257.03464	-1224.8903
58	29	261.44055	-1230.2163
58	33	265.5006	-1235.4348
58	37	261.97177	-1248.4344
58	38	265.55798	-1253.9685
58	39	275.77695	-1251.5333
58	40	248.06104	-1230.0155
58	41	279.20276	-1257.1414
58	42	282.70346	-1262.4052
58	43	251.55531	-1234.0334
58	44	255.12935	-1238.7168
58	45	258.7163	-1243.561
58	46	286.49243	-1267.6079
58	47	289.49228	-1268.8193
58	48	289.1958	-1275.693
58	49	283.75818	-1280.1738
58	50	291.73392	-1277.5742
58	53	191.21242	-1189.5115
59	1	232.29422	-1210.1547
59	2	186.6917	-1189.0292
59	3	227.9625	-1211.5063
59	4	246.55862	-1223.0768
59	5	212.94902	-1189.9755
59	6	218.7137	-1192.9731
59	7	201.86705	-1195.153
59	8	207.85065	-1186.9287
59	11	195.19434	-1179.9879
59	13	190.97227	-1177.5995
59	17	241.42978	-1209.372
59	18	236.28961	-1218.0403
59	20	246.15373	-1213.7062
59	21	240.39091	-1222.1821
59	22	253.09317	-1220.3921
59	25	257.03464	-1224.8903
59	29	261.44055	-1230.2163
59	33	265.5006	-1235.4348
59	37	261.97177	-1248.4344
59	38	265.55798	-1253.9685
59	39	275.77695	-1251.5333
59	40	248.06104	-1230.0155
59	41	279.20276	-1257.1414
59	42	282.70346	-1262.4052
59	43	251.55531	-1234.0334
59	44	255.12935	-1238.7168
59	45	258.7163	-1243.561
59	46	286.49243	-1267.6079
59	47	289.5482	-1268.9021
59	48	288.8144	-1275.1924
59	49	283.75818	-1280.1738
59	50	291.39407	-1277.1768
59	53	191.21242	-1189.5115
60	1	232.99084	-1210.7506
60	2	186.80391	-1189.0901
60	3	228.22182	-1211.6119
60	4	247.16737	-1223.7098
60	5	212.94902	-1189.9755
60	6	218.7137	-1192.9731
60	7	201.86705	-1195.153
60	8	207.85065	-1186.9287
60	11	195.19434	-1179.9879
60	13	190.97227	-1177.5995
60	17	241.42978	-1209.372
60	18	236.28961	-1218.0403
60	20	246.15373	-1213.7062
60	21	240.39091	-1222.1821
60	22	253.09317	-1220.3921
60	25	257.03464	-1224.8903
60	29	261.44055	-1230.2163
60	33	265.5006	-1235.4348
60	37	261.97177	-1248.4344
60	38	265.55798	-1253.9685
60	39	275.77695	-1251.5333
60	40	248.06104	-1230.0155
60	41	279.20276	-1257.1414
60	42	282.70346	-1262.4052
60	43	251.55531	-1234.0334
60	44	255.12935	-1238.7168
60	45	258.7163	-1243.561
60	46	286.49243	-1267.6079
60	47	289.6315	-1268.9937
60	48	288.49496	-1274.7057
60	49	283.75818	-1280.1738
60	50	290.98764	-1276.7878
60	53	191.21242	-1189.5115
61	1	233.75139	-1211.4247
61	2	186.93419	-1189.1506
61	3	228.43645	-1211.7019
61	4	247.77463	-1224.3472
61	5	212.94902	-1189.9755
61	6	218.7137	-1192.9731
61	7	201.86705	-1195.153
61	8	207.85065	-1186.9287
61	11	195.19434	-1179.9879
61	13	190.97227	-1177.5995
61	17	241.42978	-1209.372
61	18	236.28961	-1218.0403
61	20	246.15373	-1213.7062
61	21	240.39091	-1222.1821
61	22	253.09317	-1220.3921
61	25	257.03464	-1224.8903
61	29	261.44055	-1230.2163
61	33	265.5006	-1235.4348
61	37	261.97177	-1248.4344
61	38	265.55798	-1253.9685
61	39	275.77695	-1251.5333
61	40	248.06104	-1230.0155
61	41	279.20276	-1257.1414
61	42	282.70346	-1262.4052
61	43	251.55531	-1234.0334
61	44	255.12935	-1238.7168
61	45	258.7163	-1243.561
61	46	286.49243	-1267.6079
61	47	289.68173	-1269.0651
61	48	288.17172	-1274.2742
61	49	283.75818	-1280.1738
61	50	290.63794	-1276.4144
61	53	191.21242	-1189.5115
62	1	234.62308	-1212.1943
62	2	187.04529	-1189.2006
62	3	228.75327	-1211.8262
62	4	248.37856	-1224.9884
62	5	212.94902	-1189.9755
62	6	218.7137	-1192.9731
62	7	201.86705	-1195.153
62	8	207.85065	-1186.9287
62	11	195.19434	-1179.9879
62	13	190.97227	-1177.5995
62	17	241.42978	-1209.372
62	18	236.28961	-1218.0403
62	20	246.15373	-1213.7062
62	21	240.39091	-1222.1821
62	22	253.09317	-1220.3921
62	25	257.03464	-1224.8903
62	29	261.44055	-1230.2163
62	33	265.5006	-1235.4348
62	37	261.97177	-1248.4344
62	38	265.55798	-1253.9685
62	39	275.77695	-1251.5333
62	40	248.06104	-1230.0155
62	41	279.20276	-1257.1414
62	42	282.70346	-1262.4052
62	43	251.55531	-1234.0334
62	44	255.12935	-1238.7168
62	45	258.7163	-1243.561
62	46	286.49243	-1267.6079
62	47	289.79034	-1269.1338
62	48	287.8806	-1273.8412
62	49	283.75818	-1280.1738
62	50	290.20148	-1275.9043
62	53	191.21242	-1189.5115
63	1	235.29971	-1212.8037
63	3	229.08109	-1211.9639
63	4	248.9764	-1225.6327
63	5	212.94902	-1189.9755
63	6	218.7137	-1192.9731
63	7	201.86705	-1195.153
63	8	207.85065	-1186.9287
63	11	195.19434	-1179.9879
63	13	190.97227	-1177.5995
63	17	241.42978	-1209.372
63	18	236.28961	-1218.0403
63	20	246.15373	-1213.7062
63	21	240.39091	-1222.1821
63	22	253.09317	-1220.3921
63	25	257.03464	-1224.8903
63	29	261.44055	-1230.2163
63	33	265.5006	-1235.4348
63	37	261.97177	-1248.4344
63	38	265.55798	-1253.9685
63	39	275.77695	-1251.5333
63	40	248.06104	-1230.0155
63	41	279.20276	-1257.1414
63	42	282.70346	-1262.4052
63	43	251.55531	-1234.0334
63	44	255.12935	-1238.7168
63	45	258.7163	-1243.561
63	46	286.49243	-1267.6079
63	47	289.84256	-1269.1881
63	48	287.57764	-1273.3547
63	49	283.75818	-1280.1738
63	50	289.87125	-1275.5723
63	53	191.21242	-1189.5115
64	1	236.0092	-1213.4418
64	3	229.34898	-1212.0659
64	4	249.56924	-1226.2778
64	5	212.94902	-1189.9755
64	6	218.7137	-1192.9731
64	7	201.86705	-1195.153
64	8	207.85065	-1186.9287
64	11	195.19434	-1179.9879
64	13	190.97227	-1177.5995
64	17	241.42978	-1209.372
64	18	236.28961	-1218.0403
64	20	246.15373	-1213.7062
64	21	240.39091	-1222.1821
64	22	253.09317	-1220.3921
64	25	257.03464	-1224.8903
64	29	261.44055	-1230.2163
64	33	265.5006	-1235.4348
64	37	261.97177	-1248.4344
64	38	265.55798	-1253.9685
64	39	275.77695	-1251.5333
64	40	248.06104	-1230.0155
64	41	279.20276	-1257.1414
64	42	282.70346	-1262.4052
64	43	251.55531	-1234.0334
64	44	255.12935	-1238.7168
64	45	258.7163	-1243.561
64	46	286.49243	-1267.6079
64	47	289.9343	-1269.2961
64	48	287.26837	-1272.8688
64	49	283.75818	-1280.1738
64	50	289.51608	-1275.1538
64	51	292.07935	-1290.13
64	53	191.21242	-1189.5115
65	1	236.65092	-1214.0321
65	3	229.65288	-1212.1449
65	4	250.15762	-1226.925
65	5	212.94902	-1189.9755
65	6	218.7137	-1192.9731
65	7	201.86705	-1195.153
65	8	207.85065	-1186.9287
65	11	195.19434	-1179.9879
65	17	241.42978	-1209.372
65	18	236.28961	-1218.0403
65	20	246.15373	-1213.7062
65	21	240.39091	-1222.1821
65	22	253.09317	-1220.3921
65	25	257.03464	-1224.8903
65	29	261.44055	-1230.2163
65	33	265.5006	-1235.4348
65	37	261.97177	-1248.4344
65	38	265.55798	-1253.9685
65	39	275.77695	-1251.5333
65	40	248.06104	-1230.0155
65	41	279.20276	-1257.1414
65	42	282.70346	-1262.4052
65	43	251.55531	-1234.0334
65	44	255.12935	-1238.7168
65	45	258.7163	-1243.561
65	46	286.49243	-1267.6079
65	47	289.9889	-1269.3848
65	48	286.91876	-1272.3953
65	49	283.75818	-1280.1738
65	50	289.22504	-1274.8523
65	51	292.07935	-1290.13
65	53	191.21242	-1189.5115
66	1	237.35829	-1214.6794
66	3	230.00975	-1212.2708
66	4	250.74162	-1227.5768
66	5	212.94902	-1189.9755
66	6	218.7137	-1192.9731
66	7	201.86705	-1195.153
66	8	207.85065	-1186.9287
66	11	195.19434	-1179.9879
66	17	241.42978	-1209.372
66	18	236.28961	-1218.0403
66	20	246.15373	-1213.7062
66	21	240.39091	-1222.1821
66	22	253.09317	-1220.3921
66	25	257.03464	-1224.8903
66	29	261.44055	-1230.2163
66	33	265.5006	-1235.4348
66	37	261.97177	-1248.4344
66	38	265.55798	-1253.9685
66	39	275.77695	-1251.5333
66	40	248.06104	-1230.0155
66	41	279.20276	-1257.1414
66	42	282.70346	-1262.4052
66	43	251.55531	-1234.0334
66	44	255.12935	-1238.7168
66	45	258.7163	-1243.561
66	46	286.49243	-1267.6079
66	47	290.04062	-1269.4897
66	48	286.6372	-1271.9604
66	49	283.75818	-1280.1738
66	50	288.75336	-1274.5403
66	51	292.07935	-1290.13
66	53	191.21242	-1189.5115
67	1	238.04987	-1215.3196
67	3	230.4134	-1212.4266
67	4	251.3241	-1228.2346
67	5	212.94902	-1189.9755
67	6	218.7137	-1192.9731
67	7	201.86705	-1195.153
67	8	207.85065	-1186.9287
67	11	195.19434	-1179.9879
67	17	241.42978	-1209.372
67	18	236.28961	-1218.0403
67	20	246.15373	-1213.7062
67	21	240.39091	-1222.1821
67	22	253.09317	-1220.3921
67	25	257.03464	-1224.8903
67	29	261.44055	-1230.2163
67	33	265.5006	-1235.4348
67	37	261.97177	-1248.4344
67	38	265.55798	-1253.9685
67	39	275.77695	-1251.5333
67	40	248.06104	-1230.0155
67	41	279.20276	-1257.1414
67	42	282.70346	-1262.4052
67	43	251.55531	-1234.0334
67	44	255.12935	-1238.7168
67	45	258.7163	-1243.561
67	46	286.49243	-1267.6079
67	48	286.28625	-1271.4438
67	49	283.75818	-1280.1738
67	51	292.07935	-1290.13
67	53	191.21242	-1189.5115
67	56	288.0365	-1285.2355
67	57	290.27298	-1272.6735
68	1	238.70055	-1215.9222
68	3	230.73434	-1212.5266
68	4	251.90273	-1228.8948
68	5	212.94902	-1189.9755
68	6	218.7137	-1192.9731
68	7	201.86705	-1195.153
68	8	207.85065	-1186.9287
68	11	195.19434	-1179.9879
68	17	241.42978	-1209.372
68	18	236.28961	-1218.0403
68	20	246.15373	-1213.7062
68	21	240.39091	-1222.1821
68	22	253.09317	-1220.3921
68	25	257.03464	-1224.8903
68	29	261.44055	-1230.2163
68	33	265.5006	-1235.4348
68	37	261.97177	-1248.4344
68	38	265.55798	-1253.9685
68	39	275.77695	-1251.5333
68	40	248.06104	-1230.0155
68	41	279.20276	-1257.1414
68	42	282.70346	-1262.4052
68	43	251.55531	-1234.0334
68	44	255.12935	-1238.7168
68	45	258.7163	-1243.561
68	46	286.49243	-1267.6079
68	48	285.9755	-1270.9896
68	49	283.75818	-1280.1738
68	50	288.08713	-1273.8605
68	51	292.07935	-1290.13
68	53	191.21242	-1189.5115
68	55	273.33218	-1266.7189
68	57	290.27298	-1272.6735
69	1	239.43466	-1216.6099
69	3	231.07544	-1212.702
69	4	252.47708	-1229.5576
69	5	212.94902	-1189.9755
69	6	218.7137	-1192.9731
69	7	201.86705	-1195.153
69	8	207.85065	-1186.9287
69	11	195.19434	-1179.9879
69	17	241.42978	-1209.372
69	18	236.28961	-1218.0403
69	20	246.15373	-1213.7062
69	21	240.39091	-1222.1821
69	22	253.09317	-1220.3921
69	25	257.03464	-1224.8903
69	29	261.44055	-1230.2163
69	33	265.5006	-1235.4348
69	37	261.97177	-1248.4344
69	38	265.55798	-1253.9685
69	39	275.77695	-1251.5333
69	40	248.06104	-1230.0155
69	41	279.20276	-1257.1414
69	42	282.70346	-1262.4052
69	43	251.55531	-1234.0334
69	44	255.12935	-1238.7168
69	45	258.7163	-1243.561
69	46	286.49243	-1267.6079
69	47	290.2586	-1269.8221
69	48	285.704	-1270.586
69	49	283.75818	-1280.1738
69	50	287.47598	-1273.343
69	51	292.07935	-1290.13
69	53	191.21242	-1189.5115
69	55	273.33218	-1266.7189
69	56	288.0365	-1285.2355
69	57	290.27298	-1272.6735
70	1	240.09192	-1217.2397
70	3	231.39282	-1212.8333
70	4	253.04565	-1230.2231
70	5	212.94902	-1189.9755
70	6	218.7137	-1192.9731
70	7	201.86705	-1195.153
70	8	207.85065	-1186.9287
70	11	195.19434	-1179.9879
70	17	241.42978	-1209.372
70	18	236.28961	-1218.0403
70	20	246.15373	-1213.7062
70	21	240.39091	-1222.1821
70	22	253.09317	-1220.3921
70	25	257.03464	-1224.8903
70	29	261.44055	-1230.2163
70	33	265.5006	-1235.4348
70	37	261.97177	-1248.4344
70	38	265.55798	-1253.9685
70	39	275.77695	-1251.5333
70	40	248.06104	-1230.0155
70	41	279.20276	-1257.1414
70	42	282.70346	-1262.4052
70	43	251.55531	-1234.0334
70	44	255.12935	-1238.7168
70	45	258.7163	-1243.561
70	46	286.49243	-1267.6079
70	47	290.29773	-1269.8802
70	48	285.39142	-1270.0763
70	49	283.75818	-1280.1738
70	50	287.20245	-1272.9075
70	51	292.07935	-1290.13
70	55	273.33218	-1266.7189
70	56	288.0365	-1285.2355
71	1	240.75945	-1217.8885
71	3	231.71822	-1212.9492
71	4	253.60854	-1230.8917
71	5	212.94902	-1189.9755
71	6	218.7137	-1192.9731
71	7	201.86705	-1195.153
71	8	207.85065	-1186.9287
71	17	241.42978	-1209.372
71	18	236.28961	-1218.0403
71	20	246.15373	-1213.7062
71	21	240.39091	-1222.1821
71	22	253.09317	-1220.3921
71	25	257.03464	-1224.8903
71	29	261.44055	-1230.2163
71	33	265.5006	-1235.4348
71	37	261.97177	-1248.4344
71	38	265.55798	-1253.9685
71	39	275.77695	-1251.5333
71	40	248.06104	-1230.0155
71	41	279.20276	-1257.1414
71	42	282.70346	-1262.4052
71	43	251.55531	-1234.0334
71	44	255.12935	-1238.7168
71	45	258.7163	-1243.561
71	46	286.49243	-1267.6079
71	47	290.34634	-1269.9731
71	48	285.06754	-1269.6068
71	49	283.75818	-1280.1738
71	50	286.84317	-1272.4948
71	51	292.07935	-1290.13
71	55	273.33218	-1266.7189
71	56	288.0365	-1285.2355
71	57	290.27298	-1272.6735
71	58	296.25452	-1293.3711
72	1	241.40675	-1218.516
72	3	231.96625	-1213.0907
72	4	254.16974	-1231.5635
72	5	212.94902	-1189.9755
72	6	218.7137	-1192.9731
72	7	201.86705	-1195.153
72	8	207.85065	-1186.9287
72	17	241.42978	-1209.372
72	18	236.28961	-1218.0403
72	20	246.15373	-1213.7062
72	21	240.39091	-1222.1821
72	22	253.09317	-1220.3921
72	25	257.03464	-1224.8903
72	29	261.44055	-1230.2163
72	33	265.5006	-1235.4348
72	37	261.97177	-1248.4344
72	38	265.55798	-1253.9685
72	39	275.77695	-1251.5333
72	40	248.06104	-1230.0155
72	41	279.20276	-1257.1414
72	42	282.70346	-1262.4052
72	43	251.55531	-1234.0334
72	44	255.12935	-1238.7168
72	45	258.7163	-1243.561
72	46	286.49243	-1267.6079
72	47	290.42325	-1270.0431
72	48	284.7701	-1269.097
72	49	283.75818	-1280.1738
72	50	286.45523	-1271.9868
72	51	292.07935	-1290.13
72	55	273.33218	-1266.7189
72	56	288.0365	-1285.2355
72	57	290.27298	-1272.6735
72	58	296.25452	-1293.3711
73	1	242.05956	-1219.1594
73	3	232.23848	-1213.2245
73	4	254.7249	-1232.2399
73	5	212.94902	-1189.9755
73	6	218.7137	-1192.9731
73	7	201.86705	-1195.153
73	8	207.85065	-1186.9287
73	17	241.42978	-1209.372
73	18	236.28961	-1218.0403
73	20	246.15373	-1213.7062
73	21	240.39091	-1222.1821
73	22	253.09317	-1220.3921
73	25	257.03464	-1224.8903
73	29	261.44055	-1230.2163
73	33	265.5006	-1235.4348
73	37	261.97177	-1248.4344
73	38	265.55798	-1253.9685
73	39	275.77695	-1251.5333
73	40	248.06104	-1230.0155
73	41	279.20276	-1257.1414
73	42	282.70346	-1262.4052
73	43	251.55531	-1234.0334
73	44	255.12935	-1238.7168
73	45	258.7163	-1243.561
73	46	286.49243	-1267.6079
73	47	290.48767	-1270.1453
73	48	284.41776	-1268.5514
73	49	283.75818	-1280.1738
73	50	286.0767	-1271.5281
73	51	292.07935	-1290.13
73	55	273.33218	-1266.7189
73	56	288.0365	-1285.2355
73	57	290.27298	-1272.6735
73	58	296.25452	-1293.3711
74	1	242.69875	-1219.7972
74	3	232.48956	-1213.3608
74	4	255.27664	-1232.9183
74	5	212.94902	-1189.9755
74	6	218.7137	-1192.9731
74	7	201.86705	-1195.153
74	8	207.85065	-1186.9287
74	17	241.42978	-1209.372
74	18	236.28961	-1218.0403
74	20	246.15373	-1213.7062
74	21	240.39091	-1222.1821
74	22	253.09317	-1220.3921
74	25	257.03464	-1224.8903
74	29	261.44055	-1230.2163
74	33	265.5006	-1235.4348
74	37	261.97177	-1248.4344
74	38	265.55798	-1253.9685
74	39	275.77695	-1251.5333
74	40	248.06104	-1230.0155
74	41	279.20276	-1257.1414
74	42	282.70346	-1262.4052
74	43	251.55531	-1234.0334
74	44	255.12935	-1238.7168
74	45	258.7163	-1243.561
74	46	286.49243	-1267.6079
74	47	290.54498	-1270.2406
74	48	284.09158	-1268.0886
74	49	283.75818	-1280.1738
74	50	285.72726	-1271.0859
74	51	292.07935	-1290.13
74	55	273.33218	-1266.7189
74	56	288.0365	-1285.2355
74	57	290.27298	-1272.6735
74	58	296.25452	-1293.3711
75	1	243.34773	-1220.4535
75	3	232.79358	-1213.5354
75	4	255.82329	-1233.5989
75	5	212.94902	-1189.9755
75	6	218.7137	-1192.9731
75	7	201.86705	-1195.153
75	8	207.85065	-1186.9287
75	17	241.42978	-1209.372
75	18	236.28961	-1218.0403
75	20	246.15373	-1213.7062
75	21	240.39091	-1222.1821
75	22	253.09317	-1220.3921
75	25	257.03464	-1224.8903
75	29	261.44055	-1230.2163
75	33	265.5006	-1235.4348
75	37	261.97177	-1248.4344
75	38	265.55798	-1253.9685
75	39	275.77695	-1251.5333
75	40	248.06104	-1230.0155
75	41	279.20276	-1257.1414
75	42	282.70346	-1262.4052
75	43	251.55531	-1234.0334
75	44	255.12935	-1238.7168
75	45	258.7163	-1243.561
75	46	286.49243	-1267.6079
75	47	290.60373	-1270.3262
75	48	283.79666	-1267.6202
75	49	283.75818	-1280.1738
75	50	285.39102	-1270.6322
75	51	292.07935	-1290.13
75	55	273.33218	-1266.7189
75	56	288.0365	-1285.2355
75	57	290.27298	-1272.6735
75	58	296.25452	-1293.3711
76	1	243.94693	-1221.0792
76	3	233.05215	-1213.6957
76	4	256.3652	-1234.2825
76	5	212.94902	-1189.9755
76	6	218.7137	-1192.9731
76	7	201.86705	-1195.153
76	8	207.85065	-1186.9287
76	17	241.42978	-1209.372
76	18	236.28961	-1218.0403
76	20	246.15373	-1213.7062
76	21	240.39091	-1222.1821
76	22	253.09317	-1220.3921
76	25	257.03464	-1224.8903
76	29	261.44055	-1230.2163
76	33	265.5006	-1235.4348
76	37	261.97177	-1248.4344
76	38	265.55798	-1253.9685
76	39	275.77695	-1251.5333
76	40	248.06104	-1230.0155
76	41	279.20276	-1257.1414
76	42	282.70346	-1262.4052
76	43	251.55531	-1234.0334
76	44	255.12935	-1238.7168
76	45	258.7163	-1243.561
76	46	286.49243	-1267.6079
76	47	290.6696	-1270.4214
76	48	283.47134	-1267.1235
76	49	283.75818	-1280.1738
76	50	285.05896	-1270.202
76	51	292.07935	-1290.13
76	55	273.33218	-1266.7189
76	56	288.0365	-1285.2355
76	57	290.27298	-1272.6735
76	58	296.25452	-1293.3711
77	1	244.56421	-1221.7174
77	3	233.34785	-1213.8682
77	4	256.9021	-1234.9688
77	5	212.94902	-1189.9755
77	6	218.7137	-1192.9731
77	7	201.86705	-1195.153
77	8	207.85065	-1186.9287
77	17	241.42978	-1209.372
77	18	236.28961	-1218.0403
77	20	246.15373	-1213.7062
77	21	240.39091	-1222.1821
77	22	253.09317	-1220.3921
77	25	257.03464	-1224.8903
77	29	261.44055	-1230.2163
77	33	265.5006	-1235.4348
77	37	261.97177	-1248.4344
77	38	265.55798	-1253.9685
77	39	275.77695	-1251.5333
77	40	248.06104	-1230.0155
77	41	279.20276	-1257.1414
77	42	282.70346	-1262.4052
77	43	251.55531	-1234.0334
77	44	255.12935	-1238.7168
77	45	258.7163	-1243.561
77	46	286.49243	-1267.6079
77	47	290.7366	-1270.4978
77	48	283.13687	-1266.6726
77	49	283.75818	-1280.1738
77	50	284.72977	-1269.7805
77	51	292.07935	-1290.13
77	55	273.33218	-1266.7189
77	56	288.0365	-1285.2355
77	57	290.27298	-1272.6735
77	58	296.25452	-1293.3711
78	1	245.18945	-1222.3724
78	3	233.65042	-1214.0232
78	4	257.43463	-1235.6571
78	5	212.94902	-1189.9755
78	6	218.7137	-1192.9731
78	7	201.86705	-1195.153
78	8	207.85065	-1186.9287
78	17	241.42978	-1209.372
78	18	236.28961	-1218.0403
78	20	246.15373	-1213.7062
78	21	240.39091	-1222.1821
78	22	253.09317	-1220.3921
78	25	257.03464	-1224.8903
78	29	261.44055	-1230.2163
78	33	265.5006	-1235.4348
78	37	261.97177	-1248.4344
78	38	265.55798	-1253.9685
78	39	275.77695	-1251.5333
78	40	248.06104	-1230.0155
78	41	279.20276	-1257.1414
78	42	282.70346	-1262.4052
78	43	251.55531	-1234.0334
78	44	255.12935	-1238.7168
78	45	258.7163	-1243.561
78	46	286.49243	-1267.6079
78	47	290.81674	-1270.5903
78	48	282.7871	-1266.2146
78	49	283.75818	-1280.1738
78	50	284.367	-1269.3273
78	51	292.07935	-1290.13
78	55	273.33218	-1266.7189
78	56	288.0365	-1285.2355
78	57	290.27298	-1272.6735
78	58	296.25452	-1293.3711
79	1	245.79803	-1223.0262
79	3	233.90544	-1214.1792
79	4	257.96338	-1236.3481
79	5	212.94902	-1189.9755
79	6	218.7137	-1192.9731
79	7	201.86705	-1195.153
79	8	207.85065	-1186.9287
79	17	241.42978	-1209.372
79	18	236.28961	-1218.0403
79	20	246.15373	-1213.7062
79	21	240.39091	-1222.1821
79	22	253.09317	-1220.3921
79	25	257.03464	-1224.8903
79	29	261.44055	-1230.2163
79	33	265.5006	-1235.4348
79	37	261.97177	-1248.4344
79	38	265.55798	-1253.9685
79	39	275.77695	-1251.5333
79	40	248.06104	-1230.0155
79	41	279.20276	-1257.1414
79	42	282.70346	-1262.4052
79	43	251.55531	-1234.0334
79	44	255.12935	-1238.7168
79	45	258.7163	-1243.561
79	46	286.49243	-1267.6079
79	47	290.8843	-1270.6707
79	48	282.49243	-1265.7622
79	49	283.75818	-1280.1738
79	50	284.03754	-1268.804
79	51	292.07935	-1290.13
79	55	273.33218	-1266.7189
79	56	288.0365	-1285.2355
79	57	290.27298	-1272.6735
79	58	296.25452	-1293.3711
80	1	246.43149	-1223.7152
80	3	234.22739	-1214.3445
80	4	258.48694	-1237.0417
80	5	212.94902	-1189.9755
80	6	218.7137	-1192.9731
80	7	201.86705	-1195.153
80	8	207.85065	-1186.9287
80	17	241.42978	-1209.372
80	18	236.28961	-1218.0403
80	20	246.15373	-1213.7062
80	21	240.39091	-1222.1821
80	22	253.09317	-1220.3921
80	25	257.03464	-1224.8903
80	29	261.44055	-1230.2163
80	33	265.5006	-1235.4348
80	37	261.97177	-1248.4344
80	38	265.55798	-1253.9685
80	39	275.77695	-1251.5333
80	40	248.06104	-1230.0155
80	41	279.20276	-1257.1414
80	42	282.70346	-1262.4052
80	43	251.55531	-1234.0334
80	44	255.12935	-1238.7168
80	45	258.7163	-1243.561
80	46	286.49243	-1267.6079
80	47	290.96933	-1270.756
80	48	282.1453	-1265.2441
80	49	283.75818	-1280.1738
80	50	283.68823	-1268.4014
80	51	292.07935	-1290.13
80	55	273.33218	-1266.7189
80	56	288.0365	-1285.2355
80	57	290.27298	-1272.6735
80	58	296.25452	-1293.3711
81	1	247.01978	-1224.351
81	3	234.527	-1214.5094
81	4	259.004	-1237.7375
81	5	212.94902	-1189.9755
81	6	218.7137	-1192.9731
81	7	201.86705	-1195.153
81	8	207.85065	-1186.9287
81	17	241.42978	-1209.372
81	18	236.28961	-1218.0403
81	20	246.15373	-1213.7062
81	21	240.39091	-1222.1821
81	22	253.09317	-1220.3921
81	25	257.03464	-1224.8903
81	29	261.44055	-1230.2163
81	33	265.5006	-1235.4348
81	37	261.97177	-1248.4344
81	38	265.55798	-1253.9685
81	39	275.77695	-1251.5333
81	40	248.06104	-1230.0155
81	41	279.20276	-1257.1414
81	42	282.70346	-1262.4052
81	43	251.55531	-1234.0334
81	44	255.12935	-1238.7168
81	45	258.7163	-1243.561
81	46	286.49243	-1267.6079
81	47	291.04025	-1270.8231
81	48	281.8787	-1264.7954
81	49	283.75818	-1280.1738
81	50	283.44263	-1267.9388
81	51	292.07935	-1290.13
81	55	273.33218	-1266.7189
81	56	288.0365	-1285.2355
81	57	290.27298	-1272.6735
81	58	296.25452	-1293.3711
82	1	247.64313	-1225.052
82	3	234.80379	-1214.6445
82	4	259.51645	-1238.4326
82	5	212.94902	-1189.9755
82	6	218.7137	-1192.9731
82	7	201.86705	-1195.153
82	8	207.85065	-1186.9287
82	17	241.42978	-1209.372
82	18	236.28961	-1218.0403
82	20	246.15373	-1213.7062
82	21	240.39091	-1222.1821
82	22	253.09317	-1220.3921
82	25	257.03464	-1224.8903
82	29	261.44055	-1230.2163
82	33	265.5006	-1235.4348
82	37	261.97177	-1248.4344
82	38	265.55798	-1253.9685
82	39	275.77695	-1251.5333
82	40	248.06104	-1230.0155
82	41	279.20276	-1257.1414
82	42	282.70346	-1262.4052
82	43	251.55531	-1234.0334
82	44	255.12935	-1238.7168
82	45	258.7163	-1243.561
82	46	286.49243	-1267.6079
82	47	291.12424	-1270.9012
82	48	281.53317	-1264.3207
82	49	283.75818	-1280.1738
82	50	283.0949	-1267.4211
82	51	292.07935	-1290.13
82	55	273.33218	-1266.7189
82	56	288.0365	-1285.2355
82	57	290.27298	-1272.6735
82	58	296.25452	-1293.3711
83	1	248.24902	-1225.7242
83	3	235.07693	-1214.7969
83	4	260.02222	-1239.1295
83	5	212.94902	-1189.9755
83	6	218.7137	-1192.9731
83	7	201.86705	-1195.153
83	8	207.85065	-1186.9287
83	17	241.42978	-1209.372
83	18	236.28961	-1218.0403
83	20	246.15373	-1213.7062
83	21	240.39091	-1222.1821
83	22	253.09317	-1220.3921
83	25	257.03464	-1224.8903
83	29	261.44055	-1230.2163
83	33	265.5006	-1235.4348
83	37	261.97177	-1248.4344
83	38	265.55798	-1253.9685
83	39	275.77695	-1251.5333
83	40	248.06104	-1230.0155
83	41	279.20276	-1257.1414
83	42	282.70346	-1262.4052
83	43	251.55531	-1234.0334
83	44	255.12935	-1238.7168
83	45	258.7163	-1243.561
83	46	286.49243	-1267.6079
83	47	291.20456	-1270.9783
83	48	281.22064	-1263.8398
83	49	283.75818	-1280.1738
83	50	282.7327	-1266.9357
83	51	292.07935	-1290.13
83	55	273.33218	-1266.7189
83	56	288.0365	-1285.2355
83	57	290.27298	-1272.6735
83	58	296.25452	-1293.3711
84	1	248.83736	-1226.3981
84	3	235.46687	-1214.9956
84	4	260.523	-1239.8274
84	5	212.94902	-1189.9755
84	6	218.7137	-1192.9731
84	7	201.86705	-1195.153
84	8	207.85065	-1186.9287
84	17	241.42978	-1209.372
84	18	236.28961	-1218.0403
84	20	246.15373	-1213.7062
84	21	240.39091	-1222.1821
84	22	253.09317	-1220.3921
84	25	257.03464	-1224.8903
84	29	261.44055	-1230.2163
84	33	265.5006	-1235.4348
84	37	261.97177	-1248.4344
84	38	265.55798	-1253.9685
84	39	275.77695	-1251.5333
84	40	248.06104	-1230.0155
84	41	279.20276	-1257.1414
84	42	282.70346	-1262.4052
84	43	251.55531	-1234.0334
84	44	255.12935	-1238.7168
84	45	258.7163	-1243.561
84	46	286.49243	-1267.6079
84	47	291.3069	-1271.074
84	48	280.904	-1263.3883
84	49	283.75818	-1280.1738
84	50	282.48108	-1266.5012
84	51	292.07935	-1290.13
84	55	273.33218	-1266.7189
84	56	288.0365	-1285.2355
84	57	290.27298	-1272.6735
84	58	296.25452	-1293.3711
85	1	249.41579	-1227.0677
85	3	235.77484	-1215.1356
85	4	261.02008	-1240.5265
85	5	212.94902	-1189.9755
85	6	218.7137	-1192.9731
85	7	201.86705	-1195.153
85	8	207.85065	-1186.9287
85	17	241.42978	-1209.372
85	18	236.28961	-1218.0403
85	20	246.15373	-1213.7062
85	21	240.39091	-1222.1821
85	22	253.09317	-1220.3921
85	25	257.03464	-1224.8903
85	29	261.44055	-1230.2163
85	33	265.5006	-1235.4348
85	37	261.97177	-1248.4344
85	38	265.55798	-1253.9685
85	39	275.77695	-1251.5333
85	40	248.06104	-1230.0155
85	41	279.20276	-1257.1414
85	42	282.70346	-1262.4052
85	43	251.55531	-1234.0334
85	44	255.12935	-1238.7168
85	45	258.7163	-1243.561
85	46	286.49243	-1267.6079
85	47	291.38028	-1271.1669
85	48	280.5489	-1262.8623
85	49	283.75818	-1280.1738
85	50	282.1546	-1266.0172
85	51	292.07935	-1290.13
85	55	273.33218	-1266.7189
85	56	288.0365	-1285.2355
85	57	290.27298	-1272.6735
85	58	296.25452	-1293.3711
86	1	249.99121	-1227.742
86	3	236.06015	-1215.3402
86	4	261.51242	-1241.2269
86	5	212.94902	-1189.9755
86	6	218.7137	-1192.9731
86	7	201.86705	-1195.153
86	17	241.42978	-1209.372
86	18	236.28961	-1218.0403
86	20	246.15373	-1213.7062
86	21	240.39091	-1222.1821
86	22	253.09317	-1220.3921
86	25	257.03464	-1224.8903
86	29	261.44055	-1230.2163
86	33	265.5006	-1235.4348
86	37	261.97177	-1248.4344
86	38	265.55798	-1253.9685
86	39	275.77695	-1251.5333
86	40	248.06104	-1230.0155
86	41	279.20276	-1257.1414
86	42	282.70346	-1262.4052
86	43	251.55531	-1234.0334
86	44	255.12935	-1238.7168
86	45	258.7163	-1243.561
86	46	286.49243	-1267.6079
86	47	291.45724	-1271.2532
86	48	280.2657	-1262.4482
86	49	283.75818	-1280.1738
86	50	281.83798	-1265.5398
86	51	292.07935	-1290.13
86	55	273.33218	-1266.7189
86	56	288.0365	-1285.2355
86	57	290.27298	-1272.6735
86	58	296.25452	-1293.3711
87	1	250.56502	-1228.4203
87	3	236.36096	-1215.5281
87	4	262.00183	-1241.9282
87	5	212.94902	-1189.9755
87	6	218.7137	-1192.9731
87	17	241.42978	-1209.372
87	18	236.28961	-1218.0403
87	20	246.15373	-1213.7062
87	21	240.39091	-1222.1821
87	22	253.09317	-1220.3921
87	25	257.03464	-1224.8903
87	29	261.44055	-1230.2163
87	33	265.5006	-1235.4348
87	37	261.97177	-1248.4344
87	38	265.55798	-1253.9685
87	39	275.77695	-1251.5333
87	40	248.06104	-1230.0155
87	41	279.20276	-1257.1414
87	42	282.70346	-1262.4052
87	43	251.55531	-1234.0334
87	44	255.12935	-1238.7168
87	45	258.7163	-1243.561
87	46	286.49243	-1267.6079
87	47	291.53073	-1271.3302
87	48	279.90396	-1261.9415
87	49	283.75818	-1280.1738
87	50	281.47046	-1265.0272
87	51	292.07935	-1290.13
87	55	273.33218	-1266.7189
87	56	288.0365	-1285.2355
87	57	290.27298	-1272.6735
87	58	296.25452	-1293.3711
88	1	251.13005	-1229.1031
88	3	236.69609	-1215.7416
88	4	262.48874	-1242.629
88	5	212.94902	-1189.9755
88	6	218.7137	-1192.9731
88	17	241.42978	-1209.372
88	18	236.28961	-1218.0403
88	20	246.15373	-1213.7062
88	21	240.39091	-1222.1821
88	22	253.09317	-1220.3921
88	25	257.03464	-1224.8903
88	29	261.44055	-1230.2163
88	33	265.5006	-1235.4348
88	37	261.97177	-1248.4344
88	38	265.55798	-1253.9685
88	39	275.77695	-1251.5333
88	40	248.06104	-1230.0155
88	41	279.20276	-1257.1414
88	42	282.70346	-1262.4052
88	43	251.55531	-1234.0334
88	44	255.12935	-1238.7168
88	45	258.7163	-1243.561
88	46	286.49243	-1267.6079
88	47	291.61917	-1271.4291
88	48	279.59705	-1261.468
88	49	283.75818	-1280.1738
88	50	281.16376	-1264.5626
88	51	292.07935	-1290.13
88	55	273.33218	-1266.7189
88	56	288.0365	-1285.2355
88	57	290.27298	-1272.6735
88	58	296.25452	-1293.3711
89	1	251.68466	-1229.7667
89	3	237.02379	-1215.952
89	4	262.9711	-1243.3304
89	5	212.94902	-1189.9755
89	6	218.7137	-1192.9731
89	17	241.42978	-1209.372
89	18	236.28961	-1218.0403
89	20	246.15373	-1213.7062
89	21	240.39091	-1222.1821
89	22	253.09317	-1220.3921
89	25	257.03464	-1224.8903
89	29	261.44055	-1230.2163
89	33	265.5006	-1235.4348
89	37	261.97177	-1248.4344
89	38	265.55798	-1253.9685
89	39	275.77695	-1251.5333
89	40	248.06104	-1230.0155
89	41	279.20276	-1257.1414
89	42	282.70346	-1262.4052
89	43	251.55531	-1234.0334
89	44	255.12935	-1238.7168
89	45	258.7163	-1243.561
89	46	286.49243	-1267.6079
89	47	291.7097	-1271.5321
89	48	279.24384	-1260.9512
89	49	283.75818	-1280.1738
89	50	280.86673	-1264.0607
89	51	292.07935	-1290.13
89	55	273.33218	-1266.7189
89	56	288.0365	-1285.2355
89	57	290.27298	-1272.6735
89	58	296.25452	-1293.3711
89	64	316.77313	-1297.1876
90	1	252.24626	-1230.4578
90	3	237.26685	-1216.1755
90	4	263.45248	-1244.0306
90	5	212.94902	-1189.9755
90	6	218.7137	-1192.9731
90	17	241.42978	-1209.372
90	18	236.28961	-1218.0403
90	20	246.15373	-1213.7062
90	21	240.39091	-1222.1821
90	22	253.09317	-1220.3921
90	25	257.03464	-1224.8903
90	29	261.44055	-1230.2163
90	33	265.5006	-1235.4348
90	37	261.97177	-1248.4344
90	38	265.55798	-1253.9685
90	39	275.77695	-1251.5333
90	40	248.06104	-1230.0155
90	41	279.20276	-1257.1414
90	42	282.70346	-1262.4052
90	43	251.55531	-1234.0334
90	44	255.12935	-1238.7168
90	45	258.7163	-1243.561
90	46	286.49243	-1267.6079
90	47	291.78888	-1271.6146
90	48	278.92792	-1260.4855
90	49	283.75818	-1280.1738
90	50	280.541	-1263.5443
90	51	292.07935	-1290.13
90	55	273.33218	-1266.7189
90	56	288.0365	-1285.2355
90	57	290.27298	-1272.6735
90	58	296.25452	-1293.3711
90	64	316.77313	-1297.1876
