0	1	4037.1672	-6327.144
0	2	3987.913	-6380.602
0	5	4031.1672	-6354.136
0	6	4042.6736	-6380.4443
0	7	4037.1367	-6384.052
0	8	4051.068	-6365.6865
0	15	4094.2207	-6379.6143
1	1	4037.2664	-6328.288
1	2	3988.839	-6380.6377
1	5	4030.993	-6354.3
1	6	4042.7646	-6380.4434
1	7	4037.6694	-6384.05
1	8	4051.609	-6366.3125
1	15	4095.3108	-6379.5967
2	1	4037.3633	-6329.3994
2	2	3989.7397	-6380.666
2	5	4030.8289	-6354.453
2	6	4042.8167	-6380.4395
2	7	4038.1418	-6384.04
2	8	4052.172	-6366.9346
2	15	4096.422	-6379.5903
3	1	4037.4421	-6330.4844
3	2	3990.6768	-6380.7026
3	3	4035.485	-6316.5054
3	5	4030.6711	-6354.5933
3	6	4042.9067	-6380.435
3	7	4038.628	-6384.0254
3	8	4052.753	-6367.5522
3	15	4097.4897	-6379.593
4	1	4037.5093	-6331.558
4	2	3991.5752	-6380.734
4	3	4035.6218	-6317.6406
4	4	3958.5432	-6379.07
4	5	4030.5183	-6354.7285
4	6	4042.9712	-6380.435
4	7	4039.0505	-6384.0073
4	8	4053.3677	-6368.1626
4	15	4098.621	-6379.6074
5	1	4037.5579	-6332.6055
5	2	3992.446	-6380.7515
5	3	4035.7664	-6318.706
5	4	3959.89	-6379.074
5	5	4030.3716	-6354.8564
5	6	4043.0193	-6380.4326
5	7	4039.5264	-6383.9966
5	8	4054.0066	-6368.7656
5	15	4099.6855	-6379.6094
6	1	4037.598	-6333.6123
6	2	3993.3096	-6380.7764
6	3	4035.916	-6319.819
6	4	3961.2112	-6379.12
6	5	4030.2295	-6354.9756
6	6	4043.0938	-6380.422
6	7	4039.9705	-6383.989
6	8	4054.6594	-6369.3564
6	9	4074.9329	-6377.9863
6	15	4100.8027	-6379.6504
7	1	4037.6157	-6334.6196
7	2	3994.1863	-6380.7974
7	3	4036.059	-6320.9297
7	4	3962.4531	-6379.125
7	5	4030.092	-6355.0894
7	6	4043.1245	-6380.4194
7	7	4040.3977	-6383.983
7	8	4055.3289	-6369.92
7	9	4076.0603	-6378.114
7	15	4101.9077	-6379.6333
8	1	4037.6108	-6335.5923
8	2	3995.0366	-6380.8164
8	3	4036.1992	-6322.057
8	4	3963.8108	-6379.1543
8	5	4029.9578	-6355.1978
8	6	4043.1602	-6380.4214
8	7	4040.7998	-6383.979
8	8	4056.0051	-6370.468
8	9	4077.1687	-6378.2437
9	1	4037.6133	-6336.5264
9	2	3995.8633	-6380.824
9	3	4036.3274	-6323.11
9	4	3965.0513	-6379.129
9	5	4029.823	-6355.3066
9	6	4043.209	-6380.4224
9	7	4041.2168	-6383.979
9	8	4056.7085	-6370.9897
9	9	4078.3845	-6378.3555
10	1	4037.5752	-6337.4424
10	2	3996.6926	-6380.823
10	3	4036.454	-6324.12
10	4	3966.3372	-6379.1426
10	5	4029.6912	-6355.411
10	6	4043.2534	-6380.409
10	7	4041.573	-6383.973
10	8	4057.4683	-6371.539
10	9	4079.6194	-6378.448
11	1	4037.5403	-6338.3164
11	2	3997.5186	-6380.8247
11	3	4036.5662	-6325.17
11	4	3967.5208	-6379.129
11	5	4029.5618	-6355.51
11	6	4043.275	-6380.417
11	7	4041.947	-6383.973
11	8	4058.2412	-6372.065
11	9	4080.8042	-6378.5405
12	1	4037.4917	-6339.16
12	2	3998.3572	-6380.8335
12	3	4036.6746	-6326.148
12	4	3968.7834	-6379.1206
12	5	4029.4368	-6355.6045
12	6	4043.3005	-6380.4126
12	7	4042.2603	-6383.962
12	8	4059.01	-6372.563
12	9	4082.015	-6378.612
13	1	4037.423	-6340.0005
13	2	3999.1506	-6380.829
13	3	4036.7693	-6327.0796
13	4	3970.013	-6379.0933
13	5	4029.3147	-6355.6953
13	6	4043.326	-6380.412
13	7	4042.5544	-6383.951
13	8	4059.8232	-6373.068
13	9	4083.234	-6378.6714
14	1	4037.3494	-6340.7876
14	2	3999.9321	-6380.836
14	3	4036.8672	-6327.9927
14	4	3971.2383	-6379.0703
14	5	4029.1943	-6355.7827
14	6	4043.3547	-6380.408
14	7	4042.8174	-6383.941
14	8	4060.6685	-6373.5415
14	9	4084.4788	-6378.7114
15	1	4037.25	-6341.547
15	2	4000.7295	-6380.8306
15	3	4036.9563	-6328.877
15	4	3972.4211	-6379.059
15	5	4029.0747	-6355.869
15	6	4043.3623	-6380.408
15	7	4043.0942	-6383.9346
15	8	4061.5347	-6373.988
15	9	4085.704	-6378.7275
16	1	4037.1453	-6342.277
16	2	4001.477	-6380.8223
16	3	4037.0366	-6329.739
16	4	3973.6675	-6379.0356
16	5	4028.9553	-6355.955
16	6	4043.3848	-6380.4043
16	7	4043.37	-6383.914
16	8	4062.4604	-6374.4346
16	9	4086.9421	-6378.7505
17	1	4037.035	-6342.9956
17	2	4002.231	-6380.823
17	3	4037.1138	-6330.5684
17	4	3974.8962	-6379.004
17	5	4028.834	-6356.0405
17	6	4043.3936	-6380.4004
17	7	4043.6184	-6383.9097
17	8	4063.384	-6374.868
17	9	4088.1892	-6378.7573
18	1	4036.9	-6343.687
18	2	4002.9875	-6380.8247
18	3	4037.1875	-6331.3774
18	4	3976.0874	-6378.9624
18	5	4028.7083	-6356.127
18	6	4043.4053	-6380.4062
18	7	4043.8567	-6383.918
18	8	4064.3083	-6375.2695
18	9	4089.4624	-6378.814
19	1	4036.7495	-6344.381
19	2	4003.7295	-6380.8213
19	3	4037.253	-6332.149
19	4	3977.2573	-6378.919
19	5	4028.5781	-6356.2153
19	6	4043.4045	-6380.408
19	7	4044.0671	-6383.912
19	8	4065.287	-6375.679
19	9	4090.7832	-6378.8335
20	1	4036.59	-6345.023
20	2	4004.4626	-6380.814
20	3	4037.3105	-6332.874
20	4	3978.4312	-6378.8687
20	5	4028.443	-6356.306
20	6	4043.399	-6380.4053
20	7	4044.2527	-6383.8867
20	8	4066.293	-6376.065
20	9	4092.0217	-6378.856
21	1	4036.415	-6345.672
21	2	4005.1829	-6380.8037
21	3	4037.3652	-6333.591
21	4	3979.6067	-6378.843
21	5	4028.3042	-6356.3975
21	6	4043.4001	-6380.4077
21	8	4067.2993	-6376.423
21	9	4093.353	-6378.8877
22	1	4036.2324	-6346.2905
22	2	4005.898	-6380.804
22	3	4037.4094	-6334.2686
22	4	3980.7346	-6378.8105
22	5	4028.1606	-6356.4897
22	6	4043.4082	-6380.401
22	8	4068.3335	-6376.76
22	9	4094.582	-6378.902
23	1	4036.044	-6346.8726
23	2	4006.5938	-6380.7896
23	3	4037.4502	-6334.9233
23	4	3981.8457	-6378.7583
23	5	4028.0176	-6356.581
23	6	4043.4053	-6380.4004
23	8	4069.3828	-6377.0864
23	9	4095.906	-6378.901
24	1	4035.8416	-6347.44
24	2	4007.2913	-6380.77
24	3	4037.4768	-6335.5493
24	4	3982.97	-6378.706
24	5	4027.8745	-6356.669
24	6	4043.4087	-6380.4004
24	8	4070.4182	-6377.3667
24	9	4097.22	-6378.8945
25	1	4035.643	-6347.9624
25	2	4007.979	-6380.7583
25	3	4037.509	-6336.1616
25	4	3984.1287	-6378.663
25	5	4027.7324	-6356.756
25	6	4043.4104	-6380.4
25	8	4071.4595	-6377.6353
25	9	4098.48	-6378.8984
26	1	4035.448	-6348.4585
26	2	4008.6519	-6380.753
26	3	4037.526	-6336.751
26	4	3985.2122	-6378.623
26	5	4027.592	-6356.84
26	6	4043.4094	-6380.4033
26	8	4072.559	-6377.907
26	9	4099.804	-6378.899
27	1	4035.2332	-6348.9443
27	2	4009.3054	-6380.7427
27	3	4037.5352	-6337.3027
27	4	3986.3086	-6378.546
27	5	4027.453	-6356.9214
27	6	4043.398	-6380.404
27	8	4073.646	-6378.1406
27	9	4101.0845	-6378.9004
28	1	4035.0352	-6349.3926
28	2	4009.9365	-6380.7354
28	3	4037.5337	-6337.8447
28	4	3987.3892	-6378.4863
28	5	4027.315	-6357.0015
28	6	4043.4111	-6380.407
28	8	4074.7773	-6378.376
29	1	4034.8215	-6349.8223
29	2	4010.5752	-6380.7217
29	3	4037.5337	-6338.3726
29	4	3988.467	-6378.419
29	5	4027.179	-6357.08
29	6	4043.424	-6380.4014
29	8	4075.895	-6378.589
30	1	4034.633	-6350.205
30	2	4011.2131	-6380.7124
30	3	4037.517	-6338.864
30	4	3989.5405	-6378.3516
30	5	4027.0452	-6357.1553
30	6	4043.413	-6380.4
30	8	4077.0217	-6378.7705
31	1	4034.437	-6350.574
31	2	4011.7903	-6380.7
31	3	4037.495	-6339.3604
31	4	3990.6143	-6378.2856
31	5	4026.9136	-6357.228
31	6	4043.4153	-6380.403
31	8	4078.1958	-6378.9473
32	1	4034.243	-6350.9175
32	2	4012.386	-6380.685
32	3	4037.4731	-6339.8306
32	4	3991.688	-6378.227
32	5	4026.7847	-6357.299
32	6	4043.4128	-6380.403
32	8	4079.3735	-6379.1113
33	1	4034.067	-6351.2207
33	2	4012.9934	-6380.672
33	3	4037.4468	-6340.299
33	4	3992.719	-6378.159
33	5	4026.659	-6357.366
33	6	4043.4229	-6380.4
33	8	4080.5234	-6379.236
34	1	4033.899	-6351.5034
34	2	4013.589	-6380.654
34	3	4037.4077	-6340.744
34	4	3993.7236	-6378.095
34	5	4026.5378	-6357.4307
34	6	4043.414	-6380.4
34	8	4081.6897	-6379.352
35	1	4033.7246	-6351.7847
35	2	4014.1719	-6380.646
35	3	4037.363	-6341.166
35	4	3994.729	-6378.043
35	5	4026.4197	-6357.4917
35	6	4043.4106	-6380.4023
35	8	4082.887	-6379.46
36	1	4033.5432	-6352.0635
36	2	4014.7273	-6380.6367
36	3	4037.3213	-6341.5957
36	4	3995.7283	-6377.97
36	5	4026.3054	-6357.551
36	6	4043.4124	-6380.402
36	8	4084.0815	-6379.5405
37	1	4033.365	-6352.3276
37	2	4015.281	-6380.6226
37	3	4037.2693	-6342.0103
37	4	3996.713	-6377.913
37	5	4026.1946	-6357.6074
37	6	4043.4084	-6380.3975
37	8	4085.304	-6379.6445
38	1	4033.1902	-6352.5747
38	2	4015.824	-6380.621
38	3	4037.2136	-6342.4106
38	4	3997.7095	-6377.853
38	5	4026.0886	-6357.6606
38	6	4043.4075	-6380.4023
38	8	4086.4905	-6379.72
39	1	4033.0283	-6352.7974
39	2	4016.338	-6380.6094
39	3	4037.158	-6342.802
39	4	3998.6736	-6377.7896
39	5	4025.987	-6357.7114
39	6	4043.4116	-6380.405
39	8	4087.739	-6379.7754
40	1	4032.862	-6353.0156
40	2	4016.8635	-6380.605
40	3	4037.0947	-6343.19
40	4	3999.6584	-6377.736
40	5	4025.8906	-6357.7593
40	6	4043.4094	-6380.397
40	8	4089.0183	-6379.8105
41	1	4032.699	-6353.2305
41	2	4017.3823	-6380.596
41	3	4037.0308	-6343.5503
41	4	4000.6047	-6377.685
41	5	4025.8	-6357.8027
41	6	4043.4116	-6380.398
41	8	4090.3328	-6379.861
42	1	4032.5186	-6353.4463
42	2	4017.8506	-6380.5933
42	3	4036.9663	-6343.909
42	4	4001.5422	-6377.638
42	5	4025.7153	-6357.8433
42	6	4043.4158	-6380.402
42	8	4091.6274	-6379.8887
42	10	4101.608	-6368.7007
43	1	4032.337	-6353.6626
43	2	4018.347	-6380.5825
43	3	4036.8982	-6344.24
43	4	4002.4932	-6377.581
43	5	4025.6367	-6357.882
43	6	4043.4146	-6380.4087
43	8	4092.9434	-6379.9106
43	10	4100.6343	-6368.735
44	1	4032.158	-6353.8726
44	2	4018.8123	-6380.5796
44	3	4036.8318	-6344.5576
44	4	4003.4236	-6377.531
44	5	4025.5647	-6357.9165
44	6	4043.4307	-6380.4033
44	8	4094.251	-6379.8896
44	10	4099.5967	-6368.764
45	1	4031.975	-6354.0767
45	2	4019.2668	-6380.5747
45	3	4036.7656	-6344.859
45	4	4004.3665	-6377.478
45	5	4025.4976	-6357.948
45	6	4043.4275	-6380.4014
45	8	4095.508	-6379.8604
45	10	4098.6636	-6368.7964
46	1	4031.8066	-6354.2637
46	2	4019.7175	-6380.568
46	3	4036.6924	-6345.1455
46	4	4005.2686	-6377.434
46	5	4025.4365	-6357.976
46	6	4043.4312	-6380.406
46	8	4096.795	-6379.852
46	10	4097.7227	-6368.8193
47	1	4031.6235	-6354.452
47	2	4020.1626	-6380.569
47	3	4036.6245	-6345.4155
47	4	4006.1848	-6377.3887
47	5	4025.378	-6358.002
47	6	4043.4294	-6380.4067
47	8	4098.1743	-6379.8755
47	10	4096.792	-6368.85
48	1	4031.463	-6354.6113
48	2	4020.5867	-6380.5684
48	3	4036.5564	-6345.678
48	4	4007.0989	-6377.3374
48	5	4025.3193	-6358.03
48	6	4043.4158	-6380.406
48	8	4099.479	-6379.8564
48	10	4095.8357	-6368.866
49	1	4031.3188	-6354.753
49	2	4021.0098	-6380.5625
49	3	4036.4834	-6345.9307
49	4	4008.0012	-6377.2944
49	5	4025.2612	-6358.0557
49	6	4043.413	-6380.412
49	10	4094.9207	-6368.888
49	11	4036.767	-6321.7896
50	1	4031.2017	-6354.8667
50	2	4021.4106	-6380.5596
50	3	4036.4192	-6346.166
50	4	4008.8923	-6377.251
50	5	4025.199	-6358.0835
50	6	4043.407	-6380.409
50	10	4093.9968	-6368.9097
50	11	4036.9126	-6322.8696
51	1	4031.1123	-6354.9546
51	2	4021.7993	-6380.559
51	3	4036.3489	-6346.4097
51	4	4009.7607	-6377.211
51	5	4025.1328	-6358.1143
51	6	4043.4038	-6380.41
51	10	4093.0974	-6368.92
51	11	4037.0735	-6324.0044
52	1	4031.0444	-6355.015
52	2	4022.1814	-6380.5557
52	3	4036.281	-6346.633
52	4	4010.6428	-6377.178
52	5	4025.0615	-6358.147
52	6	4043.407	-6380.414
52	10	4092.2036	-6368.9243
52	11	4037.2249	-6325.1543
53	1	4030.9993	-6355.0586
53	2	4022.5503	-6380.552
53	3	4036.2124	-6346.8613
53	4	4011.5078	-6377.1436
53	5	4024.983	-6358.1816
53	6	4043.415	-6380.41
53	10	4091.3374	-6368.9326
53	11	4037.3545	-6326.2476
53	12	4101.8247	-6362.4146
54	1	4030.9644	-6355.0977
54	2	4022.909	-6380.5513
54	3	4036.1392	-6347.0776
54	4	4012.3855	-6377.111
54	5	4024.8982	-6358.22
54	6	4043.4133	-6380.407
54	10	4090.487	-6368.9453
54	11	4037.4724	-6327.329
54	12	4100.761	-6362.5005
55	1	4030.9333	-6355.125
55	2	4023.2524	-6380.549
55	3	4036.0674	-6347.2803
55	4	4013.235	-6377.0796
55	5	4024.8035	-6358.262
55	6	4043.3997	-6380.4062
55	10	4089.6443	-6368.9497
55	11	4037.5708	-6328.3613
55	12	4099.6865	-6362.549
56	1	4030.9126	-6355.15
56	2	4023.592	-6380.5474
56	3	4036.002	-6347.4824
56	4	4014.0845	-6377.049
56	5	4024.6973	-6358.309
56	6	4043.3943	-6380.402
56	10	4088.8096	-6368.9688
56	11	4037.673	-6329.35
56	12	4098.6	-6362.6455
57	1	4030.8901	-6355.1724
57	2	4023.933	-6380.5425
57	3	4035.9282	-6347.6895
57	4	4014.9207	-6377.0254
57	5	4024.5784	-6358.361
57	6	4043.3933	-6380.4053
57	10	4088.008	-6368.978
57	11	4037.7566	-6330.3013
57	12	4097.5273	-6362.7075
58	1	4030.892	-6355.174
58	2	4024.2634	-6380.5522
58	3	4035.859	-6347.89
58	4	4015.7524	-6376.999
58	5	4024.4453	-6358.418
58	6	4043.3923	-6380.4043
58	10	4087.2085	-6368.984
58	11	4037.827	-6331.233
58	12	4096.451	-6362.7275
59	1	4030.881	-6355.1846
59	2	4024.5867	-6380.555
59	3	4035.7905	-6348.075
59	4	4016.558	-6376.983
59	5	4024.2979	-6358.4805
59	6	4043.393	-6380.402
59	10	4086.4216	-6368.9946
59	11	4037.8953	-6332.115
59	12	4095.4011	-6362.8203
60	1	4030.8865	-6355.1826
60	2	4024.8938	-6380.557
60	3	4035.7234	-6348.2495
60	4	4017.379	-6376.967
60	5	4024.1353	-6358.5483
60	6	4043.3857	-6380.4062
60	10	4085.651	-6369.0015
60	11	4037.9585	-6332.9497
60	12	4094.3535	-6362.892
61	1	4030.871	-6355.1904
61	2	4025.212	-6380.554
61	3	4035.6584	-6348.408
61	4	4018.19	-6376.949
61	5	4023.9556	-6358.6216
61	6	4043.3833	-6380.4043
61	10	4084.9324	-6369.008
61	11	4038.0098	-6333.748
61	12	4093.2783	-6362.9297
61	13	4045.5366	-6383.8555
62	1	4030.8804	-6355.1807
62	2	4025.5232	-6380.5493
62	3	4035.5947	-6348.5728
62	4	4018.9868	-6376.94
62	5	4023.759	-6358.701
62	6	4043.391	-6380.4014
62	10	4084.2383	-6369.014
62	11	4038.0586	-6334.5
62	12	4092.2773	-6363.009
62	13	4045.5366	-6383.8555
63	1	4030.8777	-6355.177
63	2	4025.8066	-6380.542
63	3	4035.5347	-6348.721
63	4	4019.7705	-6376.9272
63	5	4023.5447	-6358.784
63	6	4043.3904	-6380.401
63	10	4083.5312	-6369.019
63	11	4038.094	-6335.2324
63	12	4091.212	-6363.0977
63	13	4045.5366	-6383.8555
64	1	4030.8745	-6355.182
64	2	4026.102	-6380.5435
64	3	4035.4727	-6348.855
64	4	4020.5508	-6376.9106
64	5	4023.3123	-6358.8735
64	6	4043.3657	-6380.4014
64	10	4082.841	-6369.0293
64	11	4038.1274	-6335.9253
64	12	4090.1433	-6363.1924
64	13	4045.5366	-6383.8555
65	1	4030.8706	-6355.1807
65	2	4026.4043	-6380.538
65	3	4035.4219	-6348.987
65	4	4021.319	-6376.897
65	5	4023.0605	-6358.9683
65	6	4043.3667	-6380.3975
65	10	4082.1562	-6369.034
65	11	4038.1487	-6336.594
65	12	4089.1172	-6363.2856
65	13	4045.5366	-6383.8555
66	1	4030.8635	-6355.187
66	2	4026.733	-6380.535
66	3	4035.3718	-6349.098
66	4	4022.074	-6376.8975
66	5	4022.7595	-6359.0776
66	6	4043.3774	-6380.392
66	10	4081.4429	-6369.044
66	11	4038.1643	-6337.2085
66	12	4088.0818	-6363.379
66	13	4045.5366	-6383.8555
67	1	4030.8464	-6355.2036
67	2	4027.0356	-6380.531
67	3	4035.3247	-6349.206
67	4	4022.8154	-6376.8887
67	5	4022.464	-6359.181
67	6	4043.3657	-6380.385
67	10	4080.7603	-6369.049
67	11	4038.175	-6337.791
67	12	4087.0767	-6363.4756
67	13	4045.5366	-6383.8555
68	1	4030.8235	-6355.2183
68	2	4027.3281	-6380.539
68	3	4035.2773	-6349.305
68	4	4023.5532	-6376.888
68	5	4022.1487	-6359.2886
68	6	4043.3528	-6380.3804
68	10	4080.0903	-6369.059
68	11	4038.1836	-6338.342
68	12	4086.025	-6363.5776
68	13	4045.5366	-6383.8555
69	1	4030.799	-6355.244
69	2	4027.6208	-6380.517
69	3	4035.2317	-6349.411
69	4	4024.2834	-6376.888
69	5	4021.811	-6359.398
69	6	4043.3489	-6380.3784
69	10	4079.4114	-6369.072
69	11	4038.19	-6338.8755
69	12	4084.9604	-6363.6846
69	13	4045.5366	-6383.8555
70	1	4030.754	-6355.273
70	2	4027.8823	-6380.518
70	3	4035.1912	-6349.4956
70	4	4024.99	-6376.8906
70	5	4021.4514	-6359.5117
70	6	4043.343	-6380.3784
70	10	4078.737	-6369.0854
70	11	4038.1833	-6339.3687
70	12	4083.9365	-6363.7954
70	13	4045.5366	-6383.8555
71	1	4030.7146	-6355.313
71	2	4028.1528	-6380.512
71	3	4035.1582	-6349.569
71	4	4025.639	-6376.878
71	5	4021.0706	-6359.6294
71	6	4043.3389	-6380.3716
71	10	4078.0742	-6369.093
71	11	4038.182	-6339.8384
71	12	4082.9573	-6363.9023
71	13	4045.5366	-6383.8555
72	1	4030.6501	-6355.365
72	2	4028.3386	-6380.5093
72	3	4035.118	-6349.6426
72	4	4026.391	-6376.8877
72	5	4020.6667	-6359.745
72	6	4043.319	-6380.374
72	10	4077.4297	-6369.0996
72	11	4038.17	-6340.2793
72	12	4081.9368	-6364.005
72	13	4045.5366	-6383.8555
73	1	4030.5784	-6355.4272
73	3	4035.085	-6349.707
73	4	4027.0906	-6376.8853
73	5	4020.24	-6359.8647
73	6	4043.3232	-6380.3716
73	10	4076.7754	-6369.103
73	11	4038.1582	-6340.707
73	12	4080.9143	-6364.1025
73	13	4045.5366	-6383.8555
74	1	4030.5056	-6355.491
74	2	4028.7573	-6380.4736
74	3	4035.0625	-6349.7554
74	4	4027.7617	-6376.8916
74	5	4019.7898	-6359.984
74	6	4043.3145	-6380.367
74	10	4076.124	-6369.116
74	11	4038.146	-6341.0874
74	12	4079.9758	-6364.1855
74	13	4045.5366	-6383.8555
74	14	4096.512	-6369.1655
75	1	4030.4187	-6355.573
75	2	4028.9753	-6380.5
75	3	4035.0386	-6349.8105
75	4	4028.436	-6376.889
75	5	4019.316	-6360.102
75	6	4043.2844	-6380.3574
75	10	4075.4644	-6369.1294
75	11	4038.1218	-6341.47
75	12	4078.9766	-6364.2837
75	13	4045.5366	-6383.8555
75	14	4095.7605	-6369.197
76	1	4030.3074	-6355.662
76	2	4029.2334	-6380.4966
76	3	4035.0166	-6349.8535
76	4	4029.088	-6376.8887
76	5	4018.8188	-6360.222
76	6	4043.2788	-6380.3574
76	10	4074.826	-6369.143
76	11	4038.095	-6341.823
76	12	4077.988	-6364.372
76	13	4045.5366	-6383.8555
76	14	4094.9607	-6369.207
77	1	4030.1895	-6355.7593
77	2	4029.5022	-6380.498
77	3	4034.9946	-6349.8926
77	4	4029.7173	-6376.887
77	5	4018.2976	-6360.3394
77	6	4043.282	-6380.3477
77	10	4074.1765	-6369.164
77	11	4038.0679	-6342.138
77	12	4076.968	-6364.47
77	13	4045.5366	-6383.8555
77	14	4094.137	-6369.222
78	1	4030.0605	-6355.87
78	2	4029.748	-6380.4995
78	3	4034.9797	-6349.9263
78	4	4030.3262	-6376.8823
78	5	4017.7524	-6360.4556
78	6	4043.2607	-6380.347
78	10	4073.5454	-6369.1914
78	11	4038.0417	-6342.4194
78	12	4076.006	-6364.563
78	13	4045.5366	-6383.8555
78	14	4093.3855	-6369.2305
79	1	4029.9058	-6355.9985
79	2	4029.9678	-6380.493
79	3	4034.9636	-6349.956
79	4	4030.9404	-6376.8794
79	5	4017.1836	-6360.5693
79	6	4043.253	-6380.345
79	10	4072.9097	-6369.2373
79	11	4038.0076	-6342.705
79	12	4075.0193	-6364.631
79	13	4045.5366	-6383.8555
79	14	4092.5574	-6369.2515
80	1	4029.7202	-6356.1357
80	2	4030.2014	-6380.4966
80	3	4034.949	-6349.9873
80	4	4031.4963	-6376.877
80	5	4016.5903	-6360.68
80	6	4043.2664	-6380.348
80	10	4072.2678	-6369.2905
80	11	4037.9836	-6342.9614
80	12	4074.036	-6364.702
80	13	4045.5366	-6383.8555
80	14	4091.754	-6369.2593
81	1	4029.5386	-6356.2812
81	2	4030.4172	-6380.4927
81	3	4034.9387	-6350.011
81	4	4032.058	-6376.877
81	5	4015.973	-6360.788
81	6	4043.2751	-6380.3403
81	10	4071.6335	-6369.3525
81	11	4037.9546	-6343.19
81	12	4073.091	-6364.772
81	13	4045.5366	-6383.8555
81	14	4090.9434	-6369.2876
82	1	4029.3281	-6356.439
82	2	4030.6394	-6380.5015
82	3	4034.9207	-6350.0513
82	4	4032.6477	-6376.8765
82	5	4015.3323	-6360.893
82	6	4043.2705	-6380.342
82	10	4071.0303	-6369.428
82	11	4037.9233	-6343.3994
82	12	4072.0645	-6364.836
82	13	4045.5366	-6383.8555
82	14	4090.1494	-6369.2856
83	1	4029.0847	-6356.621
83	2	4030.868	-6380.5054
83	3	4034.907	-6350.0884
83	4	4033.196	-6376.873
83	5	4014.6677	-6360.995
83	6	4043.2764	-6380.346
83	10	4070.4397	-6369.5312
83	11	4037.8967	-6343.592
83	12	4071.0686	-6364.903
83	13	4045.5366	-6383.8555
83	14	4089.3293	-6369.3
84	1	4028.8489	-6356.783
84	2	4031.0725	-6380.4824
84	3	4034.8887	-6350.119
84	4	4033.726	-6376.87
84	5	4013.979	-6361.092
84	6	4043.2788	-6380.3438
84	10	4069.8096	-6369.6553
84	11	4037.87	-6343.7573
84	12	4070.0752	-6364.9546
84	13	4045.5366	-6383.8555
84	14	4088.4946	-6369.312
85	1	4028.556	-6356.9795
85	2	4031.2644	-6380.4844
85	3	4034.8684	-6350.1665
85	4	4034.2444	-6376.8735
85	5	4013.267	-6361.184
85	6	4043.2815	-6380.342
85	10	4069.2095	-6369.8003
85	11	4037.8477	-6343.9004
85	12	4069.0583	-6365.016
85	13	4045.5366	-6383.8555
85	14	4087.6697	-6369.304
86	1	4028.2693	-6357.159
86	2	4031.4595	-6380.4805
86	3	4034.8447	-6350.2075
86	4	4034.7188	-6376.878
86	5	4012.531	-6361.2705
86	6	4043.276	-6380.3506
86	10	4068.6162	-6369.9604
86	11	4037.8225	-6344.0386
86	12	4068.0771	-6365.0596
86	13	4045.5366	-6383.8555
86	14	4086.8452	-6369.3096
87	1	4027.936	-6357.366
87	2	4031.6582	-6380.4756
87	3	4034.8276	-6350.2495
87	4	4035.2068	-6376.8765
87	5	4011.7732	-6361.356
87	6	4043.287	-6380.35
87	10	4068.0195	-6370.1504
87	11	4037.8018	-6344.1353
87	12	4067.078	-6365.118
87	13	4045.5366	-6383.8555
87	14	4086.0	-6369.297
88	1	4027.607	-6357.553
88	2	4031.8586	-6380.472
88	3	4034.8052	-6350.2935
88	4	4035.6829	-6376.8813
88	5	4010.9895	-6361.4336
88	6	4043.2769	-6380.3433
88	10	4067.4297	-6370.3604
88	11	4037.7827	-6344.2354
88	12	4066.0496	-6365.163
88	13	4045.5366	-6383.8555
88	14	4085.1577	-6369.2983
89	1	4027.2559	-6357.751
89	2	4032.0276	-6380.4697
89	3	4034.7783	-6350.357
89	4	4036.141	-6376.885
89	5	4010.1829	-6361.5083
89	6	4043.2678	-6380.3486
89	10	4066.8638	-6370.6
89	11	4037.765	-6344.313
89	12	4065.0256	-6365.2095
89	13	4045.5366	-6383.8555
89	14	4084.325	-6369.2925
90	1	4026.8684	-6357.956
90	2	4032.205	-6380.463
90	3	4034.7454	-6350.432
90	4	4036.5645	-6376.882
90	5	4009.3542	-6361.576
90	6	4043.2908	-6380.3457
90	10	4066.2988	-6370.8716
90	11	4037.7583	-6344.379
90	12	4064.0022	-6365.236
90	13	4045.5366	-6383.8555
90	14	4083.469	-6369.2925
