0	1	7950.678	1288.1451
0	2	7958.0967	1241.5757
0	3	7960.162	1260.3728
0	4	7947.28	1218.6562
0	5	7947.7437	1284.777
0	6	7955.757	1288.4105
0	7	7955.199	1291.2157
0	8	7955.759	1293.9349
0	9	7955.7637	1296.7754
0	10	7963.423	1269.3712
0	11	7963.717	1266.9858
0	12	7955.7935	1299.4945
0	13	7942.417	1300.2316
0	14	7955.153	1302.2833
0	15	7964.0073	1258.9746
0	16	7941.8774	1306.153
0	17	7955.61	1307.8126
0	18	7942.184	1308.709
0	19	7963.654	1253.4498
0	20	7942.028	1311.39
0	21	7941.9	1313.9797
0	22	7963.619	1247.8212
0	23	7941.447	1316.6923
0	25	7941.4614	1319.2313
0	26	7911.9556	1266.5505
0	27	7955.5737	1321.974
0	29	7911.927	1252.9359
0	30	7955.539	1327.6068
0	31	7941.3613	1327.4247
0	32	7964.1743	1235.0743
0	33	7912.171	1247.3881
0	34	7941.7305	1330.2268
0	35	7941.8643	1332.9493
0	36	7955.6113	1333.1466
0	37	7951.3105	1222.043
0	38	7911.837	1234.5887
0	39	7951.0845	1217.6991
0	40	7955.388	1343.9928
0	41	7950.9272	1214.5277
0	42	7941.708	1346.7252
0	43	7963.9155	1215.5038
0	44	7941.468	1352.3353
0	61	7955.465	1330.2844
0	64	7911.639	1258.4569
0	66	7912.0513	1268.8044
0	67	7954.759	1358.6106
1	1	7950.5864	1288.6643
1	2	7958.0884	1242.1284
1	3	7960.1553	1260.5453
1	4	7947.255	1218.607
1	5	7947.851	1284.3542
1	6	7955.757	1288.4105
1	7	7955.199	1291.2157
1	8	7955.759	1293.9349
1	9	7955.7637	1296.7754
1	10	7963.423	1269.3712
1	11	7963.717	1266.9858
1	12	7955.7935	1299.4945
1	13	7942.417	1300.2316
1	14	7955.153	1302.2833
1	15	7964.0073	1258.9746
1	16	7941.8774	1306.153
1	17	7955.61	1307.8126
1	18	7942.184	1308.709
1	19	7963.654	1253.4498
1	20	7942.028	1311.39
1	21	7941.9	1313.9797
1	22	7963.619	1247.8212
1	25	7941.4614	1319.2313
1	27	7955.5737	1321.974
1	29	7911.927	1252.9359
1	30	7955.539	1327.6068
1	31	7941.3613	1327.4247
1	32	7964.1743	1235.0743
1	33	7912.171	1247.3881
1	34	7941.7305	1330.2268
1	35	7941.8643	1332.9493
1	36	7955.6113	1333.1466
1	37	7951.3105	1222.043
1	38	7911.837	1234.5887
1	39	7951.0845	1217.6991
1	40	7955.388	1343.9928
1	41	7950.9272	1214.5277
1	42	7941.708	1346.7252
1	43	7963.9155	1215.5038
1	44	7941.468	1352.3353
1	61	7955.465	1330.2844
1	64	7911.639	1258.4569
1	66	7912.0513	1268.8044
1	67	7955.1016	1358.7891
2	1	7950.4907	1289.2039
2	2	7958.077	1242.6891
2	3	7960.145	1260.7163
2	4	7947.2534	1218.548
2	5	7947.968	1283.9354
2	6	7955.757	1288.4105
2	7	7955.199	1291.2157
2	8	7955.759	1293.9349
2	9	7955.7637	1296.7754
2	10	7963.423	1269.3712
2	11	7963.717	1266.9858
2	12	7955.7935	1299.4945
2	13	7942.417	1300.2316
2	14	7955.153	1302.2833
2	15	7964.0073	1258.9746
2	16	7941.8774	1306.153
2	17	7955.61	1307.8126
2	18	7942.184	1308.709
2	19	7963.654	1253.4498
2	20	7942.028	1311.39
2	21	7941.9	1313.9797
2	22	7963.619	1247.8212
2	25	7941.4614	1319.2313
2	26	7911.9556	1266.5505
2	27	7955.5737	1321.974
2	29	7911.927	1252.9359
2	30	7955.539	1327.6068
2	31	7941.3613	1327.4247
2	32	7964.1743	1235.0743
2	33	7912.171	1247.3881
2	34	7941.7305	1330.2268
2	35	7941.8643	1332.9493
2	36	7955.6113	1333.1466
2	37	7951.3105	1222.043
2	38	7911.837	1234.5887
2	39	7951.0845	1217.6991
2	40	7955.388	1343.9928
2	41	7950.9272	1214.5277
2	42	7941.708	1346.7252
2	43	7963.9155	1215.5038
2	44	7941.468	1352.3353
2	61	7955.465	1330.2844
2	64	7911.639	1258.4569
2	67	7955.4087	1358.8868
3	1	7950.407	1289.7246
3	2	7958.07	1243.2075
3	3	7960.1353	1260.8967
3	4	7947.2363	1218.4855
3	5	7948.09	1283.5175
3	6	7955.757	1288.4105
3	7	7955.199	1291.2157
3	8	7955.759	1293.9349
3	9	7955.7637	1296.7754
3	10	7963.423	1269.3712
3	11	7963.717	1266.9858
3	12	7955.7935	1299.4945
3	13	7942.417	1300.2316
3	14	7955.153	1302.2833
3	15	7964.0073	1258.9746
3	16	7941.8774	1306.153
3	17	7955.61	1307.8126
3	18	7942.184	1308.709
3	19	7963.654	1253.4498
3	20	7942.028	1311.39
3	21	7941.9	1313.9797
3	22	7963.619	1247.8212
3	24	7946.4043	1243.6532
3	25	7941.4614	1319.2313
3	26	7911.9556	1266.5505
3	27	7955.5737	1321.974
3	29	7911.927	1252.9359
3	30	7955.539	1327.6068
3	31	7941.3613	1327.4247
3	32	7964.1743	1235.0743
3	33	7912.171	1247.3881
3	34	7941.7305	1330.2268
3	35	7941.8643	1332.9493
3	36	7955.6113	1333.1466
3	37	7951.3105	1222.043
3	39	7951.0845	1217.6991
3	40	7955.388	1343.9928
3	41	7950.9272	1214.5277
3	42	7941.708	1346.7252
3	43	7963.9155	1215.5038
3	44	7941.468	1352.3353
3	61	7955.465	1330.2844
3	64	7911.639	1258.4569
3	66	7912.0513	1268.8044
3	67	7955.694	1358.9999
4	1	7950.324	1290.2809
4	2	7958.0654	1243.8092
4	3	7960.123	1261.0859
4	4	7947.2544	1218.4019
4	5	7948.2197	1283.0994
4	6	7955.757	1288.4105
4	7	7955.199	1291.2157
4	8	7955.759	1293.9349
4	9	7955.7637	1296.7754
4	10	7963.423	1269.3712
4	11	7963.717	1266.9858
4	12	7955.7935	1299.4945
4	13	7942.417	1300.2316
4	14	7955.153	1302.2833
4	15	7964.0073	1258.9746
4	16	7941.8774	1306.153
4	17	7955.61	1307.8126
4	18	7942.184	1308.709
4	19	7963.654	1253.4498
4	20	7942.028	1311.39
4	21	7941.9	1313.9797
4	22	7963.619	1247.8212
4	25	7941.4614	1319.2313
4	26	7911.9556	1266.5505
4	27	7955.5737	1321.974
4	29	7911.927	1252.9359
4	30	7955.539	1327.6068
4	31	7941.3613	1327.4247
4	32	7964.1743	1235.0743
4	33	7912.171	1247.3881
4	34	7941.7305	1330.2268
4	35	7941.8643	1332.9493
4	36	7955.6113	1333.1466
4	37	7951.3105	1222.043
4	38	7911.837	1234.5887
4	39	7951.0845	1217.6991
4	40	7955.388	1343.9928
4	41	7950.9272	1214.5277
4	42	7941.708	1346.7252
4	43	7963.9155	1215.5038
4	44	7941.468	1352.3353
4	61	7955.465	1330.2844
4	64	7911.639	1258.4569
4	66	7912.0513	1268.8044
4	67	7956.001	1359.1234
5	1	7950.2515	1290.8751
5	2	7958.0547	1244.3619
5	3	7960.1104	1261.2677
5	4	7947.254	1218.3235
5	5	7948.36	1282.682
5	6	7955.757	1288.4105
5	7	7955.199	1291.2157
5	8	7955.759	1293.9349
5	9	7955.7637	1296.7754
5	10	7963.423	1269.3712
5	11	7963.717	1266.9858
5	12	7955.7935	1299.4945
5	13	7942.417	1300.2316
5	14	7955.153	1302.2833
5	15	7964.0073	1258.9746
5	16	7941.8774	1306.153
5	17	7955.61	1307.8126
5	18	7942.184	1308.709
5	19	7963.654	1253.4498
5	20	7942.028	1311.39
5	21	7941.9	1313.9797
5	22	7963.619	1247.8212
5	25	7941.4614	1319.2313
5	27	7955.5737	1321.974
5	29	7911.927	1252.9359
5	30	7955.539	1327.6068
5	31	7941.3613	1327.4247
5	32	7964.1743	1235.0743
5	33	7912.171	1247.3881
5	34	7941.7305	1330.2268
5	35	7941.8643	1332.9493
5	36	7955.6113	1333.1466
5	37	7951.3105	1222.043
5	38	7911.837	1234.5887
5	39	7951.0845	1217.6991
5	40	7955.388	1343.9928
5	41	7950.9272	1214.5277
5	42	7941.708	1346.7252
5	43	7963.9155	1215.5038
5	44	7941.468	1352.3353
5	61	7955.465	1330.2844
5	64	7911.639	1258.4569
5	66	7912.0513	1268.8044
6	1	7950.1797	1291.4452
6	2	7958.0483	1244.9203
6	3	7960.099	1261.4456
6	4	7947.2554	1218.2535
6	5	7948.504	1282.2664
6	6	7955.757	1288.4105
6	7	7955.199	1291.2157
6	8	7955.759	1293.9349
6	9	7955.7637	1296.7754
6	10	7963.423	1269.3712
6	11	7963.717	1266.9858
6	12	7955.7935	1299.4945
6	13	7942.417	1300.2316
6	14	7955.153	1302.2833
6	15	7964.0073	1258.9746
6	16	7941.8774	1306.153
6	17	7955.61	1307.8126
6	18	7942.184	1308.709
6	19	7963.654	1253.4498
6	20	7942.028	1311.39
6	21	7941.9	1313.9797
6	22	7963.619	1247.8212
6	25	7941.4614	1319.2313
6	27	7955.5737	1321.974
6	29	7911.927	1252.9359
6	30	7955.539	1327.6068
6	31	7941.3613	1327.4247
6	32	7964.1743	1235.0743
6	33	7912.171	1247.3881
6	34	7941.7305	1330.2268
6	35	7941.8643	1332.9493
6	36	7955.6113	1333.1466
6	37	7951.3105	1222.043
6	38	7911.837	1234.5887
6	39	7951.0845	1217.6991
6	40	7955.388	1343.9928
6	41	7950.9272	1214.5277
6	42	7941.708	1346.7252
6	43	7963.9155	1215.5038
6	44	7941.468	1352.3353
7	1	7950.1055	1292.0303
7	2	7958.0273	1245.4462
7	3	7960.0835	1261.6266
7	4	7947.2505	1218.1876
7	5	7948.6597	1281.8541
7	6	7955.757	1288.4105
7	7	7955.199	1291.2157
7	8	7955.759	1293.9349
7	9	7955.7637	1296.7754
7	10	7963.423	1269.3712
7	11	7963.717	1266.9858
7	12	7955.7935	1299.4945
7	13	7942.417	1300.2316
7	14	7955.153	1302.2833
7	15	7964.0073	1258.9746
7	16	7941.8774	1306.153
7	17	7955.61	1307.8126
7	18	7942.184	1308.709
7	19	7963.654	1253.4498
7	20	7942.028	1311.39
7	21	7941.9	1313.9797
7	22	7963.619	1247.8212
7	24	7946.467	1243.5995
7	25	7941.4614	1319.2313
7	27	7955.5737	1321.974
7	28	7917.7363	1245.1353
7	29	7911.927	1252.9359
7	30	7955.539	1327.6068
7	31	7941.3613	1327.4247
7	32	7964.1743	1235.0743
7	33	7912.171	1247.3881
7	34	7941.7305	1330.2268
7	35	7941.8643	1332.9493
7	36	7955.6113	1333.1466
7	37	7951.3105	1222.043
7	38	7911.837	1234.5887
7	39	7951.0845	1217.6991
7	40	7955.388	1343.9928
7	41	7950.9272	1214.5277
7	42	7941.708	1346.7252
7	43	7963.9155	1215.5038
7	44	7941.468	1352.3353
7	54	7914.205	1213.509
8	1	7950.0547	1292.5979
8	2	7958.024	1246.0436
8	3	7960.072	1261.8131
8	4	7947.259	1218.1177
8	5	7948.8203	1281.4429
8	6	7955.757	1288.4105
8	7	7955.199	1291.2157
8	8	7955.759	1293.9349
8	9	7955.7637	1296.7754
8	10	7963.423	1269.3712
8	11	7963.717	1266.9858
8	12	7955.7935	1299.4945
8	13	7942.417	1300.2316
8	14	7955.153	1302.2833
8	15	7964.0073	1258.9746
8	16	7941.8774	1306.153
8	17	7955.61	1307.8126
8	18	7942.184	1308.709
8	19	7963.654	1253.4498
8	20	7942.028	1311.39
8	21	7941.9	1313.9797
8	22	7963.619	1247.8212
8	24	7946.4272	1243.5953
8	25	7941.4614	1319.2313
8	27	7955.5737	1321.974
8	28	7917.693	1245.4827
8	29	7911.927	1252.9359
8	30	7955.539	1327.6068
8	31	7941.3613	1327.4247
8	32	7964.1743	1235.0743
8	33	7912.171	1247.3881
8	34	7941.7305	1330.2268
8	35	7941.8643	1332.9493
8	36	7955.6113	1333.1466
8	37	7951.3105	1222.043
8	38	7911.837	1234.5887
8	39	7951.0845	1217.6991
8	40	7955.388	1343.9928
8	41	7950.9272	1214.5277
8	42	7941.708	1346.7252
8	43	7963.9155	1215.5038
8	44	7941.468	1352.3353
9	1	7950.0005	1293.1982
9	2	7958.007	1246.5651
9	3	7960.0605	1262.0096
9	4	7947.257	1218.0537
9	5	7948.9863	1281.0327
9	6	7955.757	1288.4105
9	7	7955.199	1291.2157
9	8	7955.759	1293.9349
9	9	7955.7637	1296.7754
9	10	7963.423	1269.3712
9	11	7963.717	1266.9858
9	12	7955.7935	1299.4945
9	13	7942.417	1300.2316
9	14	7955.153	1302.2833
9	15	7964.0073	1258.9746
9	16	7941.8774	1306.153
9	17	7955.61	1307.8126
9	18	7942.184	1308.709
9	19	7963.654	1253.4498
9	20	7942.028	1311.39
9	21	7941.9	1313.9797
9	22	7963.619	1247.8212
9	24	7946.429	1243.5842
9	25	7941.4614	1319.2313
9	26	7911.9556	1266.5505
9	27	7955.5737	1321.974
9	28	7917.723	1246.1001
9	29	7911.927	1252.9359
9	30	7955.539	1327.6068
9	31	7941.3613	1327.4247
9	32	7964.1743	1235.0743
9	33	7912.171	1247.3881
9	34	7941.7305	1330.2268
9	35	7941.8643	1332.9493
9	36	7955.6113	1333.1466
9	37	7951.3105	1222.043
9	38	7911.837	1234.5887
9	39	7951.0845	1217.6991
9	40	7955.388	1343.9928
9	41	7950.9272	1214.5277
9	42	7941.708	1346.7252
9	43	7963.9155	1215.5038
9	44	7941.468	1352.3353
9	61	7955.465	1330.2844
10	1	7949.951	1293.8231
10	2	7958.0005	1247.1168
10	3	7960.0503	1262.1875
10	4	7947.257	1217.9957
10	5	7949.1562	1280.6245
10	6	7955.757	1288.4105
10	7	7955.199	1291.2157
10	8	7955.759	1293.9349
10	9	7955.7637	1296.7754
10	10	7963.423	1269.3712
10	11	7963.717	1266.9858
10	12	7955.7935	1299.4945
10	13	7942.417	1300.2316
10	14	7955.153	1302.2833
10	15	7964.0073	1258.9746
10	16	7941.8774	1306.153
10	17	7955.61	1307.8126
10	18	7942.184	1308.709
10	19	7963.654	1253.4498
10	20	7942.028	1311.39
10	21	7941.9	1313.9797
10	22	7963.619	1247.8212
10	23	7941.447	1316.6923
10	24	7946.426	1243.5778
10	25	7941.4614	1319.2313
10	26	7911.9556	1266.5505
10	27	7955.5737	1321.974
10	28	7917.729	1246.6454
10	29	7911.927	1252.9359
10	30	7955.539	1327.6068
10	31	7941.3613	1327.4247
10	32	7964.1743	1235.0743
10	33	7912.171	1247.3881
10	34	7941.7305	1330.2268
10	35	7941.8643	1332.9493
10	36	7955.6113	1333.1466
10	37	7951.3105	1222.043
10	38	7911.837	1234.5887
10	39	7951.0845	1217.6991
10	40	7955.388	1343.9928
10	41	7950.9272	1214.5277
10	42	7941.708	1346.7252
10	43	7963.9155	1215.5038
10	44	7941.468	1352.3353
11	1	7949.913	1294.4105
11	2	7957.9873	1247.6586
11	3	7960.0454	1262.364
11	4	7947.2534	1217.9358
11	5	7949.33	1280.219
11	6	7955.757	1288.4105
11	7	7955.199	1291.2157
11	8	7955.759	1293.9349
11	9	7955.7637	1296.7754
11	10	7963.423	1269.3712
11	11	7963.717	1266.9858
11	12	7955.7935	1299.4945
11	13	7942.417	1300.2316
11	14	7955.153	1302.2833
11	15	7964.0073	1258.9746
11	16	7941.8774	1306.153
11	17	7955.61	1307.8126
11	18	7942.184	1308.709
11	19	7963.654	1253.4498
11	20	7942.028	1311.39
11	21	7941.9	1313.9797
11	22	7963.619	1247.8212
11	23	7941.447	1316.6923
11	24	7946.4414	1243.5925
11	25	7941.4614	1319.2313
11	27	7955.5737	1321.974
11	28	7917.777	1247.3074
11	29	7911.927	1252.9359
11	30	7955.539	1327.6068
11	31	7941.3613	1327.4247
11	32	7964.1743	1235.0743
11	33	7912.171	1247.3881
11	34	7941.7305	1330.2268
11	35	7941.8643	1332.9493
11	36	7955.6113	1333.1466
11	37	7951.3105	1222.043
11	38	7911.837	1234.5887
11	39	7951.0845	1217.6991
11	40	7955.388	1343.9928
11	41	7950.9272	1214.5277
11	42	7941.708	1346.7252
11	43	7963.9155	1215.5038
11	44	7941.468	1352.3353
11	45	7964.1885	1205.7943
11	54	7912.9966	1214.9712
12	1	7949.8867	1295.0403
12	2	7957.9785	1248.241
12	3	7960.037	1262.5378
12	4	7947.2583	1217.8828
12	5	7949.505	1279.8137
12	6	7955.757	1288.4105
12	7	7955.199	1291.2157
12	8	7955.759	1293.9349
12	9	7955.7637	1296.7754
12	10	7963.423	1269.3712
12	11	7963.717	1266.9858
12	12	7955.7935	1299.4945
12	13	7942.417	1300.2316
12	14	7955.153	1302.2833
12	15	7964.0073	1258.9746
12	16	7941.8774	1306.153
12	17	7955.61	1307.8126
12	18	7942.184	1308.709
12	19	7963.654	1253.4498
12	20	7942.028	1311.39
12	21	7941.9	1313.9797
12	22	7963.619	1247.8212
12	23	7941.447	1316.6923
12	24	7946.433	1243.5809
12	25	7941.4614	1319.2313
12	27	7955.5737	1321.974
12	28	7917.779	1247.8079
12	29	7911.927	1252.9359
12	30	7955.539	1327.6068
12	31	7941.3613	1327.4247
12	32	7964.1743	1235.0743
12	33	7912.171	1247.3881
12	34	7941.7305	1330.2268
12	35	7941.8643	1332.9493
12	36	7955.6113	1333.1466
12	37	7951.3105	1222.043
12	38	7911.837	1234.5887
12	39	7951.0845	1217.6991
12	40	7955.388	1343.9928
12	41	7950.9272	1214.5277
12	42	7941.708	1346.7252
12	43	7963.9155	1215.5038
12	44	7941.468	1352.3353
12	45	7964.1885	1205.7943
12	54	7912.712	1214.9962
13	1	7949.858	1295.6604
13	2	7957.9785	1248.7671
13	3	7960.032	1262.7161
13	4	7947.2734	1217.8223
13	5	7949.6763	1279.4141
13	6	7955.757	1288.4105
13	7	7955.199	1291.2157
13	8	7955.759	1293.9349
13	9	7955.7637	1296.7754
13	10	7963.423	1269.3712
13	11	7963.717	1266.9858
13	12	7955.7935	1299.4945
13	13	7942.417	1300.2316
13	14	7955.153	1302.2833
13	15	7964.0073	1258.9746
13	16	7941.8774	1306.153
13	17	7955.61	1307.8126
13	18	7942.184	1308.709
13	19	7963.654	1253.4498
13	20	7942.028	1311.39
13	21	7941.9	1313.9797
13	22	7963.619	1247.8212
13	23	7941.447	1316.6923
13	24	7946.4395	1243.5833
13	25	7941.4614	1319.2313
13	27	7955.5737	1321.974
13	28	7917.8013	1248.3625
13	29	7911.927	1252.9359
13	30	7955.539	1327.6068
13	31	7941.3613	1327.4247
13	32	7964.1743	1235.0743
13	33	7912.171	1247.3881
13	34	7941.7305	1330.2268
13	35	7941.8643	1332.9493
13	36	7955.6113	1333.1466
13	37	7951.3105	1222.043
13	38	7911.837	1234.5887
13	39	7951.0845	1217.6991
13	40	7955.388	1343.9928
13	41	7950.9272	1214.5277
13	42	7941.708	1346.7252
13	43	7963.9155	1215.5038
13	44	7941.468	1352.3353
13	45	7964.1885	1205.7943
13	54	7912.3843	1215.081
14	1	7949.833	1296.3137
14	2	7957.975	1249.2903
14	3	7960.024	1262.9137
14	4	7947.2627	1217.7615
14	5	7949.845	1279.0219
14	6	7955.757	1288.4105
14	7	7955.199	1291.2157
14	8	7955.759	1293.9349
14	9	7955.7637	1296.7754
14	10	7963.423	1269.3712
14	11	7963.717	1266.9858
14	12	7955.7935	1299.4945
14	13	7942.417	1300.2316
14	14	7955.153	1302.2833
14	15	7964.0073	1258.9746
14	16	7941.8774	1306.153
14	17	7955.61	1307.8126
14	18	7942.184	1308.709
14	19	7963.654	1253.4498
14	20	7942.028	1311.39
14	21	7941.9	1313.9797
14	22	7963.619	1247.8212
14	23	7941.447	1316.6923
14	24	7946.451	1243.5797
14	25	7941.4614	1319.2313
14	27	7955.5737	1321.974
14	28	7917.8345	1248.8926
14	29	7911.927	1252.9359
14	30	7955.539	1327.6068
14	31	7941.3613	1327.4247
14	32	7964.1743	1235.0743
14	33	7912.171	1247.3881
14	34	7941.7305	1330.2268
14	35	7941.8643	1332.9493
14	36	7955.6113	1333.1466
14	37	7951.3105	1222.043
14	38	7911.837	1234.5887
14	39	7951.0845	1217.6991
14	40	7955.388	1343.9928
14	41	7950.9272	1214.5277
14	42	7941.708	1346.7252
14	43	7963.9155	1215.5038
14	44	7941.468	1352.3353
14	45	7964.1885	1205.7943
14	54	7912.3916	1215.045
15	1	7949.793	1296.9365
15	2	7957.9736	1249.7899
15	3	7960.0195	1263.0947
15	4	7947.2534	1217.7039
15	5	7950.0107	1278.6359
15	6	7955.757	1288.4105
15	7	7955.199	1291.2157
15	8	7955.759	1293.9349
15	9	7955.7637	1296.7754
15	10	7963.423	1269.3712
15	11	7963.717	1266.9858
15	12	7955.7935	1299.4945
15	13	7942.417	1300.2316
15	14	7955.153	1302.2833
15	15	7964.0073	1258.9746
15	16	7941.8774	1306.153
15	17	7955.61	1307.8126
15	18	7942.184	1308.709
15	19	7963.654	1253.4498
15	20	7942.028	1311.39
15	21	7941.9	1313.9797
15	22	7963.619	1247.8212
15	23	7941.447	1316.6923
15	24	7946.4414	1243.5912
15	25	7941.4614	1319.2313
15	27	7955.5737	1321.974
15	28	7917.7446	1249.4468
15	29	7911.927	1252.9359
15	30	7955.539	1327.6068
15	31	7941.3613	1327.4247
15	32	7964.1743	1235.0743
15	33	7912.171	1247.3881
15	34	7941.7305	1330.2268
15	35	7941.8643	1332.9493
15	36	7955.6113	1333.1466
15	37	7951.3105	1222.043
15	38	7911.837	1234.5887
15	39	7951.0845	1217.6991
15	40	7955.388	1343.9928
15	41	7950.9272	1214.5277
15	42	7941.708	1346.7252
15	43	7963.9155	1215.5038
15	44	7941.468	1352.3353
15	45	7964.1885	1205.7943
15	54	7912.4287	1215.0155
16	1	7949.7715	1297.5984
16	2	7957.9785	1250.3049
16	3	7960.0117	1263.2712
16	4	7947.247	1217.648
16	5	7950.175	1278.2552
16	6	7955.757	1288.4105
16	7	7955.199	1291.2157
16	8	7955.759	1293.9349
16	9	7955.7637	1296.7754
16	10	7963.423	1269.3712
16	11	7963.717	1266.9858
16	12	7955.7935	1299.4945
16	13	7942.417	1300.2316
16	14	7955.153	1302.2833
16	15	7964.0073	1258.9746
16	16	7941.8774	1306.153
16	17	7955.61	1307.8126
16	18	7942.184	1308.709
16	19	7963.654	1253.4498
16	20	7942.028	1311.39
16	21	7941.9	1313.9797
16	22	7963.619	1247.8212
16	23	7941.447	1316.6923
16	24	7946.442	1243.5901
16	25	7941.4614	1319.2313
16	27	7955.5737	1321.974
16	29	7911.927	1252.9359
16	30	7955.539	1327.6068
16	31	7941.3613	1327.4247
16	32	7964.1743	1235.0743
16	33	7912.171	1247.3881
16	34	7941.7305	1330.2268
16	35	7941.8643	1332.9493
16	36	7955.6113	1333.1466
16	37	7951.3105	1222.043
16	38	7911.837	1234.5887
16	39	7951.0845	1217.6991
16	40	7955.388	1343.9928
16	41	7950.9272	1214.5277
16	42	7941.708	1346.7252
16	43	7963.9155	1215.5038
16	44	7941.468	1352.3353
16	45	7964.1885	1205.7943
16	54	7912.4614	1214.9846
17	1	7949.7437	1298.2582
17	2	7957.9897	1250.8076
17	3	7960.006	1263.4436
17	4	7947.262	1217.5756
17	5	7950.332	1277.8805
17	6	7955.757	1288.4105
17	7	7955.199	1291.2157
17	8	7955.759	1293.9349
17	9	7955.7637	1296.7754
17	10	7963.423	1269.3712
17	11	7963.717	1266.9858
17	12	7955.7935	1299.4945
17	13	7942.417	1300.2316
17	14	7955.153	1302.2833
17	15	7964.0073	1258.9746
17	16	7941.8774	1306.153
17	17	7955.61	1307.8126
17	18	7942.184	1308.709
17	19	7963.654	1253.4498
17	20	7942.028	1311.39
17	21	7941.9	1313.9797
17	22	7963.619	1247.8212
17	23	7941.447	1316.6923
17	24	7946.4424	1243.5872
17	25	7941.4614	1319.2313
17	27	7955.5737	1321.974
17	28	7917.765	1250.4244
17	29	7911.927	1252.9359
17	30	7955.539	1327.6068
17	31	7941.3613	1327.4247
17	32	7964.1743	1235.0743
17	33	7912.171	1247.3881
17	34	7941.7305	1330.2268
17	35	7941.8643	1332.9493
17	36	7955.6113	1333.1466
17	37	7951.3105	1222.043
17	38	7911.837	1234.5887
17	39	7951.0845	1217.6991
17	40	7955.388	1343.9928
17	42	7941.708	1346.7252
17	43	7963.9155	1215.5038
17	44	7941.468	1352.3353
17	45	7964.1885	1205.7943
17	54	7912.4	1214.9883
18	1	7949.7236	1298.9031
18	2	7957.996	1251.2655
18	3	7960.0015	1263.6284
18	4	7947.2773	1217.4922
18	5	7950.492	1277.5128
18	6	7955.757	1288.4105
18	7	7955.199	1291.2157
18	8	7955.759	1293.9349
18	9	7955.7637	1296.7754
18	10	7963.423	1269.3712
18	11	7963.717	1266.9858
18	12	7955.7935	1299.4945
18	13	7942.417	1300.2316
18	14	7955.153	1302.2833
18	15	7964.0073	1258.9746
18	16	7941.8774	1306.153
18	17	7955.61	1307.8126
18	18	7942.184	1308.709
18	19	7963.654	1253.4498
18	20	7942.028	1311.39
18	21	7941.9	1313.9797
18	22	7963.619	1247.8212
18	23	7941.447	1316.6923
18	24	7946.449	1243.5902
18	25	7941.4614	1319.2313
18	27	7955.5737	1321.974
18	28	7917.7817	1250.9332
18	29	7911.927	1252.9359
18	30	7955.539	1327.6068
18	31	7941.3613	1327.4247
18	32	7964.1743	1235.0743
18	33	7912.171	1247.3881
18	34	7941.7305	1330.2268
18	35	7941.8643	1332.9493
18	36	7955.6113	1333.1466
18	37	7951.3105	1222.043
18	38	7911.837	1234.5887
18	39	7951.0845	1217.6991
18	40	7955.388	1343.9928
18	41	7950.9272	1214.5277
18	42	7941.708	1346.7252
18	43	7963.9155	1215.5038
18	44	7941.468	1352.3353
18	45	7964.1885	1205.7943
18	46	7963.8726	1202.9984
18	54	7912.3896	1214.9882
19	1	7949.702	1299.5392
19	2	7958.0107	1251.7142
19	3	7959.9976	1263.8201
19	4	7947.291	1217.4247
19	5	7950.6465	1277.1492
19	6	7955.757	1288.4105
19	7	7955.199	1291.2157
19	8	7955.759	1293.9349
19	9	7955.7637	1296.7754
19	10	7963.423	1269.3712
19	11	7963.717	1266.9858
19	12	7955.7935	1299.4945
19	13	7942.417	1300.2316
19	14	7955.153	1302.2833
19	15	7964.0073	1258.9746
19	16	7941.8774	1306.153
19	17	7955.61	1307.8126
19	18	7942.184	1308.709
19	19	7963.654	1253.4498
19	20	7942.028	1311.39
19	21	7941.9	1313.9797
19	22	7963.619	1247.8212
19	23	7941.447	1316.6923
19	24	7946.442	1243.5913
19	25	7941.4614	1319.2313
19	27	7955.5737	1321.974
19	28	7917.769	1251.4327
19	29	7911.927	1252.9359
19	30	7955.539	1327.6068
19	31	7941.3613	1327.4247
19	32	7964.1743	1235.0743
19	33	7912.171	1247.3881
19	34	7941.7305	1330.2268
19	35	7941.8643	1332.9493
19	36	7955.6113	1333.1466
19	37	7951.3105	1222.043
19	38	7911.837	1234.5887
19	39	7951.0845	1217.6991
19	40	7955.388	1343.9928
19	41	7950.9272	1214.5277
19	42	7941.708	1346.7252
19	43	7963.9155	1215.5038
19	44	7941.468	1352.3353
19	45	7964.1885	1205.7943
19	46	7963.8726	1202.9984
19	51	7919.0815	1293.4747
19	54	7912.4106	1214.9706
20	1	7949.681	1300.1962
20	2	7958.0127	1252.1588
20	3	7960.0	1264.0004
20	4	7947.2896	1217.3616
20	5	7950.8013	1276.7881
20	6	7955.757	1288.4105
20	7	7955.199	1291.2157
20	8	7955.759	1293.9349
20	9	7955.7637	1296.7754
20	10	7963.423	1269.3712
20	11	7963.717	1266.9858
20	12	7955.7935	1299.4945
20	13	7942.417	1300.2316
20	14	7955.153	1302.2833
20	15	7964.0073	1258.9746
20	16	7941.8774	1306.153
20	17	7955.61	1307.8126
20	18	7942.184	1308.709
20	19	7963.654	1253.4498
20	20	7942.028	1311.39
20	21	7941.9	1313.9797
20	22	7963.619	1247.8212
20	23	7941.447	1316.6923
20	24	7946.467	1243.5942
20	25	7941.4614	1319.2313
20	27	7955.5737	1321.974
20	29	7911.927	1252.9359
20	30	7955.539	1327.6068
20	31	7941.3613	1327.4247
20	32	7964.1743	1235.0743
20	33	7912.171	1247.3881
20	34	7941.7305	1330.2268
20	35	7941.8643	1332.9493
20	36	7955.6113	1333.1466
20	37	7951.3105	1222.043
20	38	7911.837	1234.5887
20	39	7951.0845	1217.6991
20	40	7955.388	1343.9928
20	41	7950.9272	1214.5277
20	42	7941.708	1346.7252
20	43	7963.9155	1215.5038
20	44	7941.468	1352.3353
20	45	7964.1885	1205.7943
20	46	7963.8726	1202.9984
20	51	7919.0815	1293.4747
20	54	7912.46	1214.9684
21	1	7949.657	1300.8535
21	2	7958.0234	1252.5443
21	3	7959.998	1264.1719
21	4	7947.296	1217.3177
21	5	7950.9556	1276.4283
21	6	7955.757	1288.4105
21	7	7955.199	1291.2157
21	8	7955.759	1293.9349
21	9	7955.7637	1296.7754
21	10	7963.423	1269.3712
21	11	7963.717	1266.9858
21	12	7955.7935	1299.4945
21	13	7942.417	1300.2316
21	14	7955.153	1302.2833
21	15	7964.0073	1258.9746
21	16	7941.8774	1306.153
21	17	7955.61	1307.8126
21	18	7942.184	1308.709
21	19	7963.654	1253.4498
21	20	7942.028	1311.39
21	21	7941.9	1313.9797
21	22	7963.619	1247.8212
21	23	7941.447	1316.6923
21	24	7946.4565	1243.5944
21	25	7941.4614	1319.2313
21	27	7955.5737	1321.974
21	28	7917.7744	1252.3673
21	29	7911.927	1252.9359
21	30	7955.539	1327.6068
21	31	7941.3613	1327.4247
21	32	7964.1743	1235.0743
21	34	7941.7305	1330.2268
21	35	7941.8643	1332.9493
21	36	7955.6113	1333.1466
21	37	7951.3105	1222.043
21	38	7911.837	1234.5887
21	39	7951.0845	1217.6991
21	40	7955.388	1343.9928
21	41	7950.9272	1214.5277
21	42	7941.708	1346.7252
21	43	7963.9155	1215.5038
21	45	7964.1885	1205.7943
21	46	7963.8726	1202.9984
21	51	7919.0815	1293.4747
21	54	7912.477	1214.9489
22	1	7949.645	1301.506
22	2	7958.0435	1252.9363
22	3	7959.994	1264.3369
22	5	7951.1084	1276.0685
22	6	7955.757	1288.4105
22	7	7955.199	1291.2157
22	8	7955.759	1293.9349
22	9	7955.7637	1296.7754
22	10	7963.423	1269.3712
22	11	7963.717	1266.9858
22	12	7955.7935	1299.4945
22	13	7942.417	1300.2316
22	14	7955.153	1302.2833
22	15	7964.0073	1258.9746
22	16	7941.8774	1306.153
22	17	7955.61	1307.8126
22	18	7942.184	1308.709
22	19	7963.654	1253.4498
22	20	7942.028	1311.39
22	21	7941.9	1313.9797
22	22	7963.619	1247.8212
22	23	7941.447	1316.6923
22	24	7946.4575	1243.5784
22	25	7941.4614	1319.2313
22	27	7955.5737	1321.974
22	29	7911.927	1252.9359
22	30	7955.539	1327.6068
22	31	7941.3613	1327.4247
22	32	7964.1743	1235.0743
22	33	7912.171	1247.3881
22	34	7941.7305	1330.2268
22	35	7941.8643	1332.9493
22	36	7955.6113	1333.1466
22	37	7951.3105	1222.043
22	38	7911.837	1234.5887
22	39	7951.0845	1217.6991
22	40	7955.388	1343.9928
22	41	7950.9272	1214.5277
22	42	7941.708	1346.7252
22	43	7963.9155	1215.5038
22	45	7964.1885	1205.7943
22	46	7963.8726	1202.9984
22	51	7919.0815	1293.4747
22	54	7912.461	1214.9563
23	1	7949.6255	1302.1711
23	2	7958.056	1253.3071
23	3	7959.991	1264.5132
23	5	7951.262	1275.7094
23	6	7955.757	1288.4105
23	7	7955.199	1291.2157
23	8	7955.759	1293.9349
23	9	7955.7637	1296.7754
23	10	7963.423	1269.3712
23	11	7963.717	1266.9858
23	12	7955.7935	1299.4945
23	13	7942.417	1300.2316
23	14	7955.153	1302.2833
23	15	7964.0073	1258.9746
23	16	7941.8774	1306.153
23	17	7955.61	1307.8126
23	18	7942.184	1308.709
23	19	7963.654	1253.4498
23	20	7942.028	1311.39
23	21	7941.9	1313.9797
23	22	7963.619	1247.8212
23	23	7941.447	1316.6923
23	24	7946.4556	1243.5916
23	25	7941.4614	1319.2313
23	27	7955.5737	1321.974
23	29	7911.927	1252.9359
23	30	7955.539	1327.6068
23	31	7941.3613	1327.4247
23	32	7964.1743	1235.0743
23	33	7912.171	1247.3881
23	34	7941.7305	1330.2268
23	35	7941.8643	1332.9493
23	36	7955.6113	1333.1466
23	37	7951.3105	1222.043
23	38	7911.837	1234.5887
23	39	7951.0845	1217.6991
23	40	7955.388	1343.9928
23	41	7950.9272	1214.5277
23	42	7941.708	1346.7252
23	43	7963.9155	1215.5038
23	45	7964.1885	1205.7943
23	46	7963.8726	1202.9984
23	51	7919.0815	1293.4747
23	54	7912.3984	1214.951
24	1	7949.604	1302.8264
24	2	7958.067	1253.6284
24	3	7959.983	1264.7019
24	4	7947.305	1217.0848
24	5	7951.4136	1275.3484
24	6	7955.757	1288.4105
24	7	7955.199	1291.2157
24	8	7955.759	1293.9349
24	9	7955.7637	1296.7754
24	10	7963.423	1269.3712
24	11	7963.717	1266.9858
24	12	7955.7935	1299.4945
24	13	7942.417	1300.2316
24	14	7955.153	1302.2833
24	15	7964.0073	1258.9746
24	16	7941.8774	1306.153
24	17	7955.61	1307.8126
24	18	7942.184	1308.709
24	19	7963.654	1253.4498
24	20	7942.028	1311.39
24	21	7941.9	1313.9797
24	22	7963.619	1247.8212
24	23	7941.447	1316.6923
24	24	7946.458	1243.5874
24	25	7941.4614	1319.2313
24	27	7955.5737	1321.974
24	29	7911.927	1252.9359
24	30	7955.539	1327.6068
24	31	7941.3613	1327.4247
24	32	7964.1743	1235.0743
24	33	7912.171	1247.3881
24	34	7941.7305	1330.2268
24	35	7941.8643	1332.9493
24	36	7955.6113	1333.1466
24	37	7951.3105	1222.043
24	38	7911.837	1234.5887
24	39	7951.0845	1217.6991
24	40	7955.388	1343.9928
24	41	7950.9272	1214.5277
24	42	7941.708	1346.7252
24	43	7963.9155	1215.5038
24	45	7964.1885	1205.7943
24	46	7963.8726	1202.9984
24	51	7919.0815	1293.4747
24	54	7912.5317	1214.93
25	1	7949.584	1303.4849
25	2	7958.082	1253.9766
25	3	7959.9795	1264.881
25	4	7947.309	1217.037
25	5	7951.567	1274.9875
25	6	7955.757	1288.4105
25	7	7955.199	1291.2157
25	8	7955.759	1293.9349
25	9	7955.7637	1296.7754
25	10	7963.423	1269.3712
25	11	7963.717	1266.9858
25	12	7955.7935	1299.4945
25	13	7942.417	1300.2316
25	14	7955.153	1302.2833
25	15	7964.0073	1258.9746
25	16	7941.8774	1306.153
25	17	7955.61	1307.8126
25	18	7942.184	1308.709
25	19	7963.654	1253.4498
25	20	7942.028	1311.39
25	21	7941.9	1313.9797
25	22	7963.619	1247.8212
25	23	7941.447	1316.6923
25	24	7946.465	1243.5762
25	25	7941.4614	1319.2313
25	27	7955.5737	1321.974
25	29	7911.927	1252.9359
25	30	7955.539	1327.6068
25	31	7941.3613	1327.4247
25	32	7964.1743	1235.0743
25	33	7912.171	1247.3881
25	34	7941.7305	1330.2268
25	35	7941.8643	1332.9493
25	36	7955.6113	1333.1466
25	37	7951.3105	1222.043
25	38	7911.837	1234.5887
25	39	7951.0845	1217.6991
25	40	7955.388	1343.9928
25	41	7950.9272	1214.5277
25	42	7941.708	1346.7252
25	43	7963.9155	1215.5038
25	45	7964.1885	1205.7943
25	46	7963.8726	1202.9984
25	51	7919.0815	1293.4747
25	54	7912.4946	1214.9606
26	1	7949.5664	1304.1602
26	2	7958.096	1254.3215
26	3	7959.9707	1265.0496
26	4	7947.3013	1216.9635
26	5	7951.72	1274.6244
26	6	7955.757	1288.4105
26	7	7955.199	1291.2157
26	8	7955.759	1293.9349
26	9	7955.7637	1296.7754
26	10	7963.423	1269.3712
26	11	7963.717	1266.9858
26	12	7955.7935	1299.4945
26	13	7942.417	1300.2316
26	14	7955.153	1302.2833
26	15	7964.0073	1258.9746
26	16	7941.8774	1306.153
26	17	7955.61	1307.8126
26	18	7942.184	1308.709
26	19	7963.654	1253.4498
26	20	7942.028	1311.39
26	21	7941.9	1313.9797
26	22	7963.619	1247.8212
26	23	7941.447	1316.6923
26	24	7946.489	1243.594
26	25	7941.4614	1319.2313
26	27	7955.5737	1321.974
26	29	7911.927	1252.9359
26	30	7955.539	1327.6068
26	31	7941.3613	1327.4247
26	32	7964.1743	1235.0743
26	33	7912.171	1247.3881
26	34	7941.7305	1330.2268
26	35	7941.8643	1332.9493
26	36	7955.6113	1333.1466
26	37	7951.3105	1222.043
26	38	7911.837	1234.5887
26	39	7951.0845	1217.6991
26	40	7955.388	1343.9928
26	41	7950.9272	1214.5277
26	42	7941.708	1346.7252
26	43	7963.9155	1215.5038
26	45	7964.1885	1205.7943
26	46	7963.8726	1202.9984
26	51	7919.0815	1293.4747
26	54	7912.585	1214.8826
27	1	7949.539	1304.8406
27	2	7958.113	1254.6489
27	3	7959.957	1265.2184
27	4	7947.294	1216.91
27	5	7951.874	1274.2573
27	6	7955.757	1288.4105
27	7	7955.199	1291.2157
27	8	7955.759	1293.9349
27	9	7955.7637	1296.7754
27	10	7963.423	1269.3712
27	11	7963.717	1266.9858
27	12	7955.7935	1299.4945
27	13	7942.417	1300.2316
27	14	7955.153	1302.2833
27	15	7964.0073	1258.9746
27	16	7941.8774	1306.153
27	17	7955.61	1307.8126
27	18	7942.184	1308.709
27	19	7963.654	1253.4498
27	20	7942.028	1311.39
27	21	7941.9	1313.9797
27	22	7963.619	1247.8212
27	23	7941.447	1316.6923
27	25	7941.4614	1319.2313
27	27	7955.5737	1321.974
27	29	7911.927	1252.9359
27	30	7955.539	1327.6068
27	31	7941.3613	1327.4247
27	32	7964.1743	1235.0743
27	33	7912.171	1247.3881
27	34	7941.7305	1330.2268
27	35	7941.8643	1332.9493
27	36	7955.6113	1333.1466
27	37	7951.3105	1222.043
27	38	7911.837	1234.5887
27	39	7951.0845	1217.6991
27	40	7955.388	1343.9928
27	41	7950.9272	1214.5277
27	42	7941.708	1346.7252
27	43	7963.9155	1215.5038
27	45	7964.1885	1205.7943
27	46	7963.8726	1202.9984
27	51	7919.0815	1293.4747
27	54	7912.5854	1214.9412
28	1	7949.544	1305.5188
28	2	7958.1343	1254.9398
28	3	7959.95	1265.3867
28	5	7952.0283	1273.8873
28	6	7955.757	1288.4105
28	7	7955.199	1291.2157
28	8	7955.759	1293.9349
28	9	7955.7637	1296.7754
28	10	7963.423	1269.3712
28	11	7963.717	1266.9858
28	12	7955.7935	1299.4945
28	13	7942.417	1300.2316
28	14	7955.153	1302.2833
28	15	7964.0073	1258.9746
28	16	7941.8774	1306.153
28	17	7955.61	1307.8126
28	18	7942.184	1308.709
28	19	7963.654	1253.4498
28	20	7942.028	1311.39
28	21	7941.9	1313.9797
28	22	7963.619	1247.8212
28	23	7941.447	1316.6923
28	25	7941.4614	1319.2313
28	27	7955.5737	1321.974
28	29	7911.927	1252.9359
28	30	7955.539	1327.6068
28	31	7941.3613	1327.4247
28	32	7964.1743	1235.0743
28	33	7912.171	1247.3881
28	34	7941.7305	1330.2268
28	35	7941.8643	1332.9493
28	36	7955.6113	1333.1466
28	37	7951.3105	1222.043
28	38	7911.837	1234.5887
28	39	7951.0845	1217.6991
28	40	7955.388	1343.9928
28	41	7950.9272	1214.5277
28	42	7941.708	1346.7252
28	43	7963.9155	1215.5038
28	45	7964.1885	1205.7943
28	46	7963.8726	1202.9984
28	51	7919.0815	1293.4747
28	54	7912.5415	1214.9231
29	1	7949.5225	1306.1466
29	2	7958.141	1255.2382
29	3	7959.9355	1265.583
29	4	7947.3076	1216.768
29	5	7952.1826	1273.5137
29	6	7955.757	1288.4105
29	7	7955.199	1291.2157
29	8	7955.759	1293.9349
29	9	7955.7637	1296.7754
29	10	7963.423	1269.3712
29	11	7963.717	1266.9858
29	12	7955.7935	1299.4945
29	13	7942.417	1300.2316
29	14	7955.153	1302.2833
29	15	7964.0073	1258.9746
29	16	7941.8774	1306.153
29	17	7955.61	1307.8126
29	18	7942.184	1308.709
29	19	7963.654	1253.4498
29	20	7942.028	1311.39
29	21	7941.9	1313.9797
29	22	7963.619	1247.8212
29	23	7941.447	1316.6923
29	24	7946.476	1243.5945
29	25	7941.4614	1319.2313
29	27	7955.5737	1321.974
29	29	7911.927	1252.9359
29	30	7955.539	1327.6068
29	31	7941.3613	1327.4247
29	32	7964.1743	1235.0743
29	33	7912.171	1247.3881
29	34	7941.7305	1330.2268
29	35	7941.8643	1332.9493
29	36	7955.6113	1333.1466
29	37	7951.3105	1222.043
29	38	7911.837	1234.5887
29	39	7951.0845	1217.6991
29	40	7955.388	1343.9928
29	41	7950.9272	1214.5277
29	42	7941.708	1346.7252
29	43	7963.9155	1215.5038
29	45	7964.1885	1205.7943
29	46	7963.8726	1202.9984
29	51	7919.0815	1293.4747
30	1	7949.491	1306.8473
30	2	7958.163	1255.542
30	3	7959.925	1265.7633
30	4	7947.2974	1216.7124
30	5	7952.336	1273.136
30	6	7955.757	1288.4105
30	7	7955.199	1291.2157
30	8	7955.759	1293.9349
30	9	7955.7637	1296.7754
30	10	7963.423	1269.3712
30	11	7963.717	1266.9858
30	12	7955.7935	1299.4945
30	13	7942.417	1300.2316
30	14	7955.153	1302.2833
30	15	7964.0073	1258.9746
30	16	7941.8774	1306.153
30	17	7955.61	1307.8126
30	18	7942.184	1308.709
30	19	7963.654	1253.4498
30	20	7942.028	1311.39
30	21	7941.9	1313.9797
30	22	7963.619	1247.8212
30	23	7941.447	1316.6923
30	24	7946.48	1243.6016
30	25	7941.4614	1319.2313
30	27	7955.5737	1321.974
30	30	7955.539	1327.6068
30	31	7941.3613	1327.4247
30	32	7964.1743	1235.0743
30	33	7912.171	1247.3881
30	34	7941.7305	1330.2268
30	35	7941.8643	1332.9493
30	36	7955.6113	1333.1466
30	37	7951.3105	1222.043
30	38	7911.837	1234.5887
30	39	7951.0845	1217.6991
30	40	7955.388	1343.9928
30	41	7950.9272	1214.5277
30	42	7941.708	1346.7252
30	43	7963.9155	1215.5038
30	45	7964.1885	1205.7943
30	46	7963.8726	1202.9984
30	51	7919.0815	1293.4747
30	54	7912.42	1214.9479
31	1	7949.497	1307.5142
31	2	7958.1743	1255.8381
31	3	7959.9136	1265.9435
31	4	7947.2935	1216.6501
31	5	7952.489	1272.7537
31	6	7955.757	1288.4105
31	7	7955.199	1291.2157
31	8	7955.759	1293.9349
31	9	7955.7637	1296.7754
31	10	7963.423	1269.3712
31	11	7963.717	1266.9858
31	12	7955.7935	1299.4945
31	13	7942.417	1300.2316
31	14	7955.153	1302.2833
31	15	7964.0073	1258.9746
31	16	7941.8774	1306.153
31	17	7955.61	1307.8126
31	18	7942.184	1308.709
31	19	7963.654	1253.4498
31	20	7942.028	1311.39
31	21	7941.9	1313.9797
31	22	7963.619	1247.8212
31	23	7941.447	1316.6923
31	24	7946.463	1243.5958
31	25	7941.4614	1319.2313
31	27	7955.5737	1321.974
31	30	7955.539	1327.6068
31	31	7941.3613	1327.4247
31	32	7964.1743	1235.0743
31	33	7912.171	1247.3881
31	34	7941.7305	1330.2268
31	35	7941.8643	1332.9493
31	36	7955.6113	1333.1466
31	37	7951.3105	1222.043
31	38	7911.837	1234.5887
31	39	7951.0845	1217.6991
31	40	7955.388	1343.9928
31	41	7950.9272	1214.5277
31	42	7941.708	1346.7252
31	43	7963.9155	1215.5038
31	45	7964.1885	1205.7943
31	46	7963.8726	1202.9984
31	51	7919.0815	1293.4747
31	54	7912.562	1214.9307
31	68	7962.053	1198.7488
32	1	7949.461	1308.177
32	2	7958.191	1256.1118
32	3	7959.9004	1266.1124
32	4	7947.3164	1216.595
32	5	7952.641	1272.3676
32	6	7955.757	1288.4105
32	7	7955.199	1291.2157
32	8	7955.759	1293.9349
32	9	7955.7637	1296.7754
32	10	7963.423	1269.3712
32	11	7963.717	1266.9858
32	12	7955.7935	1299.4945
32	13	7942.417	1300.2316
32	14	7955.153	1302.2833
32	15	7964.0073	1258.9746
32	16	7941.8774	1306.153
32	17	7955.61	1307.8126
32	18	7942.184	1308.709
32	19	7963.654	1253.4498
32	20	7942.028	1311.39
32	21	7941.9	1313.9797
32	22	7963.619	1247.8212
32	23	7941.447	1316.6923
32	24	7946.481	1243.5992
32	25	7941.4614	1319.2313
32	27	7955.5737	1321.974
32	30	7955.539	1327.6068
32	31	7941.3613	1327.4247
32	32	7964.1743	1235.0743
32	33	7912.171	1247.3881
32	34	7941.7305	1330.2268
32	35	7941.8643	1332.9493
32	36	7955.6113	1333.1466
32	37	7951.3105	1222.043
32	38	7911.837	1234.5887
32	39	7951.0845	1217.6991
32	40	7955.388	1343.9928
32	41	7950.9272	1214.5277
32	42	7941.708	1346.7252
32	43	7963.9155	1215.5038
32	45	7964.1885	1205.7943
32	46	7963.8726	1202.9984
32	51	7919.0815	1293.4747
32	68	7962.1226	1198.7008
33	1	7949.461	1308.8508
33	2	7958.2095	1256.3793
33	3	7959.8867	1266.2753
33	4	7947.3154	1216.5449
33	5	7952.7935	1271.9774
33	6	7955.757	1288.4105
33	7	7955.199	1291.2157
33	8	7955.759	1293.9349
33	9	7955.7637	1296.7754
33	10	7963.423	1269.3712
33	11	7963.717	1266.9858
33	12	7955.7935	1299.4945
33	13	7942.417	1300.2316
33	14	7955.153	1302.2833
33	15	7964.0073	1258.9746
33	16	7941.8774	1306.153
33	17	7955.61	1307.8126
33	18	7942.184	1308.709
33	19	7963.654	1253.4498
33	20	7942.028	1311.39
33	21	7941.9	1313.9797
33	22	7963.619	1247.8212
33	23	7941.447	1316.6923
33	24	7946.48	1243.597
33	25	7941.4614	1319.2313
33	27	7955.5737	1321.974
33	30	7955.539	1327.6068
33	31	7941.3613	1327.4247
33	32	7964.1743	1235.0743
33	33	7912.171	1247.3881
33	34	7941.7305	1330.2268
33	35	7941.8643	1332.9493
33	36	7955.6113	1333.1466
33	37	7951.3105	1222.043
33	38	7911.837	1234.5887
33	39	7951.0845	1217.6991
33	40	7955.388	1343.9928
33	41	7950.9272	1214.5277
33	42	7941.708	1346.7252
33	43	7963.9155	1215.5038
33	45	7964.1885	1205.7943
33	46	7963.8726	1202.9984
33	51	7919.0815	1293.4747
33	68	7962.1104	1198.6848
34	1	7949.4385	1309.5071
34	2	7958.233	1256.6438
34	3	7959.8706	1266.4569
34	4	7947.33	1216.4882
34	5	7952.9434	1271.5829
34	6	7955.757	1288.4105
34	7	7955.199	1291.2157
34	8	7955.759	1293.9349
34	10	7963.423	1269.3712
34	11	7963.717	1266.9858
34	12	7955.7935	1299.4945
34	13	7942.417	1300.2316
34	14	7955.153	1302.2833
34	15	7964.0073	1258.9746
34	16	7941.8774	1306.153
34	17	7955.61	1307.8126
34	18	7942.184	1308.709
34	19	7963.654	1253.4498
34	20	7942.028	1311.39
34	21	7941.9	1313.9797
34	22	7963.619	1247.8212
34	23	7941.447	1316.6923
34	24	7946.483	1243.602
34	25	7941.4614	1319.2313
34	27	7955.5737	1321.974
34	30	7955.539	1327.6068
34	31	7941.3613	1327.4247
34	32	7964.1743	1235.0743
34	33	7912.171	1247.3881
34	34	7941.7305	1330.2268
34	35	7941.8643	1332.9493
34	36	7955.6113	1333.1466
34	37	7951.3105	1222.043
34	38	7911.837	1234.5887
34	39	7951.0845	1217.6991
34	40	7955.388	1343.9928
34	41	7950.9272	1214.5277
34	42	7941.708	1346.7252
34	43	7963.9155	1215.5038
34	45	7964.1885	1205.7943
34	46	7963.8726	1202.9984
34	51	7919.0815	1293.4747
34	68	7962.1436	1198.7263
35	1	7949.421	1310.1465
35	2	7958.2573	1256.9193
35	3	7959.8555	1266.6321
35	4	7947.3237	1216.416
35	5	7953.092	1271.1843
35	6	7955.757	1288.4105
35	7	7955.199	1291.2157
35	8	7955.759	1293.9349
35	10	7963.423	1269.3712
35	11	7963.717	1266.9858
35	13	7942.417	1300.2316
35	14	7955.153	1302.2833
35	15	7964.0073	1258.9746
35	16	7941.8774	1306.153
35	17	7955.61	1307.8126
35	18	7942.184	1308.709
35	19	7963.654	1253.4498
35	20	7942.028	1311.39
35	21	7941.9	1313.9797
35	22	7963.619	1247.8212
35	23	7941.447	1316.6923
35	25	7941.4614	1319.2313
35	27	7955.5737	1321.974
35	30	7955.539	1327.6068
35	31	7941.3613	1327.4247
35	32	7964.1743	1235.0743
35	33	7912.171	1247.3881
35	34	7941.7305	1330.2268
35	35	7941.8643	1332.9493
35	36	7955.6113	1333.1466
35	37	7951.3105	1222.043
35	38	7911.837	1234.5887
35	39	7951.0845	1217.6991
35	40	7955.388	1343.9928
35	41	7950.9272	1214.5277
35	43	7963.9155	1215.5038
35	45	7964.1885	1205.7943
35	46	7963.8726	1202.9984
35	51	7919.0815	1293.4747
35	68	7962.2275	1198.6875
36	1	7949.4077	1310.8135
36	2	7958.2764	1257.1617
36	3	7959.842	1266.8121
36	4	7947.3203	1216.359
36	5	7953.2363	1270.7817
36	6	7955.757	1288.4105
36	7	7955.199	1291.2157
36	8	7955.759	1293.9349
36	10	7963.423	1269.3712
36	11	7963.717	1266.9858
36	13	7942.417	1300.2316
36	14	7955.153	1302.2833
36	15	7964.0073	1258.9746
36	16	7941.8774	1306.153
36	17	7955.61	1307.8126
36	18	7942.184	1308.709
36	19	7963.654	1253.4498
36	20	7942.028	1311.39
36	21	7941.9	1313.9797
36	22	7963.619	1247.8212
36	23	7941.447	1316.6923
36	24	7946.4697	1243.5995
36	25	7941.4614	1319.2313
36	27	7955.5737	1321.974
36	29	7911.927	1252.9359
36	30	7955.539	1327.6068
36	31	7941.3613	1327.4247
36	32	7964.1743	1235.0743
36	33	7912.171	1247.3881
36	34	7941.7305	1330.2268
36	35	7941.8643	1332.9493
36	36	7955.6113	1333.1466
36	37	7951.3105	1222.043
36	38	7911.837	1234.5887
36	39	7951.0845	1217.6991
36	40	7955.388	1343.9928
36	41	7950.9272	1214.5277
36	43	7963.9155	1215.5038
36	45	7964.1885	1205.7943
36	46	7963.8726	1202.9984
36	51	7919.0815	1293.4747
37	1	7949.3774	1311.4777
37	2	7958.291	1257.4077
37	3	7959.83	1266.9811
37	4	7947.301	1216.2949
37	5	7953.3784	1270.3749
37	6	7955.757	1288.4105
37	7	7955.199	1291.2157
37	8	7955.759	1293.9349
37	10	7963.423	1269.3712
37	11	7963.717	1266.9858
37	13	7942.417	1300.2316
37	14	7955.153	1302.2833
37	15	7964.0073	1258.9746
37	16	7941.8774	1306.153
37	17	7955.61	1307.8126
37	18	7942.184	1308.709
37	19	7963.654	1253.4498
37	20	7942.028	1311.39
37	21	7941.9	1313.9797
37	22	7963.619	1247.8212
37	23	7941.447	1316.6923
37	24	7946.467	1243.5992
37	25	7941.4614	1319.2313
37	27	7955.5737	1321.974
37	29	7911.927	1252.9359
37	30	7955.539	1327.6068
37	31	7941.3613	1327.4247
37	32	7964.1743	1235.0743
37	33	7912.171	1247.3881
37	34	7941.7305	1330.2268
37	35	7941.8643	1332.9493
37	36	7955.6113	1333.1466
37	37	7951.3105	1222.043
37	38	7911.837	1234.5887
37	39	7951.0845	1217.6991
37	40	7955.388	1343.9928
37	41	7950.9272	1214.5277
37	43	7963.9155	1215.5038
37	45	7964.1885	1205.7943
37	46	7963.8726	1202.9984
37	51	7919.0815	1293.4747
38	1	7949.3735	1312.1595
38	2	7958.3174	1257.667
38	3	7959.807	1267.1537
38	4	7947.3154	1216.2124
38	5	7953.517	1269.9639
38	6	7955.757	1288.4105
38	7	7955.199	1291.2157
38	8	7955.759	1293.9349
38	10	7963.423	1269.3712
38	11	7963.717	1266.9858
38	13	7942.417	1300.2316
38	14	7955.153	1302.2833
38	15	7964.0073	1258.9746
38	16	7941.8774	1306.153
38	17	7955.61	1307.8126
38	18	7942.184	1308.709
38	19	7963.654	1253.4498
38	20	7942.028	1311.39
38	21	7941.9	1313.9797
38	22	7963.619	1247.8212
38	23	7941.447	1316.6923
38	24	7946.4673	1243.5999
38	25	7941.4614	1319.2313
38	27	7955.5737	1321.974
38	30	7955.539	1327.6068
38	31	7941.3613	1327.4247
38	32	7964.1743	1235.0743
38	33	7912.171	1247.3881
38	34	7941.7305	1330.2268
38	35	7941.8643	1332.9493
38	36	7955.6113	1333.1466
38	37	7951.3105	1222.043
38	38	7911.837	1234.5887
38	39	7951.0845	1217.6991
38	40	7955.388	1343.9928
38	41	7950.9272	1214.5277
38	43	7963.9155	1215.5038
38	45	7964.1885	1205.7943
38	46	7963.8726	1202.9984
38	51	7919.0815	1293.4747
39	1	7949.3477	1312.7998
39	2	7958.34	1257.9117
39	3	7959.7886	1267.3335
39	4	7947.321	1216.1516
39	5	7953.651	1269.5492
39	6	7955.757	1288.4105
39	7	7955.199	1291.2157
39	8	7955.759	1293.9349
39	10	7963.423	1269.3712
39	11	7963.717	1266.9858
39	13	7942.417	1300.2316
39	14	7955.153	1302.2833
39	15	7964.0073	1258.9746
39	16	7941.8774	1306.153
39	17	7955.61	1307.8126
39	18	7942.184	1308.709
39	19	7963.654	1253.4498
39	20	7942.028	1311.39
39	21	7941.9	1313.9797
39	22	7963.619	1247.8212
39	23	7941.447	1316.6923
39	24	7946.4756	1243.6042
39	25	7941.4614	1319.2313
39	27	7955.5737	1321.974
39	30	7955.539	1327.6068
39	31	7941.3613	1327.4247
39	32	7964.1743	1235.0743
39	33	7912.171	1247.3881
39	34	7941.7305	1330.2268
39	35	7941.8643	1332.9493
39	36	7955.6113	1333.1466
39	37	7951.3105	1222.043
39	38	7911.837	1234.5887
39	39	7951.0845	1217.6991
39	40	7955.388	1343.9928
39	41	7950.9272	1214.5277
39	43	7963.9155	1215.5038
39	45	7964.1885	1205.7943
39	46	7963.8726	1202.9984
39	47	7952.5327	1192.5292
39	51	7919.0815	1293.4747
40	1	7949.3335	1313.4608
40	2	7958.3613	1258.1467
40	3	7959.769	1267.5225
40	4	7947.3203	1216.0964
40	5	7953.779	1269.1309
40	6	7955.757	1288.4105
40	7	7955.199	1291.2157
40	8	7955.759	1293.9349
40	10	7963.423	1269.3712
40	11	7963.717	1266.9858
40	13	7942.417	1300.2316
40	14	7955.153	1302.2833
40	15	7964.0073	1258.9746
40	16	7941.8774	1306.153
40	17	7955.61	1307.8126
40	18	7942.184	1308.709
40	19	7963.654	1253.4498
40	20	7942.028	1311.39
40	21	7941.9	1313.9797
40	22	7963.619	1247.8212
40	23	7941.447	1316.6923
40	24	7946.4746	1243.6069
40	25	7941.4614	1319.2313
40	27	7955.5737	1321.974
40	30	7955.539	1327.6068
40	31	7941.3613	1327.4247
40	32	7964.1743	1235.0743
40	33	7912.171	1247.3881
40	34	7941.7305	1330.2268
40	35	7941.8643	1332.9493
40	36	7955.6113	1333.1466
40	37	7951.3105	1222.043
40	38	7911.837	1234.5887
40	39	7951.0845	1217.6991
40	40	7955.388	1343.9928
40	41	7950.9272	1214.5277
40	43	7963.9155	1215.5038
40	45	7964.1885	1205.7943
40	46	7963.8726	1202.9984
40	47	7951.976	1192.676
40	51	7919.0815	1293.4747
41	1	7949.3145	1314.1414
41	2	7958.3853	1258.3815
41	3	7959.7505	1267.7073
41	4	7947.3325	1216.0284
41	5	7953.9014	1268.7094
41	6	7955.757	1288.4105
41	7	7955.199	1291.2157
41	8	7955.759	1293.9349
41	10	7963.423	1269.3712
41	11	7963.717	1266.9858
41	13	7942.417	1300.2316
41	14	7955.153	1302.2833
41	15	7964.0073	1258.9746
41	16	7941.8774	1306.153
41	17	7955.61	1307.8126
41	18	7942.184	1308.709
41	19	7963.654	1253.4498
41	20	7942.028	1311.39
41	21	7941.9	1313.9797
41	22	7963.619	1247.8212
41	23	7941.447	1316.6923
41	24	7946.4766	1243.609
41	25	7941.4614	1319.2313
41	27	7955.5737	1321.974
41	30	7955.539	1327.6068
41	31	7941.3613	1327.4247
41	32	7964.1743	1235.0743
41	33	7912.171	1247.3881
41	34	7941.7305	1330.2268
41	35	7941.8643	1332.9493
41	36	7955.6113	1333.1466
41	37	7951.3105	1222.043
41	38	7911.837	1234.5887
41	39	7951.0845	1217.6991
41	40	7955.388	1343.9928
41	41	7950.9272	1214.5277
41	43	7963.9155	1215.5038
41	45	7964.1885	1205.7943
41	46	7963.8726	1202.9984
41	47	7951.5664	1193.4104
41	51	7919.0815	1293.4747
42	1	7949.2993	1314.7903
42	2	7958.3955	1258.639
42	3	7959.74	1267.8798
42	4	7947.339	1215.9733
42	5	7954.019	1268.2852
42	6	7955.757	1288.4105
42	7	7955.199	1291.2157
42	8	7955.759	1293.9349
42	10	7963.423	1269.3712
42	11	7963.717	1266.9858
42	13	7942.417	1300.2316
42	14	7955.153	1302.2833
42	15	7964.0073	1258.9746
42	16	7941.8774	1306.153
42	17	7955.61	1307.8126
42	18	7942.184	1308.709
42	19	7963.654	1253.4498
42	20	7942.028	1311.39
42	21	7941.9	1313.9797
42	22	7963.619	1247.8212
42	23	7941.447	1316.6923
42	24	7946.477	1243.6118
42	25	7941.4614	1319.2313
42	27	7955.5737	1321.974
42	30	7955.539	1327.6068
42	31	7941.3613	1327.4247
42	32	7964.1743	1235.0743
42	33	7912.171	1247.3881
42	34	7941.7305	1330.2268
42	35	7941.8643	1332.9493
42	36	7955.6113	1333.1466
42	37	7951.3105	1222.043
42	38	7911.837	1234.5887
42	39	7951.0845	1217.6991
42	40	7955.388	1343.9928
42	41	7950.9272	1214.5277
42	43	7963.9155	1215.5038
42	45	7964.1885	1205.7943
42	46	7963.8726	1202.9984
42	47	7951.562	1193.6318
42	51	7919.0815	1293.4747
43	1	7949.284	1315.4536
43	2	7958.4136	1258.8809
43	3	7959.7246	1268.0354
43	4	7947.3594	1215.9055
43	5	7954.1284	1267.8569
43	6	7955.757	1288.4105
43	7	7955.199	1291.2157
43	8	7955.759	1293.9349
43	10	7963.423	1269.3712
43	11	7963.717	1266.9858
43	13	7942.417	1300.2316
43	14	7955.153	1302.2833
43	15	7964.0073	1258.9746
43	16	7941.8774	1306.153
43	17	7955.61	1307.8126
43	18	7942.184	1308.709
43	19	7963.654	1253.4498
43	20	7942.028	1311.39
43	21	7941.9	1313.9797
43	22	7963.619	1247.8212
43	23	7941.447	1316.6923
43	24	7946.472	1243.6105
43	25	7941.4614	1319.2313
43	27	7955.5737	1321.974
43	30	7955.539	1327.6068
43	31	7941.3613	1327.4247
43	32	7964.1743	1235.0743
43	33	7912.171	1247.3881
43	34	7941.7305	1330.2268
43	35	7941.8643	1332.9493
43	36	7955.6113	1333.1466
43	37	7951.3105	1222.043
43	38	7911.837	1234.5887
43	39	7951.0845	1217.6991
43	41	7950.9272	1214.5277
43	43	7963.9155	1215.5038
43	45	7964.1885	1205.7943
43	46	7963.8726	1202.9984
43	47	7951.4307	1193.762
43	51	7919.0815	1293.4747
44	1	7949.2676	1316.1161
44	2	7958.4307	1259.143
44	3	7959.6997	1268.2073
44	4	7947.373	1215.8489
44	5	7954.232	1267.4266
44	6	7955.757	1288.4105
44	7	7955.199	1291.2157
44	8	7955.759	1293.9349
44	10	7963.423	1269.3712
44	11	7963.717	1266.9858
44	13	7942.417	1300.2316
44	14	7955.153	1302.2833
44	15	7964.0073	1258.9746
44	16	7941.8774	1306.153
44	17	7955.61	1307.8126
44	18	7942.184	1308.709
44	19	7963.654	1253.4498
44	20	7942.028	1311.39
44	21	7941.9	1313.9797
44	22	7963.619	1247.8212
44	23	7941.447	1316.6923
44	24	7946.471	1243.6107
44	25	7941.4614	1319.2313
44	27	7955.5737	1321.974
44	30	7955.539	1327.6068
44	31	7941.3613	1327.4247
44	32	7964.1743	1235.0743
44	33	7912.171	1247.3881
44	34	7941.7305	1330.2268
44	35	7941.8643	1332.9493
44	36	7955.6113	1333.1466
44	37	7951.3105	1222.043
44	38	7911.837	1234.5887
44	39	7951.0845	1217.6991
44	41	7950.9272	1214.5277
44	43	7963.9155	1215.5038
44	45	7964.1885	1205.7943
44	46	7963.8726	1202.9984
44	47	7951.3706	1193.8741
44	50	7964.267	1194.7332
44	51	7919.0815	1293.4747
45	1	7949.237	1316.7761
45	2	7958.4375	1259.3909
45	3	7959.6636	1268.3695
45	4	7947.3784	1215.805
45	5	7954.3257	1266.9948
45	6	7955.757	1288.4105
45	7	7955.199	1291.2157
45	8	7955.759	1293.9349
45	10	7963.423	1269.3712
45	11	7963.717	1266.9858
45	13	7942.417	1300.2316
45	14	7955.153	1302.2833
45	15	7964.0073	1258.9746
45	16	7941.8774	1306.153
45	17	7955.61	1307.8126
45	18	7942.184	1308.709
45	19	7963.654	1253.4498
45	20	7942.028	1311.39
45	21	7941.9	1313.9797
45	22	7963.619	1247.8212
45	23	7941.447	1316.6923
45	24	7946.4746	1243.6123
45	25	7941.4614	1319.2313
45	27	7955.5737	1321.974
45	30	7955.539	1327.6068
45	31	7941.3613	1327.4247
45	32	7964.1743	1235.0743
45	33	7912.171	1247.3881
45	34	7941.7305	1330.2268
45	35	7941.8643	1332.9493
45	36	7955.6113	1333.1466
45	37	7951.3105	1222.043
45	38	7911.837	1234.5887
45	39	7951.0845	1217.6991
45	41	7950.9272	1214.5277
45	43	7963.9155	1215.5038
45	45	7964.1885	1205.7943
45	46	7963.8726	1202.9984
45	47	7951.339	1193.9137
45	48	7964.1914	1192.0002
45	49	7951.7266	1191.4554
45	51	7919.0815	1293.4747
46	1	7949.231	1317.4417
46	2	7958.4395	1259.6533
46	3	7959.633	1268.5574
46	4	7947.3823	1215.7457
46	5	7954.4146	1266.5609
46	6	7955.757	1288.4105
46	7	7955.199	1291.2157
46	8	7955.759	1293.9349
46	10	7963.423	1269.3712
46	11	7963.717	1266.9858
46	13	7942.417	1300.2316
46	14	7955.153	1302.2833
46	15	7964.0073	1258.9746
46	16	7941.8774	1306.153
46	17	7955.61	1307.8126
46	18	7942.184	1308.709
46	19	7963.654	1253.4498
46	20	7942.028	1311.39
46	21	7941.9	1313.9797
46	22	7963.619	1247.8212
46	23	7941.447	1316.6923
46	24	7946.4717	1243.612
46	25	7941.4614	1319.2313
46	27	7955.5737	1321.974
46	30	7955.539	1327.6068
46	31	7941.3613	1327.4247
46	32	7964.1743	1235.0743
46	33	7912.171	1247.3881
46	34	7941.7305	1330.2268
46	35	7941.8643	1332.9493
46	36	7955.6113	1333.1466
46	37	7951.3105	1222.043
46	38	7911.837	1234.5887
46	39	7951.0845	1217.6991
46	41	7950.9272	1214.5277
46	43	7963.9155	1215.5038
46	45	7964.1885	1205.7943
46	46	7963.8726	1202.9984
46	47	7951.3022	1193.9689
46	48	7964.1914	1192.0002
46	49	7951.7266	1191.4554
46	50	7964.267	1194.7332
46	51	7919.0815	1293.4747
47	1	7949.2197	1318.0894
47	2	7958.4375	1259.9161
47	3	7959.605	1268.7374
47	4	7947.3906	1215.6963
47	5	7954.496	1266.1239
47	6	7955.757	1288.4105
47	7	7955.199	1291.2157
47	8	7955.759	1293.9349
47	10	7963.423	1269.3712
47	11	7963.717	1266.9858
47	13	7942.417	1300.2316
47	14	7955.153	1302.2833
47	15	7964.0073	1258.9746
47	16	7941.8774	1306.153
47	17	7955.61	1307.8126
47	18	7942.184	1308.709
47	19	7963.654	1253.4498
47	20	7942.028	1311.39
47	21	7941.9	1313.9797
47	22	7963.619	1247.8212
47	23	7941.447	1316.6923
47	24	7946.474	1243.6128
47	25	7941.4614	1319.2313
47	27	7955.5737	1321.974
47	30	7955.539	1327.6068
47	31	7941.3613	1327.4247
47	32	7964.1743	1235.0743
47	33	7912.171	1247.3881
47	34	7941.7305	1330.2268
47	35	7941.8643	1332.9493
47	36	7955.6113	1333.1466
47	37	7951.3105	1222.043
47	38	7911.837	1234.5887
47	39	7951.0845	1217.6991
47	41	7950.9272	1214.5277
47	43	7963.9155	1215.5038
47	45	7964.1885	1205.7943
47	46	7963.8726	1202.9984
47	47	7951.304	1193.992
47	48	7964.1914	1192.0002
47	49	7951.7266	1191.4554
47	50	7964.267	1194.7332
47	51	7919.0815	1293.4747
48	1	7949.1978	1318.7466
48	2	7958.4307	1260.1942
48	3	7959.584	1268.8999
48	4	7947.384	1215.628
48	5	7954.5684	1265.6855
48	6	7955.757	1288.4105
48	7	7955.199	1291.2157
48	8	7955.759	1293.9349
48	10	7963.423	1269.3712
48	11	7963.717	1266.9858
48	13	7942.417	1300.2316
48	14	7955.153	1302.2833
48	15	7964.0073	1258.9746
48	16	7941.8774	1306.153
48	17	7955.61	1307.8126
48	18	7942.184	1308.709
48	19	7963.654	1253.4498
48	20	7942.028	1311.39
48	21	7941.9	1313.9797
48	22	7963.619	1247.8212
48	23	7941.447	1316.6923
48	24	7946.475	1243.6172
48	25	7941.4614	1319.2313
48	27	7955.5737	1321.974
48	30	7955.539	1327.6068
48	31	7941.3613	1327.4247
48	32	7964.1743	1235.0743
48	33	7912.171	1247.3881
48	34	7941.7305	1330.2268
48	35	7941.8643	1332.9493
48	36	7955.6113	1333.1466
48	37	7951.3105	1222.043
48	38	7911.837	1234.5887
48	39	7951.0845	1217.6991
48	41	7950.9272	1214.5277
48	43	7963.9155	1215.5038
48	45	7964.1885	1205.7943
48	46	7963.8726	1202.9984
48	47	7951.331	1193.998
48	48	7964.1914	1192.0002
48	49	7951.7266	1191.4554
48	50	7964.267	1194.7332
48	51	7919.0815	1293.4747
49	1	7949.187	1319.4147
49	2	7958.414	1260.4578
49	3	7959.5654	1269.061
49	4	7947.398	1215.5609
49	5	7954.6357	1265.2462
49	6	7955.757	1288.4105
49	7	7955.199	1291.2157
49	8	7955.759	1293.9349
49	10	7963.423	1269.3712
49	11	7963.717	1266.9858
49	13	7942.417	1300.2316
49	14	7955.153	1302.2833
49	15	7964.0073	1258.9746
49	16	7941.8774	1306.153
49	17	7955.61	1307.8126
49	18	7942.184	1308.709
49	19	7963.654	1253.4498
49	20	7942.028	1311.39
49	21	7941.9	1313.9797
49	22	7963.619	1247.8212
49	23	7941.447	1316.6923
49	24	7946.4736	1243.6168
49	25	7941.4614	1319.2313
49	27	7955.5737	1321.974
49	30	7955.539	1327.6068
49	31	7941.3613	1327.4247
49	32	7964.1743	1235.0743
49	33	7912.171	1247.3881
49	34	7941.7305	1330.2268
49	35	7941.8643	1332.9493
49	36	7955.6113	1333.1466
49	37	7951.3105	1222.043
49	38	7911.837	1234.5887
49	39	7951.0845	1217.6991
49	41	7950.9272	1214.5277
49	43	7963.9155	1215.5038
49	45	7964.1885	1205.7943
49	46	7963.8726	1202.9984
49	47	7951.3438	1193.9971
49	48	7964.1914	1192.0002
49	49	7951.7266	1191.4554
49	50	7964.267	1194.7332
49	51	7919.0815	1293.4747
50	1	7949.1743	1320.0963
50	2	7958.3984	1260.7229
50	3	7959.522	1269.2739
50	4	7947.4033	1215.5083
50	5	7954.6934	1264.8044
50	6	7955.757	1288.4105
50	7	7955.199	1291.2157
50	8	7955.759	1293.9349
50	10	7963.423	1269.3712
50	11	7963.717	1266.9858
50	13	7942.417	1300.2316
50	14	7955.153	1302.2833
50	15	7964.0073	1258.9746
50	16	7941.8774	1306.153
50	17	7955.61	1307.8126
50	18	7942.184	1308.709
50	19	7963.654	1253.4498
50	20	7942.028	1311.39
50	21	7941.9	1313.9797
50	22	7963.619	1247.8212
50	23	7941.447	1316.6923
50	24	7946.4717	1243.6196
50	25	7941.4614	1319.2313
50	27	7955.5737	1321.974
50	30	7955.539	1327.6068
50	31	7941.3613	1327.4247
50	32	7964.1743	1235.0743
50	33	7912.171	1247.3881
50	34	7941.7305	1330.2268
50	35	7941.8643	1332.9493
50	36	7955.6113	1333.1466
50	37	7951.3105	1222.043
50	38	7911.837	1234.5887
50	39	7951.0845	1217.6991
50	41	7950.9272	1214.5277
50	43	7963.9155	1215.5038
50	45	7964.1885	1205.7943
50	46	7963.8726	1202.9984
50	47	7951.3296	1193.9891
50	48	7964.1914	1192.0002
50	49	7951.7266	1191.4554
50	50	7964.267	1194.7332
50	51	7919.0815	1293.4747
50	59	7954.2827	1332.5325
51	1	7949.156	1320.7789
51	2	7958.3755	1260.9841
51	3	7959.4897	1269.4551
51	4	7947.4116	1215.4448
51	5	7954.746	1264.361
51	6	7955.757	1288.4105
51	7	7955.199	1291.2157
51	8	7955.759	1293.9349
51	10	7963.423	1269.3712
51	11	7963.717	1266.9858
51	13	7942.417	1300.2316
51	14	7955.153	1302.2833
51	15	7964.0073	1258.9746
51	16	7941.8774	1306.153
51	17	7955.61	1307.8126
51	18	7942.184	1308.709
51	19	7963.654	1253.4498
51	20	7942.028	1311.39
51	21	7941.9	1313.9797
51	22	7963.619	1247.8212
51	23	7941.447	1316.6923
51	24	7946.4766	1243.617
51	25	7941.4614	1319.2313
51	27	7955.5737	1321.974
51	30	7955.539	1327.6068
51	31	7941.3613	1327.4247
51	32	7964.1743	1235.0743
51	33	7912.171	1247.3881
51	34	7941.7305	1330.2268
51	35	7941.8643	1332.9493
51	36	7955.6113	1333.1466
51	37	7951.3105	1222.043
51	38	7911.837	1234.5887
51	39	7951.0845	1217.6991
51	41	7950.9272	1214.5277
51	43	7963.9155	1215.5038
51	45	7964.1885	1205.7943
51	46	7963.8726	1202.9984
51	47	7951.3213	1193.97
51	48	7964.1914	1192.0002
51	49	7951.7266	1191.4554
51	50	7964.267	1194.7332
51	51	7919.0815	1293.4747
51	59	7954.2446	1332.5569
52	1	7949.1455	1321.4016
52	2	7958.3438	1261.2639
52	3	7959.46	1269.6273
52	4	7947.419	1215.3937
52	5	7954.797	1263.9159
52	6	7955.757	1288.4105
52	7	7955.199	1291.2157
52	8	7955.759	1293.9349
52	10	7963.423	1269.3712
52	11	7963.717	1266.9858
52	13	7942.417	1300.2316
52	14	7955.153	1302.2833
52	15	7964.0073	1258.9746
52	16	7941.8774	1306.153
52	17	7955.61	1307.8126
52	18	7942.184	1308.709
52	19	7963.654	1253.4498
52	20	7942.028	1311.39
52	21	7941.9	1313.9797
52	22	7963.619	1247.8212
52	23	7941.447	1316.6923
52	24	7946.477	1243.6178
52	25	7941.4614	1319.2313
52	27	7955.5737	1321.974
52	30	7955.539	1327.6068
52	31	7941.3613	1327.4247
52	32	7964.1743	1235.0743
52	33	7912.171	1247.3881
52	34	7941.7305	1330.2268
52	35	7941.8643	1332.9493
52	36	7955.6113	1333.1466
52	37	7951.3105	1222.043
52	38	7911.837	1234.5887
52	39	7951.0845	1217.6991
52	41	7950.9272	1214.5277
52	43	7963.9155	1215.5038
52	45	7964.1885	1205.7943
52	46	7963.8726	1202.9984
52	47	7951.321	1193.9747
52	48	7964.1914	1192.0002
52	49	7951.7266	1191.4554
52	50	7964.267	1194.7332
52	51	7919.0815	1293.4747
52	59	7954.2773	1332.5496
53	1	7949.135	1322.0706
53	2	7958.3047	1261.5479
53	3	7959.435	1269.7778
53	4	7947.433	1215.342
53	5	7954.8354	1263.4714
53	6	7955.757	1288.4105
53	7	7955.199	1291.2157
53	8	7955.759	1293.9349
53	10	7963.423	1269.3712
53	11	7963.717	1266.9858
53	13	7942.417	1300.2316
53	14	7955.153	1302.2833
53	15	7964.0073	1258.9746
53	16	7941.8774	1306.153
53	17	7955.61	1307.8126
53	18	7942.184	1308.709
53	19	7963.654	1253.4498
53	20	7942.028	1311.39
53	21	7941.9	1313.9797
53	22	7963.619	1247.8212
53	23	7941.447	1316.6923
53	24	7946.4814	1243.6182
53	25	7941.4614	1319.2313
53	27	7955.5737	1321.974
53	30	7955.539	1327.6068
53	31	7941.3613	1327.4247
53	32	7964.1743	1235.0743
53	33	7912.171	1247.3881
53	34	7941.7305	1330.2268
53	35	7941.8643	1332.9493
53	36	7955.6113	1333.1466
53	37	7951.3105	1222.043
53	38	7911.837	1234.5887
53	39	7951.0845	1217.6991
53	41	7950.9272	1214.5277
53	43	7963.9155	1215.5038
53	45	7964.1885	1205.7943
53	46	7963.8726	1202.9984
53	47	7951.3105	1193.9775
53	48	7964.1914	1192.0002
53	49	7951.7266	1191.4554
53	50	7964.267	1194.7332
53	51	7919.0815	1293.4747
53	59	7954.2754	1332.5525
54	1	7949.12	1322.7998
54	2	7958.247	1261.8539
54	3	7959.3984	1269.9442
54	4	7947.448	1215.2941
54	5	7954.8745	1263.0265
54	6	7955.757	1288.4105
54	7	7955.199	1291.2157
54	8	7955.759	1293.9349
54	10	7963.423	1269.3712
54	11	7963.717	1266.9858
54	13	7942.417	1300.2316
54	14	7955.153	1302.2833
54	15	7964.0073	1258.9746
54	16	7941.8774	1306.153
54	17	7955.61	1307.8126
54	18	7942.184	1308.709
54	19	7963.654	1253.4498
54	20	7942.028	1311.39
54	21	7941.9	1313.9797
54	22	7963.619	1247.8212
54	23	7941.447	1316.6923
54	24	7946.4805	1243.6166
54	25	7941.4614	1319.2313
54	27	7955.5737	1321.974
54	30	7955.539	1327.6068
54	31	7941.3613	1327.4247
54	32	7964.1743	1235.0743
54	33	7912.171	1247.3881
54	34	7941.7305	1330.2268
54	35	7941.8643	1332.9493
54	36	7955.6113	1333.1466
54	37	7951.3105	1222.043
54	38	7911.837	1234.5887
54	39	7951.0845	1217.6991
54	41	7950.9272	1214.5277
54	43	7963.9155	1215.5038
54	45	7964.1885	1205.7943
54	46	7963.8726	1202.9984
54	47	7951.299	1193.9818
54	48	7964.1914	1192.0002
54	49	7951.7266	1191.4554
54	50	7964.267	1194.7332
54	51	7919.0815	1293.4747
54	59	7954.297	1332.6201
55	1	7949.1406	1323.4938
55	2	7958.1904	1262.1642
55	3	7959.3457	1270.1119
55	4	7947.4717	1215.2347
55	5	7954.909	1262.5807
55	6	7955.757	1288.4105
55	7	7955.199	1291.2157
55	8	7955.759	1293.9349
55	10	7963.423	1269.3712
55	11	7963.717	1266.9858
55	13	7942.417	1300.2316
55	14	7955.153	1302.2833
55	15	7964.0073	1258.9746
55	16	7941.8774	1306.153
55	17	7955.61	1307.8126
55	18	7942.184	1308.709
55	19	7963.654	1253.4498
55	20	7942.028	1311.39
55	21	7941.9	1313.9797
55	22	7963.619	1247.8212
55	23	7941.447	1316.6923
55	24	7946.482	1243.6163
55	25	7941.4614	1319.2313
55	27	7955.5737	1321.974
55	30	7955.539	1327.6068
55	31	7941.3613	1327.4247
55	32	7964.1743	1235.0743
55	33	7912.171	1247.3881
55	34	7941.7305	1330.2268
55	35	7941.8643	1332.9493
55	36	7955.6113	1333.1466
55	37	7951.3105	1222.043
55	38	7911.837	1234.5887
55	39	7951.0845	1217.6991
55	41	7950.9272	1214.5277
55	43	7963.9155	1215.5038
55	45	7964.1885	1205.7943
55	46	7963.8726	1202.9984
55	47	7951.323	1193.9752
55	48	7964.1914	1192.0002
55	49	7951.7266	1191.4554
55	50	7964.267	1194.7332
55	51	7919.0815	1293.4747
56	1	7949.0986	1324.2527
56	2	7958.106	1262.5188
56	3	7959.3057	1270.2766
56	4	7947.478	1215.199
56	5	7954.9395	1262.1345
56	6	7955.757	1288.4105
56	7	7955.199	1291.2157
56	8	7955.759	1293.9349
56	10	7963.423	1269.3712
56	11	7963.717	1266.9858
56	13	7942.417	1300.2316
56	14	7955.153	1302.2833
56	15	7964.0073	1258.9746
56	16	7941.8774	1306.153
56	17	7955.61	1307.8126
56	18	7942.184	1308.709
56	19	7963.654	1253.4498
56	20	7942.028	1311.39
56	21	7941.9	1313.9797
56	22	7963.619	1247.8212
56	23	7941.447	1316.6923
56	24	7946.479	1243.6182
56	25	7941.4614	1319.2313
56	27	7955.5737	1321.974
56	30	7955.539	1327.6068
56	31	7941.3613	1327.4247
56	32	7964.1743	1235.0743
56	33	7912.171	1247.3881
56	34	7941.7305	1330.2268
56	35	7941.8643	1332.9493
56	36	7955.6113	1333.1466
56	37	7951.3105	1222.043
56	38	7911.837	1234.5887
56	39	7951.0845	1217.6991
56	41	7950.9272	1214.5277
56	43	7963.9155	1215.5038
56	45	7964.1885	1205.7943
56	46	7963.8726	1202.9984
56	47	7951.281	1193.9698
56	48	7964.1914	1192.0002
56	49	7951.7266	1191.4554
56	50	7964.267	1194.7332
56	51	7919.0815	1293.4747
56	59	7954.2754	1332.665
56	63	7946.2686	1214.5585
57	1	7949.097	1325.0607
57	2	7958.039	1262.8182
57	3	7959.2646	1270.4417
57	4	7947.476	1215.1453
57	5	7954.9683	1261.689
57	6	7955.757	1288.4105
57	7	7955.199	1291.2157
57	8	7955.759	1293.9349
57	10	7963.423	1269.3712
57	11	7963.717	1266.9858
57	13	7942.417	1300.2316
57	14	7955.153	1302.2833
57	15	7964.0073	1258.9746
57	16	7941.8774	1306.153
57	17	7955.61	1307.8126
57	18	7942.184	1308.709
57	19	7963.654	1253.4498
57	20	7942.028	1311.39
57	21	7941.9	1313.9797
57	22	7963.619	1247.8212
57	23	7941.447	1316.6923
57	24	7946.4785	1243.6166
57	25	7941.4614	1319.2313
57	27	7955.5737	1321.974
57	30	7955.539	1327.6068
57	31	7941.3613	1327.4247
57	32	7964.1743	1235.0743
57	33	7912.171	1247.3881
57	34	7941.7305	1330.2268
57	35	7941.8643	1332.9493
57	36	7955.6113	1333.1466
57	37	7951.3105	1222.043
57	38	7911.837	1234.5887
57	39	7951.0845	1217.6991
57	41	7950.9272	1214.5277
57	43	7963.9155	1215.5038
57	45	7964.1885	1205.7943
57	46	7963.8726	1202.9984
57	47	7951.3247	1193.9829
57	48	7964.1914	1192.0002
57	49	7951.7266	1191.4554
57	50	7964.267	1194.7332
57	51	7919.0815	1293.4747
58	1	7949.057	1325.8035
58	2	7957.933	1263.1322
58	3	7959.2227	1270.6094
58	4	7947.486	1215.1012
58	5	7954.9927	1261.2448
58	6	7955.757	1288.4105
58	7	7955.199	1291.2157
58	8	7955.759	1293.9349
58	10	7963.423	1269.3712
58	11	7963.717	1266.9858
58	13	7942.417	1300.2316
58	14	7955.153	1302.2833
58	15	7964.0073	1258.9746
58	16	7941.8774	1306.153
58	17	7955.61	1307.8126
58	18	7942.184	1308.709
58	19	7963.654	1253.4498
58	20	7942.028	1311.39
58	21	7941.9	1313.9797
58	22	7963.619	1247.8212
58	23	7941.447	1316.6923
58	24	7946.475	1243.6194
58	25	7941.4614	1319.2313
58	27	7955.5737	1321.974
58	30	7955.539	1327.6068
58	31	7941.3613	1327.4247
58	32	7964.1743	1235.0743
58	33	7912.171	1247.3881
58	34	7941.7305	1330.2268
58	35	7941.8643	1332.9493
58	36	7955.6113	1333.1466
58	37	7951.3105	1222.043
58	38	7911.837	1234.5887
58	39	7951.0845	1217.6991
58	41	7950.9272	1214.5277
58	43	7963.9155	1215.5038
58	45	7964.1885	1205.7943
58	46	7963.8726	1202.9984
58	47	7951.3184	1193.9596
58	48	7964.1914	1192.0002
58	49	7951.7266	1191.4554
58	50	7964.267	1194.7332
58	51	7919.0815	1293.4747
58	59	7954.275	1332.6289
58	63	7946.2847	1214.5828
59	1	7949.076	1326.4834
59	2	7957.8345	1263.4592
59	3	7959.1797	1270.7777
59	4	7947.475	1215.043
59	5	7955.0166	1260.799
59	6	7955.757	1288.4105
59	7	7955.199	1291.2157
59	8	7955.759	1293.9349
59	10	7963.423	1269.3712
59	11	7963.717	1266.9858
59	13	7942.417	1300.2316
59	14	7955.153	1302.2833
59	15	7964.0073	1258.9746
59	16	7941.8774	1306.153
59	17	7955.61	1307.8126
59	18	7942.184	1308.709
59	19	7963.654	1253.4498
59	20	7942.028	1311.39
59	21	7941.9	1313.9797
59	22	7963.619	1247.8212
59	23	7941.447	1316.6923
59	24	7946.4785	1243.6165
59	25	7941.4614	1319.2313
59	27	7955.5737	1321.974
59	30	7955.539	1327.6068
59	31	7941.3613	1327.4247
59	32	7964.1743	1235.0743
59	33	7912.171	1247.3881
59	34	7941.7305	1330.2268
59	35	7941.8643	1332.9493
59	36	7955.6113	1333.1466
59	37	7951.3105	1222.043
59	38	7911.837	1234.5887
59	39	7951.0845	1217.6991
59	41	7950.9272	1214.5277
59	43	7963.9155	1215.5038
59	45	7964.1885	1205.7943
59	46	7963.8726	1202.9984
59	47	7951.3325	1193.9536
59	48	7964.1914	1192.0002
59	49	7951.7266	1191.4554
59	50	7964.267	1194.7332
59	51	7919.0815	1293.4747
59	63	7946.305	1214.5961
60	1	7949.045	1327.0558
60	2	7957.756	1263.741
60	3	7959.1323	1270.9457
60	4	7947.4966	1214.9843
60	5	7955.0356	1260.351
60	6	7955.757	1288.4105
60	7	7955.199	1291.2157
60	8	7955.759	1293.9349
60	10	7963.423	1269.3712
60	11	7963.717	1266.9858
60	13	7942.417	1300.2316
60	15	7964.0073	1258.9746
60	16	7941.8774	1306.153
60	17	7955.61	1307.8126
60	18	7942.184	1308.709
60	19	7963.654	1253.4498
60	20	7942.028	1311.39
60	21	7941.9	1313.9797
60	22	7963.619	1247.8212
60	23	7941.447	1316.6923
60	24	7946.4795	1243.6174
60	25	7941.4614	1319.2313
60	30	7955.539	1327.6068
60	31	7941.3613	1327.4247
60	32	7964.1743	1235.0743
60	33	7912.171	1247.3881
60	34	7941.7305	1330.2268
60	35	7941.8643	1332.9493
60	36	7955.6113	1333.1466
60	37	7951.3105	1222.043
60	38	7911.837	1234.5887
60	39	7951.0845	1217.6991
60	41	7950.9272	1214.5277
60	43	7963.9155	1215.5038
60	45	7964.1885	1205.7943
60	46	7963.8726	1202.9984
60	47	7951.312	1193.9608
60	48	7964.1914	1192.0002
60	49	7951.7266	1191.4554
60	50	7964.267	1194.7332
60	52	7919.121	1293.5076
60	59	7954.305	1332.6355
60	63	7946.3164	1214.6027
61	1	7949.0693	1327.6724
61	2	7957.6367	1264.0886
61	3	7959.0835	1271.1254
61	4	7947.5	1214.9272
61	5	7955.056	1259.9045
61	6	7955.757	1288.4105
61	7	7955.199	1291.2157
61	8	7955.759	1293.9349
61	10	7963.423	1269.3712
61	11	7963.717	1266.9858
61	13	7942.417	1300.2316
61	15	7964.0073	1258.9746
61	16	7941.8774	1306.153
61	17	7955.61	1307.8126
61	18	7942.184	1308.709
61	19	7963.654	1253.4498
61	20	7942.028	1311.39
61	21	7941.9	1313.9797
61	22	7963.619	1247.8212
61	23	7941.447	1316.6923
61	24	7946.485	1243.6171
61	25	7941.4614	1319.2313
61	30	7955.539	1327.6068
61	31	7941.3613	1327.4247
61	32	7964.1743	1235.0743
61	33	7912.171	1247.3881
61	34	7941.7305	1330.2268
61	35	7941.8643	1332.9493
61	36	7955.6113	1333.1466
61	37	7951.3105	1222.043
61	38	7911.837	1234.5887
61	39	7951.0845	1217.6991
61	41	7950.9272	1214.5277
61	43	7963.9155	1215.5038
61	45	7964.1885	1205.7943
61	46	7963.8726	1202.9984
61	47	7951.3164	1193.9723
61	48	7964.1914	1192.0002
61	49	7951.7266	1191.4554
61	50	7964.267	1194.7332
61	52	7919.121	1293.5076
61	63	7946.315	1214.6132
62	1	7949.04	1328.5006
62	2	7957.506	1264.4493
62	3	7959.0312	1271.316
62	4	7947.5215	1214.8618
62	5	7955.074	1259.4594
62	6	7955.757	1288.4105
62	7	7955.199	1291.2157
62	8	7955.759	1293.9349
62	10	7963.423	1269.3712
62	11	7963.717	1266.9858
62	13	7942.417	1300.2316
62	15	7964.0073	1258.9746
62	16	7941.8774	1306.153
62	17	7955.61	1307.8126
62	18	7942.184	1308.709
62	19	7963.654	1253.4498
62	20	7942.028	1311.39
62	21	7941.9	1313.9797
62	22	7963.619	1247.8212
62	23	7941.447	1316.6923
62	24	7946.4814	1243.6193
62	25	7941.4614	1319.2313
62	30	7955.539	1327.6068
62	31	7941.3613	1327.4247
62	32	7964.1743	1235.0743
62	33	7912.171	1247.3881
62	34	7941.7305	1330.2268
62	35	7941.8643	1332.9493
62	36	7955.6113	1333.1466
62	37	7951.3105	1222.043
62	38	7911.837	1234.5887
62	39	7951.0845	1217.6991
62	41	7950.9272	1214.5277
62	43	7963.9155	1215.5038
62	45	7964.1885	1205.7943
62	46	7963.8726	1202.9984
62	47	7951.3325	1193.9703
62	48	7964.1914	1192.0002
62	49	7951.7266	1191.4554
62	50	7964.267	1194.7332
62	52	7919.121	1293.5076
62	59	7954.292	1332.6228
62	63	7946.3057	1214.604
62	65	7916.265	1271.0342
63	1	7949.0454	1329.0648
63	2	7957.382	1264.813
63	3	7958.9727	1271.5039
63	4	7947.537	1214.7999
63	5	7955.0894	1259.0145
63	6	7955.757	1288.4105
63	7	7955.199	1291.2157
63	8	7955.759	1293.9349
63	10	7963.423	1269.3712
63	11	7963.717	1266.9858
63	13	7942.417	1300.2316
63	15	7964.0073	1258.9746
63	16	7941.8774	1306.153
63	17	7955.61	1307.8126
63	18	7942.184	1308.709
63	19	7963.654	1253.4498
63	20	7942.028	1311.39
63	22	7963.619	1247.8212
63	23	7941.447	1316.6923
63	24	7946.4854	1243.6168
63	25	7941.4614	1319.2313
63	30	7955.539	1327.6068
63	31	7941.3613	1327.4247
63	32	7964.1743	1235.0743
63	33	7912.171	1247.3881
63	34	7941.7305	1330.2268
63	35	7941.8643	1332.9493
63	36	7955.6113	1333.1466
63	37	7951.3105	1222.043
63	38	7911.837	1234.5887
63	39	7951.0845	1217.6991
63	41	7950.9272	1214.5277
63	43	7963.9155	1215.5038
63	45	7964.1885	1205.7943
63	46	7963.8726	1202.9984
63	47	7951.3174	1193.9755
63	48	7964.1914	1192.0002
63	49	7951.7266	1191.4554
63	50	7964.267	1194.7332
63	52	7919.121	1293.5076
63	63	7946.347	1214.6079
64	1	7949.0625	1329.8545
64	2	7957.2344	1265.1952
64	3	7958.9277	1271.6705
64	4	7947.5537	1214.7533
64	5	7955.1064	1258.5693
64	6	7955.757	1288.4105
64	7	7955.199	1291.2157
64	8	7955.759	1293.9349
64	10	7963.423	1269.3712
64	11	7963.717	1266.9858
64	13	7942.417	1300.2316
64	15	7964.0073	1258.9746
64	16	7941.8774	1306.153
64	17	7955.61	1307.8126
64	18	7942.184	1308.709
64	19	7963.654	1253.4498
64	20	7942.028	1311.39
64	22	7963.619	1247.8212
64	23	7941.447	1316.6923
64	24	7946.489	1243.6176
64	25	7941.4614	1319.2313
64	30	7955.539	1327.6068
64	31	7941.3613	1327.4247
64	32	7964.1743	1235.0743
64	34	7941.7305	1330.2268
64	35	7941.8643	1332.9493
64	36	7955.6113	1333.1466
64	37	7951.3105	1222.043
64	38	7911.837	1234.5887
64	39	7951.0845	1217.6991
64	41	7950.9272	1214.5277
64	43	7963.9155	1215.5038
64	45	7964.1885	1205.7943
64	46	7963.8726	1202.9984
64	47	7951.318	1193.9604
64	48	7964.1914	1192.0002
64	49	7951.7266	1191.4554
64	50	7964.267	1194.7332
64	52	7919.121	1293.5076
65	1	7949.053	1330.5225
65	2	7957.0874	1265.5879
65	3	7958.8716	1271.8414
65	4	7947.571	1214.7095
65	5	7955.1226	1258.1239
65	6	7955.757	1288.4105
65	7	7955.199	1291.2157
65	8	7955.759	1293.9349
65	10	7963.423	1269.3712
65	11	7963.717	1266.9858
65	13	7942.417	1300.2316
65	15	7964.0073	1258.9746
65	16	7941.8774	1306.153
65	17	7955.61	1307.8126
65	18	7942.184	1308.709
65	19	7963.654	1253.4498
65	20	7942.028	1311.39
65	22	7963.619	1247.8212
65	23	7941.447	1316.6923
65	24	7946.487	1243.6166
65	25	7941.4614	1319.2313
65	30	7955.539	1327.6068
65	31	7941.3613	1327.4247
65	32	7964.1743	1235.0743
65	34	7941.7305	1330.2268
65	36	7955.6113	1333.1466
65	37	7951.3105	1222.043
65	38	7911.837	1234.5887
65	39	7951.0845	1217.6991
65	41	7950.9272	1214.5277
65	43	7963.9155	1215.5038
65	45	7964.1885	1205.7943
65	46	7963.8726	1202.9984
65	47	7951.32	1193.9698
65	48	7964.1914	1192.0002
65	49	7951.7266	1191.4554
65	50	7964.267	1194.7332
65	52	7919.121	1293.5076
66	1	7949.0337	1331.181
66	2	7956.9004	1266.0477
66	3	7958.813	1272.0208
66	4	7947.602	1214.6583
66	5	7955.137	1257.678
66	6	7955.757	1288.4105
66	7	7955.199	1291.2157
66	8	7955.759	1293.9349
66	10	7963.423	1269.3712
66	11	7963.717	1266.9858
66	13	7942.417	1300.2316
66	15	7964.0073	1258.9746
66	16	7941.8774	1306.153
66	17	7955.61	1307.8126
66	18	7942.184	1308.709
66	19	7963.654	1253.4498
66	20	7942.028	1311.39
66	22	7963.619	1247.8212
66	23	7941.447	1316.6923
66	24	7946.492	1243.6173
66	25	7941.4614	1319.2313
66	30	7955.539	1327.6068
66	31	7941.3613	1327.4247
66	32	7964.1743	1235.0743
66	34	7941.7305	1330.2268
66	36	7955.6113	1333.1466
66	37	7951.3105	1222.043
66	38	7911.837	1234.5887
66	39	7951.0845	1217.6991
66	41	7950.9272	1214.5277
66	43	7963.9155	1215.5038
66	45	7964.1885	1205.7943
66	46	7963.8726	1202.9984
66	47	7951.337	1193.9828
66	48	7964.1914	1192.0002
66	49	7951.7266	1191.4554
66	50	7964.267	1194.7332
66	52	7919.121	1293.5076
66	65	7916.3867	1271.6449
67	1	7949.0483	1331.8335
67	2	7956.702	1266.5063
67	3	7958.74	1272.2253
67	4	7947.6274	1214.5903
67	5	7955.1514	1257.2317
67	6	7955.757	1288.4105
67	7	7955.199	1291.2157
67	8	7955.759	1293.9349
67	10	7963.423	1269.3712
67	11	7963.717	1266.9858
67	13	7942.417	1300.2316
67	15	7964.0073	1258.9746
67	16	7941.8774	1306.153
67	17	7955.61	1307.8126
67	18	7942.184	1308.709
67	19	7963.654	1253.4498
67	20	7942.028	1311.39
67	22	7963.619	1247.8212
67	23	7941.447	1316.6923
67	24	7946.494	1243.6193
67	25	7941.4614	1319.2313
67	30	7955.539	1327.6068
67	31	7941.3613	1327.4247
67	32	7964.1743	1235.0743
67	34	7941.7305	1330.2268
67	37	7951.3105	1222.043
67	38	7911.837	1234.5887
67	39	7951.0845	1217.6991
67	41	7950.9272	1214.5277
67	43	7963.9155	1215.5038
67	45	7964.1885	1205.7943
67	46	7963.8726	1202.9984
67	47	7951.308	1193.9823
67	48	7964.1914	1192.0002
67	49	7951.7266	1191.4554
67	50	7964.267	1194.7332
67	52	7919.121	1293.5076
67	65	7916.4165	1271.8035
68	1	7949.075	1332.4746
68	2	7956.518	1266.9716
68	3	7958.674	1272.4031
68	4	7947.6504	1214.5579
68	5	7955.1655	1256.7858
68	6	7955.757	1288.4105
68	7	7955.199	1291.2157
68	8	7955.759	1293.9349
68	10	7963.423	1269.3712
68	11	7963.717	1266.9858
68	13	7942.417	1300.2316
68	15	7964.0073	1258.9746
68	16	7941.8774	1306.153
68	17	7955.61	1307.8126
68	18	7942.184	1308.709
68	19	7963.654	1253.4498
68	20	7942.028	1311.39
68	22	7963.619	1247.8212
68	23	7941.447	1316.6923
68	24	7946.497	1243.6191
68	25	7941.4614	1319.2313
68	30	7955.539	1327.6068
68	31	7941.3613	1327.4247
68	32	7964.1743	1235.0743
68	34	7941.7305	1330.2268
68	37	7951.3105	1222.043
68	39	7951.0845	1217.6991
68	41	7950.9272	1214.5277
68	43	7963.9155	1215.5038
68	45	7964.1885	1205.7943
68	46	7963.8726	1202.9984
68	47	7951.314	1193.9708
68	48	7964.1914	1192.0002
68	49	7951.7266	1191.4554
68	50	7964.267	1194.7332
68	52	7919.121	1293.5076
68	65	7916.4966	1272.028
69	1	7949.1196	1332.722
69	2	7956.309	1267.4626
69	3	7958.629	1272.5537
69	4	7947.6396	1214.5465
69	5	7955.18	1256.3384
69	6	7955.757	1288.4105
69	7	7955.199	1291.2157
69	8	7955.759	1293.9349
69	10	7963.423	1269.3712
69	11	7963.717	1266.9858
69	13	7942.417	1300.2316
69	15	7964.0073	1258.9746
69	16	7941.8774	1306.153
69	17	7955.61	1307.8126
69	18	7942.184	1308.709
69	19	7963.654	1253.4498
69	20	7942.028	1311.39
69	22	7963.619	1247.8212
69	23	7941.447	1316.6923
69	24	7946.5015	1243.6207
69	25	7941.4614	1319.2313
69	30	7955.539	1327.6068
69	31	7941.3613	1327.4247
69	32	7964.1743	1235.0743
69	34	7941.7305	1330.2268
69	37	7951.3105	1222.043
69	39	7951.0845	1217.6991
69	41	7950.9272	1214.5277
69	43	7963.9155	1215.5038
69	45	7964.1885	1205.7943
69	46	7963.8726	1202.9984
69	47	7951.297	1193.9829
69	48	7964.1914	1192.0002
69	49	7951.7266	1191.4554
69	50	7964.267	1194.7332
69	52	7919.121	1293.5076
69	53	7951.6	1188.4032
69	65	7916.5605	1272.1461
70	2	7956.096	1267.9739
70	3	7958.578	1272.7076
70	4	7947.656	1214.4967
70	5	7955.1934	1255.8903
70	6	7955.757	1288.4105
70	7	7955.199	1291.2157
70	8	7955.759	1293.9349
70	10	7963.423	1269.3712
70	11	7963.717	1266.9858
70	13	7942.417	1300.2316
70	15	7964.0073	1258.9746
70	16	7941.8774	1306.153
70	17	7955.61	1307.8126
70	18	7942.184	1308.709
70	19	7963.654	1253.4498
70	20	7942.028	1311.39
70	22	7963.619	1247.8212
70	23	7941.447	1316.6923
70	24	7946.4976	1243.617
70	25	7941.4614	1319.2313
70	30	7955.539	1327.6068
70	31	7941.3613	1327.4247
70	32	7964.1743	1235.0743
70	34	7941.7305	1330.2268
70	37	7951.3105	1222.043
70	38	7911.837	1234.5887
70	39	7951.0845	1217.6991
70	41	7950.9272	1214.5277
70	43	7963.9155	1215.5038
70	45	7964.1885	1205.7943
70	46	7963.8726	1202.9984
70	47	7951.303	1193.9763
70	48	7964.1914	1192.0002
70	49	7951.7266	1191.4554
70	50	7964.267	1194.7332
70	52	7919.121	1293.5076
70	53	7951.6	1188.4032
70	65	7916.5684	1272.2457
71	2	7955.8755	1268.4713
71	3	7958.5264	1272.8782
71	4	7947.672	1214.4446
71	5	7955.2075	1255.4418
71	6	7955.757	1288.4105
71	7	7955.199	1291.2157
71	8	7955.759	1293.9349
71	10	7963.423	1269.3712
71	11	7963.717	1266.9858
71	13	7942.417	1300.2316
71	15	7964.0073	1258.9746
71	16	7941.8774	1306.153
71	17	7955.61	1307.8126
71	18	7942.184	1308.709
71	19	7963.654	1253.4498
71	20	7942.028	1311.39
71	22	7963.619	1247.8212
71	23	7941.447	1316.6923
71	24	7946.5005	1243.6193
71	25	7941.4614	1319.2313
71	30	7955.539	1327.6068
71	31	7941.3613	1327.4247
71	32	7964.1743	1235.0743
71	37	7951.3105	1222.043
71	39	7951.0845	1217.6991
71	41	7950.9272	1214.5277
71	43	7963.9155	1215.5038
71	45	7964.1885	1205.7943
71	46	7963.8726	1202.9984
71	47	7951.315	1193.9829
71	48	7964.1914	1192.0002
71	49	7951.7266	1191.4554
71	50	7964.267	1194.7332
71	52	7919.121	1293.5076
71	53	7951.6	1188.4032
71	55	7964.2197	1197.596
71	57	7911.8286	1266.4453
72	2	7955.66	1268.9958
72	3	7958.471	1273.0354
72	4	7947.7114	1214.3844
72	5	7955.2217	1254.9923
72	6	7955.757	1288.4105
72	7	7955.199	1291.2157
72	8	7955.759	1293.9349
72	10	7963.423	1269.3712
72	11	7963.717	1266.9858
72	13	7942.417	1300.2316
72	15	7964.0073	1258.9746
72	16	7941.8774	1306.153
72	17	7955.61	1307.8126
72	18	7942.184	1308.709
72	19	7963.654	1253.4498
72	20	7942.028	1311.39
72	22	7963.619	1247.8212
72	23	7941.447	1316.6923
72	24	7946.499	1243.6171
72	25	7941.4614	1319.2313
72	30	7955.539	1327.6068
72	31	7941.3613	1327.4247
72	32	7964.1743	1235.0743
72	37	7951.3105	1222.043
72	39	7951.0845	1217.6991
72	41	7950.9272	1214.5277
72	43	7963.9155	1215.5038
72	45	7964.1885	1205.7943
72	46	7963.8726	1202.9984
72	47	7951.3125	1193.9813
72	48	7964.1914	1192.0002
72	49	7951.7266	1191.4554
72	50	7964.267	1194.7332
72	52	7919.121	1293.5076
72	53	7951.6	1188.4032
72	55	7964.2197	1197.596
72	56	7911.94	1268.8933
72	57	7911.8286	1266.4453
72	60	7919.3765	1267.9602
73	2	7955.4336	1269.527
73	3	7958.4014	1273.2189
73	4	7947.751	1214.3354
73	5	7955.236	1254.543
73	6	7955.757	1288.4105
73	7	7955.199	1291.2157
73	8	7955.759	1293.9349
73	10	7963.423	1269.3712
73	11	7963.717	1266.9858
73	13	7942.417	1300.2316
73	15	7964.0073	1258.9746
73	16	7941.8774	1306.153
73	17	7955.61	1307.8126
73	18	7942.184	1308.709
73	19	7963.654	1253.4498
73	20	7942.028	1311.39
73	22	7963.619	1247.8212
73	23	7941.447	1316.6923
73	24	7946.502	1243.618
73	25	7941.4614	1319.2313
73	30	7955.539	1327.6068
73	31	7941.3613	1327.4247
73	32	7964.1743	1235.0743
73	37	7951.3105	1222.043
73	39	7951.0845	1217.6991
73	41	7950.9272	1214.5277
73	43	7963.9155	1215.5038
73	45	7964.1885	1205.7943
73	46	7963.8726	1202.9984
73	47	7951.2993	1193.9769
73	48	7964.1914	1192.0002
73	49	7951.7266	1191.4554
73	50	7964.267	1194.7332
73	52	7919.121	1293.5076
73	53	7951.6	1188.4032
73	55	7964.2197	1197.596
73	56	7911.94	1268.8933
73	57	7911.8286	1266.4453
73	60	7919.932	1269.1411
74	2	7955.192	1270.0763
74	3	7958.341	1273.372
74	4	7947.773	1214.2943
74	5	7955.25	1254.0941
74	6	7955.757	1288.4105
74	7	7955.199	1291.2157
74	8	7955.759	1293.9349
74	10	7963.423	1269.3712
74	11	7963.717	1266.9858
74	13	7942.417	1300.2316
74	15	7964.0073	1258.9746
74	16	7941.8774	1306.153
74	17	7955.61	1307.8126
74	18	7942.184	1308.709
74	19	7963.654	1253.4498
74	20	7942.028	1311.39
74	22	7963.619	1247.8212
74	23	7941.447	1316.6923
74	24	7946.5005	1243.612
74	25	7941.4614	1319.2313
74	30	7955.539	1327.6068
74	31	7941.3613	1327.4247
74	32	7964.1743	1235.0743
74	37	7951.3105	1222.043
74	39	7951.0845	1217.6991
74	41	7950.9272	1214.5277
74	43	7963.9155	1215.5038
74	45	7964.1885	1205.7943
74	46	7963.8726	1202.9984
74	47	7951.295	1193.995
74	48	7964.1914	1192.0002
74	49	7951.7266	1191.4554
74	50	7964.267	1194.7332
74	52	7919.121	1293.5076
74	53	7951.6	1188.4032
74	55	7964.2197	1197.596
74	56	7911.94	1268.8933
74	57	7911.8286	1266.4453
74	60	7920.0894	1269.6813
75	2	7954.949	1270.6396
75	3	7958.27	1273.555
75	4	7947.802	1214.2548
75	5	7955.2627	1253.6454
75	6	7955.757	1288.4105
75	7	7955.199	1291.2157
75	8	7955.759	1293.9349
75	10	7963.423	1269.3712
75	11	7963.717	1266.9858
75	13	7942.417	1300.2316
75	15	7964.0073	1258.9746
75	16	7941.8774	1306.153
75	17	7955.61	1307.8126
75	18	7942.184	1308.709
75	19	7963.654	1253.4498
75	20	7942.028	1311.39
75	22	7963.619	1247.8212
75	24	7946.505	1243.6134
75	25	7941.4614	1319.2313
75	30	7955.539	1327.6068
75	31	7941.3613	1327.4247
75	32	7964.1743	1235.0743
75	37	7951.3105	1222.043
75	39	7951.0845	1217.6991
75	41	7950.9272	1214.5277
75	43	7963.9155	1215.5038
75	45	7964.1885	1205.7943
75	46	7963.8726	1202.9984
75	47	7951.3022	1193.9834
75	48	7964.1914	1192.0002
75	49	7951.7266	1191.4554
75	50	7964.267	1194.7332
75	52	7919.121	1293.5076
75	53	7951.6	1188.4032
75	55	7964.2197	1197.596
75	56	7911.94	1268.8933
75	60	7920.4517	1270.3922
76	2	7954.7153	1271.2087
76	3	7958.1978	1273.732
76	4	7947.8384	1214.222
76	5	7955.276	1253.1974
76	6	7955.757	1288.4105
76	8	7955.759	1293.9349
76	10	7963.423	1269.3712
76	11	7963.717	1266.9858
76	13	7942.417	1300.2316
76	15	7964.0073	1258.9746
76	16	7941.8774	1306.153
76	17	7955.61	1307.8126
76	18	7942.184	1308.709
76	19	7963.654	1253.4498
76	20	7942.028	1311.39
76	22	7963.619	1247.8212
76	24	7946.504	1243.6149
76	25	7941.4614	1319.2313
76	30	7955.539	1327.6068
76	31	7941.3613	1327.4247
76	32	7964.1743	1235.0743
76	37	7951.3105	1222.043
76	39	7951.0845	1217.6991
76	41	7950.9272	1214.5277
76	43	7963.9155	1215.5038
76	45	7964.1885	1205.7943
76	46	7963.8726	1202.9984
76	47	7951.2925	1193.9857
76	48	7964.1914	1192.0002
76	49	7951.7266	1191.4554
76	50	7964.267	1194.7332
76	52	7919.121	1293.5076
76	53	7951.6	1188.4032
76	55	7964.2197	1197.596
76	56	7911.94	1268.8933
76	60	7920.689	1271.0117
77	2	7954.455	1271.814
77	3	7958.1367	1273.8904
77	4	7947.8916	1214.1765
77	5	7955.291	1252.7501
77	6	7955.757	1288.4105
77	8	7955.759	1293.9349
77	10	7963.423	1269.3712
77	11	7963.717	1266.9858
77	13	7942.417	1300.2316
77	15	7964.0073	1258.9746
77	16	7941.8774	1306.153
77	17	7955.61	1307.8126
77	18	7942.184	1308.709
77	19	7963.654	1253.4498
77	20	7942.028	1311.39
77	22	7963.619	1247.8212
77	24	7946.503	1243.611
77	25	7941.4614	1319.2313
77	30	7955.539	1327.6068
77	32	7964.1743	1235.0743
77	37	7951.3105	1222.043
77	39	7951.0845	1217.6991
77	41	7950.9272	1214.5277
77	43	7963.9155	1215.5038
77	45	7964.1885	1205.7943
77	46	7963.8726	1202.9984
77	47	7951.2983	1193.9808
77	48	7964.1914	1192.0002
77	49	7951.7266	1191.4554
77	50	7964.267	1194.7332
77	52	7919.121	1293.5076
77	53	7951.6	1188.4032
77	55	7964.2197	1197.596
77	56	7911.94	1268.8933
77	58	7950.9097	1207.834
77	60	7920.9395	1271.6287
78	2	7954.2	1272.4186
78	3	7958.0713	1274.0546
78	4	7947.933	1214.1234
78	5	7955.3037	1252.3033
78	6	7955.757	1288.4105
78	8	7955.759	1293.9349
78	10	7963.423	1269.3712
78	11	7963.717	1266.9858
78	13	7942.417	1300.2316
78	15	7964.0073	1258.9746
78	16	7941.8774	1306.153
78	17	7955.61	1307.8126
78	18	7942.184	1308.709
78	19	7963.654	1253.4498
78	20	7942.028	1311.39
78	22	7963.619	1247.8212
78	24	7946.5034	1243.6058
78	25	7941.4614	1319.2313
78	30	7955.539	1327.6068
78	32	7964.1743	1235.0743
78	37	7951.3105	1222.043
78	39	7951.0845	1217.6991
78	41	7950.9272	1214.5277
78	43	7963.9155	1215.5038
78	45	7964.1885	1205.7943
78	46	7963.8726	1202.9984
78	47	7951.302	1193.976
78	48	7964.1914	1192.0002
78	49	7951.7266	1191.4554
78	50	7964.267	1194.7332
78	52	7919.121	1293.5076
78	53	7951.6	1188.4032
78	55	7964.2197	1197.596
78	56	7911.94	1268.8933
78	60	7921.1616	1272.2454
79	2	7953.9185	1273.0763
79	3	7957.999	1274.2212
79	4	7947.9634	1214.0703
79	5	7955.3184	1251.8573
79	6	7955.757	1288.4105
79	8	7955.759	1293.9349
79	10	7963.423	1269.3712
79	11	7963.717	1266.9858
79	13	7942.417	1300.2316
79	15	7964.0073	1258.9746
79	16	7941.8774	1306.153
79	17	7955.61	1307.8126
79	18	7942.184	1308.709
79	19	7963.654	1253.4498
79	20	7942.028	1311.39
79	22	7963.619	1247.8212
79	24	7946.5093	1243.6104
79	25	7941.4614	1319.2313
79	30	7955.539	1327.6068
79	32	7964.1743	1235.0743
79	37	7951.3105	1222.043
79	39	7951.0845	1217.6991
79	41	7950.9272	1214.5277
79	43	7963.9155	1215.5038
79	45	7964.1885	1205.7943
79	46	7963.8726	1202.9984
79	47	7951.3047	1193.9785
79	48	7964.1914	1192.0002
79	49	7951.7266	1191.4554
79	50	7964.267	1194.7332
79	52	7919.121	1293.5076
79	53	7951.6	1188.4032
79	55	7964.2197	1197.596
79	56	7911.94	1268.8933
79	57	7911.8286	1266.4453
79	60	7921.4434	1272.96
80	2	7953.665	1273.7097
80	3	7957.9194	1274.3993
80	4	7947.9736	1214.0488
80	5	7955.332	1251.4125
80	6	7955.757	1288.4105
80	8	7955.759	1293.9349
80	10	7963.423	1269.3712
80	11	7963.717	1266.9858
80	13	7942.417	1300.2316
80	15	7964.0073	1258.9746
80	16	7941.8774	1306.153
80	17	7955.61	1307.8126
80	18	7942.184	1308.709
80	19	7963.654	1253.4498
80	20	7942.028	1311.39
80	22	7963.619	1247.8212
80	24	7946.5103	1243.6053
80	25	7941.4614	1319.2313
80	32	7964.1743	1235.0743
80	37	7951.3105	1222.043
80	39	7951.0845	1217.6991
80	41	7950.9272	1214.5277
80	43	7963.9155	1215.5038
80	45	7964.1885	1205.7943
80	46	7963.8726	1202.9984
80	47	7951.281	1193.986
80	48	7964.1914	1192.0002
80	49	7951.7266	1191.4554
80	50	7964.267	1194.7332
80	52	7919.121	1293.5076
80	53	7951.6	1188.4032
80	55	7964.2197	1197.596
80	56	7911.94	1268.8933
80	57	7911.8286	1266.4453
80	58	7950.9097	1207.834
81	2	7953.4126	1274.3408
81	3	7957.839	1274.5753
81	4	7947.9907	1214.0048
81	5	7955.3457	1250.9677
81	6	7955.757	1288.4105
81	8	7955.759	1293.9349
81	10	7963.423	1269.3712
81	11	7963.717	1266.9858
81	13	7942.417	1300.2316
81	15	7964.0073	1258.9746
81	16	7941.8774	1306.153
81	17	7955.61	1307.8126
81	18	7942.184	1308.709
81	19	7963.654	1253.4498
81	20	7942.028	1311.39
81	22	7963.619	1247.8212
81	24	7946.5083	1243.5966
81	25	7941.4614	1319.2313
81	32	7964.1743	1235.0743
81	37	7951.3105	1222.043
81	39	7951.0845	1217.6991
81	41	7950.9272	1214.5277
81	43	7963.9155	1215.5038
81	45	7964.1885	1205.7943
81	46	7963.8726	1202.9984
81	47	7951.301	1193.9712
81	48	7964.1914	1192.0002
81	49	7951.7266	1191.4554
81	50	7964.267	1194.7332
81	52	7919.121	1293.5076
81	53	7951.6	1188.4032
81	55	7964.2197	1197.596
81	56	7911.94	1268.8933
81	57	7911.8286	1266.4453
82	2	7953.1685	1274.9786
82	3	7957.7695	1274.7384
82	4	7948.016	1213.9657
82	5	7955.36	1250.5228
82	6	7955.757	1288.4105
82	8	7955.759	1293.9349
82	10	7963.423	1269.3712
82	11	7963.717	1266.9858
82	13	7942.417	1300.2316
82	15	7964.0073	1258.9746
82	16	7941.8774	1306.153
82	17	7955.61	1307.8126
82	18	7942.184	1308.709
82	19	7963.654	1253.4498
82	20	7942.028	1311.39
82	22	7963.619	1247.8212
82	24	7946.511	1243.5963
82	25	7941.4614	1319.2313
82	32	7964.1743	1235.0743
82	37	7951.3105	1222.043
82	39	7951.0845	1217.6991
82	41	7950.9272	1214.5277
82	43	7963.9155	1215.5038
82	45	7964.1885	1205.7943
82	46	7963.8726	1202.9984
82	47	7951.313	1193.9781
82	48	7964.1914	1192.0002
82	49	7951.7266	1191.4554
82	50	7964.267	1194.7332
82	52	7919.121	1293.5076
82	53	7951.6	1188.4032
82	55	7964.2197	1197.596
82	56	7911.94	1268.8933
82	57	7911.8286	1266.4453
82	58	7950.9097	1207.834
83	2	7952.9443	1275.6005
83	3	7957.694	1274.8978
83	4	7948.0586	1213.9232
83	5	7955.3745	1250.0803
83	6	7955.757	1288.4105
83	8	7955.759	1293.9349
83	10	7963.423	1269.3712
83	11	7963.717	1266.9858
83	13	7942.417	1300.2316
83	15	7964.0073	1258.9746
83	16	7941.8774	1306.153
83	17	7955.61	1307.8126
83	18	7942.184	1308.709
83	19	7963.654	1253.4498
83	20	7942.028	1311.39
83	22	7963.619	1247.8212
83	24	7946.5156	1243.5945
83	25	7941.4614	1319.2313
83	32	7964.1743	1235.0743
83	37	7951.3105	1222.043
83	39	7951.0845	1217.6991
83	41	7950.9272	1214.5277
83	43	7963.9155	1215.5038
83	45	7964.1885	1205.7943
83	46	7963.8726	1202.9984
83	47	7951.3145	1193.9814
83	48	7964.1914	1192.0002
83	49	7951.7266	1191.4554
83	50	7964.267	1194.7332
83	52	7919.121	1293.5076
83	53	7951.6	1188.4032
83	55	7964.2197	1197.596
83	56	7911.94	1268.8933
83	57	7911.8286	1266.4453
83	58	7950.9097	1207.834
84	2	7952.704	1276.2666
84	3	7957.616	1275.0573
84	4	7948.0967	1213.88
84	5	7955.388	1249.6376
84	6	7955.757	1288.4105
84	8	7955.759	1293.9349
84	10	7963.423	1269.3712
84	11	7963.717	1266.9858
84	13	7942.417	1300.2316
84	15	7964.0073	1258.9746
84	16	7941.8774	1306.153
84	17	7955.61	1307.8126
84	18	7942.184	1308.709
84	19	7963.654	1253.4498
84	20	7942.028	1311.39
84	22	7963.619	1247.8212
84	24	7946.512	1243.5963
84	25	7941.4614	1319.2313
84	32	7964.1743	1235.0743
84	37	7951.3105	1222.043
84	39	7951.0845	1217.6991
84	41	7950.9272	1214.5277
84	43	7963.9155	1215.5038
84	45	7964.1885	1205.7943
84	46	7963.8726	1202.9984
84	47	7951.302	1193.9904
84	48	7964.1914	1192.0002
84	49	7951.7266	1191.4554
84	50	7964.267	1194.7332
84	52	7919.121	1293.5076
84	53	7951.6	1188.4032
84	55	7964.2197	1197.596
84	56	7911.94	1268.8933
84	57	7911.8286	1266.4453
84	58	7950.9097	1207.834
84	62	7955.106	1291.1449
85	2	7952.479	1276.9089
85	3	7957.5317	1275.2288
85	4	7948.1245	1213.8414
85	5	7955.403	1249.195
85	6	7955.757	1288.4105
85	8	7955.759	1293.9349
85	10	7963.423	1269.3712
85	11	7963.717	1266.9858
85	13	7942.417	1300.2316
85	15	7964.0073	1258.9746
85	16	7941.8774	1306.153
85	17	7955.61	1307.8126
85	18	7942.184	1308.709
85	19	7963.654	1253.4498
85	20	7942.028	1311.39
85	22	7963.619	1247.8212
85	24	7946.5156	1243.5873
85	25	7941.4614	1319.2313
85	32	7964.1743	1235.0743
85	37	7951.3105	1222.043
85	39	7951.0845	1217.6991
85	41	7950.9272	1214.5277
85	43	7963.9155	1215.5038
85	45	7964.1885	1205.7943
85	46	7963.8726	1202.9984
85	47	7951.339	1193.9852
85	48	7964.1914	1192.0002
85	49	7951.7266	1191.4554
85	50	7964.267	1194.7332
85	52	7919.121	1293.5076
85	53	7951.6	1188.4032
85	55	7964.2197	1197.596
85	56	7911.94	1268.8933
85	58	7950.9097	1207.834
85	62	7955.106	1291.1449
86	2	7952.2666	1277.5566
86	3	7957.439	1275.4009
86	4	7948.1436	1213.7957
86	5	7955.4165	1248.7533
86	6	7955.757	1288.4105
86	8	7955.759	1293.9349
86	10	7963.423	1269.3712
86	11	7963.717	1266.9858
86	13	7942.417	1300.2316
86	15	7964.0073	1258.9746
86	16	7941.8774	1306.153
86	17	7955.61	1307.8126
86	18	7942.184	1308.709
86	19	7963.654	1253.4498
86	20	7942.028	1311.39
86	22	7963.619	1247.8212
86	24	7946.503	1243.5833
86	25	7941.4614	1319.2313
86	32	7964.1743	1235.0743
86	37	7951.3105	1222.043
86	39	7951.0845	1217.6991
86	41	7950.9272	1214.5277
86	43	7963.9155	1215.5038
86	45	7964.1885	1205.7943
86	46	7963.8726	1202.9984
86	47	7951.331	1193.9811
86	48	7964.1914	1192.0002
86	49	7951.7266	1191.4554
86	50	7964.267	1194.7332
86	52	7919.121	1293.5076
86	53	7951.6	1188.4032
86	55	7964.2197	1197.596
86	56	7911.94	1268.8933
86	58	7950.9097	1207.834
86	62	7955.106	1291.1449
87	2	7952.066	1278.2006
87	3	7957.3564	1275.5736
87	4	7948.1665	1213.7664
87	5	7955.431	1248.3124
87	6	7955.757	1288.4105
87	8	7955.759	1293.9349
87	10	7963.423	1269.3712
87	11	7963.717	1266.9858
87	13	7942.417	1300.2316
87	15	7964.0073	1258.9746
87	16	7941.8774	1306.153
87	17	7955.61	1307.8126
87	18	7942.184	1308.709
87	19	7963.654	1253.4498
87	20	7942.028	1311.39
87	22	7963.619	1247.8212
87	24	7946.532	1243.5676
87	25	7941.4614	1319.2313
87	32	7964.1743	1235.0743
87	37	7951.3105	1222.043
87	39	7951.0845	1217.6991
87	41	7950.9272	1214.5277
87	43	7963.9155	1215.5038
87	45	7964.1885	1205.7943
87	46	7963.8726	1202.9984
87	47	7951.318	1193.9786
87	48	7964.1914	1192.0002
87	49	7951.7266	1191.4554
87	50	7964.267	1194.7332
87	52	7919.121	1293.5076
87	53	7951.6	1188.4032
87	55	7964.2197	1197.596
87	56	7911.94	1268.8933
87	57	7911.8286	1266.4453
87	58	7950.9097	1207.834
87	62	7955.106	1291.1449
88	2	7951.8643	1278.8824
88	3	7957.2827	1275.7284
88	4	7948.185	1213.7306
88	5	7955.4453	1247.8726
88	6	7955.757	1288.4105
88	8	7955.759	1293.9349
88	10	7963.423	1269.3712
88	11	7963.717	1266.9858
88	13	7942.417	1300.2316
88	15	7964.0073	1258.9746
88	16	7941.8774	1306.153
88	17	7955.61	1307.8126
88	18	7942.184	1308.709
88	19	7963.654	1253.4498
88	20	7942.028	1311.39
88	22	7963.619	1247.8212
88	24	7946.5044	1243.5771
88	25	7941.4614	1319.2313
88	32	7964.1743	1235.0743
88	37	7951.3105	1222.043
88	39	7951.0845	1217.6991
88	41	7950.9272	1214.5277
88	43	7963.9155	1215.5038
88	45	7964.1885	1205.7943
88	46	7963.8726	1202.9984
88	47	7951.3325	1193.9904
88	48	7964.1914	1192.0002
88	49	7951.7266	1191.4554
88	50	7964.267	1194.7332
88	52	7919.121	1293.5076
88	53	7951.6	1188.4032
88	55	7964.2197	1197.596
88	56	7911.94	1268.8933
88	57	7911.8286	1266.4453
88	58	7950.9097	1207.834
88	62	7955.106	1291.1449
89	2	7951.671	1279.5668
89	3	7957.202	1275.8824
89	4	7948.216	1213.6816
89	5	7955.4595	1247.434
89	6	7955.757	1288.4105
89	8	7955.759	1293.9349
89	10	7963.423	1269.3712
89	11	7963.717	1266.9858
89	13	7942.417	1300.2316
89	15	7964.0073	1258.9746
89	16	7941.8774	1306.153
89	17	7955.61	1307.8126
89	18	7942.184	1308.709
89	19	7963.654	1253.4498
89	20	7942.028	1311.39
89	22	7963.619	1247.8212
89	24	7946.5137	1243.5691
89	25	7941.4614	1319.2313
89	32	7964.1743	1235.0743
89	37	7951.3105	1222.043
89	39	7951.0845	1217.6991
89	41	7950.9272	1214.5277
89	43	7963.9155	1215.5038
89	45	7964.1885	1205.7943
89	46	7963.8726	1202.9984
89	47	7951.3555	1193.9851
89	48	7964.1914	1192.0002
89	49	7951.7266	1191.4554
89	50	7964.267	1194.7332
89	52	7919.121	1293.5076
89	53	7951.6	1188.4032
89	55	7964.2197	1197.596
89	56	7911.94	1268.8933
89	57	7911.8286	1266.4453
89	58	7950.9097	1207.834
89	62	7955.106	1291.1449
90	2	7951.4854	1280.2164
90	3	7957.1157	1276.0526
90	4	7948.2637	1213.6406
90	5	7955.475	1246.996
90	6	7955.757	1288.4105
90	8	7955.759	1293.9349
90	10	7963.423	1269.3712
90	11	7963.717	1266.9858
90	13	7942.417	1300.2316
90	15	7964.0073	1258.9746
90	16	7941.8774	1306.153
90	17	7955.61	1307.8126
90	18	7942.184	1308.709
90	19	7963.654	1253.4498
90	20	7942.028	1311.39
90	22	7963.619	1247.8212
90	24	7946.5093	1243.562
90	25	7941.4614	1319.2313
90	32	7964.1743	1235.0743
90	37	7951.3105	1222.043
90	39	7951.0845	1217.6991
90	41	7950.9272	1214.5277
90	43	7963.9155	1215.5038
90	45	7964.1885	1205.7943
90	46	7963.8726	1202.9984
90	47	7951.3315	1193.9999
90	48	7964.1914	1192.0002
90	49	7951.7266	1191.4554
90	50	7964.267	1194.7332
90	52	7919.121	1293.5076
90	53	7951.6	1188.4032
90	55	7964.2197	1197.596
90	56	7911.94	1268.8933
90	57	7911.8286	1266.4453
90	58	7950.9097	1207.834
90	62	7955.106	1291.1449
