0	1	-2769.127	1271.8907
0	2	-2813.2407	1268.3843
0	3	-2745.3708	1269.1694
0	4	-2749.4397	1299.3038
0	5	-2748.0059	1301.7695
0	6	-2735.6633	1295.8567
0	7	-2746.1423	1303.8533
0	9	-2745.2048	1306.0153
0	11	-2750.8354	1241.2787
0	12	-2743.0857	1308.3922
0	13	-2753.2634	1311.3234
0	14	-2741.8142	1311.0997
0	15	-2789.6533	1302.3054
0	16	-2789.5361	1304.0962
0	17	-2804.2595	1272.5066
0	23	-2705.108	1210.7928
0	24	-2734.2852	1298.1666
1	1	-2770.0586	1272.5083
1	2	-2813.2346	1268.3883
1	3	-2746.31	1269.7808
1	4	-2749.4397	1299.3038
1	5	-2748.0059	1301.7695
1	6	-2735.6633	1295.8567
1	7	-2746.1423	1303.8533
1	9	-2745.2048	1306.0153
1	11	-2750.8354	1241.2787
1	12	-2743.0857	1308.3922
1	13	-2753.2634	1311.3234
1	14	-2741.8142	1311.0997
1	15	-2789.6533	1302.3054
1	16	-2789.5208	1304.0862
1	17	-2804.2761	1272.5078
1	23	-2705.108	1210.7928
1	24	-2734.2852	1298.1666
2	1	-2770.9717	1273.1084
2	2	-2813.2332	1268.3885
2	3	-2747.2378	1270.3832
2	4	-2749.4397	1299.3038
2	5	-2748.0059	1301.7695
2	6	-2735.6633	1295.8567
2	7	-2746.1423	1303.8533
2	9	-2745.2048	1306.0153
2	11	-2750.8354	1241.2787
2	12	-2743.0857	1308.3922
2	13	-2753.2634	1311.3234
2	14	-2741.8142	1311.0997
2	15	-2789.6533	1302.3054
2	16	-2789.5154	1304.0768
2	17	-2804.3013	1272.509
2	23	-2705.108	1210.7928
2	24	-2734.2852	1298.1666
3	1	-2771.856	1273.7004
3	2	-2813.235	1268.3839
3	3	-2748.1504	1270.9769
3	4	-2749.4397	1299.3038
3	5	-2748.0059	1301.7695
3	6	-2735.6633	1295.8567
3	7	-2746.1423	1303.8533
3	9	-2745.2048	1306.0153
3	11	-2750.8354	1241.2787
3	12	-2743.0857	1308.3922
3	13	-2753.2634	1311.3234
3	14	-2741.8142	1311.0997
3	15	-2789.6533	1302.3054
3	16	-2789.5037	1304.0582
3	17	-2804.3025	1272.5266
3	23	-2705.108	1210.7928
3	24	-2734.2852	1298.1666
4	1	-2772.7095	1274.2656
4	2	-2813.241	1268.3778
4	3	-2749.0498	1271.5593
4	4	-2749.4397	1299.3038
4	5	-2748.0059	1301.7695
4	6	-2735.6633	1295.8567
4	7	-2746.1423	1303.8533
4	9	-2745.2048	1306.0153
4	11	-2750.8354	1241.2787
4	12	-2743.0857	1308.3922
4	13	-2753.2634	1311.3234
4	14	-2741.8142	1311.0997
4	15	-2789.6533	1302.3054
4	16	-2789.4875	1304.0651
4	17	-2804.316	1272.5262
4	23	-2705.108	1210.7928
4	24	-2734.2852	1298.1666
5	1	-2773.534	1274.818
5	2	-2813.2258	1268.3856
5	3	-2749.936	1272.1345
5	4	-2749.4397	1299.3038
5	5	-2748.0059	1301.7695
5	6	-2735.6633	1295.8567
5	7	-2746.1423	1303.8533
5	9	-2745.2048	1306.0153
5	11	-2750.8354	1241.2787
5	12	-2743.0857	1308.3922
5	13	-2753.2634	1311.3234
5	14	-2741.8142	1311.0997
5	15	-2789.6533	1302.3054
5	16	-2789.4434	1304.0525
5	17	-2804.3247	1272.5203
5	23	-2705.108	1210.7928
5	24	-2734.2852	1298.1666
6	1	-2774.3308	1275.349
6	2	-2813.2395	1268.3741
6	3	-2750.8098	1272.6996
6	4	-2749.4397	1299.3038
6	5	-2748.0059	1301.7695
6	6	-2735.6633	1295.8567
6	7	-2746.1423	1303.8533
6	9	-2745.2048	1306.0153
6	11	-2750.8354	1241.2787
6	12	-2743.0857	1308.3922
6	13	-2753.2634	1311.3234
6	14	-2741.8142	1311.0997
6	15	-2789.6533	1302.3054
6	16	-2789.4485	1304.0585
6	17	-2804.3352	1272.5461
6	18	-2782.2278	1218.2651
6	23	-2705.108	1210.7928
6	24	-2734.2852	1298.1666
7	1	-2775.0972	1275.8595
7	2	-2813.2305	1268.3801
7	3	-2751.6704	1273.2561
7	4	-2749.4397	1299.3038
7	5	-2748.0059	1301.7695
7	6	-2735.6633	1295.8567
7	7	-2746.1423	1303.8533
7	8	-2733.9602	1298.0277
7	9	-2745.2048	1306.0153
7	11	-2750.8354	1241.2787
7	12	-2743.0857	1308.3922
7	13	-2753.2634	1311.3234
7	14	-2741.8142	1311.0997
7	15	-2789.6533	1302.3054
7	16	-2789.4712	1304.066
7	17	-2804.323	1272.5358
7	18	-2782.2278	1218.2651
7	23	-2705.108	1210.7928
8	1	-2775.8455	1276.3538
8	2	-2813.2373	1268.3713
8	3	-2752.5183	1273.8029
8	4	-2749.4397	1299.3038
8	5	-2748.0059	1301.7695
8	6	-2735.6633	1295.8567
8	7	-2746.1423	1303.8533
8	8	-2733.9602	1298.0277
8	9	-2745.2048	1306.0153
8	11	-2750.8354	1241.2787
8	12	-2743.0857	1308.3922
8	13	-2753.2634	1311.3234
8	14	-2741.8142	1311.0997
8	15	-2789.6533	1302.3054
8	16	-2789.453	1304.071
8	17	-2804.3367	1272.5518
9	1	-2776.5623	1276.8318
9	2	-2813.23	1268.3716
9	3	-2753.3535	1274.341
9	4	-2749.4397	1299.3038
9	5	-2748.0059	1301.7695
9	6	-2735.6633	1295.8567
9	7	-2746.1423	1303.8533
9	8	-2733.9602	1298.0277
9	9	-2745.2048	1306.0153
9	10	-2733.0312	1300.6696
9	11	-2750.8354	1241.2787
9	12	-2743.0857	1308.3922
9	13	-2753.2634	1311.3234
9	14	-2741.8142	1311.0997
9	15	-2789.6533	1302.3054
9	16	-2789.4465	1304.0837
9	17	-2804.322	1272.5477
10	1	-2777.2532	1277.2937
10	2	-2813.234	1268.3835
10	3	-2754.176	1274.8705
10	4	-2749.4397	1299.3038
10	5	-2748.0059	1301.7695
10	6	-2735.6633	1295.8567
10	7	-2746.1423	1303.8533
10	8	-2733.9602	1298.0277
10	9	-2745.2048	1306.0153
10	10	-2733.0312	1300.6696
10	11	-2750.8354	1241.2787
10	12	-2743.0857	1308.3922
10	13	-2753.2634	1311.3234
10	14	-2741.8142	1311.0997
10	15	-2789.6533	1302.3054
10	16	-2789.4746	1304.0804
10	17	-2804.3374	1272.5571
10	18	-2782.2278	1218.2651
10	19	-2830.6455	1272.9878
11	1	-2777.9146	1277.7343
11	2	-2813.2266	1268.388
11	3	-2754.9856	1275.3899
11	4	-2749.4397	1299.3038
11	5	-2748.0059	1301.7695
11	6	-2735.6633	1295.8567
11	7	-2746.1423	1303.8533
11	8	-2733.9602	1298.0277
11	9	-2745.2048	1306.0153
11	10	-2733.0312	1300.6696
11	11	-2750.8354	1241.2787
11	12	-2743.0857	1308.3922
11	13	-2753.2634	1311.3234
11	14	-2741.8142	1311.0997
11	15	-2789.6533	1302.3054
11	16	-2789.4954	1304.0717
11	17	-2804.331	1272.5541
11	18	-2782.2278	1218.2651
11	19	-2830.6455	1272.9878
11	21	-2830.9285	1275.6957
12	1	-2778.5525	1278.1573
12	2	-2813.223	1268.3945
12	3	-2755.7825	1275.9005
12	4	-2749.4397	1299.3038
12	5	-2748.0059	1301.7695
12	6	-2735.6633	1295.8567
12	7	-2746.1423	1303.8533
12	8	-2733.9602	1298.0277
12	9	-2745.2048	1306.0153
12	10	-2733.0312	1300.6696
12	11	-2750.8354	1241.2787
12	12	-2743.0857	1308.3922
12	13	-2753.2634	1311.3234
12	14	-2741.8142	1311.0997
12	15	-2789.6533	1302.3054
12	16	-2788.9106	1304.338
12	17	-2804.3315	1272.5597
12	19	-2830.6455	1272.9878
12	20	-2832.5217	1281.8081
12	21	-2830.9285	1275.6957
13	1	-2779.1802	1278.5735
13	2	-2813.2195	1268.4124
13	3	-2756.5667	1276.4017
13	4	-2749.4397	1299.3038
13	5	-2748.0059	1301.7695
13	6	-2735.6633	1295.8567
13	7	-2746.1423	1303.8533
13	8	-2733.9602	1298.0277
13	9	-2745.2048	1306.0153
13	10	-2733.0312	1300.6696
13	11	-2750.8354	1241.2787
13	12	-2743.0857	1308.3922
13	13	-2753.2634	1311.3234
13	14	-2741.8142	1311.0997
13	15	-2789.6533	1302.3054
13	17	-2804.3318	1272.5648
13	18	-2782.2278	1218.2651
13	19	-2830.6455	1272.9878
13	20	-2832.5217	1281.8081
13	21	-2830.9285	1275.6957
14	1	-2779.7803	1278.97
14	2	-2813.2249	1268.4243
14	3	-2757.2617	1276.8446
14	4	-2749.4397	1299.3038
14	5	-2748.0059	1301.7695
14	6	-2735.6633	1295.8567
14	7	-2746.1423	1303.8533
14	8	-2733.9602	1298.0277
14	9	-2745.2048	1306.0153
14	10	-2733.0312	1300.6696
14	11	-2750.8354	1241.2787
14	12	-2743.0857	1308.3922
14	15	-2789.6533	1302.3054
14	17	-2804.331	1272.5647
14	18	-2782.2278	1218.2651
14	19	-2830.6455	1272.9878
14	20	-2832.5217	1281.8081
14	21	-2830.9285	1275.6957
15	1	-2780.3557	1279.3497
15	2	-2813.2214	1268.4215
15	3	-2758.0217	1277.328
15	4	-2749.4397	1299.3038
15	5	-2748.0059	1301.7695
15	6	-2735.6633	1295.8567
15	7	-2746.1423	1303.8533
15	8	-2733.9602	1298.0277
15	9	-2745.2048	1306.0153
15	10	-2733.0312	1300.6696
15	11	-2750.8354	1241.2787
15	12	-2743.0857	1308.3922
15	15	-2789.6533	1302.3054
15	17	-2804.3376	1272.5739
15	18	-2782.2278	1218.2651
15	19	-2830.6455	1272.9878
15	20	-2832.5217	1281.8081
15	21	-2830.9285	1275.6957
16	1	-2780.8984	1279.7118
16	2	-2813.2192	1268.4243
16	3	-2758.7686	1277.8019
16	4	-2749.4397	1299.3038
16	5	-2748.0059	1301.7695
16	6	-2735.6633	1295.8567
16	7	-2746.1423	1303.8533
16	8	-2733.9602	1298.0277
16	9	-2745.2048	1306.0153
16	10	-2733.0312	1300.6696
16	11	-2750.8354	1241.2787
16	12	-2743.0857	1308.3922
16	15	-2789.6533	1302.3054
16	17	-2804.3323	1272.5729
16	18	-2782.2278	1218.2651
16	19	-2830.6455	1272.9878
16	20	-2832.5217	1281.8081
16	21	-2830.9285	1275.6957
17	1	-2781.4148	1280.047
17	2	-2813.2083	1268.4213
17	3	-2759.5015	1278.2666
17	4	-2749.4397	1299.3038
17	5	-2748.0059	1301.7695
17	6	-2735.6633	1295.8567
17	7	-2746.1423	1303.8533
17	8	-2733.9602	1298.0277
17	9	-2745.2048	1306.0153
17	10	-2733.0312	1300.6696
17	11	-2750.8354	1241.2787
17	12	-2743.0857	1308.3922
17	15	-2789.6533	1302.3054
17	17	-2804.338	1272.5803
17	18	-2782.2278	1218.2651
17	19	-2830.6455	1272.9878
17	20	-2832.5217	1281.8081
17	21	-2830.9285	1275.6957
18	1	-2781.9114	1280.3793
18	2	-2813.2222	1268.4183
18	3	-2760.2217	1278.7229
18	4	-2749.4397	1299.3038
18	5	-2748.0059	1301.7695
18	6	-2735.6633	1295.8567
18	7	-2746.1423	1303.8533
18	8	-2733.9602	1298.0277
18	9	-2745.2048	1306.0153
18	10	-2733.0312	1300.6696
18	11	-2750.8354	1241.2787
18	12	-2743.0857	1308.3922
18	15	-2789.6533	1302.3054
18	17	-2804.3333	1272.5831
18	18	-2782.2278	1218.2651
18	19	-2830.6455	1272.9878
18	20	-2832.5217	1281.8081
18	21	-2830.9285	1275.6957
19	1	-2782.4001	1280.6976
19	2	-2813.209	1268.434
19	3	-2760.929	1279.1711
19	4	-2749.4397	1299.3038
19	5	-2748.0059	1301.7695
19	6	-2735.6633	1295.8567
19	7	-2746.1423	1303.8533
19	8	-2733.9602	1298.0277
19	9	-2745.2048	1306.0153
19	10	-2733.0312	1300.6696
19	11	-2750.8354	1241.2787
19	12	-2743.0857	1308.3922
19	15	-2789.6533	1302.3054
19	17	-2804.3403	1272.5978
19	18	-2782.2278	1218.2651
19	19	-2830.6455	1272.9878
19	20	-2832.5217	1281.8081
19	21	-2830.9285	1275.6957
20	1	-2782.8494	1280.9966
20	2	-2813.219	1268.4135
20	3	-2761.6233	1279.6112
20	4	-2749.4397	1299.3038
20	5	-2748.0059	1301.7695
20	6	-2735.6633	1295.8567
20	7	-2746.1423	1303.8533
20	8	-2733.9602	1298.0277
20	9	-2745.2048	1306.0153
20	10	-2733.0312	1300.6696
20	11	-2750.8354	1241.2787
20	12	-2743.0857	1308.3922
20	15	-2789.6533	1302.3054
20	17	-2804.335	1272.5975
20	19	-2830.6455	1272.9878
20	20	-2832.5217	1281.8081
20	21	-2830.9285	1275.6957
21	1	-2783.277	1281.2769
21	2	-2813.2175	1268.4175
21	3	-2762.3052	1280.041
21	4	-2749.4397	1299.3038
21	5	-2748.0059	1301.7695
21	6	-2735.6633	1295.8567
21	7	-2746.1423	1303.8533
21	8	-2733.9602	1298.0277
21	9	-2745.2048	1306.0153
21	10	-2733.0312	1300.6696
21	11	-2750.8354	1241.2787
21	12	-2743.0857	1308.3922
21	15	-2789.6533	1302.3054
21	17	-2804.321	1272.5962
21	18	-2782.2278	1218.2651
21	19	-2830.6455	1272.9878
21	20	-2832.5217	1281.8081
21	21	-2830.9285	1275.6957
22	1	-2783.6821	1281.5453
22	2	-2813.2173	1268.4238
22	3	-2762.9724	1280.4647
22	4	-2749.4397	1299.3038
22	5	-2748.0059	1301.7695
22	6	-2735.6633	1295.8567
22	7	-2746.1423	1303.8533
22	8	-2733.9602	1298.0277
22	9	-2745.2048	1306.0153
22	10	-2733.0312	1300.6696
22	11	-2750.8354	1241.2787
22	12	-2743.0857	1308.3922
22	15	-2789.6533	1302.3054
22	17	-2804.3245	1272.608
22	18	-2782.2278	1218.2651
22	19	-2830.6455	1272.9878
22	20	-2832.5217	1281.8081
22	21	-2830.9285	1275.6957
23	1	-2784.067	1281.8004
23	2	-2813.2102	1268.4338
23	3	-2763.6272	1280.879
23	4	-2749.4397	1299.3038
23	5	-2748.0059	1301.7695
23	6	-2735.6633	1295.8567
23	7	-2746.1423	1303.8533
23	8	-2733.9602	1298.0277
23	9	-2745.2048	1306.0153
23	10	-2733.0312	1300.6696
23	11	-2750.8354	1241.2787
23	15	-2789.6533	1302.3054
23	17	-2804.323	1272.6034
23	18	-2782.2278	1218.2651
23	19	-2830.6455	1272.9878
23	20	-2832.5217	1281.8081
23	21	-2830.9285	1275.6957
24	1	-2784.4404	1282.0485
24	2	-2813.2083	1268.4385
24	3	-2764.2698	1281.286
24	4	-2749.4397	1299.3038
24	6	-2735.6633	1295.8567
24	8	-2733.9602	1298.0277
24	10	-2733.0312	1300.6696
24	11	-2750.8354	1241.2787
24	15	-2789.6533	1302.3054
24	17	-2804.3215	1272.6072
24	18	-2782.2278	1218.2651
24	19	-2830.6455	1272.9878
24	20	-2832.5217	1281.8081
24	21	-2830.9285	1275.6957
25	1	-2784.787	1282.2771
25	2	-2813.2063	1268.436
25	3	-2764.897	1281.6843
25	6	-2735.6633	1295.8567
25	8	-2733.9602	1298.0277
25	10	-2733.0312	1300.6696
25	11	-2750.8354	1241.2787
25	15	-2789.6533	1302.3054
25	17	-2804.3208	1272.6099
25	18	-2782.2278	1218.2651
25	19	-2830.6455	1272.9878
25	20	-2832.5217	1281.8081
25	21	-2830.9285	1275.6957
26	1	-2785.1172	1282.5005
26	2	-2813.1985	1268.4464
26	3	-2765.51	1282.0768
26	6	-2735.6633	1295.8567
26	8	-2733.9602	1298.0277
26	10	-2733.0312	1300.6696
26	11	-2750.8354	1241.2787
26	15	-2789.6533	1302.3054
26	17	-2804.3223	1272.6118
26	18	-2782.2278	1218.2651
26	19	-2830.6455	1272.9878
26	20	-2832.5217	1281.8081
26	21	-2830.9285	1275.6957
27	1	-2785.4148	1282.6976
27	2	-2813.2036	1268.4427
27	3	-2766.1138	1282.4591
27	6	-2735.6633	1295.8567
27	8	-2733.9602	1298.0277
27	11	-2750.8354	1241.2787
27	15	-2789.6533	1302.3054
27	17	-2804.3308	1272.6216
27	18	-2782.2278	1218.2651
27	19	-2830.6455	1272.9878
27	20	-2832.5217	1281.8081
27	21	-2830.9285	1275.6957
28	1	-2785.7026	1282.8845
28	2	-2813.2021	1268.4423
28	3	-2766.704	1282.8342
28	6	-2735.6633	1295.8567
28	8	-2733.9602	1298.0277
28	11	-2750.8354	1241.2787
28	15	-2789.6533	1302.3054
28	17	-2804.3184	1272.6141
28	18	-2782.2278	1218.2651
28	19	-2830.6455	1272.9878
28	20	-2832.5217	1281.8081
28	21	-2830.9285	1275.6957
29	1	-2785.9673	1283.0581
29	2	-2813.1929	1268.4478
29	3	-2767.2822	1283.2009
29	6	-2735.6633	1295.8567
29	8	-2733.9602	1298.0277
29	11	-2750.8354	1241.2787
29	15	-2789.6533	1302.3054
29	17	-2804.318	1272.6156
29	18	-2782.2278	1218.2651
29	19	-2830.6455	1272.9878
29	20	-2832.5217	1281.8081
29	21	-2830.9285	1275.6957
30	1	-2786.2117	1283.2235
30	2	-2813.192	1268.4495
30	3	-2767.8472	1283.5592
30	6	-2735.6633	1295.8567
30	11	-2750.8354	1241.2787
30	15	-2789.6533	1302.3054
30	17	-2804.309	1272.6124
30	18	-2782.2278	1218.2651
30	19	-2830.6455	1272.9878
30	20	-2832.5217	1281.8081
30	21	-2830.9285	1275.6957
31	1	-2786.4407	1283.3743
31	2	-2813.1892	1268.4591
31	3	-2768.401	1283.9088
31	11	-2750.8354	1241.2787
31	15	-2789.6533	1302.3054
31	17	-2804.3035	1272.6158
31	18	-2782.2278	1218.2651
31	19	-2830.6455	1272.9878
31	20	-2832.5217	1281.8081
31	21	-2830.9285	1275.6957
32	1	-2786.6492	1283.514
32	2	-2813.1838	1268.4636
32	3	-2768.9392	1284.2507
32	11	-2750.8354	1241.2787
32	15	-2789.6533	1302.3054
32	17	-2804.3093	1272.624
32	19	-2830.6455	1272.9878
32	20	-2832.5217	1281.8081
32	21	-2830.9285	1275.6957
33	1	-2786.8262	1283.6362
33	2	-2813.181	1268.4644
33	3	-2769.466	1284.5836
33	11	-2750.8354	1241.2787
33	15	-2789.6533	1302.3054
33	17	-2804.3096	1272.6187
33	19	-2830.6455	1272.9878
33	20	-2832.5217	1281.8081
33	21	-2830.9285	1275.6957
34	1	-2786.9954	1283.7542
34	2	-2813.1782	1268.4652
34	3	-2769.9805	1284.9113
34	11	-2750.8354	1241.2787
34	15	-2789.6533	1302.3054
34	17	-2804.3127	1272.6255
34	19	-2830.6455	1272.9878
34	20	-2832.5217	1281.8081
34	21	-2830.9285	1275.6957
35	1	-2787.1433	1283.8518
35	2	-2813.1748	1268.4681
35	3	-2770.4841	1285.2301
35	11	-2750.8354	1241.2787
35	15	-2789.6533	1302.3054
35	17	-2804.312	1272.6298
35	19	-2830.6455	1272.9878
35	20	-2832.5217	1281.8081
35	21	-2830.9285	1275.6957
36	1	-2787.281	1283.9442
36	2	-2813.1755	1268.4647
36	3	-2770.9758	1285.5399
36	11	-2750.8354	1241.2787
36	15	-2789.6533	1302.3054
36	17	-2804.3176	1272.6328
36	19	-2830.6455	1272.9878
36	20	-2832.5217	1281.8081
36	21	-2830.9285	1275.6957
37	1	-2787.4043	1284.0251
37	2	-2813.1716	1268.4791
37	3	-2771.455	1285.8441
37	11	-2750.8354	1241.2787
37	15	-2789.6533	1302.3054
37	17	-2804.316	1272.6302
37	19	-2830.6455	1272.9878
37	20	-2832.5217	1281.8081
37	21	-2830.9285	1275.6957
38	1	-2787.5078	1284.1013
38	2	-2813.158	1268.5006
38	3	-2771.923	1286.1381
38	11	-2750.8354	1241.2787
38	15	-2789.6533	1302.3054
38	17	-2804.3213	1272.6333
38	19	-2830.6455	1272.9878
38	20	-2832.5217	1281.8081
38	21	-2830.9285	1275.6957
39	1	-2787.5923	1284.1567
39	2	-2813.1396	1268.5243
39	3	-2772.3796	1286.4257
39	11	-2750.8354	1241.2787
39	15	-2789.6533	1302.3054
39	17	-2804.3293	1272.6466
39	19	-2830.6455	1272.9878
39	20	-2832.5217	1281.8081
39	21	-2830.9285	1275.6957
40	1	-2787.6592	1284.204
40	2	-2813.1453	1268.529
40	3	-2772.8235	1286.7063
40	11	-2750.8354	1241.2787
40	15	-2789.6533	1302.3054
40	17	-2804.3328	1272.6411
40	19	-2830.6455	1272.9878
40	20	-2832.5217	1281.8081
40	21	-2830.9285	1275.6957
41	1	-2787.735	1284.2515
41	2	-2813.1304	1268.5364
41	3	-2773.2568	1286.9774
41	11	-2750.8354	1241.2787
41	15	-2789.6533	1302.3054
41	17	-2804.3357	1272.6372
41	19	-2830.6455	1272.9878
41	20	-2832.5217	1281.8081
41	21	-2830.9285	1275.6957
42	1	-2787.7803	1284.287
42	2	-2813.0999	1268.5728
42	3	-2773.6777	1287.242
42	11	-2750.8354	1241.2787
42	15	-2789.6533	1302.3054
42	17	-2804.3362	1272.652
42	19	-2830.6455	1272.9878
42	20	-2832.5217	1281.8081
42	21	-2830.9285	1275.6957
43	1	-2787.8176	1284.3116
43	2	-2813.083	1268.5996
43	3	-2774.0884	1287.5
43	11	-2750.8354	1241.2787
43	15	-2789.6533	1302.3054
43	17	-2804.3335	1272.6393
43	19	-2830.6455	1272.9878
43	20	-2832.5217	1281.8081
43	21	-2830.9285	1275.6957
44	1	-2787.843	1284.335
44	2	-2813.0574	1268.6316
44	3	-2774.489	1287.7501
44	11	-2750.8354	1241.2787
44	15	-2789.6533	1302.3054
44	17	-2804.3398	1272.6483
44	19	-2830.6455	1272.9878
44	20	-2832.5217	1281.8081
45	1	-2787.865	1284.3551
45	2	-2813.0193	1268.686
45	3	-2774.877	1287.9949
45	11	-2750.8354	1241.2787
45	15	-2789.6533	1302.3054
45	17	-2804.3423	1272.6456
45	19	-2830.6455	1272.9878
45	20	-2832.5217	1281.8081
46	1	-2787.884	1284.3663
46	2	-2812.98	1268.7533
46	3	-2775.2544	1288.2306
46	11	-2750.8354	1241.2787
46	15	-2789.6533	1302.3054
46	17	-2804.3428	1272.6667
46	19	-2830.6455	1272.9878
46	20	-2832.5217	1281.8081
46	21	-2830.9285	1275.6957
47	1	-2787.8943	1284.3782
47	2	-2812.951	1268.803
47	3	-2775.6213	1288.4602
47	11	-2750.8354	1241.2787
47	15	-2789.6533	1302.3054
47	17	-2804.3384	1272.6655
47	19	-2830.6455	1272.9878
47	20	-2832.5217	1281.8081
47	21	-2830.9285	1275.6957
48	1	-2787.8955	1284.3856
48	2	-2812.9	1268.875
48	3	-2775.9775	1288.6829
48	11	-2750.8354	1241.2787
48	15	-2789.6533	1302.3054
48	17	-2804.3403	1272.6564
48	19	-2830.6455	1272.9878
48	20	-2832.5217	1281.8081
48	21	-2830.9285	1275.6957
49	1	-2787.9006	1284.387
49	2	-2812.844	1268.9568
49	3	-2776.3235	1288.9004
49	11	-2750.8354	1241.2787
49	15	-2789.6533	1302.3054
49	17	-2804.3423	1272.6702
49	19	-2830.6455	1272.9878
49	20	-2832.5217	1281.8081
49	21	-2830.9285	1275.6957
49	22	-2828.3276	1332.4166
50	1	-2787.9048	1284.3983
50	2	-2812.7822	1269.0381
50	3	-2776.6594	1289.1102
50	11	-2750.8354	1241.2787
50	15	-2789.6533	1302.3054
50	17	-2804.3398	1272.6536
50	19	-2830.6455	1272.9878
50	20	-2832.5217	1281.8081
50	21	-2830.9285	1275.6957
50	22	-2828.5525	1332.432
51	1	-2787.912	1284.3986
51	2	-2812.6814	1269.1757
51	3	-2776.9854	1289.3118
51	11	-2750.8354	1241.2787
51	15	-2789.6533	1302.3054
51	17	-2804.3435	1272.6719
51	19	-2830.6455	1272.9878
51	20	-2832.5217	1281.8081
51	21	-2830.9285	1275.6957
51	22	-2828.6462	1332.205
52	1	-2787.911	1284.4021
52	2	-2812.5647	1269.3256
52	3	-2777.3003	1289.5105
52	11	-2750.8354	1241.2787
52	15	-2789.6533	1302.3054
52	17	-2804.332	1272.6647
52	19	-2830.6455	1272.9878
52	20	-2832.5217	1281.8081
52	21	-2830.9285	1275.6957
52	26	-2828.6162	1332.0807
53	1	-2787.9036	1284.4012
53	2	-2812.4456	1269.4908
53	3	-2777.6062	1289.7015
53	11	-2750.8354	1241.2787
53	15	-2789.6533	1302.3054
53	17	-2804.2964	1272.6669
53	19	-2830.6455	1272.9878
53	20	-2832.5217	1281.8081
53	21	-2830.9285	1275.6957
53	26	-2828.6155	1332.0676
54	1	-2787.9058	1284.4032
54	2	-2812.329	1269.6787
54	3	-2777.9023	1289.8862
54	11	-2750.8354	1241.2787
54	15	-2789.6533	1302.3054
54	17	-2804.308	1272.6575
54	19	-2830.6455	1272.9878
54	20	-2832.5217	1281.8081
54	21	-2830.9285	1275.6957
54	22	-2828.8254	1331.847
55	1	-2787.899	1284.4088
55	2	-2812.2007	1269.8752
55	3	-2778.1877	1290.0659
55	11	-2750.8354	1241.2787
55	15	-2789.6533	1302.3054
55	17	-2804.2844	1272.6775
55	19	-2830.6455	1272.9878
55	20	-2832.5217	1281.8081
55	21	-2830.9285	1275.6957
55	22	-2828.885	1331.7357
56	1	-2787.8938	1284.4034
56	2	-2812.061	1270.0833
56	3	-2778.4644	1290.2377
56	11	-2750.8354	1241.2787
56	15	-2789.6533	1302.3054
56	17	-2804.2925	1272.6796
56	19	-2830.6455	1272.9878
56	20	-2832.5217	1281.8081
56	21	-2830.9285	1275.6957
56	22	-2828.884	1331.642
57	1	-2787.901	1284.412
57	2	-2811.9143	1270.305
57	3	-2778.7295	1290.4044
57	11	-2750.8354	1241.2787
57	15	-2789.6533	1302.3054
57	17	-2804.3118	1272.6815
57	19	-2830.6455	1272.9878
57	20	-2832.5217	1281.8081
57	21	-2830.9285	1275.6957
57	22	-2828.8687	1331.5999
58	1	-2787.8982	1284.4143
58	2	-2811.7388	1270.5515
58	3	-2778.9854	1290.5642
58	11	-2750.8354	1241.2787
58	15	-2789.6533	1302.3054
58	17	-2804.3074	1272.681
58	19	-2830.6455	1272.9878
58	20	-2832.5217	1281.8081
58	21	-2830.9285	1275.6957
58	22	-2829.0305	1331.4213
59	1	-2787.8955	1284.4169
59	2	-2811.5667	1270.814
59	3	-2779.232	1290.7184
59	11	-2750.8354	1241.2787
59	15	-2789.6533	1302.3054
59	17	-2804.2976	1272.6633
59	19	-2830.6455	1272.9878
59	20	-2832.5217	1281.8081
59	21	-2830.9285	1275.6957
59	22	-2829.1719	1331.1356
60	1	-2787.889	1284.4149
60	2	-2811.3674	1271.1182
60	3	-2779.4663	1290.8661
60	11	-2750.8354	1241.2787
60	15	-2789.6533	1302.3054
60	17	-2804.2908	1272.6648
60	19	-2830.6455	1272.9878
60	20	-2832.5217	1281.8081
60	21	-2830.9285	1275.6957
60	22	-2829.234	1331.0194
61	1	-2787.889	1284.4164
61	2	-2811.1643	1271.4242
61	3	-2779.692	1291.0071
61	11	-2750.8354	1241.2787
61	15	-2789.6533	1302.3054
61	17	-2804.294	1272.6688
61	19	-2830.6455	1272.9878
61	20	-2832.5217	1281.8081
61	21	-2830.9285	1275.6957
61	22	-2829.3147	1330.9015
62	1	-2787.8926	1284.421
62	2	-2810.9446	1271.7637
62	3	-2779.9077	1291.1427
62	11	-2750.8354	1241.2787
62	15	-2789.6533	1302.3054
62	17	-2804.3005	1272.6749
62	19	-2830.6455	1272.9878
62	20	-2832.5217	1281.8081
62	21	-2830.9285	1275.6957
62	22	-2829.4023	1330.7511
63	1	-2787.8906	1284.4213
63	2	-2810.716	1272.1254
63	3	-2780.1145	1291.2728
63	11	-2750.8354	1241.2787
63	15	-2789.6533	1302.3054
63	17	-2804.293	1272.6729
63	19	-2830.6455	1272.9878
63	20	-2832.5217	1281.8081
63	21	-2830.9285	1275.6957
63	22	-2829.522	1330.5151
64	1	-2787.89	1284.4238
64	2	-2810.4685	1272.4967
64	3	-2780.312	1291.3975
64	11	-2750.8354	1241.2787
64	15	-2789.6533	1302.3054
64	17	-2804.2908	1272.6785
64	19	-2830.6455	1272.9878
64	20	-2832.5217	1281.8081
64	21	-2830.9285	1275.6957
64	22	-2829.547	1330.4279
65	1	-2787.8945	1284.4249
65	2	-2810.23	1272.8729
65	3	-2780.501	1291.5162
65	11	-2750.8354	1241.2787
65	15	-2789.6533	1302.3054
65	17	-2804.279	1272.6807
65	19	-2830.6455	1272.9878
65	20	-2832.5217	1281.8081
65	21	-2830.9285	1275.6957
65	22	-2829.6526	1330.2596
66	1	-2787.8896	1284.4287
66	2	-2809.978	1273.2771
66	3	-2780.6816	1291.6296
66	11	-2750.8354	1241.2787
66	15	-2789.6533	1302.3054
66	17	-2804.292	1272.691
66	19	-2830.6455	1272.9878
66	20	-2832.5217	1281.8081
66	21	-2830.9285	1275.6957
66	22	-2829.7656	1330.0464
67	1	-2787.8965	1284.4326
67	2	-2809.716	1273.7012
67	3	-2780.853	1291.7375
67	11	-2750.8354	1241.2787
67	15	-2789.6533	1302.3054
67	17	-2804.2905	1272.701
67	19	-2830.6455	1272.9878
67	20	-2832.5217	1281.8081
67	21	-2830.9285	1275.6957
67	22	-2829.8667	1329.8708
68	1	-2787.8894	1284.4341
68	2	-2809.4236	1274.1833
68	3	-2781.0156	1291.8411
68	11	-2750.8354	1241.2787
68	15	-2789.6533	1302.3054
68	17	-2804.292	1272.7003
68	19	-2830.6455	1272.9878
68	20	-2832.5217	1281.8081
68	21	-2830.9285	1275.6957
68	22	-2829.9543	1329.7086
69	1	-2787.892	1284.4348
69	2	-2809.153	1274.6381
69	3	-2781.1711	1291.9395
69	11	-2750.8354	1241.2787
69	15	-2789.6533	1302.3054
69	17	-2804.3096	1272.7047
69	19	-2830.6455	1272.9878
69	20	-2832.5217	1281.8081
69	21	-2830.9285	1275.6957
69	22	-2830.0698	1329.5144
70	1	-2787.8928	1284.437
70	2	-2808.8738	1275.1179
70	3	-2781.318	1292.0331
70	11	-2750.8354	1241.2787
70	15	-2789.6533	1302.3054
70	17	-2804.3135	1272.7079
70	19	-2830.6455	1272.9878
70	20	-2832.5217	1281.8081
70	21	-2830.9285	1275.6957
70	22	-2830.174	1329.3186
71	1	-2787.8862	1284.4354
71	2	-2808.5923	1275.6108
71	3	-2781.457	1292.1205
71	11	-2750.8354	1241.2787
71	15	-2789.6533	1302.3054
71	17	-2804.3298	1272.7252
71	19	-2830.6455	1272.9878
71	20	-2832.5217	1281.8081
71	21	-2830.9285	1275.6957
71	22	-2830.2952	1329.1035
72	1	-2787.889	1284.4348
72	2	-2808.3328	1276.0991
72	3	-2781.5886	1292.205
72	11	-2750.8354	1241.2787
72	15	-2789.6533	1302.3054
72	17	-2804.3364	1272.7308
72	19	-2830.6455	1272.9878
72	20	-2832.5217	1281.8081
72	21	-2830.9285	1275.6957
72	22	-2830.4082	1328.9191
73	1	-2787.89	1284.438
73	2	-2808.05	1276.6398
73	3	-2781.714	1292.2848
73	11	-2750.8354	1241.2787
73	15	-2789.6533	1302.3054
73	17	-2804.3508	1272.7301
73	19	-2830.6455	1272.9878
73	20	-2832.5217	1281.8081
73	21	-2830.9285	1275.6957
73	22	-2830.5405	1328.7075
74	1	-2787.8938	1284.439
74	2	-2807.7725	1277.1776
74	3	-2781.834	1292.3599
74	11	-2750.8354	1241.2787
74	15	-2789.6533	1302.3054
74	17	-2804.369	1272.7491
74	19	-2830.6455	1272.9878
74	20	-2832.5217	1281.8081
74	21	-2830.9285	1275.6957
74	22	-2830.688	1328.4423
75	1	-2787.9028	1284.4456
75	2	-2807.4922	1277.7335
75	3	-2781.9473	1292.4324
75	11	-2750.8354	1241.2787
75	15	-2789.6533	1302.3054
75	17	-2804.3918	1272.7565
75	19	-2830.6455	1272.9878
75	20	-2832.5217	1281.8081
75	21	-2830.9285	1275.6957
75	22	-2830.8198	1328.2069
76	1	-2787.8994	1284.4457
76	2	-2807.2195	1278.315
76	3	-2782.0552	1292.5002
76	11	-2750.8354	1241.2787
76	15	-2789.6533	1302.3054
76	17	-2804.4355	1272.7866
76	19	-2830.6455	1272.9878
76	20	-2832.5217	1281.8081
76	21	-2830.9285	1275.6957
76	22	-2830.9539	1327.9541
77	1	-2787.8967	1284.4432
77	2	-2806.9507	1278.9056
77	3	-2782.156	1292.5653
77	11	-2750.8354	1241.2787
77	15	-2789.6533	1302.3054
77	17	-2804.4805	1272.7683
77	19	-2830.6455	1272.9878
77	20	-2832.5217	1281.8081
77	21	-2830.9285	1275.6957
77	22	-2831.0808	1327.7379
78	1	-2787.896	1284.445
78	2	-2806.687	1279.5126
78	3	-2782.2517	1292.6263
78	11	-2750.8354	1241.2787
78	15	-2789.6533	1302.3054
78	17	-2804.5532	1272.782
78	19	-2830.6455	1272.9878
78	20	-2832.5217	1281.8081
78	21	-2830.9285	1275.6957
78	22	-2831.2214	1327.4951
79	1	-2787.8967	1284.4462
79	2	-2806.43	1280.1338
79	3	-2782.3418	1292.6831
79	11	-2750.8354	1241.2787
79	15	-2789.6533	1302.3054
79	17	-2804.6162	1272.8088
79	19	-2830.6455	1272.9878
79	20	-2832.5217	1281.8081
79	21	-2830.9285	1275.6957
79	22	-2831.3481	1327.2727
80	1	-2787.8926	1284.4438
80	2	-2806.1956	1280.7628
80	3	-2782.4258	1292.7369
80	11	-2750.8354	1241.2787
80	15	-2789.6533	1302.3054
80	17	-2804.722	1272.8434
80	19	-2830.6455	1272.9878
80	20	-2832.5217	1281.8081
80	21	-2830.9285	1275.6957
80	22	-2831.4888	1327.0878
81	1	-2787.899	1284.4478
81	2	-2805.9683	1281.4093
81	3	-2782.5044	1292.7875
81	11	-2750.8354	1241.2787
81	15	-2789.6533	1302.3054
81	17	-2804.8066	1272.8663
81	19	-2830.6455	1272.9878
81	20	-2832.5217	1281.8081
81	21	-2830.9285	1275.6957
81	22	-2831.625	1326.8273
82	1	-2787.9016	1284.4496
82	2	-2805.77	1282.0405
82	3	-2782.5784	1292.8337
82	11	-2750.8354	1241.2787
82	15	-2789.6533	1302.3054
82	17	-2804.9155	1272.9073
82	19	-2830.6455	1272.9878
82	20	-2832.5217	1281.8081
82	21	-2830.9285	1275.6957
82	22	-2831.775	1326.5714
83	1	-2787.9058	1284.4528
83	2	-2805.584	1282.7006
83	3	-2782.6467	1292.8776
83	11	-2750.8354	1241.2787
83	15	-2789.6533	1302.3054
83	17	-2805.0176	1272.9417
83	19	-2830.6455	1272.9878
83	20	-2832.5217	1281.8081
83	21	-2830.9285	1275.6957
83	22	-2831.9404	1326.3134
84	1	-2787.9053	1284.4513
84	2	-2805.411	1283.3793
84	3	-2782.7107	1292.9186
84	11	-2750.8354	1241.2787
84	15	-2789.6533	1302.3054
84	17	-2805.1238	1272.9757
84	19	-2830.6455	1272.9878
84	20	-2832.5217	1281.8081
84	21	-2830.9285	1275.6957
84	22	-2832.0376	1326.108
85	1	-2787.9065	1284.4545
85	2	-2805.2507	1284.0801
85	3	-2782.7683	1292.9556
85	11	-2750.8354	1241.2787
85	15	-2789.6533	1302.3054
85	17	-2805.2852	1273.0162
85	19	-2830.6455	1272.9878
85	20	-2832.5217	1281.8081
85	21	-2830.9285	1275.6957
85	22	-2832.18	1325.8708
86	1	-2787.9084	1284.4562
86	2	-2805.1199	1284.7711
86	3	-2782.821	1292.9895
86	11	-2750.8354	1241.2787
86	15	-2789.6533	1302.3054
86	19	-2830.6455	1272.9878
86	20	-2832.5217	1281.8081
86	21	-2830.9285	1275.6957
86	22	-2832.3132	1325.6185
87	1	-2787.9058	1284.4531
87	2	-2805.006	1285.4803
87	3	-2782.8684	1293.02
87	11	-2750.8354	1241.2787
87	15	-2789.6533	1302.3054
87	17	-2805.6143	1273.2001
87	19	-2830.6455	1272.9878
87	20	-2832.5217	1281.8081
87	21	-2830.9285	1275.6957
87	22	-2832.4375	1325.3884
88	1	-2787.9102	1284.461
88	2	-2804.9119	1286.2032
88	3	-2782.9119	1293.048
88	11	-2750.8354	1241.2787
88	15	-2789.6533	1302.3054
88	17	-2805.757	1273.2517
88	19	-2830.6455	1272.9878
88	20	-2832.5217	1281.8081
88	21	-2830.9285	1275.6957
88	22	-2832.593	1325.1184
88	25	-2827.4487	1334.03
89	1	-2787.9167	1284.464
89	2	-2804.8442	1286.9092
89	3	-2782.9502	1293.0728
89	11	-2750.8354	1241.2787
89	15	-2789.6533	1302.3054
89	17	-2805.907	1273.3505
89	19	-2830.6455	1272.9878
89	20	-2832.5217	1281.8081
89	21	-2830.9285	1275.6957
89	22	-2832.7576	1324.8286
89	25	-2827.8506	1333.5819
90	1	-2787.9094	1284.4609
90	2	-2804.799	1287.6406
90	3	-2782.9836	1293.0962
90	11	-2750.8354	1241.2787
90	15	-2789.6533	1302.3054
90	17	-2806.0742	1273.4297
90	19	-2830.6455	1272.9878
90	20	-2832.5217	1281.8081
90	21	-2830.9285	1275.6957
90	22	-2832.897	1324.5521
90	25	-2828.16	1333.1879
