0	1	-3531.8418	-399.28146
0	2	-3562.209	-381.74185
0	3	-3601.243	-347.0143
0	4	-3544.1008	-390.40704
0	5	-3533.418	-403.227
0	6	-3577.9658	-369.2117
0	7	-3521.61	-412.7066
0	8	-3569.562	-371.1133
0	9	-3570.7498	-378.15033
0	10	-3584.3945	-368.49725
0	11	-3586.1262	-358.8426
0	12	-3588.9255	-361.10794
0	13	-3592.5347	-363.18597
0	14	-3599.2427	-353.31592
0	15	-3607.9226	-351.64816
0	16	-3612.4612	-343.9961
0	17	-3620.6846	-342.20853
0	23	-3620.223	-338.10144
0	25	-3625.31	-333.8961
1	1	-3530.7974	-400.08173
1	2	-3561.546	-382.2456
1	3	-3600.8582	-347.3189
1	4	-3543.0989	-391.16595
1	5	-3532.6428	-403.84497
1	6	-3577.4548	-369.62033
1	7	-3520.7947	-413.317
1	8	-3568.7317	-371.76053
1	9	-3570.0557	-378.63425
1	10	-3583.953	-368.80246
1	11	-3585.5066	-359.29666
1	12	-3588.5085	-361.4244
1	13	-3592.165	-363.44397
1	14	-3598.8455	-353.59967
1	15	-3607.6194	-351.85904
1	16	-3612.2456	-344.15488
1	17	-3620.5261	-342.35492
1	23	-3620.1458	-338.15692
1	25	-3625.31	-333.8961
2	1	-3529.7969	-400.8148
2	2	-3560.8816	-382.75742
2	3	-3600.435	-347.62686
2	4	-3542.0686	-391.9051
2	5	-3531.8206	-404.44257
2	6	-3576.9365	-370.0443
2	7	-3519.8906	-413.9641
2	8	-3567.891	-372.41785
2	9	-3569.361	-379.1187
2	10	-3583.5315	-369.1213
2	11	-3584.859	-359.78644
2	12	-3588.0923	-361.73676
2	13	-3591.7944	-363.6859
2	14	-3598.4402	-353.90457
2	15	-3607.2595	-352.10654
2	16	-3612.02	-344.30902
2	17	-3620.3374	-342.47787
2	23	-3620.0862	-338.19833
2	25	-3625.31	-333.8961
3	1	-3528.706	-401.62463
3	2	-3560.2034	-383.26877
3	3	-3599.9858	-347.9801
3	4	-3541.0266	-392.657
3	5	-3531.0132	-405.05664
3	6	-3576.4072	-370.47104
3	7	-3519.0398	-414.58823
3	8	-3567.042	-373.0855
3	9	-3568.6677	-379.60587
3	10	-3583.0903	-369.43146
3	11	-3584.2048	-360.28796
3	12	-3587.6606	-362.06247
3	13	-3591.4373	-363.92654
3	14	-3598.029	-354.20364
3	15	-3606.9695	-352.30798
3	16	-3611.7664	-344.48407
3	17	-3620.1394	-342.6346
3	23	-3620.0232	-338.24057
3	25	-3625.31	-333.8961
4	1	-3527.6638	-402.36182
4	2	-3559.5203	-383.79138
4	3	-3599.5532	-348.31656
4	4	-3539.9878	-393.4271
4	5	-3530.2058	-405.6574
4	6	-3575.8691	-370.90137
4	7	-3518.135	-415.2086
4	8	-3566.1812	-373.7594
4	9	-3567.9617	-380.09772
4	10	-3582.6428	-369.75064
4	11	-3583.5208	-360.79642
4	12	-3587.2378	-362.38058
4	13	-3591.045	-364.18204
4	14	-3597.6147	-354.50394
4	15	-3606.6682	-352.52432
4	16	-3611.5461	-344.65826
4	17	-3619.912	-342.825
4	23	-3620.0466	-338.22632
4	25	-3625.31	-333.8961
5	1	-3526.6067	-403.21747
5	2	-3558.8271	-384.31598
5	3	-3599.0789	-348.65656
5	4	-3538.9485	-394.1915
5	5	-3529.3977	-406.30157
5	6	-3575.331	-371.33298
5	7	-3517.2422	-415.8469
5	8	-3565.3105	-374.4421
5	9	-3567.2463	-380.6003
5	10	-3582.1694	-370.0778
5	11	-3582.8325	-361.3147
5	12	-3586.7898	-362.71442
5	13	-3590.6633	-364.43808
5	14	-3597.1802	-354.82047
5	15	-3606.3276	-352.7707
5	16	-3611.2483	-344.89575
5	17	-3619.6313	-342.97614
5	23	-3619.9395	-338.3092
5	25	-3625.31	-333.8961
6	1	-3525.5757	-403.97742
6	2	-3558.1191	-384.85373
6	3	-3598.6023	-349.00714
6	4	-3537.8958	-394.97348
6	5	-3528.5803	-406.911
6	6	-3574.7693	-371.78012
6	7	-3516.336	-416.48877
6	8	-3564.4292	-375.1335
6	9	-3566.5286	-381.0991
6	10	-3581.698	-370.41568
6	11	-3582.1467	-361.83133
6	12	-3586.3562	-363.0457
6	13	-3590.3005	-364.68384
6	14	-3596.7366	-355.14975
6	15	-3606.0134	-352.98788
6	16	-3610.9495	-345.0948
6	17	-3619.3652	-343.16983
6	23	-3619.9426	-338.3169
7	1	-3524.52	-404.75772
7	2	-3557.4087	-385.39163
7	3	-3598.1213	-349.35587
7	4	-3536.8545	-395.74536
7	5	-3527.7637	-407.5047
7	6	-3574.2139	-372.2239
7	7	-3515.4048	-417.16736
7	8	-3563.5393	-375.83203
7	9	-3565.7983	-381.61005
7	10	-3581.2395	-370.7384
7	11	-3581.4824	-362.3178
7	12	-3585.8987	-363.38397
7	13	-3589.901	-364.96326
7	14	-3596.3025	-355.46207
7	15	-3605.6807	-353.21762
7	16	-3610.6726	-345.3073
7	17	-3619.0908	-343.42105
7	23	-3619.7832	-338.4295
8	1	-3523.4688	-405.52322
8	2	-3556.6821	-385.93793
8	3	-3597.655	-349.7379
8	4	-3535.8032	-396.53583
8	5	-3526.9595	-408.11432
8	6	-3573.639	-372.68637
8	7	-3514.465	-417.83942
8	8	-3562.6392	-376.5372
8	9	-3565.075	-382.1103
8	10	-3580.7747	-371.06833
8	11	-3580.7715	-362.83313
8	12	-3585.4485	-363.7333
8	13	-3589.507	-365.23285
8	14	-3595.855	-355.7872
8	15	-3605.3362	-353.46664
8	16	-3610.3237	-345.55063
8	17	-3618.78	-343.63858
9	1	-3522.3906	-406.33786
9	2	-3555.9653	-386.4845
9	3	-3597.1577	-350.11713
9	4	-3534.713	-397.3494
9	5	-3526.1094	-408.7352
9	6	-3573.0344	-373.16272
9	7	-3513.5867	-418.4624
9	8	-3561.7305	-377.24976
9	9	-3564.3425	-382.62552
9	10	-3580.298	-371.3994
9	11	-3580.0173	-363.40173
9	12	-3584.9902	-364.0793
9	13	-3589.069	-365.53525
9	14	-3595.4023	-356.1129
9	15	-3604.9978	-353.706
9	16	-3609.9556	-345.81635
9	17	-3618.4343	-343.89844
9	23	-3619.5745	-338.59686
10	1	-3521.3696	-407.17218
10	2	-3555.2275	-387.0407
10	3	-3596.608	-350.5323
10	4	-3533.6296	-398.17514
10	5	-3525.2908	-409.3569
10	6	-3572.4312	-373.63794
10	7	-3512.6357	-419.1647
10	8	-3560.8108	-377.969
10	9	-3563.6057	-383.1403
10	10	-3579.8135	-371.7539
10	11	-3579.2278	-363.98917
10	12	-3584.5317	-364.42847
10	13	-3588.626	-365.82712
10	14	-3594.9524	-356.4437
10	15	-3604.6162	-353.99106
10	16	-3609.6257	-346.05606
10	17	-3618.0906	-344.1407
11	1	-3520.2979	-407.96973
11	2	-3554.491	-387.59778
11	3	-3596.087	-350.92282
11	4	-3532.5466	-398.9804
11	5	-3524.4758	-409.96326
11	6	-3571.8127	-374.12283
11	7	-3511.6926	-419.84048
11	8	-3559.8804	-378.696
11	9	-3562.8704	-383.6521
11	10	-3579.3386	-372.08307
11	11	-3578.4775	-364.55716
11	12	-3584.0693	-364.77203
11	13	-3588.1882	-366.1326
11	14	-3594.5007	-356.78317
11	15	-3604.2495	-354.25314
11	16	-3609.2537	-346.34103
11	17	-3617.7454	-344.38196
11	23	-3619.3123	-338.66138
12	1	-3519.2466	-408.7643
12	2	-3553.753	-388.15817
12	3	-3595.5417	-351.34235
12	4	-3531.4832	-399.76773
12	5	-3523.658	-410.5494
12	6	-3571.1912	-374.616
12	7	-3510.6924	-420.53546
12	8	-3558.9387	-379.4313
12	9	-3562.119	-384.1805
12	10	-3578.8674	-372.42865
12	11	-3577.7048	-365.12976
12	12	-3583.596	-365.12534
12	13	-3587.7776	-366.43024
12	14	-3594.0544	-357.1083
12	15	-3603.8767	-354.53632
12	16	-3608.859	-346.6118
12	17	-3617.379	-344.66812
12	23	-3619.1125	-338.6845
13	1	-3518.173	-409.58353
13	2	-3553.0046	-388.72723
13	3	-3594.9854	-351.76575
13	4	-3530.4094	-400.59286
13	5	-3522.816	-411.21362
13	6	-3570.5466	-375.1147
13	7	-3509.7405	-421.20804
13	8	-3557.9875	-380.17517
13	9	-3561.378	-384.68512
13	10	-3578.3923	-372.7641
13	11	-3576.948	-365.67236
13	12	-3583.1086	-365.49432
13	13	-3587.3083	-366.73776
13	14	-3593.5898	-357.44946
13	15	-3603.4841	-354.80148
13	16	-3608.4666	-346.90338
13	17	-3616.965	-344.94528
14	1	-3517.1313	-410.40903
14	2	-3552.253	-389.29446
14	3	-3594.3694	-352.20773
14	4	-3529.3096	-401.41837
14	5	-3521.9893	-411.8266
14	6	-3569.8918	-375.62524
14	7	-3508.788	-421.89627
14	8	-3557.0234	-380.92407
14	9	-3560.6267	-385.21567
14	10	-3577.9287	-373.06256
14	11	-3576.1584	-366.2665
14	12	-3582.6208	-365.85416
14	13	-3586.8416	-367.06503
14	14	-3593.1416	-357.78058
14	15	-3603.0916	-355.0546
14	16	-3608.1096	-347.1807
14	17	-3616.5488	-345.19125
15	1	-3516.0178	-411.2045
15	2	-3551.4941	-389.86523
15	3	-3593.8188	-352.64145
15	4	-3528.2307	-402.21536
15	5	-3521.142	-412.42676
15	6	-3569.2402	-376.13287
15	7	-3507.855	-422.54767
15	8	-3556.0503	-381.68112
15	9	-3559.8765	-385.74692
15	10	-3577.4312	-373.43234
15	11	-3575.3813	-366.83786
15	12	-3582.116	-366.23166
15	13	-3586.422	-367.35306
15	14	-3592.6975	-358.1028
15	15	-3602.6775	-355.33878
15	16	-3607.7214	-347.4491
15	17	-3616.1035	-345.53802
15	23	-3618.277	-338.3926
16	1	-3514.9631	-412.00583
16	2	-3550.725	-390.44467
16	3	-3593.2354	-353.08667
16	4	-3527.1536	-403.02274
16	5	-3520.302	-413.0683
16	6	-3568.5747	-376.64886
16	7	-3506.8838	-423.2565
16	8	-3555.0671	-382.44385
16	9	-3559.122	-386.2861
16	10	-3576.9524	-373.75885
16	11	-3574.5525	-367.4455
16	12	-3581.6038	-366.60544
16	13	-3585.9587	-367.6661
16	14	-3592.26	-358.44095
16	15	-3602.2659	-355.6874
16	16	-3607.328	-347.76825
17	1	-3513.8704	-412.76096
17	2	-3549.9482	-391.03082
17	3	-3592.6987	-353.50027
17	4	-3526.096	-403.8128
17	5	-3519.5195	-413.61954
17	6	-3567.8943	-377.17642
17	7	-3505.881	-423.9583
17	8	-3554.075	-383.2119
17	9	-3558.3552	-386.81885
17	10	-3576.453	-374.10297
17	11	-3573.7595	-368.03317
17	12	-3581.0928	-366.9799
17	13	-3585.5347	-367.98074
17	14	-3591.8115	-358.75723
17	15	-3601.8418	-355.94495
17	16	-3606.9485	-348.07614
17	17	-3615.2517	-346.17383
18	1	-3512.7993	-413.58008
18	2	-3549.1763	-391.61383
18	3	-3592.0642	-353.96854
18	4	-3525.0137	-404.6202
18	5	-3518.6458	-414.27158
18	6	-3567.2122	-377.69928
18	7	-3504.9146	-424.6507
18	8	-3553.0715	-383.98535
18	9	-3557.6013	-387.35272
18	10	-3575.9656	-374.43576
18	11	-3572.9124	-368.6523
18	12	-3580.5786	-367.35544
18	13	-3585.0505	-368.32086
18	14	-3591.3884	-359.08286
18	15	-3601.3882	-356.25424
18	16	-3606.4917	-348.39423
19	1	-3511.73	-414.329
19	2	-3548.3855	-392.20746
19	3	-3591.4395	-354.42395
19	4	-3523.9177	-405.4406
19	5	-3517.805	-414.8591
19	6	-3566.5469	-378.2134
19	7	-3503.9495	-425.33847
19	8	-3552.0588	-384.76584
19	9	-3556.8416	-387.8876
19	10	-3575.4678	-374.79977
19	11	-3572.0535	-369.30658
19	12	-3580.094	-367.70926
19	13	-3584.5642	-368.64062
19	14	-3590.9539	-359.38995
19	15	-3600.952	-356.5639
20	1	-3510.6401	-415.10278
20	2	-3547.5977	-392.80798
20	3	-3590.8208	-354.89288
20	4	-3522.857	-406.2491
20	5	-3516.9233	-415.53036
20	6	-3565.8467	-378.74863
20	7	-3502.946	-426.03586
20	8	-3551.0364	-385.55164
20	9	-3556.0864	-388.41965
20	10	-3574.9458	-375.1523
20	11	-3571.1687	-369.96735
20	12	-3579.5627	-368.09427
20	13	-3584.1125	-368.9794
20	14	-3590.5376	-359.7057
20	15	-3600.4885	-356.83453
20	16	-3605.6902	-349.0009
21	1	-3509.5789	-415.8898
21	2	-3546.8025	-393.40753
21	3	-3590.2036	-355.36896
21	4	-3521.7637	-407.0506
21	5	-3516.0894	-416.12534
21	6	-3565.1543	-379.2779
21	7	-3501.967	-426.71878
21	8	-3550.0046	-386.34225
21	9	-3555.3105	-388.96295
21	10	-3574.4346	-375.53867
21	11	-3570.3357	-370.58472
21	12	-3579.0522	-368.47702
21	13	-3583.6096	-369.33267
21	14	-3590.099	-360.0248
21	15	-3600.014	-357.1823
21	16	-3605.276	-349.25092
22	1	-3508.4932	-416.64355
22	2	-3545.9944	-394.01276
22	3	-3589.5608	-355.83856
22	4	-3520.6978	-407.85272
22	5	-3515.2197	-416.7442
22	6	-3564.4504	-379.81387
22	7	-3500.948	-427.41708
22	8	-3548.964	-387.138
22	9	-3554.5388	-389.51294
22	10	-3573.9214	-375.88257
22	11	-3569.499	-371.2167
22	12	-3578.5151	-368.8674
22	13	-3583.1218	-369.67648
22	14	-3589.6719	-360.34094
22	15	-3599.5383	-357.46857
22	16	-3604.9402	-349.47354
23	1	-3507.3936	-417.4386
23	2	-3545.1807	-394.6292
23	3	-3588.9236	-356.31134
23	4	-3519.6372	-408.6418
23	5	-3514.3652	-417.3395
23	6	-3563.7312	-380.36026
23	7	-3499.952	-428.0866
23	8	-3547.9163	-387.9393
23	9	-3553.7673	-390.05484
23	10	-3573.3762	-376.23572
23	11	-3568.6191	-371.87384
23	12	-3577.9863	-369.25134
23	13	-3582.6455	-370.02267
23	14	-3589.215	-360.6901
23	15	-3599.0334	-357.82574
24	1	-3506.3276	-418.18732
24	2	-3544.373	-395.23132
24	3	-3588.2512	-356.8273
24	4	-3518.5635	-409.44632
24	5	-3513.4792	-417.99652
24	6	-3563.0369	-380.8896
24	7	-3498.932	-428.782
24	8	-3546.8618	-388.74277
24	9	-3552.984	-390.60263
24	10	-3572.882	-376.60345
24	11	-3567.728	-372.5353
24	12	-3577.4243	-369.66354
24	13	-3582.152	-370.36783
24	14	-3588.7559	-361.02686
24	15	-3598.5322	-358.1481
24	16	-3604.8276	-349.53168
25	1	-3505.1782	-418.92545
25	2	-3543.55	-395.8473
25	3	-3587.5754	-357.32065
25	4	-3517.4917	-410.21146
25	5	-3512.586	-418.624
25	6	-3562.3218	-381.4345
25	7	-3497.9026	-429.4755
25	8	-3545.8018	-389.5514
25	9	-3552.2122	-391.15012
25	10	-3572.3484	-376.93997
25	11	-3566.865	-373.18295
25	12	-3576.8848	-370.06314
25	13	-3581.6306	-370.75006
25	14	-3588.2756	-361.39127
25	15	-3598.0188	-358.45343
26	1	-3504.1328	-419.64255
26	2	-3542.7104	-396.46878
26	3	-3586.8538	-357.8638
26	4	-3516.408	-411.02106
26	5	-3511.6892	-419.27142
26	6	-3561.5903	-381.98688
26	7	-3496.8953	-430.13715
26	8	-3544.734	-390.3603
26	9	-3551.446	-391.6933
26	10	-3571.8584	-377.29987
26	11	-3565.9346	-373.8906
26	12	-3576.311	-370.47556
26	13	-3581.16	-371.0856
26	14	-3587.7598	-361.75293
26	15	-3597.5269	-358.84805
27	1	-3503.0518	-420.399
27	2	-3541.8757	-397.0877
27	3	-3586.1042	-358.44235
27	4	-3515.3064	-411.83755
27	5	-3510.785	-419.92712
27	6	-3560.8677	-382.5337
27	7	-3495.8809	-430.8635
27	8	-3543.6572	-391.17212
27	9	-3550.669	-392.24228
27	10	-3571.3022	-377.66528
27	11	-3565.0183	-374.57013
27	12	-3575.7727	-370.8651
27	13	-3580.6606	-371.43564
27	14	-3587.258	-362.12704
27	15	-3597.0144	-359.19034
28	1	-3502.0015	-421.12378
28	2	-3541.032	-397.71585
28	3	-3585.4165	-358.95856
28	4	-3514.22	-412.64294
28	5	-3509.8757	-420.5288
28	6	-3560.154	-383.06323
28	7	-3494.8271	-431.52054
28	8	-3542.5725	-391.9874
28	9	-3549.8958	-392.78387
28	10	-3570.736	-378.0257
28	11	-3564.0996	-375.27142
28	12	-3575.1829	-371.2854
28	13	-3580.1587	-371.8233
28	14	-3586.7588	-362.50034
28	15	-3596.535	-359.49042
29	1	-3500.9119	-421.8935
29	2	-3540.1628	-398.34933
29	3	-3584.6985	-359.45953
29	4	-3513.1125	-413.44046
29	5	-3508.9717	-421.15247
29	6	-3559.425	-383.622
29	7	-3493.7878	-432.21454
29	8	-3541.4827	-392.80154
29	9	-3549.1257	-393.32843
29	11	-3563.192	-375.94284
29	12	-3574.6362	-371.68643
29	13	-3579.6726	-372.15747
29	14	-3586.2642	-362.88354
29	15	-3596.0076	-359.8484
30	1	-3499.874	-422.62817
30	2	-3539.3071	-398.9779
30	3	-3583.9177	-360.04385
30	4	-3511.9893	-414.2628
30	5	-3508.058	-421.8051
30	6	-3558.6814	-384.17743
30	7	-3492.782	-432.87042
30	8	-3540.394	-393.61588
30	9	-3548.345	-393.8895
30	11	-3562.2375	-376.6565
30	12	-3574.0603	-372.10107
30	13	-3579.1907	-372.5133
30	14	-3585.7478	-363.27213
30	15	-3595.5254	-360.15024
31	1	-3498.8323	-423.34
31	2	-3538.4353	-399.61945
31	3	-3583.158	-360.5673
31	4	-3510.8708	-415.069
31	5	-3507.1362	-422.4738
31	6	-3557.9443	-384.72873
31	7	-3491.714	-433.58282
31	8	-3539.3037	-394.42596
31	9	-3547.5608	-394.44064
31	11	-3561.264	-377.38882
31	12	-3573.472	-372.52756
31	13	-3578.7173	-372.85632
31	14	-3585.2053	-363.67087
31	15	-3595.0103	-360.41495
32	1	-3497.7783	-424.07617
32	2	-3537.552	-400.26935
32	3	-3582.3909	-361.1266
32	4	-3509.7556	-415.86032
32	5	-3506.2095	-423.09756
32	6	-3557.1997	-385.29196
32	7	-3490.6714	-434.26752
32	8	-3538.2131	-395.23453
32	9	-3546.7708	-395.0005
32	11	-3560.303	-378.1261
32	12	-3572.8826	-372.96332
32	13	-3578.237	-373.17972
32	14	-3584.6943	-364.03766
32	15	-3594.5068	-360.7909
33	1	-3496.739	-424.79468
33	2	-3536.674	-400.9151
33	3	-3581.667	-361.6534
33	4	-3508.6265	-416.65674
33	5	-3505.267	-423.7472
33	6	-3556.4514	-385.85635
33	7	-3489.5964	-434.9495
33	8	-3537.122	-396.04343
33	9	-3545.9827	-395.56332
33	11	-3559.35	-378.83954
33	12	-3572.3076	-373.3833
33	13	-3577.7383	-373.53497
33	14	-3584.1814	-364.44055
33	15	-3593.9946	-361.07404
34	1	-3495.69	-425.48538
34	2	-3535.7698	-401.56577
34	3	-3580.8823	-362.24246
34	4	-3507.4695	-417.4938
34	5	-3504.3347	-424.40894
34	6	-3555.7083	-386.41486
34	7	-3488.5168	-435.6623
34	8	-3536.0327	-396.85397
34	9	-3545.1992	-396.11865
34	11	-3558.3455	-379.60153
34	12	-3571.7043	-373.8298
34	13	-3577.243	-373.89624
34	14	-3583.65	-364.81467
34	15	-3593.4883	-361.41473
35	1	-3494.6191	-426.18155
35	2	-3534.869	-402.21716
35	3	-3580.0862	-362.8266
35	4	-3506.298	-418.31802
35	5	-3503.3767	-425.0519
35	6	-3554.9587	-386.97278
35	7	-3487.46	-436.33484
35	8	-3534.9438	-397.66364
35	9	-3544.4163	-396.67703
35	11	-3557.3381	-380.37228
35	12	-3571.1138	-374.26608
35	13	-3576.7446	-374.21997
35	14	-3583.1077	-365.22052
35	15	-3592.9905	-361.73703
36	1	-3493.5725	-426.87317
36	2	-3533.9453	-402.89902
36	3	-3579.3074	-363.40707
36	4	-3505.138	-419.1234
36	5	-3502.407	-425.7328
36	6	-3554.2295	-387.5249
36	7	-3486.338	-437.05936
36	8	-3533.856	-398.47205
36	9	-3543.6064	-397.2506
36	11	-3556.3333	-381.14304
36	12	-3570.5156	-374.69943
36	13	-3576.2476	-374.57568
36	14	-3582.5833	-365.6308
36	15	-3592.4438	-362.09457
37	1	-3492.5293	-427.5778
37	2	-3533.0076	-403.5758
37	3	-3578.564	-363.96317
37	4	-3503.9731	-419.92102
37	5	-3501.4312	-426.38837
37	6	-3553.476	-388.09088
37	7	-3485.2542	-437.74973
37	8	-3532.7664	-399.27875
37	9	-3542.801	-397.81607
37	11	-3555.3572	-381.8751
37	12	-3569.9048	-375.1524
37	13	-3575.748	-374.90836
37	14	-3582.0227	-366.0223
37	15	-3591.903	-362.37656
38	1	-3491.4592	-428.28265
38	2	-3532.071	-404.24863
38	3	-3577.7344	-364.571
38	4	-3502.7913	-420.73492
38	5	-3500.498	-427.02057
38	6	-3552.7417	-388.63718
38	7	-3484.1697	-438.43436
38	8	-3531.6768	-400.0872
38	9	-3541.976	-398.404
38	11	-3554.3455	-382.63824
38	12	-3569.2876	-375.61328
38	13	-3575.219	-375.28296
38	14	-3581.4612	-366.41934
38	15	-3591.3982	-362.72186
39	1	-3490.446	-428.9551
39	2	-3531.116	-404.95828
39	3	-3576.9592	-365.18454
39	4	-3501.6165	-421.5331
39	5	-3499.5247	-427.70255
39	6	-3551.9795	-389.2063
39	7	-3483.0586	-439.15427
39	8	-3530.5874	-400.89355
39	9	-3541.1616	-398.97638
39	11	-3553.3464	-383.39764
39	12	-3568.7046	-376.03973
39	13	-3574.7563	-375.62137
39	14	-3580.9314	-366.82925
39	15	-3590.8433	-363.1304
39	19	-3460.7551	-383.29974
40	1	-3489.376	-429.65454
40	2	-3530.17	-405.6598
40	3	-3576.1367	-365.80054
40	4	-3500.4238	-422.34335
40	5	-3498.5542	-428.36563
40	6	-3551.2476	-389.7652
40	7	-3481.938	-439.86176
40	8	-3529.4988	-401.70132
40	9	-3540.3398	-399.55157
40	11	-3552.3582	-384.14563
40	12	-3568.1116	-376.46332
40	13	-3574.2085	-375.97934
40	14	-3580.348	-367.21603
40	15	-3590.3054	-363.46634
40	19	-3460.7551	-383.29974
41	1	-3488.3242	-430.3547
41	2	-3529.2017	-406.37787
41	3	-3575.3352	-366.42676
41	4	-3499.2456	-423.12683
41	5	-3497.5361	-429.00446
41	6	-3550.4937	-390.33002
41	7	-3480.8027	-440.5438
41	8	-3528.4058	-402.50806
41	9	-3539.5032	-400.13977
41	11	-3551.3286	-384.93475
41	12	-3567.5076	-376.93198
41	13	-3573.6406	-376.36166
41	14	-3579.8018	-367.6191
41	15	-3589.7449	-363.79868
41	19	-3460.7551	-383.29974
41	21	-3481.6208	-372.98358
42	1	-3487.285	-431.03433
42	2	-3528.2249	-407.1105
42	3	-3574.532	-367.03378
42	4	-3498.0645	-423.92383
42	5	-3496.5479	-429.68427
42	6	-3549.7375	-390.89197
42	7	-3479.6226	-441.26883
42	8	-3527.3108	-403.31763
42	9	-3538.6487	-400.7419
42	11	-3550.3262	-385.68835
42	12	-3566.8865	-377.37943
42	13	-3573.13	-376.74295
42	14	-3579.2278	-368.03403
42	15	-3589.2222	-364.14758
42	21	-3481.6208	-372.98358
43	1	-3486.3052	-431.67285
43	2	-3527.242	-407.83456
43	3	-3573.6978	-367.66043
43	4	-3496.865	-424.70355
43	5	-3495.5427	-430.355
43	6	-3548.987	-391.45837
43	7	-3478.4565	-441.9751
43	8	-3526.2114	-404.12793
43	9	-3537.794	-401.33997
43	11	-3549.3328	-386.44672
43	12	-3566.2903	-377.8392
43	13	-3572.553	-377.1431
43	14	-3578.6904	-368.42502
43	15	-3588.7065	-364.58115
43	21	-3481.6208	-372.98358
43	24	-3469.398	-405.783
44	1	-3485.2664	-432.3443
44	2	-3526.2537	-408.57303
44	3	-3572.8733	-368.2772
44	4	-3495.7168	-425.4819
44	5	-3494.5522	-430.99268
44	6	-3548.2202	-392.031
44	7	-3477.3914	-442.64325
44	8	-3525.1077	-404.9388
44	9	-3536.8887	-401.97614
44	11	-3548.3381	-387.1999
44	12	-3565.701	-378.28598
44	13	-3571.9946	-377.53415
44	14	-3578.119	-368.78055
44	15	-3588.213	-364.9105
44	19	-3460.7551	-383.29974
44	24	-3468.9543	-405.93646
45	1	-3484.2239	-432.99387
45	2	-3525.2505	-409.32425
45	3	-3572.0525	-368.8842
45	4	-3494.5425	-426.26773
45	5	-3493.5461	-431.65314
45	6	-3547.4585	-392.6023
45	7	-3476.194	-443.36792
45	8	-3523.9985	-405.7515
45	9	-3536.0076	-402.59207
45	11	-3547.302	-387.98874
45	12	-3565.11	-378.7109
45	13	-3571.432	-377.9293
45	14	-3577.4785	-369.23956
45	15	-3587.6672	-365.3227
45	19	-3460.7551	-383.29974
45	24	-3468.3853	-406.01633
46	1	-3483.121	-433.68356
46	2	-3524.257	-410.06662
46	3	-3571.2231	-369.52
46	4	-3493.3894	-427.03387
46	5	-3492.5571	-432.31357
46	6	-3546.7053	-393.16492
46	7	-3475.0286	-444.0726
46	8	-3522.8857	-406.565
46	9	-3535.1038	-403.23322
46	11	-3546.3032	-388.74194
46	12	-3564.5144	-379.1661
46	13	-3570.8848	-378.31476
46	14	-3576.8945	-369.60092
46	15	-3586.9958	-365.6517
46	19	-3460.7551	-383.29974
46	22	-3486.5134	-370.78622
46	24	-3467.8816	-406.17145
47	1	-3482.0222	-434.4017
47	2	-3523.237	-410.82663
47	3	-3570.3645	-370.13525
47	4	-3492.245	-427.79135
47	5	-3491.5396	-432.98532
47	6	-3545.9175	-393.74857
47	7	-3473.8823	-444.75186
47	8	-3521.7659	-407.3802
47	9	-3534.1838	-403.8784
47	11	-3545.299	-389.50198
47	12	-3563.9648	-379.60245
47	13	-3570.3408	-378.70657
47	14	-3576.2964	-370.05103
47	19	-3460.7551	-383.29974
47	21	-3481.6208	-372.98358
47	22	-3486.5134	-370.78622
47	24	-3467.5222	-406.2641
48	2	-3522.1978	-411.56693
48	3	-3569.504	-370.78683
48	4	-3491.1023	-428.55023
48	5	-3490.5317	-433.63513
48	6	-3545.174	-394.30432
48	7	-3472.704	-445.43018
48	8	-3520.6406	-408.1956
48	9	-3533.2405	-404.54257
48	11	-3544.308	-390.26218
48	12	-3563.4595	-379.9947
48	13	-3569.7852	-379.0733
48	14	-3575.612	-370.46927
48	19	-3460.7551	-383.29974
48	21	-3481.6208	-372.98358
48	22	-3486.5134	-370.78622
48	24	-3467.13	-406.35104
49	1	-3479.7712	-435.86475
49	2	-3521.1553	-412.31308
49	3	-3568.6567	-371.4373
49	4	-3489.96	-429.2719
49	5	-3489.516	-434.30588
49	6	-3544.3818	-394.90408
49	7	-3471.5068	-446.17694
49	8	-3519.5107	-409.00925
49	9	-3532.268	-405.21902
49	11	-3543.286	-391.03052
49	12	-3562.9626	-380.33392
49	13	-3569.2024	-379.47656
49	14	-3574.966	-370.9058
49	18	-3558.11	-386.41068
49	19	-3460.7551	-383.29974
49	20	-3504.0376	-381.59546
49	21	-3481.6208	-372.98358
49	22	-3486.5134	-370.78622
49	24	-3467.0366	-406.41187
50	2	-3520.1006	-413.07556
50	3	-3567.811	-372.05484
50	4	-3488.8237	-430.0213
50	5	-3488.474	-434.97073
50	6	-3543.6318	-395.45773
50	7	-3470.2583	-446.8947
50	8	-3518.3774	-409.8213
50	9	-3531.2905	-405.9022
50	11	-3542.2783	-391.79257
50	12	-3562.322	-380.79346
50	13	-3568.654	-379.8411
50	14	-3574.415	-371.25482
50	18	-3557.3499	-386.98074
50	19	-3460.7551	-383.29974
50	20	-3503.5027	-381.9286
50	21	-3481.6208	-372.98358
50	22	-3486.5134	-370.78622
50	24	-3466.754	-406.39465
51	2	-3519.0325	-413.84818
51	3	-3566.927	-372.71613
51	4	-3487.6946	-430.7795
51	5	-3487.4575	-435.6438
51	6	-3542.8818	-396.01636
51	7	-3469.0598	-447.60522
51	8	-3517.2441	-410.63196
51	9	-3530.2869	-406.6099
51	11	-3541.2783	-392.54556
51	12	-3561.62	-381.35007
51	13	-3568.0627	-380.2421
51	14	-3573.7954	-371.62064
51	18	-3556.7212	-387.37247
51	21	-3481.6208	-372.98358
51	24	-3467.886	-406.05142
52	2	-3517.9568	-414.6304
52	3	-3566.0686	-373.3535
52	4	-3486.5764	-431.48627
52	5	-3486.4512	-436.2725
52	6	-3542.1096	-396.5927
52	7	-3467.8396	-448.32196
52	8	-3516.109	-411.4405
52	9	-3529.2656	-407.31537
52	11	-3540.283	-393.29385
52	12	-3560.8362	-381.93124
52	13	-3567.5278	-380.61148
52	14	-3573.2349	-372.08002
52	18	-3555.9749	-387.88992
52	19	-3460.7551	-383.29974
52	20	-3500.928	-383.54004
52	21	-3481.6208	-372.98358
52	22	-3486.5134	-370.78622
53	1	-3475.3005	-438.76376
53	2	-3516.8535	-415.41885
53	3	-3565.1653	-374.03772
53	4	-3485.4453	-432.22055
53	5	-3485.407	-436.94525
53	6	-3541.3523	-397.14844
53	7	-3466.6218	-449.0143
53	8	-3514.9705	-412.24683
53	9	-3528.2212	-408.0442
53	11	-3539.2954	-394.0352
53	12	-3560.1147	-382.44357
53	13	-3566.9526	-381.0046
53	14	-3572.5857	-372.4623
53	18	-3555.2104	-388.39523
53	19	-3460.7551	-383.29974
53	20	-3500.0007	-384.12756
53	21	-3481.6208	-372.98358
53	22	-3486.5134	-370.78622
54	2	-3515.7598	-416.2085
54	3	-3564.2769	-374.66595
54	4	-3484.3508	-432.94254
54	5	-3484.387	-437.57285
54	6	-3540.5952	-397.7181
54	7	-3465.3674	-449.74747
54	8	-3513.8328	-413.0539
54	9	-3527.1846	-408.7689
54	11	-3538.291	-394.78394
54	12	-3559.4634	-382.93066
54	13	-3566.383	-381.38702
54	14	-3571.9482	-372.92358
54	18	-3554.5254	-388.85602
54	19	-3460.7551	-383.29974
54	20	-3499.0415	-384.7121
54	21	-3481.6208	-372.98358
54	22	-3486.5134	-370.78622
55	1	-3473.6003	-439.8351
55	2	-3514.6545	-416.9973
55	3	-3563.3765	-375.34003
55	4	-3483.2263	-433.65054
55	5	-3483.3486	-438.22275
55	6	-3539.8086	-398.30124
55	7	-3464.127	-450.45898
55	8	-3512.698	-413.86023
55	9	-3526.138	-409.4898
55	11	-3537.277	-395.545
55	12	-3558.813	-383.43387
55	13	-3565.8167	-381.78992
55	14	-3571.2913	-373.37927
55	18	-3553.808	-389.34015
55	19	-3460.7551	-383.29974
55	20	-3498.0823	-385.2922
55	21	-3481.6208	-372.98358
55	22	-3486.5134	-370.78622
55	24	-3465.7573	-406.6681
56	1	-3472.6243	-440.46555
56	2	-3513.5486	-417.7818
56	3	-3562.4714	-376.0171
56	4	-3482.1248	-434.3556
56	5	-3482.278	-438.90063
56	6	-3539.031	-398.88013
56	7	-3462.852	-451.1694
56	8	-3511.56	-414.6613
56	9	-3525.0728	-410.23596
56	11	-3536.2905	-396.2708
56	12	-3558.1997	-383.87454
56	13	-3565.2236	-382.18372
56	14	-3570.6292	-373.8346
56	18	-3553.0796	-389.8169
56	20	-3497.1628	-385.84015
56	21	-3481.6208	-372.98358
56	22	-3486.5134	-370.78622
57	1	-3471.411	-441.1856
57	2	-3512.4395	-418.56967
57	3	-3561.57	-376.68948
57	4	-3481.0476	-435.05557
57	5	-3481.2495	-439.5359
57	6	-3538.2588	-399.4594
57	7	-3461.593	-451.88177
57	8	-3510.4229	-415.4613
57	9	-3523.9858	-410.98483
57	11	-3535.2905	-397.01654
57	12	-3557.5532	-384.3433
57	13	-3564.6333	-382.58148
57	14	-3569.938	-374.27475
57	18	-3552.3486	-390.3125
57	20	-3496.1755	-386.43375
57	21	-3481.6208	-372.98358
57	22	-3486.5134	-370.78622
58	1	-3470.147	-441.9783
58	2	-3511.3228	-419.3709
58	3	-3560.6787	-377.3599
58	4	-3479.945	-435.74875
58	5	-3480.2231	-440.20743
58	6	-3537.4648	-400.0503
58	7	-3460.329	-452.571
58	8	-3509.29	-416.25952
58	9	-3522.9187	-411.7337
58	11	-3534.2473	-397.79984
58	12	-3556.96	-384.77484
58	13	-3564.0583	-383.00668
58	14	-3569.2693	-374.73755
58	18	-3551.587	-390.81702
58	19	-3460.7551	-383.29974
58	20	-3495.2615	-386.98676
58	22	-3486.5134	-370.78622
59	1	-3468.794	-442.7585
59	2	-3510.1855	-420.16925
59	3	-3559.7766	-378.0276
59	4	-3478.8767	-436.43762
59	5	-3479.139	-440.85617
59	6	-3536.685	-400.62308
59	7	-3459.0508	-453.291
59	8	-3508.1646	-417.0519
59	9	-3521.8174	-412.49167
59	11	-3533.2412	-398.5396
59	12	-3556.3933	-385.1961
59	13	-3563.4194	-383.39682
59	14	-3568.5151	-375.14377
59	18	-3550.8494	-391.3154
60	1	-3467.866	-443.29288
60	2	-3509.053	-420.96304
60	3	-3558.8708	-378.71774
60	4	-3477.7705	-437.10846
60	5	-3478.1104	-441.50174
60	6	-3535.8914	-401.21838
60	7	-3457.7441	-454.00183
60	8	-3507.0437	-417.83853
60	9	-3520.7334	-413.2408
60	11	-3532.2595	-399.2623
60	12	-3555.692	-385.7165
60	13	-3562.8452	-383.80008
60	14	-3567.8247	-375.64954
60	18	-3550.158	-391.7573
60	19	-3460.7551	-383.29974
60	20	-3493.3857	-388.1349
60	21	-3481.6208	-372.98358
61	1	-3466.9565	-443.8382
61	2	-3507.921	-421.75
61	3	-3557.9363	-379.4295
61	4	-3476.7039	-437.7686
61	5	-3477.0388	-442.15228
61	6	-3535.0908	-401.8139
61	7	-3456.4512	-454.71597
61	8	-3505.9233	-418.6212
61	9	-3519.6145	-414.0211
61	11	-3531.2559	-400.00116
61	12	-3555.0522	-386.17227
61	13	-3562.2227	-384.25128
61	14	-3567.1174	-376.07697
61	18	-3549.459	-392.2524
61	19	-3460.7551	-383.29974
61	20	-3492.557	-388.68335
62	1	-3465.949	-444.4077
62	2	-3506.7861	-422.5521
62	3	-3557.0188	-380.0932
62	4	-3475.6306	-438.4579
62	5	-3475.994	-442.7992
62	6	-3534.2979	-402.40738
62	7	-3455.152	-455.43787
62	8	-3504.8086	-419.40533
62	9	-3518.5127	-414.78265
62	11	-3530.2505	-400.7484
62	12	-3554.3835	-386.67392
62	13	-3561.5415	-384.7039
62	14	-3566.3345	-376.574
62	18	-3548.776	-392.6978
62	20	-3491.6147	-389.17145
62	21	-3481.6208	-372.98358
63	1	-3464.8696	-445.04922
63	2	-3505.6487	-423.3345
63	3	-3556.049	-380.80548
63	4	-3474.5535	-439.11752
63	5	-3474.91	-443.47488
63	6	-3533.4763	-403.01624
63	7	-3453.888	-456.09903
63	8	-3503.7007	-420.1823
63	9	-3517.4011	-415.5522
63	11	-3529.2124	-401.5125
63	12	-3553.8481	-387.1101
63	13	-3561.0034	-385.07242
63	14	-3565.6162	-377.04648
63	18	-3548.0698	-393.1826
63	20	-3490.7268	-389.69525
63	21	-3481.6208	-372.98358
63	22	-3486.5134	-370.78622
64	1	-3463.7817	-445.6985
64	2	-3504.5203	-424.12595
64	3	-3555.146	-381.51434
64	4	-3473.479	-439.77832
64	5	-3473.8608	-444.11517
64	6	-3532.6558	-403.6179
64	7	-3452.5723	-456.81238
64	8	-3502.595	-420.95444
64	9	-3516.2764	-416.3273
64	11	-3528.2087	-402.25302
64	12	-3553.1	-387.62723
64	13	-3560.3523	-385.4997
64	14	-3564.8608	-377.53018
64	18	-3547.3157	-393.68216
64	20	-3489.8105	-390.19077
64	22	-3486.5134	-370.78622
65	1	-3462.6511	-446.36435
65	2	-3503.3887	-424.9057
65	3	-3554.1653	-382.24664
65	4	-3472.403	-440.4388
65	5	-3472.783	-444.74655
65	6	-3531.844	-404.22775
65	7	-3451.2373	-457.5543
65	8	-3501.49	-421.7255
65	9	-3515.156	-417.09964
65	11	-3527.206	-403.00467
65	12	-3552.4548	-388.08432
65	13	-3559.7253	-385.93262
65	14	-3564.1565	-378.0255
65	18	-3546.6086	-394.1654
65	22	-3486.5134	-370.78622
66	1	-3461.5105	-447.04044
66	2	-3502.2422	-425.68408
66	3	-3553.205	-382.9647
66	4	-3471.3333	-441.06778
66	5	-3471.7124	-445.4015
66	6	-3531.0308	-404.8264
66	7	-3449.9155	-458.2253
66	8	-3500.3857	-422.49243
66	9	-3514.025	-417.8857
66	11	-3526.1658	-403.7604
66	12	-3551.8464	-388.5551
66	13	-3559.11	-386.35788
66	14	-3563.3762	-378.51462
66	18	-3545.952	-394.6105
66	19	-3460.7551	-383.29974
67	1	-3460.373	-447.6759
67	2	-3501.1123	-426.4505
67	3	-3552.2507	-383.67322
67	4	-3470.2554	-441.7215
67	5	-3470.642	-446.0439
67	6	-3530.1904	-405.45242
67	7	-3448.5735	-458.9459
67	8	-3499.2837	-423.25436
67	9	-3512.9011	-418.6554
67	11	-3525.147	-404.52438
67	12	-3551.2058	-389.0014
67	13	-3558.4766	-386.80225
67	14	-3562.575	-379.05844
67	18	-3545.246	-395.09482
67	19	-3460.7551	-383.29974
68	1	-3459.226	-448.33298
68	2	-3499.961	-427.22018
68	3	-3551.3142	-384.39462
68	4	-3469.1804	-442.386
68	5	-3469.5532	-446.68814
68	6	-3529.35	-406.08112
68	7	-3447.2837	-459.62112
68	8	-3498.1829	-424.0125
68	9	-3511.7485	-419.44305
68	11	-3524.0974	-405.30093
68	12	-3550.6597	-389.42267
68	13	-3557.8418	-387.21872
68	14	-3561.7705	-379.55182
68	18	-3544.5034	-395.5911
68	19	-3460.7551	-383.29974
69	1	-3458.0706	-448.96988
69	2	-3498.8481	-427.9877
69	3	-3550.3337	-385.0936
69	4	-3468.0999	-443.0432
69	5	-3468.475	-447.33942
69	6	-3528.5605	-406.65967
69	7	-3445.9255	-460.3068
69	8	-3497.0835	-424.76385
69	9	-3510.5854	-420.23633
69	11	-3523.075	-406.0591
69	12	-3550.245	-389.7259
69	13	-3557.305	-387.5891
69	14	-3560.8015	-380.14194
69	18	-3543.8179	-396.07898
69	19	-3460.7551	-383.29974
69	20	-3485.4934	-392.7392
69	21	-3481.6208	-372.98358
70	1	-3456.8638	-449.6569
70	2	-3497.7131	-428.7369
70	3	-3549.3225	-385.86398
70	4	-3467.029	-443.6749
70	5	-3467.3718	-448.00626
70	6	-3527.7058	-407.30383
70	7	-3444.595	-461.00137
70	8	-3495.9844	-425.51022
70	9	-3509.442	-421.01706
70	11	-3522.0183	-406.8408
70	12	-3549.609	-390.1701
70	13	-3556.6787	-388.0438
70	18	-3543.112	-396.55835
70	20	-3484.706	-393.1393
70	21	-3481.6208	-372.98358
70	22	-3486.5134	-370.78622
71	1	-3455.6997	-450.25864
71	2	-3496.5881	-429.4955
71	3	-3548.358	-386.59946
71	4	-3465.9277	-444.33908
71	5	-3466.2798	-448.63275
71	6	-3526.857	-407.92978
71	7	-3443.2239	-461.69907
71	8	-3494.8865	-426.2509
71	9	-3508.295	-421.79947
71	11	-3520.979	-407.60315
71	12	-3549.0305	-390.60486
71	13	-3555.915	-388.5563
71	18	-3542.4067	-397.02646
71	20	-3483.8777	-393.543
71	21	-3481.6208	-372.98358
71	22	-3486.5134	-370.78622
72	1	-3454.5486	-450.8972
72	2	-3495.4583	-430.25198
72	3	-3547.3672	-387.32077
72	4	-3464.8206	-444.985
72	5	-3465.1667	-449.2901
72	6	-3525.9888	-408.5701
72	7	-3441.8784	-462.3827
72	8	-3493.7905	-426.98596
72	9	-3507.135	-422.59427
72	11	-3519.9163	-408.3847
72	12	-3548.4026	-391.06396
72	13	-3555.369	-388.93256
72	18	-3541.7505	-397.46475
73	1	-3453.3596	-451.556
73	2	-3494.3271	-430.99298
73	3	-3546.3955	-388.05408
73	4	-3463.7139	-445.65707
73	5	-3464.0798	-449.95346
73	6	-3525.122	-409.21414
73	7	-3440.5342	-463.08313
73	8	-3492.6938	-427.71555
73	9	-3505.9478	-423.39868
73	11	-3518.8108	-409.18405
73	12	-3547.747	-391.5418
73	18	-3541.044	-397.92023
73	20	-3482.128	-394.5527
74	1	-3452.1965	-452.16663
74	2	-3493.215	-431.74768
74	3	-3545.4092	-388.7931
74	4	-3462.5671	-446.32605
74	5	-3462.9695	-450.5921
74	6	-3524.2034	-409.8976
74	7	-3439.144	-463.77078
74	8	-3491.5972	-428.4413
74	9	-3504.7737	-424.19287
74	11	-3517.7615	-409.93646
74	12	-3547.073	-392.04514
74	13	-3554.0115	-389.9509
74	18	-3540.2239	-398.47214
74	22	-3486.5134	-370.78622
75	1	-3451.005	-452.80038
75	2	-3492.0928	-432.47556
75	3	-3544.401	-389.5128
75	4	-3461.4268	-447.00687
75	5	-3461.8748	-451.2119
75	6	-3523.3372	-410.54596
75	7	-3437.7625	-464.4601
75	8	-3490.5	-429.16287
75	9	-3503.604	-424.9816
75	11	-3516.6755	-410.72623
75	12	-3546.3677	-392.4933
75	13	-3553.432	-390.39334
75	18	-3539.556	-398.93045
75	20	-3480.7139	-395.26306
76	1	-3449.7935	-453.46027
76	2	-3490.9521	-433.2105
76	3	-3543.399	-390.24133
76	4	-3460.3015	-447.64636
76	5	-3460.7478	-451.8616
76	6	-3522.436	-411.21704
76	7	-3436.4006	-465.15005
76	8	-3489.401	-429.88232
76	9	-3502.4363	-425.77505
76	11	-3515.6147	-411.49738
76	12	-3545.687	-392.97726
76	13	-3552.7068	-390.79794
76	18	-3538.843	-399.42657
76	20	-3480.2253	-395.52057
77	1	-3448.6157	-454.0636
77	2	-3489.842	-433.94012
77	3	-3542.4004	-390.9903
77	4	-3459.138	-448.33563
77	5	-3459.657	-452.4806
77	6	-3521.5706	-411.8596
77	7	-3435.064	-465.83392
77	8	-3488.298	-430.59885
77	9	-3501.2563	-426.56485
77	11	-3514.4778	-412.32062
77	12	-3545.047	-393.4761
77	18	-3538.331	-399.77457
78	1	-3447.429	-454.70474
78	2	-3488.7183	-434.6514
78	3	-3541.383	-391.75418
78	4	-3457.9866	-448.9863
78	5	-3458.5244	-453.12448
78	6	-3520.5776	-412.59335
78	7	-3433.6702	-466.55127
78	8	-3487.193	-431.3131
78	9	-3500.0815	-427.35043
78	11	-3513.369	-413.10245
78	12	-3544.3909	-393.9176
78	18	-3537.6602	-400.21396
79	1	-3446.1907	-455.3441
79	2	-3487.6057	-435.35757
79	3	-3540.3726	-392.48633
79	4	-3456.7988	-449.68088
79	5	-3457.419	-453.73758
79	6	-3519.6462	-413.2863
79	7	-3432.2747	-467.258
79	8	-3486.0835	-432.02826
79	9	-3498.9097	-428.1377
79	11	-3512.233	-413.90085
79	12	-3543.68	-394.4407
79	18	-3536.9656	-400.68323
79	20	-3477.8784	-396.76807
80	1	-3444.988	-455.98804
80	2	-3486.489	-436.07193
80	3	-3539.3677	-393.22513
80	4	-3455.6067	-450.34418
80	5	-3456.2627	-454.38486
80	6	-3518.646	-414.02844
80	7	-3430.9094	-467.90628
80	8	-3484.9666	-432.7443
80	9	-3497.7341	-428.92178
80	11	-3511.1108	-414.7054
80	12	-3542.9912	-394.9509
80	18	-3536.2686	-401.18967
81	1	-3443.752	-456.63538
81	2	-3485.3752	-436.774
81	3	-3538.326	-393.9917
81	4	-3454.378	-451.0453
81	5	-3455.1345	-455.01987
81	6	-3517.741	-414.69965
81	7	-3429.475	-468.63037
81	8	-3483.8428	-433.4622
81	9	-3496.5652	-429.69946
81	11	-3509.9946	-415.48593
81	12	-3542.291	-395.46487
81	18	-3535.3772	-401.8229
82	1	-3442.4902	-457.257
82	2	-3484.2573	-437.47415
82	3	-3537.3362	-394.77356
82	4	-3453.1624	-451.7246
82	5	-3454.0066	-455.64822
82	6	-3516.7444	-415.42932
82	7	-3428.106	-469.32852
82	8	-3482.7114	-434.18195
82	9	-3495.399	-430.47174
82	11	-3508.8982	-416.24597
82	12	-3541.5823	-396.05002
82	18	-3534.8103	-402.1744
83	1	-3441.2644	-457.86765
83	2	-3483.1348	-438.1732
83	3	-3536.3267	-395.52664
83	4	-3451.944	-452.40805
83	5	-3452.8396	-456.2838
83	6	-3515.767	-416.17596
83	7	-3426.704	-470.014
83	8	-3481.5718	-434.90152
83	9	-3494.2627	-431.22565
83	11	-3507.7476	-417.03583
83	12	-3540.9182	-396.4761
83	18	-3534.0505	-402.7313
84	1	-3440.0493	-458.4653
84	2	-3482.0186	-438.87088
84	3	-3535.3052	-396.2728
84	4	-3450.7083	-453.07736
84	5	-3451.6907	-456.89862
84	6	-3514.7324	-416.93335
84	7	-3425.2932	-470.68002
84	8	-3480.4236	-435.62158
84	9	-3493.1228	-431.97296
84	11	-3506.6235	-417.82364
84	12	-3540.278	-396.94836
84	18	-3533.2747	-403.218
85	1	-3438.8252	-459.09937
85	2	-3480.91	-439.56104
85	3	-3534.2742	-397.05804
85	4	-3449.4487	-453.76147
85	5	-3450.552	-457.53653
85	6	-3513.6753	-417.71945
85	7	-3423.8872	-471.39728
85	8	-3479.266	-436.34354
85	9	-3492.004	-432.70767
85	11	-3505.4744	-418.60318
85	12	-3539.5588	-397.43176
85	18	-3532.5542	-403.76028
86	1	-3437.576	-459.72714
86	2	-3479.7964	-440.26022
86	3	-3533.2468	-397.83524
86	4	-3448.219	-454.429
86	5	-3449.4114	-458.17554
86	6	-3512.6626	-418.46567
86	7	-3422.4937	-472.05978
86	8	-3478.0996	-437.06912
86	9	-3490.8975	-433.42923
86	11	-3504.3271	-419.38477
86	12	-3538.9001	-397.9241
86	18	-3531.7788	-404.269
87	1	-3436.3186	-460.3432
87	2	-3478.6748	-440.94293
87	3	-3532.1985	-398.60745
87	4	-3446.9802	-455.09326
87	5	-3448.272	-458.77228
87	6	-3511.566	-419.2741
87	7	-3421.0544	-472.7408
87	8	-3476.9224	-437.79605
87	9	-3489.8113	-434.13165
87	11	-3503.2073	-420.13803
87	12	-3538.0808	-398.51422
87	18	-3530.9927	-404.7625
88	1	-3435.0488	-460.9849
88	2	-3477.56	-441.62195
88	3	-3531.1628	-399.37256
88	4	-3445.736	-455.7335
88	5	-3447.1052	-459.3957
88	6	-3510.5125	-420.02863
88	7	-3419.6428	-473.43152
88	8	-3475.737	-438.52313
88	9	-3488.715	-434.839
88	11	-3502.0752	-420.91736
88	12	-3537.3247	-399.07812
88	18	-3530.206	-405.31226
89	1	-3433.7964	-461.6035
89	2	-3476.4475	-442.30573
89	3	-3530.1516	-400.15103
89	4	-3444.5125	-456.362
89	5	-3445.9172	-460.04376
89	6	-3509.4521	-420.8108
89	7	-3418.259	-474.13437
89	8	-3474.543	-439.25076
89	9	-3487.633	-435.53964
89	11	-3500.9873	-421.6487
89	18	-3529.399	-405.86017
90	1	-3432.5122	-462.2538
90	2	-3475.3271	-442.97086
90	3	-3529.0813	-400.9522
90	4	-3443.2346	-457.0267
90	5	-3444.7456	-460.66513
90	6	-3508.4028	-421.5703
90	7	-3416.8289	-474.8032
90	8	-3473.3381	-439.97937
90	9	-3486.5818	-436.20688
90	11	-3499.8809	-422.41296
90	12	-3535.9202	-399.98062
90	18	-3528.5562	-406.4198
