0	1	3255.4285	7850.2046
0	2	3196.752	7858.0645
0	3	3241.4246	7868.8164
0	4	3236.9514	7864.451
0	6	3266.6162	7871.8535
0	7	3176.946	7840.23
0	33	3163.7524	7831.225
0	34	3164.2651	7833.7876
0	37	3164.6995	7820.34
0	40	3176.6843	7837.0566
1	1	3255.429	7850.2197
1	2	3198.406	7858.074
1	3	3239.6719	7868.833
1	4	3236.0583	7864.5586
1	6	3264.8113	7871.87
1	7	3176.946	7840.23
1	33	3163.7524	7831.225
1	34	3164.1685	7833.762
1	37	3164.6995	7820.34
2	1	3255.4368	7850.187
2	2	3200.057	7858.085
2	3	3237.905	7868.8486
2	4	3235.1555	7864.6436
2	6	3262.9663	7871.907
2	7	3176.946	7840.23
2	33	3163.7524	7831.225
2	34	3164.2078	7833.7446
3	1	3255.437	7850.204
3	2	3201.7036	7858.0938
3	3	3236.1572	7868.855
3	4	3234.2305	7864.7188
3	6	3261.1978	7871.964
3	7	3176.946	7840.23
3	33	3163.7524	7831.225
3	34	3164.277	7833.7334
4	1	3255.4368	7850.192
4	2	3203.3472	7858.102
4	3	3234.399	7868.8486
4	4	3233.2673	7864.789
4	6	3259.4448	7871.9766
4	7	3176.946	7840.23
4	33	3163.7524	7831.225
4	34	3164.413	7833.7397
5	1	3255.4358	7850.193
5	2	3204.9875	7858.111
5	3	3232.601	7868.8154
5	4	3232.4028	7864.8423
5	6	3257.6897	7871.961
5	7	3176.946	7840.23
6	1	3255.4436	7850.204
6	2	3206.6252	7858.1187
6	3	3230.8467	7868.7847
6	4	3231.4473	7864.8784
6	7	3176.946	7840.23
7	1	3255.4443	7850.22
7	2	3208.259	7858.1284
7	3	3229.066	7868.752
7	4	3230.4438	7864.918
7	7	3176.946	7840.23
8	1	3255.4536	7850.208
8	2	3209.889	7858.1367
8	3	3227.2969	7868.7104
8	4	3229.5098	7864.9517
8	6	3252.1519	7871.897
8	7	3176.946	7840.23
9	1	3255.4587	7850.202
9	2	3211.5164	7858.146
9	3	3225.5396	7868.66
9	4	3228.553	7864.9556
9	6	3250.457	7871.879
9	7	3176.946	7840.23
10	1	3255.453	7850.219
10	2	3213.14	7858.155
10	3	3223.796	7868.6187
10	4	3227.6404	7864.97
10	5	3231.1353	7830.232
10	6	3248.6108	7871.892
10	7	3176.946	7840.23
11	1	3255.4578	7850.215
11	2	3214.7595	7858.1636
11	3	3222.0808	7868.5645
11	4	3226.7122	7864.979
11	5	3231.1353	7830.232
11	6	3246.9165	7871.883
11	7	3176.946	7840.23
11	8	3290.4602	7852.307
12	1	3255.4622	7850.227
12	2	3216.3757	7858.1714
12	3	3220.3743	7868.513
12	4	3225.8347	7864.9756
12	5	3231.1353	7830.232
12	6	3245.081	7871.882
12	8	3290.4602	7852.307
12	9	3283.0942	7890.516
12	13	3284.8	7835.154
13	1	3255.4604	7850.2144
13	2	3217.989	7858.18
13	3	3218.6548	7868.472
13	4	3224.975	7864.972
13	5	3231.1353	7830.232
13	6	3243.3337	7871.863
13	8	3290.4602	7852.307
13	9	3283.0942	7890.516
13	13	3284.653	7834.685
14	1	3255.4639	7850.229
14	2	3219.5986	7858.188
14	3	3216.9927	7868.4507
14	4	3224.0845	7864.9844
14	5	3231.1353	7830.232
14	6	3241.578	7871.859
14	8	3290.4602	7852.307
14	9	3283.0942	7890.516
14	13	3284.7502	7834.6055
15	1	3255.4644	7850.236
15	2	3221.2043	7858.197
15	3	3215.3384	7868.3916
15	4	3223.1602	7864.963
15	5	3231.1353	7830.232
15	6	3239.8215	7871.8486
15	8	3290.4602	7852.307
15	9	3283.0942	7890.516
16	1	3255.469	7850.262
16	2	3222.8071	7858.2056
16	3	3213.661	7868.348
16	4	3222.2761	7864.964
16	5	3231.1353	7830.232
16	6	3238.0085	7871.843
16	8	3290.4602	7852.307
16	9	3283.0942	7890.516
16	13	3284.3958	7832.629
16	25	3231.302	7821.937
17	1	3255.4658	7850.2847
17	2	3224.407	7858.2153
17	3	3211.8894	7868.3467
17	4	3221.4656	7864.9507
17	5	3231.1353	7830.232
17	6	3236.249	7871.8306
17	8	3290.4602	7852.307
17	9	3283.0942	7890.516
17	13	3284.3208	7831.943
17	21	3231.0535	7813.9097
17	25	3231.302	7821.937
18	1	3255.4717	7850.32
18	2	3226.0037	7858.225
18	3	3210.1284	7868.3203
18	4	3220.5686	7864.94
18	5	3231.1353	7830.232
18	6	3234.5457	7871.8193
18	8	3290.4602	7852.307
18	9	3283.0942	7890.516
18	10	3265.7507	7834.455
18	13	3284.2632	7831.2783
18	21	3231.0535	7813.9097
18	23	3231.618	7800.1655
18	25	3231.302	7821.937
19	1	3255.473	7850.356
19	2	3227.598	7858.2334
19	3	3208.3752	7868.3013
19	4	3219.658	7864.93
19	5	3231.1353	7830.232
19	6	3232.7432	7871.804
19	8	3290.4602	7852.307
19	9	3283.0942	7890.516
19	10	3266.0256	7834.4517
19	13	3284.2197	7830.616
19	21	3231.0535	7813.9097
19	23	3231.618	7800.1655
19	25	3231.302	7821.937
20	1	3255.4727	7850.3813
20	2	3229.1895	7858.241
20	3	3206.5693	7868.274
20	4	3218.7832	7864.932
20	5	3231.1353	7830.232
20	6	3231.0344	7871.8145
20	8	3290.4602	7852.307
20	9	3283.0942	7890.516
20	10	3266.1907	7834.442
20	13	3284.1812	7829.9395
20	21	3231.0535	7813.9097
20	23	3231.618	7800.1655
21	1	3255.476	7850.423
21	2	3230.7769	7858.2495
21	3	3204.7507	7868.252
21	4	3217.8762	7864.9243
21	5	3231.1353	7830.232
21	6	3229.2964	7871.8096
21	8	3290.4602	7852.307
21	9	3283.0942	7890.516
21	10	3266.3496	7834.4453
21	11	3297.3271	7826.645
21	13	3284.1628	7829.248
21	21	3231.0535	7813.9097
21	23	3231.618	7800.1655
22	1	3255.4802	7850.45
22	2	3232.3591	7858.2563
22	3	3203.016	7868.232
22	4	3216.9678	7864.89
22	5	3231.1353	7830.232
22	6	3227.562	7871.7915
22	8	3290.4602	7852.307
22	9	3283.0942	7890.516
22	10	3266.5525	7834.446
22	11	3297.3271	7826.645
22	13	3284.1497	7828.5776
22	21	3231.0535	7813.9097
22	23	3231.618	7800.1655
23	1	3255.4875	7850.486
23	2	3233.9395	7858.2607
23	3	3201.2156	7868.2144
23	4	3215.9915	7864.8945
23	5	3231.1353	7830.232
23	6	3225.7556	7871.7827
23	8	3290.4602	7852.307
23	9	3283.0942	7890.516
23	10	3266.7766	7834.441
23	11	3297.3271	7826.645
23	13	3284.1492	7827.8745
23	21	3231.0535	7813.9097
23	23	3231.618	7800.1655
23	25	3231.302	7821.937
23	29	3231.9458	7827.3125
24	1	3255.4949	7850.5317
24	2	3235.5183	7858.264
24	3	3199.3728	7868.1973
24	4	3215.064	7864.8857
24	5	3231.1353	7830.232
24	6	3224.0024	7871.781
24	8	3290.4602	7852.307
24	9	3283.0942	7890.516
24	10	3267.0054	7834.441
24	11	3297.3271	7826.645
24	13	3284.158	7827.214
24	21	3231.0535	7813.9097
24	23	3231.618	7800.1655
24	25	3231.302	7821.937
24	29	3231.9458	7827.3125
24	30	3231.757	7797.3545
25	1	3255.4946	7850.5713
25	2	3237.0945	7858.266
25	3	3197.5474	7868.188
25	4	3214.1094	7864.8823
25	5	3231.1353	7830.232
25	6	3222.2542	7871.779
25	8	3290.4602	7852.307
25	9	3283.0942	7890.516
25	10	3267.2344	7834.4355
25	11	3297.3271	7826.645
25	13	3284.1938	7826.517
25	15	3282.4543	7795.8657
25	21	3231.0535	7813.9097
25	23	3231.618	7800.1655
25	25	3231.302	7821.937
25	29	3231.9458	7827.3125
25	30	3231.757	7797.3545
26	1	3255.503	7850.627
26	2	3238.6682	7858.268
26	3	3195.706	7868.1816
26	4	3213.197	7864.8657
26	5	3231.1353	7830.232
26	6	3220.4478	7871.7715
26	8	3290.4602	7852.307
26	9	3283.0942	7890.516
26	10	3267.4712	7834.444
26	11	3297.3271	7826.645
26	12	3297.794	7810.218
26	13	3284.2334	7825.8364
26	15	3282.4543	7795.8657
26	21	3231.0535	7813.9097
26	23	3231.618	7800.1655
26	25	3231.302	7821.937
26	29	3231.9458	7827.3125
26	30	3231.757	7797.3545
27	1	3255.5125	7850.6655
27	2	3240.2397	7858.269
27	3	3193.9348	7868.163
27	4	3212.2637	7864.8687
27	5	3231.1353	7830.232
27	6	3218.597	7871.756
27	8	3290.4602	7852.307
27	9	3283.0942	7890.516
27	10	3267.7	7834.426
27	11	3297.3271	7826.645
27	12	3297.794	7810.218
27	13	3284.2773	7825.148
27	15	3282.4543	7795.8657
27	21	3231.0535	7813.9097
27	23	3231.618	7800.1655
27	25	3231.302	7821.937
27	29	3231.9458	7827.3125
27	30	3231.757	7797.3545
28	1	3255.5205	7850.733
28	2	3241.8074	7858.271
28	3	3192.1328	7868.1436
28	4	3211.3184	7864.8667
28	5	3231.1353	7830.232
28	6	3216.758	7871.7476
28	8	3290.4602	7852.307
28	9	3283.0942	7890.516
28	10	3267.954	7834.425
28	11	3297.3271	7826.645
28	12	3297.794	7810.218
28	13	3284.339	7824.449
28	15	3282.4543	7795.8657
28	21	3231.0535	7813.9097
28	23	3231.618	7800.1655
28	25	3231.302	7821.937
28	29	3231.9458	7827.3125
28	30	3231.757	7797.3545
29	1	3255.5325	7850.7993
29	2	3243.3733	7858.274
29	3	3190.2466	7868.1367
29	4	3210.4136	7864.868
29	5	3231.1353	7830.232
29	6	3214.931	7871.7393
29	8	3290.4602	7852.307
29	9	3283.0942	7890.516
29	10	3268.1921	7834.418
29	11	3297.3271	7826.645
29	12	3297.794	7810.218
29	13	3284.4014	7823.781
29	15	3282.4543	7795.8657
29	20	3296.1353	7803.017
29	21	3231.0535	7813.9097
29	23	3231.618	7800.1655
29	25	3231.302	7821.937
29	29	3231.9458	7827.3125
29	30	3231.757	7797.3545
30	1	3255.5527	7850.866
30	2	3244.94	7858.276
30	3	3188.4097	7868.124
30	4	3209.4749	7864.8486
30	5	3231.1353	7830.232
30	6	3213.0908	7871.7393
30	8	3290.4602	7852.307
30	9	3283.0942	7890.516
30	10	3268.4456	7834.42
30	11	3297.3271	7826.645
30	12	3297.794	7810.218
30	13	3284.4753	7823.082
30	14	3303.1511	7906.525
30	15	3282.4543	7795.8657
30	20	3296.1353	7803.017
30	21	3231.0535	7813.9097
30	23	3231.618	7800.1655
30	25	3231.302	7821.937
30	29	3231.9458	7827.3125
30	30	3231.757	7797.3545
31	1	3255.56	7850.9453
31	2	3246.5044	7858.2793
31	3	3186.5398	7868.1084
31	4	3208.5903	7864.8545
31	5	3231.1353	7830.232
31	6	3211.2224	7871.7197
31	8	3290.4602	7852.307
31	9	3283.0942	7890.516
31	10	3268.6838	7834.419
31	11	3297.3271	7826.645
31	12	3297.794	7810.218
31	13	3284.561	7822.3423
31	15	3282.4543	7795.8657
31	20	3296.1353	7803.017
31	21	3231.0535	7813.9097
31	23	3231.618	7800.1655
31	25	3231.302	7821.937
31	29	3231.9458	7827.3125
31	30	3231.757	7797.3545
32	1	3255.58	7851.025
32	2	3248.0657	7858.2847
32	3	3184.6816	7868.084
32	4	3207.7112	7864.844
32	5	3231.1353	7830.232
32	6	3209.333	7871.7065
32	8	3290.4602	7852.307
32	9	3283.0942	7890.516
32	10	3268.9316	7834.4204
32	11	3297.3271	7826.645
32	12	3297.794	7810.218
32	13	3284.6362	7821.651
32	14	3303.1511	7906.525
32	15	3282.4543	7795.8657
32	20	3296.1353	7803.017
32	21	3231.0535	7813.9097
32	23	3231.618	7800.1655
32	24	3298.0989	7800.7305
32	25	3231.302	7821.937
32	29	3231.9458	7827.3125
32	30	3231.757	7797.3545
33	1	3255.598	7851.0996
33	2	3249.627	7858.2886
33	3	3182.909	7868.069
33	4	3206.7505	7864.8345
33	5	3231.1353	7830.232
33	6	3207.446	7871.6846
33	8	3290.4602	7852.307
33	9	3283.0942	7890.516
33	10	3269.2039	7834.4263
33	11	3297.3271	7826.645
33	12	3297.794	7810.218
33	13	3284.7202	7820.9507
33	14	3303.1511	7906.525
33	15	3282.4543	7795.8657
33	20	3296.1353	7803.017
33	21	3231.0535	7813.9097
33	23	3231.618	7800.1655
33	24	3298.0989	7800.7305
33	25	3231.302	7821.937
33	29	3231.9458	7827.3125
33	30	3231.757	7797.3545
34	1	3255.6274	7851.1978
34	2	3251.189	7858.294
34	3	3181.0627	7868.0566
34	4	3205.7964	7864.839
34	5	3231.1353	7830.232
34	6	3205.5308	7871.68
34	8	3290.4602	7852.307
34	9	3283.0942	7890.516
34	10	3269.4739	7834.4243
34	11	3297.3271	7826.645
34	12	3297.794	7810.218
34	13	3284.8025	7820.2725
34	14	3303.1511	7906.525
34	15	3282.4543	7795.8657
34	20	3296.1353	7803.017
34	21	3231.0535	7813.9097
34	23	3231.618	7800.1655
34	24	3298.0989	7800.7305
34	25	3231.302	7821.937
34	29	3231.9458	7827.3125
34	30	3231.757	7797.3545
35	1	3255.641	7851.2856
35	2	3252.7488	7858.3003
35	3	3179.0596	7868.04
35	4	3204.917	7864.829
35	5	3231.1353	7830.232
35	6	3203.7112	7871.6694
35	8	3290.4602	7852.307
35	9	3283.0942	7890.516
35	10	3269.7458	7834.4272
35	11	3297.3271	7826.645
35	12	3297.794	7810.218
35	13	3284.8987	7819.558
35	15	3282.4543	7795.8657
35	20	3296.1353	7803.017
35	21	3231.0535	7813.9097
35	23	3231.618	7800.1655
35	24	3298.0989	7800.7305
35	25	3231.302	7821.937
35	29	3231.9458	7827.3125
35	30	3231.757	7797.3545
36	1	3255.6743	7851.3857
36	2	3254.3062	7858.3076
36	3	3177.1262	7868.0083
36	4	3204.0405	7864.83
36	5	3231.1353	7830.232
36	6	3201.8113	7871.6514
36	8	3290.4602	7852.307
36	9	3283.0942	7890.516
36	10	3270.0488	7834.4233
36	11	3297.3271	7826.645
36	12	3297.794	7810.218
36	13	3284.9941	7818.832
36	14	3303.1511	7906.525
36	15	3282.4543	7795.8657
36	20	3296.1353	7803.017
36	21	3231.0535	7813.9097
36	23	3231.618	7800.1655
36	24	3298.0989	7800.7305
36	25	3231.302	7821.937
36	29	3231.9458	7827.3125
37	1	3255.7175	7851.4873
37	2	3255.8604	7858.3145
37	4	3203.172	7864.8135
37	5	3231.1353	7830.232
37	6	3199.959	7871.6406
37	8	3290.4602	7852.307
37	9	3283.0942	7890.516
37	10	3270.3347	7834.4126
37	11	3297.3271	7826.645
37	12	3297.794	7810.218
37	13	3285.086	7818.1416
37	14	3303.1511	7906.525
37	15	3282.4543	7795.8657
37	20	3296.1353	7803.017
37	21	3231.0535	7813.9097
37	23	3231.618	7800.1655
37	24	3298.0989	7800.7305
37	25	3231.302	7821.937
37	29	3231.9458	7827.3125
38	1	3255.7446	7851.6562
38	2	3257.4116	7858.322
38	4	3202.3472	7864.8145
38	5	3231.1353	7830.232
38	6	3198.0674	7871.6333
38	8	3290.4602	7852.307
38	9	3283.0942	7890.516
38	10	3270.627	7834.409
38	11	3297.3271	7826.645
38	12	3297.794	7810.218
38	13	3285.1929	7817.39
38	14	3303.1511	7906.525
38	15	3282.4543	7795.8657
38	21	3231.0535	7813.9097
38	23	3231.618	7800.1655
38	24	3298.0989	7800.7305
38	25	3231.302	7821.937
38	29	3231.9458	7827.3125
38	30	3231.757	7797.3545
39	1	3255.7932	7851.821
39	2	3258.9602	7858.329
39	4	3201.5217	7864.8066
39	5	3231.1353	7830.232
39	6	3196.1296	7871.6265
39	8	3290.4602	7852.307
39	9	3283.0942	7890.516
39	10	3270.9124	7834.403
39	11	3297.3271	7826.645
39	12	3297.794	7810.218
39	13	3285.2866	7816.7373
39	14	3303.1511	7906.525
39	15	3282.4543	7795.8657
39	19	3284.8508	7930.258
39	20	3296.1353	7803.017
39	21	3231.0535	7813.9097
39	23	3231.618	7800.1655
39	24	3298.0989	7800.7305
39	25	3231.302	7821.937
39	29	3231.9458	7827.3125
40	1	3255.8318	7851.9834
40	2	3260.5051	7858.337
40	4	3200.6948	7864.785
40	5	3231.1353	7830.232
40	6	3194.21	7871.645
40	8	3290.4602	7852.307
40	9	3283.0942	7890.516
40	10	3271.2288	7834.395
40	11	3297.3271	7826.645
40	12	3297.794	7810.218
40	13	3285.3982	7816.0537
40	14	3303.1511	7906.525
40	15	3282.4543	7795.8657
40	19	3284.8508	7930.258
40	20	3296.1353	7803.017
40	21	3231.0535	7813.9097
40	23	3231.618	7800.1655
40	24	3298.0989	7800.7305
40	25	3231.302	7821.937
41	1	3255.8745	7852.1753
41	2	3262.0466	7858.344
41	4	3199.9402	7864.7935
41	5	3231.1353	7830.232
41	6	3192.252	7871.638
41	8	3290.4602	7852.307
41	9	3283.0942	7890.516
41	10	3271.518	7834.3843
41	11	3297.3271	7826.645
41	12	3297.794	7810.218
41	13	3285.5225	7815.353
41	14	3303.1511	7906.525
41	15	3282.4543	7795.8657
41	19	3284.8508	7930.258
41	20	3296.1353	7803.017
41	21	3231.0535	7813.9097
41	23	3231.618	7800.1655
41	24	3298.0989	7800.7305
41	25	3231.302	7821.937
42	1	3255.9573	7852.3784
42	2	3263.585	7858.3535
42	4	3199.1836	7864.7793
42	5	3231.1353	7830.232
42	6	3190.3457	7871.5776
42	8	3290.4602	7852.307
42	9	3283.0942	7890.516
42	10	3271.8064	7834.379
42	11	3297.3271	7826.645
42	12	3297.794	7810.218
42	13	3285.6514	7814.6636
42	14	3303.1511	7906.525
42	15	3282.4543	7795.8657
42	19	3284.8508	7930.258
42	20	3296.1353	7803.017
42	21	3231.0535	7813.9097
42	23	3231.618	7800.1655
42	24	3298.0989	7800.7305
42	25	3231.302	7821.937
42	26	3241.5193	7810.1284
42	27	3296.8584	7790.5186
43	1	3256.0366	7852.592
43	2	3265.12	7858.3623
43	4	3198.382	7864.794
43	5	3231.1353	7830.232
43	6	3188.4238	7871.5806
43	8	3290.4602	7852.307
43	9	3283.0942	7890.516
43	10	3272.1033	7834.372
43	11	3297.3271	7826.645
43	12	3297.794	7810.218
43	13	3285.7996	7813.9946
43	14	3303.1511	7906.525
43	15	3282.4543	7795.8657
43	19	3284.8508	7930.258
43	20	3296.1353	7803.017
43	21	3231.0535	7813.9097
43	23	3231.618	7800.1655
43	24	3298.0989	7800.7305
43	25	3231.302	7821.937
43	26	3241.5193	7810.1284
43	27	3296.8584	7790.5186
44	1	3256.1372	7852.8286
44	2	3266.6511	7858.373
44	4	3197.6062	7864.7993
44	5	3231.1353	7830.232
44	8	3290.4602	7852.307
44	9	3283.0942	7890.516
44	10	3272.4329	7834.3564
44	11	3297.3271	7826.645
44	12	3297.794	7810.218
44	13	3285.9602	7813.315
44	14	3303.1511	7906.525
44	15	3282.4543	7795.8657
44	19	3284.8508	7930.258
44	20	3296.1353	7803.017
44	21	3231.0535	7813.9097
44	23	3231.618	7800.1655
44	24	3298.0989	7800.7305
44	25	3231.302	7821.937
44	26	3241.5193	7810.1284
44	27	3296.8584	7790.5186
45	1	3256.2363	7853.0806
45	2	3268.1792	7858.3823
45	4	3196.8809	7864.784
45	5	3231.1353	7830.232
45	8	3290.4602	7852.307
45	9	3283.0942	7890.516
45	10	3272.7363	7834.3574
45	11	3297.3271	7826.645
45	12	3297.794	7810.218
45	13	3286.1147	7812.652
45	14	3303.1511	7906.525
45	15	3282.4543	7795.8657
45	19	3284.8508	7930.258
45	20	3296.1353	7803.017
45	21	3231.0535	7813.9097
45	23	3231.618	7800.1655
45	24	3298.0989	7800.7305
45	26	3241.5193	7810.1284
45	27	3296.8584	7790.5186
46	1	3256.358	7853.335
46	2	3269.705	7858.393
46	4	3196.1475	7864.7583
46	5	3231.1353	7830.232
46	8	3290.4602	7852.307
46	9	3283.0942	7890.516
46	10	3273.0557	7834.3286
46	11	3297.3271	7826.645
46	12	3297.794	7810.218
46	13	3286.2708	7811.971
46	14	3303.1511	7906.525
46	15	3282.4543	7795.8657
46	19	3284.8508	7930.258
46	20	3296.1353	7803.017
46	21	3231.0535	7813.9097
46	24	3298.0989	7800.7305
46	26	3241.5193	7810.1284
46	27	3296.8584	7790.5186
47	1	3256.4922	7853.6035
47	2	3271.2283	7858.4033
47	4	3195.4338	7864.747
47	5	3231.1353	7830.232
47	8	3290.4602	7852.307
47	9	3283.0942	7890.516
47	10	3273.367	7834.314
47	11	3297.3271	7826.645
47	12	3297.794	7810.218
47	13	3286.4265	7811.3013
47	14	3303.1511	7906.525
47	15	3282.4543	7795.8657
47	16	3347.8032	7862.1904
47	19	3284.8508	7930.258
47	20	3296.1353	7803.017
47	21	3231.0535	7813.9097
47	23	3231.618	7800.1655
47	24	3298.0989	7800.7305
47	26	3241.5193	7810.1284
47	27	3296.8584	7790.5186
48	1	3256.6445	7853.878
48	2	3272.7483	7858.413
48	5	3231.1353	7830.232
48	8	3290.4602	7852.307
48	9	3283.0942	7890.516
48	10	3273.6995	7834.296
48	11	3297.3271	7826.645
48	12	3297.794	7810.218
48	13	3286.5974	7810.623
48	14	3303.1511	7906.525
48	15	3282.4543	7795.8657
48	16	3348.5317	7862.2017
48	17	3308.222	7816.2095
48	19	3284.8508	7930.258
48	20	3296.1353	7803.017
48	21	3231.0535	7813.9097
48	23	3231.618	7800.1655
48	24	3298.0989	7800.7305
48	25	3231.302	7821.937
48	26	3241.5193	7810.1284
48	27	3296.8584	7790.5186
49	1	3256.8171	7854.1597
49	2	3274.2651	7858.424
49	5	3231.1353	7830.232
49	8	3290.4602	7852.307
49	9	3283.0942	7890.516
49	10	3274.0083	7834.281
49	11	3297.3271	7826.645
49	12	3297.794	7810.218
49	13	3286.754	7809.9966
49	14	3303.1511	7906.525
49	15	3282.4543	7795.8657
49	16	3349.2454	7862.1973
49	17	3308.0505	7816.3096
49	19	3284.8508	7930.258
49	20	3296.1353	7803.017
49	21	3231.0535	7813.9097
49	24	3298.0989	7800.7305
49	26	3241.5193	7810.1284
49	27	3296.8584	7790.5186
50	1	3257.0024	7854.452
50	2	3275.7798	7858.435
50	5	3231.1353	7830.232
50	8	3290.4602	7852.307
50	9	3283.0942	7890.516
50	10	3274.3372	7834.265
50	11	3297.3271	7826.645
50	12	3297.794	7810.218
50	13	3286.924	7809.3447
50	14	3303.1511	7906.525
50	15	3282.4543	7795.8657
50	16	3349.9487	7862.2
50	17	3308.0723	7816.3726
50	19	3284.8508	7930.258
50	20	3296.1353	7803.017
50	23	3231.618	7800.1655
50	24	3298.0989	7800.7305
50	26	3241.5193	7810.1284
50	27	3296.8584	7790.5186
51	1	3257.2007	7854.736
51	2	3277.2913	7858.447
51	5	3231.1353	7830.232
51	8	3290.4602	7852.307
51	9	3283.0942	7890.516
51	10	3274.6455	7834.2485
51	11	3297.3271	7826.645
51	12	3297.794	7810.218
51	13	3287.0867	7808.6733
51	14	3303.1511	7906.525
51	15	3282.4543	7795.8657
51	16	3350.6426	7862.1826
51	17	3308.036	7816.453
51	18	3354.0935	7858.578
51	19	3284.8508	7930.258
51	20	3296.1353	7803.017
51	24	3298.0989	7800.7305
51	26	3241.5193	7810.1284
51	27	3296.8584	7790.5186
52	1	3257.43	7855.0225
52	2	3278.799	7858.4556
52	8	3290.4602	7852.307
52	9	3283.0942	7890.516
52	10	3274.9573	7834.226
52	11	3297.3271	7826.645
52	12	3297.794	7810.218
52	13	3287.2483	7808.027
52	14	3303.1511	7906.525
52	15	3282.4543	7795.8657
52	16	3351.3257	7862.1875
52	17	3308.0417	7816.538
52	18	3355.049	7858.5786
52	19	3284.8508	7930.258
52	20	3296.1353	7803.017
52	24	3298.0989	7800.7305
52	26	3241.5193	7810.1284
52	27	3296.8584	7790.5186
53	1	3257.6748	7855.3066
53	2	3280.304	7858.464
53	5	3231.1353	7830.232
53	8	3290.4602	7852.307
53	9	3283.0942	7890.516
53	10	3275.272	7834.2163
53	11	3297.3271	7826.645
53	12	3297.794	7810.218
53	13	3287.4124	7807.375
53	14	3303.1511	7906.525
53	15	3282.4543	7795.8657
53	16	3352.0044	7862.199
53	17	3308.0334	7816.616
53	18	3356.0378	7858.593
53	19	3284.8508	7930.258
53	20	3296.1353	7803.017
53	24	3298.0989	7800.7305
53	26	3241.5193	7810.1284
53	27	3296.8584	7790.5186
54	1	3257.957	7855.592
54	2	3281.8062	7858.4707
54	5	3231.1353	7830.232
54	8	3290.4602	7852.307
54	9	3283.0942	7890.516
54	10	3275.5735	7834.176
54	11	3297.3271	7826.645
54	12	3297.794	7810.218
54	13	3287.5718	7806.7437
54	14	3303.1511	7906.525
54	15	3282.4543	7795.8657
54	16	3352.6697	7862.203
54	17	3308.0217	7816.7075
54	18	3356.9631	7858.607
54	19	3284.8508	7930.258
54	20	3296.1353	7803.017
54	24	3298.0989	7800.7305
54	26	3241.5193	7810.1284
54	27	3296.8584	7790.5186
55	1	3258.2449	7855.8496
55	2	3283.3057	7858.477
55	5	3231.1353	7830.232
55	8	3290.4602	7852.307
55	9	3283.0942	7890.516
55	10	3275.8635	7834.154
55	11	3297.3271	7826.645
55	12	3297.794	7810.218
55	13	3287.7288	7806.098
55	14	3303.1511	7906.525
55	15	3282.4543	7795.8657
55	16	3353.3494	7862.2007
55	17	3308.0134	7816.821
55	18	3357.9053	7858.6064
55	19	3284.8508	7930.258
55	20	3296.1353	7803.017
55	24	3298.0989	7800.7305
55	26	3241.5193	7810.1284
55	27	3296.8584	7790.5186
56	1	3258.5525	7856.111
56	2	3284.803	7858.4805
56	5	3231.1353	7830.232
56	8	3290.4602	7852.307
56	9	3283.0942	7890.516
56	10	3276.1665	7834.1226
56	11	3297.3271	7826.645
56	12	3297.794	7810.218
56	13	3287.8945	7805.4683
56	14	3303.1511	7906.525
56	15	3282.4543	7795.8657
56	16	3354.0264	7862.1987
56	17	3308.0132	7816.963
56	18	3358.8762	7858.6206
56	19	3284.8508	7930.258
56	20	3296.1353	7803.017
56	24	3298.0989	7800.7305
56	26	3241.5193	7810.1284
56	27	3296.8584	7790.5186
57	1	3258.8782	7856.351
57	2	3286.2974	7858.4824
57	5	3231.1353	7830.232
57	8	3290.4602	7852.307
57	9	3283.0942	7890.516
57	10	3276.4502	7834.0957
57	11	3297.3271	7826.645
57	12	3297.794	7810.218
57	13	3288.0496	7804.841
57	14	3303.1511	7906.525
57	15	3282.4543	7795.8657
57	16	3354.6929	7862.2026
57	17	3307.9954	7817.0693
57	18	3359.7869	7858.6323
57	19	3284.8508	7930.258
57	20	3296.1353	7803.017
57	24	3298.0989	7800.7305
57	26	3241.5193	7810.1284
57	27	3296.8584	7790.5186
58	1	3259.2146	7856.5835
58	2	3287.7876	7858.482
58	5	3231.1353	7830.232
58	8	3290.4602	7852.307
58	9	3283.0942	7890.516
58	10	3276.739	7834.0576
58	11	3297.3271	7826.645
58	12	3297.794	7810.218
58	13	3288.2039	7804.2036
58	14	3303.1511	7906.525
58	15	3282.4543	7795.8657
58	16	3355.348	7862.2095
58	17	3307.9878	7817.242
58	18	3360.694	7858.6387
58	19	3284.8508	7930.258
58	20	3296.1353	7803.017
58	22	3210.5645	7861.4604
58	24	3298.0989	7800.7305
58	26	3241.5193	7810.1284
58	27	3296.8584	7790.5186
59	1	3259.5625	7856.814
59	2	3289.2754	7858.481
59	5	3231.1353	7830.232
59	8	3290.4602	7852.307
59	9	3283.0942	7890.516
59	10	3277.0278	7834.0073
59	11	3297.3271	7826.645
59	12	3297.794	7810.218
59	13	3288.3572	7803.594
59	14	3303.1511	7906.525
59	15	3282.4543	7795.8657
59	16	3355.982	7862.22
59	17	3307.9863	7817.4346
59	18	3361.608	7858.623
59	19	3284.8508	7930.258
59	20	3296.1353	7803.017
59	22	3212.4863	7861.477
59	24	3298.0989	7800.7305
59	26	3241.5193	7810.1284
59	27	3296.8584	7790.5186
60	1	3259.9397	7857.0234
60	2	3290.7585	7858.478
60	8	3290.4602	7852.307
60	9	3283.0942	7890.516
60	10	3277.307	7833.961
60	11	3297.3271	7826.645
60	12	3297.794	7810.218
60	13	3288.5144	7802.974
60	14	3303.1511	7906.525
60	15	3282.4543	7795.8657
60	16	3356.6382	7862.2266
60	18	3362.508	7858.636
60	19	3284.8508	7930.258
60	20	3296.1353	7803.017
60	22	3214.4297	7861.493
60	24	3298.0989	7800.7305
60	26	3241.5193	7810.1284
60	27	3296.8584	7790.5186
61	1	3260.284	7857.2017
61	2	3292.2385	7858.472
61	8	3290.4602	7852.307
61	9	3283.0942	7890.516
61	10	3277.564	7833.903
61	11	3297.3271	7826.645
61	12	3297.794	7810.218
61	13	3288.663	7802.366
61	14	3303.1511	7906.525
61	15	3282.4543	7795.8657
61	16	3357.2827	7862.2373
61	17	3307.9758	7817.84
61	18	3363.436	7858.654
61	19	3284.8508	7930.258
61	20	3296.1353	7803.017
61	22	3216.3503	7861.4907
61	24	3298.0989	7800.7305
61	26	3241.5193	7810.1284
61	27	3296.8584	7790.5186
62	1	3260.6724	7857.3613
62	2	3293.716	7858.466
62	8	3290.4602	7852.307
62	9	3283.0942	7890.516
62	10	3277.8547	7833.8276
62	11	3297.3271	7826.645
62	12	3297.794	7810.218
62	13	3288.8164	7801.7734
62	14	3303.1511	7906.525
62	15	3282.4543	7795.8657
62	16	3357.9114	7862.241
62	17	3307.967	7818.0444
62	18	3364.2878	7858.6655
62	19	3284.8508	7930.258
62	20	3296.1353	7803.017
62	22	3218.2324	7861.5166
62	26	3241.5193	7810.1284
62	27	3296.8584	7790.5186
63	1	3261.1	7857.54
63	2	3295.1892	7858.456
63	8	3290.4602	7852.307
63	9	3283.0942	7890.516
63	10	3278.162	7833.7373
63	11	3297.3271	7826.645
63	12	3297.794	7810.218
63	13	3288.9775	7801.1714
63	14	3303.1511	7906.525
63	15	3282.4543	7795.8657
63	16	3358.5034	7862.2607
63	17	3307.9683	7818.246
63	18	3365.1667	7858.6685
63	19	3284.8508	7930.258
63	20	3296.1353	7803.017
63	22	3220.141	7861.5327
63	26	3241.5193	7810.1284
63	27	3296.8584	7790.5186
64	1	3261.5156	7857.6885
64	2	3296.6592	7858.4453
64	5	3231.1353	7830.232
64	8	3290.4602	7852.307
64	9	3283.0942	7890.516
64	10	3278.4297	7833.6587
64	11	3297.3271	7826.645
64	12	3297.794	7810.218
64	13	3289.1172	7800.584
64	14	3303.1511	7906.525
64	15	3282.4543	7795.8657
64	16	3359.1404	7862.2593
64	17	3307.9595	7818.482
64	18	3365.9937	7858.6685
64	19	3284.8508	7930.258
64	22	3222.01	7861.537
64	26	3241.5193	7810.1284
65	1	3261.9075	7857.8057
65	2	3298.126	7858.432
65	8	3290.4602	7852.307
65	9	3283.0942	7890.516
65	10	3278.6938	7833.5728
65	11	3297.3271	7826.645
65	12	3297.794	7810.218
65	13	3289.2708	7799.925
65	14	3303.1511	7906.525
65	15	3282.4543	7795.8657
65	16	3359.7517	7862.2705
65	17	3307.9668	7818.726
65	18	3366.8467	7858.665
65	19	3284.8508	7930.258
65	22	3223.9287	7861.5576
65	26	3241.5193	7810.1284
66	1	3262.3354	7857.9307
66	2	3299.5898	7858.4165
66	8	3290.4602	7852.307
66	9	3283.0942	7890.516
66	10	3278.9514	7833.4736
66	11	3297.3271	7826.645
66	12	3297.794	7810.218
66	13	3289.415	7799.373
66	14	3303.1511	7906.525
66	15	3282.4543	7795.8657
66	16	3360.355	7862.279
66	17	3307.9702	7818.9736
66	18	3367.7083	7858.6694
66	19	3284.8508	7930.258
66	22	3225.8188	7861.5635
66	26	3241.5193	7810.1284
67	1	3262.811	7858.059
67	2	3301.05	7858.398
67	8	3290.4602	7852.307
67	9	3283.0942	7890.516
67	10	3279.2224	7833.377
67	11	3297.3271	7826.645
67	12	3297.794	7810.218
67	13	3289.5647	7798.7744
67	14	3303.1511	7906.525
67	15	3282.4543	7795.8657
67	16	3360.9673	7862.286
67	17	3307.9905	7819.222
67	18	3368.5293	7858.6616
67	19	3284.8508	7930.258
67	22	3227.6528	7861.5747
67	26	3241.5193	7810.1284
68	1	3263.295	7858.1675
68	2	3302.5076	7858.3765
68	8	3290.4602	7852.307
68	9	3283.0942	7890.516
68	10	3279.4753	7833.2646
68	11	3297.3271	7826.645
68	12	3297.794	7810.218
68	13	3289.6936	7798.171
68	14	3303.1511	7906.525
68	15	3282.4543	7795.8657
68	16	3361.5974	7862.282
68	17	3307.9958	7819.5386
68	18	3369.3372	7858.672
68	19	3284.8508	7930.258
68	22	3229.5334	7861.5806
69	1	3263.8384	7858.281
69	2	3303.9614	7858.353
69	8	3290.4602	7852.307
69	9	3283.0942	7890.516
69	10	3279.7283	7833.141
69	11	3297.3271	7826.645
69	12	3297.794	7810.218
69	13	3289.8174	7797.63
69	14	3303.1511	7906.525
69	15	3282.4543	7795.8657
69	16	3362.1902	7862.294
69	17	3308.0151	7819.789
69	18	3370.1309	7858.6772
69	19	3284.8508	7930.258
69	22	3231.4058	7861.5894
70	1	3264.3923	7858.3774
70	2	3305.4119	7858.3276
70	8	3290.4602	7852.307
70	9	3283.0942	7890.516
70	10	3279.9866	7833.0127
70	11	3297.3271	7826.645
70	12	3297.794	7810.218
70	14	3303.1511	7906.525
70	15	3282.4543	7795.8657
70	16	3362.7917	7862.2983
70	17	3308.0366	7820.1157
70	18	3370.8965	7858.687
70	19	3284.8508	7930.258
70	22	3233.268	7861.6035
70	27	3296.8584	7790.5186
70	28	3298.2383	7800.7275
71	1	3265.0784	7858.497
71	2	3306.8594	7858.2993
71	8	3290.4602	7852.307
71	9	3283.0942	7890.516
71	10	3280.2883	7832.8423
71	11	3297.3271	7826.645
71	12	3297.794	7810.218
71	13	3290.1228	7796.3257
71	14	3303.1511	7906.525
71	15	3282.4543	7795.8657
71	16	3363.3894	7862.307
71	17	3308.063	7820.418
71	18	3371.666	7858.702
71	19	3284.8508	7930.258
71	22	3235.0798	7861.629
71	27	3296.8584	7790.5186
71	28	3298.2383	7800.7275
72	1	3265.7537	7858.6035
72	2	3308.304	7858.269
72	8	3290.4602	7852.307
72	9	3283.0942	7890.516
72	10	3280.5474	7832.6997
72	11	3297.3271	7826.645
72	12	3297.794	7810.218
72	13	3290.1917	7795.862
72	14	3303.1511	7906.525
72	15	3282.4543	7795.8657
72	16	3364.0015	7862.3257
72	17	3308.0962	7820.6963
72	18	3372.3835	7858.703
72	19	3284.8508	7930.258
72	22	3236.9478	7861.657
72	28	3298.2383	7800.7275
73	1	3266.3909	7858.6665
73	2	3309.745	7858.2363
73	8	3290.4602	7852.307
73	9	3283.0942	7890.516
73	11	3297.3271	7826.645
73	12	3297.794	7810.218
73	13	3290.321	7795.2686
73	14	3303.1511	7906.525
73	15	3282.4543	7795.8657
73	16	3364.5889	7862.3325
73	17	3308.1382	7820.9893
73	18	3373.076	7858.713
73	19	3284.8508	7930.258
73	22	3238.7603	7861.695
73	28	3298.2383	7800.7275
74	1	3266.9387	7858.7183
74	2	3311.1826	7858.201
74	8	3290.4602	7852.307
74	9	3283.0942	7890.516
74	11	3297.3271	7826.645
74	12	3297.794	7810.218
74	13	3290.4448	7794.65
74	14	3303.1511	7906.525
74	15	3282.4543	7795.8657
74	16	3365.1536	7862.338
74	17	3308.19	7821.301
74	18	3373.764	7858.7173
74	19	3284.8508	7930.258
74	22	3240.605	7861.7275
74	28	3298.2383	7800.7275
75	1	3267.582	7858.767
75	2	3312.6174	7858.162
75	8	3290.4602	7852.307
75	9	3283.0942	7890.516
75	10	3281.112	7832.2236
75	11	3297.3271	7826.645
75	12	3297.794	7810.218
75	14	3303.1511	7906.525
75	15	3282.4543	7795.8657
75	16	3365.7502	7862.3496
75	17	3308.2458	7821.629
75	18	3374.4314	7858.713
75	22	3242.4202	7861.7583
75	28	3298.2383	7800.7275
76	1	3268.2834	7858.8237
76	2	3314.0486	7858.118
76	8	3290.4602	7852.307
76	9	3283.0942	7890.516
76	10	3281.271	7832.021
76	11	3297.3271	7826.645
76	12	3297.794	7810.218
76	14	3303.1511	7906.525
76	16	3366.3281	7862.352
76	17	3308.2886	7821.921
76	18	3375.0894	7858.709
76	22	3244.26	7861.773
76	28	3298.2383	7800.7275
76	31	3282.5132	7792.495
77	1	3268.9858	7858.858
77	2	3315.4773	7858.069
77	8	3290.4602	7852.307
77	9	3283.0942	7890.516
77	10	3281.4382	7831.8696
77	11	3297.3271	7826.645
77	12	3297.794	7810.218
77	14	3303.1511	7906.525
77	16	3366.8845	7862.362
77	17	3308.3403	7822.2075
77	18	3375.7014	7858.718
77	22	3246.0906	7861.8057
77	28	3298.2383	7800.7275
77	31	3282.2935	7792.4355
78	1	3269.6968	7858.8936
78	2	3316.9016	7858.0146
78	8	3290.4602	7852.307
78	9	3283.0942	7890.516
78	10	3281.619	7831.6772
78	11	3297.3271	7826.645
78	12	3297.794	7810.218
78	14	3303.1511	7906.525
78	16	3367.4507	7862.3564
78	17	3308.3914	7822.502
78	18	3376.3035	7858.717
78	22	3247.917	7861.8213
78	28	3298.2383	7800.7275
78	31	3282.2832	7792.4233
79	1	3270.4946	7858.9155
79	2	3318.323	7857.9565
79	8	3290.4602	7852.307
79	9	3283.0942	7890.516
79	10	3281.7576	7831.485
79	11	3297.3271	7826.645
79	12	3297.794	7810.218
79	14	3303.1511	7906.525
79	16	3367.9644	7862.367
79	17	3308.4485	7822.799
79	18	3376.876	7858.717
79	22	3249.7532	7861.828
79	28	3298.2383	7800.7275
79	31	3282.4436	7792.404
80	1	3271.2896	7858.936
80	2	3319.7424	7857.8916
80	8	3290.4602	7852.307
80	9	3283.0942	7890.516
80	10	3281.9163	7831.2725
80	11	3297.3271	7826.645
80	12	3297.794	7810.218
80	14	3303.1511	7906.525
80	16	3368.5017	7862.3696
80	17	3308.5063	7823.137
80	18	3377.4553	7858.7256
80	22	3251.5503	7861.8755
80	28	3298.2383	7800.7275
80	31	3282.2695	7792.405
81	1	3272.0923	7858.943
81	2	3321.1587	7857.823
81	8	3290.4602	7852.307
81	9	3283.0942	7890.516
81	10	3282.0486	7831.0864
81	11	3297.3271	7826.645
81	12	3297.794	7810.218
81	14	3303.1511	7906.525
81	16	3369.0552	7862.378
81	17	3308.5654	7823.459
81	18	3377.9963	7858.714
81	22	3253.3533	7861.901
81	28	3298.2383	7800.7275
81	31	3282.299	7792.3657
82	1	3272.9917	7858.9556
82	2	3322.5715	7857.7485
82	8	3290.4602	7852.307
82	9	3283.0942	7890.516
82	10	3282.2026	7830.8604
82	11	3297.3271	7826.645
82	12	3297.794	7810.218
82	14	3303.1511	7906.525
82	16	3369.608	7862.3965
82	17	3308.6213	7823.787
82	18	3378.4932	7858.7095
82	22	3255.1116	7861.9365
82	28	3298.2383	7800.7275
83	1	3273.9526	7858.9473
83	2	3323.981	7857.67
83	8	3290.4602	7852.307
83	9	3283.0942	7890.516
83	10	3282.3584	7830.64
83	11	3297.3271	7826.645
83	12	3297.794	7810.218
83	14	3303.1511	7906.525
83	16	3370.1475	7862.3906
83	17	3308.681	7824.096
83	18	3378.964	7858.7217
83	22	3256.908	7861.97
83	28	3298.2383	7800.7275
84	1	3274.8137	7858.963
84	2	3325.3853	7857.5874
84	8	3290.4602	7852.307
84	9	3283.0942	7890.516
84	10	3282.4692	7830.447
84	11	3297.3271	7826.645
84	12	3297.794	7810.218
84	14	3303.1511	7906.525
84	16	3370.6855	7862.4033
84	17	3308.7324	7824.377
84	18	3379.4236	7858.7085
84	22	3258.689	7861.9985
84	28	3298.2383	7800.7275
85	1	3275.9802	7858.9478
85	2	3326.7869	7857.498
85	8	3290.4602	7852.307
85	10	3282.6204	7830.214
85	11	3297.3271	7826.645
85	12	3297.794	7810.218
85	14	3303.1511	7906.525
85	16	3371.2263	7862.404
85	17	3308.7676	7824.647
85	18	3379.8657	7858.7085
85	22	3260.4758	7862.018
85	28	3298.2383	7800.7275
85	32	3385.9397	7899.677
86	1	3276.9016	7858.921
86	2	3328.1853	7857.404
86	8	3290.4602	7852.307
86	9	3283.0942	7890.516
86	10	3282.7654	7829.997
86	11	3297.3271	7826.645
86	14	3303.1511	7906.525
86	16	3371.7756	7862.408
86	17	3308.8037	7824.89
86	18	3380.2969	7858.707
86	22	3262.3074	7862.0405
86	28	3298.2383	7800.7275
86	32	3385.6606	7899.492
86	35	3404.6003	7862.5327
87	1	3277.7568	7858.903
87	2	3329.5818	7857.3057
87	8	3290.4602	7852.307
87	9	3283.0942	7890.516
87	10	3282.9182	7829.765
87	11	3297.3271	7826.645
87	12	3297.794	7810.218
87	14	3303.1511	7906.525
87	16	3372.3008	7862.422
87	17	3308.8633	7825.277
87	18	3380.6685	7858.7197
87	22	3264.059	7862.066
87	28	3298.2383	7800.7275
87	32	3385.4983	7899.3057
87	35	3404.665	7862.5303
88	1	3278.6313	7858.8833
88	2	3330.9773	7857.2026
88	8	3290.4602	7852.307
88	9	3283.0942	7890.516
88	10	3283.0508	7829.5376
88	11	3297.3271	7826.645
88	12	3297.794	7810.218
88	14	3303.1511	7906.525
88	16	3372.8376	7862.426
88	17	3308.9033	7825.5825
88	18	3381.0269	7858.71
88	22	3265.8513	7862.0923
88	28	3298.2383	7800.7275
88	32	3385.311	7899.1963
88	35	3404.647	7862.525
88	36	3397.4448	7891.025
89	1	3279.1921	7858.8765
89	2	3332.3696	7857.0977
89	8	3290.4602	7852.307
89	10	3283.1655	7829.339
89	12	3297.794	7810.218
89	14	3303.1511	7906.525
89	16	3373.3618	7862.43
89	17	3308.951	7825.889
89	18	3381.3945	7858.703
89	22	3267.6282	7862.1274
89	28	3298.2383	7800.7275
89	32	3385.0547	7899.028
89	35	3404.667	7862.5396
89	36	3397.4448	7891.025
89	38	3377.8203	7917.807
89	39	3393.8682	7816.214
90	1	3280.084	7858.8384
90	2	3333.7566	7856.9937
90	8	3290.4602	7852.307
90	10	3283.2937	7829.134
90	11	3297.3271	7826.645
90	12	3297.794	7810.218
90	14	3303.1511	7906.525
90	16	3373.897	7862.4346
90	17	3308.9902	7826.208
90	18	3381.7073	7858.704
90	22	3269.4243	7862.1494
90	32	3384.7827	7898.937
90	35	3404.6843	7862.5107
90	36	3397.4448	7891.025
90	38	3377.8203	7917.807
90	39	3393.8682	7816.214
90	41	3402.832	7828.547
