0	1	8391.122	3799.9658
0	3	8325.374	3786.6628
0	4	8337.77	3811.8352
0	5	8337.695	3757.3728
0	6	8332.048	3751.8904
0	7	8378.634	3787.9067
0	9	8353.683	3725.3362
0	10	8351.423	3853.2383
0	18	8251.495	3786.4443
1	1	8390.627	3799.5725
1	2	8402.329	3789.4666
1	3	8326.378	3786.6375
1	4	8337.77	3811.8352
1	5	8337.695	3757.3728
1	6	8332.048	3751.8904
1	7	8378.634	3787.9067
1	9	8353.683	3725.3362
1	10	8351.423	3853.2383
1	18	8251.495	3786.4443
2	1	8390.116	3799.206
2	2	8402.224	3789.649
2	3	8327.374	3786.608
2	4	8337.77	3811.8352
2	5	8337.695	3757.3728
2	6	8332.048	3751.8904
2	7	8378.634	3787.9067
2	8	8331.969	3724.6848
2	9	8353.683	3725.3362
2	10	8351.423	3853.2383
2	18	8251.495	3786.4443
3	1	8389.568	3798.8408
3	2	8401.983	3790.0625
3	3	8328.363	3786.5764
3	4	8337.77	3811.8352
3	5	8337.695	3757.3728
3	6	8332.048	3751.8904
3	7	8378.634	3787.9067
3	8	8331.969	3724.6848
3	9	8353.683	3725.3362
3	10	8351.423	3853.2383
3	18	8251.495	3786.4443
4	1	8388.998	3798.4758
4	2	8401.738	3790.422
4	3	8329.346	3786.539
4	4	8337.77	3811.8352
4	5	8337.695	3757.3728
4	6	8332.048	3751.8904
4	7	8378.634	3787.9067
4	8	8331.969	3724.6848
4	9	8353.683	3725.3362
4	10	8351.423	3853.2383
4	18	8251.495	3786.4443
5	1	8388.392	3798.1453
5	2	8401.435	3790.8232
5	3	8330.32	3786.4976
5	4	8337.77	3811.8352
5	5	8337.695	3757.3728
5	6	8332.048	3751.8904
5	7	8378.634	3787.9067
5	8	8331.969	3724.6848
5	9	8353.683	3725.3362
5	10	8351.423	3853.2383
6	1	8387.804	3797.8413
6	2	8401.162	3791.158
6	3	8331.288	3786.4524
6	4	8337.77	3811.8352
6	5	8337.695	3757.3728
6	6	8332.048	3751.8904
6	7	8378.634	3787.9067
6	8	8331.969	3724.6848
6	9	8353.683	3725.3362
6	10	8351.423	3853.2383
7	1	8387.172	3797.5496
7	2	8400.838	3791.5347
7	3	8332.248	3786.4036
7	4	8337.77	3811.8352
7	5	8337.695	3757.3728
7	6	8332.048	3751.8904
7	7	8378.634	3787.9067
7	8	8331.969	3724.6848
7	9	8353.683	3725.3362
7	10	8351.423	3853.2383
8	1	8386.539	3797.2834
8	2	8400.477	3791.9114
8	3	8333.201	3786.3496
8	4	8337.77	3811.8352
8	5	8337.695	3757.3728
8	6	8332.048	3751.8904
8	7	8378.634	3787.9067
8	8	8331.969	3724.6848
8	9	8353.683	3725.3362
8	10	8351.423	3853.2383
9	1	8385.905	3797.053
9	2	8400.13	3792.2485
9	3	8334.146	3786.2932
9	4	8337.77	3811.8352
9	5	8337.695	3757.3728
9	6	8332.048	3751.8904
9	7	8378.634	3787.9067
9	8	8331.969	3724.6848
9	9	8353.683	3725.3362
9	10	8351.423	3853.2383
10	1	8385.234	3796.8015
10	2	8399.772	3792.549
10	3	8335.086	3786.2334
10	4	8337.77	3811.8352
10	5	8337.695	3757.3728
10	6	8332.048	3751.8904
10	7	8378.634	3787.9067
10	8	8331.969	3724.6848
10	9	8353.683	3725.3362
10	10	8351.423	3853.2383
10	11	8407.37	3805.8572
11	1	8384.545	3796.5908
11	2	8399.363	3792.9211
11	3	8336.02	3786.1702
11	4	8337.77	3811.8352
11	5	8337.695	3757.3728
11	6	8332.048	3751.8904
11	7	8378.634	3787.9067
11	8	8331.969	3724.6848
11	9	8353.683	3725.3362
11	10	8351.423	3853.2383
11	11	8407.355	3807.6948
12	1	8383.911	3796.4082
12	2	8398.99	3793.1982
12	3	8336.948	3786.1047
12	4	8337.77	3811.8352
12	5	8337.695	3757.3728
12	6	8332.048	3751.8904
12	7	8378.634	3787.9067
12	8	8331.969	3724.6848
12	9	8353.683	3725.3362
12	10	8351.423	3853.2383
12	11	8407.319	3809.465
13	1	8383.24	3796.2236
13	2	8398.555	3793.526
13	3	8337.871	3786.0374
13	4	8337.77	3811.8352
13	5	8337.695	3757.3728
13	6	8332.048	3751.8904
13	7	8378.634	3787.9067
13	8	8331.969	3724.6848
13	9	8353.683	3725.3362
13	10	8351.423	3853.2383
13	11	8407.298	3811.1704
14	1	8382.573	3796.0771
14	2	8398.115	3793.8218
14	3	8338.79	3785.9683
14	4	8337.77	3811.8352
14	5	8337.695	3757.3728
14	6	8332.048	3751.8904
14	7	8378.634	3787.9067
14	8	8331.969	3724.6848
14	9	8353.683	3725.3362
14	10	8351.423	3853.2383
14	11	8407.292	3812.8994
15	1	8381.84	3795.9207
15	2	8397.652	3794.0916
15	3	8339.705	3785.8997
15	4	8337.77	3811.8352
15	5	8337.695	3757.3728
15	6	8332.048	3751.8904
15	7	8378.634	3787.9067
15	8	8331.969	3724.6848
15	9	8353.683	3725.3362
15	10	8351.423	3853.2383
15	11	8407.271	3814.664
16	1	8381.161	3795.7927
16	2	8397.173	3794.3623
16	3	8340.613	3785.8286
16	4	8337.77	3811.8352
16	5	8337.695	3757.3728
16	6	8332.048	3751.8904
16	7	8378.634	3787.9067
16	8	8331.969	3724.6848
16	9	8353.683	3725.3362
16	10	8351.423	3853.2383
16	11	8407.271	3816.3574
16	12	8385.003	3788.092
17	1	8380.423	3795.6814
17	2	8396.641	3794.614
17	3	8341.516	3785.7585
17	4	8337.77	3811.8352
17	5	8337.695	3757.3728
17	6	8332.048	3751.8904
17	7	8378.634	3787.9067
17	8	8331.969	3724.6848
17	9	8353.683	3725.3362
17	10	8351.423	3853.2383
17	11	8407.32	3818.1013
17	12	8385.003	3788.092
18	1	8379.736	3795.6084
18	2	8396.114	3794.8533
18	3	8342.415	3785.6875
18	4	8337.77	3811.8352
18	5	8337.695	3757.3728
18	6	8332.048	3751.8904
18	7	8378.634	3787.9067
18	8	8331.969	3724.6848
18	9	8353.683	3725.3362
18	10	8351.423	3853.2383
18	11	8407.328	3819.802
18	12	8385.003	3788.092
19	1	8379.075	3795.535
19	2	8395.6	3795.059
19	3	8343.311	3785.6167
19	4	8337.77	3811.8352
19	5	8337.695	3757.3728
19	6	8332.048	3751.8904
19	7	8378.634	3787.9067
19	8	8331.969	3724.6848
19	9	8353.683	3725.3362
19	10	8351.423	3853.2383
19	12	8385.003	3788.092
19	16	8346.393	3708.4001
20	1	8378.325	3795.4812
20	2	8395.045	3795.2578
20	3	8344.202	3785.5479
20	4	8337.77	3811.8352
20	5	8337.695	3757.3728
20	6	8332.048	3751.8904
20	7	8378.634	3787.9067
20	8	8331.969	3724.6848
20	9	8353.683	3725.3362
20	10	8351.423	3853.2383
20	12	8385.003	3788.092
20	16	8346.393	3708.4001
21	1	8377.597	3795.423
21	2	8394.474	3795.4412
21	3	8345.088	3785.4788
21	4	8337.77	3811.8352
21	5	8337.695	3757.3728
21	6	8332.048	3751.8904
21	7	8378.634	3787.9067
21	8	8331.969	3724.6848
21	9	8353.683	3725.3362
21	10	8351.423	3853.2383
21	12	8385.003	3788.092
21	16	8346.393	3708.4001
22	1	8376.872	3795.3787
22	2	8393.898	3795.6152
22	3	8345.966	3785.4116
22	4	8337.77	3811.8352
22	5	8337.695	3757.3728
22	6	8332.048	3751.8904
22	7	8378.634	3787.9067
22	8	8331.969	3724.6848
22	9	8353.683	3725.3362
22	10	8351.423	3853.2383
22	12	8385.003	3788.092
22	16	8346.393	3708.4001
23	1	8376.149	3795.3328
23	2	8393.292	3795.7693
23	3	8346.84	3785.3472
23	4	8337.77	3811.8352
23	5	8337.695	3757.3728
23	6	8332.048	3751.8904
23	7	8378.634	3787.9067
23	8	8331.969	3724.6848
23	9	8353.683	3725.3362
23	10	8351.423	3853.2383
23	12	8385.003	3788.092
23	16	8346.393	3708.4001
24	1	8375.434	3795.3013
24	2	8392.699	3795.9126
24	3	8347.706	3785.2832
24	4	8337.77	3811.8352
24	5	8337.695	3757.3728
24	6	8332.048	3751.8904
24	7	8378.634	3787.9067
24	8	8331.969	3724.6848
24	9	8353.683	3725.3362
24	10	8351.423	3853.2383
24	12	8385.003	3788.092
24	16	8346.393	3708.4001
25	1	8374.701	3795.2556
25	2	8392.105	3796.0303
25	3	8348.565	3785.2234
25	4	8337.77	3811.8352
25	5	8337.695	3757.3728
25	6	8332.048	3751.8904
25	7	8378.634	3787.9067
25	8	8331.969	3724.6848
25	9	8353.683	3725.3362
25	10	8351.423	3853.2383
25	12	8385.003	3788.092
25	15	8407.521	3768.4414
25	16	8346.393	3708.4001
26	1	8373.966	3795.2083
26	2	8391.5	3796.1282
26	3	8349.419	3785.167
26	4	8337.77	3811.8352
26	5	8337.695	3757.3728
26	6	8332.048	3751.8904
26	7	8378.634	3787.9067
26	8	8331.969	3724.6848
26	9	8353.683	3725.3362
26	10	8351.423	3853.2383
26	12	8385.003	3788.092
26	15	8407.606	3770.4033
26	16	8346.393	3708.4001
27	1	8373.197	3795.165
27	2	8390.862	3796.2288
27	3	8350.266	3785.1125
27	4	8337.77	3811.8352
27	5	8337.695	3757.3728
27	6	8332.048	3751.8904
27	7	8378.634	3787.9067
27	8	8331.969	3724.6848
27	10	8351.423	3853.2383
27	12	8385.003	3788.092
27	15	8407.637	3772.388
27	16	8346.393	3708.4001
28	1	8372.448	3795.1216
28	2	8390.225	3796.3057
28	3	8351.105	3785.0605
28	4	8337.77	3811.8352
28	5	8337.695	3757.3728
28	6	8332.048	3751.8904
28	7	8378.634	3787.9067
28	8	8331.969	3724.6848
28	12	8385.003	3788.092
28	14	8410.964	3774.9065
28	15	8407.648	3774.358
28	16	8346.393	3708.4001
29	1	8371.712	3795.0813
29	2	8389.555	3796.392
29	3	8351.938	3785.0134
29	4	8337.77	3811.8352
29	5	8337.695	3757.3728
29	6	8332.048	3751.8904
29	7	8378.634	3787.9067
29	8	8331.969	3724.6848
29	10	8351.423	3853.2383
29	12	8385.003	3788.092
29	14	8410.939	3776.8145
29	15	8407.626	3776.3577
29	16	8346.393	3708.4001
30	1	8370.97	3795.0432
30	2	8388.91	3796.448
30	3	8352.764	3784.968
30	4	8337.77	3811.8352
30	5	8337.695	3757.3728
30	6	8332.048	3751.8904
30	7	8378.634	3787.9067
30	8	8331.969	3724.6848
30	9	8353.683	3725.3362
30	12	8385.003	3788.092
30	14	8410.943	3778.5073
30	15	8407.627	3778.3225
30	16	8346.393	3708.4001
31	1	8370.228	3795.007
31	2	8388.298	3796.5042
31	3	8353.581	3784.927
31	4	8337.77	3811.8352
31	5	8337.695	3757.3728
31	6	8332.048	3751.8904
31	7	8378.634	3787.9067
31	8	8331.969	3724.6848
31	9	8353.683	3725.3362
31	12	8385.003	3788.092
31	15	8407.615	3780.3167
32	1	8369.487	3794.9746
32	2	8387.63	3796.5493
32	3	8354.391	3784.8887
32	4	8337.77	3811.8352
32	5	8337.695	3757.3728
32	6	8332.048	3751.8904
32	7	8378.634	3787.9067
32	8	8331.969	3724.6848
32	12	8385.003	3788.092
32	15	8407.622	3782.3113
33	1	8368.745	3794.944
33	2	8386.94	3796.5972
33	3	8355.191	3784.8533
33	4	8337.77	3811.8352
33	5	8337.695	3757.3728
33	6	8332.048	3751.8904
33	7	8378.634	3787.9067
33	8	8331.969	3724.6848
33	10	8351.423	3853.2383
33	12	8385.003	3788.092
33	14	8410.938	3783.7253
33	15	8407.613	3784.3337
33	19	8353.849	3725.1357
34	1	8368.02	3794.9143
34	2	8386.276	3796.6428
34	3	8355.982	3784.8203
34	4	8337.77	3811.8352
34	5	8337.695	3757.3728
34	6	8332.048	3751.8904
34	7	8378.634	3787.9067
34	8	8331.969	3724.6848
34	10	8351.423	3853.2383
34	12	8385.003	3788.092
34	14	8410.924	3785.5037
34	15	8407.627	3786.3804
34	19	8353.753	3725.223
35	1	8367.3	3794.8845
35	2	8385.575	3796.6824
35	3	8356.766	3784.7893
35	4	8337.77	3811.8352
35	5	8337.695	3757.3728
35	6	8332.048	3751.8904
35	7	8378.634	3787.9067
35	8	8331.969	3724.6848
35	10	8351.423	3853.2383
35	12	8385.003	3788.092
35	14	8410.927	3787.3083
35	15	8407.617	3788.3865
35	19	8353.744	3725.2202
36	1	8366.55	3794.857
36	2	8384.871	3796.7168
36	3	8357.539	3784.7595
36	4	8337.77	3811.8352
36	5	8337.695	3757.3728
36	6	8332.048	3751.8904
36	7	8378.634	3787.9067
36	8	8331.969	3724.6848
36	12	8385.003	3788.092
36	14	8410.931	3789.0352
36	15	8407.618	3790.451
36	19	8353.757	3725.2185
37	1	8365.838	3794.828
37	2	8384.138	3796.7444
37	3	8358.304	3784.7297
37	4	8337.77	3811.8352
37	5	8337.695	3757.3728
37	6	8332.048	3751.8904
37	7	8378.634	3787.9067
37	8	8331.969	3724.6848
37	12	8385.003	3788.092
37	14	8410.942	3790.7937
37	15	8407.644	3792.5781
37	19	8353.736	3725.212
38	1	8365.104	3794.8032
38	2	8383.413	3796.7605
38	3	8359.059	3784.6995
38	4	8337.77	3811.8352
38	5	8337.695	3757.3728
38	6	8332.048	3751.8904
38	7	8378.634	3787.9067
38	8	8331.969	3724.6848
38	12	8385.003	3788.092
38	14	8410.93	3792.5698
38	15	8407.671	3794.6453
39	1	8364.395	3794.7786
39	2	8382.681	3796.7693
39	3	8359.805	3784.6675
39	4	8337.77	3811.8352
39	5	8337.695	3757.3728
39	6	8332.048	3751.8904
39	7	8378.634	3787.9067
39	8	8331.969	3724.6848
39	12	8385.003	3788.092
39	15	8407.642	3796.738
40	1	8363.71	3794.759
40	2	8381.968	3796.7727
40	3	8360.539	3784.6348
40	4	8337.77	3811.8352
40	5	8337.695	3757.3728
40	6	8332.048	3751.8904
40	7	8378.634	3787.9067
40	8	8331.969	3724.6848
40	12	8385.003	3788.092
40	14	8410.898	3796.0798
40	15	8407.6455	3798.7917
41	1	8363.01	3794.7358
41	2	8381.226	3796.784
41	3	8361.265	3784.604
41	4	8337.77	3811.8352
41	5	8337.695	3757.3728
41	6	8332.048	3751.8904
41	7	8378.634	3787.9067
41	8	8331.969	3724.6848
41	12	8385.003	3788.092
41	14	8410.86	3797.7861
41	15	8407.624	3800.8694
42	1	8362.304	3794.7197
42	2	8380.499	3796.7898
42	3	8361.979	3784.5745
42	4	8337.77	3811.8352
42	5	8337.695	3757.3728
42	6	8332.048	3751.8904
42	7	8378.634	3787.9067
42	8	8331.969	3724.6848
42	12	8385.003	3788.092
42	14	8410.845	3799.4993
42	15	8407.625	3803.017
43	1	8361.632	3794.7048
43	2	8379.788	3796.7903
43	3	8362.682	3784.5444
43	4	8337.77	3811.8352
43	5	8337.695	3757.3728
43	6	8332.048	3751.8904
43	7	8378.634	3787.9067
43	8	8331.969	3724.6848
43	12	8385.003	3788.092
43	14	8410.832	3801.2407
43	15	8407.628	3805.1145
44	1	8360.983	3794.689
44	2	8379.074	3796.7905
44	3	8363.372	3784.5144
44	4	8337.77	3811.8352
44	5	8337.695	3757.3728
44	6	8332.048	3751.8904
44	7	8378.634	3787.9067
44	8	8331.969	3724.6848
44	12	8385.003	3788.092
44	14	8410.821	3803.0344
44	15	8407.635	3807.253
45	1	8360.353	3794.6755
45	2	8378.365	3796.7903
45	3	8364.053	3784.486
45	4	8337.77	3811.8352
45	5	8337.695	3757.3728
45	6	8332.048	3751.8904
45	7	8378.634	3787.9067
45	8	8331.969	3724.6848
45	12	8385.003	3788.092
45	13	8410.746	3764.3982
45	14	8410.837	3804.8347
45	15	8407.643	3809.4229
46	1	8359.716	3794.6582
46	2	8377.648	3796.7903
46	3	8364.722	3784.4558
46	4	8337.77	3811.8352
46	5	8337.695	3757.3728
46	6	8332.048	3751.8904
46	7	8378.634	3787.9067
46	8	8331.969	3724.6848
46	12	8385.003	3788.092
46	13	8410.728	3766.2107
46	14	8410.805	3806.6184
46	15	8407.6455	3811.588
47	1	8359.108	3794.6414
47	2	8376.929	3796.786
47	3	8365.379	3784.4258
47	4	8337.77	3811.8352
47	5	8337.695	3757.3728
47	6	8332.048	3751.8904
47	7	8378.634	3787.9067
47	12	8385.003	3788.092
47	13	8410.724	3768.0854
47	14	8410.805	3808.433
47	15	8407.668	3813.754
48	1	8358.4795	3794.621
48	2	8376.208	3796.78
48	3	8366.023	3784.3967
48	4	8337.77	3811.8352
48	5	8337.695	3757.3728
48	6	8332.048	3751.8904
48	7	8378.634	3787.9067
48	12	8385.003	3788.092
48	13	8410.719	3770.058
48	14	8410.801	3810.1553
48	15	8407.654	3815.927
49	1	8357.929	3794.5955
49	2	8375.51	3796.7673
49	3	8366.657	3784.3687
49	4	8337.77	3811.8352
49	5	8337.695	3757.3728
49	6	8332.048	3751.8904
49	7	8378.634	3787.9067
49	12	8385.003	3788.092
49	13	8410.685	3771.9614
49	14	8410.789	3811.9011
49	15	8407.667	3818.1194
50	1	8357.34	3794.5684
50	2	8374.796	3796.7551
50	3	8367.278	3784.3418
50	4	8337.77	3811.8352
50	5	8337.695	3757.3728
50	6	8332.048	3751.8904
50	7	8378.634	3787.9067
50	12	8385.003	3788.092
50	13	8410.663	3773.8687
50	14	8410.798	3813.689
50	15	8407.683	3820.3215
51	1	8356.769	3794.5212
51	2	8374.072	3796.7368
51	3	8367.888	3784.3137
51	5	8337.695	3757.3728
51	6	8332.048	3751.8904
51	7	8378.634	3787.9067
51	12	8385.003	3788.092
51	13	8410.648	3775.7644
51	14	8410.809	3815.469
51	15	8407.717	3822.5476
52	1	8356.208	3794.467
52	2	8373.349	3796.721
52	3	8368.483	3784.2883
52	4	8337.77	3811.8352
52	5	8337.695	3757.3728
52	6	8332.048	3751.8904
52	7	8378.634	3787.9067
52	12	8385.003	3788.092
52	13	8410.632	3777.676
52	14	8410.808	3817.261
52	15	8407.717	3824.7834
53	1	8355.632	3794.401
53	2	8372.6455	3796.7021
53	3	8369.065	3784.2644
53	4	8337.77	3811.8352
53	5	8337.695	3757.3728
53	6	8332.048	3751.8904
53	7	8378.634	3787.9067
53	12	8385.003	3788.092
53	13	8410.619	3779.562
53	14	8410.814	3819.0298
53	15	8407.742	3827.0012
54	1	8355.097	3794.323
54	2	8371.947	3796.676
54	3	8369.637	3784.2402
54	4	8337.77	3811.8352
54	5	8337.695	3757.3728
54	6	8332.048	3751.8904
54	7	8378.634	3787.9067
54	12	8385.003	3788.092
54	13	8410.604	3781.4626
54	14	8410.826	3820.852
54	15	8407.775	3829.2344
55	1	8354.5625	3794.231
55	2	8371.236	3796.6558
55	3	8370.194	3784.2178
55	4	8337.77	3811.8352
55	5	8337.695	3757.3728
55	6	8332.048	3751.8904
55	7	8378.634	3787.9067
55	12	8385.003	3788.092
55	13	8410.583	3783.3438
55	14	8410.827	3822.6553
55	15	8407.804	3831.4976
56	1	8354.04	3794.122
56	2	8370.554	3796.6375
56	3	8370.737	3784.196
56	4	8337.77	3811.8352
56	5	8337.695	3757.3728
56	6	8332.048	3751.8904
56	7	8378.634	3787.9067
56	12	8385.003	3788.092
56	13	8410.559	3785.2354
56	14	8410.843	3824.4976
56	15	8407.808	3833.7769
57	1	8353.531	3793.9954
57	2	8369.833	3796.6152
57	3	8371.267	3784.176
57	4	8337.77	3811.8352
57	5	8337.695	3757.3728
57	6	8332.048	3751.8904
57	7	8378.634	3787.9067
57	12	8385.003	3788.092
57	13	8410.531	3787.1113
57	14	8410.83	3826.2834
57	15	8407.83	3836.0535
58	1	8353.067	3793.8586
58	2	8369.138	3796.5862
58	3	8371.786	3784.156
58	4	8337.77	3811.8352
58	5	8337.695	3757.3728
58	6	8332.048	3751.8904
58	7	8378.634	3787.9067
58	12	8385.003	3788.092
58	13	8410.514	3788.9946
58	14	8410.839	3828.1155
58	15	8407.845	3838.3477
59	1	8352.576	3793.6978
59	2	8368.439	3796.5725
59	3	8372.291	3784.136
59	4	8337.77	3811.8352
59	5	8337.695	3757.3728
59	6	8332.048	3751.8904
59	7	8378.634	3787.9067
59	12	8385.003	3788.092
59	13	8410.508	3790.9458
59	14	8410.849	3829.9272
59	15	8407.868	3840.6003
60	1	8352.086	3793.5164
60	2	8367.758	3796.545
60	3	8372.78	3784.119
60	4	8337.77	3811.8352
60	5	8337.695	3757.3728
60	6	8332.048	3751.8904
60	7	8378.634	3787.9067
60	12	8385.003	3788.092
60	13	8410.49	3792.813
60	14	8410.835	3831.75
60	15	8407.895	3842.9055
61	1	8351.595	3793.3147
61	2	8367.052	3796.527
61	3	8373.258	3784.0999
61	4	8337.77	3811.8352
61	5	8337.695	3757.3728
61	6	8332.048	3751.8904
61	7	8378.634	3787.9067
61	12	8385.003	3788.092
61	13	8410.47	3794.7253
61	14	8410.848	3833.5906
61	15	8407.911	3845.2053
62	1	8351.122	3793.1025
62	2	8366.335	3796.504
62	3	8373.724	3784.0818
62	4	8337.77	3811.8352
62	5	8337.695	3757.3728
62	6	8332.048	3751.8904
62	7	8378.634	3787.9067
62	12	8385.003	3788.092
62	13	8410.459	3796.6138
62	14	8410.842	3835.411
62	15	8407.957	3847.5227
63	1	8350.647	3792.8708
63	2	8365.629	3796.483
63	3	8374.176	3784.0647
63	4	8337.77	3811.8352
63	5	8337.695	3757.3728
63	6	8332.048	3751.8904
63	7	8378.634	3787.9067
63	12	8385.003	3788.092
63	13	8410.447	3798.5417
63	14	8410.876	3837.2817
63	15	8408.021	3849.8284
64	1	8350.213	3792.6323
64	2	8364.8955	3796.4497
64	3	8374.616	3784.0488
64	4	8337.77	3811.8352
64	5	8337.695	3757.3728
64	6	8332.048	3751.8904
64	7	8378.634	3787.9067
64	12	8385.003	3788.092
64	13	8410.434	3800.4546
64	14	8410.865	3839.1406
64	15	8408.08	3852.1355
65	1	8349.776	3792.357
65	2	8364.181	3796.4358
65	3	8375.044	3784.0322
65	4	8337.77	3811.8352
65	5	8337.695	3757.3728
65	6	8332.048	3751.8904
65	7	8378.634	3787.9067
65	12	8385.003	3788.092
65	13	8410.425	3802.355
65	14	8410.843	3841.0178
66	1	8349.372	3792.0903
66	2	8363.452	3796.4067
66	3	8375.461	3784.0178
66	4	8337.77	3811.8352
66	5	8337.695	3757.3728
66	6	8332.048	3751.8904
66	7	8378.634	3787.9067
66	12	8385.003	3788.092
66	13	8410.411	3804.2654
66	14	8410.87	3842.8865
67	1	8348.935	3791.7944
67	2	8362.73	3796.3887
67	3	8375.866	3784.0022
67	4	8337.77	3811.8352
67	5	8337.695	3757.3728
67	6	8332.048	3751.8904
67	7	8378.634	3787.9067
67	12	8385.003	3788.092
67	13	8410.403	3806.1692
67	14	8410.868	3844.7632
68	1	8348.537	3791.4734
68	2	8361.984	3796.3567
68	3	8376.259	3783.9883
68	4	8337.77	3811.8352
68	5	8337.695	3757.3728
68	6	8332.048	3751.8904
68	7	8378.634	3787.9067
68	12	8385.003	3788.092
68	13	8410.3955	3808.093
68	14	8410.855	3846.593
69	1	8348.141	3791.1472
69	2	8361.228	3796.3296
69	3	8376.639	3783.9739
69	4	8337.77	3811.8352
69	5	8337.695	3757.3728
69	6	8332.048	3751.8904
69	7	8378.634	3787.9067
69	12	8385.003	3788.092
69	13	8410.386	3810.0154
69	14	8410.87	3848.4502
70	1	8347.766	3790.813
70	2	8360.462	3796.3032
70	3	8377.004	3783.9602
70	4	8337.77	3811.8352
70	5	8337.695	3757.3728
70	6	8332.048	3751.8904
70	7	8378.634	3787.9067
70	12	8385.003	3788.092
70	13	8410.379	3811.9187
70	14	8410.885	3850.3718
71	1	8347.397	3790.4565
71	2	8359.656	3796.2737
71	3	8377.357	3783.9485
71	4	8337.77	3811.8352
71	5	8337.695	3757.3728
71	6	8332.048	3751.8904
71	7	8378.634	3787.9067
71	12	8385.003	3788.092
71	13	8410.371	3813.8423
71	14	8410.891	3852.2236
72	1	8347.033	3790.0793
72	2	8358.895	3796.239
72	3	8377.7	3783.9346
72	4	8337.77	3811.8352
72	5	8337.695	3757.3728
72	6	8332.048	3751.8904
72	7	8378.634	3787.9067
72	12	8385.003	3788.092
72	13	8410.372	3815.7751
73	1	8346.689	3789.697
73	2	8358.087	3796.2083
73	3	8378.031	3783.9229
73	4	8337.77	3811.8352
73	5	8337.695	3757.3728
73	7	8378.634	3787.9067
73	12	8385.003	3788.092
73	13	8410.367	3817.6917
74	1	8346.313	3789.2646
74	2	8357.281	3796.182
74	3	8378.35	3783.9119
74	4	8337.77	3811.8352
74	5	8337.695	3757.3728
74	7	8378.634	3787.9067
74	12	8385.003	3788.092
74	13	8410.373	3819.614
75	1	8345.998	3788.8496
75	2	8356.447	3796.1497
75	3	8378.654	3783.8997
75	4	8337.77	3811.8352
75	5	8337.695	3757.3728
75	7	8378.634	3787.9067
75	12	8385.003	3788.092
75	13	8410.37	3821.5498
76	1	8345.678	3788.4033
76	2	8355.636	3796.1199
76	3	8378.948	3783.8892
76	4	8337.77	3811.8352
76	5	8337.695	3757.3728
76	7	8378.634	3787.9067
76	12	8385.003	3788.092
76	13	8410.37	3823.4646
77	1	8345.393	3787.951
77	2	8354.792	3796.0862
77	3	8379.2295	3783.8794
77	4	8337.77	3811.8352
77	5	8337.695	3757.3728
77	7	8378.634	3787.9067
77	12	8385.003	3788.092
77	13	8410.361	3825.4172
78	1	8345.106	3787.4792
78	2	8353.931	3796.059
78	3	8379.499	3783.8682
78	4	8337.77	3811.8352
78	5	8337.695	3757.3728
78	7	8378.634	3787.9067
78	12	8385.003	3788.092
78	13	8410.365	3827.3584
79	1	8344.853	3787.009
79	2	8353.064	3796.0283
79	3	8379.759	3783.8594
79	4	8337.77	3811.8352
79	5	8337.695	3757.3728
79	7	8378.634	3787.9067
79	12	8385.003	3788.092
79	13	8410.375	3829.2896
80	1	8344.617	3786.5315
80	2	8352.212	3795.9868
80	3	8380.007	3783.8494
80	4	8337.77	3811.8352
80	5	8337.695	3757.3728
80	7	8378.634	3787.9067
80	12	8385.003	3788.092
80	13	8410.369	3831.2407
81	1	8344.392	3786.036
81	2	8351.337	3795.9458
81	3	8380.244	3783.8408
81	4	8337.77	3811.8352
81	5	8337.695	3757.3728
81	7	8378.634	3787.9067
81	12	8385.003	3788.092
81	13	8410.386	3833.1873
81	17	8410.879	3735.7566
82	1	8344.178	3785.5356
82	2	8350.446	3795.9102
82	3	8380.472	3783.8325
82	4	8337.77	3811.8352
82	5	8337.695	3757.3728
82	7	8378.634	3787.9067
82	12	8385.003	3788.092
82	13	8410.381	3835.1296
82	17	8410.882	3737.2432
83	1	8343.994	3785.0288
83	2	8349.569	3795.874
83	3	8380.688	3783.8242
83	4	8337.77	3811.8352
83	5	8337.695	3757.3728
83	7	8378.634	3787.9067
83	12	8385.003	3788.092
83	13	8410.392	3837.0864
83	17	8410.762	3740.3198
84	1	8343.816	3784.5076
84	2	8348.634	3795.8289
84	3	8380.896	3783.8164
84	4	8337.77	3811.8352
84	5	8337.695	3757.3728
84	7	8378.634	3787.9067
84	12	8385.003	3788.092
84	13	8410.39	3839.0222
84	17	8410.758	3741.733
85	1	8343.672	3784.0215
85	2	8347.731	3795.7883
85	3	8381.094	3783.8093
85	4	8337.77	3811.8352
85	5	8337.695	3757.3728
85	7	8378.634	3787.9067
85	12	8385.003	3788.092
85	13	8410.4	3840.9802
85	17	8410.753	3743.2734
86	1	8343.539	3783.515
86	2	8346.791	3795.7422
86	3	8381.28	3783.8022
86	4	8337.77	3811.8352
86	5	8337.695	3757.3728
86	7	8378.634	3787.9067
86	12	8385.003	3788.092
86	13	8410.42	3842.942
86	17	8410.743	3744.8125
87	1	8343.423	3783.006
87	2	8345.837	3795.703
87	3	8381.459	3783.796
87	4	8337.77	3811.8352
87	5	8337.695	3757.3728
87	7	8378.634	3787.9067
87	12	8385.003	3788.092
87	13	8410.423	3844.891
87	17	8410.73	3746.7485
88	1	8343.318	3782.4739
88	2	8344.881	3795.6638
88	3	8381.628	3783.789
88	4	8337.77	3811.8352
88	7	8378.634	3787.9067
88	12	8385.003	3788.092
88	13	8410.44	3846.8557
88	17	8410.708	3748.551
89	1	8343.218	3781.92
89	2	8343.883	3795.6194
89	3	8381.79	3783.7844
89	4	8337.77	3811.8352
89	7	8378.634	3787.9067
89	12	8385.003	3788.092
89	13	8410.441	3848.781
89	17	8410.702	3750.426
90	1	8343.135	3781.3796
90	2	8342.935	3795.563
90	3	8381.942	3783.7795
90	4	8337.77	3811.8352
90	7	8378.634	3787.9067
90	12	8385.003	3788.092
90	13	8410.44	3850.7312
90	17	8410.696	3752.2415
