0	1	-4499.623	-5128.079
0	2	-4545.6963	-5100.5947
0	3	-4540.396	-5169.0103
0	4	-4541.203	-5141.722
0	5	-4548.084	-5156.3955
0	6	-4544.839	-5131.1045
0	7	-4555.1646	-5137.3896
0	8	-4541.5957	-5124.9673
0	9	-4544.9976	-5123.5522
0	10	-4541.6943	-5116.412
0	11	-4545.1064	-5116.2334
0	12	-4532.7876	-5167.1562
0	13	-4507.8013	-5131.2485
0	14	-4507.1646	-5136.3857
0	15	-4519.0845	-5182.377
0	16	-4491.323	-5134.8374
0	17	-4518.5503	-5189.4707
0	18	-4488.397	-5137.087
0	19	-4504.327	-5179.8584
0	20	-4510.2314	-5184.8516
0	21	-4571.249	-5188.2983
0	22	-4510.5806	-5187.9478
0	23	-4504.269	-5187.6157
0	24	-4510.4688	-5193.311
0	25	-4604.013	-5144.0894
0	26	-4503.86	-5193.2827
0	28	-4555.085	-5069.341
0	42	-4586.096	-5143.9443
0	46	-4580.255	-5079.1367
0	49	-4504.3735	-5182.089
1	1	-4499.61	-5128.362
1	2	-4546.134	-5101.032
1	3	-4540.401	-5168.0244
1	4	-4541.203	-5141.724
1	5	-4548.1133	-5155.3203
1	6	-4544.836	-5131.098
1	7	-4555.1455	-5138.6665
1	8	-4541.593	-5124.935
1	9	-4544.997	-5123.5454
1	10	-4541.693	-5116.417
1	11	-4545.1074	-5116.2354
1	12	-4532.8237	-5167.1533
1	13	-4508.1187	-5131.1846
1	14	-4507.1646	-5136.3857
1	15	-4519.0845	-5182.377
1	16	-4491.3213	-5134.79
1	17	-4518.5503	-5189.4707
1	18	-4488.397	-5137.087
1	19	-4504.327	-5179.8584
1	20	-4510.2314	-5184.8516
1	21	-4571.249	-5188.2983
1	22	-4510.5806	-5187.9478
1	23	-4504.269	-5187.6157
1	24	-4510.4688	-5193.311
1	25	-4604.013	-5144.0894
1	26	-4503.86	-5193.2827
1	28	-4555.085	-5069.341
1	36	-4583.646	-5080.858
1	42	-4586.096	-5143.9443
1	46	-4580.3413	-5079.1143
1	49	-4504.3735	-5182.089
2	1	-4499.5894	-5128.651
2	2	-4546.604	-5101.518
2	3	-4540.4077	-5167.0977
2	4	-4541.203	-5141.7256
2	5	-4548.147	-5154.248
2	6	-4544.8364	-5131.099
2	7	-4555.112	-5139.9805
2	8	-4541.592	-5124.9136
2	9	-4544.997	-5123.544
2	10	-4541.689	-5116.406
2	11	-4545.1064	-5116.231
2	12	-4532.8433	-5167.1553
2	13	-4508.4297	-5131.118
2	14	-4507.1646	-5136.3857
2	15	-4519.0845	-5182.377
2	16	-4491.3047	-5134.7134
2	17	-4518.5503	-5189.4707
2	18	-4488.397	-5137.087
2	19	-4504.327	-5179.8584
2	20	-4510.2314	-5184.8516
2	21	-4571.249	-5188.2983
2	22	-4510.5806	-5187.9478
2	23	-4504.269	-5187.6157
2	24	-4510.4688	-5193.311
2	25	-4604.013	-5144.0894
2	26	-4503.86	-5193.2827
2	28	-4555.085	-5069.341
2	36	-4583.626	-5080.8555
2	42	-4586.096	-5143.9443
2	46	-4580.3115	-5079.1377
3	1	-4499.622	-5128.924
3	2	-4547.0815	-5102.042
3	3	-4540.416	-5166.17
3	4	-4541.203	-5141.726
3	5	-4548.1777	-5153.203
3	6	-4544.835	-5131.087
3	7	-4555.0967	-5141.2993
3	8	-4541.5903	-5124.896
3	9	-4544.997	-5123.5415
3	10	-4541.685	-5116.4067
3	11	-4545.1045	-5116.2344
3	12	-4532.857	-5167.1523
3	13	-4508.736	-5131.0547
3	14	-4507.1646	-5136.3857
3	15	-4519.0845	-5182.377
3	16	-4491.3	-5134.697
3	17	-4518.5503	-5189.4707
3	18	-4488.397	-5137.087
3	19	-4504.327	-5179.8584
3	20	-4510.2314	-5184.8516
3	21	-4571.249	-5188.2983
3	22	-4510.5806	-5187.9478
3	23	-4504.269	-5187.6157
3	24	-4510.4688	-5193.311
3	25	-4604.013	-5144.0894
3	26	-4503.86	-5193.2827
3	28	-4555.085	-5069.341
3	42	-4586.096	-5143.9443
3	43	-4546.2515	-5079.092
3	46	-4580.343	-5079.1504
4	1	-4499.6484	-5129.1323
4	2	-4547.4907	-5102.5107
4	3	-4540.4263	-5165.2334
4	4	-4541.2026	-5141.729
4	5	-4548.1997	-5152.1743
4	6	-4544.841	-5131.1
4	7	-4555.0693	-5142.654
4	8	-4541.591	-5124.8843
4	9	-4544.996	-5123.5454
4	10	-4541.681	-5116.412
4	11	-4545.101	-5116.2275
4	12	-4532.895	-5167.149
4	13	-4509.032	-5130.991
4	14	-4507.1646	-5136.3857
4	15	-4519.0845	-5182.377
4	16	-4491.3003	-5134.643
4	17	-4518.5503	-5189.4707
4	18	-4488.397	-5137.087
4	19	-4504.327	-5179.8584
4	20	-4510.2314	-5184.8516
4	21	-4571.249	-5188.2983
4	22	-4510.5806	-5187.9478
4	23	-4504.269	-5187.6157
4	24	-4510.4688	-5193.311
4	25	-4604.013	-5144.0894
4	26	-4503.86	-5193.2827
4	42	-4586.096	-5143.9443
4	43	-4546.003	-5078.465
5	1	-4499.6714	-5129.359
5	2	-4547.934	-5103.012
5	3	-4540.432	-5164.3413
5	4	-4541.202	-5141.7295
5	5	-4548.2256	-5151.15
5	6	-4544.8315	-5131.0996
5	7	-4555.0273	-5144.011
5	8	-4541.5903	-5124.8765
5	9	-4544.996	-5123.5444
5	10	-4541.6816	-5116.426
5	11	-4545.102	-5116.236
5	12	-4532.9243	-5167.143
5	13	-4509.348	-5130.922
5	14	-4507.1646	-5136.3857
5	15	-4519.0845	-5182.377
5	16	-4491.3047	-5134.617
5	17	-4518.5503	-5189.4707
5	18	-4488.397	-5137.087
5	19	-4504.327	-5179.8584
5	20	-4510.2314	-5184.8516
5	21	-4571.249	-5188.2983
5	22	-4510.5806	-5187.9478
5	23	-4504.269	-5187.6157
5	24	-4510.4688	-5193.311
5	25	-4604.013	-5144.0894
5	26	-4503.86	-5193.2827
5	42	-4586.096	-5143.9443
5	43	-4545.6377	-5077.6143
6	1	-4499.705	-5129.5605
6	2	-4548.3315	-5103.4937
6	3	-4540.438	-5163.496
6	4	-4541.202	-5141.732
6	5	-4548.2617	-5150.142
6	6	-4544.834	-5131.099
6	7	-4555.0034	-5145.354
6	8	-4541.59	-5124.879
6	9	-4544.996	-5123.5493
6	10	-4541.6816	-5116.426
6	11	-4545.1025	-5116.238
6	12	-4532.9673	-5167.138
6	13	-4509.6655	-5130.851
6	14	-4507.1646	-5136.3857
6	15	-4519.0845	-5182.377
6	16	-4491.3037	-5134.5576
6	17	-4518.5503	-5189.4707
6	18	-4488.397	-5137.087
6	19	-4504.327	-5179.8584
6	20	-4510.2314	-5184.8516
6	21	-4571.249	-5188.2983
6	22	-4510.5806	-5187.9478
6	23	-4504.269	-5187.6157
6	24	-4510.4688	-5193.311
6	25	-4604.013	-5144.0894
6	26	-4503.86	-5193.2827
6	36	-4583.6963	-5080.8496
6	42	-4586.096	-5143.9443
6	43	-4545.339	-5076.7603
7	1	-4499.7407	-5129.7656
7	2	-4548.768	-5104.073
7	3	-4540.4473	-5162.686
7	4	-4541.202	-5141.7344
7	5	-4548.2812	-5149.1743
7	6	-4544.8384	-5131.1
7	7	-4554.963	-5146.728
7	8	-4541.588	-5124.8755
7	9	-4544.9966	-5123.556
7	10	-4541.6826	-5116.428
7	11	-4545.104	-5116.2373
7	12	-4533.0005	-5167.1333
7	13	-4509.963	-5130.7925
7	14	-4507.1646	-5136.3857
7	15	-4519.0845	-5182.377
7	16	-4491.3022	-5134.5303
7	17	-4518.5503	-5189.4707
7	18	-4488.397	-5137.087
7	19	-4504.327	-5179.8584
7	20	-4510.2314	-5184.8516
7	21	-4571.249	-5188.2983
7	22	-4510.5806	-5187.9478
7	23	-4504.269	-5187.6157
7	24	-4510.4688	-5193.311
7	25	-4604.013	-5144.0894
7	26	-4503.86	-5193.2827
7	36	-4583.6714	-5080.8145
7	43	-4545.0166	-5075.8
8	1	-4499.773	-5129.9946
8	2	-4549.191	-5104.648
8	3	-4540.457	-5161.858
8	4	-4541.2017	-5141.737
8	5	-4548.3193	-5148.1904
8	6	-4544.8364	-5131.1143
8	7	-4554.9233	-5148.102
8	8	-4541.588	-5124.8726
8	9	-4544.9976	-5123.5586
8	10	-4541.6855	-5116.4375
8	11	-4545.1055	-5116.2427
8	12	-4533.0366	-5167.1323
8	13	-4510.2764	-5130.7285
8	14	-4507.1646	-5136.3857
8	15	-4519.0845	-5182.377
8	16	-4491.2954	-5134.459
8	17	-4518.5503	-5189.4707
8	18	-4488.397	-5137.087
8	19	-4504.327	-5179.8584
8	20	-4510.2314	-5184.8516
8	21	-4571.249	-5188.2983
8	22	-4510.5806	-5187.9478
8	23	-4504.269	-5187.6157
8	24	-4510.4688	-5193.311
8	25	-4604.013	-5144.0894
8	26	-4503.86	-5193.2827
8	28	-4555.085	-5069.341
8	36	-4583.688	-5080.8506
8	43	-4544.7646	-5074.959
9	1	-4499.8345	-5130.2427
9	2	-4549.5825	-5105.2026
9	3	-4540.4673	-5160.9937
9	4	-4541.2017	-5141.739
9	5	-4548.3286	-5147.2344
9	6	-4544.8335	-5131.112
9	7	-4554.874	-5149.497
9	8	-4541.5884	-5124.8716
9	9	-4544.998	-5123.5654
9	10	-4541.688	-5116.4473
9	11	-4545.1074	-5116.248
9	12	-4533.083	-5167.135
9	13	-4510.5757	-5130.666
9	14	-4507.1646	-5136.3857
9	15	-4519.0845	-5182.377
9	16	-4491.3003	-5134.434
9	17	-4518.5503	-5189.4707
9	18	-4488.397	-5137.087
9	19	-4504.327	-5179.8584
9	20	-4510.2314	-5184.8516
9	21	-4571.249	-5188.2983
9	22	-4510.5806	-5187.9478
9	23	-4504.269	-5187.6157
9	24	-4510.4688	-5193.311
9	25	-4604.013	-5144.0894
9	26	-4503.86	-5193.2827
9	27	-4551.612	-5070.0435
9	36	-4583.636	-5080.8345
9	43	-4544.496	-5073.9897
10	1	-4499.8716	-5130.506
10	2	-4549.963	-5105.7925
10	3	-4540.474	-5160.176
10	4	-4541.201	-5141.7393
10	5	-4548.353	-5146.287
10	6	-4544.8345	-5131.115
10	7	-4554.8286	-5150.907
10	8	-4541.587	-5124.87
10	9	-4544.999	-5123.5664
10	10	-4541.687	-5116.448
10	11	-4545.1094	-5116.248
10	12	-4533.1587	-5167.131
10	13	-4510.865	-5130.603
10	14	-4507.1646	-5136.3857
10	15	-4519.0845	-5182.377
10	16	-4491.2886	-5134.387
10	17	-4518.5503	-5189.4707
10	18	-4488.397	-5137.087
10	19	-4504.327	-5179.8584
10	20	-4510.2314	-5184.8516
10	21	-4571.249	-5188.2983
10	22	-4510.5806	-5187.9478
10	23	-4504.269	-5187.6157
10	24	-4510.4688	-5193.311
10	25	-4604.013	-5144.0894
10	26	-4503.86	-5193.2827
10	27	-4551.5693	-5070.001
10	28	-4555.085	-5069.341
11	1	-4499.9214	-5130.645
11	2	-4550.3555	-5106.417
11	3	-4540.482	-5159.4424
11	4	-4541.201	-5141.7393
11	5	-4548.389	-5145.342
11	6	-4544.834	-5131.1123
11	7	-4554.788	-5152.3467
11	8	-4541.585	-5124.865
11	9	-4544.999	-5123.5654
11	10	-4541.69	-5116.437
11	11	-4545.1074	-5116.248
11	12	-4533.274	-5167.124
11	13	-4511.174	-5130.5386
11	14	-4507.1646	-5136.3857
11	15	-4519.0845	-5182.377
11	16	-4491.2817	-5134.357
11	17	-4518.5503	-5189.4707
11	18	-4488.397	-5137.087
11	19	-4504.327	-5179.8584
11	20	-4510.2314	-5184.8516
11	21	-4571.249	-5188.2983
11	22	-4510.5806	-5187.9478
11	23	-4504.269	-5187.6157
11	24	-4510.4688	-5193.311
11	25	-4604.013	-5144.0894
11	26	-4503.86	-5193.2827
11	27	-4551.573	-5069.9897
11	30	-4555.09	-5069.316
11	36	-4583.593	-5080.7437
12	1	-4499.963	-5130.7715
12	2	-4550.7065	-5107.04
12	3	-4540.491	-5158.722
12	4	-4541.201	-5141.7397
12	5	-4548.405	-5144.431
12	6	-4544.835	-5131.1206
12	7	-4554.757	-5153.7896
12	8	-4541.5845	-5124.861
12	9	-4544.9995	-5123.569
12	10	-4541.6875	-5116.424
12	11	-4545.108	-5116.256
12	12	-4533.346	-5167.12
12	13	-4511.46	-5130.4717
12	14	-4507.1646	-5136.3857
12	15	-4519.0845	-5182.377
12	16	-4491.2705	-5134.323
12	17	-4518.5503	-5189.4707
12	18	-4488.397	-5137.087
12	19	-4504.327	-5179.8584
12	20	-4510.2314	-5184.8516
12	21	-4571.249	-5188.2983
12	22	-4510.5806	-5187.9478
12	23	-4504.269	-5187.6157
12	24	-4510.4688	-5193.311
12	25	-4604.013	-5144.0894
12	26	-4503.86	-5193.2827
12	27	-4551.593	-5070.0264
12	30	-4555.1055	-5069.298
12	36	-4583.6577	-5080.832
13	1	-4499.999	-5130.905
13	2	-4551.036	-5107.7007
13	3	-4540.498	-5158.0024
13	4	-4541.201	-5141.7397
13	5	-4548.4126	-5143.5327
13	6	-4544.833	-5131.103
13	7	-4554.6963	-5155.1973
13	8	-4541.586	-5124.862
13	9	-4544.9995	-5123.5713
13	10	-4541.691	-5116.4375
13	11	-4545.108	-5116.2534
13	12	-4533.4106	-5167.111
13	13	-4511.765	-5130.409
13	14	-4507.1646	-5136.3857
13	15	-4519.0845	-5182.377
13	16	-4491.258	-5134.2695
13	17	-4518.5503	-5189.4707
13	18	-4488.397	-5137.087
13	19	-4504.327	-5179.8584
13	20	-4510.2314	-5184.8516
13	21	-4571.249	-5188.2983
13	22	-4510.5806	-5187.9478
13	23	-4504.269	-5187.6157
13	24	-4510.4688	-5193.311
13	25	-4604.013	-5144.0894
13	26	-4503.86	-5193.2827
13	27	-4551.587	-5070.004
13	30	-4555.067	-5069.3237
13	36	-4583.5977	-5080.7715
13	41	-4580.292	-5079.1577
14	1	-4500.028	-5131.0312
14	2	-4551.351	-5108.292
14	3	-4540.5117	-5157.336
14	4	-4541.2007	-5141.7393
14	5	-4548.4404	-5142.6333
14	6	-4544.836	-5131.123
14	7	-4554.663	-5156.6895
14	8	-4541.5845	-5124.8613
14	9	-4544.997	-5123.568
14	10	-4541.6943	-5116.4385
14	11	-4545.107	-5116.251
14	12	-4533.465	-5167.106
14	13	-4512.071	-5130.3477
14	14	-4507.1646	-5136.3857
14	15	-4519.0845	-5182.377
14	16	-4491.2476	-5134.2017
14	17	-4518.5503	-5189.4707
14	18	-4488.397	-5137.087
14	19	-4504.327	-5179.8584
14	20	-4510.2314	-5184.8516
14	21	-4571.249	-5188.2983
14	22	-4510.5806	-5187.9478
14	23	-4504.269	-5187.6157
14	24	-4510.4688	-5193.311
14	25	-4604.013	-5144.0894
14	26	-4503.86	-5193.2827
14	27	-4551.6	-5070.027
14	30	-4555.0664	-5069.3374
14	36	-4583.6113	-5080.8237
15	1	-4500.05	-5131.127
15	2	-4551.643	-5108.972
15	3	-4540.521	-5156.703
15	4	-4541.2007	-5141.7393
15	5	-4548.453	-5141.77
15	6	-4544.837	-5131.1206
15	7	-4554.6284	-5158.157
15	8	-4541.5864	-5124.862
15	9	-4544.9976	-5123.5713
15	10	-4541.6934	-5116.4575
15	11	-4545.106	-5116.251
15	12	-4533.512	-5167.102
15	13	-4512.359	-5130.29
15	14	-4507.1646	-5136.3857
15	15	-4519.0845	-5182.377
15	16	-4491.248	-5134.179
15	17	-4518.5503	-5189.4707
15	18	-4488.397	-5137.087
15	19	-4504.327	-5179.8584
15	20	-4510.2314	-5184.8516
15	21	-4571.249	-5188.2983
15	22	-4510.5806	-5187.9478
15	23	-4504.269	-5187.6157
15	24	-4510.4688	-5193.311
15	25	-4604.013	-5144.0894
15	26	-4503.86	-5193.2827
15	27	-4551.604	-5070.0093
15	30	-4555.076	-5069.304
15	36	-4583.608	-5080.818
15	41	-4580.2944	-5079.175
16	1	-4500.0776	-5131.2295
16	2	-4551.923	-5109.5996
16	3	-4540.5293	-5156.0957
16	4	-4541.2007	-5141.7397
16	5	-4548.476	-5140.945
16	6	-4544.835	-5131.1143
16	7	-4554.6196	-5159.646
16	8	-4541.5864	-5124.864
16	9	-4544.9956	-5123.572
16	10	-4541.6953	-5116.4487
16	11	-4545.106	-5116.249
16	12	-4533.555	-5167.0957
16	13	-4512.665	-5130.227
16	14	-4507.1646	-5136.3857
16	15	-4519.0845	-5182.377
16	16	-4491.2383	-5134.0903
16	17	-4518.5503	-5189.4707
16	18	-4488.397	-5137.087
16	19	-4504.327	-5179.8584
16	20	-4510.2314	-5184.8516
16	21	-4571.249	-5188.2983
16	22	-4510.5806	-5187.9478
16	23	-4504.269	-5187.6157
16	24	-4510.4688	-5193.311
16	25	-4604.013	-5144.0894
16	26	-4503.86	-5193.2827
16	27	-4551.6016	-5070.0166
16	30	-4555.0503	-5069.321
16	36	-4583.636	-5080.842
17	1	-4500.108	-5131.332
17	2	-4552.178	-5110.2188
17	3	-4540.538	-5155.475
17	4	-4541.2007	-5141.7397
17	5	-4548.4956	-5140.136
17	6	-4544.8315	-5131.117
17	7	-4554.5947	-5161.136
17	8	-4541.587	-5124.8687
17	9	-4544.996	-5123.574
17	10	-4541.693	-5116.464
17	11	-4545.1016	-5116.246
17	12	-4533.59	-5167.0913
17	13	-4512.953	-5130.167
17	14	-4507.1646	-5136.3857
17	15	-4519.0845	-5182.377
17	16	-4491.2285	-5134.0166
17	17	-4518.5503	-5189.4707
17	18	-4488.397	-5137.087
17	19	-4504.327	-5179.8584
17	20	-4510.2314	-5184.8516
17	21	-4571.249	-5188.2983
17	22	-4510.5806	-5187.9478
17	23	-4504.269	-5187.6157
17	24	-4510.4688	-5193.311
17	25	-4604.013	-5144.0894
17	26	-4503.86	-5193.2827
17	27	-4551.632	-5070.0024
17	30	-4555.0674	-5069.315
17	36	-4583.5933	-5080.8286
17	41	-4580.2554	-5079.0703
18	1	-4500.124	-5131.4043
18	2	-4552.445	-5110.9297
18	3	-4540.545	-5154.9
18	4	-4541.2007	-5141.7397
18	5	-4548.5093	-5139.3467
18	6	-4544.833	-5131.127
18	7	-4554.5723	-5162.629
18	8	-4541.5864	-5124.8667
18	9	-4544.9927	-5123.572
18	10	-4541.693	-5116.464
18	11	-4545.102	-5116.247
18	12	-4533.6235	-5167.0864
18	13	-4513.2627	-5130.11
18	14	-4507.1646	-5136.3857
18	15	-4519.0845	-5182.377
18	16	-4491.247	-5133.93
18	17	-4518.5503	-5189.4707
18	18	-4488.397	-5137.087
18	19	-4504.327	-5179.8584
18	20	-4510.2314	-5184.8516
18	21	-4571.249	-5188.2983
18	22	-4510.5806	-5187.9478
18	23	-4504.269	-5187.6157
18	24	-4510.4688	-5193.311
18	25	-4604.013	-5144.0894
18	26	-4503.86	-5193.2827
18	27	-4551.6587	-5070.017
18	30	-4555.068	-5069.317
18	36	-4583.6016	-5080.807
19	1	-4500.1426	-5131.4517
19	2	-4552.688	-5111.648
19	3	-4540.556	-5154.3623
19	4	-4541.2	-5141.7397
19	5	-4548.522	-5138.554
19	6	-4544.8325	-5131.1255
19	7	-4554.551	-5164.167
19	8	-4541.586	-5124.8716
19	9	-4544.9946	-5123.5713
19	10	-4541.6924	-5116.465
19	11	-4545.101	-5116.259
19	12	-4533.66	-5167.0825
19	13	-4513.5645	-5130.0547
19	14	-4507.1646	-5136.3857
19	15	-4519.0845	-5182.377
19	17	-4518.5503	-5189.4707
19	18	-4488.397	-5137.087
19	19	-4504.327	-5179.8584
19	20	-4510.2314	-5184.8516
19	21	-4571.249	-5188.2983
19	22	-4510.5806	-5187.9478
19	23	-4504.269	-5187.6157
19	24	-4510.4688	-5193.311
19	25	-4604.013	-5144.0894
19	26	-4503.86	-5193.2827
19	27	-4551.664	-5070.0347
19	30	-4555.077	-5069.304
19	36	-4583.5874	-5080.814
19	41	-4581.156	-5079.1987
20	1	-4500.1475	-5131.494
20	2	-4552.9634	-5112.4087
20	3	-4540.5654	-5153.848
20	4	-4541.2	-5141.7397
20	5	-4548.532	-5137.804
20	6	-4544.832	-5131.136
20	7	-4554.5283	-5165.7095
20	8	-4541.585	-5124.8677
20	9	-4544.994	-5123.5767
20	10	-4541.6973	-5116.439
20	11	-4545.106	-5116.261
20	12	-4533.695	-5167.08
20	13	-4513.8496	-5130.004
20	14	-4507.1646	-5136.3857
20	15	-4519.0845	-5182.377
20	17	-4518.5503	-5189.4707
20	18	-4488.397	-5137.087
20	19	-4504.327	-5179.8584
20	20	-4510.2314	-5184.8516
20	21	-4571.249	-5188.2983
20	22	-4510.5806	-5187.9478
20	23	-4504.269	-5187.6157
20	24	-4510.4688	-5193.311
20	25	-4604.013	-5144.0894
20	26	-4503.86	-5193.2827
20	27	-4551.6826	-5070.043
20	30	-4555.081	-5069.3027
20	36	-4583.6284	-5080.8237
20	41	-4580.2754	-5079.1865
21	1	-4500.161	-5131.5474
21	2	-4553.175	-5113.165
21	3	-4540.5723	-5153.3433
21	4	-4541.2	-5141.74
21	5	-4548.5464	-5137.06
21	6	-4544.8364	-5131.128
21	7	-4554.519	-5167.2783
21	8	-4541.587	-5124.871
21	9	-4544.9946	-5123.58
21	10	-4541.6963	-5116.434
21	11	-4545.1006	-5116.2666
21	12	-4533.715	-5167.0806
21	13	-4514.136	-5129.9497
21	14	-4507.1646	-5136.3857
21	15	-4519.0845	-5182.377
21	17	-4518.5503	-5189.4707
21	18	-4488.397	-5137.087
21	19	-4504.327	-5179.8584
21	20	-4510.2314	-5184.8516
21	21	-4571.249	-5188.2983
21	22	-4510.5806	-5187.9478
21	23	-4504.269	-5187.6157
21	24	-4510.4688	-5193.311
21	25	-4604.013	-5144.0894
21	26	-4503.86	-5193.2827
21	27	-4551.6177	-5070.051
21	30	-4555.0947	-5069.3438
21	36	-4583.6045	-5080.8374
21	41	-4581.6777	-5079.115
22	1	-4500.1714	-5131.5854
22	2	-4553.39	-5113.9644
22	3	-4540.5767	-5152.858
22	4	-4541.2	-5141.74
22	5	-4548.552	-5136.3164
22	6	-4544.833	-5131.126
22	7	-4554.5195	-5168.848
22	8	-4541.586	-5124.871
22	9	-4544.993	-5123.5767
22	10	-4541.6963	-5116.4346
22	11	-4545.1035	-5116.2593
22	12	-4533.737	-5167.08
22	13	-4514.413	-5129.9004
22	14	-4507.1646	-5136.3857
22	15	-4519.0845	-5182.377
22	17	-4518.5503	-5189.4707
22	18	-4488.397	-5137.087
22	19	-4504.327	-5179.8584
22	20	-4510.2314	-5184.8516
22	21	-4571.249	-5188.2983
22	22	-4510.5806	-5187.9478
22	23	-4504.269	-5187.6157
22	24	-4510.4688	-5193.311
22	25	-4604.013	-5144.0894
22	26	-4503.86	-5193.2827
22	27	-4551.6064	-5070.042
22	30	-4555.0815	-5069.356
22	36	-4583.6426	-5080.8237
22	41	-4581.199	-5078.8945
23	1	-4500.1763	-5131.5986
23	2	-4553.577	-5114.721
23	3	-4540.588	-5152.4194
23	4	-4541.2	-5141.74
23	5	-4548.564	-5135.6045
23	6	-4544.8345	-5131.122
23	7	-4554.494	-5170.4116
23	8	-4541.588	-5124.8726
23	9	-4544.9946	-5123.5767
23	10	-4541.695	-5116.4414
23	11	-4545.1025	-5116.266
23	12	-4533.767	-5167.0747
23	13	-4514.686	-5129.8516
23	14	-4507.1646	-5136.3857
23	15	-4519.0845	-5182.377
23	17	-4518.5503	-5189.4707
23	18	-4488.397	-5137.087
23	19	-4504.327	-5179.8584
23	20	-4510.2314	-5184.8516
23	21	-4571.249	-5188.2983
23	22	-4510.5806	-5187.9478
23	23	-4504.269	-5187.6157
23	24	-4510.4688	-5193.311
23	25	-4604.013	-5144.0894
23	26	-4503.86	-5193.2827
23	27	-4551.6196	-5070.036
23	30	-4555.077	-5069.3433
23	36	-4583.6035	-5080.819
23	41	-4580.279	-5079.0522
24	1	-4500.1855	-5131.6133
24	2	-4553.756	-5115.472
24	3	-4540.5996	-5151.966
24	4	-4541.2	-5141.74
24	5	-4548.5728	-5134.903
24	6	-4544.831	-5131.134
24	7	-4554.4854	-5172.0024
24	8	-4541.587	-5124.8735
24	9	-4544.994	-5123.576
24	10	-4541.697	-5116.423
24	11	-4545.0986	-5116.27
24	12	-4533.7817	-5167.0757
24	13	-4514.9585	-5129.802
24	14	-4507.1646	-5136.3857
24	15	-4519.0845	-5182.377
24	17	-4518.5503	-5189.4707
24	18	-4488.397	-5137.087
24	19	-4504.327	-5179.8584
24	20	-4510.2314	-5184.8516
24	21	-4571.249	-5188.2983
24	22	-4510.5806	-5187.9478
24	23	-4504.269	-5187.6157
24	24	-4510.4688	-5193.311
24	25	-4604.013	-5144.0894
24	26	-4503.86	-5193.2827
24	27	-4551.607	-5070.0405
24	29	-4491.2925	-5133.057
24	30	-4555.071	-5069.3354
24	41	-4580.325	-5079.109
25	1	-4500.191	-5131.628
25	2	-4553.9185	-5116.2812
25	3	-4540.605	-5151.581
25	4	-4541.2	-5141.74
25	5	-4548.5864	-5134.197
25	6	-4544.833	-5131.1265
25	7	-4554.4727	-5173.6265
25	8	-4541.588	-5124.8804
25	9	-4544.9927	-5123.578
25	10	-4541.6943	-5116.4365
25	11	-4545.0986	-5116.2656
25	12	-4533.793	-5167.0728
25	13	-4515.222	-5129.7524
25	14	-4507.1646	-5136.3857
25	15	-4519.0845	-5182.377
25	17	-4518.5503	-5189.4707
25	18	-4488.397	-5137.087
25	19	-4504.327	-5179.8584
25	20	-4510.2314	-5184.8516
25	21	-4571.249	-5188.2983
25	22	-4510.5806	-5187.9478
25	23	-4504.269	-5187.6157
25	24	-4510.4688	-5193.311
25	25	-4604.013	-5144.0894
25	26	-4503.86	-5193.2827
25	27	-4551.599	-5070.054
25	29	-4491.287	-5132.997
25	30	-4555.081	-5069.302
25	36	-4583.6294	-5080.842
25	41	-4580.3394	-5079.0293
26	1	-4500.1934	-5131.624
26	2	-4554.0596	-5117.0596
26	3	-4540.606	-5151.211
26	4	-4541.2	-5141.74
26	5	-4548.597	-5133.53
26	6	-4544.8354	-5131.134
26	7	-4554.463	-5175.178
26	8	-4541.587	-5124.884
26	9	-4544.9927	-5123.581
26	10	-4541.697	-5116.4375
26	11	-4545.1016	-5116.268
26	12	-4533.8135	-5167.0674
26	13	-4515.4946	-5129.711
26	14	-4507.1646	-5136.3857
26	15	-4519.0845	-5182.377
26	17	-4518.5503	-5189.4707
26	18	-4488.397	-5137.087
26	19	-4504.327	-5179.8584
26	20	-4510.2314	-5184.8516
26	21	-4571.249	-5188.2983
26	22	-4510.5806	-5187.9478
26	23	-4504.269	-5187.6157
26	24	-4510.4688	-5193.311
26	25	-4604.013	-5144.0894
26	26	-4503.86	-5193.2827
26	27	-4551.5933	-5070.047
26	29	-4491.258	-5133.007
26	30	-4555.0815	-5069.306
26	41	-4580.321	-5078.9414
27	1	-4500.192	-5131.631
27	2	-4554.199	-5117.8667
27	3	-4540.6094	-5150.9004
27	4	-4541.2	-5141.74
27	5	-4548.6064	-5132.8564
27	6	-4544.833	-5131.135
27	7	-4554.4546	-5176.8174
27	8	-4541.5874	-5124.882
27	9	-4544.9927	-5123.5796
27	10	-4541.697	-5116.4424
27	11	-4545.102	-5116.261
27	12	-4533.8184	-5167.068
27	13	-4515.758	-5129.6675
27	14	-4507.1646	-5136.3857
27	15	-4519.0845	-5182.377
27	17	-4518.5503	-5189.4707
27	18	-4488.397	-5137.087
27	19	-4504.327	-5179.8584
27	20	-4510.2314	-5184.8516
27	21	-4571.249	-5188.2983
27	22	-4510.5806	-5187.9478
27	23	-4504.269	-5187.6157
27	24	-4510.4688	-5193.311
27	25	-4604.013	-5144.0894
27	26	-4503.86	-5193.2827
27	27	-4551.598	-5070.0244
27	29	-4491.279	-5132.9473
27	30	-4555.059	-5069.31
28	1	-4500.1943	-5131.613
28	2	-4554.3223	-5118.6904
28	3	-4540.6147	-5150.6025
28	4	-4541.2	-5141.7407
28	5	-4548.6196	-5132.226
28	6	-4544.835	-5131.132
28	7	-4554.4644	-5178.4614
28	8	-4541.588	-5124.8833
28	9	-4544.992	-5123.5776
28	10	-4541.6978	-5116.4346
28	11	-4545.1035	-5116.265
28	12	-4533.8276	-5167.067
28	13	-4516.016	-5129.624
28	14	-4507.1646	-5136.3857
28	15	-4519.0845	-5182.377
28	17	-4518.5503	-5189.4707
28	18	-4488.397	-5137.087
28	19	-4504.327	-5179.8584
28	20	-4510.2314	-5184.8516
28	21	-4571.249	-5188.2983
28	22	-4510.5806	-5187.9478
28	23	-4504.269	-5187.6157
28	24	-4510.4688	-5193.311
28	25	-4604.013	-5144.0894
28	26	-4503.86	-5193.2827
28	27	-4551.589	-5070.0684
28	29	-4491.2534	-5132.9624
28	30	-4555.0674	-5069.308
28	36	-4583.647	-5080.864
29	1	-4500.192	-5131.615
29	2	-4554.436	-5119.5303
29	3	-4540.6187	-5150.327
29	4	-4541.2	-5141.74
29	5	-4548.6216	-5131.592
29	6	-4544.8335	-5131.135
29	7	-4554.469	-5180.116
29	8	-4541.587	-5124.88
29	9	-4544.9917	-5123.5747
29	10	-4541.694	-5116.4375
29	11	-4545.102	-5116.255
29	12	-4533.8364	-5167.065
29	13	-4516.2847	-5129.5835
29	14	-4507.1646	-5136.3857
29	15	-4519.0845	-5182.377
29	17	-4518.5503	-5189.4707
29	18	-4488.397	-5137.087
29	19	-4504.327	-5179.8584
29	20	-4510.2314	-5184.8516
29	21	-4571.249	-5188.2983
29	22	-4510.5806	-5187.9478
29	23	-4504.269	-5187.6157
29	24	-4510.4688	-5193.311
29	25	-4604.013	-5144.0894
29	26	-4503.86	-5193.2827
29	27	-4551.591	-5070.053
29	29	-4491.261	-5132.956
29	30	-4555.077	-5069.3374
29	36	-4583.6187	-5080.8237
30	1	-4500.1973	-5131.625
30	2	-4554.5464	-5120.355
30	3	-4540.625	-5150.0674
30	4	-4541.2007	-5141.7407
30	5	-4548.632	-5130.9707
30	6	-4544.8315	-5131.1353
30	7	-4554.4785	-5181.7637
30	8	-4541.588	-5124.8813
30	9	-4544.992	-5123.572
30	10	-4541.696	-5116.429
30	11	-4545.1035	-5116.2603
30	12	-4533.8364	-5167.07
30	13	-4516.5405	-5129.534
30	14	-4507.1646	-5136.3857
30	15	-4519.0845	-5182.377
30	17	-4518.5503	-5189.4707
30	18	-4488.397	-5137.087
30	19	-4504.327	-5179.8584
30	20	-4510.2314	-5184.8516
30	21	-4571.249	-5188.2983
30	22	-4510.5806	-5187.9478
30	23	-4504.269	-5187.6157
30	24	-4510.4688	-5193.311
30	25	-4604.013	-5144.0894
30	26	-4503.86	-5193.2827
30	27	-4551.604	-5070.0454
30	29	-4491.25	-5132.956
30	30	-4555.0776	-5069.336
30	36	-4583.559	-5080.8184
31	1	-4500.2007	-5131.643
31	2	-4554.641	-5121.2085
31	3	-4540.6245	-5149.843
31	4	-4541.2	-5141.74
31	5	-4548.6426	-5130.38
31	6	-4544.833	-5131.136
31	7	-4554.4863	-5183.392
31	8	-4541.5894	-5124.8794
31	9	-4544.9946	-5123.5713
31	10	-4541.6953	-5116.414
31	11	-4545.103	-5116.2495
31	12	-4533.8364	-5167.072
31	13	-4516.7935	-5129.4917
31	14	-4507.1646	-5136.3857
31	15	-4519.0845	-5182.377
31	17	-4518.5503	-5189.4707
31	18	-4488.397	-5137.087
31	19	-4504.327	-5179.8584
31	20	-4510.2314	-5184.8516
31	21	-4571.249	-5188.2983
31	22	-4510.5806	-5187.9478
31	23	-4504.269	-5187.6157
31	24	-4510.4688	-5193.311
31	25	-4604.013	-5144.0894
31	26	-4503.86	-5193.2827
31	27	-4551.5894	-5070.0605
31	29	-4491.2344	-5132.938
31	30	-4555.0864	-5069.3306
32	1	-4500.196	-5131.629
32	2	-4554.722	-5122.039
32	3	-4540.632	-5149.6694
32	4	-4541.2	-5141.74
32	5	-4548.652	-5129.776
32	6	-4544.833	-5131.134
32	7	-4554.494	-5185.0933
32	8	-4541.589	-5124.877
32	9	-4544.992	-5123.5674
32	10	-4541.6978	-5116.42
32	11	-4545.102	-5116.253
32	12	-4533.841	-5167.072
32	13	-4517.044	-5129.4517
32	14	-4507.1646	-5136.3857
32	15	-4519.0845	-5182.377
32	17	-4518.5503	-5189.4707
32	18	-4488.397	-5137.087
32	19	-4504.327	-5179.8584
32	20	-4510.2314	-5184.8516
32	21	-4571.249	-5188.2983
32	22	-4510.5806	-5187.9478
32	23	-4504.269	-5187.6157
32	24	-4510.4688	-5193.311
32	25	-4604.013	-5144.0894
32	26	-4503.86	-5193.2827
32	27	-4551.57	-5070.087
32	29	-4491.2134	-5132.589
32	30	-4555.0786	-5069.3125
33	1	-4500.194	-5131.6167
33	2	-4554.788	-5122.8975
33	3	-4540.6313	-5149.5054
33	4	-4541.2	-5141.74
33	5	-4548.66	-5129.186
33	6	-4544.8306	-5131.126
33	7	-4554.486	-5186.7183
33	8	-4541.5884	-5124.876
33	9	-4544.9927	-5123.5664
33	10	-4541.696	-5116.4043
33	11	-4545.101	-5116.243
33	12	-4533.8477	-5167.072
33	13	-4517.3003	-5129.4146
33	14	-4507.1646	-5136.3857
33	15	-4519.0845	-5182.377
33	17	-4518.5503	-5189.4707
33	18	-4488.397	-5137.087
33	19	-4504.327	-5179.8584
33	20	-4510.2314	-5184.8516
33	21	-4571.249	-5188.2983
33	22	-4510.5806	-5187.9478
33	23	-4504.269	-5187.6157
33	24	-4510.4688	-5193.311
33	25	-4604.013	-5144.0894
33	26	-4503.86	-5193.2827
33	27	-4551.57	-5070.0605
33	29	-4491.2114	-5132.472
33	30	-4555.0713	-5069.3037
34	1	-4500.193	-5131.602
34	2	-4554.852	-5123.77
34	3	-4540.6353	-5149.3755
34	4	-4541.2	-5141.74
34	5	-4548.6816	-5128.617
34	6	-4544.832	-5131.1274
34	7	-4554.488	-5188.4053
34	8	-4541.588	-5124.8765
34	9	-4544.9927	-5123.566
34	10	-4541.695	-5116.424
34	11	-4545.1006	-5116.2373
34	12	-4533.8535	-5167.07
34	13	-4517.5547	-5129.373
34	14	-4507.1646	-5136.3857
34	15	-4519.0845	-5182.377
34	17	-4518.5503	-5189.4707
34	18	-4488.397	-5137.087
34	19	-4504.327	-5179.8584
34	20	-4510.2314	-5184.8516
34	21	-4571.249	-5188.2983
34	22	-4510.5806	-5187.9478
34	23	-4504.269	-5187.6157
34	24	-4510.4688	-5193.311
34	25	-4604.013	-5144.0894
34	26	-4503.86	-5193.2827
34	27	-4551.587	-5070.07
34	29	-4491.2305	-5132.414
34	30	-4555.0693	-5069.287
35	1	-4500.1895	-5131.5825
35	2	-4554.912	-5124.699
35	3	-4540.637	-5149.229
35	4	-4541.2	-5141.7407
35	5	-4548.697	-5128.0923
35	6	-4544.833	-5131.121
35	7	-4554.5005	-5190.105
35	8	-4541.587	-5124.875
35	9	-4544.992	-5123.563
35	10	-4541.695	-5116.4043
35	11	-4545.104	-5116.2324
35	12	-4533.854	-5167.072
35	13	-4517.8125	-5129.3296
35	14	-4507.1646	-5136.3857
35	15	-4519.0845	-5182.377
35	17	-4518.5503	-5189.4707
35	18	-4488.397	-5137.087
35	19	-4504.327	-5179.8584
35	20	-4510.2314	-5184.8516
35	21	-4571.249	-5188.2983
35	22	-4510.5806	-5187.9478
35	23	-4504.269	-5187.6157
35	24	-4510.4688	-5193.311
35	25	-4604.013	-5144.0894
35	26	-4503.86	-5193.2827
35	27	-4551.582	-5070.101
35	29	-4491.2236	-5132.373
35	30	-4555.0557	-5069.318
35	31	-4539.983	-5219.559
35	36	-4583.494	-5080.802
36	1	-4500.188	-5131.559
36	2	-4554.9595	-5125.5938
36	3	-4540.6353	-5149.1504
36	4	-4541.2	-5141.7407
36	5	-4548.704	-5127.581
36	6	-4544.8325	-5131.1313
36	7	-4554.509	-5191.8213
36	8	-4541.5874	-5124.879
36	9	-4544.9917	-5123.5625
36	10	-4541.6914	-5116.407
36	11	-4545.1064	-5116.2227
36	12	-4533.851	-5167.0713
36	13	-4518.06	-5129.285
36	14	-4507.1646	-5136.3857
36	15	-4519.0845	-5182.377
36	17	-4518.5503	-5189.4707
36	18	-4488.397	-5137.087
36	19	-4504.327	-5179.8584
36	20	-4510.2314	-5184.8516
36	21	-4571.249	-5188.2983
36	22	-4510.5806	-5187.9478
36	23	-4504.269	-5187.6157
36	24	-4510.4688	-5193.311
36	25	-4604.013	-5144.0894
36	26	-4503.86	-5193.2827
36	27	-4551.5815	-5070.103
36	29	-4491.224	-5132.302
36	30	-4555.057	-5069.3066
36	31	-4540.0127	-5218.4604
37	1	-4500.1885	-5131.5464
37	2	-4554.9897	-5126.52
37	3	-4540.628	-5149.0547
37	4	-4541.2	-5141.7407
37	5	-4548.7114	-5127.0615
37	6	-4544.831	-5131.126
37	7	-4554.5195	-5193.504
37	8	-4541.5874	-5124.8784
37	9	-4544.992	-5123.5625
37	10	-4541.6875	-5116.397
37	11	-4545.1045	-5116.202
37	12	-4533.844	-5167.0723
37	13	-4518.298	-5129.2515
37	14	-4507.1646	-5136.3857
37	15	-4519.0845	-5182.377
37	17	-4518.5503	-5189.4707
37	18	-4488.397	-5137.087
37	19	-4504.327	-5179.8584
37	20	-4510.2314	-5184.8516
37	21	-4571.249	-5188.2983
37	22	-4510.5806	-5187.9478
37	23	-4504.269	-5187.6157
37	24	-4510.4688	-5193.311
37	25	-4604.013	-5144.0894
37	26	-4503.86	-5193.2827
37	27	-4551.596	-5070.092
37	29	-4491.1978	-5132.238
37	30	-4555.05	-5069.33
37	31	-4540.064	-5217.141
38	1	-4500.18	-5131.513
38	2	-4555.02	-5127.4087
38	3	-4540.632	-5148.9956
38	4	-4541.2	-5141.74
38	5	-4548.7295	-5126.559
38	6	-4544.833	-5131.126
38	7	-4554.538	-5195.242
38	8	-4541.587	-5124.8745
38	9	-4544.992	-5123.56
38	10	-4541.691	-5116.402
38	11	-4545.108	-5116.1753
38	12	-4533.846	-5167.0703
38	13	-4518.5347	-5129.2134
38	14	-4507.1646	-5136.3857
38	15	-4519.0845	-5182.377
38	17	-4518.5503	-5189.4707
38	18	-4488.397	-5137.087
38	19	-4504.327	-5179.8584
38	20	-4510.2314	-5184.8516
38	21	-4571.249	-5188.2983
38	22	-4510.5806	-5187.9478
38	23	-4504.269	-5187.6157
38	24	-4510.4688	-5193.311
38	25	-4604.013	-5144.0894
38	26	-4503.86	-5193.2827
38	27	-4551.5903	-5070.127
38	29	-4491.1885	-5132.1484
38	30	-4555.0547	-5069.314
38	31	-4540.1	-5215.8975
39	1	-4500.1787	-5131.4956
39	2	-4555.0435	-5128.3286
39	3	-4540.6294	-5148.943
39	4	-4541.2	-5141.74
39	5	-4548.7354	-5126.067
39	6	-4544.8315	-5131.123
39	7	-4554.5483	-5196.9683
39	8	-4541.588	-5124.869
39	9	-4544.993	-5123.5566
39	10	-4541.6934	-5116.3745
39	11	-4545.103	-5116.1455
39	12	-4533.847	-5167.0728
39	13	-4518.779	-5129.176
39	14	-4507.1646	-5136.3857
39	15	-4519.0845	-5182.377
39	17	-4518.5503	-5189.4707
39	18	-4488.397	-5137.087
39	19	-4504.327	-5179.8584
39	20	-4510.2314	-5184.8516
39	21	-4571.249	-5188.2983
39	22	-4510.5806	-5187.9478
39	23	-4504.269	-5187.6157
39	24	-4510.4688	-5193.311
39	25	-4604.013	-5144.0894
39	26	-4503.86	-5193.2827
39	27	-4551.5947	-5070.174
39	29	-4491.1807	-5132.0405
39	30	-4555.053	-5069.3296
39	31	-4540.1235	-5214.599
40	1	-4500.1816	-5131.4604
40	2	-4555.0674	-5129.259
40	3	-4540.6387	-5148.896
40	4	-4541.2	-5141.74
40	5	-4548.746	-5125.5615
40	6	-4544.8315	-5131.1284
40	7	-4554.5513	-5198.6875
40	8	-4541.5894	-5124.873
40	9	-4544.9946	-5123.554
40	10	-4541.694	-5116.373
40	11	-4545.1035	-5116.0977
40	12	-4533.8516	-5167.0703
40	13	-4519.024	-5129.14
40	14	-4507.1646	-5136.3857
40	15	-4519.0845	-5182.377
40	17	-4518.5503	-5189.4707
40	18	-4488.397	-5137.087
40	19	-4504.327	-5179.8584
40	20	-4510.2314	-5184.8516
40	21	-4571.249	-5188.2983
40	22	-4510.5806	-5187.9478
40	23	-4504.269	-5187.6157
40	24	-4510.4688	-5193.311
40	25	-4604.013	-5144.0894
40	26	-4503.86	-5193.2827
40	27	-4551.601	-5070.2617
40	29	-4491.1807	-5131.9766
40	30	-4555.065	-5069.318
40	31	-4540.126	-5213.309
40	40	-4580.2485	-5079.1025
41	1	-4500.1753	-5131.4185
41	2	-4555.0815	-5130.2026
41	3	-4540.6406	-5148.871
41	4	-4541.2	-5141.74
41	5	-4548.769	-5125.085
41	6	-4544.8315	-5131.1196
41	7	-4554.564	-5200.4126
41	8	-4541.59	-5124.868
41	9	-4544.993	-5123.555
41	10	-4541.692	-5116.3477
41	11	-4545.101	-5116.043
41	12	-4533.845	-5167.072
41	13	-4519.2563	-5129.1074
41	14	-4507.1646	-5136.3857
41	15	-4519.0845	-5182.377
41	17	-4518.5503	-5189.4707
41	18	-4488.397	-5137.087
41	19	-4504.327	-5179.8584
41	20	-4510.2314	-5184.8516
41	21	-4571.249	-5188.2983
41	22	-4510.5806	-5187.9478
41	23	-4504.269	-5187.6157
41	24	-4510.4688	-5193.311
41	25	-4604.013	-5144.0894
41	26	-4503.86	-5193.2827
41	27	-4551.6084	-5070.345
41	29	-4491.172	-5131.8506
41	30	-4555.0557	-5069.3193
41	31	-4540.147	-5211.9487
42	1	-4500.1807	-5131.3877
42	2	-4555.0894	-5131.163
42	3	-4540.636	-5148.8516
42	4	-4541.2	-5141.74
42	5	-4548.7896	-5124.613
42	6	-4544.833	-5131.115
42	7	-4554.566	-5202.1685
42	8	-4541.588	-5124.8667
42	9	-4544.9937	-5123.55
42	10	-4541.6924	-5116.338
42	11	-4545.101	-5115.9614
42	12	-4533.846	-5167.0703
42	13	-4519.48	-5129.074
42	14	-4507.1646	-5136.3857
42	15	-4519.0845	-5182.377
42	17	-4518.5503	-5189.4707
42	18	-4488.397	-5137.087
42	19	-4504.327	-5179.8584
42	20	-4510.2314	-5184.8516
42	21	-4571.249	-5188.2983
42	22	-4510.5806	-5187.9478
42	23	-4504.269	-5187.6157
42	24	-4510.4688	-5193.311
42	25	-4604.013	-5144.0894
42	26	-4503.86	-5193.2827
42	27	-4551.607	-5070.451
42	29	-4491.175	-5131.662
42	30	-4555.0845	-5069.3013
42	31	-4540.1494	-5210.642
43	1	-4500.179	-5131.347
43	2	-4555.0957	-5132.139
43	3	-4540.6377	-5148.842
43	4	-4541.2	-5141.74
43	5	-4548.7905	-5124.1694
43	6	-4544.8325	-5131.114
43	7	-4554.5537	-5203.8887
43	8	-4541.587	-5124.865
43	9	-4544.995	-5123.539
43	10	-4541.6973	-5116.316
43	11	-4545.101	-5115.871
43	12	-4533.8423	-5167.073
43	13	-4519.7183	-5129.0347
43	14	-4507.1646	-5136.3857
43	15	-4519.0845	-5182.377
43	17	-4518.5503	-5189.4707
43	18	-4488.397	-5137.087
43	19	-4504.327	-5179.8584
43	20	-4510.2314	-5184.8516
43	21	-4571.249	-5188.2983
43	22	-4510.5806	-5187.9478
43	23	-4504.269	-5187.6157
43	24	-4510.4688	-5193.311
43	25	-4604.013	-5144.0894
43	26	-4503.86	-5193.2827
43	27	-4551.6494	-5070.57
43	29	-4491.186	-5131.567
43	30	-4555.09	-5069.325
43	31	-4540.1553	-5209.3164
44	1	-4500.17	-5131.2915
44	2	-4555.103	-5133.1006
44	3	-4540.6426	-5148.821
44	4	-4541.2	-5141.74
44	5	-4548.8154	-5123.625
44	6	-4544.833	-5131.1167
44	7	-4554.5903	-5205.605
44	8	-4541.5864	-5124.8623
44	9	-4544.9976	-5123.5356
44	10	-4541.701	-5116.3213
44	11	-4545.1	-5115.7554
44	12	-4533.8486	-5167.0728
44	13	-4519.9604	-5128.9946
44	14	-4507.1646	-5136.3857
44	15	-4519.0845	-5182.377
44	17	-4518.5503	-5189.4707
44	18	-4488.397	-5137.087
44	19	-4504.327	-5179.8584
44	20	-4510.2314	-5184.8516
44	21	-4571.249	-5188.2983
44	22	-4510.5806	-5187.9478
44	23	-4504.269	-5187.6157
44	24	-4510.4688	-5193.311
44	25	-4604.013	-5144.0894
44	26	-4503.86	-5193.2827
44	27	-4551.658	-5070.768
44	29	-4491.182	-5131.442
44	30	-4555.066	-5069.315
44	31	-4540.168	-5208.0264
44	32	-4583.6885	-5080.9033
44	40	-4581.288	-5079.1187
45	1	-4500.1626	-5131.226
45	2	-4555.107	-5134.0713
45	3	-4540.6416	-5148.8145
45	4	-4541.2007	-5141.74
45	6	-4544.831	-5131.1167
45	7	-4554.592	-5207.4463
45	8	-4541.587	-5124.857
45	9	-4544.9976	-5123.528
45	10	-4541.701	-5116.282
45	11	-4545.105	-5115.6123
45	12	-4533.844	-5167.0747
45	13	-4520.2046	-5128.964
45	14	-4507.1646	-5136.3857
45	15	-4519.0845	-5182.377
45	17	-4518.5503	-5189.4707
45	18	-4488.397	-5137.087
45	19	-4504.327	-5179.8584
45	20	-4510.2314	-5184.8516
45	21	-4571.249	-5188.2983
45	22	-4510.5806	-5187.9478
45	23	-4504.269	-5187.6157
45	24	-4510.4688	-5193.311
45	25	-4604.013	-5144.0894
45	26	-4503.86	-5193.2827
45	27	-4551.6006	-5070.916
45	29	-4491.1616	-5131.337
45	30	-4555.072	-5069.33
45	31	-4540.1772	-5206.6914
45	32	-4583.663	-5080.842
46	1	-4500.1587	-5131.176
46	2	-4555.1045	-5135.061
46	3	-4540.641	-5148.817
46	4	-4541.2	-5141.74
46	6	-4544.8306	-5131.1294
46	7	-4554.598	-5209.149
46	8	-4541.587	-5124.8555
46	9	-4544.9985	-5123.516
46	10	-4541.703	-5116.2915
46	11	-4545.1006	-5115.4473
46	12	-4533.845	-5167.0728
46	13	-4520.428	-5128.93
46	14	-4507.1646	-5136.3857
46	15	-4519.0845	-5182.377
46	17	-4518.5503	-5189.4707
46	18	-4488.397	-5137.087
46	19	-4504.327	-5179.8584
46	20	-4510.2314	-5184.8516
46	21	-4571.249	-5188.2983
46	22	-4510.5806	-5187.9478
46	23	-4504.269	-5187.6157
46	24	-4510.4688	-5193.311
46	25	-4604.013	-5144.0894
46	26	-4503.86	-5193.2827
46	27	-4551.5977	-5071.1685
46	29	-4491.174	-5131.1807
46	30	-4555.0703	-5069.338
46	31	-4540.1807	-5205.39
46	32	-4583.6045	-5080.8096
46	40	-4581.214	-5079.258
47	1	-4500.154	-5131.1177
47	2	-4555.1074	-5136.035
47	3	-4540.64	-5148.821
47	4	-4541.2	-5141.74
47	6	-4544.8345	-5131.126
47	7	-4554.5947	-5210.9062
47	8	-4541.586	-5124.8433
47	9	-4545.0005	-5123.5005
47	10	-4541.7017	-5116.2344
47	11	-4545.1	-5115.2554
47	12	-4533.8486	-5167.0723
47	13	-4520.658	-5128.892
47	14	-4507.1646	-5136.3857
47	15	-4519.0845	-5182.377
47	17	-4518.5503	-5189.4707
47	18	-4488.397	-5137.087
47	19	-4504.327	-5179.8584
47	20	-4510.2314	-5184.8516
47	21	-4571.249	-5188.2983
47	22	-4510.5806	-5187.9478
47	23	-4504.269	-5187.6157
47	24	-4510.4688	-5193.311
47	25	-4604.013	-5144.0894
47	26	-4503.86	-5193.2827
47	27	-4551.6045	-5071.3896
47	29	-4491.1655	-5131.0635
47	30	-4555.075	-5069.345
47	31	-4540.175	-5204.1113
47	32	-4583.61	-5080.8325
47	40	-4581.2114	-5078.9673
48	1	-4500.146	-5131.044
48	2	-4555.1035	-5137.0454
48	3	-4540.6377	-5148.8193
48	4	-4541.2	-5141.74
48	6	-4544.8354	-5131.1196
48	7	-4554.5854	-5212.761
48	8	-4541.586	-5124.828
48	9	-4545.0	-5123.484
48	10	-4541.6997	-5116.1787
48	11	-4545.094	-5115.0566
48	12	-4533.8457	-5167.072
48	13	-4520.8857	-5128.858
48	14	-4507.1646	-5136.3857
48	15	-4519.0845	-5182.377
48	17	-4518.5503	-5189.4707
48	18	-4488.397	-5137.087
48	19	-4504.327	-5179.8584
48	20	-4510.2314	-5184.8516
48	21	-4571.249	-5188.2983
48	22	-4510.5806	-5187.9478
48	23	-4504.269	-5187.6157
48	24	-4510.4688	-5193.311
48	25	-4604.013	-5144.0894
48	26	-4503.86	-5193.2827
48	27	-4551.6177	-5071.7056
48	29	-4491.17	-5131.0234
48	30	-4555.0747	-5069.3564
48	31	-4540.1895	-5202.8696
48	32	-4583.634	-5080.8657
48	40	-4581.158	-5078.9927
49	1	-4500.1426	-5130.989
49	2	-4555.105	-5138.0654
49	3	-4540.64	-5148.812
49	4	-4541.2	-5141.74
49	6	-4544.835	-5131.1304
49	7	-4554.603	-5214.5884
49	8	-4541.586	-5124.8105
49	9	-4544.999	-5123.4634
49	10	-4541.7017	-5116.09
49	11	-4545.088	-5114.816
49	12	-4533.849	-5167.072
49	13	-4521.1064	-5128.825
49	14	-4507.1646	-5136.3857
49	15	-4519.0845	-5182.377
49	17	-4518.5503	-5189.4707
49	18	-4488.397	-5137.087
49	19	-4504.327	-5179.8584
49	20	-4510.2314	-5184.8516
49	21	-4571.249	-5188.2983
49	22	-4510.5806	-5187.9478
49	23	-4504.269	-5187.6157
49	24	-4510.4688	-5193.311
49	25	-4604.013	-5144.0894
49	26	-4503.86	-5193.2827
49	27	-4551.6445	-5071.971
49	29	-4491.1797	-5130.9185
49	30	-4555.0923	-5069.373
49	31	-4540.2026	-5201.6187
49	32	-4583.624	-5080.861
49	40	-4580.287	-5079.1636
50	1	-4500.1353	-5130.911
50	2	-4555.1	-5139.096
50	3	-4540.6396	-5148.8247
50	4	-4541.2	-5141.74
50	6	-4544.8306	-5131.113
50	7	-4554.618	-5216.354
50	8	-4541.5874	-5124.7856
50	9	-4544.9995	-5123.439
50	10	-4541.704	-5115.9946
50	11	-4545.0864	-5114.562
50	12	-4533.844	-5167.0728
50	13	-4521.335	-5128.7954
50	14	-4507.1646	-5136.3857
50	15	-4519.0845	-5182.377
50	17	-4518.5503	-5189.4707
50	18	-4488.397	-5137.087
50	19	-4504.327	-5179.8584
50	20	-4510.2314	-5184.8516
50	21	-4571.249	-5188.2983
50	22	-4510.5806	-5187.9478
50	23	-4504.269	-5187.6157
50	24	-4510.4688	-5193.311
50	25	-4604.013	-5144.0894
50	26	-4503.86	-5193.2827
50	27	-4551.647	-5072.304
50	29	-4491.1816	-5130.82
50	30	-4555.094	-5069.4014
50	31	-4540.2227	-5200.339
50	32	-4583.606	-5080.881
50	40	-4580.3823	-5079.173
51	1	-4500.1284	-5130.847
51	2	-4555.097	-5140.1313
51	3	-4540.638	-5148.8257
51	4	-4541.2	-5141.74
51	6	-4544.833	-5131.1157
51	8	-4541.588	-5124.7456
51	9	-4545.0015	-5123.411
51	10	-4541.7046	-5115.8506
51	11	-4545.078	-5114.2407
51	12	-4533.8506	-5167.072
51	13	-4521.5444	-5128.7656
51	14	-4507.1646	-5136.3857
51	15	-4519.0845	-5182.377
51	17	-4518.5503	-5189.4707
51	18	-4488.397	-5137.087
51	19	-4504.327	-5179.8584
51	20	-4510.2314	-5184.8516
51	21	-4571.249	-5188.2983
51	22	-4510.5806	-5187.9478
51	23	-4504.269	-5187.6157
51	24	-4510.4688	-5193.311
51	25	-4604.013	-5144.0894
51	26	-4503.86	-5193.2827
51	27	-4551.606	-5072.6724
51	29	-4491.2144	-5130.675
51	30	-4555.0815	-5069.4424
51	31	-4540.2407	-5199.068
51	32	-4583.5767	-5080.8174
51	33	-4548.963	-5119.688
51	40	-4581.2144	-5079.0566
52	1	-4500.1216	-5130.7773
52	2	-4555.0986	-5141.1343
52	3	-4540.627	-5148.842
52	4	-4541.2	-5141.7407
52	6	-4544.8345	-5131.123
52	8	-4541.587	-5124.6978
52	9	-4545.003	-5123.381
52	10	-4541.7036	-5115.7065
52	11	-4545.0728	-5113.908
52	12	-4533.8516	-5167.0684
52	13	-4521.761	-5128.7363
52	14	-4507.1646	-5136.3857
52	15	-4519.0845	-5182.377
52	17	-4518.5503	-5189.4707
52	18	-4488.397	-5137.087
52	19	-4504.327	-5179.8584
52	20	-4510.2314	-5184.8516
52	21	-4571.249	-5188.2983
52	22	-4510.5806	-5187.9478
52	23	-4504.269	-5187.6157
52	24	-4510.4688	-5193.311
52	25	-4604.013	-5144.0894
52	26	-4503.86	-5193.2827
52	27	-4551.597	-5073.0347
52	29	-4491.1816	-5130.6445
52	30	-4555.076	-5069.4883
52	31	-4540.248	-5197.7812
52	32	-4583.6357	-5080.8335
52	33	-4548.945	-5119.393
53	1	-4500.111	-5130.7095
53	2	-4555.107	-5142.1323
53	3	-4540.6377	-5148.8286
53	4	-4541.2	-5141.74
53	6	-4544.835	-5131.1196
53	8	-4541.5864	-5124.655
53	9	-4545.0024	-5123.3486
53	10	-4541.7017	-5115.5337
53	11	-4545.0703	-5113.5444
53	12	-4533.8545	-5167.07
53	13	-4521.977	-5128.7046
53	14	-4507.1646	-5136.3857
53	15	-4519.0845	-5182.377
53	17	-4518.5503	-5189.4707
53	18	-4488.397	-5137.087
53	19	-4504.327	-5179.8584
53	20	-4510.2314	-5184.8516
53	21	-4571.249	-5188.2983
53	22	-4510.5806	-5187.9478
53	23	-4504.269	-5187.6157
53	24	-4510.4688	-5193.311
53	26	-4503.86	-5193.2827
53	27	-4551.572	-5073.5063
53	29	-4491.2197	-5130.578
53	30	-4555.063	-5069.5786
53	31	-4540.2544	-5196.5186
53	32	-4583.5957	-5080.773
53	33	-4548.981	-5119.2485
53	40	-4581.256	-5079.18
54	1	-4500.101	-5130.6396
54	2	-4555.1035	-5143.1797
54	3	-4540.637	-5148.8354
54	4	-4541.1997	-5141.7407
54	6	-4544.8315	-5131.13
54	8	-4541.5894	-5124.6045
54	9	-4545.0005	-5123.297
54	10	-4541.704	-5115.321
54	11	-4545.0664	-5113.1484
54	12	-4533.854	-5167.0693
54	13	-4522.2	-5128.6807
54	14	-4507.1646	-5136.3857
54	15	-4519.0845	-5182.377
54	17	-4518.5503	-5189.4707
54	18	-4488.397	-5137.087
54	19	-4504.327	-5179.8584
54	20	-4510.2314	-5184.8516
54	21	-4571.249	-5188.2983
54	22	-4510.5806	-5187.9478
54	23	-4504.269	-5187.6157
54	24	-4510.4688	-5193.311
54	26	-4503.86	-5193.2827
54	27	-4551.545	-5073.9995
54	29	-4491.2397	-5130.4146
54	30	-4555.069	-5069.6973
54	31	-4540.27	-5195.264
54	32	-4583.621	-5080.861
54	33	-4548.9907	-5118.987
54	34	-4603.998	-5143.9717
55	1	-4500.0933	-5130.575
55	2	-4555.0967	-5144.244
55	3	-4540.6387	-5148.825
55	4	-4541.2	-5141.7407
55	6	-4544.8286	-5131.12
55	8	-4541.593	-5124.5444
55	9	-4545.0015	-5123.2393
55	10	-4541.709	-5115.1587
55	11	-4545.0566	-5112.7197
55	12	-4533.855	-5167.071
55	13	-4522.413	-5128.653
55	14	-4507.1646	-5136.3857
55	15	-4519.0845	-5182.377
55	17	-4518.5503	-5189.4707
55	18	-4488.397	-5137.087
55	19	-4504.327	-5179.8584
55	20	-4510.2314	-5184.8516
55	21	-4571.249	-5188.2983
55	22	-4510.5806	-5187.9478
55	23	-4504.269	-5187.6157
55	24	-4510.4688	-5193.311
55	26	-4503.86	-5193.2827
55	27	-4551.5723	-5074.42
55	29	-4491.1963	-5130.3745
55	30	-4555.0625	-5069.8086
55	31	-4540.271	-5194.0767
55	32	-4583.61	-5080.8506
55	33	-4548.965	-5118.7124
55	34	-4603.998	-5143.9717
55	40	-4580.288	-5079.113
56	1	-4500.092	-5130.527
56	2	-4555.0947	-5145.3223
56	3	-4540.6377	-5148.821
56	4	-4541.1997	-5141.7407
56	6	-4544.8306	-5131.111
56	8	-4541.5923	-5124.4795
56	9	-4545.005	-5123.178
56	10	-4541.7104	-5114.9346
56	11	-4545.0503	-5112.2524
56	12	-4533.8555	-5167.07
56	13	-4522.63	-5128.6196
56	14	-4507.1646	-5136.3857
56	15	-4519.0845	-5182.377
56	17	-4518.5503	-5189.4707
56	18	-4488.397	-5137.087
56	19	-4504.327	-5179.8584
56	20	-4510.2314	-5184.8516
56	21	-4571.249	-5188.2983
56	22	-4510.5806	-5187.9478
56	23	-4504.269	-5187.6157
56	24	-4510.4688	-5193.311
56	26	-4503.86	-5193.2827
56	27	-4551.546	-5074.9805
56	29	-4491.303	-5130.166
56	30	-4555.063	-5069.976
56	31	-4540.288	-5192.9077
56	32	-4583.5845	-5080.8066
56	33	-4548.966	-5118.4087
56	34	-4603.998	-5143.9717
56	40	-4580.918	-5079.099
57	1	-4500.083	-5130.4595
57	2	-4555.0854	-5146.4126
57	3	-4540.6396	-5148.827
57	4	-4541.2	-5141.7407
57	6	-4544.835	-5131.108
57	8	-4541.593	-5124.408
57	9	-4545.003	-5123.114
57	10	-4541.706	-5114.679
57	11	-4545.05	-5111.7544
57	12	-4533.864	-5167.0728
57	13	-4522.8335	-5128.59
57	14	-4507.1646	-5136.3857
57	15	-4519.0845	-5182.377
57	17	-4518.5503	-5189.4707
57	18	-4488.397	-5137.087
57	19	-4504.327	-5179.8584
57	20	-4510.2314	-5184.8516
57	21	-4571.249	-5188.2983
57	22	-4510.5806	-5187.9478
57	23	-4504.269	-5187.6157
57	24	-4510.4688	-5193.311
57	26	-4503.86	-5193.2827
57	27	-4551.5205	-5075.5513
57	29	-4491.5244	-5129.611
57	30	-4555.068	-5070.203
57	31	-4540.296	-5191.762
57	32	-4583.6265	-5080.7993
57	33	-4548.974	-5118.069
57	34	-4603.998	-5143.9717
58	1	-4500.0776	-5130.395
58	2	-4555.07	-5147.4326
58	3	-4540.6396	-5148.822
58	4	-4541.2	-5141.7407
58	6	-4544.8325	-5131.103
58	8	-4541.591	-5124.3257
58	9	-4545.009	-5123.0366
58	10	-4541.7114	-5114.3945
58	11	-4545.0366	-5111.213
58	12	-4533.858	-5167.0737
58	13	-4523.0522	-5128.56
58	14	-4507.1646	-5136.3857
58	15	-4519.0845	-5182.377
58	17	-4518.5503	-5189.4707
58	18	-4488.397	-5137.087
58	19	-4504.327	-5179.8584
58	20	-4510.2314	-5184.8516
58	21	-4571.249	-5188.2983
58	22	-4510.5806	-5187.9478
58	23	-4504.269	-5187.6157
58	24	-4510.4688	-5193.311
58	26	-4503.86	-5193.2827
58	27	-4551.5474	-5076.1807
58	29	-4491.3438	-5130.0107
58	30	-4555.057	-5070.4355
58	31	-4540.312	-5190.6504
58	32	-4583.6104	-5080.8354
58	33	-4548.9595	-5117.752
58	34	-4603.998	-5143.9717
59	1	-4500.0654	-5130.3345
59	2	-4555.067	-5148.545
59	3	-4540.6333	-5148.8306
59	4	-4541.1997	-5141.7407
59	6	-4544.8335	-5131.1084
59	8	-4541.592	-5124.236
59	9	-4545.0117	-5122.9556
59	10	-4541.7124	-5114.1074
59	11	-4545.0317	-5110.666
59	12	-4533.8623	-5167.0723
59	13	-4523.2544	-5128.535
59	14	-4507.1646	-5136.3857
59	15	-4519.0845	-5182.377
59	17	-4518.5503	-5189.4707
59	18	-4488.397	-5137.087
59	19	-4504.327	-5179.8584
59	20	-4510.2314	-5184.8516
59	21	-4571.249	-5188.2983
59	22	-4510.5806	-5187.9478
59	23	-4504.269	-5187.6157
59	24	-4510.4688	-5193.311
59	26	-4503.86	-5193.2827
59	27	-4551.505	-5076.832
59	29	-4491.3833	-5129.918
59	30	-4555.0566	-5070.784
59	31	-4540.313	-5189.5684
59	33	-4548.9497	-5117.4497
59	34	-4603.998	-5143.9717
59	40	-4580.2646	-5079.0874
60	1	-4500.053	-5130.2666
60	2	-4555.077	-5149.6807
60	3	-4540.6294	-5148.8286
60	4	-4541.1997	-5141.7407
60	6	-4544.8325	-5131.104
60	8	-4541.5903	-5124.1387
60	9	-4545.0156	-5122.8623
60	10	-4541.7075	-5113.7573
60	11	-4545.021	-5110.07
60	12	-4533.8584	-5167.0737
60	13	-4523.4727	-5128.504
60	14	-4507.1646	-5136.3857
60	15	-4519.0845	-5182.377
60	17	-4518.5503	-5189.4707
60	18	-4488.397	-5137.087
60	19	-4504.327	-5179.8584
60	20	-4510.2314	-5184.8516
60	21	-4571.249	-5188.2983
60	22	-4510.5806	-5187.9478
60	23	-4504.269	-5187.6157
60	24	-4510.4688	-5193.311
60	26	-4503.86	-5193.2827
60	27	-4551.5254	-5077.5396
60	29	-4491.394	-5129.886
60	30	-4555.052	-5071.0537
60	31	-4540.312	-5188.4556
60	33	-4548.9336	-5117.024
60	34	-4603.998	-5143.9717
61	1	-4500.0415	-5130.2075
61	2	-4555.07	-5150.7944
61	3	-4540.632	-5148.835
61	4	-4541.1997	-5141.7407
61	6	-4544.836	-5131.093
61	8	-4541.5903	-5124.022
61	9	-4545.016	-5122.758
61	10	-4541.7114	-5113.4507
61	11	-4545.0073	-5109.437
61	12	-4533.86	-5167.073
61	13	-4523.674	-5128.4785
61	14	-4507.1646	-5136.3857
61	15	-4519.0845	-5182.377
61	17	-4518.5503	-5189.4707
61	18	-4488.397	-5137.087
61	19	-4504.327	-5179.8584
61	20	-4510.2314	-5184.8516
61	21	-4571.249	-5188.2983
61	22	-4510.5806	-5187.9478
61	23	-4504.269	-5187.6157
61	24	-4510.4688	-5193.311
61	26	-4503.86	-5193.2827
61	27	-4551.5127	-5078.227
61	29	-4491.4463	-5129.768
61	30	-4555.0435	-5071.4175
61	31	-4540.316	-5187.3506
61	33	-4548.935	-5116.6797
61	34	-4603.998	-5143.9717
62	1	-4500.032	-5130.15
62	2	-4555.0674	-5151.885
62	3	-4540.6313	-5148.8306
62	4	-4541.1997	-5141.7407
62	6	-4544.8345	-5131.089
62	8	-4541.59	-5123.8726
62	9	-4545.021	-5122.6333
62	10	-4541.714	-5113.094
62	11	-4545.0093	-5108.789
62	12	-4533.851	-5167.0728
62	13	-4523.882	-5128.447
62	14	-4507.1646	-5136.3857
62	15	-4519.0845	-5182.377
62	17	-4518.5503	-5189.4707
62	18	-4488.397	-5137.087
62	19	-4504.327	-5179.8584
62	20	-4510.2314	-5184.8516
62	21	-4571.249	-5188.2983
62	22	-4510.5806	-5187.9478
62	23	-4504.269	-5187.6157
62	24	-4510.4688	-5193.311
62	26	-4503.86	-5193.2827
62	27	-4551.5146	-5078.997
62	29	-4491.4624	-5129.7236
62	30	-4555.038	-5071.8
62	31	-4540.3286	-5186.258
62	33	-4548.918	-5116.341
62	34	-4603.998	-5143.9717
62	35	-4585.994	-5143.478
63	1	-4500.018	-5130.097
63	2	-4555.0645	-5153.0244
63	3	-4540.64	-5148.82
63	4	-4541.1997	-5141.7407
63	6	-4544.8364	-5131.085
63	8	-4541.5864	-5123.71
63	9	-4545.0234	-5122.5083
63	10	-4541.7134	-5112.7065
63	11	-4545.0103	-5108.1333
63	12	-4533.853	-5167.072
63	13	-4524.073	-5128.423
63	14	-4507.1646	-5136.3857
63	15	-4519.0845	-5182.377
63	17	-4518.5503	-5189.4707
63	18	-4488.397	-5137.087
63	19	-4504.327	-5179.8584
63	20	-4510.2314	-5184.8516
63	21	-4571.249	-5188.2983
63	22	-4510.5806	-5187.9478
63	23	-4504.269	-5187.6157
63	24	-4510.4688	-5193.311
63	26	-4503.86	-5193.2827
63	27	-4551.526	-5079.747
63	29	-4491.4814	-5129.674
63	30	-4555.047	-5072.209
63	31	-4540.333	-5185.2036
63	32	-4583.681	-5080.8013
63	33	-4548.915	-5115.9688
63	34	-4603.998	-5143.9717
63	35	-4585.994	-5143.478
64	1	-4500.01	-5130.045
64	2	-4555.042	-5154.1235
64	3	-4540.6387	-5148.83
64	4	-4541.2	-5141.7407
64	6	-4544.84	-5131.069
64	8	-4541.587	-5123.5293
64	9	-4545.027	-5122.3726
64	10	-4541.7124	-5112.268
64	11	-4545.014	-5107.461
64	12	-4533.8545	-5167.0728
64	13	-4524.2715	-5128.403
64	14	-4507.1646	-5136.3857
64	15	-4519.0845	-5182.377
64	17	-4518.5503	-5189.4707
64	18	-4488.397	-5137.087
64	19	-4504.327	-5179.8584
64	20	-4510.2314	-5184.8516
64	21	-4571.249	-5188.2983
64	22	-4510.5806	-5187.9478
64	23	-4504.269	-5187.6157
64	24	-4510.4688	-5193.311
64	26	-4503.86	-5193.2827
64	27	-4551.512	-5080.568
64	29	-4491.511	-5129.608
64	30	-4555.0435	-5072.6265
64	31	-4540.3438	-5184.147
64	32	-4583.676	-5080.834
64	33	-4548.897	-5115.5947
64	34	-4603.998	-5143.9717
64	35	-4585.994	-5143.478
65	1	-4500.007	-5130.007
65	2	-4555.032	-5155.2744
65	3	-4540.6367	-5148.835
65	4	-4541.2	-5141.7407
65	6	-4544.8354	-5131.0664
65	8	-4541.5894	-5123.3086
65	9	-4545.022	-5122.2183
65	10	-4541.7207	-5111.869
65	11	-4545.0063	-5106.748
65	12	-4533.858	-5167.072
65	13	-4524.478	-5128.376
65	14	-4507.1646	-5136.3857
65	15	-4519.0845	-5182.377
65	17	-4518.5503	-5189.4707
65	18	-4488.397	-5137.087
65	19	-4504.327	-5179.8584
65	20	-4510.2314	-5184.8516
65	21	-4571.249	-5188.2983
65	22	-4510.5806	-5187.9478
65	23	-4504.269	-5187.6157
65	24	-4510.4688	-5193.311
65	26	-4503.86	-5193.2827
65	27	-4551.5107	-5081.417
65	29	-4491.526	-5129.5654
65	30	-4555.0464	-5073.048
65	31	-4540.3535	-5183.1807
65	32	-4583.6406	-5080.8213
65	33	-4548.9023	-5115.241
65	34	-4603.998	-5143.9717
65	35	-4585.994	-5143.478
66	1	-4499.997	-5129.9663
66	2	-4555.0454	-5156.4824
66	3	-4540.638	-5148.828
66	4	-4541.1997	-5141.7407
66	6	-4544.8374	-5131.0444
66	8	-4541.587	-5123.0864
66	9	-4545.0254	-5122.0576
66	10	-4541.726	-5111.4077
66	11	-4545.006	-5106.037
66	12	-4533.8574	-5167.074
66	13	-4524.6714	-5128.353
66	14	-4507.1646	-5136.3857
66	15	-4519.0845	-5182.377
66	17	-4518.5503	-5189.4707
66	18	-4488.397	-5137.087
66	19	-4504.327	-5179.8584
66	20	-4510.2314	-5184.8516
66	21	-4571.249	-5188.2983
66	22	-4510.5806	-5187.9478
66	23	-4504.269	-5187.6157
66	24	-4510.4688	-5193.311
66	26	-4503.86	-5193.2827
66	27	-4551.522	-5082.2534
66	29	-4491.493	-5129.6016
66	30	-4555.046	-5073.537
66	31	-4540.351	-5182.2144
66	32	-4583.627	-5080.7935
66	33	-4548.8945	-5114.7925
66	34	-4603.998	-5143.9717
66	35	-4585.994	-5143.478
67	1	-4499.9995	-5129.9473
67	2	-4555.026	-5157.596
67	3	-4540.6377	-5148.824
67	4	-4541.1997	-5141.7407
67	6	-4544.839	-5131.025
67	8	-4541.587	-5122.829
67	9	-4545.0283	-5121.8765
67	10	-4541.734	-5110.9873
67	11	-4545.0073	-5105.3213
67	12	-4533.8584	-5167.0757
67	13	-4524.8696	-5128.3306
67	14	-4507.1646	-5136.3857
67	15	-4519.0845	-5182.377
67	17	-4518.5503	-5189.4707
67	18	-4488.397	-5137.087
67	19	-4504.327	-5179.8584
67	20	-4510.2314	-5184.8516
67	21	-4571.249	-5188.2983
67	22	-4510.5806	-5187.9478
67	23	-4504.269	-5187.6157
67	24	-4510.4688	-5193.311
67	26	-4503.86	-5193.2827
67	27	-4551.5146	-5083.1904
67	29	-4491.511	-5129.585
67	30	-4555.038	-5074.0947
67	31	-4540.3574	-5181.2256
67	32	-4583.6387	-5080.828
67	33	-4548.875	-5114.347
67	34	-4603.998	-5143.9717
67	35	-4585.994	-5143.478
68	1	-4499.99	-5129.9233
68	2	-4555.02	-5158.77
68	3	-4540.6377	-5148.8423
68	4	-4541.1997	-5141.7407
68	6	-4544.842	-5130.997
68	8	-4541.581	-5122.554
68	9	-4545.0366	-5121.679
68	10	-4541.7407	-5110.5874
68	11	-4545.0024	-5104.5938
68	12	-4533.8594	-5167.075
68	13	-4525.054	-5128.307
68	14	-4507.1646	-5136.3857
68	15	-4519.0845	-5182.377
68	17	-4518.5503	-5189.4707
68	18	-4488.397	-5137.087
68	19	-4504.327	-5179.8584
68	20	-4510.2314	-5184.8516
68	21	-4571.249	-5188.2983
68	22	-4510.5806	-5187.9478
68	23	-4504.269	-5187.6157
68	24	-4510.4688	-5193.311
68	26	-4503.86	-5193.2827
68	27	-4551.536	-5084.1133
68	29	-4491.514	-5129.5864
68	30	-4555.038	-5074.5884
68	31	-4540.3604	-5180.209
68	32	-4583.6445	-5080.816
68	33	-4548.8745	-5113.952
68	34	-4603.998	-5143.9717
68	35	-4585.994	-5143.478
69	1	-4499.9893	-5129.9087
69	2	-4555.0137	-5159.9688
69	3	-4540.637	-5148.8364
69	4	-4541.1997	-5141.7407
69	6	-4544.843	-5130.9653
69	8	-4541.5835	-5122.2686
69	9	-4545.043	-5121.4565
69	10	-4541.748	-5110.1016
69	11	-4545.002	-5103.8247
69	12	-4533.861	-5167.0737
69	13	-4525.2344	-5128.2847
69	14	-4507.1646	-5136.3857
69	15	-4519.0845	-5182.377
69	17	-4518.5503	-5189.4707
69	18	-4488.397	-5137.087
69	19	-4504.327	-5179.8584
69	20	-4510.2314	-5184.8516
69	21	-4571.249	-5188.2983
69	22	-4510.5806	-5187.9478
69	23	-4504.269	-5187.6157
69	24	-4510.4688	-5193.311
69	26	-4503.86	-5193.2827
69	27	-4551.5356	-5085.0757
69	29	-4491.5645	-5129.5107
69	30	-4555.0674	-5075.155
69	31	-4540.3667	-5179.226
69	32	-4583.652	-5080.8296
69	33	-4548.8647	-5113.5435
69	34	-4603.998	-5143.9717
69	35	-4585.994	-5143.478
69	37	-4543.774	-5217.851
70	1	-4499.986	-5129.8926
70	2	-4555.006	-5161.1484
70	3	-4540.6396	-5148.825
70	4	-4541.1997	-5141.7407
70	6	-4544.849	-5130.9
70	8	-4541.578	-5121.9644
70	9	-4545.043	-5121.21
70	10	-4541.751	-5109.593
70	11	-4544.9956	-5103.047
70	12	-4533.8657	-5167.0747
70	13	-4525.436	-5128.2637
70	14	-4507.1646	-5136.3857
70	15	-4519.0845	-5182.377
70	17	-4518.5503	-5189.4707
70	18	-4488.397	-5137.087
70	19	-4504.327	-5179.8584
70	20	-4510.2314	-5184.8516
70	21	-4571.249	-5188.2983
70	22	-4510.5806	-5187.9478
70	23	-4504.269	-5187.6157
70	24	-4510.4688	-5193.311
70	26	-4503.86	-5193.2827
70	27	-4551.5107	-5086.1113
70	29	-4491.5522	-5129.5176
70	30	-4555.077	-5075.7227
70	31	-4540.377	-5178.234
70	32	-4583.641	-5080.8438
70	33	-4548.8647	-5113.163
70	34	-4603.998	-5143.9717
70	35	-4585.994	-5143.478
70	37	-4543.8677	-5216.2344
70	38	-4580.258	-5079.2188
71	1	-4499.985	-5129.881
71	2	-4554.986	-5162.3403
71	3	-4540.6367	-5148.823
71	4	-4541.1997	-5141.74
71	6	-4544.8457	-5130.849
71	8	-4541.5796	-5121.639
71	9	-4545.051	-5120.9604
71	10	-4541.757	-5109.1143
71	11	-4544.996	-5102.247
71	12	-4533.8584	-5167.0747
71	13	-4525.619	-5128.2354
71	14	-4507.1646	-5136.3857
71	15	-4519.0845	-5182.377
71	17	-4518.5503	-5189.4707
71	18	-4488.397	-5137.087
71	19	-4504.327	-5179.8584
71	20	-4510.2314	-5184.8516
71	21	-4571.249	-5188.2983
71	22	-4510.5806	-5187.9478
71	23	-4504.269	-5187.6157
71	24	-4510.4688	-5193.311
71	26	-4503.86	-5193.2827
71	27	-4551.5264	-5087.007
71	29	-4491.6	-5129.4478
71	30	-4555.1167	-5076.3657
71	31	-4540.374	-5177.1885
71	32	-4583.6284	-5080.8613
71	33	-4548.855	-5112.83
71	34	-4603.998	-5143.9717
71	35	-4585.994	-5143.478
71	37	-4543.932	-5214.6333
72	1	-4499.9863	-5129.876
72	2	-4554.9775	-5163.543
72	3	-4540.6426	-5148.825
72	4	-4541.1997	-5141.738
72	6	-4544.8467	-5130.776
72	8	-4541.58	-5121.2954
72	9	-4545.0557	-5120.688
72	10	-4541.756	-5108.6587
72	11	-4545.0054	-5101.477
72	12	-4533.8633	-5167.0776
72	13	-4525.809	-5128.22
72	14	-4507.1646	-5136.3857
72	15	-4519.0845	-5182.377
72	17	-4518.5503	-5189.4707
72	18	-4488.397	-5137.087
72	19	-4504.327	-5179.8584
72	20	-4510.2314	-5184.8516
72	21	-4571.249	-5188.2983
72	22	-4510.5806	-5187.9478
72	23	-4504.269	-5187.6157
72	24	-4510.4688	-5193.311
72	26	-4503.86	-5193.2827
72	27	-4551.497	-5087.9893
72	29	-4491.6177	-5129.411
72	30	-4555.1523	-5076.9604
72	31	-4540.3843	-5176.2583
72	32	-4583.6177	-5080.83
72	33	-4548.857	-5112.467
72	34	-4603.998	-5143.9717
72	35	-4585.994	-5143.478
72	37	-4543.9775	-5212.987
73	1	-4499.9927	-5129.8813
73	2	-4554.9697	-5164.776
73	3	-4540.6387	-5148.8154
73	4	-4541.1997	-5141.731
73	6	-4544.8467	-5130.6763
73	8	-4541.576	-5120.941
73	9	-4545.0605	-5120.4
73	10	-4541.7583	-5108.118
73	11	-4545.0103	-5100.69
73	12	-4533.865	-5167.0747
73	13	-4525.9897	-5128.2017
73	14	-4507.1646	-5136.3857
73	15	-4519.0845	-5182.377
73	17	-4518.5503	-5189.4707
73	18	-4488.397	-5137.087
73	19	-4504.327	-5179.8584
73	20	-4510.2314	-5184.8516
73	21	-4571.249	-5188.2983
73	22	-4510.5806	-5187.9478
73	23	-4504.269	-5187.6157
73	24	-4510.4688	-5193.311
73	26	-4503.86	-5193.2827
73	27	-4551.4985	-5088.8896
73	29	-4491.6357	-5129.3696
73	30	-4555.1816	-5077.599
73	31	-4540.388	-5175.22
73	32	-4583.575	-5080.8086
73	33	-4548.8516	-5112.0825
73	34	-4603.998	-5143.9717
73	35	-4585.994	-5143.478
73	37	-4543.9937	-5211.4116
74	1	-4499.994	-5129.8755
74	2	-4554.9565	-5165.956
74	3	-4540.637	-5148.8184
74	4	-4541.1987	-5141.719
74	6	-4544.8496	-5130.5664
74	8	-4541.57	-5120.5835
74	9	-4545.0635	-5120.091
74	10	-4541.769	-5107.585
74	11	-4545.004	-5099.872
74	12	-4533.866	-5167.075
74	13	-4526.1597	-5128.1797
74	14	-4507.1646	-5136.3857
74	15	-4519.0845	-5182.377
74	17	-4518.5503	-5189.4707
74	18	-4488.397	-5137.087
74	19	-4504.327	-5179.8584
74	20	-4510.2314	-5184.8516
74	21	-4571.249	-5188.2983
74	22	-4510.5806	-5187.9478
74	23	-4504.269	-5187.6157
74	24	-4510.4688	-5193.311
74	26	-4503.86	-5193.2827
74	27	-4551.4927	-5089.8813
74	29	-4491.638	-5129.3696
74	30	-4555.187	-5078.2866
74	31	-4540.395	-5174.1846
74	32	-4583.596	-5080.835
74	33	-4548.8438	-5111.7217
74	34	-4603.998	-5143.9717
74	35	-4585.994	-5143.478
74	37	-4544.016	-5209.7573
74	38	-4580.3276	-5079.1807
75	1	-4499.998	-5129.878
75	2	-4554.947	-5167.1714
75	3	-4540.636	-5148.816
75	4	-4541.199	-5141.705
75	6	-4544.85	-5130.421
75	8	-4541.5645	-5120.175
75	9	-4545.062	-5119.764
75	10	-4541.774	-5107.0293
75	11	-4545.0044	-5099.066
75	12	-4533.8555	-5167.0806
75	13	-4526.3413	-5128.1606
75	14	-4507.1646	-5136.3857
75	15	-4519.0845	-5182.377
75	17	-4518.5503	-5189.4707
75	18	-4488.397	-5137.087
75	19	-4504.327	-5179.8584
75	20	-4510.2314	-5184.8516
75	21	-4571.249	-5188.2983
75	22	-4510.5806	-5187.9478
75	23	-4504.269	-5187.6157
75	24	-4510.4688	-5193.311
75	26	-4503.86	-5193.2827
75	27	-4551.517	-5090.8022
75	29	-4491.6514	-5129.358
75	30	-4555.192	-5078.945
75	31	-4540.4023	-5173.3345
75	32	-4583.5845	-5080.8335
75	33	-4548.838	-5111.3574
75	34	-4603.998	-5143.9717
75	35	-4585.994	-5143.478
75	37	-4544.0176	-5208.084
75	38	-4580.287	-5079.178
76	1	-4500.0015	-5129.8833
76	2	-4554.9443	-5168.381
76	3	-4540.6304	-5148.817
76	4	-4541.1997	-5141.6865
76	6	-4544.8496	-5130.274
76	8	-4541.565	-5119.767
76	9	-4545.068	-5119.4155
76	10	-4541.7856	-5106.4346
76	11	-4545.007	-5098.1963
76	12	-4533.8555	-5167.0815
76	13	-4526.5127	-5128.143
76	14	-4507.1646	-5136.3857
76	15	-4519.0845	-5182.377
76	17	-4518.5503	-5189.4707
76	18	-4488.397	-5137.087
76	19	-4504.327	-5179.8584
76	20	-4510.2314	-5184.8516
76	21	-4571.249	-5188.2983
76	22	-4510.5806	-5187.9478
76	23	-4504.269	-5187.6157
76	24	-4510.4688	-5193.311
76	26	-4503.86	-5193.2827
76	27	-4551.5273	-5091.79
76	29	-4491.6616	-5129.3315
76	30	-4555.3	-5079.6704
76	31	-4540.417	-5172.526
76	32	-4583.582	-5080.802
76	33	-4548.8306	-5110.9946
76	34	-4603.998	-5143.9717
76	35	-4585.994	-5143.478
76	37	-4544.011	-5206.441
76	38	-4580.258	-5079.0605
77	1	-4500.0093	-5129.8853
77	2	-4554.9346	-5169.6216
77	3	-4540.6313	-5148.7993
77	4	-4541.202	-5141.663
77	6	-4544.8535	-5130.098
77	8	-4541.566	-5119.343
77	9	-4545.0737	-5119.049
77	10	-4541.801	-5105.9043
77	11	-4545.01	-5097.3687
77	12	-4533.8594	-5167.0806
77	13	-4526.6777	-5128.1245
77	14	-4507.1646	-5136.3857
77	15	-4519.0845	-5182.377
77	17	-4518.5503	-5189.4707
77	18	-4488.397	-5137.087
77	19	-4504.327	-5179.8584
77	20	-4510.2314	-5184.8516
77	21	-4571.249	-5188.2983
77	22	-4510.5806	-5187.9478
77	23	-4504.269	-5187.6157
77	24	-4510.4688	-5193.311
77	26	-4503.86	-5193.2827
77	27	-4551.483	-5092.7593
77	29	-4491.6597	-5129.352
77	31	-4540.4224	-5171.601
77	32	-4583.5825	-5080.816
77	33	-4548.822	-5110.5835
77	34	-4603.998	-5143.9717
77	35	-4585.994	-5143.478
77	37	-4544.019	-5204.874
77	38	-4580.345	-5079.069
77	39	-4548.9487	-5066.546
78	1	-4500.0107	-5129.876
78	2	-4554.925	-5170.9165
78	3	-4540.6284	-5148.817
78	4	-4541.204	-5141.6377
78	6	-4544.8555	-5129.905
78	8	-4541.562	-5118.9175
78	9	-4545.0776	-5118.658
78	10	-4541.815	-5105.379
78	11	-4545.013	-5096.491
78	12	-4533.8667	-5167.0786
78	13	-4526.852	-5128.103
78	14	-4507.1646	-5136.3857
78	15	-4519.0845	-5182.377
78	17	-4518.5503	-5189.4707
78	18	-4488.397	-5137.087
78	19	-4504.327	-5179.8584
78	20	-4510.2314	-5184.8516
78	21	-4571.249	-5188.2983
78	22	-4510.5806	-5187.9478
78	23	-4504.269	-5187.6157
78	24	-4510.4688	-5193.311
78	26	-4503.86	-5193.2827
78	27	-4551.468	-5093.6826
78	29	-4491.663	-5129.338
78	31	-4540.43	-5170.8447
78	32	-4583.5605	-5080.8325
78	33	-4548.8193	-5110.181
78	34	-4603.998	-5143.9717
78	35	-4585.994	-5143.478
78	37	-4544.029	-5203.3228
78	38	-4580.349	-5079.1084
78	39	-4548.787	-5067.097
79	1	-4500.016	-5129.8853
79	2	-4554.91	-5172.1416
79	3	-4540.6323	-5148.806
79	4	-4541.204	-5141.6084
79	6	-4544.855	-5129.693
79	8	-4541.554	-5118.4756
79	9	-4545.084	-5118.2427
79	10	-4541.8276	-5104.717
79	11	-4545.0234	-5095.606
79	12	-4533.8643	-5167.0776
79	13	-4527.0195	-5128.0894
79	14	-4507.1646	-5136.3857
79	15	-4519.0845	-5182.377
79	17	-4518.5503	-5189.4707
79	18	-4488.397	-5137.087
79	19	-4504.327	-5179.8584
79	20	-4510.2314	-5184.8516
79	21	-4571.249	-5188.2983
79	22	-4510.5806	-5187.9478
79	23	-4504.269	-5187.6157
79	24	-4510.4688	-5193.311
79	26	-4503.86	-5193.2827
79	27	-4551.4355	-5094.4873
79	29	-4491.6636	-5129.336
79	31	-4540.436	-5170.119
79	32	-4583.5894	-5080.7847
79	33	-4548.813	-5109.754
79	34	-4603.998	-5143.9717
79	35	-4585.994	-5143.478
79	37	-4544.0464	-5201.918
79	38	-4580.3423	-5079.096
79	39	-4548.9277	-5067.507
79	44	-4504.3154	-5182.225
80	1	-4500.0244	-5129.8916
80	2	-4554.9	-5173.4224
80	3	-4540.639	-5148.796
80	4	-4541.2056	-5141.5786
80	6	-4544.86	-5129.456
80	8	-4541.55	-5117.9844
80	9	-4545.0884	-5117.8203
80	10	-4541.845	-5104.1353
80	11	-4545.031	-5094.7124
80	12	-4533.8677	-5167.075
80	13	-4527.1963	-5128.072
80	14	-4507.1646	-5136.3857
80	15	-4519.0845	-5182.377
80	17	-4518.5503	-5189.4707
80	18	-4488.397	-5137.087
80	19	-4504.327	-5179.8584
80	20	-4510.2314	-5184.8516
80	21	-4571.249	-5188.2983
80	22	-4510.5806	-5187.9478
80	23	-4504.269	-5187.6157
80	24	-4510.4688	-5193.311
80	26	-4503.86	-5193.2827
80	29	-4491.6616	-5129.3423
80	31	-4540.456	-5169.346
80	32	-4583.575	-5080.7974
80	33	-4548.811	-5109.3906
80	34	-4603.998	-5143.9717
80	35	-4585.994	-5143.478
80	37	-4544.034	-5200.1323
80	38	-4580.3203	-5079.1216
80	39	-4548.8403	-5068.023
81	1	-4500.0356	-5129.9097
81	2	-4554.8896	-5174.68
81	3	-4540.6265	-5148.823
81	4	-4541.2065	-5141.5454
81	6	-4544.86	-5129.19
81	8	-4541.547	-5117.5146
81	9	-4545.096	-5117.367
81	10	-4541.8604	-5103.474
81	11	-4545.021	-5093.765
81	12	-4533.871	-5167.0737
81	13	-4527.3677	-5128.0513
81	14	-4507.1646	-5136.3857
81	15	-4519.0845	-5182.377
81	17	-4518.5503	-5189.4707
81	18	-4488.397	-5137.087
81	19	-4504.327	-5179.8584
81	20	-4510.2314	-5184.8516
81	21	-4571.249	-5188.2983
81	22	-4510.5806	-5187.9478
81	23	-4504.269	-5187.6157
81	24	-4510.4688	-5193.311
81	26	-4503.86	-5193.2827
81	29	-4491.6743	-5129.3086
81	31	-4540.4688	-5168.551
81	32	-4583.5815	-5080.778
81	33	-4548.8022	-5108.9834
81	34	-4603.998	-5143.9717
81	35	-4585.994	-5143.478
81	37	-4544.038	-5198.5815
81	38	-4580.3394	-5079.1187
81	39	-4548.827	-5068.503
81	44	-4504.4277	-5182.3013
82	1	-4500.0435	-5129.9277
82	2	-4554.8784	-5176.0
82	3	-4540.6357	-5148.7847
82	4	-4541.206	-5141.51
82	6	-4544.8677	-5128.908
82	8	-4541.55	-5117.0166
82	9	-4545.098	-5116.901
82	10	-4541.865	-5102.9653
82	11	-4545.011	-5092.8247
82	12	-4533.8716	-5167.077
82	13	-4527.5293	-5128.0347
82	14	-4507.1646	-5136.3857
82	15	-4519.0845	-5182.377
82	17	-4518.5503	-5189.4707
82	18	-4488.397	-5137.087
82	19	-4504.327	-5179.8584
82	20	-4510.2314	-5184.8516
82	21	-4571.249	-5188.2983
82	22	-4510.5806	-5187.9478
82	23	-4504.269	-5187.6157
82	24	-4510.4688	-5193.311
82	26	-4503.86	-5193.2827
82	29	-4491.683	-5129.2925
82	31	-4540.478	-5167.798
82	32	-4583.612	-5080.8394
82	33	-4548.795	-5108.542
82	34	-4603.998	-5143.9717
82	35	-4585.994	-5143.478
82	37	-4544.024	-5197.048
82	38	-4580.34	-5079.1396
82	39	-4548.8447	-5068.974
82	44	-4504.4727	-5182.2554
83	1	-4500.069	-5129.9546
83	2	-4554.8687	-5177.3047
83	3	-4540.637	-5148.7427
83	4	-4541.2065	-5141.473
83	6	-4544.87	-5128.591
83	8	-4541.543	-5116.5215
83	9	-4545.098	-5116.4067
83	10	-4541.8823	-5102.2983
83	11	-4545.025	-5091.8584
83	12	-4533.874	-5167.0806
83	13	-4527.6914	-5128.0156
83	14	-4507.1646	-5136.3857
83	15	-4519.0845	-5182.377
83	17	-4518.5503	-5189.4707
83	18	-4488.397	-5137.087
83	19	-4504.327	-5179.8584
83	20	-4510.2314	-5184.8516
83	21	-4571.249	-5188.2983
83	22	-4510.5806	-5187.9478
83	23	-4504.269	-5187.6157
83	24	-4510.4688	-5193.311
83	26	-4503.86	-5193.2827
83	29	-4491.683	-5129.3022
83	31	-4540.4897	-5167.215
83	32	-4583.6284	-5080.8623
83	33	-4548.782	-5108.175
83	34	-4603.998	-5143.9717
83	35	-4585.994	-5143.478
83	37	-4544.0303	-5195.5557
83	38	-4580.3086	-5079.167
83	39	-4548.895	-5069.445
83	44	-4504.466	-5182.233
84	1	-4500.094	-5129.989
84	2	-4554.8535	-5178.5654
84	3	-4540.635	-5148.7163
84	4	-4541.206	-5141.4346
84	6	-4544.878	-5128.2563
84	8	-4541.539	-5115.999
84	9	-4545.1016	-5115.886
84	10	-4541.8984	-5101.6436
84	11	-4545.034	-5090.8667
84	12	-4533.8887	-5167.0776
84	13	-4527.8516	-5127.998
84	14	-4507.1646	-5136.3857
84	15	-4519.0845	-5182.377
84	17	-4518.5503	-5189.4707
84	18	-4488.397	-5137.087
84	19	-4504.327	-5179.8584
84	20	-4510.2314	-5184.8516
84	21	-4571.249	-5188.2983
84	22	-4510.5806	-5187.9478
84	23	-4504.269	-5187.6157
84	24	-4510.4688	-5193.311
84	26	-4503.86	-5193.2827
84	29	-4491.6367	-5129.3447
84	31	-4540.501	-5166.425
84	32	-4583.609	-5080.8345
84	33	-4548.7754	-5107.804
84	34	-4603.998	-5143.9717
84	35	-4585.994	-5143.478
84	37	-4544.036	-5194.093
84	38	-4581.228	-5079.186
84	39	-4548.825	-5070.0024
84	44	-4504.361	-5182.1763
85	1	-4500.1284	-5130.034
85	2	-4554.838	-5179.9053
85	3	-4540.629	-5148.689
85	4	-4541.2056	-5141.397
85	6	-4544.881	-5127.9023
85	8	-4541.5376	-5115.482
85	9	-4545.108	-5115.3545
85	10	-4541.91	-5100.945
85	11	-4545.0337	-5089.842
85	12	-4533.8853	-5167.0767
85	13	-4528.0244	-5127.9824
85	14	-4507.1646	-5136.3857
85	15	-4519.0845	-5182.377
85	17	-4518.5503	-5189.4707
85	18	-4488.397	-5137.087
85	19	-4504.327	-5179.8584
85	20	-4510.2314	-5184.8516
85	21	-4571.249	-5188.2983
85	22	-4510.5806	-5187.9478
85	23	-4504.269	-5187.6157
85	24	-4510.4688	-5193.311
85	26	-4503.86	-5193.2827
85	29	-4491.628	-5129.3584
85	31	-4540.506	-5165.708
85	32	-4583.622	-5080.871
85	33	-4548.763	-5107.367
85	34	-4603.998	-5143.9717
85	35	-4585.994	-5143.478
85	37	-4544.04	-5192.57
85	38	-4581.2603	-5079.235
85	39	-4548.854	-5070.412
85	44	-4504.298	-5182.1963
86	1	-4500.1616	-5130.0796
86	2	-4554.8286	-5181.1763
86	3	-4540.632	-5148.649
86	4	-4541.2056	-5141.3613
86	6	-4544.884	-5127.5244
86	8	-4541.535	-5114.9395
86	9	-4545.103	-5114.798
86	10	-4541.9214	-5100.292
86	11	-4545.0312	-5088.821
86	12	-4533.885	-5167.078
86	13	-4528.183	-5127.964
86	14	-4507.1646	-5136.3857
86	15	-4519.0845	-5182.377
86	17	-4518.5503	-5189.4707
86	18	-4488.397	-5137.087
86	19	-4504.327	-5179.8584
86	20	-4510.2314	-5184.8516
86	21	-4571.249	-5188.2983
86	22	-4510.5806	-5187.9478
86	23	-4504.269	-5187.6157
86	24	-4510.4688	-5193.311
86	26	-4503.86	-5193.2827
86	29	-4491.607	-5129.371
86	31	-4540.5156	-5165.114
86	33	-4548.7617	-5106.9565
86	34	-4603.998	-5143.9717
86	37	-4544.051	-5191.0728
86	39	-4548.8438	-5070.9004
86	45	-4586.0396	-5143.757
87	1	-4500.2163	-5130.1445
87	2	-4554.8105	-5182.5024
87	3	-4540.636	-5148.5913
87	4	-4541.2046	-5141.3325
87	6	-4544.8896	-5127.1147
87	8	-4541.5347	-5114.3813
87	9	-4545.1064	-5114.226
87	10	-4541.928	-5099.703
87	11	-4545.028	-5087.73
87	12	-4533.89	-5167.075
87	13	-4528.3433	-5127.947
87	14	-4507.1646	-5136.3857
87	15	-4519.0845	-5182.377
87	17	-4518.5503	-5189.4707
87	18	-4488.397	-5137.087
87	19	-4504.327	-5179.8584
87	20	-4510.2314	-5184.8516
87	21	-4571.249	-5188.2983
87	22	-4510.5806	-5187.9478
87	23	-4504.269	-5187.6157
87	24	-4510.4688	-5193.311
87	26	-4503.86	-5193.2827
87	29	-4491.5815	-5129.4033
87	31	-4540.521	-5164.5146
87	32	-4583.622	-5080.856
87	33	-4548.7744	-5106.5728
87	34	-4603.998	-5143.9717
87	37	-4544.065	-5189.6343
87	39	-4548.8413	-5071.417
87	45	-4586.0396	-5143.757
88	1	-4500.274	-5130.2153
88	2	-4554.7925	-5183.8193
88	3	-4540.632	-5148.553
88	4	-4541.205	-5141.301
88	6	-4544.896	-5126.699
88	8	-4541.5264	-5113.8213
88	9	-4545.1064	-5113.6343
88	10	-4541.9385	-5099.0386
88	11	-4545.0522	-5086.675
88	12	-4533.8853	-5167.0757
88	13	-4528.5034	-5127.928
88	14	-4507.1646	-5136.3857
88	15	-4519.0845	-5182.377
88	17	-4518.5503	-5189.4707
88	18	-4488.397	-5137.087
88	19	-4504.327	-5179.8584
88	20	-4510.2314	-5184.8516
88	21	-4571.249	-5188.2983
88	22	-4510.5806	-5187.9478
88	23	-4504.269	-5187.6157
88	24	-4510.4688	-5193.311
88	26	-4503.86	-5193.2827
88	29	-4491.5645	-5129.411
88	31	-4540.527	-5163.971
88	32	-4583.611	-5080.8584
88	33	-4548.758	-5106.0513
88	34	-4603.998	-5143.9717
88	37	-4544.0728	-5188.202
88	38	-4580.287	-5079.238
88	39	-4548.8037	-5071.7856
88	45	-4586.0396	-5143.757
88	47	-4555.317	-5065.755
89	1	-4500.3604	-5130.284
89	2	-4554.7812	-5185.144
89	3	-4540.635	-5148.4917
89	4	-4541.2065	-5141.266
89	6	-4544.9	-5126.263
89	8	-4541.517	-5113.2363
89	9	-4545.1123	-5113.029
89	10	-4541.929	-5098.343
89	11	-4545.054	-5085.602
89	12	-4533.8887	-5167.0747
89	13	-4528.6704	-5127.9116
89	14	-4507.1646	-5136.3857
89	15	-4519.0845	-5182.377
89	17	-4518.5503	-5189.4707
89	18	-4488.397	-5137.087
89	19	-4504.327	-5179.8584
89	20	-4510.2314	-5184.8516
89	21	-4571.249	-5188.2983
89	22	-4510.5806	-5187.9478
89	23	-4504.269	-5187.6157
89	24	-4510.4688	-5193.311
89	26	-4503.86	-5193.2827
89	29	-4491.52	-5129.435
89	31	-4540.5366	-5163.414
89	32	-4583.623	-5080.8394
89	33	-4548.757	-5105.783
89	34	-4603.998	-5143.9717
89	37	-4544.0815	-5186.7163
89	38	-4580.4097	-5079.198
89	39	-4548.7803	-5072.315
89	45	-4586.0396	-5143.757
89	47	-4555.1416	-5066.2705
89	48	-4555.0146	-5090.907
90	1	-4500.44	-5130.358
90	2	-4554.766	-5186.4316
90	3	-4540.6357	-5148.436
90	4	-4541.206	-5141.2295
90	6	-4544.9023	-5125.8027
90	8	-4541.5176	-5112.637
90	9	-4545.11	-5112.41
90	10	-4541.9453	-5097.6396
90	11	-4545.0547	-5084.4746
90	12	-4533.8823	-5167.0737
90	13	-4528.8364	-5127.895
90	14	-4507.1646	-5136.3857
90	15	-4519.0845	-5182.377
90	17	-4518.5503	-5189.4707
90	18	-4488.397	-5137.087
90	19	-4504.327	-5179.8584
90	20	-4510.2314	-5184.8516
90	21	-4571.249	-5188.2983
90	22	-4510.5806	-5187.9478
90	23	-4504.269	-5187.6157
90	24	-4510.4688	-5193.311
90	26	-4503.86	-5193.2827
90	29	-4491.474	-5129.4897
90	31	-4540.5537	-5162.966
90	32	-4583.5874	-5080.8174
90	33	-4548.7764	-5105.196
90	37	-4544.0903	-5185.241
90	38	-4580.3574	-5079.1733
90	39	-4548.7935	-5072.7466
90	45	-4586.0396	-5143.757
90	47	-4555.089	-5066.6304
90	48	-4555.05	-5091.855
