0	1	-3385.6973	2363.5762
0	2	-3392.4956	2369.5554
0	3	-3397.2458	2392.5547
0	4	-3346.0984	2325.3953
0	5	-3381.1016	2353.0798
0	6	-3373.8535	2360.201
0	7	-3368.0994	2363.7534
0	8	-3359.928	2364.0662
0	9	-3355.2126	2360.8542
0	10	-3351.8499	2364.1155
0	11	-3353.7034	2367.4033
0	13	-3357.1228	2331.9275
0	14	-3345.5579	2360.7886
0	15	-3344.7373	2363.8167
0	16	-3345.3823	2367.3557
0	18	-3346.1775	2370.3284
0	19	-3420.11	2359.9766
0	21	-3373.5537	2399.7976
0	22	-3326.1646	2357.615
0	24	-3322.09	2343.7043
0	26	-3329.7573	2342.779
0	27	-3319.082	2344.2878
0	28	-3326.1582	2332.1746
0	30	-3320.166	2394.4316
0	55	-3374.879	2297.9104
0	57	-3404.7795	2328.0454
0	58	-3416.7788	2418.8054
1	1	-3385.066	2363.5906
1	2	-3391.3552	2369.5833
1	3	-3396.7761	2392.654
1	4	-3346.181	2325.6357
1	5	-3380.3552	2353.073
1	6	-3373.3142	2360.2095
1	7	-3368.0676	2363.7517
1	8	-3359.928	2364.0662
1	9	-3355.2104	2360.8506
1	10	-3351.8499	2364.1155
1	11	-3353.7478	2367.4067
1	12	-3391.0337	2333.6323
1	13	-3357.1228	2331.9275
1	14	-3345.5579	2360.7886
1	15	-3344.7373	2363.8167
1	16	-3345.3733	2367.3516
1	18	-3346.1729	2370.3237
1	19	-3419.0935	2359.9854
1	21	-3373.5537	2399.7976
1	22	-3326.1511	2356.1946
1	23	-3404.6257	2311.537
1	24	-3322.09	2343.7043
1	25	-3404.4172	2308.8975
1	26	-3329.733	2340.601
1	27	-3319.082	2344.2878
1	28	-3326.143	2330.6897
1	29	-3309.2185	2327.4229
1	30	-3320.166	2394.4316
1	55	-3374.871	2297.8794
1	57	-3404.7795	2328.0454
2	1	-3384.4385	2363.604
2	2	-3390.2114	2369.6182
2	3	-3396.2808	2392.7476
2	4	-3346.261	2325.8826
2	5	-3379.6177	2353.0686
2	6	-3372.8193	2360.2139
2	7	-3368.0183	2363.7488
2	8	-3359.928	2364.0662
2	9	-3355.1836	2360.8494
2	10	-3351.8499	2364.1155
2	11	-3353.7383	2367.3896
2	12	-3391.0337	2333.6323
2	13	-3357.1228	2331.9275
2	14	-3345.5579	2360.7886
2	15	-3344.7373	2363.8167
2	16	-3345.3545	2367.3562
2	17	-3354.703	2326.8577
2	18	-3346.1782	2370.3232
2	19	-3418.0789	2359.9888
2	21	-3373.5537	2399.7976
2	22	-3326.1384	2354.7915
2	23	-3404.6257	2311.537
2	24	-3322.09	2343.7043
2	25	-3404.4172	2308.8975
2	26	-3329.7642	2338.539
2	27	-3319.082	2344.2878
2	28	-3326.1301	2329.2085
2	29	-3309.2668	2328.9785
2	30	-3320.166	2394.4316
3	1	-3383.8237	2363.6165
3	2	-3389.091	2369.6467
3	3	-3395.7876	2392.826
3	4	-3346.3628	2326.1536
3	5	-3378.8855	2353.0645
3	6	-3372.3293	2360.222
3	7	-3367.9775	2363.7488
3	8	-3359.928	2364.0662
3	9	-3355.1716	2360.8508
3	10	-3351.8499	2364.1155
3	11	-3353.805	2367.4158
3	12	-3391.0337	2333.6323
3	13	-3357.1228	2331.9275
3	14	-3345.5579	2360.7886
3	15	-3344.7373	2363.8167
3	16	-3345.3364	2367.3557
3	17	-3354.703	2326.8577
3	18	-3346.171	2370.3245
3	19	-3417.0405	2359.9917
3	21	-3373.5537	2399.7976
3	22	-3326.1216	2353.3638
3	23	-3404.6257	2311.537
3	24	-3322.09	2343.7043
3	25	-3404.4172	2308.8975
3	26	-3329.7004	2336.439
3	27	-3319.082	2344.2878
3	28	-3326.1204	2327.7073
3	30	-3320.166	2394.4316
4	1	-3383.2449	2363.6306
4	2	-3387.9968	2369.6726
4	3	-3395.3582	2392.8877
4	4	-3346.459	2326.3743
4	5	-3378.1614	2353.0642
4	6	-3371.8513	2360.232
4	7	-3367.9255	2363.7522
4	8	-3359.928	2364.0662
4	9	-3355.156	2360.8518
4	10	-3351.8499	2364.1155
4	11	-3353.7854	2367.4084
4	12	-3391.0337	2333.6323
4	13	-3357.1228	2331.9275
4	14	-3345.5579	2360.7886
4	15	-3344.7373	2363.8167
4	16	-3345.3264	2367.3555
4	17	-3354.703	2326.8577
4	18	-3346.1628	2370.322
4	19	-3416.0505	2359.9912
4	21	-3373.5537	2399.7976
4	22	-3326.122	2351.9304
4	23	-3404.6257	2311.537
4	24	-3322.09	2343.7043
4	25	-3404.4172	2308.8975
4	26	-3329.7068	2334.231
4	27	-3319.082	2344.2878
4	28	-3326.1133	2326.2168
4	29	-3309.295	2332.5554
4	30	-3320.166	2394.4316
4	55	-3374.8918	2297.832
5	1	-3382.6833	2363.64
5	2	-3386.9329	2369.7014
5	3	-3394.95	2392.957
5	4	-3346.575	2326.5925
5	5	-3377.4446	2353.0632
5	6	-3371.3962	2360.2344
5	7	-3367.8872	2363.754
5	8	-3359.928	2364.0662
5	9	-3355.1555	2360.8489
5	10	-3351.8499	2364.1155
5	11	-3353.7866	2367.4045
5	12	-3391.0337	2333.6323
5	13	-3357.1228	2331.9275
5	14	-3345.5579	2360.7886
5	15	-3344.7373	2363.8167
5	16	-3345.3152	2367.3699
5	17	-3354.703	2326.8577
5	18	-3346.1582	2370.3281
5	19	-3415.037	2359.9978
5	21	-3373.5537	2399.7976
5	22	-3326.1172	2350.5063
5	23	-3404.6257	2311.537
5	24	-3322.09	2343.7043
5	25	-3404.4172	2308.8975
5	26	-3329.7092	2332.094
5	27	-3319.082	2344.2878
5	28	-3326.1042	2324.7249
5	29	-3309.3025	2334.3455
5	30	-3320.166	2394.4316
5	55	-3374.8962	2297.8281
6	1	-3382.141	2363.654
6	2	-3385.8582	2369.7302
6	4	-3346.6746	2326.803
6	5	-3376.7349	2353.0625
6	6	-3370.9336	2360.2385
6	7	-3367.863	2363.7622
6	8	-3359.928	2364.0662
6	9	-3355.1484	2360.8508
6	10	-3351.8499	2364.1155
6	11	-3353.778	2367.4016
6	12	-3391.0337	2333.6323
6	13	-3357.1228	2331.9275
6	14	-3345.5579	2360.7886
6	15	-3344.7373	2363.8167
6	16	-3345.3027	2367.3733
6	17	-3354.703	2326.8577
6	18	-3346.148	2370.3298
6	19	-3414.0933	2359.9968
6	21	-3373.5537	2399.7976
6	22	-3326.109	2349.0881
6	23	-3404.6257	2311.537
6	24	-3322.09	2343.7043
6	25	-3404.4172	2308.8975
6	26	-3329.6921	2329.974
6	27	-3319.082	2344.2878
6	28	-3326.094	2323.2026
6	29	-3309.3203	2336.0308
6	30	-3320.166	2394.4316
6	31	-3354.765	2425.384
6	55	-3374.912	2297.8792
7	1	-3381.6062	2363.6675
7	2	-3384.8284	2369.7556
7	4	-3346.8042	2327.0325
7	5	-3376.0344	2353.0632
7	6	-3370.5056	2360.248
7	7	-3367.8623	2363.7615
7	8	-3359.928	2364.0662
7	9	-3355.1482	2360.847
7	10	-3351.8499	2364.1155
7	11	-3353.7666	2367.4053
7	12	-3391.0337	2333.6323
7	13	-3357.1228	2331.9275
7	14	-3345.5579	2360.7886
7	15	-3344.7373	2363.8167
7	16	-3345.287	2367.3794
7	17	-3354.703	2326.8577
7	18	-3346.1384	2370.3318
7	19	-3413.126	2359.9968
7	21	-3373.5537	2399.7976
7	22	-3326.106	2347.6057
7	23	-3404.6257	2311.537
7	24	-3322.09	2343.7043
7	26	-3329.669	2327.8345
7	27	-3319.082	2344.2878
7	28	-3326.077	2321.611
7	29	-3309.3455	2337.6548
7	30	-3320.166	2394.4316
7	31	-3354.765	2425.384
7	55	-3374.8943	2297.8936
8	1	-3381.1035	2363.676
8	2	-3383.7893	2369.7769
8	4	-3346.9346	2327.274
8	5	-3375.342	2353.0637
8	6	-3370.0754	2360.251
8	7	-3367.862	2363.7607
8	8	-3359.928	2364.0662
8	9	-3355.1414	2360.8477
8	10	-3351.8499	2364.1155
8	11	-3353.769	2367.4011
8	12	-3391.0337	2333.6323
8	13	-3357.1228	2331.9275
8	14	-3345.5579	2360.7886
8	15	-3344.7373	2363.8167
8	16	-3345.2473	2367.3772
8	17	-3354.703	2326.8577
8	18	-3346.1335	2370.3296
8	19	-3412.1604	2359.997
8	20	-3404.8079	2327.9983
8	21	-3373.5537	2399.7976
8	22	-3326.1118	2346.1545
8	24	-3322.09	2343.7043
8	26	-3329.671	2325.7136
8	27	-3319.082	2344.2878
8	28	-3326.0593	2320.0488
8	29	-3309.3975	2339.3657
8	30	-3320.166	2394.4316
8	31	-3354.765	2425.384
9	1	-3380.645	2363.6902
9	2	-3382.79	2369.7927
9	4	-3347.0623	2327.445
9	5	-3374.6565	2353.065
9	6	-3369.6826	2360.2534
9	7	-3367.872	2363.7593
9	8	-3359.928	2364.0662
9	9	-3355.1335	2360.845
9	10	-3351.8499	2364.1155
9	11	-3353.7715	2367.3904
9	12	-3391.0337	2333.6323
9	13	-3357.1228	2331.9275
9	14	-3345.5579	2360.7886
9	15	-3344.7373	2363.8167
9	16	-3345.2466	2367.375
9	17	-3354.703	2326.8577
9	18	-3346.1462	2370.3281
9	19	-3411.1821	2359.9973
9	20	-3404.8079	2327.9983
9	21	-3373.5537	2399.7976
9	22	-3326.108	2344.6958
9	24	-3322.09	2343.7043
9	25	-3404.4172	2308.8975
9	26	-3329.652	2323.5774
9	27	-3319.082	2344.2878
9	28	-3326.0444	2318.4778
9	30	-3320.166	2394.4316
9	31	-3354.765	2425.384
10	1	-3380.1792	2363.701
10	2	-3381.8035	2369.8123
10	3	-3392.6792	2393.1006
10	4	-3347.2268	2327.6638
10	5	-3373.9788	2353.066
10	6	-3369.3054	2360.2627
10	7	-3367.8809	2363.7559
10	8	-3359.928	2364.0662
10	9	-3355.1292	2360.8455
10	10	-3351.8499	2364.1155
10	11	-3353.7642	2367.3987
10	12	-3391.0337	2333.6323
10	13	-3357.1228	2331.9275
10	14	-3345.5579	2360.7886
10	15	-3344.7373	2363.8167
10	16	-3345.2368	2367.3884
10	17	-3354.703	2326.8577
10	18	-3346.1333	2370.3276
10	19	-3410.2554	2359.999
10	20	-3404.8079	2327.9983
10	21	-3373.5537	2399.7976
10	22	-3326.0967	2343.204
10	23	-3404.6257	2311.537
10	24	-3322.09	2343.7043
10	25	-3404.4172	2308.8975
10	26	-3329.612	2321.4194
10	27	-3319.082	2344.2878
10	28	-3326.028	2316.9475
10	29	-3309.4521	2342.9841
10	30	-3320.166	2394.4316
10	31	-3354.765	2425.384
11	1	-3379.749	2363.7144
11	2	-3380.8198	2369.8225
11	3	-3392.4697	2393.1094
11	4	-3347.3738	2327.862
11	5	-3373.3105	2353.0671
11	6	-3368.9395	2360.2712
11	7	-3367.8843	2363.7534
11	8	-3359.928	2364.0662
11	9	-3355.1235	2360.8447
11	10	-3351.8499	2364.1155
11	11	-3353.7588	2367.3984
11	12	-3391.0337	2333.6323
11	13	-3357.1228	2331.9275
11	14	-3345.5579	2360.7886
11	15	-3344.7373	2363.8167
11	16	-3345.225	2367.382
11	17	-3354.703	2326.8577
11	18	-3346.1304	2370.33
11	19	-3409.3267	2360.0093
11	20	-3404.8079	2327.9983
11	21	-3373.5537	2399.7976
11	22	-3326.0925	2341.7676
11	23	-3404.6257	2311.537
11	24	-3322.09	2343.7043
11	25	-3404.4172	2308.8975
11	26	-3329.6208	2319.2922
11	27	-3319.082	2344.2878
11	28	-3325.9941	2315.4106
11	29	-3309.4536	2344.8257
11	30	-3320.166	2394.4316
11	31	-3354.765	2425.384
12	1	-3379.341	2363.7249
12	2	-3379.8625	2369.836
12	3	-3391.99	2393.1113
12	4	-3347.5286	2328.029
12	5	-3372.6492	2353.068
12	6	-3368.5745	2360.2747
12	7	-3367.8933	2363.747
12	8	-3359.928	2364.0662
12	9	-3355.1213	2360.8474
12	10	-3351.8499	2364.1155
12	11	-3353.7527	2367.4019
12	12	-3391.0337	2333.6323
12	13	-3357.1228	2331.9275
12	14	-3345.5579	2360.7886
12	15	-3344.7373	2363.8167
12	16	-3345.2263	2367.372
12	17	-3354.703	2326.8577
12	18	-3346.123	2370.3296
12	19	-3408.42	2360.0115
12	20	-3404.8079	2327.9983
12	21	-3373.5537	2399.7976
12	22	-3326.0813	2340.2932
12	23	-3404.6257	2311.537
12	24	-3322.09	2343.7043
12	25	-3404.4172	2308.8975
12	26	-3329.5967	2317.1785
12	27	-3319.082	2344.2878
12	28	-3325.9717	2313.8713
12	29	-3309.4521	2346.5457
12	30	-3320.166	2394.4316
12	31	-3354.765	2425.384
13	1	-3378.9375	2363.7354
13	2	-3378.916	2369.8518
13	3	-3391.625	2393.103
13	4	-3347.6836	2328.205
13	5	-3371.9958	2353.0703
13	6	-3368.2358	2360.2783
13	7	-3367.8865	2363.7458
13	8	-3359.928	2364.0662
13	9	-3355.1223	2360.847
13	10	-3351.8499	2364.1155
13	11	-3353.764	2367.4004
13	12	-3391.0337	2333.6323
13	13	-3357.1228	2331.9275
13	14	-3345.5579	2360.7886
13	15	-3344.7373	2363.8167
13	16	-3345.25	2367.3735
13	17	-3354.703	2326.8577
13	18	-3346.105	2370.3306
13	19	-3407.5317	2360.0247
13	20	-3404.8079	2327.9983
13	21	-3373.5537	2399.7976
13	22	-3326.0842	2338.8027
13	23	-3404.6257	2311.537
13	24	-3322.09	2343.7043
13	25	-3404.4172	2308.8975
13	26	-3329.5881	2315.0417
13	27	-3319.082	2344.2878
13	28	-3325.9546	2312.4558
13	29	-3309.4685	2348.2412
13	30	-3320.166	2394.4316
13	31	-3354.765	2425.384
14	1	-3378.5786	2363.7463
14	2	-3378.0166	2369.8623
14	3	-3391.1191	2393.1292
14	4	-3347.851	2328.3555
14	5	-3371.352	2353.072
14	6	-3367.9226	2360.2815
14	7	-3367.89	2363.7407
14	8	-3359.928	2364.0662
14	9	-3355.1204	2360.8474
14	10	-3351.8499	2364.1155
14	11	-3353.7776	2367.3967
14	12	-3391.0337	2333.6323
14	13	-3357.1228	2331.9275
14	14	-3345.5579	2360.7886
14	15	-3344.7373	2363.8167
14	16	-3345.26	2367.372
14	17	-3354.703	2326.8577
14	18	-3346.116	2370.3315
14	19	-3406.6538	2360.0295
14	20	-3404.8079	2327.9983
14	21	-3373.5537	2399.7976
14	22	-3326.0916	2337.238
14	23	-3404.6257	2311.537
14	24	-3322.09	2343.7043
14	25	-3404.4172	2308.8975
14	26	-3329.56	2312.9072
14	27	-3319.082	2344.2878
14	28	-3325.939	2310.9387
14	29	-3309.5007	2349.968
14	30	-3320.166	2394.4316
14	31	-3354.765	2425.384
15	1	-3378.2295	2363.7595
15	2	-3377.1497	2369.8916
15	3	-3390.704	2393.1438
15	4	-3348.0117	2328.5105
15	5	-3370.7166	2353.0728
15	6	-3367.605	2360.2864
15	7	-3367.893	2363.7427
15	8	-3359.928	2364.0662
15	9	-3355.1226	2360.8496
15	10	-3351.8499	2364.1155
15	11	-3353.7898	2367.394
15	12	-3391.0337	2333.6323
15	13	-3357.1228	2331.9275
15	14	-3345.5579	2360.7886
15	15	-3344.7373	2363.8167
15	16	-3345.2612	2367.3748
15	17	-3354.703	2326.8577
15	18	-3346.1428	2370.3274
15	19	-3405.776	2360.0386
15	20	-3404.8079	2327.9983
15	21	-3373.5537	2399.7976
15	22	-3326.1003	2335.7505
15	23	-3404.6257	2311.537
15	24	-3322.09	2343.7043
15	25	-3404.4172	2308.8975
15	26	-3329.529	2310.7427
15	27	-3319.082	2344.2878
15	28	-3325.9375	2309.3696
15	29	-3309.5051	2351.7
15	30	-3320.166	2394.4316
15	31	-3354.765	2425.384
16	1	-3377.914	2363.7683
16	2	-3376.269	2369.8994
16	3	-3390.2886	2393.1702
16	4	-3348.1782	2328.648
16	5	-3370.0886	2353.0742
16	6	-3367.328	2360.2893
16	7	-3367.8862	2363.7505
16	8	-3359.928	2364.0662
16	9	-3355.1182	2360.8467
16	10	-3351.8499	2364.1155
16	11	-3353.802	2367.395
16	12	-3391.0337	2333.6323
16	13	-3357.1228	2331.9275
16	14	-3345.5579	2360.7886
16	15	-3344.7373	2363.8167
16	16	-3345.275	2367.374
16	17	-3354.703	2326.8577
16	18	-3346.1294	2370.333
16	19	-3404.903	2360.0547
16	20	-3404.8079	2327.9983
16	21	-3373.5537	2399.7976
16	22	-3326.0862	2334.2095
16	23	-3404.6257	2311.537
16	24	-3322.09	2343.7043
16	25	-3404.4172	2308.8975
16	26	-3329.5125	2308.58
16	27	-3319.082	2344.2878
16	28	-3325.9246	2307.847
16	29	-3309.528	2353.3945
16	30	-3320.166	2394.4316
16	31	-3354.765	2425.384
16	32	-3294.8965	2369.1753
17	1	-3377.621	2363.7776
17	2	-3375.417	2369.9153
17	3	-3389.738	2393.1997
17	4	-3348.3464	2328.782
17	5	-3369.4697	2353.0742
17	6	-3367.036	2360.2917
17	7	-3367.878	2363.74
17	8	-3359.928	2364.0662
17	9	-3355.1143	2360.8481
17	10	-3351.8499	2364.1155
17	11	-3353.7942	2367.393
17	12	-3391.0337	2333.6323
17	13	-3357.1228	2331.9275
17	14	-3345.5579	2360.7886
17	15	-3344.7373	2363.8167
17	16	-3345.2812	2367.3723
17	17	-3354.703	2326.8577
17	18	-3346.0994	2370.3242
17	19	-3404.0276	2360.0615
17	20	-3404.8079	2327.9983
17	21	-3373.5537	2399.7976
17	22	-3326.0857	2332.7463
17	23	-3404.6257	2311.537
17	24	-3322.09	2343.7043
17	25	-3404.4172	2308.8975
17	26	-3329.495	2306.403
17	27	-3319.082	2344.2878
17	28	-3325.9062	2306.2468
17	29	-3309.5435	2355.097
17	30	-3320.166	2394.4316
17	31	-3354.765	2425.384
17	32	-3294.814	2369.046
18	1	-3377.3494	2363.7795
18	2	-3374.5862	2369.9353
18	3	-3389.2917	2393.1877
18	4	-3348.5525	2328.9219
18	5	-3368.8596	2353.0754
18	6	-3366.7878	2360.3027
18	7	-3367.8809	2363.7385
18	8	-3359.928	2364.0662
18	9	-3355.1145	2360.844
18	10	-3351.8499	2364.1155
18	11	-3353.7964	2367.3862
18	12	-3391.0337	2333.6323
18	13	-3357.1228	2331.9275
18	14	-3345.5579	2360.7886
18	15	-3344.7373	2363.8167
18	16	-3345.298	2367.3665
18	17	-3354.703	2326.8577
18	18	-3346.0999	2370.3213
18	19	-3403.1858	2360.0715
18	20	-3404.8079	2327.9983
18	21	-3373.5537	2399.7976
18	22	-3326.0974	2331.2795
18	23	-3404.6257	2311.537
18	24	-3322.09	2343.7043
18	25	-3404.4172	2308.8975
18	27	-3319.082	2344.2878
18	28	-3325.8843	2304.6418
18	29	-3309.5554	2356.8435
18	30	-3320.166	2394.4316
18	31	-3354.765	2425.384
18	32	-3294.8345	2368.964
19	1	-3377.0942	2363.7903
19	2	-3373.7742	2369.9512
19	3	-3388.797	2393.2136
19	4	-3348.7505	2329.0496
19	5	-3368.2578	2353.0752
19	6	-3366.5322	2360.3062
19	7	-3367.8848	2363.737
19	8	-3359.928	2364.0662
19	9	-3355.115	2360.8428
19	10	-3351.8499	2364.1155
19	11	-3353.803	2367.3862
19	12	-3391.0337	2333.6323
19	13	-3357.1228	2331.9275
19	14	-3345.5579	2360.7886
19	15	-3344.7373	2363.8167
19	16	-3345.2954	2367.361
19	17	-3354.703	2326.8577
19	18	-3346.0842	2370.327
19	19	-3402.342	2360.0845
19	20	-3404.8079	2327.9983
19	21	-3373.5537	2399.7976
19	22	-3326.083	2329.7314
19	23	-3404.6257	2311.537
19	24	-3322.09	2343.7043
19	25	-3404.4172	2308.8975
19	26	-3329.4688	2302.1814
19	27	-3319.082	2344.2878
19	28	-3325.8674	2303.0698
19	29	-3309.569	2358.579
19	30	-3320.166	2394.4316
19	31	-3354.765	2425.384
19	32	-3294.7686	2368.9739
20	1	-3376.8716	2363.7979
20	2	-3372.9775	2369.9285
20	3	-3388.3403	2393.2126
20	4	-3348.9473	2329.1707
20	5	-3367.6638	2353.0754
20	6	-3366.2854	2360.3118
20	7	-3367.882	2363.739
20	8	-3359.928	2364.0662
20	9	-3355.103	2360.8457
20	10	-3351.8499	2364.1155
20	11	-3353.8074	2367.383
20	12	-3391.0337	2333.6323
20	13	-3357.1228	2331.9275
20	14	-3345.5579	2360.7886
20	15	-3344.7373	2363.8167
20	16	-3345.3066	2367.3552
20	17	-3354.703	2326.8577
20	18	-3346.0955	2370.3218
20	19	-3401.5276	2360.092
20	20	-3404.8079	2327.9983
20	21	-3373.5537	2399.7976
20	22	-3326.08	2328.2192
20	23	-3404.6257	2311.537
20	24	-3322.09	2343.7043
20	25	-3404.4172	2308.8975
20	26	-3329.4414	2300.0723
20	27	-3319.082	2344.2878
20	28	-3325.8562	2301.4587
20	29	-3309.5757	2360.345
20	30	-3320.166	2394.4316
20	31	-3354.765	2425.384
20	32	-3294.8242	2368.9597
21	1	-3376.65	2363.8037
21	2	-3372.2876	2369.9248
21	3	-3387.9312	2393.2236
21	4	-3349.143	2329.2698
21	5	-3367.0798	2353.076
21	6	-3366.0745	2360.3137
21	7	-3367.8833	2363.7415
21	8	-3359.928	2364.0662
21	9	-3355.106	2360.8408
21	10	-3351.8499	2364.1155
21	11	-3353.8257	2367.3823
21	12	-3391.0337	2333.6323
21	13	-3357.1228	2331.9275
21	14	-3345.5579	2360.7886
21	15	-3344.7373	2363.8167
21	16	-3345.324	2367.347
21	17	-3354.703	2326.8577
21	18	-3346.1052	2370.3337
21	19	-3400.713	2360.1064
21	20	-3404.8079	2327.9983
21	21	-3373.5537	2399.7976
21	22	-3326.0732	2326.6821
21	23	-3404.6257	2311.537
21	24	-3322.09	2343.7043
21	25	-3404.4172	2308.8975
21	26	-3329.437	2297.9756
21	27	-3319.082	2344.2878
21	28	-3325.8384	2299.8274
21	29	-3309.5994	2362.0361
21	30	-3320.166	2394.4316
21	31	-3354.765	2425.384
21	32	-3294.8745	2368.9556
21	33	-3296.3997	2381.7805
22	1	-3376.4595	2363.807
22	2	-3371.5212	2369.9263
22	3	-3387.557	2393.2288
22	4	-3349.3325	2329.366
22	5	-3366.5042	2353.0757
22	6	-3365.8784	2360.3218
22	7	-3367.898	2363.7349
22	8	-3359.928	2364.0662
22	9	-3355.0986	2360.8428
22	10	-3351.8499	2364.1155
22	11	-3353.8286	2367.3816
22	12	-3391.0337	2333.6323
22	13	-3357.1228	2331.9275
22	14	-3345.5579	2360.7886
22	15	-3344.7373	2363.8167
22	16	-3345.3613	2367.3538
22	17	-3354.703	2326.8577
22	18	-3346.1057	2370.3328
22	19	-3399.923	2360.1262
22	20	-3404.8079	2327.9983
22	21	-3373.5537	2399.7976
22	22	-3326.0642	2325.124
22	23	-3404.6257	2311.537
22	24	-3322.09	2343.7043
22	25	-3404.4172	2308.8975
22	26	-3329.3794	2295.7996
22	27	-3319.082	2344.2878
22	28	-3325.803	2298.2114
22	29	-3309.6074	2363.7598
22	30	-3320.166	2394.4316
22	31	-3354.765	2425.384
22	32	-3294.949	2368.95
22	48	-3353.4324	2298.2568
23	1	-3376.294	2363.8142
23	2	-3370.6802	2369.9355
23	3	-3387.0735	2393.247
23	4	-3349.535	2329.4495
23	5	-3365.936	2353.0764
23	6	-3365.6406	2360.328
23	7	-3367.908	2363.735
23	8	-3359.928	2364.0662
23	9	-3355.095	2360.845
23	10	-3351.8499	2364.1155
23	11	-3353.8357	2367.382
23	12	-3391.0337	2333.6323
23	13	-3357.1228	2331.9275
23	14	-3345.5579	2360.7886
23	15	-3344.7373	2363.8167
23	16	-3345.3735	2367.3496
23	17	-3354.703	2326.8577
23	18	-3346.0935	2370.3284
23	19	-3399.1367	2360.1382
23	20	-3404.8079	2327.9983
23	21	-3373.5537	2399.7976
23	22	-3326.054	2323.5793
23	23	-3404.6257	2311.537
23	24	-3322.09	2343.7043
23	25	-3404.4172	2308.8975
23	27	-3319.082	2344.2878
23	28	-3325.7795	2296.6096
23	29	-3309.6226	2365.4417
23	30	-3320.166	2394.4316
23	31	-3354.765	2425.384
24	1	-3376.1428	2363.825
24	2	-3369.9092	2369.9614
24	3	-3386.521	2393.2625
24	4	-3349.7327	2329.5356
24	5	-3365.3767	2353.076
24	6	-3365.4558	2360.325
24	7	-3367.8982	2363.731
24	8	-3359.928	2364.0662
24	9	-3355.089	2360.8406
24	10	-3351.8499	2364.1155
24	11	-3353.8442	2367.3801
24	12	-3391.0337	2333.6323
24	13	-3357.1228	2331.9275
24	14	-3345.5579	2360.7886
24	15	-3344.7373	2363.8167
24	16	-3345.395	2367.3481
24	17	-3354.703	2326.8577
24	18	-3346.1182	2370.3235
24	19	-3398.3774	2360.1519
24	20	-3404.8079	2327.9983
24	22	-3326.0386	2322.0432
24	23	-3404.6257	2311.537
24	24	-3322.09	2343.7043
24	25	-3404.4172	2308.8975
24	27	-3319.082	2344.2878
24	28	-3325.7515	2295.0242
24	29	-3309.6357	2367.1792
24	30	-3320.166	2394.4316
24	31	-3354.765	2425.384
24	33	-3296.3997	2381.7805
24	48	-3353.4324	2298.2568
25	1	-3376.0132	2363.826
25	2	-3369.1946	2369.963
25	3	-3386.0095	2393.3047
25	4	-3349.9282	2329.613
25	5	-3364.828	2353.077
25	6	-3365.2734	2360.3293
25	7	-3367.908	2363.7244
25	8	-3359.928	2364.0662
25	9	-3355.0952	2360.8408
25	10	-3351.8499	2364.1155
25	11	-3353.8508	2367.382
25	12	-3391.0337	2333.6323
25	13	-3357.1228	2331.9275
25	14	-3345.5579	2360.7886
25	15	-3344.7373	2363.8167
25	16	-3345.4258	2367.3418
25	17	-3354.703	2326.8577
25	18	-3346.111	2370.3225
25	19	-3397.591	2360.1606
25	20	-3404.8079	2327.9983
25	22	-3326.0264	2320.522
25	23	-3404.6257	2311.537
25	24	-3322.09	2343.7043
25	25	-3404.4172	2308.8975
25	27	-3319.082	2344.2878
25	28	-3325.7034	2293.3606
25	29	-3309.637	2368.8892
25	31	-3354.765	2425.384
25	32	-3294.8384	2368.985
25	33	-3296.3997	2381.7805
25	52	-3360.1565	2313.829
26	1	-3375.901	2363.8296
26	2	-3368.5125	2369.9846
26	3	-3385.5803	2393.3162
26	4	-3350.1277	2329.6787
26	5	-3364.2883	2353.0767
26	6	-3365.0881	2360.3271
26	7	-3367.9106	2363.7256
26	8	-3359.928	2364.0662
26	9	-3355.087	2360.8408
26	10	-3351.8499	2364.1155
26	11	-3353.8452	2367.3752
26	12	-3391.0337	2333.6323
26	13	-3357.1228	2331.9275
26	14	-3345.5579	2360.7886
26	15	-3344.7373	2363.8167
26	16	-3345.4387	2367.34
26	17	-3354.703	2326.8577
26	18	-3346.1145	2370.3225
26	19	-3396.8306	2360.1738
26	20	-3404.8079	2327.9983
26	22	-3326.0146	2318.9475
26	23	-3404.6257	2311.537
26	24	-3322.09	2343.7043
26	25	-3404.4172	2308.8975
26	27	-3319.082	2344.2878
26	28	-3325.668	2291.7395
26	29	-3309.648	2370.6096
26	31	-3354.765	2425.384
26	32	-3294.8635	2368.9849
26	33	-3296.3997	2381.7805
26	48	-3353.4324	2298.2568
26	52	-3360.1565	2313.829
27	1	-3375.7998	2363.833
27	2	-3367.9111	2369.9844
27	3	-3385.0303	2393.323
27	4	-3350.3242	2329.7292
27	5	-3363.7566	2353.0762
27	6	-3364.9268	2360.3423
27	7	-3367.9211	2363.717
27	8	-3359.928	2364.0662
27	9	-3355.0872	2360.841
27	10	-3351.8499	2364.1155
27	11	-3353.8599	2367.3745
27	12	-3391.0337	2333.6323
27	13	-3357.1228	2331.9275
27	14	-3345.5579	2360.7886
27	15	-3344.7373	2363.8167
27	16	-3345.4585	2367.3403
27	17	-3354.703	2326.8577
27	18	-3346.1074	2370.3213
27	19	-3396.086	2360.1885
27	20	-3404.8079	2327.9983
27	22	-3325.9956	2317.4258
27	23	-3404.6257	2311.537
27	24	-3322.09	2343.7043
27	25	-3404.4172	2308.8975
27	26	-3329.5444	2285.2756
27	27	-3319.082	2344.2878
27	28	-3325.6367	2290.162
27	29	-3309.6516	2372.2812
27	31	-3354.765	2425.384
27	32	-3294.8616	2368.9778
27	33	-3296.3997	2381.7805
27	48	-3353.4324	2298.2568
27	52	-3360.1565	2313.829
28	1	-3375.7314	2363.833
28	2	-3367.2195	2370.023
28	3	-3384.5842	2393.349
28	4	-3350.5369	2329.7869
28	5	-3363.234	2353.0767
28	6	-3364.7732	2360.3347
28	7	-3367.9243	2363.7202
28	8	-3359.928	2364.0662
28	9	-3355.0803	2360.8435
28	10	-3351.8499	2364.1155
28	11	-3353.848	2367.3738
28	12	-3391.0337	2333.6323
28	13	-3357.1228	2331.9275
28	14	-3345.5579	2360.7886
28	15	-3344.7373	2363.8167
28	16	-3345.463	2367.3384
28	17	-3354.703	2326.8577
28	18	-3346.121	2370.318
28	19	-3395.368	2360.1958
28	20	-3404.8079	2327.9983
28	22	-3325.9873	2315.8643
28	23	-3404.6257	2311.537
28	24	-3322.09	2343.7043
28	25	-3404.4172	2308.8975
28	27	-3319.082	2344.2878
28	28	-3325.6235	2288.4739
28	29	-3309.6643	2373.9905
28	31	-3354.765	2425.384
28	32	-3294.836	2368.9805
28	33	-3296.3997	2381.7805
28	48	-3353.4324	2298.2568
28	52	-3360.1565	2313.829
29	1	-3375.6707	2363.8364
29	2	-3366.6008	2370.031
29	3	-3384.1125	2393.3464
29	4	-3350.742	2329.8335
29	5	-3362.7202	2353.0767
29	6	-3364.6362	2360.3372
29	7	-3367.917	2363.7158
29	8	-3359.928	2364.0662
29	9	-3355.0798	2360.8376
29	10	-3351.8499	2364.1155
29	11	-3353.848	2367.3706
29	12	-3391.0337	2333.6323
29	13	-3357.1228	2331.9275
29	14	-3345.5579	2360.7886
29	15	-3344.7373	2363.8167
29	16	-3345.4634	2367.3354
29	17	-3354.703	2326.8577
29	18	-3346.1174	2370.3162
29	19	-3394.616	2360.2056
29	20	-3404.8079	2327.9983
29	22	-3325.9592	2314.298
29	23	-3404.6257	2311.537
29	24	-3322.09	2343.7043
29	25	-3404.4172	2308.8975
29	27	-3319.082	2344.2878
29	28	-3325.5876	2286.8367
29	29	-3309.682	2375.6748
29	31	-3354.765	2425.384
29	32	-3294.845	2368.9824
29	34	-3291.895	2378.4229
29	48	-3353.4324	2298.2568
29	52	-3360.1565	2313.829
30	1	-3375.6086	2363.837
30	2	-3365.954	2370.0344
30	4	-3350.937	2329.8716
30	5	-3362.215	2353.0767
30	6	-3364.4988	2360.3452
30	7	-3367.9329	2363.7107
30	8	-3359.928	2364.0662
30	9	-3355.078	2360.8384
30	10	-3351.8499	2364.1155
30	11	-3353.8516	2367.3696
30	12	-3391.0337	2333.6323
30	13	-3357.1228	2331.9275
30	14	-3345.5579	2360.7886
30	15	-3344.7373	2363.8167
30	16	-3345.4785	2367.3296
30	17	-3354.703	2326.8577
30	18	-3346.1313	2370.313
30	19	-3393.9243	2360.217
30	20	-3404.8079	2327.9983
30	22	-3325.9478	2312.7324
30	23	-3404.6257	2311.537
30	24	-3322.09	2343.7043
30	25	-3404.4172	2308.8975
30	27	-3319.082	2344.2878
30	29	-3309.6885	2377.387
30	31	-3354.765	2425.384
30	32	-3294.8584	2368.974
30	34	-3292.2935	2378.429
30	35	-3373.6135	2399.7427
30	36	-3287.6992	2338.103
30	48	-3353.4324	2298.2568
30	52	-3360.1565	2313.829
31	1	-3375.5684	2363.847
31	2	-3365.5037	2370.0398
31	4	-3351.1384	2329.9006
31	5	-3361.719	2353.0774
31	6	-3364.3855	2360.342
31	7	-3367.9255	2363.7144
31	8	-3359.928	2364.0662
31	9	-3355.08	2360.8342
31	10	-3351.8499	2364.1155
31	11	-3353.8428	2367.3684
31	12	-3391.0337	2333.6323
31	13	-3357.1228	2331.9275
31	14	-3345.5579	2360.7886
31	15	-3344.7373	2363.8167
31	16	-3345.4766	2367.333
31	17	-3354.703	2326.8577
31	18	-3346.1387	2370.3105
31	19	-3393.2273	2360.2268
31	20	-3404.8079	2327.9983
31	22	-3325.932	2311.1687
31	23	-3404.6257	2311.537
31	24	-3322.09	2343.7043
31	25	-3404.4172	2308.8975
31	27	-3319.082	2344.2878
31	29	-3309.694	2379.074
31	31	-3354.765	2425.384
31	32	-3294.853	2368.9854
31	33	-3296.3997	2381.7805
31	34	-3292.6487	2378.414
31	35	-3373.6135	2399.7427
31	36	-3287.6992	2338.103
31	48	-3353.4324	2298.2568
31	52	-3360.1565	2313.829
32	1	-3375.531	2363.8418
32	2	-3365.0183	2370.049
32	4	-3351.342	2329.929
32	5	-3361.2305	2353.077
32	6	-3364.2625	2360.3472
32	7	-3367.924	2363.7144
32	8	-3359.928	2364.0662
32	9	-3355.0698	2360.8381
32	10	-3351.8499	2364.1155
32	11	-3353.8286	2367.367
32	12	-3391.0337	2333.6323
32	13	-3357.1228	2331.9275
32	14	-3345.5579	2360.7886
32	15	-3344.7373	2363.8167
32	16	-3345.4912	2367.3289
32	17	-3354.703	2326.8577
32	18	-3346.1553	2370.3083
32	19	-3392.543	2360.2397
32	20	-3404.8079	2327.9983
32	22	-3325.9114	2309.556
32	23	-3404.6257	2311.537
32	24	-3322.09	2343.7043
32	25	-3404.4172	2308.8975
32	27	-3319.082	2344.2878
32	29	-3309.6953	2380.7937
32	31	-3354.765	2425.384
32	32	-3294.837	2368.9888
32	33	-3296.3997	2381.7805
32	34	-3292.9617	2378.422
32	35	-3373.6135	2399.7427
32	36	-3287.6992	2338.103
32	48	-3353.4324	2298.2568
32	52	-3360.1565	2313.829
33	1	-3375.4915	2363.8442
33	2	-3364.5024	2370.0583
33	3	-3382.106	2393.5413
33	4	-3351.5432	2329.9321
33	5	-3360.7505	2353.0776
33	6	-3364.156	2360.35
33	7	-3367.8982	2363.715
33	8	-3359.928	2364.0662
33	9	-3355.0747	2360.8354
33	10	-3351.8499	2364.1155
33	11	-3353.8152	2367.3677
33	12	-3391.0337	2333.6323
33	13	-3357.1228	2331.9275
33	14	-3345.5579	2360.7886
33	15	-3344.7373	2363.8167
33	16	-3345.5105	2367.3264
33	17	-3354.703	2326.8577
33	18	-3346.134	2370.3032
33	19	-3391.9014	2360.2478
33	20	-3404.8079	2327.9983
33	22	-3325.8804	2308.0144
33	23	-3404.6257	2311.537
33	24	-3322.09	2343.7043
33	25	-3404.4172	2308.8975
33	27	-3319.082	2344.2878
33	29	-3309.6982	2382.4502
33	31	-3354.765	2425.384
33	32	-3294.8218	2369.002
33	33	-3296.3997	2381.7805
33	34	-3293.2976	2378.4253
33	35	-3373.6135	2399.7427
33	36	-3287.6992	2338.103
33	48	-3353.4324	2298.2568
33	52	-3360.1565	2313.829
34	1	-3375.491	2363.8425
34	2	-3363.9636	2370.077
34	3	-3381.6428	2393.605
34	4	-3351.751	2329.9546
34	5	-3360.28	2353.0786
34	6	-3364.08	2360.3525
34	7	-3367.8955	2363.7163
34	8	-3359.928	2364.0662
34	9	-3355.0696	2360.8325
34	10	-3351.8499	2364.1155
34	11	-3353.8142	2367.3674
34	12	-3391.0337	2333.6323
34	13	-3357.1228	2331.9275
34	14	-3345.5579	2360.7886
34	15	-3344.7373	2363.8167
34	16	-3345.521	2367.3271
34	17	-3354.703	2326.8577
34	18	-3346.1543	2370.296
34	19	-3391.261	2360.2568
34	20	-3404.8079	2327.9983
34	22	-3325.8606	2306.4036
34	23	-3404.6257	2311.537
34	24	-3322.09	2343.7043
34	25	-3404.4172	2308.8975
34	27	-3319.082	2344.2878
34	29	-3309.6934	2384.1047
34	31	-3354.765	2425.384
34	32	-3294.8079	2369.0059
34	33	-3296.3997	2381.7805
34	34	-3293.5981	2378.427
34	35	-3373.6135	2399.7427
34	36	-3287.6992	2338.103
34	37	-3286.4922	2375.4116
34	38	-3287.9634	2327.1257
34	48	-3353.4324	2298.2568
34	52	-3360.1565	2313.829
35	1	-3375.4905	2363.8438
35	2	-3363.4634	2370.0803
35	3	-3381.1897	2393.6687
35	4	-3351.9377	2329.9644
35	5	-3359.8186	2353.0789
35	6	-3364.0027	2360.3477
35	7	-3367.893	2363.721
35	8	-3359.928	2364.0662
35	9	-3355.0664	2360.8286
35	10	-3351.8499	2364.1155
35	11	-3353.8088	2367.3655
35	12	-3391.0337	2333.6323
35	13	-3357.1228	2331.9275
35	14	-3345.5579	2360.7886
35	15	-3344.7373	2363.8167
35	16	-3345.5303	2367.3257
35	17	-3354.703	2326.8577
35	18	-3346.1506	2370.2974
35	19	-3390.597	2360.2737
35	20	-3404.8079	2327.9983
35	22	-3325.8296	2304.815
35	23	-3404.6257	2311.537
35	24	-3322.09	2343.7043
35	25	-3404.4172	2308.8975
35	27	-3319.082	2344.2878
35	29	-3309.7124	2385.724
35	31	-3354.765	2425.384
35	32	-3294.7944	2369.0044
35	33	-3296.3997	2381.7805
35	34	-3293.8755	2378.4277
35	35	-3373.6135	2399.7427
35	36	-3287.6992	2338.103
35	37	-3286.9292	2375.4172
35	38	-3287.9634	2327.1257
35	48	-3353.4324	2298.2568
35	52	-3360.1565	2313.829
36	1	-3375.489	2363.8484
36	2	-3362.9895	2370.088
36	3	-3380.7551	2393.753
36	4	-3352.1108	2329.9622
36	5	-3359.3652	2353.0789
36	6	-3363.931	2360.3525
36	7	-3367.873	2363.7258
36	8	-3359.928	2364.0662
36	9	-3355.0732	2360.8284
36	10	-3351.8499	2364.1155
36	11	-3353.8125	2367.3643
36	12	-3391.0337	2333.6323
36	13	-3357.1228	2331.9275
36	14	-3345.5579	2360.7886
36	15	-3344.7373	2363.8167
36	16	-3345.5337	2367.323
36	17	-3354.703	2326.8577
36	18	-3346.1606	2370.2927
36	19	-3389.9697	2360.2769
36	20	-3404.8079	2327.9983
36	22	-3325.7996	2303.197
36	23	-3404.6257	2311.537
36	24	-3322.09	2343.7043
36	25	-3404.4172	2308.8975
36	27	-3319.082	2344.2878
36	29	-3309.7224	2387.3901
36	31	-3354.765	2425.384
36	32	-3294.8052	2369.0012
36	33	-3296.3997	2381.7805
36	34	-3294.1687	2378.4177
36	35	-3373.6135	2399.7427
36	36	-3287.6992	2338.103
36	37	-3287.51	2375.3982
36	38	-3287.9634	2327.1257
36	48	-3353.4324	2298.2568
36	52	-3360.1565	2313.829
36	53	-3323.8083	2420.9297
37	1	-3375.4753	2363.848
37	2	-3362.5078	2370.0916
37	3	-3380.3062	2393.8418
37	4	-3352.2915	2329.9688
37	5	-3358.9204	2353.0793
37	6	-3363.8708	2360.353
37	7	-3367.8557	2363.726
37	8	-3359.928	2364.0662
37	9	-3355.0698	2360.8289
37	10	-3351.8499	2364.1155
37	11	-3353.8071	2367.3613
37	12	-3391.0337	2333.6323
37	13	-3357.1228	2331.9275
37	14	-3345.5579	2360.7886
37	15	-3344.7373	2363.8167
37	16	-3345.5293	2367.3237
37	17	-3354.703	2326.8577
37	18	-3346.1687	2370.2932
37	19	-3389.3545	2360.285
37	20	-3404.8079	2327.9983
37	22	-3325.7722	2301.6045
37	23	-3404.6257	2311.537
37	24	-3322.09	2343.7043
37	25	-3404.4172	2308.8975
37	27	-3319.082	2344.2878
37	29	-3309.712	2389.007
37	31	-3354.765	2425.384
37	32	-3294.8137	2369.0078
37	33	-3296.3997	2381.7805
37	34	-3294.4285	2378.4062
37	35	-3373.6135	2399.7427
37	36	-3287.6992	2338.103
37	37	-3288.1184	2375.3735
37	38	-3287.9634	2327.1257
37	48	-3353.4324	2298.2568
37	53	-3323.749	2420.0747
38	1	-3375.4753	2363.8499
38	2	-3362.0474	2370.101
38	3	-3379.8638	2393.9336
38	4	-3352.4788	2329.9583
38	5	-3358.4854	2353.0798
38	6	-3363.81	2360.3574
38	7	-3367.8467	2363.73
38	8	-3359.928	2364.0662
38	9	-3355.0735	2360.8262
38	10	-3351.8499	2364.1155
38	11	-3353.7954	2367.3606
38	12	-3391.0337	2333.6323
38	13	-3357.1228	2331.9275
38	14	-3345.5579	2360.7886
38	15	-3344.7373	2363.8167
38	16	-3345.5347	2367.3225
38	17	-3354.703	2326.8577
38	18	-3346.2065	2370.2874
38	19	-3388.7388	2360.292
38	20	-3404.8079	2327.9983
38	22	-3325.7607	2299.9988
38	23	-3404.6257	2311.537
38	24	-3322.09	2343.7043
38	25	-3404.4172	2308.8975
38	27	-3319.082	2344.2878
38	29	-3309.7234	2390.6165
38	31	-3354.765	2425.384
38	32	-3294.8232	2369.0093
38	33	-3296.3997	2381.7805
38	34	-3294.6675	2378.4128
38	35	-3373.6135	2399.7427
38	36	-3287.6992	2338.103
38	37	-3288.6785	2375.3733
38	38	-3287.9634	2327.1257
38	39	-3288.0034	2335.4814
38	48	-3353.4324	2298.2568
38	53	-3323.704	2419.1416
39	1	-3375.4893	2363.8477
39	2	-3361.5842	2370.1084
39	3	-3379.3777	2394.0383
39	4	-3352.6624	2329.9395
39	5	-3358.0598	2353.08
39	6	-3363.756	2360.356
39	7	-3367.8435	2363.7354
39	8	-3359.928	2364.0662
39	9	-3355.0757	2360.8254
39	10	-3351.8499	2364.1155
39	11	-3353.7937	2367.3604
39	12	-3391.0337	2333.6323
39	13	-3357.1228	2331.9275
39	14	-3345.5579	2360.7886
39	15	-3344.7373	2363.8167
39	16	-3345.5378	2367.3262
39	17	-3354.703	2326.8577
39	18	-3346.2058	2370.2874
39	19	-3388.1453	2360.2954
39	20	-3404.8079	2327.9983
39	22	-3325.7388	2298.428
39	23	-3404.6257	2311.537
39	24	-3322.09	2343.7043
39	25	-3404.4172	2308.8975
39	27	-3319.082	2344.2878
39	29	-3309.7239	2392.2485
39	31	-3354.765	2425.384
39	32	-3294.8323	2369.005
39	33	-3296.3997	2381.7805
39	34	-3294.9094	2378.4119
39	35	-3373.6135	2399.7427
39	36	-3287.6992	2338.103
39	37	-3289.128	2375.369
39	38	-3287.9634	2327.1257
39	39	-3288.0034	2335.4814
39	40	-3320.2559	2394.3655
39	48	-3353.4324	2298.2568
39	53	-3323.7004	2418.196
40	1	-3375.4868	2363.8467
40	2	-3361.1328	2370.13
40	3	-3378.9377	2394.1426
40	4	-3352.8281	2329.9226
40	5	-3357.6416	2353.0803
40	6	-3363.7117	2360.3594
40	7	-3367.8472	2363.7358
40	8	-3359.928	2364.0662
40	9	-3355.0737	2360.828
40	10	-3351.8499	2364.1155
40	11	-3353.7878	2367.3628
40	12	-3391.0337	2333.6323
40	13	-3357.1228	2331.9275
40	14	-3345.5579	2360.7886
40	15	-3344.7373	2363.8167
40	16	-3345.5369	2367.3242
40	17	-3354.703	2326.8577
40	18	-3346.2207	2370.2837
40	19	-3387.5586	2360.3035
40	20	-3404.8079	2327.9983
40	22	-3325.7183	2296.8257
40	23	-3404.6257	2311.537
40	24	-3322.09	2343.7043
40	25	-3404.4172	2308.8975
40	27	-3319.082	2344.2878
40	29	-3309.7336	2393.8472
40	31	-3354.765	2425.384
40	32	-3294.7825	2369.0022
40	33	-3296.3997	2381.7805
40	34	-3295.1094	2378.4211
40	35	-3373.6135	2399.7427
40	36	-3287.6992	2338.103
40	37	-3289.6328	2375.3743
40	38	-3287.9634	2327.1257
40	39	-3288.0034	2335.4814
40	40	-3320.2559	2394.3655
40	48	-3353.4324	2298.2568
40	53	-3323.6755	2417.2966
41	1	-3375.4893	2363.849
41	2	-3360.7144	2370.137
41	3	-3378.5073	2394.2542
41	4	-3352.9873	2329.9163
41	5	-3357.2317	2353.08
41	6	-3363.6711	2360.359
41	7	-3367.8352	2363.7378
41	8	-3359.928	2364.0662
41	9	-3355.0671	2360.8257
41	10	-3351.8499	2364.1155
41	11	-3353.7805	2367.3662
41	12	-3391.0337	2333.6323
41	13	-3357.1228	2331.9275
41	14	-3345.5579	2360.7886
41	15	-3344.7373	2363.8167
41	16	-3345.531	2367.3228
41	17	-3354.703	2326.8577
41	18	-3346.1863	2370.2952
41	19	-3386.9888	2360.3118
41	20	-3404.8079	2327.9983
41	22	-3325.683	2295.1682
41	23	-3404.6257	2311.537
41	24	-3322.09	2343.7043
41	25	-3404.4172	2308.8975
41	27	-3319.082	2344.2878
41	29	-3309.742	2395.447
41	31	-3354.765	2425.384
41	32	-3294.8047	2369.003
41	33	-3296.3997	2381.7805
41	34	-3295.255	2378.4202
41	35	-3373.6135	2399.7427
41	36	-3287.6992	2338.103
41	37	-3290.0684	2375.369
41	38	-3287.9634	2327.1257
41	39	-3288.0034	2335.4814
41	40	-3320.2559	2394.3655
41	48	-3353.4324	2298.2568
41	53	-3323.68	2416.4812
42	1	-3375.4878	2363.8489
42	2	-3360.307	2370.1436
42	3	-3378.0505	2394.3862
42	4	-3353.1616	2329.9055
42	5	-3356.8308	2353.0793
42	6	-3363.6396	2360.3594
42	7	-3367.8354	2363.7373
42	8	-3359.928	2364.0662
42	9	-3355.0627	2360.8252
42	10	-3351.8499	2364.1155
42	11	-3353.7676	2367.3662
42	12	-3391.0337	2333.6323
42	13	-3357.1228	2331.9275
42	14	-3345.5579	2360.7886
42	15	-3344.7373	2363.8167
42	16	-3345.5337	2367.3235
42	17	-3354.703	2326.8577
42	18	-3346.1948	2370.2913
42	19	-3386.4512	2360.3196
42	20	-3404.8079	2327.9983
42	22	-3325.6519	2293.5752
42	23	-3404.6257	2311.537
42	24	-3322.09	2343.7043
42	25	-3404.4172	2308.8975
42	27	-3319.082	2344.2878
42	29	-3309.7444	2397.0654
42	31	-3354.765	2425.384
42	32	-3294.8186	2368.9932
42	33	-3296.3997	2381.7805
42	34	-3295.418	2378.4102
42	35	-3373.6135	2399.7427
42	36	-3287.6992	2338.103
42	37	-3290.5195	2375.369
42	38	-3287.9634	2327.1257
42	39	-3288.0034	2335.4814
42	40	-3320.2559	2394.3655
42	48	-3353.4324	2298.2568
42	53	-3323.6748	2415.641
43	1	-3375.4941	2363.854
43	2	-3359.9316	2370.143
43	3	-3377.5742	2394.5203
43	4	-3353.398	2329.8662
43	5	-3356.4385	2353.0796
43	6	-3363.6	2360.3645
43	7	-3367.8289	2363.74
43	8	-3359.928	2364.0662
43	9	-3355.0657	2360.827
43	10	-3351.8499	2364.1155
43	11	-3353.742	2367.3674
43	12	-3391.0337	2333.6323
43	13	-3357.1228	2331.9275
43	14	-3345.5579	2360.7886
43	15	-3344.7373	2363.8167
43	16	-3345.537	2367.322
43	17	-3354.703	2326.8577
43	18	-3346.206	2370.2922
43	19	-3385.912	2360.3281
43	20	-3404.8079	2327.9983
43	22	-3325.647	2291.9524
43	23	-3404.6257	2311.537
43	24	-3322.09	2343.7043
43	25	-3404.4172	2308.8975
43	27	-3319.082	2344.2878
43	29	-3309.7556	2398.6436
43	31	-3354.765	2425.384
43	32	-3294.8323	2369.0024
43	33	-3296.3997	2381.7805
43	34	-3295.5813	2378.4072
43	35	-3373.6135	2399.7427
43	36	-3287.6992	2338.103
43	37	-3290.9277	2375.3677
43	38	-3287.9634	2327.1257
43	39	-3288.0034	2335.4814
43	40	-3320.2559	2394.3655
43	41	-3288.3367	2318.9338
43	48	-3353.4324	2298.2568
43	53	-3323.6724	2414.8467
44	1	-3375.4917	2363.8555
44	2	-3359.5605	2370.1436
44	3	-3377.1768	2394.642
44	4	-3353.6228	2329.8313
44	5	-3356.055	2353.079
44	6	-3363.539	2360.3662
44	7	-3367.8271	2363.74
44	8	-3359.928	2364.0662
44	9	-3355.0654	2360.825
44	10	-3351.8499	2364.1155
44	11	-3353.7422	2367.3672
44	12	-3391.0337	2333.6323
44	13	-3357.1228	2331.9275
44	14	-3345.5579	2360.7886
44	15	-3344.7373	2363.8167
44	16	-3345.5352	2367.3228
44	17	-3354.703	2326.8577
44	18	-3346.1968	2370.2886
44	19	-3385.3853	2360.3345
44	20	-3404.8079	2327.9983
44	22	-3325.6184	2290.305
44	23	-3404.6257	2311.537
44	24	-3322.09	2343.7043
44	25	-3404.4172	2308.8975
44	27	-3319.082	2344.2878
44	29	-3309.7544	2400.2266
44	31	-3354.765	2425.384
44	32	-3294.8396	2369.005
44	33	-3296.3997	2381.7805
44	34	-3295.7302	2378.4055
44	35	-3373.6135	2399.7427
44	36	-3287.6992	2338.103
44	37	-3291.3113	2375.3618
44	38	-3287.9634	2327.1257
44	39	-3288.0034	2335.4814
44	40	-3320.2559	2394.3655
44	41	-3288.3367	2318.9338
44	48	-3353.4324	2298.2568
44	53	-3323.6719	2414.1113
45	1	-3375.4863	2363.8523
45	2	-3359.2158	2370.1472
45	3	-3376.735	2394.7878
45	4	-3353.7952	2329.805
45	5	-3355.68	2353.0781
45	6	-3363.5198	2360.3672
45	7	-3367.816	2363.7378
45	8	-3359.928	2364.0662
45	9	-3355.0537	2360.8247
45	10	-3351.8499	2364.1155
45	11	-3353.7437	2367.3662
45	12	-3391.0337	2333.6323
45	13	-3357.1228	2331.9275
45	14	-3345.5579	2360.7886
45	15	-3344.7373	2363.8167
45	16	-3345.5327	2367.3257
45	17	-3354.703	2326.8577
45	18	-3346.1753	2370.2925
45	19	-3384.8704	2360.3423
45	20	-3404.8079	2327.9983
45	22	-3325.6094	2288.653
45	23	-3404.6257	2311.537
45	24	-3322.09	2343.7043
45	25	-3404.4172	2308.8975
45	27	-3319.082	2344.2878
45	29	-3309.769	2401.798
45	31	-3354.765	2425.384
45	32	-3294.8223	2369.003
45	33	-3296.3997	2381.7805
45	34	-3295.8416	2378.4019
45	35	-3373.6135	2399.7427
45	36	-3287.6992	2338.103
45	37	-3291.6138	2375.3584
45	38	-3287.9634	2327.1257
45	39	-3288.0034	2335.4814
45	40	-3320.2559	2394.3655
45	41	-3288.3367	2318.9338
45	48	-3353.4324	2298.2568
46	1	-3375.4885	2363.8513
46	2	-3358.8354	2370.1462
46	3	-3376.251	2394.9746
46	4	-3353.942	2329.7866
46	5	-3355.3123	2353.0776
46	6	-3363.5015	2360.3674
46	7	-3367.8037	2363.743
46	8	-3359.928	2364.0662
46	9	-3355.058	2360.8232
46	10	-3351.8499	2364.1155
46	11	-3353.7336	2367.371
46	12	-3391.0337	2333.6323
46	13	-3357.1228	2331.9275
46	14	-3345.5579	2360.7886
46	15	-3344.7373	2363.8167
46	16	-3345.5305	2367.3247
46	17	-3354.703	2326.8577
46	18	-3346.1565	2370.2927
46	19	-3384.367	2360.3447
46	20	-3404.8079	2327.9983
46	22	-3325.576	2287.0044
46	23	-3404.6257	2311.537
46	24	-3322.09	2343.7043
46	25	-3404.4172	2308.8975
46	27	-3319.082	2344.2878
46	29	-3309.7844	2403.3528
46	31	-3354.765	2425.384
46	32	-3294.8364	2369.0127
46	33	-3296.3997	2381.7805
46	34	-3295.9475	2378.403
46	35	-3373.6135	2399.7427
46	36	-3287.6992	2338.103
46	37	-3291.9812	2375.3564
46	38	-3287.9634	2327.1257
46	39	-3288.0034	2335.4814
46	40	-3320.2559	2394.3655
46	41	-3288.3367	2318.9338
46	42	-3360.1902	2313.6882
46	43	-3353.4377	2298.2397
47	1	-3375.4885	2363.855
47	2	-3358.4666	2370.1462
47	3	-3375.8242	2395.1372
47	4	-3354.0745	2329.763
47	5	-3354.9536	2353.0757
47	6	-3363.467	2360.3687
47	7	-3367.7966	2363.7468
47	8	-3359.928	2364.0662
47	9	-3355.0618	2360.8215
47	10	-3351.8499	2364.1155
47	11	-3353.727	2367.3787
47	12	-3391.0337	2333.6323
47	13	-3357.1228	2331.9275
47	14	-3345.5579	2360.7886
47	15	-3344.7373	2363.8167
47	16	-3345.5337	2367.3203
47	17	-3354.703	2326.8577
47	18	-3346.1694	2370.2893
47	19	-3383.901	2360.3567
47	20	-3404.8079	2327.9983
47	22	-3325.5437	2285.3945
47	23	-3404.6257	2311.537
47	24	-3322.09	2343.7043
47	25	-3404.4172	2308.8975
47	27	-3319.082	2344.2878
47	29	-3309.7612	2404.9053
47	31	-3354.765	2425.384
47	32	-3294.858	2369.0042
47	33	-3296.3997	2381.7805
47	34	-3296.0486	2378.409
47	35	-3373.6135	2399.7427
47	36	-3287.6992	2338.103
47	37	-3292.283	2375.3533
47	38	-3287.9634	2327.1257
47	39	-3288.0034	2335.4814
47	40	-3320.2559	2394.3655
47	41	-3288.3367	2318.9338
47	42	-3360.1902	2313.6882
48	1	-3375.4937	2363.853
48	2	-3358.1536	2370.1504
48	3	-3375.3667	2395.318
48	4	-3354.222	2329.7366
48	5	-3354.6033	2353.0757
48	6	-3363.4292	2360.3755
48	7	-3367.8035	2363.745
48	8	-3359.928	2364.0662
48	9	-3355.0542	2360.8245
48	10	-3351.8499	2364.1155
48	11	-3353.718	2367.374
48	12	-3391.0337	2333.6323
48	13	-3357.1228	2331.9275
48	14	-3345.5579	2360.7886
48	15	-3344.7373	2363.8167
48	16	-3345.5168	2367.3164
48	17	-3354.703	2326.8577
48	18	-3346.1868	2370.2861
48	19	-3383.4336	2360.3674
48	20	-3404.8079	2327.9983
48	22	-3325.5024	2283.7205
48	23	-3404.6257	2311.537
48	24	-3322.09	2343.7043
48	25	-3404.4172	2308.8975
48	27	-3319.082	2344.2878
48	29	-3309.7761	2406.4922
48	31	-3354.765	2425.384
48	32	-3294.844	2369.01
48	33	-3296.3997	2381.7805
48	34	-3296.1292	2378.4116
48	35	-3373.6135	2399.7427
48	36	-3287.6992	2338.103
48	37	-3292.5627	2375.3538
48	38	-3287.9634	2327.1257
48	39	-3288.0034	2335.4814
48	40	-3320.2559	2394.3655
48	41	-3288.3367	2318.9338
48	42	-3360.1902	2313.6882
49	1	-3375.5002	2363.8562
49	2	-3357.8442	2370.1538
49	3	-3374.8943	2395.5193
49	4	-3354.3582	2329.71
49	5	-3354.2605	2353.0752
49	6	-3363.4053	2360.365
49	7	-3367.795	2363.7463
49	8	-3359.928	2364.0662
49	9	-3355.0554	2360.8262
49	10	-3351.8499	2364.1155
49	11	-3353.7256	2367.3748
49	12	-3391.0337	2333.6323
49	13	-3357.1228	2331.9275
49	14	-3345.5579	2360.7886
49	15	-3344.7373	2363.8167
49	16	-3345.5156	2367.3196
49	17	-3354.703	2326.8577
49	18	-3346.1787	2370.2812
49	19	-3382.9746	2360.3687
49	20	-3404.8079	2327.9983
49	22	-3325.4453	2282.077
49	23	-3404.6257	2311.537
49	24	-3322.09	2343.7043
49	25	-3404.4172	2308.8975
49	27	-3319.082	2344.2878
49	29	-3309.7798	2408.0312
49	31	-3354.765	2425.384
49	32	-3294.8635	2369.0137
49	33	-3296.3997	2381.7805
49	34	-3296.1821	2378.4116
49	35	-3373.6135	2399.7427
49	36	-3287.6992	2338.103
49	37	-3292.7722	2375.3499
49	38	-3287.9634	2327.1257
49	39	-3288.0034	2335.4814
49	40	-3320.2559	2394.3655
49	41	-3288.3367	2318.9338
49	42	-3360.1902	2313.6882
50	1	-3375.4958	2363.8555
50	2	-3357.5432	2370.1504
50	3	-3374.479	2395.7065
50	4	-3354.478	2329.687
50	5	-3353.926	2353.0737
50	6	-3363.3865	2360.3694
50	7	-3367.7998	2363.7441
50	8	-3359.928	2364.0662
50	9	-3355.0417	2360.8208
50	10	-3351.8499	2364.1155
50	11	-3353.7266	2367.3728
50	12	-3391.0337	2333.6323
50	13	-3357.1228	2331.9275
50	14	-3345.5579	2360.7886
50	15	-3344.7373	2363.8167
50	16	-3345.512	2367.3203
50	17	-3354.703	2326.8577
50	18	-3346.1882	2370.28
50	19	-3382.5315	2360.377
50	20	-3404.8079	2327.9983
50	23	-3404.6257	2311.537
50	24	-3322.09	2343.7043
50	27	-3319.082	2344.2878
50	29	-3309.7603	2409.585
50	31	-3354.765	2425.384
50	32	-3294.845	2369.014
50	33	-3296.3997	2381.7805
50	34	-3296.22	2378.418
50	35	-3373.6135	2399.7427
50	36	-3287.6992	2338.103
50	37	-3293.0059	2375.3552
50	38	-3287.9634	2327.1257
50	39	-3288.0034	2335.4814
50	40	-3320.2559	2394.3655
50	41	-3288.3367	2318.9338
50	42	-3360.1902	2313.6882
50	43	-3353.4377	2298.2397
50	46	-3393.1072	2363.712
51	1	-3375.4963	2363.8564
51	2	-3357.242	2370.1477
51	3	-3374.054	2395.8997
51	4	-3354.6008	2329.6619
51	5	-3353.6	2353.0718
51	6	-3363.3606	2360.367
51	7	-3367.7947	2363.7444
51	8	-3359.928	2364.0662
51	9	-3355.0388	2360.8218
51	10	-3351.8499	2364.1155
51	11	-3353.732	2367.3718
51	12	-3391.0337	2333.6323
51	13	-3357.1228	2331.9275
51	14	-3345.5579	2360.7886
51	15	-3344.7373	2363.8167
51	16	-3345.508	2367.3203
51	17	-3354.703	2326.8577
51	18	-3346.173	2370.2842
51	19	-3382.102	2360.3848
51	20	-3404.8079	2327.9983
51	23	-3404.6257	2311.537
51	24	-3322.09	2343.7043
51	27	-3319.082	2344.2878
51	29	-3309.754	2411.0225
51	31	-3354.765	2425.384
51	32	-3294.8716	2369.0056
51	33	-3296.3997	2381.7805
51	34	-3296.2512	2378.4238
51	35	-3373.6135	2399.7427
51	36	-3287.6992	2338.103
51	37	-3293.18	2375.3481
51	38	-3287.9634	2327.1257
51	39	-3288.0034	2335.4814
51	40	-3320.2559	2394.3655
51	41	-3288.3367	2318.9338
51	42	-3360.1902	2313.6882
51	43	-3353.4377	2298.2397
51	44	-3323.6553	2408.7808
51	46	-3392.5686	2363.709
52	1	-3375.4993	2363.8604
52	2	-3356.8987	2370.1357
52	3	-3373.6465	2396.1006
52	4	-3354.7217	2329.6265
52	5	-3353.283	2353.07
52	6	-3363.3506	2360.368
52	7	-3367.7852	2363.743
52	8	-3359.928	2364.0662
52	9	-3355.0195	2360.8208
52	10	-3351.8499	2364.1155
52	11	-3353.7256	2367.3784
52	12	-3391.0337	2333.6323
52	13	-3357.1228	2331.9275
52	14	-3345.5579	2360.7886
52	15	-3344.7373	2363.8167
52	16	-3345.5107	2367.3174
52	17	-3354.703	2326.8577
52	18	-3346.1897	2370.2844
52	19	-3381.692	2360.3894
52	20	-3404.8079	2327.9983
52	23	-3404.6257	2311.537
52	24	-3322.09	2343.7043
52	27	-3319.082	2344.2878
52	29	-3309.73	2412.465
52	31	-3354.765	2425.384
52	32	-3294.8792	2368.9976
52	33	-3296.3997	2381.7805
52	34	-3296.2822	2378.4155
52	35	-3373.6135	2399.7427
52	36	-3287.6992	2338.103
52	37	-3293.3757	2375.3472
52	38	-3287.9634	2327.1257
52	39	-3288.0034	2335.4814
52	40	-3320.2559	2394.3655
52	41	-3288.3367	2318.9338
52	42	-3360.1902	2313.6882
52	43	-3353.4377	2298.2397
52	44	-3323.6436	2408.2532
53	1	-3375.5056	2363.8594
53	2	-3356.5576	2370.144
53	3	-3373.2322	2396.3037
53	4	-3354.8467	2329.5984
53	5	-3352.9744	2353.0647
53	6	-3363.3198	2360.3704
53	7	-3367.7793	2363.7407
53	8	-3359.928	2364.0662
53	9	-3355.0015	2360.818
53	10	-3351.8499	2364.1155
53	11	-3353.7239	2367.3748
53	12	-3391.0337	2333.6323
53	13	-3357.1228	2331.9275
53	14	-3345.5579	2360.7886
53	15	-3344.7373	2363.8167
53	16	-3345.5125	2367.3242
53	17	-3354.703	2326.8577
53	18	-3346.1978	2370.287
53	19	-3381.3018	2360.3938
53	20	-3404.8079	2327.9983
53	23	-3404.6257	2311.537
53	24	-3322.09	2343.7043
53	27	-3319.082	2344.2878
53	29	-3309.7488	2413.7688
53	31	-3354.765	2425.384
53	32	-3294.893	2369.006
53	33	-3296.3997	2381.7805
53	34	-3296.289	2378.4202
53	35	-3373.6135	2399.7427
53	36	-3287.6992	2338.103
53	37	-3293.5293	2375.3452
53	38	-3287.9634	2327.1257
53	39	-3288.0034	2335.4814
53	40	-3320.2559	2394.3655
53	41	-3288.3367	2318.9338
53	42	-3360.1902	2313.6882
53	43	-3353.4377	2298.2397
53	44	-3323.6335	2407.6912
53	45	-3312.6406	2287.2742
53	46	-3391.4941	2363.6914
54	1	-3375.5066	2363.8657
54	2	-3356.2954	2370.133
54	3	-3372.8481	2396.5208
54	4	-3354.9612	2329.562
54	5	-3352.674	2353.064
54	6	-3363.2961	2360.369
54	7	-3367.7744	2363.7383
54	8	-3359.928	2364.0662
54	9	-3354.9922	2360.8228
54	10	-3351.8499	2364.1155
54	11	-3353.7158	2367.3718
54	12	-3391.0337	2333.6323
54	13	-3357.1228	2331.9275
54	14	-3345.5579	2360.7886
54	15	-3344.7373	2363.8167
54	16	-3345.5134	2367.3237
54	17	-3354.703	2326.8577
54	18	-3346.1943	2370.277
54	19	-3380.9238	2360.3975
54	20	-3404.8079	2327.9983
54	23	-3404.6257	2311.537
54	24	-3322.09	2343.7043
54	27	-3319.082	2344.2878
54	29	-3309.6748	2415.2256
54	31	-3354.765	2425.384
54	32	-3294.9155	2369.004
54	33	-3296.3997	2381.7805
54	34	-3296.3137	2378.4192
54	35	-3373.6135	2399.7427
54	36	-3287.6992	2338.103
54	37	-3293.6675	2375.3442
54	38	-3287.9634	2327.1257
54	39	-3288.0034	2335.4814
54	40	-3320.2559	2394.3655
54	41	-3288.3367	2318.9338
54	42	-3360.1902	2313.6882
54	43	-3353.4377	2298.2397
54	44	-3323.637	2407.0981
54	45	-3312.6567	2288.5935
54	46	-3391.0195	2363.703
55	1	-3375.5051	2363.866
55	2	-3355.9978	2370.1416
55	3	-3372.503	2396.7356
55	4	-3355.06	2329.5334
55	5	-3352.3806	2353.0588
55	6	-3363.2688	2360.3752
55	7	-3367.7588	2363.7378
55	8	-3359.928	2364.0662
55	9	-3354.9875	2360.8228
55	10	-3351.8499	2364.1155
55	11	-3353.7168	2367.3696
55	12	-3391.0337	2333.6323
55	13	-3357.1228	2331.9275
55	14	-3345.5579	2360.7886
55	15	-3344.7373	2363.8167
55	16	-3345.4978	2367.3245
55	17	-3354.703	2326.8577
55	18	-3346.1938	2370.28
55	19	-3380.573	2360.4067
55	20	-3404.8079	2327.9983
55	23	-3404.6257	2311.537
55	24	-3322.09	2343.7043
55	27	-3319.082	2344.2878
55	29	-3309.659	2416.6846
55	31	-3354.765	2425.384
55	32	-3294.9526	2368.9897
55	33	-3296.3997	2381.7805
55	34	-3296.2961	2378.4116
55	35	-3373.6135	2399.7427
55	36	-3287.6992	2338.103
55	37	-3293.7766	2375.3442
55	38	-3287.9634	2327.1257
55	39	-3288.0034	2335.4814
55	40	-3320.2559	2394.3655
55	41	-3288.3367	2318.9338
55	42	-3360.1902	2313.6882
55	43	-3353.4377	2298.2397
55	44	-3323.6309	2406.5498
55	45	-3312.6904	2289.9255
56	1	-3375.5098	2363.8662
56	2	-3355.7803	2370.1433
56	3	-3372.117	2396.9832
56	4	-3355.1616	2329.5168
56	5	-3352.0933	2353.0537
56	6	-3363.2405	2360.375
56	7	-3367.7527	2363.7346
56	8	-3359.928	2364.0662
56	9	-3354.9539	2360.825
56	10	-3351.8499	2364.1155
56	11	-3353.706	2367.3696
56	12	-3391.0337	2333.6323
56	13	-3357.1228	2331.9275
56	14	-3345.5579	2360.7886
56	15	-3344.7373	2363.8167
56	16	-3345.4905	2367.3271
56	17	-3354.703	2326.8577
56	18	-3346.1997	2370.2844
56	19	-3380.217	2360.4114
56	20	-3404.8079	2327.9983
56	23	-3404.6257	2311.537
56	24	-3322.09	2343.7043
56	25	-3404.4172	2308.8975
56	27	-3319.082	2344.2878
56	31	-3354.765	2425.384
56	32	-3294.9875	2368.988
56	33	-3296.3997	2381.7805
56	34	-3296.3064	2378.4094
56	35	-3373.6135	2399.7427
56	36	-3287.6992	2338.103
56	37	-3293.8765	2375.35
56	38	-3287.9634	2327.1257
56	39	-3288.0034	2335.4814
56	40	-3320.2559	2394.3655
56	41	-3288.3367	2318.9338
56	42	-3360.1902	2313.6882
56	43	-3353.4377	2298.2397
56	44	-3323.6272	2405.989
56	45	-3312.7046	2291.176
56	46	-3390.0576	2363.6814
57	1	-3375.4988	2363.862
57	2	-3355.5046	2370.144
57	3	-3371.777	2397.225
57	4	-3355.2551	2329.501
57	5	-3351.8157	2353.048
57	6	-3363.2021	2360.3767
57	7	-3367.7627	2363.7395
57	8	-3359.928	2364.0662
57	9	-3354.9412	2360.827
57	10	-3351.8499	2364.1155
57	11	-3353.6968	2367.354
57	12	-3391.0337	2333.6323
57	13	-3357.1228	2331.9275
57	14	-3345.5579	2360.7886
57	15	-3344.7373	2363.8167
57	16	-3345.4739	2367.3237
57	17	-3354.703	2326.8577
57	18	-3346.1877	2370.2815
57	19	-3379.8628	2360.4102
57	20	-3404.8079	2327.9983
57	23	-3404.6257	2311.537
57	24	-3322.09	2343.7043
57	27	-3319.082	2344.2878
57	31	-3354.765	2425.384
57	32	-3295.0286	2368.9922
57	33	-3296.3997	2381.7805
57	34	-3296.306	2378.409
57	35	-3373.6135	2399.7427
57	36	-3287.6992	2338.103
57	37	-3293.9607	2375.3484
57	38	-3287.9634	2327.1257
57	39	-3288.0034	2335.4814
57	40	-3320.2559	2394.3655
57	41	-3288.3367	2318.9338
57	42	-3360.1902	2313.6882
57	43	-3353.4377	2298.2397
57	44	-3323.6292	2405.4705
57	45	-3312.7373	2292.458
58	1	-3375.506	2363.862
58	2	-3355.369	2370.1475
58	3	-3371.3757	2397.5166
58	4	-3355.3435	2329.4824
58	5	-3351.5457	2353.0435
58	6	-3363.211	2360.3718
58	7	-3367.7644	2363.7417
58	8	-3359.928	2364.0662
58	9	-3354.9167	2360.8254
58	10	-3351.8499	2364.1155
58	11	-3353.6826	2367.3604
58	12	-3391.0337	2333.6323
58	13	-3357.1228	2331.9275
58	14	-3345.5579	2360.7886
58	15	-3344.7373	2363.8167
58	16	-3345.4524	2367.326
58	17	-3354.703	2326.8577
58	18	-3346.1858	2370.2822
58	19	-3379.5513	2360.4165
58	20	-3404.8079	2327.9983
58	23	-3404.6257	2311.537
58	24	-3322.09	2343.7043
58	27	-3319.082	2344.2878
58	31	-3354.765	2425.384
58	32	-3295.0813	2368.996
58	33	-3296.3997	2381.7805
58	34	-3296.3247	2378.4102
58	35	-3373.6135	2399.7427
58	36	-3287.6992	2338.103
58	37	-3294.058	2375.3457
58	38	-3287.9634	2327.1257
58	39	-3288.0034	2335.4814
58	40	-3320.2559	2394.3655
58	41	-3288.3367	2318.9338
58	42	-3360.1902	2313.6882
58	43	-3353.4377	2298.2397
58	44	-3323.6174	2404.956
58	45	-3312.746	2293.7053
58	46	-3389.1726	2363.7014
59	1	-3375.5132	2363.8582
59	2	-3355.2217	2370.1533
59	3	-3371.0315	2397.7786
59	4	-3355.4036	2329.483
59	5	-3351.2832	2353.038
59	6	-3363.1814	2360.3733
59	7	-3367.7617	2363.7366
59	8	-3359.928	2364.0662
59	9	-3354.8896	2360.8223
59	10	-3351.8499	2364.1155
59	11	-3353.6602	2367.3506
59	12	-3391.0337	2333.6323
59	13	-3357.1228	2331.9275
59	14	-3345.5579	2360.7886
59	15	-3344.7373	2363.8167
59	16	-3345.424	2367.3252
59	17	-3354.703	2326.8577
59	18	-3346.194	2370.2908
59	19	-3379.238	2360.4175
59	20	-3404.8079	2327.9983
59	23	-3404.6257	2311.537
59	24	-3322.09	2343.7043
59	27	-3319.082	2344.2878
59	31	-3354.765	2425.384
59	32	-3295.163	2368.9863
59	33	-3296.3997	2381.7805
59	34	-3296.325	2378.4092
59	35	-3373.6135	2399.7427
59	36	-3287.6992	2338.103
59	37	-3294.1094	2375.3481
59	38	-3287.9634	2327.1257
59	39	-3288.0034	2335.4814
59	40	-3320.2559	2394.3655
59	41	-3288.3367	2318.9338
59	42	-3360.1902	2313.6882
59	43	-3353.4377	2298.2397
59	44	-3323.6096	2404.4429
59	45	-3312.7551	2294.8599
59	46	-3388.779	2363.7024
60	1	-3375.519	2363.8516
60	2	-3355.0796	2370.143
60	3	-3370.6865	2398.0798
60	4	-3355.4546	2329.4692
60	5	-3351.0286	2353.034
60	6	-3363.173	2360.3735
60	7	-3367.7632	2363.7358
60	8	-3359.928	2364.0662
60	9	-3354.871	2360.8289
60	10	-3351.8499	2364.1155
60	11	-3353.6172	2367.3572
60	12	-3391.0337	2333.6323
60	13	-3357.1228	2331.9275
60	14	-3345.5579	2360.7886
60	15	-3344.7373	2363.8167
60	16	-3345.4055	2367.322
60	17	-3354.703	2326.8577
60	18	-3346.2002	2370.2861
60	19	-3378.9497	2360.4167
60	20	-3404.8079	2327.9983
60	23	-3404.6257	2311.537
60	24	-3322.09	2343.7043
60	27	-3319.082	2344.2878
60	31	-3354.765	2425.384
60	32	-3295.2036	2368.9758
60	33	-3296.3997	2381.7805
60	34	-3296.331	2378.4038
60	35	-3373.6135	2399.7427
60	36	-3287.6992	2338.103
60	37	-3294.1619	2375.3445
60	38	-3287.9634	2327.1257
60	39	-3288.0034	2335.4814
60	40	-3320.2559	2394.3655
60	41	-3288.3367	2318.9338
60	42	-3360.1902	2313.6882
60	43	-3353.4377	2298.2397
60	44	-3323.6023	2403.9946
60	45	-3312.7642	2296.0537
60	46	-3388.3325	2363.7002
61	1	-3375.526	2363.8477
61	2	-3354.9695	2370.1458
61	3	-3370.3645	2398.3662
61	4	-3355.509	2329.4595
61	5	-3350.7822	2353.028
61	6	-3363.1565	2360.371
61	7	-3367.7698	2363.7344
61	8	-3359.928	2364.0662
61	9	-3354.8447	2360.8333
61	10	-3351.8499	2364.1155
61	11	-3353.5608	2367.3528
61	12	-3391.0337	2333.6323
61	13	-3357.1228	2331.9275
61	14	-3345.5579	2360.7886
61	15	-3344.7373	2363.8167
61	16	-3345.358	2367.3252
61	17	-3354.703	2326.8577
61	18	-3346.2024	2370.2822
61	19	-3378.6768	2360.4182
61	20	-3404.8079	2327.9983
61	23	-3404.6257	2311.537
61	24	-3322.09	2343.7043
61	27	-3319.082	2344.2878
61	31	-3354.765	2425.384
61	32	-3295.3394	2368.9756
61	33	-3296.3997	2381.7805
61	34	-3296.3162	2378.4058
61	35	-3373.6135	2399.7427
61	36	-3287.6992	2338.103
61	37	-3294.2217	2375.3394
61	38	-3287.9634	2327.1257
61	39	-3288.0034	2335.4814
61	40	-3320.2559	2394.3655
61	41	-3288.3367	2318.9338
61	42	-3360.1902	2313.6882
61	43	-3353.4377	2298.2397
61	44	-3323.5999	2403.5393
61	45	-3312.7595	2297.2126
61	46	-3388.0417	2363.7302
61	50	-3288.0684	2336.2373
62	1	-3375.5225	2363.8418
62	2	-3354.823	2370.1497
62	3	-3370.057	2398.6575
62	4	-3355.5657	2329.457
62	5	-3350.5454	2353.022
62	6	-3363.1375	2360.3704
62	7	-3367.7656	2363.7358
62	8	-3359.928	2364.0662
62	9	-3354.8264	2360.8333
62	10	-3351.8499	2364.1155
62	11	-3353.49	2367.3567
62	12	-3391.0337	2333.6323
62	13	-3357.1228	2331.9275
62	14	-3345.5579	2360.7886
62	15	-3344.7373	2363.8167
62	16	-3345.3137	2367.3271
62	17	-3354.703	2326.8577
62	18	-3346.1897	2370.2869
62	19	-3378.3953	2360.4253
62	20	-3404.8079	2327.9983
62	23	-3404.6257	2311.537
62	24	-3322.09	2343.7043
62	27	-3319.082	2344.2878
62	31	-3354.765	2425.384
62	32	-3295.4512	2368.9688
62	33	-3296.3997	2381.7805
62	34	-3296.306	2378.4102
62	35	-3373.6135	2399.7427
62	36	-3287.6992	2338.103
62	37	-3294.2737	2375.339
62	38	-3287.9634	2327.1257
62	39	-3288.0034	2335.4814
62	40	-3320.2559	2394.3655
62	41	-3288.3367	2318.9338
62	42	-3360.1902	2313.6882
62	43	-3353.4377	2298.2397
62	44	-3323.5884	2403.1184
62	45	-3312.7678	2298.359
62	46	-3387.6875	2363.7168
62	50	-3287.8884	2336.1846
63	1	-3375.5251	2363.8362
63	2	-3354.6763	2370.153
63	3	-3369.7717	2398.9387
63	4	-3355.6216	2329.446
63	5	-3350.3176	2353.0166
63	6	-3363.1343	2360.3733
63	7	-3367.7827	2363.7295
63	8	-3359.928	2364.0662
63	9	-3354.8079	2360.83
63	10	-3351.8499	2364.1155
63	11	-3353.4387	2367.361
63	12	-3391.0337	2333.6323
63	13	-3357.1228	2331.9275
63	14	-3345.5579	2360.7886
63	15	-3344.7373	2363.8167
63	16	-3345.2595	2367.3306
63	17	-3354.703	2326.8577
63	18	-3346.1868	2370.2908
63	19	-3378.1414	2360.4277
63	20	-3404.8079	2327.9983
63	23	-3404.6257	2311.537
63	24	-3322.09	2343.7043
63	27	-3319.082	2344.2878
63	31	-3354.765	2425.384
63	32	-3295.595	2368.953
63	33	-3296.3997	2381.7805
63	34	-3296.2898	2378.4126
63	35	-3373.6135	2399.7427
63	36	-3287.6992	2338.103
63	37	-3294.3318	2375.3398
63	38	-3287.9634	2327.1257
63	39	-3288.0034	2335.4814
63	40	-3320.2559	2394.3655
63	41	-3288.3367	2318.9338
63	42	-3360.1902	2313.6882
63	43	-3353.4377	2298.2397
63	44	-3323.587	2402.7217
63	45	-3312.7922	2299.5195
63	46	-3387.3896	2363.718
64	1	-3375.5374	2363.8364
64	2	-3354.5469	2370.152
64	3	-3369.479	2399.298
64	4	-3355.6614	2329.4358
64	5	-3350.0945	2353.0098
64	6	-3363.1147	2360.3728
64	7	-3367.7805	2363.732
64	8	-3359.928	2364.0662
64	9	-3354.7876	2360.8347
64	10	-3351.8499	2364.1155
64	11	-3353.351	2367.3567
64	12	-3391.0337	2333.6323
64	13	-3357.1228	2331.9275
64	14	-3345.5579	2360.7886
64	15	-3344.7373	2363.8167
64	16	-3345.1846	2367.329
64	17	-3354.703	2326.8577
64	18	-3346.1782	2370.285
64	19	-3377.8887	2360.43
64	20	-3404.8079	2327.9983
64	23	-3404.6257	2311.537
64	24	-3322.09	2343.7043
64	27	-3319.082	2344.2878
64	31	-3354.765	2425.384
64	32	-3295.7617	2368.944
64	33	-3296.3997	2381.7805
64	34	-3296.295	2378.4163
64	35	-3373.6135	2399.7427
64	36	-3287.6992	2338.103
64	37	-3294.3708	2375.3389
64	38	-3287.9634	2327.1257
64	39	-3288.0034	2335.4814
64	40	-3320.2559	2394.3655
64	41	-3288.3367	2318.9338
64	42	-3360.1902	2313.6882
64	43	-3353.4377	2298.2397
64	44	-3323.5828	2402.3503
64	45	-3312.804	2300.548
64	46	-3387.0957	2363.7183
64	50	-3287.896	2336.1199
65	1	-3375.5454	2363.8323
65	2	-3354.4258	2370.1494
65	3	-3369.193	2399.5964
65	4	-3355.705	2329.4292
65	5	-3349.8782	2353.0044
65	6	-3363.1025	2360.3684
65	7	-3367.7678	2363.7305
65	8	-3359.928	2364.0662
65	9	-3354.7678	2360.835
65	10	-3351.8499	2364.1155
65	11	-3353.267	2367.3586
65	12	-3391.0337	2333.6323
65	13	-3357.1228	2331.9275
65	14	-3345.5579	2360.7886
65	15	-3344.7373	2363.8167
65	16	-3345.07	2367.3289
65	17	-3354.703	2326.8577
65	18	-3346.168	2370.2822
65	19	-3377.6326	2360.4329
65	20	-3404.8079	2327.9983
65	23	-3404.6257	2311.537
65	24	-3322.09	2343.7043
65	27	-3319.082	2344.2878
65	31	-3354.765	2425.384
65	32	-3295.9778	2368.9402
65	33	-3296.3997	2381.7805
65	34	-3296.2773	2378.4136
65	35	-3373.6135	2399.7427
65	36	-3287.6992	2338.103
65	37	-3294.3801	2375.3347
65	38	-3287.9634	2327.1257
65	39	-3288.0034	2335.4814
65	40	-3320.2559	2394.3655
65	41	-3288.3367	2318.9338
65	42	-3360.1902	2313.6882
65	43	-3353.4377	2298.2397
65	44	-3323.5776	2401.9946
65	45	-3312.7832	2301.6736
65	46	-3386.8032	2363.7441
65	50	-3288.577	2336.2524
66	1	-3375.5398	2363.8298
66	2	-3354.3425	2370.1558
66	3	-3368.9429	2399.9177
66	4	-3355.7373	2329.4207
66	5	-3349.6711	2352.9985
66	6	-3363.0994	2360.372
66	7	-3367.7659	2363.7358
66	8	-3359.928	2364.0662
66	9	-3354.7458	2360.836
66	10	-3351.8499	2364.1155
66	11	-3353.1387	2367.3633
66	12	-3391.0337	2333.6323
66	13	-3357.1228	2331.9275
66	14	-3345.5579	2360.7886
66	15	-3344.7373	2363.8167
66	16	-3344.9546	2367.3296
66	17	-3354.703	2326.8577
66	18	-3346.1646	2370.2856
66	19	-3377.3994	2360.437
66	20	-3404.8079	2327.9983
66	24	-3322.09	2343.7043
66	27	-3319.082	2344.2878
66	31	-3354.765	2425.384
66	32	-3296.195	2368.9463
66	33	-3296.3997	2381.7805
66	34	-3296.2783	2378.4158
66	35	-3373.6135	2399.7427
66	36	-3287.6992	2338.103
66	37	-3294.407	2375.337
66	38	-3287.9634	2327.1257
66	39	-3288.0034	2335.4814
66	40	-3320.2559	2394.3655
66	41	-3288.3367	2318.9338
66	42	-3360.1902	2313.6882
66	43	-3353.4377	2298.2397
66	44	-3323.582	2401.6638
66	45	-3312.7837	2302.656
66	46	-3386.5137	2363.7332
66	50	-3288.3257	2336.2703
67	1	-3375.5557	2363.829
67	2	-3354.241	2370.1536
67	3	-3368.6716	2400.313
67	4	-3355.7788	2329.3994
67	5	-3349.4746	2352.9932
67	6	-3363.1106	2360.3723
67	7	-3367.7783	2363.732
67	8	-3359.928	2364.0662
67	9	-3354.7336	2360.8389
67	10	-3351.8499	2364.1155
67	11	-3353.0225	2367.3806
67	12	-3391.0337	2333.6323
67	13	-3357.1228	2331.9275
67	14	-3345.5579	2360.7886
67	16	-3344.816	2367.334
67	17	-3354.703	2326.8577
67	18	-3346.1526	2370.281
67	19	-3377.1663	2360.4338
67	20	-3404.8079	2327.9983
67	24	-3322.09	2343.7043
67	27	-3319.082	2344.2878
67	31	-3354.765	2425.384
67	32	-3296.4368	2368.9229
67	33	-3296.3997	2381.7805
67	34	-3296.2944	2378.4175
67	35	-3373.6135	2399.7427
67	36	-3287.6992	2338.103
67	37	-3294.4263	2375.3403
67	38	-3287.9634	2327.1257
67	39	-3288.0034	2335.4814
67	40	-3320.2559	2394.3655
67	41	-3288.3367	2318.9338
67	42	-3360.1902	2313.6882
67	43	-3353.4377	2298.2397
67	44	-3323.5735	2401.328
67	45	-3312.786	2303.7605
67	46	-3386.2769	2363.7546
67	50	-3288.8145	2336.1748
68	1	-3375.556	2363.8303
68	2	-3354.1443	2370.158
68	3	-3368.4229	2400.6611
68	4	-3355.8032	2329.4053
68	5	-3349.2847	2352.9897
68	6	-3363.1123	2360.3699
68	7	-3367.771	2363.741
68	8	-3359.928	2364.0662
68	9	-3354.7114	2360.8352
68	10	-3351.8499	2364.1155
68	11	-3352.9255	2367.3901
68	12	-3391.0337	2333.6323
68	13	-3357.1228	2331.9275
68	14	-3345.5579	2360.7886
68	15	-3344.7373	2363.8167
68	16	-3344.6538	2367.3315
68	17	-3354.703	2326.8577
68	18	-3346.152	2370.2844
68	19	-3376.9678	2360.4353
68	20	-3404.8079	2327.9983
68	24	-3322.09	2343.7043
68	27	-3319.082	2344.2878
68	31	-3354.765	2425.384
68	32	-3296.7217	2368.9229
68	33	-3296.3997	2381.7805
68	34	-3296.307	2378.4146
68	35	-3373.6135	2399.7427
68	36	-3287.6992	2338.103
68	37	-3294.453	2375.339
68	38	-3287.9634	2327.1257
68	39	-3288.0034	2335.4814
68	40	-3320.2559	2394.3655
68	41	-3288.3367	2318.9338
68	42	-3360.1902	2313.6882
68	43	-3353.4377	2298.2397
68	44	-3323.5696	2400.9946
68	45	-3312.7834	2304.7944
68	46	-3386.023	2363.7444
68	47	-3307.6028	2292.3354
68	50	-3287.8184	2336.0103
69	1	-3375.5806	2363.8276
69	2	-3354.0588	2370.1562
69	3	-3368.1611	2401.003
69	4	-3355.8242	2329.3994
69	5	-3349.0999	2352.9849
69	6	-3363.1025	2360.3694
69	7	-3367.786	2363.7415
69	8	-3359.928	2364.0662
69	9	-3354.6953	2360.8352
69	10	-3351.8499	2364.1155
69	11	-3352.7952	2367.3882
69	12	-3391.0337	2333.6323
69	13	-3357.1228	2331.9275
69	14	-3345.5579	2360.7886
69	15	-3344.7373	2363.8167
69	16	-3344.459	2367.3354
69	17	-3354.703	2326.8577
69	18	-3346.139	2370.2842
69	19	-3376.7683	2360.4407
69	20	-3404.8079	2327.9983
69	24	-3322.09	2343.7043
69	27	-3319.082	2344.2878
69	31	-3354.765	2425.384
69	32	-3297.0173	2368.899
69	33	-3296.3997	2381.7805
69	34	-3296.289	2378.4158
69	35	-3373.6135	2399.7427
69	36	-3287.6992	2338.103
69	37	-3294.4683	2375.3408
69	38	-3287.9634	2327.1257
69	39	-3288.0034	2335.4814
69	40	-3320.2559	2394.3655
69	41	-3288.3367	2318.9338
69	42	-3360.1902	2313.6882
69	43	-3353.4377	2298.2397
69	44	-3323.57	2400.727
69	45	-3312.7673	2305.8147
69	46	-3385.7642	2363.748
69	47	-3307.5596	2293.9124
69	50	-3287.5857	2336.2449
70	1	-3375.5735	2363.8262
70	2	-3354.0012	2370.1643
70	3	-3367.9495	2401.3088
70	4	-3355.8516	2329.3972
70	5	-3348.9202	2352.9795
70	6	-3363.0935	2360.3704
70	7	-3367.7854	2363.7473
70	8	-3359.928	2364.0662
70	9	-3354.6863	2360.836
70	10	-3351.8499	2364.1155
70	11	-3352.6565	2367.3933
70	12	-3391.0337	2333.6323
70	13	-3357.1228	2331.9275
70	14	-3345.5579	2360.7886
70	16	-3344.2366	2367.3425
70	17	-3354.703	2326.8577
70	18	-3346.1243	2370.2874
70	19	-3376.5803	2360.4424
70	20	-3404.8079	2327.9983
70	24	-3322.09	2343.7043
70	27	-3319.082	2344.2878
70	31	-3354.765	2425.384
70	32	-3297.3606	2368.8906
70	33	-3296.3997	2381.7805
70	34	-3296.291	2378.4194
70	35	-3373.6135	2399.7427
70	36	-3287.6992	2338.103
70	37	-3294.48	2375.3337
70	38	-3287.9634	2327.1257
70	39	-3288.0034	2335.4814
70	40	-3320.2559	2394.3655
70	41	-3288.3367	2318.9338
70	42	-3360.1902	2313.6882
70	43	-3353.4377	2298.2397
70	44	-3323.57	2400.4153
70	45	-3312.7542	2306.773
70	46	-3385.5085	2363.7578
70	47	-3307.4785	2295.4443
70	49	-3344.793	2363.8372
70	50	-3287.8542	2336.206
70	51	-3330.4812	2426.6377
71	1	-3375.5776	2363.8237
71	2	-3353.9666	2370.1665
71	3	-3367.6853	2401.6797
71	4	-3355.8784	2329.39
71	5	-3348.7476	2352.9758
71	6	-3363.096	2360.3782
71	7	-3367.796	2363.7458
71	8	-3359.928	2364.0662
71	9	-3354.681	2360.8328
71	10	-3351.8499	2364.1155
71	11	-3352.502	2367.397
71	12	-3391.0337	2333.6323
71	13	-3357.1228	2331.9275
71	14	-3345.5579	2360.7886
71	16	-3343.9587	2367.3528
71	17	-3354.703	2326.8577
71	18	-3346.1055	2370.2905
71	19	-3376.39	2360.439
71	20	-3404.8079	2327.9983
71	24	-3322.09	2343.7043
71	27	-3319.082	2344.2878
71	31	-3354.765	2425.384
71	32	-3297.7258	2368.8604
71	33	-3296.3997	2381.7805
71	34	-3296.284	2378.4263
71	35	-3373.6135	2399.7427
71	36	-3287.6992	2338.103
71	37	-3294.5042	2375.332
71	38	-3287.9634	2327.1257
71	39	-3288.0034	2335.4814
71	40	-3320.2559	2394.3655
71	41	-3288.3367	2318.9338
71	42	-3360.1902	2313.6882
71	43	-3353.4377	2298.2397
71	44	-3323.5662	2400.1477
71	45	-3312.742	2307.7693
71	46	-3385.3486	2363.7773
71	47	-3307.428	2297.035
71	49	-3344.793	2363.8372
71	50	-3287.9158	2336.1316
71	51	-3330.5051	2425.5542
72	1	-3375.584	2363.819
72	2	-3353.9082	2370.173
72	3	-3367.4763	2401.9543
72	4	-3355.9028	2329.3772
72	5	-3348.5835	2352.9724
72	6	-3363.0977	2360.3728
72	7	-3367.7883	2363.7441
72	8	-3359.928	2364.0662
72	9	-3354.6763	2360.8352
72	10	-3351.8499	2364.1155
72	11	-3352.3438	2367.4065
72	12	-3391.0337	2333.6323
72	13	-3357.1228	2331.9275
72	14	-3345.5579	2360.7886
72	16	-3343.6738	2367.342
72	17	-3354.703	2326.8577
72	18	-3346.0957	2370.2898
72	19	-3376.193	2360.442
72	20	-3404.8079	2327.9983
72	24	-3322.09	2343.7043
72	27	-3319.082	2344.2878
72	31	-3354.765	2425.384
72	32	-3298.1306	2368.842
72	33	-3296.3997	2381.7805
72	34	-3296.2925	2378.4207
72	35	-3373.6135	2399.7427
72	36	-3287.6992	2338.103
72	37	-3294.512	2375.33
72	38	-3287.9634	2327.1257
72	39	-3288.0034	2335.4814
72	40	-3320.2559	2394.3655
72	41	-3288.3367	2318.9338
72	42	-3360.1902	2313.6882
72	43	-3353.4377	2298.2397
72	44	-3323.5698	2399.874
72	45	-3312.7346	2308.7092
72	46	-3385.0752	2363.7603
72	47	-3307.3281	2298.5767
72	49	-3344.793	2363.8372
72	50	-3287.9514	2336.2002
72	51	-3330.4924	2424.459
73	1	-3375.5845	2363.8176
73	2	-3353.8096	2370.1663
73	3	-3367.2112	2402.325
73	4	-3355.931	2329.3765
73	5	-3348.4263	2352.9688
73	6	-3363.088	2360.3691
73	7	-3367.7888	2363.7415
73	8	-3359.928	2364.0662
73	9	-3354.6675	2360.838
73	10	-3351.8499	2364.1155
73	11	-3352.188	2367.402
73	12	-3391.0337	2333.6323
73	13	-3357.1228	2331.9275
73	14	-3345.5579	2360.7886
73	16	-3343.4358	2367.3472
73	17	-3354.703	2326.8577
73	18	-3346.06	2370.2869
73	19	-3376.028	2360.4397
73	20	-3404.8079	2327.9983
73	24	-3322.09	2343.7043
73	27	-3319.082	2344.2878
73	31	-3354.765	2425.384
73	32	-3298.5168	2368.811
73	33	-3296.3997	2381.7805
73	34	-3296.2913	2378.4187
73	35	-3373.6135	2399.7427
73	36	-3287.6992	2338.103
73	37	-3294.5278	2375.3337
73	38	-3287.9634	2327.1257
73	39	-3288.0034	2335.4814
73	40	-3320.2559	2394.3655
73	41	-3288.3367	2318.9338
73	42	-3360.1902	2313.6882
73	43	-3353.4377	2298.2397
73	44	-3323.5713	2399.5918
73	45	-3312.7158	2309.6812
73	46	-3384.8735	2363.772
73	47	-3307.2466	2300.0486
73	50	-3287.8596	2336.128
73	51	-3330.472	2423.3853
74	1	-3375.5886	2363.8208
74	2	-3353.731	2370.1694
74	3	-3366.9143	2402.7131
74	4	-3355.9463	2329.3787
74	5	-3348.2754	2352.9648
74	6	-3363.0806	2360.3684
74	7	-3367.7913	2363.7432
74	8	-3359.928	2364.0662
74	9	-3354.665	2360.836
74	10	-3351.8499	2364.1155
74	11	-3352.0054	2367.3975
74	12	-3391.0337	2333.6323
74	13	-3357.1228	2331.9275
74	14	-3345.5579	2360.7886
74	16	-3343.1606	2367.35
74	17	-3354.703	2326.8577
74	18	-3346.0273	2370.2844
74	19	-3375.845	2360.4404
74	20	-3404.8079	2327.9983
74	24	-3322.09	2343.7043
74	27	-3319.082	2344.2878
74	31	-3354.765	2425.384
74	32	-3298.9539	2368.769
74	33	-3296.3997	2381.7805
74	34	-3296.2961	2378.4175
74	35	-3373.6135	2399.7427
74	36	-3287.6992	2338.103
74	37	-3294.5354	2375.332
74	38	-3287.9634	2327.1257
74	39	-3288.0034	2335.4814
74	40	-3320.2559	2394.3655
74	41	-3288.3367	2318.9338
74	42	-3360.1902	2313.6882
74	43	-3353.4377	2298.2397
74	44	-3323.5784	2399.338
74	45	-3312.7056	2310.6162
74	46	-3384.6616	2363.776
74	47	-3307.1787	2301.375
74	49	-3344.793	2363.8372
74	51	-3330.4585	2422.3767
75	1	-3375.588	2363.8186
75	2	-3353.7056	2370.1772
75	3	-3366.7498	2402.981
75	4	-3355.9844	2329.374
75	5	-3348.1294	2352.961
75	6	-3363.069	2360.376
75	7	-3367.798	2363.7432
75	8	-3359.928	2364.0662
75	9	-3354.6577	2360.8345
75	10	-3351.8499	2364.1155
75	11	-3351.8276	2367.3823
75	12	-3391.0337	2333.6323
75	13	-3357.1228	2331.9275
75	14	-3345.5579	2360.7886
75	16	-3342.884	2367.3496
75	17	-3354.703	2326.8577
75	18	-3345.956	2370.29
75	19	-3375.6975	2360.4392
75	20	-3404.8079	2327.9983
75	24	-3322.09	2343.7043
75	27	-3319.082	2344.2878
75	31	-3354.765	2425.384
75	32	-3299.4075	2368.735
75	33	-3296.3997	2381.7805
75	34	-3296.2942	2378.4219
75	35	-3373.6135	2399.7427
75	36	-3287.6992	2338.103
75	37	-3294.538	2375.336
75	38	-3287.9634	2327.1257
75	39	-3288.0034	2335.4814
75	40	-3320.2559	2394.3655
75	41	-3288.3367	2318.9338
75	42	-3360.1902	2313.6882
75	43	-3353.4377	2298.2397
75	44	-3323.578	2399.0618
75	45	-3312.7046	2311.5066
75	46	-3384.4722	2363.747
75	47	-3307.0784	2302.9358
75	49	-3344.793	2363.8372
75	51	-3330.4436	2421.3694
76	1	-3375.5989	2363.8179
76	2	-3353.639	2370.18
76	3	-3366.513	2403.271
76	4	-3356.0115	2329.3809
76	5	-3347.99	2352.9575
76	6	-3363.071	2360.3728
76	7	-3367.7856	2363.745
76	8	-3359.928	2364.0662
76	9	-3354.665	2360.8374
76	10	-3351.8499	2364.1155
76	11	-3351.6418	2367.3816
76	12	-3391.0337	2333.6323
76	13	-3357.1228	2331.9275
76	14	-3345.5579	2360.7886
76	16	-3342.5583	2367.3457
76	17	-3354.703	2326.8577
76	18	-3345.8972	2370.2893
76	19	-3375.5603	2360.4465
76	20	-3404.8079	2327.9983
76	24	-3322.09	2343.7043
76	27	-3319.082	2344.2878
76	31	-3354.765	2425.384
76	32	-3299.8708	2368.7117
76	33	-3296.3997	2381.7805
76	34	-3296.2974	2378.4158
76	35	-3373.6135	2399.7427
76	36	-3287.6992	2338.103
76	37	-3294.537	2375.3337
76	38	-3287.9634	2327.1257
76	39	-3288.0034	2335.4814
76	40	-3320.2559	2394.3655
76	41	-3288.3367	2318.9338
76	42	-3360.1902	2313.6882
76	43	-3353.4377	2298.2397
76	44	-3323.5786	2398.8264
76	45	-3312.6733	2312.407
76	46	-3384.2527	2363.75
76	47	-3307.0117	2304.3215
76	49	-3344.793	2363.8372
76	50	-3287.8325	2336.2588
76	51	-3330.4316	2420.4
77	1	-3375.596	2363.8203
77	2	-3353.497	2370.1667
77	3	-3366.2405	2403.6758
77	4	-3356.0374	2329.385
77	5	-3347.8564	2352.955
77	6	-3363.0864	2360.3755
77	7	-3367.7947	2363.7478
77	8	-3359.928	2364.0662
77	9	-3354.6582	2360.831
77	10	-3351.8499	2364.1155
77	11	-3351.4314	2367.3877
77	12	-3391.0337	2333.6323
77	13	-3357.1228	2331.9275
77	14	-3345.5579	2360.7886
77	16	-3342.2043	2367.359
77	17	-3354.703	2326.8577
77	18	-3345.7815	2370.293
77	19	-3375.4143	2360.4446
77	20	-3404.8079	2327.9983
77	24	-3322.09	2343.7043
77	27	-3319.082	2344.2878
77	31	-3354.765	2425.384
77	32	-3300.3591	2368.6633
77	33	-3296.3997	2381.7805
77	34	-3296.2888	2378.4175
77	35	-3373.6135	2399.7427
77	36	-3287.6992	2338.103
77	37	-3294.5369	2375.335
77	38	-3287.9634	2327.1257
77	39	-3288.0034	2335.4814
77	40	-3320.2559	2394.3655
77	41	-3288.3367	2318.9338
77	42	-3360.1902	2313.6882
77	43	-3353.4377	2298.2397
77	44	-3323.5684	2398.6309
77	45	-3312.6501	2313.292
77	46	-3384.0476	2363.7466
77	47	-3306.9473	2305.741
77	49	-3344.793	2363.8372
77	50	-3287.8687	2336.224
77	51	-3330.4124	2419.4197
78	1	-3375.6064	2363.82
78	2	-3353.407	2370.174
78	3	-3366.0552	2404.0325
78	4	-3356.0542	2329.3804
78	5	-3347.7285	2352.9514
78	6	-3363.08	2360.375
78	7	-3367.7986	2363.7478
78	8	-3359.928	2364.0662
78	9	-3354.6501	2360.8347
78	10	-3351.8499	2364.1155
78	11	-3351.1965	2367.3997
78	12	-3391.0337	2333.6323
78	13	-3357.1228	2331.9275
78	14	-3345.5579	2360.7886
78	16	-3341.8318	2367.367
78	17	-3354.703	2326.8577
78	18	-3345.6453	2370.295
78	19	-3375.2668	2360.451
78	20	-3404.8079	2327.9983
78	24	-3322.09	2343.7043
78	27	-3319.082	2344.2878
78	31	-3354.765	2425.384
78	32	-3300.867	2368.6104
78	33	-3296.3997	2381.7805
78	34	-3296.2893	2378.417
78	35	-3373.6135	2399.7427
78	36	-3287.6992	2338.103
78	37	-3294.5435	2375.335
78	38	-3287.9634	2327.1257
78	39	-3288.0034	2335.4814
78	40	-3320.2559	2394.3655
78	41	-3288.3367	2318.9338
78	42	-3360.1902	2313.6882
78	43	-3353.4377	2298.2397
78	44	-3323.5608	2398.4111
78	45	-3312.6392	2314.1306
78	46	-3383.8542	2363.7534
78	47	-3306.8728	2307.323
78	49	-3344.793	2363.8372
78	51	-3330.402	2418.5054
79	1	-3375.6067	2363.8215
79	2	-3353.3457	2370.175
79	3	-3365.8677	2404.3
79	4	-3356.0828	2329.372
79	5	-3347.6052	2352.9487
79	6	-3363.083	2360.3718
79	7	-3367.7896	2363.7478
79	8	-3359.928	2364.0662
79	9	-3354.6455	2360.8313
79	10	-3351.8499	2364.1155
79	11	-3350.9573	2367.3955
79	12	-3391.0337	2333.6323
79	13	-3357.1228	2331.9275
79	14	-3345.5579	2360.7886
79	16	-3341.4397	2367.3735
79	17	-3354.703	2326.8577
79	18	-3345.4697	2370.2988
79	19	-3375.1274	2360.458
79	20	-3404.8079	2327.9983
79	24	-3322.09	2343.7043
79	27	-3319.082	2344.2878
79	31	-3354.765	2425.384
79	32	-3301.3955	2368.5383
79	33	-3296.3997	2381.7805
79	34	-3296.2908	2378.4182
79	35	-3373.6135	2399.7427
79	36	-3287.6992	2338.103
79	37	-3294.5437	2375.3333
79	38	-3287.9634	2327.1257
79	39	-3288.0034	2335.4814
79	40	-3320.2559	2394.3655
79	41	-3288.3367	2318.9338
79	42	-3360.1902	2313.6882
79	43	-3353.4377	2298.2397
79	44	-3323.5603	2398.2122
79	45	-3312.6353	2314.9067
79	46	-3383.675	2363.7456
79	47	-3306.7966	2308.5955
79	49	-3344.793	2363.8372
79	51	-3330.3833	2417.6018
80	1	-3375.598	2363.8215
80	2	-3353.3054	2370.1838
80	4	-3356.1133	2329.3633
80	5	-3347.4873	2352.9456
80	6	-3363.08	2360.374
80	7	-3367.7988	2363.7544
80	8	-3359.928	2364.0662
80	9	-3354.646	2360.8352
80	10	-3351.8499	2364.1155
80	11	-3350.6863	2367.398
80	12	-3391.0337	2333.6323
80	13	-3357.1228	2331.9275
80	14	-3345.5579	2360.7886
80	16	-3341.0264	2367.3909
80	17	-3354.703	2326.8577
80	18	-3345.2317	2370.3025
80	19	-3374.997	2360.4573
80	20	-3404.8079	2327.9983
80	24	-3322.09	2343.7043
80	27	-3319.082	2344.2878
80	31	-3354.765	2425.384
80	32	-3301.899	2368.4714
80	33	-3296.3997	2381.7805
80	34	-3296.288	2378.4197
80	35	-3373.6135	2399.7427
80	36	-3287.6992	2338.103
80	37	-3294.5408	2375.3325
80	38	-3287.9634	2327.1257
80	39	-3288.0034	2335.4814
80	40	-3320.2559	2394.3655
80	41	-3288.3367	2318.9338
80	42	-3360.1902	2313.6882
80	43	-3353.4377	2298.2397
80	44	-3323.5566	2398.0288
80	45	-3312.6292	2315.7605
80	46	-3383.5308	2363.75
80	47	-3306.7334	2309.8638
80	49	-3344.793	2363.8372
80	51	-3330.3777	2416.6655
81	1	-3375.6055	2363.821
81	2	-3353.1628	2370.1833
81	4	-3356.1309	2329.3638
81	5	-3347.375	2352.9426
81	6	-3363.0776	2360.3794
81	7	-3367.7969	2363.7441
81	8	-3359.928	2364.0662
81	9	-3354.649	2360.8337
81	10	-3351.8499	2364.1155
81	11	-3350.391	2367.3972
81	12	-3391.0337	2333.6323
81	13	-3357.1228	2331.9275
81	14	-3345.5579	2360.7886
81	16	-3340.6167	2367.4062
81	17	-3354.703	2326.8577
81	18	-3344.958	2370.3145
81	19	-3374.8862	2360.4578
81	20	-3404.8079	2327.9983
81	24	-3322.09	2343.7043
81	27	-3319.082	2344.2878
81	31	-3354.765	2425.384
81	32	-3302.454	2368.3833
81	33	-3296.3997	2381.7805
81	34	-3296.2996	2378.4175
81	35	-3373.6135	2399.7427
81	36	-3287.6992	2338.103
81	37	-3294.5505	2375.3352
81	38	-3287.9634	2327.1257
81	39	-3288.0034	2335.4814
81	40	-3320.2559	2394.3655
81	41	-3288.3367	2318.9338
81	42	-3360.1902	2313.6882
81	43	-3353.4377	2298.2397
81	44	-3323.554	2397.805
81	45	-3312.6096	2316.5452
81	46	-3383.3638	2363.7473
81	47	-3306.6262	2311.27
81	49	-3344.793	2363.8372
81	51	-3330.3682	2415.799
82	1	-3375.5847	2363.8193
82	2	-3353.1536	2370.1948
82	4	-3356.143	2329.3572
82	5	-3347.2676	2352.9392
82	6	-3363.0747	2360.376
82	7	-3367.8118	2363.7524
82	8	-3359.928	2364.0662
82	9	-3354.649	2360.8354
82	10	-3351.8499	2364.1155
82	11	-3350.09	2367.3994
82	12	-3391.0337	2333.6323
82	13	-3357.1228	2331.9275
82	14	-3345.5579	2360.7886
82	16	-3340.1663	2367.4307
82	17	-3354.703	2326.8577
82	18	-3344.6506	2370.3347
82	19	-3374.7805	2360.4624
82	20	-3404.8079	2327.9983
82	24	-3322.09	2343.7043
82	27	-3319.082	2344.2878
82	31	-3354.765	2425.384
82	32	-3303.022	2368.2915
82	33	-3296.3997	2381.7805
82	34	-3296.2869	2378.4185
82	35	-3373.6135	2399.7427
82	36	-3287.6992	2338.103
82	37	-3294.543	2375.334
82	38	-3287.9634	2327.1257
82	39	-3288.0034	2335.4814
82	40	-3320.2559	2394.3655
82	41	-3288.3367	2318.9338
82	42	-3360.1902	2313.6882
82	43	-3353.4377	2298.2397
82	44	-3323.5552	2397.646
82	45	-3312.604	2317.3184
82	46	-3383.2593	2363.748
82	47	-3306.5774	2312.4731
82	49	-3344.793	2363.8372
82	50	-3286.899	2336.3816
82	51	-3330.3552	2414.9128
83	1	-3375.5786	2363.8196
83	2	-3353.0745	2370.1978
83	4	-3356.1633	2329.354
83	5	-3347.1653	2352.9368
83	6	-3363.0828	2360.3752
83	7	-3367.801	2363.7522
83	8	-3359.928	2364.0662
83	9	-3354.641	2360.8333
83	10	-3351.8499	2364.1155
83	11	-3349.7878	2367.3945
83	12	-3391.0337	2333.6323
83	13	-3357.1228	2331.9275
83	14	-3345.5579	2360.7886
83	16	-3339.7065	2367.441
83	17	-3354.703	2326.8577
83	18	-3344.3196	2370.356
83	19	-3374.6768	2360.4553
83	20	-3404.8079	2327.9983
83	24	-3322.09	2343.7043
83	27	-3319.082	2344.2878
83	31	-3354.765	2425.384
83	32	-3303.6003	2368.1917
83	33	-3296.3997	2381.7805
83	34	-3296.2937	2378.4175
83	35	-3373.6135	2399.7427
83	36	-3287.6992	2338.103
83	37	-3294.5496	2375.3281
83	38	-3287.9634	2327.1257
83	39	-3288.0034	2335.4814
83	40	-3320.2559	2394.3655
83	41	-3288.3367	2318.9338
83	42	-3360.1902	2313.6882
83	43	-3353.4377	2298.2397
83	44	-3323.567	2397.4485
83	45	-3312.5862	2318.038
83	46	-3383.1301	2363.7463
83	47	-3306.505	2313.781
83	49	-3344.793	2363.8372
83	51	-3330.3418	2414.0657
83	54	-3423.2402	2358.2644
84	1	-3375.5688	2363.8218
84	2	-3352.9963	2370.1995
84	4	-3356.1833	2329.3472
84	5	-3347.0684	2352.934
84	6	-3363.0852	2360.378
84	7	-3367.8196	2363.7502
84	8	-3359.928	2364.0662
84	9	-3354.641	2360.8354
84	10	-3351.8499	2364.1155
84	11	-3349.448	2367.394
84	12	-3391.0337	2333.6323
84	13	-3357.1228	2331.9275
84	14	-3345.5579	2360.7886
84	16	-3339.2021	2367.4646
84	17	-3354.703	2326.8577
84	18	-3343.9434	2370.3757
84	19	-3374.5823	2360.4556
84	20	-3404.8079	2327.9983
84	24	-3322.09	2343.7043
84	27	-3319.082	2344.2878
84	31	-3354.765	2425.384
84	32	-3304.1636	2368.0732
84	33	-3296.3997	2381.7805
84	34	-3296.3042	2378.413
84	35	-3373.6135	2399.7427
84	36	-3287.6992	2338.103
84	37	-3294.5474	2375.3345
84	38	-3287.9634	2327.1257
84	39	-3288.0034	2335.4814
84	40	-3320.2559	2394.3655
84	41	-3288.3367	2318.9338
84	42	-3360.1902	2313.6882
84	43	-3353.4377	2298.2397
84	44	-3323.5645	2397.3008
84	45	-3312.5881	2318.8428
84	46	-3383.0261	2363.7466
84	47	-3306.4106	2315.0447
84	49	-3344.793	2363.8372
84	50	-3287.985	2336.1199
84	51	-3330.3276	2413.233
84	54	-3421.8862	2358.3352
85	1	-3375.5674	2363.8228
85	2	-3352.888	2370.1973
85	4	-3356.1987	2329.3408
85	5	-3346.976	2352.9314
85	6	-3363.0928	2360.38
85	7	-3367.8127	2363.742
85	8	-3359.928	2364.0662
85	9	-3354.6455	2360.8342
85	10	-3351.8499	2364.1155
85	11	-3349.0586	2367.3904
85	12	-3391.0337	2333.6323
85	13	-3357.1228	2331.9275
85	14	-3345.5579	2360.7886
85	16	-3338.6858	2367.4966
85	17	-3354.703	2326.8577
85	18	-3343.5413	2370.4048
85	19	-3374.4739	2360.4607
85	20	-3404.8079	2327.9983
85	24	-3322.09	2343.7043
85	27	-3319.082	2344.2878
85	31	-3354.765	2425.384
85	32	-3304.7563	2367.9636
85	33	-3296.3997	2381.7805
85	34	-3296.3083	2378.4167
85	35	-3373.6135	2399.7427
85	36	-3287.6992	2338.103
85	37	-3294.547	2375.3374
85	38	-3287.9634	2327.1257
85	39	-3288.0034	2335.4814
85	40	-3320.2559	2394.3655
85	41	-3288.3367	2318.9338
85	42	-3360.1902	2313.6882
85	43	-3353.4377	2298.2397
85	44	-3323.5645	2397.099
85	45	-3312.5808	2319.602
85	46	-3382.9363	2363.742
85	47	-3306.3257	2316.2954
85	49	-3344.793	2363.8372
85	50	-3287.8267	2336.1504
85	51	-3330.3162	2412.4292
85	54	-3420.6045	2358.4004
86	1	-3375.5564	2363.8274
86	2	-3352.732	2370.1904
86	4	-3356.2139	2329.3367
86	5	-3346.889	2352.9285
86	6	-3363.0764	2360.3765
86	7	-3367.825	2363.7434
86	8	-3359.928	2364.0662
86	9	-3354.6353	2360.8372
86	10	-3351.8499	2364.1155
86	11	-3348.6611	2367.3918
86	12	-3391.0337	2333.6323
86	13	-3357.1228	2331.9275
86	14	-3345.5579	2360.7886
86	16	-3338.1414	2367.5288
86	17	-3354.703	2326.8577
86	18	-3343.0796	2370.433
86	19	-3374.4014	2360.4678
86	20	-3404.8079	2327.9983
86	24	-3322.09	2343.7043
86	27	-3319.082	2344.2878
86	31	-3354.765	2425.384
86	32	-3305.3845	2367.8115
86	33	-3296.3997	2381.7805
86	34	-3296.2952	2378.4163
86	35	-3373.6135	2399.7427
86	36	-3287.6992	2338.103
86	37	-3294.5562	2375.3367
86	38	-3287.9634	2327.1257
86	39	-3288.0034	2335.4814
86	40	-3320.2559	2394.3655
86	41	-3288.3367	2318.9338
86	42	-3360.1902	2313.6882
86	43	-3353.4377	2298.2397
86	44	-3323.5557	2396.9763
86	45	-3312.574	2320.3054
86	46	-3382.8604	2363.7222
86	47	-3306.2498	2317.5188
86	49	-3344.793	2363.8372
86	51	-3330.2922	2411.7146
86	54	-3419.2844	2358.4673
87	1	-3375.536	2363.826
87	2	-3352.642	2370.2004
87	4	-3356.241	2329.3296
87	5	-3346.8066	2352.926
87	6	-3363.0825	2360.3745
87	7	-3367.8213	2363.7393
87	8	-3359.928	2364.0662
87	9	-3354.6475	2360.8438
87	10	-3351.8499	2364.1155
87	11	-3348.2368	2367.3855
87	12	-3391.0337	2333.6323
87	13	-3357.1228	2331.9275
87	14	-3345.5579	2360.7886
87	16	-3337.5913	2367.5679
87	17	-3354.703	2326.8577
87	18	-3342.5955	2370.4717
87	19	-3374.3193	2360.4705
87	20	-3404.8079	2327.9983
87	24	-3322.09	2343.7043
87	27	-3319.082	2344.2878
87	31	-3354.765	2425.384
87	32	-3306.0127	2367.6726
87	33	-3296.3997	2381.7805
87	34	-3296.2932	2378.4163
87	35	-3373.6135	2399.7427
87	36	-3287.6992	2338.103
87	37	-3294.5513	2375.3376
87	38	-3287.9634	2327.1257
87	39	-3288.0034	2335.4814
87	40	-3320.2559	2394.3655
87	41	-3288.3367	2318.9338
87	42	-3360.1902	2313.6882
87	43	-3353.4377	2298.2397
87	44	-3323.5696	2396.7856
87	45	-3312.566	2321.017
87	47	-3306.17	2318.763
87	49	-3344.793	2363.8372
87	54	-3418.0474	2358.536
88	1	-3375.5293	2363.8284
88	2	-3352.4836	2370.1926
88	4	-3356.274	2329.3242
88	5	-3346.7285	2352.9233
88	6	-3363.0625	2360.3782
88	7	-3367.806	2363.747
88	8	-3359.928	2364.0662
88	9	-3354.62	2360.843
88	10	-3351.8499	2364.1155
88	11	-3347.795	2367.3845
88	12	-3391.0337	2333.6323
88	13	-3357.1228	2331.9275
88	14	-3345.5579	2360.7886
88	16	-3337.0076	2367.6182
88	17	-3354.703	2326.8577
88	18	-3342.0469	2370.5266
88	19	-3374.2427	2360.4731
88	20	-3404.8079	2327.9983
88	24	-3322.09	2343.7043
88	27	-3319.082	2344.2878
88	31	-3354.765	2425.384
88	32	-3306.61	2367.5015
88	33	-3296.3997	2381.7805
88	34	-3296.3083	2378.413
88	35	-3373.6135	2399.7427
88	36	-3287.6992	2338.103
88	37	-3294.553	2375.3354
88	38	-3287.9634	2327.1257
88	39	-3288.0034	2335.4814
88	41	-3288.3367	2318.9338
88	42	-3360.1902	2313.6882
88	43	-3353.4377	2298.2397
88	44	-3323.544	2396.605
88	45	-3312.5557	2321.6814
88	47	-3306.1023	2319.9473
88	49	-3344.793	2363.8372
88	54	-3416.8406	2358.6023
89	1	-3375.5278	2363.8247
89	2	-3352.3223	2370.1804
89	4	-3356.2952	2329.3242
89	5	-3346.6555	2352.921
89	6	-3363.0686	2360.3796
89	7	-3367.7861	2363.7478
89	8	-3359.928	2364.0662
89	9	-3354.6172	2360.8352
89	10	-3351.8499	2364.1155
89	11	-3347.403	2367.3787
89	12	-3391.0337	2333.6323
89	13	-3357.1228	2331.9275
89	14	-3345.5579	2360.7886
89	16	-3336.4104	2367.6648
89	17	-3354.703	2326.8577
89	18	-3341.502	2370.5828
89	19	-3374.1582	2360.474
89	20	-3404.8079	2327.9983
89	24	-3322.09	2343.7043
89	27	-3319.082	2344.2878
89	31	-3354.765	2425.384
89	32	-3307.271	2367.3147
89	33	-3296.3997	2381.7805
89	34	-3296.3013	2378.4128
89	35	-3373.6135	2399.7427
89	36	-3287.6992	2338.103
89	37	-3294.5537	2375.3335
89	38	-3287.9634	2327.1257
89	39	-3288.0034	2335.4814
89	41	-3288.3367	2318.9338
89	42	-3360.1902	2313.6882
89	43	-3353.4377	2298.2397
89	44	-3323.5408	2396.405
89	45	-3312.5544	2322.378
89	47	-3306.0437	2321.0967
89	49	-3344.793	2363.8372
89	50	-3287.8247	2336.1604
89	54	-3415.5947	2358.6638
89	56	-3273.417	2372.43
90	1	-3375.5386	2363.8225
90	2	-3352.1602	2370.1782
90	4	-3356.3218	2329.3123
90	5	-3346.588	2352.9187
90	6	-3363.0618	2360.379
90	7	-3367.7969	2363.7512
90	8	-3359.928	2364.0662
90	9	-3354.621	2360.8396
90	10	-3351.8499	2364.1155
90	11	-3346.942	2367.3643
90	12	-3391.0337	2333.6323
90	13	-3357.1228	2331.9275
90	14	-3345.5579	2360.7886
90	16	-3335.8013	2367.728
90	17	-3354.703	2326.8577
90	18	-3340.891	2370.6548
90	19	-3374.0867	2360.4814
90	20	-3404.8079	2327.9983
90	24	-3322.09	2343.7043
90	27	-3319.082	2344.2878
90	31	-3354.765	2425.384
90	32	-3307.9062	2367.1155
90	33	-3296.3997	2381.7805
90	34	-3296.3083	2378.4094
90	35	-3373.6135	2399.7427
90	36	-3287.6992	2338.103
90	37	-3294.5442	2375.332
90	38	-3287.9634	2327.1257
90	39	-3288.0034	2335.4814
90	40	-3320.2559	2394.3655
90	41	-3288.3367	2318.9338
90	42	-3360.1902	2313.6882
90	43	-3353.4377	2298.2397
90	44	-3323.5327	2396.249
90	45	-3312.5544	2323.053
90	47	-3305.9883	2322.2866
90	49	-3344.793	2363.8372
90	54	-3414.4268	2358.7322
90	56	-3274.7124	2372.398
