0	1	-344.5389	2849.5093
0	2	-347.90277	2831.6614
0	3	-351.54443	2892.9978
0	4	-347.8316	2887.4111
0	5	-343.8487	2884.608
0	6	-348.45383	2858.8582
0	7	-386.47855	2937.2722
0	8	-386.78342	2869.6013
0	9	-351.66318	2834.4722
0	10	-416.95792	2915.0635
0	11	-415.7808	2893.4465
0	12	-336.84244	2846.6082
0	13	-416.8298	2926.1445
0	15	-422.93356	2907.1672
0	16	-423.1453	2912.5676
0	17	-422.4428	2899.0918
0	18	-422.64175	2921.159
0	19	-422.90497	2901.9165
0	22	-422.47852	2890.5415
0	43	-411.84396	2862.4094
0	44	-414.71365	2862.7205
0	46	-417.59225	2862.8525
1	1	-344.53073	2850.9307
1	2	-347.9169	2833.0837
1	3	-351.53696	2894.7737
1	4	-347.8248	2889.0964
1	5	-343.8579	2886.2827
1	6	-348.44617	2860.5159
1	7	-386.47855	2937.2722
1	8	-386.78342	2869.6013
1	9	-351.6758	2835.812
1	10	-416.95792	2915.0635
1	11	-415.7808	2893.4465
1	12	-336.89554	2846.4822
1	13	-416.8298	2926.1445
1	15	-422.93356	2907.1672
1	17	-422.4428	2899.0918
1	18	-422.64175	2921.159
1	19	-422.90497	2901.9165
1	22	-422.47852	2890.5415
1	43	-411.84396	2862.4094
1	44	-414.71365	2862.7205
1	45	-386.09555	2836.9558
1	46	-417.57758	2862.794
2	1	-344.51938	2852.366
2	2	-347.9138	2834.5286
2	3	-351.53003	2896.5496
2	4	-347.80707	2890.7905
2	5	-343.8525	2887.927
2	6	-348.43927	2862.0962
2	7	-386.47855	2937.2722
2	8	-386.78342	2869.6013
2	9	-351.66837	2837.219
2	10	-416.95792	2915.0635
2	11	-415.7808	2893.4465
2	12	-336.88525	2846.3853
2	13	-416.8298	2926.1445
2	15	-422.93356	2907.1672
2	16	-423.1453	2912.5676
2	17	-422.4428	2899.0918
2	18	-422.64175	2921.159
2	19	-422.90497	2901.9165
2	21	-423.0198	2893.4353
2	22	-422.47852	2890.5415
2	43	-411.84396	2862.4094
2	44	-414.71365	2862.7205
2	45	-386.31503	2836.9138
2	46	-417.5593	2862.7788
3	1	-344.51538	2853.7822
3	2	-347.8965	2835.957
3	3	-351.52338	2898.324
3	4	-347.8078	2892.484
3	5	-343.85468	2889.5703
3	6	-348.42636	2863.6711
3	7	-386.47855	2937.2722
3	8	-386.78342	2869.6013
3	9	-351.66177	2838.599
3	10	-416.95792	2915.0635
3	11	-415.7808	2893.4465
3	12	-336.8774	2846.3008
3	13	-416.8298	2926.1445
3	15	-422.93356	2907.1672
3	16	-423.1453	2912.5676
3	17	-422.4428	2899.0918
3	18	-422.64175	2921.159
3	19	-422.90497	2901.9165
3	22	-422.47852	2890.5415
3	43	-411.84396	2862.4094
3	44	-414.71365	2862.7205
3	45	-386.3603	2836.868
3	46	-417.5473	2862.7397
4	1	-344.50766	2855.225
4	2	-347.85754	2837.387
4	3	-351.5169	2900.099
4	4	-347.80157	2894.173
4	5	-343.8527	2891.2258
4	6	-348.42642	2865.2998
4	7	-386.47855	2937.2722
4	8	-386.78342	2869.6013
4	9	-351.65875	2839.9905
4	10	-416.95792	2915.0635
4	11	-415.7808	2893.4465
4	12	-336.86594	2846.1973
4	13	-416.8298	2926.1445
4	15	-422.93356	2907.1672
4	16	-423.1453	2912.5676
4	17	-422.4428	2899.0918
4	18	-422.64175	2921.159
4	19	-422.90497	2901.9165
4	22	-422.47852	2890.5415
4	43	-411.84396	2862.4094
4	44	-414.71365	2862.7205
4	45	-386.37866	2836.865
4	46	-417.56134	2862.7053
5	1	-344.50742	2856.651
5	2	-347.8108	2838.8682
5	3	-351.51218	2901.8743
5	4	-347.7962	2895.8643
5	5	-343.84665	2892.877
5	6	-348.41476	2866.918
5	7	-386.47855	2937.2722
5	8	-386.78342	2869.6013
5	9	-351.65015	2841.336
5	10	-416.95792	2915.0635
5	11	-415.7808	2893.4465
5	12	-336.84875	2846.0903
5	13	-416.8298	2926.1445
5	15	-422.93356	2907.1672
5	16	-423.1453	2912.5676
5	17	-422.4428	2899.0918
5	18	-422.64175	2921.159
5	19	-422.90497	2901.9165
5	21	-423.0198	2893.4353
5	22	-422.47852	2890.5415
5	43	-411.84396	2862.4094
5	44	-414.71365	2862.7205
5	45	-386.3525	2836.9436
6	1	-344.49213	2858.0957
6	2	-347.77185	2840.3142
6	3	-351.50702	2903.6482
6	4	-347.78848	2897.59
6	5	-343.8463	2894.552
6	6	-348.40012	2868.5498
6	7	-386.47855	2937.2722
6	8	-386.78342	2869.6013
6	9	-351.64087	2842.7378
6	10	-416.95792	2915.0635
6	11	-415.7808	2893.4465
6	12	-336.842	2845.992
6	13	-416.8298	2926.1445
6	15	-422.93356	2907.1672
6	16	-423.1453	2912.5676
6	17	-422.4428	2899.0918
6	18	-422.64175	2921.159
6	19	-422.90497	2901.9165
6	21	-423.0198	2893.4353
6	22	-422.47852	2890.5415
6	43	-411.84396	2862.4094
6	44	-414.71365	2862.7205
7	1	-344.4891	2859.577
7	2	-347.71786	2841.792
7	3	-351.5021	2905.4229
7	4	-347.78113	2899.2966
7	5	-343.83405	2896.2405
7	6	-348.39578	2870.1953
7	7	-386.47855	2937.2722
7	8	-386.78342	2869.6013
7	9	-351.6238	2844.1255
7	11	-415.7808	2893.4465
7	12	-336.82074	2845.9036
7	13	-416.8298	2926.1445
7	15	-422.93356	2907.1672
7	16	-423.1453	2912.5676
7	17	-422.4428	2899.0918
7	18	-422.64175	2921.159
7	19	-422.90497	2901.9165
7	20	-422.872	2896.0286
7	21	-423.0198	2893.4353
7	22	-422.47852	2890.5415
7	43	-411.84396	2862.4094
7	44	-414.71365	2862.7205
8	1	-344.48248	2861.03
8	2	-347.6703	2843.241
8	3	-351.49796	2907.1978
8	4	-347.77902	2901.0435
8	5	-343.82874	2897.9229
8	6	-348.39188	2871.8394
8	7	-386.47855	2937.2722
8	8	-386.78342	2869.6013
8	9	-351.60083	2845.5388
8	10	-416.95792	2915.0635
8	11	-415.7808	2893.4465
8	12	-336.81146	2845.8
8	13	-416.8298	2926.1445
8	14	-359.56168	2981.7356
8	15	-422.93356	2907.1672
8	16	-423.1453	2912.5676
8	17	-422.4428	2899.0918
8	18	-422.64175	2921.159
8	19	-422.90497	2901.9165
8	20	-422.95035	2896.08
8	21	-423.0198	2893.4353
8	22	-422.47852	2890.5415
8	43	-411.84396	2862.4094
9	1	-344.48712	2862.5342
9	2	-347.6161	2844.7373
9	3	-351.49338	2908.9744
9	4	-347.77313	2902.7852
9	5	-343.82233	2899.611
9	6	-348.37976	2873.4902
9	7	-386.47855	2937.2722
9	8	-386.78342	2869.6013
9	9	-351.5938	2846.9792
9	10	-416.95792	2915.0635
9	11	-415.7808	2893.4465
9	12	-336.797	2845.697
9	13	-416.8298	2926.1445
9	14	-359.4679	2979.77
9	15	-422.93356	2907.1672
9	16	-423.1453	2912.5676
9	17	-422.4428	2899.0918
9	18	-422.64175	2921.159
9	19	-422.90497	2901.9165
9	20	-423.18335	2895.8086
9	21	-423.0198	2893.4353
9	22	-422.47852	2890.5415
9	43	-411.84396	2862.4094
10	1	-344.47064	2864.0183
10	2	-347.56354	2846.191
10	3	-351.4889	2910.7498
10	4	-347.76624	2904.5422
10	5	-343.8213	2901.2947
10	6	-348.37662	2875.1414
10	7	-386.47855	2937.2722
10	8	-386.78342	2869.6013
10	9	-351.5919	2848.424
10	10	-416.95792	2915.0635
10	11	-415.7808	2893.4465
10	12	-336.80908	2845.58
10	13	-416.8298	2926.1445
10	14	-359.39536	2977.8223
10	15	-422.93356	2907.1672
10	16	-423.1453	2912.5676
10	17	-422.4428	2899.0918
10	18	-422.64175	2921.159
10	19	-422.90497	2901.9165
10	20	-422.86932	2895.9468
10	21	-423.0198	2893.4353
10	22	-422.47852	2890.5415
10	23	-364.7135	2986.6677
11	1	-344.46335	2865.5242
11	2	-347.50934	2847.656
11	3	-351.48364	2912.5266
11	4	-347.75262	2906.281
11	5	-343.8279	2903.026
11	6	-348.36984	2876.7957
11	7	-386.47855	2937.2722
11	8	-386.78342	2869.6013
11	9	-351.58182	2849.8354
11	10	-416.95792	2915.0635
11	11	-415.7808	2893.4465
11	12	-336.7882	2845.468
11	13	-416.8298	2926.1445
11	14	-359.32465	2975.8752
11	15	-422.93356	2907.1672
11	17	-422.4428	2899.0918
11	18	-422.64175	2921.159
11	19	-422.90497	2901.9165
11	20	-422.89587	2895.9497
11	21	-423.0198	2893.4353
11	22	-422.47852	2890.5415
11	23	-364.66245	2984.4792
12	1	-344.45618	2867.023
12	2	-347.43958	2849.188
12	3	-351.47806	2914.305
12	4	-347.75104	2908.036
12	5	-343.81683	2904.7366
12	6	-348.3677	2878.4758
12	7	-386.47855	2937.2722
12	8	-386.78342	2869.6013
12	9	-351.5717	2851.2869
12	10	-416.95792	2915.0635
12	11	-415.7808	2893.4465
12	12	-336.78632	2845.3691
12	13	-416.8298	2926.1445
12	14	-359.2569	2973.918
12	15	-422.93356	2907.1672
12	16	-423.1453	2912.5676
12	17	-422.4428	2899.0918
12	18	-422.64175	2921.159
12	19	-422.90497	2901.9165
12	21	-423.0198	2893.4353
12	22	-422.47852	2890.5415
12	23	-364.65604	2982.1377
13	1	-344.45108	2868.5273
13	2	-347.3716	2850.752
13	3	-351.47253	2916.0835
13	4	-347.74402	2909.7795
13	5	-343.80927	2906.4604
13	6	-348.35812	2880.1309
13	7	-386.47855	2937.2722
13	8	-386.78342	2869.6013
13	9	-351.55835	2852.7656
13	10	-416.95792	2915.0635
13	11	-415.7808	2893.4465
13	12	-336.77844	2845.2556
13	13	-416.8298	2926.1445
13	14	-359.2049	2972.032
13	15	-422.93356	2907.1672
13	16	-423.1453	2912.5676
13	17	-422.4428	2899.0918
13	18	-422.64175	2921.159
13	19	-422.90497	2901.9165
13	21	-423.0198	2893.4353
13	22	-422.47852	2890.5415
13	23	-364.6529	2979.8508
13	27	-357.58875	2992.7527
14	1	-344.44446	2870.059
14	2	-347.2972	2852.292
14	3	-351.46582	2917.8623
14	4	-347.73813	2911.5251
14	5	-343.7793	2908.1875
14	6	-348.32065	2881.8032
14	7	-386.47855	2937.2722
14	8	-386.78342	2869.6013
14	9	-351.54617	2854.2517
14	10	-416.95792	2915.0635
14	11	-415.7808	2893.4465
14	12	-336.7863	2845.1545
14	13	-416.8298	2926.1445
14	14	-359.1522	2970.0771
14	15	-422.93356	2907.1672
14	16	-423.1453	2912.5676
14	17	-422.4428	2899.0918
14	18	-422.64175	2921.159
14	19	-422.90497	2901.9165
14	21	-423.0198	2893.4353
14	22	-422.47852	2890.5415
14	23	-364.66672	2977.7212
14	27	-357.58362	2991.069
15	1	-344.43616	2871.5623
15	2	-347.20782	2853.8318
15	3	-351.4581	2919.6438
15	4	-347.73712	2913.2688
15	5	-343.7978	2909.9146
15	6	-348.3162	2883.4773
15	7	-386.47855	2937.2722
15	8	-386.78342	2869.6013
15	9	-351.54596	2855.708
15	10	-416.95792	2915.0635
15	11	-415.7808	2893.4465
15	13	-416.8298	2926.1445
15	14	-359.09143	2968.1611
15	15	-422.93356	2907.1672
15	16	-423.1453	2912.5676
15	17	-422.4428	2899.0918
15	18	-422.64175	2921.159
15	19	-422.90497	2901.9165
15	21	-423.0198	2893.4353
15	23	-364.66336	2975.4954
15	27	-357.58118	2989.2278
16	1	-344.4223	2873.0942
16	2	-347.10968	2855.4116
16	3	-351.44965	2921.4275
16	4	-347.7297	2915.0203
16	5	-343.7609	2911.6543
16	6	-348.31625	2885.1582
16	7	-386.47855	2937.2722
16	8	-386.78342	2869.6013
16	9	-351.5258	2857.2263
16	10	-416.95792	2915.0635
16	11	-415.7808	2893.4465
16	13	-416.8298	2926.1445
16	14	-359.02972	2966.2532
16	15	-422.93356	2907.1672
16	16	-423.1453	2912.5676
16	17	-422.4428	2899.0918
16	18	-422.64175	2921.159
16	19	-422.90497	2901.9165
16	21	-423.0198	2893.4353
16	23	-364.6476	2973.2522
16	27	-357.59933	2987.4756
17	1	-344.4222	2874.6494
17	2	-347.01508	2856.9548
17	3	-351.4406	2923.2131
17	4	-347.72797	2916.7502
17	5	-343.76373	2913.4048
17	6	-348.31424	2886.8728
17	7	-386.47855	2937.2722
17	8	-386.78342	2869.6013
17	9	-351.5077	2858.721
17	10	-416.95792	2915.0635
17	11	-415.7808	2893.4465
17	13	-416.8298	2926.1445
17	14	-358.96692	2964.3403
17	15	-422.93356	2907.1672
17	16	-423.1453	2912.5676
17	17	-422.4428	2899.0918
17	18	-422.64175	2921.159
17	19	-422.90497	2901.9165
17	23	-364.6645	2971.0244
17	24	-368.34558	2993.854
17	25	-369.10812	2993.6145
17	27	-357.55188	2985.7764
18	1	-344.41232	2876.1902
18	2	-346.91278	2858.544
18	3	-351.43274	2925.0
18	4	-347.72305	2918.487
18	5	-343.75705	2915.1702
18	6	-348.2972	2888.5852
18	7	-386.47855	2937.2722
18	8	-386.78342	2869.6013
18	9	-351.49408	2860.1938
18	10	-416.95792	2915.0635
18	11	-415.7808	2893.4465
18	13	-416.8298	2926.1445
18	14	-358.89926	2962.4167
18	16	-423.1453	2912.5676
18	17	-422.4428	2899.0918
18	18	-422.64175	2921.159
18	19	-422.90497	2901.9165
18	23	-364.67743	2968.844
18	24	-368.32553	2993.9797
18	25	-369.14044	2993.7124
18	27	-357.51843	2984.0562
19	1	-344.40915	2877.7532
19	2	-346.82062	2860.1548
19	3	-351.4252	2926.7878
19	4	-347.71774	2920.2305
19	5	-343.75165	2916.9287
19	6	-348.27905	2890.306
19	7	-386.47855	2937.2722
19	8	-386.78342	2869.6013
19	9	-351.45703	2861.7373
19	10	-416.95792	2915.0635
19	11	-415.7808	2893.4465
19	13	-416.8298	2926.1445
19	14	-358.8424	2960.5073
19	15	-422.93356	2907.1672
19	16	-423.1453	2912.5676
19	18	-422.64175	2921.159
19	19	-422.90497	2901.9165
19	23	-364.68454	2966.6616
19	24	-368.32175	2994.1074
19	25	-369.15073	2993.8342
19	27	-357.50836	2982.2737
20	1	-344.4	2879.2961
20	2	-346.7236	2861.6794
20	3	-351.41794	2928.577
20	4	-347.71298	2921.9585
20	5	-343.7321	2918.6807
20	6	-348.27765	2892.0378
20	7	-386.47855	2937.2722
20	8	-386.78342	2869.6013
20	9	-351.45755	2863.2512
20	10	-416.95792	2915.0635
20	11	-415.7808	2893.4465
20	13	-416.8298	2926.1445
20	14	-358.77762	2958.578
20	15	-422.93356	2907.1672
20	17	-422.4428	2899.0918
20	18	-422.64175	2921.159
20	19	-422.90497	2901.9165
20	23	-364.67197	2964.4302
20	27	-357.49045	2980.4575
21	1	-344.40018	2880.8816
21	2	-346.61774	2863.2468
21	3	-351.41214	2930.3674
21	4	-347.7089	2923.6907
21	5	-343.73654	2920.4402
21	6	-348.2518	2893.7456
21	7	-386.47855	2937.2722
21	8	-386.78342	2869.6013
21	9	-351.4443	2864.805
21	10	-416.95792	2915.0635
21	11	-415.7808	2893.4465
21	13	-416.8298	2926.1445
21	14	-358.7216	2956.7068
21	15	-422.93356	2907.1672
21	16	-423.1453	2912.5676
21	18	-422.64175	2921.159
21	19	-422.90497	2901.9165
21	23	-364.67514	2962.3252
21	27	-357.4816	2978.7974
22	1	-344.38974	2882.4407
22	2	-346.4936	2864.8337
22	3	-351.40652	2932.1597
22	4	-347.70282	2925.422
22	5	-343.7275	2922.1836
22	6	-348.24374	2895.4841
22	7	-386.47855	2937.2722
22	8	-386.78342	2869.6013
22	9	-351.41943	2866.2947
22	10	-416.95792	2915.0635
22	11	-415.7808	2893.4465
22	13	-416.8298	2926.1445
22	14	-358.6606	2954.8528
22	15	-422.93356	2907.1672
22	16	-423.1453	2912.5676
22	18	-422.64175	2921.159
22	23	-364.69073	2960.1152
22	24	-368.35715	2994.4744
22	27	-357.46622	2976.985
22	28	-357.69904	3006.7998
23	1	-344.39185	2884.051
23	2	-346.3964	2866.4028
23	3	-351.4016	2933.9534
23	4	-347.7004	2927.147
23	5	-343.71704	2923.9614
23	6	-348.25455	2897.213
23	7	-386.47855	2937.2722
23	8	-386.78342	2869.6013
23	9	-351.40582	2867.7585
23	10	-416.95792	2915.0635
23	11	-415.7808	2893.4465
23	13	-416.8298	2926.1445
23	14	-358.59616	2952.9878
23	15	-422.93356	2907.1672
23	16	-423.1453	2912.5676
23	18	-422.64175	2921.159
23	23	-364.69485	2957.8887
23	24	-368.35037	2994.6133
23	25	-369.1997	2994.3655
23	27	-357.47043	2975.2764
23	28	-357.6747	3004.8123
24	1	-344.3805	2885.6406
24	2	-346.27576	2868.0154
24	3	-351.39624	2935.7483
24	4	-347.69583	2928.879
24	5	-343.70264	2925.7256
24	6	-348.23944	2898.943
24	7	-386.47855	2937.2722
24	8	-386.78342	2869.6013
24	9	-351.41238	2869.394
24	10	-416.95792	2915.0635
24	11	-415.7808	2893.4465
24	13	-416.8298	2926.1445
24	14	-358.53882	2951.105
24	15	-422.93356	2907.1672
24	16	-423.1453	2912.5676
24	18	-422.64175	2921.159
24	23	-364.69986	2955.7034
24	24	-368.3624	2994.7341
24	25	-369.22144	2994.4739
24	27	-357.4659	2973.5767
24	28	-357.72635	3002.97
25	1	-344.37582	2887.2385
25	2	-346.16565	2869.621
25	3	-351.39145	2937.5432
25	4	-347.69714	2930.6055
25	5	-343.68268	2927.4934
25	6	-348.22318	2900.6611
25	7	-386.47855	2937.2722
25	8	-386.78342	2869.6013
25	9	-351.38257	2870.925
25	10	-416.95792	2915.0635
25	13	-416.8298	2926.1445
25	14	-358.4693	2949.2493
25	16	-423.1453	2912.5676
25	18	-422.64175	2921.159
25	23	-364.704	2953.5398
25	24	-368.36563	2994.857
25	25	-369.23352	2994.5955
25	27	-357.4666	2971.8433
25	28	-357.65668	3001.0093
26	1	-344.37955	2888.8594
26	2	-346.02646	2871.2925
26	3	-351.38568	2939.338
26	4	-347.69363	2932.3318
26	5	-343.6783	2929.2625
26	6	-348.20352	2902.3987
26	7	-386.47855	2937.2722
26	9	-351.38474	2872.5208
26	10	-416.95792	2915.0635
26	13	-416.8298	2926.1445
26	14	-358.40176	2947.4324
26	18	-422.64175	2921.159
26	23	-364.71213	2951.3855
26	24	-368.37387	2994.9695
26	25	-369.2258	2994.7185
26	27	-357.46442	2970.0874
26	28	-357.64996	2999.1511
27	1	-344.37778	2890.4497
27	2	-345.9308	2872.9297
27	3	-351.37823	2941.1318
27	4	-347.69257	2934.0508
27	5	-343.6739	2931.042
27	6	-348.17883	2904.1243
27	7	-386.47855	2937.2722
27	9	-351.36545	2874.0706
27	10	-416.95792	2915.0635
27	13	-416.8298	2926.1445
27	14	-358.32504	2945.6729
27	18	-422.64175	2921.159
27	23	-364.69583	2949.5054
27	24	-368.3823	2995.1033
27	25	-369.24622	2994.8425
27	27	-357.46158	2968.3767
27	28	-357.62222	2997.255
28	1	-344.37445	2892.067
28	2	-345.78815	2874.531
28	3	-351.37134	2942.9246
28	4	-347.68887	2935.764
28	5	-343.66162	2932.8093
28	6	-348.17136	2905.8672
28	7	-386.47855	2937.2722
28	9	-351.3319	2875.5955
28	10	-416.95792	2915.0635
28	13	-416.8298	2926.1445
28	14	-358.25266	2943.912
28	18	-422.64175	2921.159
28	24	-368.39557	2995.2217
28	25	-369.2548	2994.9695
28	27	-357.45282	2966.7278
28	28	-357.62723	2995.358
29	1	-344.35886	2893.689
29	2	-345.68323	2876.177
29	3	-351.3633	2944.7175
29	4	-347.68262	2937.4534
29	5	-343.66522	2934.5652
29	6	-348.15735	2907.628
29	7	-386.47855	2937.2722
29	9	-351.32516	2877.2397
29	10	-416.95792	2915.0635
29	13	-416.8298	2926.1445
29	14	-358.18805	2942.2366
29	18	-422.64175	2921.159
29	23	-364.67676	2945.001
29	24	-368.40237	2995.322
29	25	-369.26904	2995.0938
29	27	-357.44672	2965.041
29	28	-357.62463	2993.4822
29	33	-364.4321	2997.494
30	1	-344.35403	2895.3206
30	2	-345.58224	2877.7227
30	3	-351.3553	2946.5095
30	4	-347.68082	2939.1584
30	5	-343.63602	2936.3406
30	6	-348.1519	2909.4253
30	7	-386.47855	2937.2722
30	9	-351.29865	2878.8193
30	10	-416.95792	2915.0635
30	13	-416.8298	2926.1445
30	14	-358.15765	2940.5032
30	18	-422.64175	2921.159
30	23	-364.68146	2942.9336
30	24	-368.4243	2995.4534
30	25	-369.26627	2995.2131
30	27	-357.43875	2963.376
30	28	-357.6201	2991.5645
30	33	-364.53012	2995.352
31	1	-344.35074	2896.9758
31	2	-345.46606	2879.3245
31	3	-351.34763	2948.299
31	4	-347.68088	2940.8625
31	5	-343.64886	2938.094
31	6	-348.14426	2911.17
31	7	-386.47855	2937.2722
31	9	-351.31134	2880.4329
31	10	-416.95792	2915.0635
31	13	-416.8298	2926.1445
31	14	-358.1267	2938.7388
31	18	-422.64175	2921.159
31	23	-364.68793	2940.8232
31	24	-368.43695	2995.5828
31	25	-369.27692	2995.3381
31	27	-357.42627	2961.7246
31	28	-357.6105	2989.6768
31	33	-364.48416	2993.2966
32	1	-344.34705	2898.6296
32	2	-345.38657	2880.9504
32	3	-351.3406	2950.089
32	4	-347.68146	2942.5762
32	5	-343.6306	2939.8518
32	6	-348.13174	2912.9558
32	7	-386.47855	2937.2722
32	9	-351.31537	2881.9724
32	10	-416.95792	2915.0635
32	13	-416.8298	2926.1445
32	14	-358.0929	2936.957
32	18	-422.64175	2921.159
32	23	-364.69693	2938.705
32	24	-368.4556	2995.7026
32	25	-369.2781	2995.4607
32	27	-357.41278	2960.099
32	28	-357.6056	2987.7466
32	33	-364.476	2991.1748
33	1	-344.3447	2900.2622
33	2	-345.28806	2882.6287
33	3	-351.33478	2951.8794
33	4	-347.68204	2944.2798
33	5	-343.61533	2941.6199
33	6	-348.11945	2914.7217
33	7	-386.47855	2937.2722
33	9	-351.30603	2883.559
33	10	-416.95792	2915.0635
33	13	-416.8298	2926.1445
33	14	-358.07056	2935.1543
33	23	-364.6852	2936.5754
33	24	-368.46906	2995.82
33	25	-369.2839	2995.5835
33	27	-357.39108	2958.488
33	28	-357.6016	2985.8599
33	33	-364.4738	2989.0405
34	1	-344.34247	2901.9636
34	2	-345.19464	2884.217
34	3	-351.32864	2953.669
34	4	-347.68103	2945.9863
34	5	-343.60672	2943.3875
34	6	-348.1012	2916.4834
34	7	-386.47855	2937.2722
34	9	-351.29095	2885.1782
34	10	-416.95792	2915.0635
34	13	-416.8298	2926.1445
34	14	-358.02966	2933.3362
34	23	-364.6803	2934.4314
34	27	-357.37656	2956.8743
34	28	-357.6007	2984.016
34	33	-364.46762	2986.9849
35	1	-344.3394	2903.6375
35	2	-345.09045	2885.8145
35	3	-351.32407	2955.4587
35	4	-347.6815	2947.6992
35	5	-343.59436	2945.1487
35	6	-348.08826	2918.251
35	7	-386.47855	2937.2722
35	9	-351.28812	2886.7769
35	10	-416.95792	2915.0635
35	13	-416.8298	2926.1445
35	14	-357.99707	2931.5317
35	23	-364.68167	2932.2544
35	27	-357.33743	2955.399
35	28	-357.59927	2982.1895
35	33	-364.45892	2984.844
36	1	-344.33185	2905.294
36	2	-345.00656	2887.4636
36	3	-351.31976	2957.2488
36	4	-347.67923	2949.39
36	5	-343.5699	2946.917
36	6	-348.07755	2920.0317
36	7	-386.47855	2937.2722
36	9	-351.27792	2888.4116
36	13	-416.8298	2926.1445
36	14	-357.96637	2929.7083
36	23	-364.67435	2930.082
36	24	-368.50952	2996.2305
36	25	-369.3048	2995.966
36	27	-357.33334	2953.876
36	28	-357.59225	2980.3877
36	30	-361.1466	3031.0513
36	33	-364.45923	2982.7158
36	41	-301.78235	3013.026
37	1	-344.32056	2907.0056
37	2	-344.92575	2889.1057
37	3	-351.3156	2959.039
37	4	-347.6761	2951.089
37	5	-343.56036	2948.6887
37	6	-348.06754	2921.8252
37	7	-386.47855	2937.2722
37	9	-351.2736	2890.066
37	13	-416.8298	2926.1445
37	14	-357.9401	2927.8862
37	23	-364.67258	2927.9258
37	24	-368.52173	2996.3562
37	25	-369.31015	2996.0984
37	27	-357.35492	2952.347
37	28	-357.5853	2978.598
37	30	-361.11288	3029.3132
37	33	-364.4578	2980.5903
38	1	-344.31818	2908.701
38	2	-344.84845	2890.7253
38	3	-351.31113	2960.8308
38	4	-347.6725	2952.777
38	5	-343.55035	2950.4722
38	6	-348.0425	2923.606
38	7	-386.47855	2937.2722
38	9	-351.28787	2891.684
38	13	-416.8298	2926.1445
38	14	-357.91608	2926.0652
38	23	-364.67392	2925.782
38	24	-368.518	2996.4678
38	25	-369.3138	2996.2224
38	27	-357.35962	2950.7727
38	28	-357.57816	2976.7893
38	30	-361.0815	3027.5728
38	33	-364.46854	2978.5598
39	1	-344.3083	2910.4038
39	2	-344.78543	2892.3901
39	3	-351.30768	2962.6235
39	4	-347.66898	2954.4766
39	5	-343.56793	2952.2542
39	6	-348.0318	2925.4014
39	7	-386.47855	2937.2722
39	9	-351.29916	2893.3167
39	13	-416.8298	2926.1445
39	14	-357.8942	2924.2793
39	23	-364.6743	2923.604
39	24	-368.53018	2996.5872
39	25	-369.3178	2996.31
39	26	-396.77896	3024.5425
39	27	-357.3672	2949.2034
39	28	-357.57095	2975.0312
39	30	-361.0595	3025.8
39	33	-364.4647	2976.4526
39	41	-297.43546	3012.8408
40	1	-344.30936	2912.133
40	2	-344.71454	2893.964
40	3	-351.30344	2964.4172
40	4	-347.66562	2956.1602
40	5	-343.55957	2954.0347
40	6	-348.0138	2927.201
40	7	-386.47855	2937.2722
40	9	-351.29684	2894.9343
40	13	-416.8298	2926.1445
40	14	-357.86148	2922.4722
40	23	-364.66815	2921.4827
40	24	-368.54858	2996.7007
40	25	-369.31424	2996.417
40	26	-396.77896	3024.5425
40	27	-357.3787	2947.6213
40	28	-357.5628	2973.316
40	30	-361.03775	3024.058
40	33	-364.46533	2974.388
40	41	-296.9198	3012.8767
41	1	-344.3099	2913.8425
41	2	-344.6305	2895.621
41	3	-351.30048	2966.2122
41	4	-347.66296	2957.858
41	5	-343.54892	2955.8303
41	6	-348.00662	2928.998
41	7	-386.47855	2937.2722
41	9	-351.31497	2896.5771
41	13	-416.8298	2926.1445
41	14	-357.83676	2920.6768
41	23	-364.64792	2919.5886
41	24	-368.54477	2996.8225
41	25	-369.3257	2996.5386
41	26	-396.77896	3024.5425
41	27	-357.39304	2946.006
41	28	-357.54935	2971.639
41	30	-361.01343	3022.3188
41	33	-364.46274	2972.3464
41	41	-296.65048	3012.9304
42	1	-344.29755	2915.5544
42	2	-344.56287	2897.2512
42	3	-351.2967	2968.007
42	4	-347.66235	2959.559
42	5	-343.55106	2957.609
42	6	-348.00372	2930.811
42	7	-386.47855	2937.2722
42	9	-351.31537	2898.2595
42	14	-357.8211	2918.9216
42	23	-364.66986	2917.5813
42	24	-368.5513	2996.942
42	25	-369.34152	2996.665
42	26	-396.77896	3024.5425
42	27	-357.38605	2944.4087
42	28	-357.53387	2970.0063
42	30	-360.99744	3020.567
42	33	-364.4659	2970.3423
42	41	-296.51016	3012.9487
43	1	-344.30035	2917.3083
43	2	-344.4979	2898.8655
43	3	-351.29266	2969.8027
43	4	-347.65707	2961.2625
43	5	-343.54053	2959.4146
43	6	-347.97983	2932.6025
43	7	-386.47855	2937.2722
43	9	-351.3137	2899.8926
43	14	-357.7995	2917.1157
43	23	-364.69482	2915.025
43	24	-368.5746	2997.073
43	25	-369.35632	2996.787
43	26	-396.77896	3024.5425
43	27	-357.3981	2942.7996
43	28	-357.52637	2968.431
43	30	-360.9764	3018.8274
43	33	-364.4833	2968.2527
43	41	-296.2741	3012.9526
44	1	-344.29486	2919.0505
44	2	-344.46667	2900.5352
44	3	-351.2877	2971.5972
44	4	-347.64917	2962.9553
44	5	-343.52753	2961.217
44	6	-347.96893	2934.4258
44	7	-386.47855	2937.2722
44	9	-351.3068	2901.5544
44	14	-357.77853	2915.3718
44	23	-364.69315	2912.7622
44	24	-368.5736	2997.2095
44	25	-369.37134	2996.952
44	26	-396.77896	3024.5425
44	27	-357.4234	2941.2349
44	28	-357.50662	2966.8523
44	30	-360.96066	3017.099
44	33	-364.491	2966.3003
44	41	-296.26498	3012.9465
45	1	-344.29288	2920.7883
45	2	-344.42453	2902.1648
45	3	-351.28366	2973.3901
45	4	-347.64062	2964.6536
45	5	-343.53522	2963.0027
45	6	-347.97534	2936.2434
45	7	-386.47855	2937.2722
45	9	-351.3395	2903.2197
45	14	-357.76892	2913.607
45	23	-364.69214	2910.6108
45	24	-368.5737	2997.3328
45	25	-369.37756	2997.067
45	26	-396.77896	3024.5425
45	27	-357.42517	2939.6025
45	28	-357.52664	2965.2979
45	30	-360.9381	3015.3496
45	31	-303.39285	3013.0356
45	33	-364.50394	2964.2107
45	41	-296.00742	3012.9587
46	1	-344.27884	2922.586
46	2	-344.40652	2903.8486
46	3	-351.28	2975.183
46	4	-347.63187	2966.3455
46	5	-343.53336	2964.7842
46	6	-347.95612	2938.0518
46	7	-386.47855	2937.2722
46	9	-351.34708	2904.9705
46	14	-357.7634	2911.8794
46	23	-364.6884	2908.4028
46	24	-368.57822	2997.4639
46	25	-369.40335	2997.1802
46	26	-396.77896	3024.5425
46	27	-357.43338	2938.0288
46	28	-357.54526	2963.6716
46	29	-361.27985	3051.635
46	30	-360.91214	3013.61
46	31	-303.4217	3013.039
46	33	-364.48825	2962.1829
47	1	-344.2702	2924.336
47	2	-344.3677	2905.4868
47	3	-351.27515	2976.977
47	4	-347.62177	2968.0483
47	5	-343.52893	2966.573
47	6	-347.9385	2939.835
47	7	-386.47855	2937.2722
47	9	-351.34583	2906.6038
47	14	-357.74045	2910.097
47	23	-364.69214	2906.2688
47	24	-368.58597	2997.598
47	25	-369.39972	2997.3
47	26	-396.77896	3024.5425
47	27	-357.4393	2936.4355
47	28	-357.55026	2962.0725
47	29	-361.30347	3049.8975
47	30	-360.89972	3011.8525
47	31	-303.31918	3013.021
47	33	-364.5014	2960.0427
47	41	-296.08353	3012.9426
48	1	-344.27045	2926.092
48	2	-344.33	2907.1138
48	3	-351.2722	2978.7703
48	4	-347.61136	2969.732
48	5	-343.51706	2968.3652
48	6	-347.92374	2941.6475
48	7	-386.47855	2937.2722
48	9	-351.36432	2908.3394
48	14	-357.73157	2908.3296
48	23	-364.70645	2904.1096
48	24	-368.5931	2997.7207
48	25	-369.41043	2997.4216
48	26	-396.77896	3024.5425
48	27	-357.44168	2934.866
48	28	-357.55188	2960.4734
48	29	-361.28574	3048.2634
48	30	-360.87222	3010.105
48	33	-364.51123	2957.966
48	41	-295.80798	3012.9326
49	1	-344.26556	2927.8586
49	2	-344.28204	2908.796
49	3	-351.26852	2980.5627
49	4	-347.60327	2971.4387
49	5	-343.51794	2970.156
49	6	-347.908	2943.444
49	7	-386.47855	2937.2722
49	9	-351.34305	2909.9932
49	14	-357.73154	2906.6108
49	24	-368.59964	2997.8586
49	25	-369.42572	2997.5408
49	26	-396.77896	3024.5425
49	27	-357.44147	2933.2854
49	28	-357.55362	2958.8647
49	29	-361.21637	3046.5754
49	30	-360.85846	3008.3555
49	31	-301.14273	3012.7976
49	33	-364.5172	2955.8376
50	1	-344.26422	2929.6416
50	2	-344.24738	2910.4124
50	3	-351.2651	2982.352
50	4	-347.58688	2973.1445
50	5	-343.5062	2971.9448
50	6	-347.88977	2945.264
50	7	-386.47855	2937.2722
50	9	-351.34183	2911.688
50	14	-357.7118	2904.8188
50	24	-368.60834	2997.9858
50	25	-369.4336	2997.6482
50	26	-396.77896	3024.5425
50	27	-357.44174	2931.7305
50	28	-357.55167	2957.285
50	29	-361.20993	3044.8652
50	30	-360.84387	3006.5964
50	33	-364.51837	2953.7083
51	1	-344.2652	2931.4377
51	2	-344.19852	2912.046
51	3	-351.2611	2984.1401
51	4	-347.57632	2974.8528
51	5	-343.498	2973.7378
51	6	-347.85803	2947.0886
51	7	-386.47855	2937.2722
51	9	-351.35394	2913.434
51	24	-368.6181	2998.1145
51	25	-369.4457	2997.7795
51	26	-396.77896	3024.5425
51	27	-357.43677	2930.1929
51	28	-357.55374	2955.6995
51	29	-361.2074	3043.1853
51	30	-360.82162	3004.8687
51	32	-383.57495	3050.4321
51	33	-364.52173	2951.68
52	1	-344.26422	2933.2183
52	2	-344.17932	2913.748
52	3	-351.2573	2985.9285
52	4	-347.55713	2976.5684
52	5	-343.48724	2975.5225
52	6	-347.85632	2948.9312
52	7	-386.47855	2937.2722
52	9	-351.3424	2915.1519
52	24	-368.64767	2998.2512
52	25	-369.44257	2997.9023
52	26	-396.77896	3024.5425
52	27	-357.43643	2928.743
52	28	-357.5554	2954.1445
52	29	-361.2097	3041.4956
52	30	-360.8011	3003.1455
52	31	-303.50848	3013.0164
52	33	-364.5326	2949.5022
52	41	-295.85764	3012.96
53	1	-344.2618	2935.0137
53	2	-344.1473	2915.3994
53	3	-351.25388	2987.7158
53	4	-347.5453	2978.2825
53	5	-343.47437	2977.3096
53	6	-347.8577	2950.708
53	7	-386.47855	2937.2722
53	9	-351.3347	2916.848
53	24	-368.63983	2998.3687
53	25	-369.4438	2998.0437
53	26	-396.77896	3024.5425
53	27	-357.4547	2927.1921
53	28	-357.54953	2952.621
53	29	-361.19162	3039.759
53	30	-360.77155	3001.4197
53	31	-303.5138	3013.0261
53	32	-383.57495	3050.4321
53	33	-364.5363	2947.4297
53	41	-295.87857	3012.9607
54	1	-344.26242	2936.7854
54	2	-344.11395	2917.054
54	3	-351.24878	2989.5022
54	4	-347.53342	2979.9956
54	5	-343.46744	2979.0952
54	6	-347.837	2952.5186
54	7	-386.47855	2937.2722
54	9	-351.33157	2918.5918
54	24	-368.64926	2998.486
54	25	-369.44672	2998.1597
54	26	-396.77896	3024.5425
54	27	-357.4617	2925.6465
54	28	-357.5565	2951.1323
54	29	-361.1752	3038.0737
54	30	-360.7463	2999.71
54	31	-303.46255	3013.015
54	32	-383.57495	3050.4321
54	33	-364.56433	2945.302
54	41	-295.97104	3012.976
55	1	-344.27582	2938.6162
55	2	-344.09644	2918.7324
55	3	-351.24112	2991.288
55	4	-347.51785	2981.7117
55	5	-343.44913	2980.862
55	6	-347.81738	2954.314
55	7	-386.47855	2937.2722
55	9	-351.30594	2920.3293
55	24	-368.66205	2998.631
55	25	-369.48477	2998.3083
55	26	-396.77896	3024.5425
55	27	-357.47565	2924.0955
55	28	-357.55862	2949.6313
55	29	-361.16354	3036.3667
55	30	-360.70502	2998.0293
55	31	-303.4041	3013.0159
55	32	-383.57495	3050.4321
55	33	-364.5466	2943.1582
55	41	-295.9445	3012.9504
56	1	-344.26984	2940.4045
56	2	-344.06592	2920.4075
56	3	-351.23282	2993.0742
56	4	-347.50464	2983.4436
56	5	-343.43616	2982.6401
56	6	-347.79755	2956.1226
56	7	-386.47855	2937.2722
56	9	-351.28845	2922.2097
56	24	-368.6774	2998.7463
56	25	-369.48166	2998.4053
56	26	-396.77896	3024.5425
56	27	-357.49503	2922.5105
56	28	-357.56494	2948.097
56	29	-361.1538	3034.679
56	30	-360.67685	2996.3572
56	31	-303.3098	3013.0115
56	32	-383.57495	3050.4321
56	33	-364.561	2941.0532
56	41	-295.95578	3012.9329
57	1	-344.26407	2942.176
57	2	-344.05167	2922.08
57	3	-351.22208	2994.8606
57	4	-347.48328	2985.179
57	5	-343.41177	2984.4058
57	6	-347.799	2957.9216
57	9	-351.2198	2924.5737
57	24	-368.68143	2998.8997
57	25	-369.49954	2998.5388
57	26	-396.77896	3024.5425
57	27	-357.51187	2920.929
57	28	-357.57468	2946.658
57	29	-361.14804	3032.9607
57	30	-360.6532	2994.7014
57	31	-303.35553	3013.0112
57	32	-383.57495	3050.4321
57	33	-364.57797	2938.9216
57	41	-295.9765	3012.9321
58	1	-344.2704	2943.9795
58	2	-344.03842	2923.76
58	3	-351.2109	2996.6494
58	4	-347.4634	2986.895
58	5	-343.3926	2986.173
58	6	-347.77866	2959.7256
58	9	-351.24078	2925.719
58	24	-368.70953	2999.019
58	25	-369.51077	2998.67
58	26	-396.77896	3024.5425
58	27	-357.56256	2919.463
58	28	-357.59048	2945.2217
58	29	-361.13715	3031.2437
58	30	-360.65118	2993.0444
58	31	-303.27606	3013.0027
58	32	-383.57495	3050.4321
58	33	-364.58365	2936.8103
58	34	-361.88553	3072.1604
58	41	-295.92188	3012.96
59	1	-344.26978	2945.7673
59	2	-344.03522	2925.4402
59	3	-351.19724	2998.4375
59	4	-347.45007	2988.644
59	5	-343.3791	2987.9526
59	6	-347.7713	2961.512
59	9	-351.2457	2927.4585
59	24	-368.71585	2999.1401
59	25	-369.5139	2998.7896
59	26	-396.77896	3024.5425
59	28	-357.58795	2943.8162
59	29	-361.1295	3029.5452
59	30	-360.65277	2991.3801
59	31	-303.17468	3013.0093
59	32	-383.57495	3050.4321
59	33	-364.59473	2934.7644
59	34	-361.84082	3070.4207
59	41	-295.84882	3012.9502
60	1	-344.26566	2947.5305
60	2	-344.02225	2927.1282
60	3	-351.18262	3000.2263
60	4	-347.43823	2990.3948
60	5	-343.35446	2989.7075
60	6	-347.75427	2963.2874
60	9	-351.2166	2929.1057
60	24	-368.718	2999.2747
60	25	-369.5238	2998.8994
60	26	-396.77896	3024.5425
60	28	-357.59094	2942.404
60	29	-361.11557	3027.879
60	30	-360.64578	2989.6926
60	31	-303.27054	3013.0168
60	32	-383.57495	3050.4321
60	33	-364.58856	2932.7805
60	34	-361.79926	3068.6208
60	35	-358.50107	3076.923
60	41	-295.75247	3012.9307
61	1	-344.26288	2949.3054
61	2	-344.00122	2928.835
61	3	-351.16602	3002.0142
61	4	-347.4182	2992.1145
61	5	-343.3415	2991.4727
61	6	-347.74344	2965.0784
61	9	-351.2246	2930.837
61	24	-368.73218	2999.3848
61	25	-369.53003	2999.0063
61	26	-396.77896	3024.5425
61	28	-357.60138	2941.0015
61	29	-361.11597	3026.1716
61	30	-360.654	2987.947
61	31	-300.99933	3012.9407
61	32	-383.57495	3050.4321
61	33	-364.5895	2930.6387
61	34	-361.7727	3066.8599
61	35	-358.4461	3074.9595
61	36	-296.14795	3013.0544
62	1	-344.25653	2951.0945
62	2	-343.97717	2930.5232
62	3	-351.1474	3003.803
62	4	-347.40106	2993.8687
62	5	-343.31168	2993.2266
62	6	-347.7345	2966.8599
62	9	-351.20267	2932.6484
62	24	-368.74698	2999.5378
62	25	-369.54587	2999.1333
62	26	-396.77896	3024.5425
62	28	-357.60278	2939.5703
62	29	-361.10788	3024.4695
62	30	-360.65555	2986.1907
62	31	-301.18234	3012.9504
62	32	-383.57495	3050.4321
62	33	-364.60153	2928.482
62	34	-361.75064	3065.0986
62	35	-358.42496	3072.9119
62	36	-296.14795	3013.0544
62	37	-365.52692	3079.0957
63	1	-344.2712	2952.867
63	2	-343.95767	2932.2393
63	3	-351.12872	3005.5928
63	4	-347.38504	2995.6328
63	5	-343.2833	2994.9763
63	6	-347.72324	2968.6714
63	9	-351.1849	2934.474
63	24	-368.75858	2999.6687
63	25	-369.54468	2999.2703
63	26	-396.77896	3024.5425
63	28	-357.61008	2938.2158
63	29	-361.1004	3022.7776
63	30	-360.6588	2984.4224
63	31	-301.05768	3012.928
63	32	-383.57495	3050.4321
63	34	-361.7034	3063.3257
63	35	-358.4054	3070.8552
63	36	-296.14795	3013.0544
63	37	-365.42426	3077.248
64	1	-344.28174	2954.648
64	2	-343.981	2933.9343
64	3	-351.1082	3007.3813
64	4	-347.3654	2997.3965
64	5	-343.25903	2996.726
64	6	-347.69644	2970.4285
64	9	-351.12473	2936.2532
64	24	-368.75583	2999.7837
64	25	-369.56897	2999.431
64	26	-396.77896	3024.5425
64	28	-357.61496	2936.8633
64	29	-361.09576	3021.102
64	30	-360.65497	2982.6685
64	31	-301.05344	3012.9333
64	32	-383.57495	3050.4321
64	34	-361.67087	3061.5767
64	35	-358.3862	3068.8545
64	36	-296.14795	3013.0544
64	37	-365.3775	3075.2988
65	1	-344.2818	2956.4172
65	2	-343.94772	2935.6245
65	3	-351.08728	3009.1714
65	4	-347.34912	2999.1633
65	5	-343.23694	2998.478
65	6	-347.67743	2972.2092
65	9	-351.11688	2938.056
65	24	-368.79523	2999.9072
65	25	-369.59924	2999.569
65	26	-396.77896	3024.5425
65	28	-357.65454	2935.4622
65	29	-361.07504	3019.424
65	30	-360.65802	2980.8938
65	31	-301.2829	3012.9724
65	32	-383.57495	3050.4321
65	34	-361.65027	3059.811
65	35	-358.38123	3066.837
65	36	-296.14795	3013.0544
65	37	-365.35904	3073.3687
66	1	-344.27338	2958.2024
66	2	-343.976	2937.3096
66	3	-351.06647	3010.9614
66	4	-347.33118	3000.944
66	5	-343.20865	3000.2231
66	6	-347.65472	2973.9907
66	9	-351.09457	2939.8743
66	24	-368.81247	3000.0393
66	25	-369.61765	2999.7297
66	26	-396.77896	3024.5425
66	28	-357.65967	2934.1108
66	29	-361.06424	3017.7368
66	30	-360.65637	2979.1235
66	31	-303.25494	3013.033
66	32	-383.57495	3050.4321
66	34	-361.6211	3058.016
66	35	-358.37115	3064.8076
66	36	-296.14795	3013.0544
66	37	-365.3359	3071.424
66	38	-296.57434	3014.9338
67	1	-344.2667	2959.9731
67	2	-343.95782	2938.9946
67	3	-351.04294	3012.7517
67	4	-347.31268	3002.7427
67	5	-343.1895	3001.9824
67	6	-347.65036	2975.775
67	9	-351.09482	2941.6384
67	24	-368.83423	3000.1707
67	25	-369.62384	2999.8723
67	26	-396.77896	3024.5425
67	29	-361.03595	3016.1035
67	30	-360.66824	2977.3467
67	31	-302.7003	3013.0215
67	32	-383.57495	3050.4321
67	34	-361.60568	3056.2954
67	35	-358.36374	3062.7844
67	36	-296.14795	3013.0544
67	37	-365.3226	3069.5293
67	38	-296.60272	3014.8723
68	1	-344.26276	2961.7625
68	2	-343.93634	2940.742
68	3	-351.01987	3014.5415
68	4	-347.29697	3004.525
68	5	-343.16083	3003.7314
68	6	-347.642	2977.5627
68	9	-351.0978	2943.4612
68	24	-368.85165	3000.308
68	25	-369.64377	2999.992
68	26	-396.77896	3024.5425
68	29	-361.0204	3014.4749
68	30	-360.6811	2975.5435
68	31	-301.36746	3012.9827
68	32	-383.57495	3050.4321
68	34	-361.5849	3054.528
68	35	-358.34647	3060.7722
68	36	-296.14795	3013.0544
68	37	-365.26666	3067.5613
68	38	-296.66132	3014.8306
68	40	-292.41336	3014.7202
69	1	-344.26953	2963.5571
69	2	-343.91995	2942.44
69	3	-350.99414	3016.3313
69	4	-347.2763	3006.3306
69	5	-343.1288	3005.4807
69	6	-347.63275	2979.2856
69	9	-351.07153	2945.234
69	24	-368.88425	3000.4243
69	25	-369.6681	3000.112
69	26	-396.77896	3024.5425
69	29	-361.00015	3012.8452
69	30	-360.69128	2973.7502
69	31	-303.32217	3013.0603
69	32	-383.57495	3050.4321
69	34	-361.56277	3052.7688
69	35	-358.3315	3058.7239
69	36	-296.14795	3013.0544
69	37	-365.25012	3065.6729
69	38	-296.66766	3014.7717
69	39	-359.07303	3090.1826
69	40	-292.56247	3014.7886
70	1	-344.26685	2965.3574
70	2	-343.89972	2944.1606
70	3	-350.9701	3018.12
70	4	-347.25757	3008.13
70	5	-343.10278	3007.2349
70	6	-347.61087	2981.043
70	9	-351.0529	2947.0393
70	24	-368.90884	3000.5544
70	25	-369.6799	3000.232
70	26	-396.77896	3024.5425
70	29	-360.99338	3011.217
70	30	-360.70337	2971.961
70	31	-303.15814	3013.034
70	32	-383.57495	3050.4321
70	34	-361.54208	3051.0122
70	35	-358.30637	3056.6995
70	36	-296.14795	3013.0544
70	37	-365.23807	3063.7844
70	38	-296.7076	3014.781
70	39	-359.12082	3087.9724
70	40	-292.67444	3014.87
71	1	-344.25186	2967.1248
71	2	-343.8812	2945.8628
71	3	-350.9436	3019.9087
71	4	-347.2354	3009.9426
71	5	-343.07132	3008.988
71	6	-347.59982	2982.8225
71	9	-351.04092	2948.8584
71	24	-368.9429	3000.6646
71	25	-369.70563	3000.357
71	26	-396.77896	3024.5425
71	29	-360.98416	3009.5847
71	30	-360.7115	2970.1697
71	31	-303.0641	3013.056
71	32	-383.57495	3050.4321
71	34	-361.5225	3049.2454
71	35	-358.2811	3054.6628
71	36	-296.14795	3013.0544
71	37	-365.2284	3061.948
71	38	-296.75156	3014.7678
71	39	-359.13968	3085.9727
71	40	-292.8105	3014.926
72	1	-344.2405	2968.9236
72	2	-343.87106	2947.5647
72	3	-350.91605	3021.6958
72	4	-347.2185	3011.7642
72	5	-343.06393	3010.768
72	6	-347.58224	2984.5928
72	9	-351.02762	2950.6738
72	24	-368.971	3000.7776
72	25	-369.72903	3000.4524
72	26	-396.77896	3024.5425
72	29	-360.97116	3007.9102
72	30	-360.73422	2968.3672
72	31	-303.11478	3013.079
72	32	-383.57495	3050.4321
72	34	-361.51437	3047.5234
72	35	-358.24786	3052.62
72	36	-296.14795	3013.0544
72	37	-365.23486	3059.996
72	38	-296.75735	3014.7566
72	39	-359.1203	3084.0027
72	40	-292.9203	3015.008
72	42	-365.07104	3091.7349
73	1	-344.24448	2970.7346
73	2	-343.8748	2949.2385
73	3	-350.88724	3023.4822
73	4	-347.19772	3013.5688
73	5	-343.03494	3012.5457
73	6	-347.56497	2986.3618
73	9	-351.0244	2952.4915
73	24	-368.99597	3000.8948
73	25	-369.7613	3000.5754
73	26	-396.77896	3024.5425
73	29	-360.9579	3006.2073
73	30	-360.7475	2966.5847
73	32	-383.57495	3050.4321
73	34	-361.49246	3045.7722
73	35	-358.21823	3050.5964
73	36	-296.14795	3013.0544
73	37	-365.22052	3057.9604
73	38	-296.81274	3014.7654
73	39	-359.1049	3081.961
73	40	-293.05792	3015.0813
73	42	-364.93915	3089.8708
74	1	-344.23932	2972.5159
74	2	-343.86887	2950.8965
74	3	-350.8576	3025.267
74	4	-347.1812	3015.3943
74	5	-343.0101	3014.3135
74	6	-347.54	2988.1143
74	9	-351.03027	2954.3174
74	24	-369.0263	3001.024
74	25	-369.7619	3000.6858
74	26	-396.77896	3024.5425
74	29	-360.93967	3004.5107
74	30	-360.76276	2964.7942
74	31	-301.2858	3012.9846
74	32	-383.57495	3050.4321
74	34	-361.46613	3044.0435
74	35	-358.18588	3048.5828
74	36	-296.14795	3013.0544
74	37	-365.23694	3056.0134
74	38	-296.8363	3014.7373
74	39	-359.0932	3079.9292
74	40	-293.18018	3015.14
74	42	-364.89096	3088.091
75	1	-344.2433	2974.326
75	2	-343.85	2952.6028
75	3	-350.82608	3027.0513
75	4	-347.15744	3017.23
75	5	-342.98608	3016.1057
75	6	-347.50912	2989.8604
75	9	-351.0107	2956.1226
75	24	-369.05405	3001.1484
75	25	-369.79797	3000.8062
75	26	-396.77896	3024.5425
75	29	-360.92722	3002.7979
75	30	-360.78464	2963.0466
75	31	-300.19455	3012.999
75	32	-383.57495	3050.4321
75	34	-361.44174	3042.314
75	35	-358.14136	3046.583
75	36	-296.14795	3013.0544
75	37	-365.2325	3054.1455
75	38	-296.8516	3014.7168
75	39	-359.08514	3077.912
75	40	-293.2902	3015.1987
75	42	-364.88818	3086.1594
76	1	-344.23917	2976.1187
76	2	-343.8597	2954.3494
76	3	-350.79456	3028.8357
76	4	-347.13492	3019.0713
76	5	-342.9675	3017.9084
76	6	-347.49005	2991.6365
76	9	-350.9983	2957.9463
76	24	-369.08646	3001.273
76	25	-369.8125	3000.9146
76	26	-396.77896	3024.5425
76	29	-360.9084	3001.0994
76	30	-360.80124	2961.1924
76	31	-302.22644	3013.067
76	32	-383.57495	3050.4321
76	34	-361.418	3040.6025
76	35	-358.09973	3044.576
76	36	-296.14795	3013.0544
76	37	-365.22177	3052.2036
76	38	-296.87027	3014.668
76	39	-359.07745	3075.8362
76	40	-293.43463	3015.2576
76	42	-364.88956	3084.279
77	1	-344.22046	2977.8684
77	2	-343.8552	2956.0168
77	3	-350.76157	3030.62
77	4	-347.11597	3020.9167
77	5	-342.94324	3019.7039
77	6	-347.48825	2993.385
77	9	-350.99423	2959.776
77	24	-369.1308	3001.3945
77	25	-369.83536	3001.037
77	26	-396.77896	3024.5425
77	29	-360.902	2999.374
77	30	-360.87488	2959.3394
77	31	-302.8896	3013.0776
77	32	-383.57495	3050.4321
77	34	-361.38287	3038.8787
77	35	-358.05206	3042.5842
77	36	-296.14795	3013.0544
77	37	-365.2063	3050.2893
77	38	-296.87677	3014.6277
77	39	-359.0498	3073.8403
77	40	-293.53604	3015.3157
77	42	-364.9006	3082.38
78	1	-344.1987	2979.685
78	2	-343.83316	2957.707
78	3	-350.72687	3032.408
78	4	-347.09317	3022.767
78	5	-342.92245	3021.502
78	6	-347.47937	2995.1677
78	9	-350.97687	2961.544
78	24	-369.17648	3001.5237
78	25	-369.87543	3001.125
78	26	-396.77896	3024.5425
78	29	-360.8858	2997.6387
78	30	-360.8913	2957.5486
78	31	-303.06137	3013.1194
78	32	-383.57495	3050.4321
78	34	-361.35733	3037.227
78	35	-357.99658	3040.6094
78	36	-296.14795	3013.0544
78	37	-365.1864	3048.3687
78	38	-297.02682	3014.6365
78	39	-359.03323	3071.7563
78	40	-293.67175	3015.3376
78	42	-364.88474	3080.524
79	1	-344.18277	2981.46
79	2	-343.83762	2959.3882
79	3	-350.69162	3034.197
79	4	-347.07248	3024.6138
79	5	-342.90695	3023.3176
79	6	-347.47476	2996.9104
79	9	-350.96545	2963.3975
79	24	-369.21402	3001.6257
79	25	-369.90567	3001.2266
79	26	-396.77896	3024.5425
79	29	-360.87018	2995.9565
79	31	-303.0881	3013.119
79	32	-383.57495	3050.4321
79	34	-361.32343	3035.543
79	35	-357.9527	3038.7244
79	36	-296.14795	3013.0544
79	37	-365.1726	3046.4648
79	38	-296.95273	3014.7727
79	39	-359.00485	3069.7043
79	40	-293.79407	3015.3992
79	42	-364.86285	3078.6587
80	1	-344.17908	2983.2556
80	2	-343.8356	2961.0596
80	3	-350.65494	3035.986
80	4	-347.04712	3026.4644
80	5	-342.88486	3025.1204
80	6	-347.44492	2998.6748
80	9	-350.91934	2965.2446
80	24	-369.25836	3001.7534
80	25	-369.9568	3001.3313
80	26	-396.77896	3024.5425
80	29	-360.87125	2994.2546
80	31	-303.1363	3013.137
80	32	-383.57495	3050.4321
80	34	-361.3016	3033.9148
80	35	-357.90656	3036.8794
80	36	-296.14795	3013.0544
80	37	-365.16983	3044.5898
80	38	-297.0011	3014.771
80	39	-358.97	3067.6472
80	40	-293.9557	3015.4287
80	42	-364.8691	3076.7695
81	1	-344.16577	2985.0303
81	2	-343.82043	2962.7427
81	3	-350.6173	3037.7776
81	4	-347.02628	3028.3323
81	5	-342.86267	3026.9287
81	6	-347.44116	3000.415
81	9	-350.91003	2967.1013
81	24	-369.30237	3001.8647
81	25	-369.99335	3001.447
81	26	-396.77896	3024.5425
81	29	-360.8627	2992.5312
81	31	-303.14743	3013.1343
81	34	-361.297	3032.2295
81	35	-357.8727	3035.0298
81	36	-296.14795	3013.0544
81	37	-365.1562	3042.6833
81	38	-296.98297	3014.8054
81	39	-358.93433	3065.622
81	42	-364.85352	3074.9102
82	1	-344.1438	2986.795
82	2	-343.79346	2964.4194
82	3	-350.58035	3039.5676
82	4	-346.99744	3030.1877
82	5	-342.8497	3028.7322
82	6	-347.42062	3002.196
82	9	-350.8779	2968.9338
82	24	-369.35922	3001.9788
82	25	-370.04184	3001.5432
82	26	-396.77896	3024.5425
82	29	-360.85962	2990.7905
82	32	-383.57495	3050.4321
82	34	-361.29227	3030.5972
82	35	-357.8441	3033.18
82	36	-296.14795	3013.0544
82	37	-365.14874	3040.8237
82	39	-358.9089	3063.5327
82	42	-364.8315	3073.0862
83	1	-344.12482	2988.5647
83	2	-343.76294	2966.1174
83	3	-350.54254	3041.3572
83	4	-346.97586	3032.0361
83	5	-342.8187	3030.5242
83	6	-347.39923	3003.9497
83	9	-350.8533	2970.7974
83	24	-369.40543	3002.0945
83	25	-370.08487	3001.6426
83	26	-396.77896	3024.5425
83	29	-360.8582	2989.062
83	32	-383.57495	3050.4321
83	34	-361.2718	3028.9502
83	35	-357.8159	3031.2898
83	36	-296.14795	3013.0544
83	37	-365.1342	3038.9375
83	39	-358.87958	3061.5154
83	40	-294.31143	3015.553
83	42	-364.8389	3071.1943
84	1	-344.11603	2990.3364
84	2	-343.7652	2967.7961
84	3	-350.50305	3043.141
84	4	-346.95013	3033.882
84	5	-342.7948	3032.3079
84	6	-347.37442	3005.7346
84	9	-350.85492	2972.6292
84	24	-369.45932	3002.2092
84	25	-370.13147	3001.7573
84	26	-396.77896	3024.5425
84	29	-360.85165	2987.333
84	32	-383.57495	3050.4321
84	34	-361.2581	3027.2332
84	35	-357.78207	3029.3308
84	36	-296.14795	3013.0544
84	37	-365.12546	3037.0444
84	38	-296.75284	3014.5864
84	39	-358.84167	3059.4802
84	40	-294.444	3015.5952
85	1	-344.0955	2992.1055
85	2	-343.76474	2969.5037
85	3	-350.46362	3044.9146
85	4	-346.92422	3035.7258
85	5	-342.77005	3034.1128
85	6	-347.36145	3007.4749
85	9	-350.84375	2974.5186
85	24	-369.5117	3002.3225
85	25	-370.19647	3001.8652
85	26	-396.77896	3024.5425
85	29	-360.85397	2985.6028
85	32	-383.57495	3050.4321
85	34	-361.23224	3025.5159
85	35	-357.76105	3027.3577
85	36	-296.14795	3013.0544
85	37	-365.1256	3035.1724
85	38	-296.9725	3014.9568
85	39	-358.80362	3057.4624
85	40	-294.58987	3015.6538
86	1	-344.08078	2993.8738
86	2	-343.7702	2971.2114
86	3	-350.4225	3046.6785
86	4	-346.8988	3037.5452
86	5	-342.74326	3035.9038
86	6	-347.335	3009.2158
86	9	-350.82657	2976.3813
86	24	-369.57104	3002.431
86	25	-370.25818	3001.974
86	26	-396.77896	3024.5425
86	29	-360.84424	2983.901
86	31	-303.3517	3013.1448
86	32	-383.57495	3050.4321
86	34	-361.20447	3023.795
86	35	-357.73932	3025.3774
86	36	-296.14795	3013.0544
86	37	-365.1201	3033.2393
86	38	-296.94916	3014.8782
86	39	-358.76202	3055.4712
86	40	-294.71286	3015.6738
86	42	-364.7444	3065.5034
87	1	-344.04916	2995.625
87	2	-343.77792	2972.9417
87	3	-350.3829	3048.4353
87	4	-346.867	3039.348
87	5	-342.72574	3037.696
87	6	-347.31784	3010.9724
87	9	-350.79547	2978.2297
87	24	-369.62762	3002.5286
87	25	-370.32413	3002.0818
87	26	-396.77896	3024.5425
87	29	-360.83807	2982.2122
87	31	-303.2015	3013.156
87	32	-383.57495	3050.4321
87	34	-361.18054	3022.1008
87	35	-357.7111	3023.3752
87	36	-296.14795	3013.0544
87	37	-365.10437	3031.3247
87	38	-296.93127	3014.89
87	39	-358.7227	3053.5164
87	40	-294.84183	3015.6873
87	42	-364.72974	3063.61
88	1	-344.03006	2997.3904
88	2	-343.77237	2974.6387
88	3	-350.34317	3050.185
88	4	-346.84192	3041.1418
88	5	-342.70322	3039.4846
88	6	-347.3093	3012.7393
88	9	-350.79987	2980.0713
88	24	-369.70822	3002.6387
88	25	-370.40085	3002.1882
88	26	-396.77896	3024.5425
88	29	-360.81873	2980.462
88	31	-303.28268	3013.1729
88	32	-383.57495	3050.4321
88	34	-361.17145	3020.34
88	35	-357.6914	3021.3833
88	36	-296.14795	3013.0544
88	37	-365.09857	3029.3608
88	38	-296.8809	3014.9158
88	39	-358.67136	3051.5735
88	40	-294.96652	3015.7178
88	42	-364.7155	3061.7095
89	1	-344.01053	2999.136
89	2	-343.74545	2976.3352
89	3	-350.3029	3051.9258
89	4	-346.81744	3042.9272
89	5	-342.68393	3041.2837
89	6	-347.30283	3014.4773
89	9	-350.7788	2981.9272
89	24	-369.77094	3002.7358
89	25	-370.45444	3002.2957
89	26	-396.77896	3024.5425
89	29	-360.8171	2978.7996
89	31	-303.2666	3013.147
89	32	-383.57495	3050.4321
89	34	-361.14313	3018.5886
89	35	-357.66647	3019.385
89	36	-296.14795	3013.0544
89	37	-365.094	3027.3833
89	38	-296.8673	3014.9211
89	39	-358.62582	3049.6956
89	40	-295.09622	3015.7488
89	42	-364.703	3059.8262
90	1	-343.9844	3000.863
90	2	-343.71332	2978.0115
90	3	-350.25983	3053.6587
90	4	-346.78683	3044.6846
90	5	-342.65714	3043.055
90	6	-347.28867	3016.2407
90	9	-350.74582	2983.8484
90	24	-369.84738	3002.8237
90	25	-370.51236	3002.3987
90	29	-360.79004	2977.0332
90	31	-303.25482	3013.146
90	32	-383.57495	3050.4321
90	34	-361.13535	3016.857
90	35	-357.64578	3017.3813
90	36	-296.14795	3013.0544
90	37	-365.08844	3025.446
90	38	-296.7749	3014.8997
90	39	-358.61398	3047.7434
90	40	-295.22418	3015.7888
90	42	-364.69144	3058.0012
