0	1	3554.2424	7855.786
0	2	3535.3245	7851.0347
0	3	3572.284	7858.9814
0	4	3572.5903	7839.001
0	5	3598.3105	7857.5405
0	6	3572.4392	7826.9785
0	7	3547.044	7836.5835
0	8	3561.6719	7875.1216
0	9	3575.8416	7840.7666
0	11	3579.804	7868.9585
0	12	3551.6448	7843.6377
0	13	3575.8699	7878.8022
0	14	3549.8809	7839.874
0	15	3527.8958	7872.743
0	16	3593.1848	7854.0527
0	17	3540.5073	7839.761
0	18	3565.3008	7844.8394
0	19	3593.4412	7850.324
0	20	3581.0493	7832.0723
0	22	3575.9673	7819.9
0	23	3601.7717	7850.714
0	25	3517.033	7871.886
0	26	3540.8975	7914.008
0	27	3578.7256	7907.013
0	28	3565.658	7821.306
0	30	3616.6187	7902.0713
0	32	3533.443	7809.3604
0	33	3575.0818	7916.3022
0	35	3595.7603	7929.2124
0	36	3579.5247	7923.3413
0	37	3616.126	7919.6904
0	63	3620.5107	7919.676
0	64	3511.6633	7872.4443
0	65	3575.0378	7949.1
1	1	3553.7073	7855.4805
1	2	3535.149	7851.029
1	3	3572.2815	7858.978
1	4	3572.5676	7839.1797
1	5	3597.9382	7857.5366
1	6	3572.4375	7827.034
1	7	3547.524	7836.584
1	8	3561.673	7874.417
1	9	3575.8318	7842.05
1	11	3579.7842	7870.0474
1	12	3551.6448	7843.6377
1	13	3575.8586	7880.2656
1	14	3549.8809	7839.874
1	15	3527.8958	7872.743
1	16	3593.1848	7854.0527
1	17	3540.5073	7839.761
1	18	3565.2827	7843.665
1	19	3593.4395	7850.3257
1	20	3581.28	7832.788
1	22	3575.9456	7820.7324
1	23	3601.5168	7850.7104
1	24	3541.822	7907.9673
1	25	3517.033	7871.886
1	26	3540.8975	7914.008
1	27	3578.7148	7908.4106
1	28	3565.6494	7819.9087
1	30	3616.6187	7902.0713
1	32	3533.443	7809.3604
1	33	3575.0735	7917.974
1	35	3595.7603	7929.2124
1	36	3579.504	7924.7153
1	37	3616.126	7919.6904
1	60	3569.3994	7805.363
1	63	3620.5107	7919.676
1	64	3511.6633	7872.4443
2	1	3553.1528	7855.181
2	2	3534.5825	7850.996
2	3	3572.2788	7858.976
2	4	3572.5557	7839.263
2	5	3597.6606	7857.5444
2	6	3572.4407	7827.1343
2	8	3561.6775	7873.7197
2	9	3575.838	7843.3345
2	11	3579.7632	7871.148
2	12	3551.6448	7843.6377
2	13	3575.845	7881.745
2	14	3549.8809	7839.874
2	15	3527.8958	7872.743
2	16	3593.1848	7854.0527
2	17	3540.5073	7839.761
2	18	3565.2659	7842.4727
2	19	3593.4346	7850.3345
2	20	3581.5686	7833.5366
2	22	3575.9539	7821.6235
2	23	3601.2815	7850.7197
2	24	3541.8381	7907.9727
2	25	3517.033	7871.886
2	26	3540.8975	7914.008
2	27	3578.7012	7909.793
2	28	3565.644	7818.523
2	31	3613.9014	7907.1567
2	32	3533.443	7809.3604
2	33	3575.0708	7919.692
2	35	3595.7603	7929.2124
2	36	3579.4897	7926.1133
2	37	3616.126	7919.6904
2	60	3569.4626	7803.955
2	63	3620.5107	7919.676
2	64	3511.6633	7872.4443
3	1	3552.588	7854.8833
3	2	3533.8582	7850.967
3	3	3572.2769	7858.9707
3	4	3572.5337	7839.4106
3	5	3597.3628	7857.554
3	6	3572.4368	7827.2183
3	8	3561.6794	7873.031
3	9	3575.826	7844.6323
3	10	3579.3027	7851.4834
3	11	3579.7478	7872.2446
3	12	3551.6448	7843.6377
3	13	3575.8298	7883.2246
3	14	3549.8809	7839.874
3	15	3527.8958	7872.743
3	16	3593.1848	7854.0527
3	17	3540.5073	7839.761
3	18	3565.2495	7841.271
3	19	3593.4407	7850.3296
3	20	3581.8826	7834.3003
3	22	3575.9714	7822.5425
3	23	3601.1792	7850.726
3	24	3541.8442	7907.9326
3	25	3517.033	7871.886
3	26	3540.8975	7914.008
3	27	3578.6885	7911.208
3	28	3565.6592	7817.1743
3	30	3616.6187	7902.0713
3	32	3533.443	7809.3604
3	33	3575.0625	7921.373
3	35	3595.7603	7929.2124
3	36	3579.5134	7927.439
3	37	3616.126	7919.6904
3	60	3569.4917	7802.561
3	63	3620.5107	7919.676
4	1	3552.0015	7854.594
4	2	3533.1365	7850.8804
4	3	3572.2727	7858.9595
4	4	3572.511	7839.5674
4	5	3597.0593	7857.569
4	6	3572.4395	7827.3276
4	8	3561.6812	7872.352
4	9	3575.816	7846.0044
4	10	3579.2988	7852.4214
4	11	3579.7322	7873.3574
4	12	3551.6448	7843.6377
4	13	3575.814	7884.733
4	14	3549.8809	7839.874
4	15	3527.8958	7872.743
4	16	3593.1848	7854.0527
4	17	3540.5073	7839.761
4	18	3565.233	7840.025
4	19	3593.4553	7850.326
4	22	3575.9836	7823.447
4	23	3601.02	7850.7285
4	24	3541.8372	7907.9243
4	25	3517.033	7871.886
4	26	3540.8975	7914.008
4	27	3578.6772	7912.623
4	28	3565.6638	7815.8086
4	30	3616.6187	7902.0713
4	31	3613.9014	7907.1567
4	32	3533.443	7809.3604
4	33	3575.0552	7923.0815
4	35	3595.7603	7929.2124
4	36	3579.5015	7928.8223
4	37	3616.126	7919.6904
4	60	3569.561	7801.171
5	1	3551.418	7854.317
5	2	3532.0696	7850.8257
5	3	3572.2727	7858.9517
5	4	3572.4854	7839.722
5	5	3596.7842	7857.562
5	6	3572.4377	7827.4175
5	8	3561.6843	7871.6846
5	9	3575.8047	7847.27
5	10	3579.2766	7853.267
5	11	3579.7148	7874.4614
5	12	3551.6448	7843.6377
5	13	3575.8037	7886.245
5	14	3549.8809	7839.874
5	15	3527.8958	7872.743
5	16	3593.1848	7854.0527
5	17	3540.5073	7839.761
5	18	3565.2222	7838.7754
5	19	3593.462	7850.337
5	20	3582.489	7835.4414
5	22	3575.9902	7824.289
5	23	3600.8171	7850.7314
5	24	3541.8408	7907.944
5	25	3517.033	7871.886
5	26	3540.8975	7914.008
5	27	3578.6733	7914.0522
5	28	3565.667	7814.38
5	30	3616.6187	7902.0713
5	31	3613.9014	7907.1567
5	32	3533.443	7809.3604
5	33	3575.0413	7924.7573
5	35	3595.7603	7929.2124
5	36	3579.4905	7930.162
5	37	3616.126	7919.6904
5	63	3620.5107	7919.676
6	1	3550.7964	7854.0376
6	2	3531.2283	7850.797
6	3	3572.2686	7858.939
6	4	3572.4666	7839.8457
6	5	3596.5334	7857.57
6	6	3572.4355	7827.514
6	7	3549.8762	7836.645
6	8	3561.6858	7871.029
6	9	3575.8018	7848.6377
6	10	3579.3381	7854.3706
6	11	3579.6965	7875.596
6	12	3551.6448	7843.6377
6	13	3575.7874	7887.764
6	14	3549.8809	7839.874
6	15	3527.8958	7872.743
6	16	3593.1848	7854.0527
6	17	3540.5073	7839.761
6	18	3565.211	7837.5303
6	19	3593.4558	7850.341
6	20	3582.8735	7835.9756
6	22	3576.0002	7825.153
6	23	3600.7305	7850.7383
6	24	3541.8188	7908.0527
6	25	3517.033	7871.886
6	26	3540.8975	7914.008
6	27	3578.6628	7915.4854
6	28	3565.662	7813.0083
6	30	3616.6187	7902.0713
6	31	3613.9014	7907.1567
6	32	3533.443	7809.3604
6	33	3575.0276	7926.455
6	34	3518.0667	7920.276
6	35	3595.7603	7929.2124
6	36	3579.479	7931.602
6	37	3616.126	7919.6904
6	60	3569.6282	7798.593
7	1	3550.167	7853.7695
7	2	3530.3594	7850.7437
7	3	3572.2703	7858.913
7	4	3572.4363	7839.98
7	5	3596.32	7857.5723
7	6	3572.4355	7827.6
7	7	3550.285	7836.6416
7	8	3561.6877	7870.3823
7	9	3575.8098	7849.98
7	10	3579.3064	7855.405
7	11	3579.68	7876.728
7	12	3551.6448	7843.6377
7	13	3575.7747	7889.298
7	14	3549.8809	7839.874
7	15	3527.8958	7872.743
7	16	3593.1848	7854.0527
7	17	3540.5073	7839.761
7	18	3565.1987	7836.2837
7	19	3593.4526	7850.3286
7	20	3583.223	7836.581
7	21	3527.6394	7843.4077
7	22	3576.0151	7826.0605
7	23	3600.6707	7850.7324
7	25	3517.033	7871.886
7	26	3540.8975	7914.008
7	27	3578.6504	7916.929
7	28	3565.653	7811.632
7	30	3616.6187	7902.0713
7	31	3613.9014	7907.1567
7	32	3533.443	7809.3604
7	33	3575.023	7928.196
7	34	3518.0667	7920.276
7	35	3595.7603	7929.2124
7	36	3579.459	7932.969
7	37	3616.126	7919.6904
7	60	3569.7188	7797.364
8	1	3549.5144	7853.5054
8	2	3530.1726	7850.7515
8	3	3572.2693	7858.9126
8	4	3572.4106	7840.1255
8	5	3596.0874	7857.5796
8	6	3572.4404	7827.6914
8	7	3550.6865	7836.636
8	8	3561.6873	7869.746
8	9	3575.772	7851.2773
8	10	3579.3074	7856.466
8	11	3579.6677	7877.88
8	12	3551.6448	7843.6377
8	13	3575.762	7890.8545
8	14	3549.8809	7839.874
8	15	3527.8958	7872.743
8	16	3593.1848	7854.0527
8	17	3540.5073	7839.761
8	18	3565.183	7835.02
8	19	3593.459	7850.328
8	20	3583.6868	7837.1743
8	21	3528.3	7843.396
8	22	3576.028	7826.9194
8	23	3600.5828	7850.7036
8	25	3517.033	7871.886
8	26	3540.8975	7914.008
8	27	3578.6409	7918.408
8	28	3565.6482	7810.276
8	29	3528.6848	7920.033
8	30	3616.6187	7902.0713
8	31	3613.9014	7907.1567
8	32	3533.443	7809.3604
8	33	3575.0151	7929.9575
8	34	3518.0667	7920.276
8	35	3595.7603	7929.2124
8	36	3579.438	7934.3545
8	37	3616.126	7919.6904
9	1	3548.8535	7853.2573
9	2	3528.6477	7850.65
9	3	3572.2664	7858.8813
9	4	3572.3896	7840.254
9	5	3595.8696	7857.583
9	6	3572.4453	7827.8027
9	7	3551.0544	7836.65
9	8	3561.6853	7869.122
9	9	3575.7524	7852.597
9	10	3579.2842	7857.4775
9	11	3579.6504	7879.031
9	12	3551.6448	7843.6377
9	13	3575.7512	7892.4062
9	14	3549.8809	7839.874
9	15	3527.8958	7872.743
9	16	3593.1848	7854.0527
9	17	3540.5073	7839.761
9	18	3565.1794	7833.728
9	19	3593.4546	7850.3335
9	20	3584.1594	7837.772
9	21	3528.867	7843.412
9	22	3576.0396	7827.9414
9	23	3600.5852	7850.694
9	25	3517.033	7871.886
9	27	3578.6277	7919.8345
9	28	3565.648	7808.899
9	29	3528.5354	7920.0234
9	30	3616.6187	7902.0713
9	31	3613.9014	7907.1567
9	32	3533.443	7809.3604
9	33	3575.0251	7931.7026
9	34	3518.0667	7920.276
9	35	3595.7603	7929.2124
9	36	3579.4153	7935.845
9	37	3616.126	7919.6904
9	38	3534.5845	7797.395
9	39	3531.9082	7797.6978
10	1	3548.1833	7853.0166
10	2	3527.9824	7850.6113
10	3	3572.2664	7858.8545
10	4	3572.3591	7840.4097
10	5	3595.6733	7857.592
10	6	3572.447	7827.934
10	7	3551.4277	7836.65
10	8	3561.68	7868.51
10	9	3575.732	7854.0713
10	10	3579.2734	7858.554
10	11	3579.64	7880.189
10	12	3551.6448	7843.6377
10	13	3575.7368	7893.9536
10	14	3549.8809	7839.874
10	15	3527.8958	7872.743
10	16	3593.1848	7854.0527
10	17	3540.5073	7839.761
10	18	3565.1758	7832.442
10	19	3593.45	7850.338
10	20	3584.6853	7838.3394
10	21	3529.523	7843.423
10	22	3576.0454	7828.819
10	23	3600.4705	7850.719
10	24	3541.829	7907.9536
10	25	3517.033	7871.886
10	26	3540.8975	7914.008
10	27	3578.6145	7921.27
10	28	3565.659	7807.4976
10	29	3528.581	7920.043
10	30	3616.6187	7902.0713
10	31	3613.9014	7907.1567
10	32	3533.443	7809.3604
10	33	3575.0112	7933.4883
10	34	3518.0667	7920.276
10	35	3595.7603	7929.2124
10	36	3579.4062	7937.2485
10	37	3616.126	7919.6904
10	38	3534.5845	7797.395
10	39	3531.9082	7797.6978
11	1	3547.4856	7852.7847
11	2	3526.874	7850.5737
11	3	3572.267	7858.809
11	4	3572.3296	7840.5566
11	5	3595.475	7857.5957
11	6	3572.4412	7828.056
11	7	3551.7727	7836.6553
11	8	3561.6665	7867.91
11	9	3575.7126	7855.499
11	10	3579.2642	7859.5596
11	11	3579.6292	7881.369
11	12	3551.6448	7843.6377
11	13	3575.7217	7895.533
11	14	3549.8809	7839.874
11	15	3527.8958	7872.743
11	16	3593.1848	7854.0527
11	17	3540.5073	7839.761
11	18	3565.174	7831.148
11	19	3593.464	7850.333
11	20	3585.245	7838.9116
11	21	3530.1184	7843.429
11	22	3575.994	7829.5063
11	23	3600.5022	7850.716
11	24	3541.823	7907.9424
11	25	3517.033	7871.886
11	27	3578.6047	7922.7344
11	28	3565.6675	7806.1304
11	29	3528.3103	7920.0347
11	30	3616.6187	7902.0713
11	31	3613.9014	7907.1567
11	32	3533.443	7809.3604
11	33	3574.9778	7935.2515
11	34	3518.0667	7920.276
11	35	3595.7603	7929.2124
11	36	3579.3826	7938.6455
11	37	3616.126	7919.6904
11	38	3534.5845	7797.395
11	39	3531.9082	7797.6978
12	1	3546.7812	7852.563
12	2	3525.6838	7850.531
12	3	3572.2664	7858.789
12	4	3572.3005	7840.677
12	5	3595.2947	7857.599
12	6	3572.4473	7828.179
12	7	3552.105	7836.6475
12	8	3561.6487	7867.3237
12	9	3575.6826	7856.9453
12	10	3579.2568	7860.579
12	11	3579.6123	7882.539
12	12	3551.6448	7843.6377
12	13	3575.7083	7897.119
12	14	3549.8809	7839.874
12	15	3527.8958	7872.743
12	16	3593.1848	7854.0527
12	17	3540.5073	7839.761
12	18	3565.167	7829.822
12	19	3593.477	7850.3335
12	20	3585.8425	7839.4385
12	21	3530.6846	7843.44
12	22	3575.9717	7830.4927
12	23	3600.369	7850.6934
12	24	3541.7927	7907.9033
12	25	3517.033	7871.886
12	27	3578.5908	7924.1934
12	28	3565.6697	7804.7925
12	29	3528.329	7919.997
12	30	3616.6187	7902.0713
12	31	3613.9014	7907.1567
12	32	3533.443	7809.3604
12	33	3574.9739	7937.0273
12	34	3518.0667	7920.276
12	35	3595.7603	7929.2124
12	36	3579.3845	7940.122
12	37	3616.126	7919.6904
12	38	3534.5845	7797.395
12	39	3531.9082	7797.6978
13	1	3546.0562	7852.3555
13	2	3524.8806	7850.494
13	3	3572.26	7858.7485
13	4	3572.272	7840.8086
13	5	3595.1218	7857.59
13	6	3572.4485	7828.306
13	7	3552.4363	7836.649
13	8	3561.6226	7866.751
13	9	3575.6577	7858.4365
13	10	3579.2336	7861.5674
13	11	3579.6047	7883.742
13	12	3551.6448	7843.6377
13	13	3575.6929	7898.7007
13	14	3549.8809	7839.874
13	15	3527.8958	7872.743
13	16	3593.1848	7854.0527
13	17	3540.5073	7839.761
13	18	3565.1812	7828.5073
13	19	3593.4768	7850.33
13	20	3586.4536	7839.946
13	21	3531.201	7843.442
13	23	3600.325	7850.707
13	24	3541.7842	7907.957
13	25	3517.033	7871.886
13	27	3578.5923	7925.6772
13	28	3565.6707	7803.3525
13	30	3616.6187	7902.0713
13	31	3613.9014	7907.1567
13	32	3533.443	7809.3604
13	33	3574.9812	7938.8213
13	34	3518.0667	7920.276
13	35	3595.7603	7929.2124
13	36	3579.3796	7941.5327
13	37	3616.126	7919.6904
13	38	3534.5845	7797.395
13	39	3531.9082	7797.6978
14	1	3545.3196	7852.156
14	2	3523.9685	7850.457
14	3	3572.26	7858.6978
14	4	3572.2356	7840.9727
14	5	3594.9749	7857.607
14	6	3572.4473	7828.431
14	7	3552.737	7836.6523
14	8	3561.5767	7866.1914
14	9	3575.6191	7859.973
14	10	3579.2327	7862.557
14	11	3579.5908	7884.939
14	12	3551.6448	7843.6377
14	13	3575.676	7900.2617
14	14	3549.8809	7839.874
14	15	3527.8958	7872.743
14	17	3540.5073	7839.761
14	18	3565.1858	7827.1484
14	19	3593.53	7850.3467
14	20	3587.081	7840.4067
14	21	3531.759	7843.442
14	24	3541.8047	7907.9473
14	25	3517.033	7871.886
14	27	3578.5808	7927.1426
14	28	3565.676	7801.971
14	29	3528.1484	7920.035
14	30	3616.6187	7902.0713
14	31	3613.9014	7907.1567
14	32	3533.443	7809.3604
14	33	3574.9749	7940.65
14	34	3518.0667	7920.276
14	35	3595.7603	7929.2124
14	38	3534.5845	7797.395
14	39	3531.9082	7797.6978
14	40	3529.208	7797.0366
14	50	3540.859	7914.1196
15	1	3544.5657	7851.9644
15	2	3523.0417	7850.4214
15	3	3572.2573	7858.654
15	4	3572.2024	7841.097
15	6	3572.4468	7828.5674
15	7	3553.0017	7836.6655
15	8	3561.527	7865.6387
15	9	3575.599	7861.4185
15	10	3579.2249	7863.5674
15	11	3579.5828	7886.1353
15	12	3551.6448	7843.6377
15	13	3575.6702	7901.841
15	14	3549.8809	7839.874
15	15	3527.8958	7872.743
15	16	3593.1848	7854.0527
15	17	3540.5073	7839.761
15	18	3565.1958	7825.8047
15	19	3593.5137	7850.336
15	20	3587.7446	7840.838
15	21	3532.3176	7843.4473
15	22	3576.001	7833.603
15	23	3600.2654	7850.724
15	24	3541.807	7907.9644
15	25	3517.033	7871.886
15	27	3578.5762	7928.58
15	28	3565.6826	7800.644
15	29	3528.0544	7920.0386
15	30	3616.6187	7902.0713
15	31	3613.9014	7907.1567
15	32	3533.443	7809.3604
15	34	3518.0667	7920.276
15	35	3595.7603	7929.2124
15	38	3534.5845	7797.395
15	39	3531.9082	7797.6978
15	40	3529.208	7797.0366
15	50	3540.859	7914.1196
16	1	3543.7817	7851.788
16	2	3521.933	7850.375
16	3	3572.26	7858.6123
16	4	3572.1604	7841.2695
16	5	3594.6606	7857.612
16	6	3572.4407	7828.687
16	7	3553.2415	7836.665
16	8	3561.4636	7865.0986
16	9	3575.5955	7862.7036
16	10	3579.2065	7864.6206
16	11	3579.5664	7887.3936
16	12	3551.6448	7843.6377
16	13	3575.6628	7903.4546
16	14	3549.8809	7839.874
16	15	3527.8958	7872.743
16	16	3593.1848	7854.0527
16	17	3540.5073	7839.761
16	18	3565.1997	7824.456
16	19	3593.5676	7850.3384
16	20	3588.4326	7841.242
16	21	3532.7395	7843.459
16	22	3575.9727	7834.427
16	23	3600.1985	7850.7246
16	24	3541.8003	7907.9697
16	25	3517.033	7871.886
16	27	3578.5745	7930.0234
16	28	3565.7031	7799.23
16	29	3527.9614	7920.048
16	30	3616.6187	7902.0713
16	31	3613.9014	7907.1567
16	34	3518.0667	7920.276
16	35	3595.7603	7929.2124
16	38	3534.5845	7797.395
16	39	3531.9082	7797.6978
16	40	3529.208	7797.0366
16	50	3540.859	7914.1196
17	1	3542.9846	7851.6235
17	2	3520.8115	7850.3496
17	3	3572.2556	7858.5596
17	4	3572.1213	7841.421
17	5	3594.4429	7857.6226
17	6	3572.439	7828.8335
17	7	3553.475	7836.6763
17	8	3561.3853	7864.5747
17	9	3575.5735	7864.184
17	11	3579.562	7888.5947
17	12	3551.6448	7843.6377
17	13	3575.6487	7905.059
17	14	3549.8809	7839.874
17	15	3527.8958	7872.743
17	16	3593.1848	7854.0527
17	17	3540.5073	7839.761
17	18	3565.2207	7823.0884
17	19	3593.5808	7850.342
17	20	3589.1409	7841.6094
17	21	3533.1223	7843.462
17	22	3575.9673	7835.3564
17	23	3600.212	7850.735
17	24	3541.8062	7907.9526
17	25	3517.033	7871.886
17	27	3578.5618	7931.4844
17	28	3565.7583	7797.83
17	29	3527.762	7920.029
17	30	3616.6187	7902.0713
17	31	3613.9014	7907.1567
17	34	3518.0667	7920.276
17	35	3595.7603	7929.2124
17	38	3534.5845	7797.395
17	39	3531.9082	7797.6978
17	40	3529.208	7797.0366
17	50	3540.859	7914.1196
18	1	3542.1643	7851.4673
18	2	3520.573	7850.363
18	3	3572.2544	7858.5176
18	4	3572.0757	7841.5947
18	5	3594.2498	7857.6304
18	6	3572.4421	7828.972
18	7	3553.7092	7836.678
18	8	3561.2922	7864.0586
18	9	3575.5498	7865.6216
18	11	3579.5452	7889.8135
18	12	3551.6448	7843.6377
18	13	3575.632	7906.649
18	14	3549.8809	7839.874
18	15	3527.8958	7872.743
18	16	3593.1848	7854.0527
18	17	3540.5073	7839.761
18	18	3565.234	7821.72
18	19	3593.558	7850.3364
18	20	3589.895	7841.9463
18	21	3533.5796	7843.459
18	22	3575.945	7836.2324
18	23	3600.2134	7850.7407
18	24	3541.8103	7907.971
18	25	3517.033	7871.886
18	27	3578.5364	7932.9355
18	28	3565.7815	7796.4004
18	30	3616.6187	7902.0713
18	31	3613.9014	7907.1567
18	34	3518.0667	7920.276
18	35	3595.7603	7929.2124
18	38	3534.5845	7797.395
18	39	3531.9082	7797.6978
18	40	3529.208	7797.0366
18	50	3540.859	7914.1196
19	1	3541.342	7851.328
19	2	3519.1091	7850.2827
19	3	3572.253	7858.4795
19	4	3572.0303	7841.754
19	5	3594.085	7857.6367
19	6	3572.4353	7829.124
19	7	3553.9224	7836.6675
19	8	3561.1848	7863.5503
19	9	3575.5293	7867.0967
19	11	3579.5303	7891.074
19	12	3551.6448	7843.6377
19	13	3575.6125	7908.3394
19	14	3549.8809	7839.874
19	15	3527.8958	7872.743
19	16	3593.1848	7854.0527
19	17	3540.5073	7839.761
19	18	3565.247	7820.3066
19	19	3593.5315	7850.3403
19	20	3590.6707	7842.2686
19	21	3534.0151	7843.461
19	22	3575.952	7837.1875
19	23	3600.2373	7850.7397
19	24	3541.8044	7907.9517
19	25	3517.033	7871.886
19	27	3578.545	7934.3623
19	28	3565.8062	7794.994
19	30	3616.6187	7902.0713
19	31	3613.9014	7907.1567
19	34	3518.0667	7920.276
19	35	3595.7603	7929.2124
19	38	3534.5845	7797.395
19	39	3531.9082	7797.6978
19	40	3529.208	7797.0366
19	41	3526.635	7797.608
19	50	3540.859	7914.1196
20	1	3540.4883	7851.1978
20	2	3518.58	7850.2666
20	3	3572.2527	7858.412
20	4	3571.9822	7841.921
20	5	3593.926	7857.644
20	6	3572.439	7829.27
20	7	3554.12	7836.661
20	8	3561.0486	7863.0684
20	9	3575.5066	7868.613
20	11	3579.5107	7892.2876
20	12	3551.6448	7843.6377
20	13	3575.5957	7909.9937
20	14	3549.8809	7839.874
20	15	3527.8958	7872.743
20	16	3593.1848	7854.0527
20	17	3540.5073	7839.761
20	18	3565.2668	7818.918
20	19	3593.513	7850.346
20	20	3591.4504	7842.5386
20	21	3534.4338	7843.4683
20	22	3575.9375	7838.0923
20	23	3600.2688	7850.747
20	24	3541.7952	7907.949
20	25	3517.033	7871.886
20	27	3578.5369	7935.808
20	28	3565.8171	7793.576
20	30	3616.6187	7902.0713
20	31	3613.9014	7907.1567
20	34	3518.0667	7920.276
20	35	3595.7603	7929.2124
20	38	3534.5845	7797.395
20	39	3531.9082	7797.6978
20	40	3529.208	7797.0366
20	41	3526.635	7797.608
20	50	3540.859	7914.1196
21	1	3539.616	7851.0747
21	2	3516.7642	7850.222
21	3	3572.248	7858.347
21	4	3571.9243	7842.114
21	5	3593.7878	7857.651
21	6	3572.4485	7829.4033
21	7	3554.3066	7836.66
21	8	3560.907	7862.5967
21	9	3575.4766	7870.1196
21	11	3579.5032	7893.533
21	12	3551.6448	7843.6377
21	13	3575.578	7911.7515
21	14	3549.8809	7839.874
21	15	3527.8958	7872.743
21	16	3593.1848	7854.0527
21	17	3540.5073	7839.761
21	18	3565.2847	7817.5073
21	19	3593.5186	7850.342
21	20	3592.2537	7842.7856
21	21	3534.8257	7843.464
21	22	3575.9495	7839.105
21	23	3600.2458	7850.7495
21	24	3541.8074	7907.8916
21	25	3517.033	7871.886
21	27	3578.5293	7937.2275
21	28	3565.825	7792.249
21	29	3527.1567	7920.151
21	30	3616.6187	7902.0713
21	31	3613.9014	7907.1567
21	34	3518.0667	7920.276
21	35	3595.7603	7929.2124
21	38	3534.5845	7797.395
21	39	3531.9082	7797.6978
21	40	3529.208	7797.0366
21	41	3526.635	7797.608
21	50	3540.859	7914.1196
22	1	3538.7249	7850.9575
22	2	3515.4392	7850.188
22	3	3572.244	7858.2783
22	4	3571.8616	7842.3086
22	5	3593.6008	7857.6577
22	6	3572.4446	7829.5503
22	7	3554.503	7836.661
22	8	3560.7488	7862.1304
22	9	3575.4463	7871.6484
22	11	3579.4846	7894.783
22	12	3551.6448	7843.6377
22	13	3575.5684	7914.472
22	14	3549.8809	7839.874
22	15	3527.8958	7872.743
22	16	3593.1848	7854.0527
22	17	3540.5073	7839.761
22	18	3565.2988	7816.106
22	19	3593.497	7850.3438
22	20	3593.074	7843.006
22	21	3535.1973	7843.473
22	22	3575.9504	7840.0537
22	23	3600.2747	7850.7524
22	24	3541.805	7907.919
22	25	3517.033	7871.886
22	28	3565.8584	7790.855
22	29	3526.8865	7920.134
22	31	3613.9014	7907.1567
22	35	3595.7603	7929.2124
22	38	3534.5845	7797.395
22	39	3531.9082	7797.6978
22	40	3529.208	7797.0366
22	41	3526.635	7797.608
22	43	3579.7468	7832.468
22	48	3579.1267	7871.349
22	50	3540.859	7914.1196
23	1	3537.829	7850.854
23	2	3514.7603	7850.1777
23	3	3572.2437	7858.219
23	4	3571.803	7842.493
23	5	3593.46	7857.6704
23	6	3572.449	7829.6987
23	7	3554.6836	7836.6597
23	8	3560.5708	7861.6763
23	9	3575.413	7873.21
23	11	3579.465	7896.059
23	12	3551.6448	7843.6377
23	13	3575.541	7916.3696
23	14	3549.8809	7839.874
23	15	3527.8958	7872.743
23	16	3593.1848	7854.0527
23	17	3540.5073	7839.761
23	18	3565.305	7814.703
23	19	3593.4792	7850.351
23	20	3593.9248	7843.2163
23	21	3535.579	7843.474
23	22	3575.9434	7841.0356
23	23	3600.2517	7850.7715
23	24	3541.804	7907.897
23	25	3517.033	7871.886
23	28	3565.883	7789.4385
23	29	3526.6714	7920.146
23	31	3613.9014	7907.1567
23	34	3518.0667	7920.276
23	35	3595.7603	7929.2124
23	38	3534.5845	7797.395
23	39	3531.9082	7797.6978
23	40	3529.208	7797.0366
23	41	3526.635	7797.608
23	43	3579.7725	7833.7085
23	48	3579.1082	7872.481
23	50	3540.859	7914.1196
24	1	3536.9236	7850.764
24	2	3513.9622	7850.1675
24	3	3572.2407	7858.154
24	4	3571.7253	7842.7305
24	5	3593.32	7857.676
24	6	3572.4507	7829.874
24	7	3554.8628	7836.655
24	8	3560.378	7861.236
24	9	3575.3948	7874.775
24	11	3579.4575	7897.3765
24	12	3551.6448	7843.6377
24	13	3575.5156	7918.1377
24	14	3549.8809	7839.874
24	15	3527.8958	7872.743
24	16	3593.1848	7854.0527
24	17	3540.5073	7839.761
24	18	3565.3125	7813.253
24	19	3593.462	7850.3535
24	20	3594.7932	7843.396
24	21	3535.9072	7843.4736
24	22	3575.9478	7842.012
24	23	3600.2444	7850.7827
24	24	3541.7998	7907.892
24	25	3517.033	7871.886
24	28	3565.913	7787.9785
24	29	3526.5176	7920.077
24	30	3616.6187	7902.0713
24	31	3613.9014	7907.1567
24	35	3595.7603	7929.2124
24	38	3534.5845	7797.395
24	39	3531.9082	7797.6978
24	40	3529.208	7797.0366
24	41	3526.635	7797.608
24	43	3579.7869	7834.853
24	48	3579.1067	7873.5796
24	50	3540.859	7914.1196
25	1	3536.0093	7850.682
25	2	3512.9634	7850.1646
25	3	3572.241	7858.08
25	4	3571.6438	7842.9443
25	5	3593.176	7857.6855
25	6	3572.457	7830.0117
25	7	3555.0386	7836.655
25	8	3560.1648	7860.8076
25	9	3575.3745	7876.3374
25	11	3579.4417	7898.78
25	12	3551.6448	7843.6377
25	13	3575.4978	7919.8105
25	14	3549.8809	7839.874
25	15	3527.8958	7872.743
25	16	3593.1848	7854.0527
25	17	3540.5073	7839.761
25	18	3565.3574	7811.835
25	19	3593.4648	7850.361
25	20	3595.657	7843.5405
25	21	3536.2283	7843.4766
25	22	3575.9548	7842.9565
25	23	3600.2383	7850.786
25	24	3541.8176	7907.8984
25	25	3517.033	7871.886
25	28	3565.965	7786.6
25	29	3526.208	7920.076
25	30	3616.6187	7902.0713
25	31	3613.9014	7907.1567
25	35	3595.7603	7929.2124
25	38	3534.5845	7797.395
25	39	3531.9082	7797.6978
25	40	3529.208	7797.0366
25	41	3526.635	7797.608
25	43	3579.7861	7835.89
25	48	3579.1035	7874.6816
25	50	3540.859	7914.1196
26	1	3535.0989	7850.609
26	2	3512.3052	7850.153
26	3	3572.2405	7857.998
26	4	3571.5466	7843.2104
26	5	3593.0671	7857.694
26	6	3572.4546	7830.1724
26	7	3555.2095	7836.6533
26	8	3559.933	7860.3906
26	9	3575.3564	7877.9707
26	11	3579.4202	7900.507
26	12	3551.6448	7843.6377
26	13	3575.4827	7921.5195
26	14	3549.8809	7839.874
26	15	3527.8958	7872.743
26	16	3593.1848	7854.0527
26	17	3540.5073	7839.761
26	18	3565.3784	7810.3735
26	19	3593.443	7850.3594
26	20	3596.5593	7843.68
26	21	3536.539	7843.4863
26	22	3575.945	7843.931
26	23	3600.2046	7850.7944
26	24	3541.8157	7907.947
26	25	3517.033	7871.886
26	28	3565.9946	7785.111
26	30	3616.6187	7902.0713
26	31	3613.9014	7907.1567
26	38	3534.5845	7797.395
26	39	3531.9082	7797.6978
26	40	3529.208	7797.0366
26	41	3526.635	7797.608
26	42	3547.4011	7798.4863
26	43	3579.793	7836.9062
26	45	3516.5276	7796.847
26	48	3579.082	7875.745
26	50	3540.859	7914.1196
27	1	3534.1702	7850.537
27	2	3511.2056	7850.136
27	3	3572.2402	7857.911
27	4	3571.4377	7843.489
27	5	3593.0427	7857.694
27	6	3572.452	7830.3354
27	7	3555.3728	7836.646
27	8	3559.651	7859.942
27	9	3575.3352	7879.5986
27	11	3579.407	7902.2783
27	12	3551.6448	7843.6377
27	13	3575.4524	7923.199
27	14	3549.8809	7839.874
27	15	3527.8958	7872.743
27	16	3593.1848	7854.0527
27	17	3540.5073	7839.761
27	18	3565.395	7808.916
27	19	3593.43	7850.362
27	20	3597.5024	7843.8003
27	21	3536.8467	7843.4854
27	22	3575.9429	7844.9556
27	23	3600.1836	7850.809
27	24	3541.806	7907.9346
27	25	3517.033	7871.886
27	28	3566.0356	7783.5967
27	29	3525.8674	7920.0635
27	30	3616.6187	7902.0713
27	31	3613.9014	7907.1567
27	38	3534.5845	7797.395
27	39	3531.9082	7797.6978
27	40	3529.208	7797.0366
27	41	3526.635	7797.608
27	42	3547.4011	7798.4863
27	43	3579.7947	7837.99
27	45	3516.5276	7796.847
27	48	3579.0583	7876.8457
27	50	3540.859	7914.1196
28	1	3533.2441	7850.468
28	2	3510.4219	7850.1235
28	3	3572.2405	7857.817
28	4	3571.3174	7843.758
28	5	3592.8862	7857.6855
28	6	3572.4539	7830.493
28	7	3555.5415	7836.639
28	8	3559.3784	7859.5435
28	9	3575.3296	7881.335
28	11	3579.359	7903.736
28	12	3551.6448	7843.6377
28	13	3575.4277	7924.891
28	14	3549.8809	7839.874
28	15	3527.8958	7872.743
28	16	3593.1848	7854.0527
28	17	3540.5073	7839.761
28	18	3565.4287	7807.4556
28	19	3593.4268	7850.3647
28	20	3598.4272	7843.8936
28	21	3537.1245	7843.483
28	22	3575.9297	7845.9897
28	23	3600.1938	7850.819
28	24	3541.806	7907.951
28	25	3517.033	7871.886
28	29	3525.7244	7920.0596
28	30	3616.6187	7902.0713
28	31	3613.9014	7907.1567
28	38	3534.5845	7797.395
28	39	3531.9082	7797.6978
28	40	3529.208	7797.0366
28	41	3526.635	7797.608
28	42	3547.4011	7798.4863
28	43	3579.8171	7839.0156
28	45	3516.5276	7796.847
28	48	3579.0562	7877.9766
28	50	3540.859	7914.1196
29	1	3532.3142	7850.405
29	2	3509.3892	7850.116
29	3	3572.2354	7857.708
29	4	3571.1882	7844.0474
29	5	3592.7087	7857.6943
29	6	3572.4585	7830.6816
29	7	3555.7178	7836.626
29	8	3559.0828	7859.1587
29	9	3575.3064	7883.3203
29	11	3579.3416	7905.108
29	12	3551.6448	7843.6377
29	13	3575.4124	7926.5903
29	14	3549.8809	7839.874
29	15	3527.8958	7872.743
29	16	3593.1848	7854.0527
29	17	3540.5073	7839.761
29	18	3565.4575	7806.0137
29	19	3593.4346	7850.3706
29	20	3599.3784	7843.9575
29	21	3537.4065	7843.4854
29	22	3575.915	7847.0117
29	23	3600.1667	7850.829
29	24	3541.809	7907.929
29	25	3517.033	7871.886
29	29	3525.544	7920.073
29	30	3616.6187	7902.0713
29	31	3613.9014	7907.1567
29	38	3534.5845	7797.395
29	39	3531.9082	7797.6978
29	40	3529.208	7797.0366
29	41	3526.635	7797.608
29	42	3547.4011	7798.4863
29	43	3579.8098	7840.05
29	45	3516.5276	7796.847
29	48	3579.0364	7879.125
29	50	3540.859	7914.1196
30	1	3531.3684	7850.3545
30	2	3508.6895	7850.0923
30	3	3572.2322	7857.5957
30	4	3571.0327	7844.369
30	5	3592.5254	7857.7144
30	6	3572.4546	7830.8516
30	7	3555.8901	7836.6167
30	8	3558.7644	7858.787
30	9	3575.2534	7885.9956
30	11	3579.3062	7906.4746
30	12	3551.6448	7843.6377
30	13	3575.406	7928.3037
30	14	3549.8809	7839.874
30	15	3527.8958	7872.743
30	16	3593.1848	7854.0527
30	17	3540.5073	7839.761
30	18	3565.4658	7804.5615
30	19	3593.4333	7850.3784
30	20	3600.3806	7844.007
30	21	3537.6772	7843.4937
30	22	3575.9001	7848.087
30	23	3600.1978	7850.844
30	24	3541.8037	7907.918
30	25	3517.033	7871.886
30	30	3616.6187	7902.0713
30	31	3613.9014	7907.1567
30	38	3534.5845	7797.395
30	39	3531.9082	7797.6978
30	40	3529.208	7797.0366
30	41	3526.635	7797.608
30	42	3547.4011	7798.4863
30	43	3579.8035	7841.136
30	45	3516.5276	7796.847
30	48	3579.0366	7880.361
30	50	3540.859	7914.1196
31	1	3530.438	7850.2915
31	2	3507.972	7850.0767
31	3	3572.2336	7857.4473
31	4	3570.8728	7844.683
31	5	3592.4944	7857.725
31	6	3572.4558	7831.016
31	7	3556.0571	7836.6
31	8	3558.4272	7858.428
31	9	3575.242	7887.7764
31	11	3579.2915	7907.842
31	12	3551.6448	7843.6377
31	13	3575.395	7930.0547
31	14	3549.8809	7839.874
31	15	3527.8958	7872.743
31	16	3593.1848	7854.0527
31	17	3540.5073	7839.761
31	18	3565.4998	7803.0903
31	19	3593.4211	7850.381
31	20	3601.3872	7844.04
31	21	3537.9385	7843.494
31	22	3575.897	7849.141
31	23	3600.1848	7850.8477
31	24	3541.805	7907.9297
31	25	3517.033	7871.886
31	30	3616.6187	7902.0713
31	31	3613.9014	7907.1567
31	38	3534.5845	7797.395
31	39	3531.9082	7797.6978
31	40	3529.208	7797.0366
31	41	3526.635	7797.608
31	42	3547.4011	7798.4863
31	43	3579.808	7842.2163
31	45	3516.5276	7796.847
31	48	3579.0774	7881.7744
31	50	3540.859	7914.1196
32	1	3529.494	7850.2383
32	2	3506.9507	7850.049
32	3	3572.2305	7857.2925
32	4	3570.6875	7845.0225
32	5	3592.3035	7857.7246
32	6	3572.468	7831.1797
32	7	3556.2253	7836.5815
32	8	3558.071	7858.085
32	9	3575.225	7889.539
32	11	3579.2676	7909.1895
32	12	3551.6448	7843.6377
32	13	3575.4036	7931.7783
32	14	3549.8809	7839.874
32	15	3527.8958	7872.743
32	16	3593.1848	7854.0527
32	17	3540.5073	7839.761
32	18	3565.5168	7801.605
32	19	3593.4424	7850.386
32	20	3602.3994	7844.055
32	21	3538.2007	7843.4927
32	22	3575.884	7850.186
32	23	3600.1895	7850.852
32	24	3541.805	7907.9497
32	25	3517.033	7871.886
32	29	3525.0925	7920.046
32	31	3613.9014	7907.1567
32	38	3534.5845	7797.395
32	39	3531.9082	7797.6978
32	40	3529.208	7797.0366
32	41	3526.635	7797.608
32	42	3547.4011	7798.4863
32	43	3579.8145	7843.29
32	44	3533.4607	7809.354
32	45	3516.5276	7796.847
32	48	3579.026	7883.1216
32	50	3540.859	7914.1196
33	1	3528.553	7850.19
33	2	3505.6616	7850.017
33	3	3572.2327	7857.1255
33	4	3570.4812	7845.387
33	5	3592.123	7857.7383
33	6	3572.4644	7831.357
33	7	3556.405	7836.5596
33	8	3557.6938	7857.7593
33	9	3575.2058	7891.265
33	11	3579.2493	7910.5166
33	12	3551.6448	7843.6377
33	14	3549.8809	7839.874
33	15	3527.8958	7872.743
33	16	3593.1848	7854.0527
33	17	3540.5073	7839.761
33	18	3565.5283	7800.155
33	19	3593.432	7850.3936
33	20	3603.4927	7844.055
33	21	3538.4287	7843.4985
33	22	3575.869	7851.2603
33	23	3600.1672	7850.858
33	24	3541.802	7907.93
33	25	3517.033	7871.886
33	31	3613.9014	7907.1567
33	38	3534.5845	7797.395
33	39	3531.9082	7797.6978
33	40	3529.208	7797.0366
33	41	3526.635	7797.608
33	42	3547.4011	7798.4863
33	43	3579.8167	7844.465
33	44	3533.4607	7809.354
33	45	3516.5276	7796.847
33	48	3579.011	7884.6504
33	50	3540.859	7914.1196
34	1	3527.6047	7850.1416
34	2	3505.1748	7850.0137
34	3	3572.2366	7856.927
34	4	3570.262	7845.732
34	5	3591.9536	7857.778
34	6	3572.463	7831.5317
34	7	3556.5718	7836.532
34	8	3557.3	7857.449
34	9	3575.1929	7892.9883
34	11	3579.24	7911.8643
34	12	3551.6448	7843.6377
34	14	3549.8809	7839.874
34	15	3527.8958	7872.743
34	16	3593.1848	7854.0527
34	17	3540.5073	7839.761
34	18	3565.5544	7798.7017
34	19	3593.4375	7850.394
34	20	3604.546	7844.048
34	21	3538.638	7843.502
34	22	3575.8555	7852.3135
34	23	3600.1548	7850.8677
34	24	3541.7898	7907.894
34	25	3517.033	7871.886
34	31	3613.9014	7907.1567
34	38	3534.5845	7797.395
34	39	3531.9082	7797.6978
34	40	3529.208	7797.0366
34	41	3526.635	7797.608
34	42	3547.4011	7798.4863
34	43	3579.8052	7845.6255
34	44	3533.4607	7809.354
34	45	3516.5276	7796.847
34	48	3578.9822	7886.055
34	50	3540.859	7914.1196
35	1	3526.6797	7850.095
35	2	3504.4873	7850.0312
35	3	3572.246	7856.6924
35	4	3570.0198	7846.091
35	6	3572.4685	7831.714
35	7	3556.736	7836.4976
35	8	3556.8896	7857.1504
35	9	3575.1687	7894.716
35	11	3579.2166	7913.2314
35	12	3551.6448	7843.6377
35	14	3549.8809	7839.874
35	15	3527.8958	7872.743
35	16	3593.1848	7854.0527
35	17	3540.5073	7839.761
35	18	3565.5674	7797.2563
35	19	3593.4087	7850.399
35	20	3605.553	7844.0435
35	21	3538.859	7843.5103
35	22	3575.8257	7853.462
35	23	3600.1406	7850.863
35	24	3541.7935	7907.9844
35	25	3517.033	7871.886
35	31	3613.9014	7907.1567
35	38	3534.5845	7797.395
35	39	3531.9082	7797.6978
35	40	3529.208	7797.0366
35	41	3526.635	7797.608
35	42	3547.4011	7798.4863
35	43	3579.783	7846.762
35	44	3533.4607	7809.354
35	45	3516.5276	7796.847
35	48	3578.974	7887.306
35	50	3540.859	7914.1196
36	1	3525.752	7850.0615
36	2	3503.0872	7850.0034
36	3	3572.2612	7856.4346
36	4	3569.7405	7846.492
36	6	3572.4612	7831.91
36	7	3556.9065	7836.4683
36	8	3556.46	7856.8716
36	9	3575.1475	7896.455
36	11	3579.1765	7914.6255
36	12	3551.6448	7843.6377
36	14	3549.8809	7839.874
36	15	3527.8958	7872.743
36	16	3593.1848	7854.0527
36	17	3540.5073	7839.761
36	18	3565.5767	7795.788
36	19	3593.4194	7850.4004
36	20	3606.6904	7844.025
36	21	3539.0713	7843.5073
36	22	3575.8044	7854.618
36	23	3600.104	7850.857
36	24	3541.7905	7907.946
36	25	3517.033	7871.886
36	31	3613.9014	7907.1567
36	38	3534.5845	7797.395
36	39	3531.9082	7797.6978
36	40	3529.208	7797.0366
36	41	3526.635	7797.608
36	42	3547.4011	7798.4863
36	43	3579.7651	7847.8877
36	44	3533.4607	7809.354
36	45	3516.5276	7796.847
36	46	3535.2231	7920.296
36	48	3578.9624	7888.513
36	50	3540.859	7914.1196
37	1	3524.8123	7850.0186
37	2	3502.1272	7850.0005
37	3	3572.2795	7856.1714
37	4	3569.4521	7846.881
37	6	3572.4666	7832.0815
37	7	3557.0935	7836.433
37	8	3556.014	7856.6113
37	9	3575.1338	7898.201
37	11	3579.1333	7915.9326
37	12	3551.6448	7843.6377
37	14	3549.8809	7839.874
37	15	3527.8958	7872.743
37	16	3593.1848	7854.0527
37	17	3540.5073	7839.761
37	18	3565.5854	7794.2603
37	19	3593.4094	7850.4067
37	20	3607.8162	7844.022
37	21	3539.25	7843.509
37	22	3575.795	7855.7163
37	23	3600.1353	7850.8643
37	24	3541.8066	7907.969
37	25	3517.033	7871.886
37	31	3613.9014	7907.1567
37	38	3534.5845	7797.395
37	39	3531.9082	7797.6978
37	40	3529.208	7797.0366
37	41	3526.635	7797.608
37	42	3547.4011	7798.4863
37	43	3579.7495	7849.0366
37	44	3533.4607	7809.354
37	45	3516.5276	7796.847
37	46	3535.0896	7920.268
37	48	3578.9636	7889.7334
37	50	3540.859	7914.1196
38	1	3523.8647	7849.9795
38	2	3501.1606	7850.0234
38	3	3572.3188	7855.8906
38	4	3569.161	7847.2456
38	5	3591.5647	7857.825
38	6	3572.4683	7832.2637
38	7	3557.264	7836.3906
38	8	3555.5537	7856.366
38	9	3575.1145	7899.981
38	11	3579.1052	7917.325
38	12	3551.6448	7843.6377
38	14	3549.8809	7839.874
38	15	3527.8958	7872.743
38	16	3593.1848	7854.0527
38	17	3540.5073	7839.761
38	18	3565.599	7792.78
38	19	3593.395	7850.4033
38	20	3608.9695	7844.011
38	21	3539.4297	7843.511
38	22	3575.7908	7856.8354
38	23	3600.1304	7850.8647
38	24	3541.8005	7907.983
38	25	3517.033	7871.886
38	38	3534.5845	7797.395
38	39	3531.9082	7797.6978
38	40	3529.208	7797.0366
38	41	3526.635	7797.608
38	42	3547.4011	7798.4863
38	43	3579.716	7850.1924
38	44	3533.4607	7809.354
38	45	3516.5276	7796.847
38	46	3534.989	7920.343
38	48	3578.973	7890.965
38	50	3540.859	7914.1196
39	1	3522.9255	7849.952
39	2	3500.367	7849.997
39	3	3572.3499	7855.6
39	4	3568.8477	7847.6123
39	6	3572.466	7832.4546
39	7	3557.4639	7836.3447
39	8	3555.0774	7856.142
39	9	3575.0942	7901.7563
39	11	3579.0752	7918.7373
39	12	3551.6448	7843.6377
39	14	3549.8809	7839.874
39	15	3527.8958	7872.743
39	16	3593.1848	7854.0527
39	17	3540.5073	7839.761
39	18	3565.6072	7791.3496
39	19	3593.394	7850.405
39	20	3610.1577	7843.987
39	21	3539.5828	7843.515
39	22	3575.7966	7857.909
39	23	3600.1443	7850.873
39	24	3541.808	7907.9814
39	25	3517.033	7871.886
39	38	3534.5845	7797.395
39	39	3531.9082	7797.6978
39	40	3529.208	7797.0366
39	41	3526.635	7797.608
39	42	3547.4011	7798.4863
39	43	3579.6897	7851.39
39	44	3533.4607	7809.354
39	45	3516.5276	7796.847
39	46	3534.8044	7920.358
39	48	3578.9675	7892.206
39	50	3540.859	7914.1196
40	1	3521.9617	7849.921
40	2	3499.4243	7849.9917
40	3	3572.4036	7855.271
40	4	3568.5146	7847.9805
40	5	3591.3284	7857.8438
40	6	3572.4631	7832.6353
40	7	3557.6567	7836.285
40	8	3554.5386	7855.9165
40	9	3575.0833	7903.4946
40	11	3579.0476	7920.127
40	12	3551.6448	7843.6377
40	14	3549.8809	7839.874
40	15	3527.8958	7872.743
40	16	3593.1848	7854.0527
40	17	3540.5073	7839.761
40	18	3565.6243	7789.8857
40	19	3593.3713	7850.4077
40	20	3611.2822	7843.9766
40	21	3539.7488	7843.515
40	22	3575.7861	7859.259
40	23	3600.131	7850.876
40	24	3541.799	7907.988
40	25	3517.033	7871.886
40	38	3534.5845	7797.395
40	39	3531.9082	7797.6978
40	40	3529.208	7797.0366
40	41	3526.635	7797.608
40	42	3547.4011	7798.4863
40	43	3579.665	7852.5596
40	44	3533.4607	7809.354
40	45	3516.5276	7796.847
40	46	3534.723	7920.365
40	48	3578.9565	7893.445
40	50	3540.859	7914.1196
41	1	3521.0322	7849.888
41	2	3499.14	7850.021
41	3	3572.471	7854.936
41	4	3568.1904	7848.316
41	5	3591.1401	7857.839
41	6	3572.4656	7832.829
41	7	3557.843	7836.2266
41	8	3554.0356	7855.7295
41	9	3575.073	7905.307
41	11	3579.015	7921.5645
41	12	3551.6448	7843.6377
41	14	3549.8809	7839.874
41	15	3527.8958	7872.743
41	16	3593.1848	7854.0527
41	17	3540.5073	7839.761
41	18	3565.6353	7788.43
41	19	3593.3708	7850.4165
41	20	3612.4822	7843.9624
41	21	3539.8857	7843.5093
41	22	3575.782	7860.339
41	23	3600.1133	7850.878
41	24	3541.8005	7908.01
41	25	3517.033	7871.886
41	38	3534.5845	7797.395
41	39	3531.9082	7797.6978
41	40	3529.208	7797.0366
41	41	3526.635	7797.608
41	42	3547.4011	7798.4863
41	43	3579.639	7853.7256
41	44	3533.4607	7809.354
41	45	3516.5276	7796.847
41	46	3534.7085	7920.3696
41	48	3578.9495	7894.7007
41	50	3540.859	7914.1196
42	1	3520.0815	7849.855
42	2	3497.7742	7850.011
42	3	3572.5544	7854.586
42	4	3567.8428	7848.6514
42	5	3591.0693	7857.861
42	6	3572.448	7833.025
42	7	3558.0562	7836.1587
42	8	3553.521	7855.5586
42	9	3575.0457	7907.106
42	11	3579.0103	7922.9844
42	12	3551.6448	7843.6377
42	14	3549.8809	7839.874
42	15	3527.8958	7872.743
42	16	3593.1848	7854.0527
42	17	3540.5073	7839.761
42	18	3565.6313	7786.9155
42	19	3593.3892	7850.4106
42	20	3613.6648	7843.9316
42	21	3540.0347	7843.513
42	22	3575.7856	7861.801
42	23	3600.1409	7850.8784
42	24	3541.8083	7907.99
42	25	3517.033	7871.886
42	38	3534.5845	7797.395
42	39	3531.9082	7797.6978
42	40	3529.208	7797.0366
42	41	3526.635	7797.608
42	42	3547.4011	7798.4863
42	43	3579.6262	7854.963
42	44	3533.4607	7809.354
42	45	3516.5276	7796.847
42	46	3534.6716	7920.34
42	48	3578.9446	7895.93
42	50	3540.859	7914.1196
42	54	3534.1453	7924.6157
43	1	3519.1333	7849.8394
43	2	3497.4458	7850.0317
43	3	3572.6619	7854.2163
43	4	3567.4863	7848.9834
43	5	3590.9915	7857.8545
43	6	3572.4429	7833.2344
43	7	3558.27	7836.078
43	8	3552.9927	7855.403
43	9	3575.0261	7908.9097
43	11	3579.011	7924.407
43	12	3551.6448	7843.6377
43	14	3549.8809	7839.874
43	15	3527.8958	7872.743
43	16	3593.1848	7854.0527
43	17	3540.5073	7839.761
43	18	3565.6387	7785.497
43	19	3593.38	7850.4194
43	20	3614.9094	7843.909
43	21	3540.169	7843.516
43	22	3575.778	7863.179
43	23	3600.069	7850.872
43	24	3541.8032	7907.976
43	25	3517.033	7871.886
43	38	3534.5845	7797.395
43	39	3531.9082	7797.6978
43	40	3529.208	7797.0366
43	41	3526.635	7797.608
43	42	3547.4011	7798.4863
43	43	3579.626	7856.114
43	44	3533.4607	7809.354
43	45	3516.5276	7796.847
43	48	3578.9573	7897.1235
43	50	3540.859	7914.1196
44	1	3518.16	7849.811
44	2	3496.4553	7850.0225
44	3	3572.7993	7853.827
44	4	3567.1196	7849.2974
44	5	3590.8755	7857.841
44	6	3572.4304	7833.463
44	7	3558.4927	7835.9917
44	8	3552.4531	7855.2627
44	9	3575.0098	7910.712
44	11	3578.9648	7925.7583
44	12	3551.6448	7843.6377
44	14	3549.8809	7839.874
44	15	3527.8958	7872.743
44	16	3593.1848	7854.0527
44	17	3540.5073	7839.761
44	18	3565.658	7784.046
44	19	3593.3745	7850.4243
44	20	3616.1511	7843.8833
44	21	3540.2847	7843.5176
44	22	3575.755	7864.5566
44	24	3541.8083	7907.9644
44	25	3517.033	7871.886
44	38	3534.5845	7797.395
44	39	3531.9082	7797.6978
44	40	3529.208	7797.0366
44	41	3526.635	7797.608
44	42	3547.4011	7798.4863
44	43	3579.6333	7857.3467
44	44	3533.4607	7809.354
44	45	3516.5276	7796.847
44	46	3534.614	7920.386
44	48	3578.9404	7898.3604
44	50	3540.859	7914.1196
45	1	3517.2021	7849.801
45	2	3496.5981	7850.069
45	3	3572.9614	7853.435
45	4	3566.7463	7849.6133
45	5	3590.8088	7857.8394
45	6	3572.413	7833.7007
45	7	3558.7083	7835.893
45	8	3551.9006	7855.143
45	9	3574.992	7912.5537
45	12	3551.6448	7843.6377
45	14	3549.8809	7839.874
45	15	3527.8958	7872.743
45	16	3593.1848	7854.0527
45	17	3540.5073	7839.761
45	18	3565.673	7782.597
45	19	3593.3594	7850.4233
45	20	3617.4019	7843.8555
45	21	3540.4028	7843.521
45	22	3575.7266	7866.051
45	24	3541.8174	7907.9907
45	25	3517.033	7871.886
45	38	3534.5845	7797.395
45	39	3531.9082	7797.6978
45	40	3529.208	7797.0366
45	41	3526.635	7797.608
45	42	3547.4011	7798.4863
45	43	3579.6206	7858.6753
45	44	3533.4607	7809.354
45	45	3516.5276	7796.847
45	46	3534.375	7920.4214
45	48	3578.927	7899.6187
45	54	3534.1453	7924.6157
46	1	3516.234	7849.7925
46	2	3494.7756	7850.018
46	3	3573.1567	7853.0166
46	4	3566.358	7849.9165
46	5	3590.686	7857.8555
46	6	3572.3926	7833.9785
46	7	3558.9595	7835.785
46	8	3551.3354	7855.0396
46	9	3574.9543	7914.364
46	12	3551.6448	7843.6377
46	14	3549.8809	7839.874
46	15	3527.8958	7872.743
46	16	3593.1848	7854.0527
46	17	3540.5073	7839.761
46	18	3565.6892	7781.117
46	19	3593.3606	7850.414
46	20	3618.6768	7843.824
46	21	3540.548	7843.527
46	22	3575.6973	7867.507
46	23	3600.1704	7850.855
46	24	3541.8096	7908.0054
46	25	3517.033	7871.886
46	38	3534.5845	7797.395
46	39	3531.9082	7797.6978
46	40	3529.208	7797.0366
46	41	3526.635	7797.608
46	42	3547.4011	7798.4863
46	43	3579.6304	7860.17
46	44	3533.4607	7809.354
46	45	3516.5276	7796.847
46	46	3534.2666	7920.42
46	47	3574.4277	7781.8574
46	48	3578.9333	7900.937
46	50	3540.859	7914.1196
46	54	3534.1453	7924.6157
47	1	3515.2783	7849.7856
47	2	3492.9475	7850.068
47	3	3573.3787	7852.6157
47	4	3565.9727	7850.1973
47	5	3590.6294	7857.872
47	6	3572.359	7834.2583
47	7	3559.2346	7835.641
47	8	3550.7598	7854.947
47	9	3574.935	7916.1914
47	12	3551.6448	7843.6377
47	14	3549.8809	7839.874
47	15	3527.8958	7872.743
47	16	3593.1848	7854.0527
47	17	3540.5073	7839.761
47	18	3565.7124	7779.612
47	19	3593.3823	7850.399
47	20	3619.9695	7843.8047
47	21	3540.6462	7843.5317
47	22	3575.678	7868.809
47	23	3600.1482	7850.8604
47	24	3541.8271	7908.02
47	25	3517.033	7871.886
47	38	3534.5845	7797.395
47	39	3531.9082	7797.6978
47	40	3529.208	7797.0366
47	41	3526.635	7797.608
47	42	3547.4011	7798.4863
47	43	3579.612	7861.9097
47	44	3533.4607	7809.354
47	45	3516.5276	7796.847
47	46	3534.1663	7920.437
47	47	3574.2915	7783.1606
47	48	3578.9348	7902.2065
47	50	3540.859	7914.1196
48	1	3514.2834	7849.7754
48	2	3492.537	7850.0776
48	3	3573.6633	7852.1567
48	4	3565.5525	7850.483
48	5	3590.5571	7857.8843
48	6	3572.323	7834.5557
48	7	3559.4895	7835.5073
48	8	3550.1746	7854.872
48	9	3574.92	7918.0444
48	12	3551.6448	7843.6377
48	14	3549.8809	7839.874
48	15	3527.8958	7872.743
48	16	3593.1848	7854.0527
48	17	3540.5073	7839.761
48	20	3621.2837	7843.7827
48	21	3540.7554	7843.535
48	22	3575.6616	7870.0806
48	24	3541.8125	7908.027
48	25	3517.033	7871.886
48	38	3534.5845	7797.395
48	39	3531.9082	7797.6978
48	40	3529.208	7797.0366
48	41	3526.635	7797.608
48	42	3547.4011	7798.4863
48	43	3579.5952	7863.4585
48	44	3533.4607	7809.354
48	45	3516.5276	7796.847
48	46	3534.1	7920.423
48	47	3574.1826	7784.5327
48	48	3578.9246	7903.504
48	50	3540.859	7914.1196
48	54	3534.1453	7924.6157
49	1	3513.2786	7849.7734
49	2	3491.1113	7850.0977
49	3	3573.9648	7851.7
49	4	3565.1328	7850.75
49	5	3590.4849	7857.895
49	6	3572.2708	7834.8735
49	7	3559.7434	7835.366
49	8	3549.5808	7854.8086
49	9	3574.896	7919.8677
49	12	3551.6448	7843.6377
49	14	3549.8809	7839.874
49	15	3527.8958	7872.743
49	16	3593.1848	7854.0527
49	17	3540.5073	7839.761
49	19	3593.4556	7850.4316
49	20	3622.537	7843.7817
49	21	3540.8635	7843.5405
49	22	3575.645	7871.355
49	24	3541.8225	7908.022
49	25	3517.033	7871.886
49	38	3534.5845	7797.395
49	39	3531.9082	7797.6978
49	40	3529.208	7797.0366
49	41	3526.635	7797.608
49	42	3547.4011	7798.4863
49	43	3579.5908	7864.852
49	44	3533.4607	7809.354
49	45	3516.5276	7796.847
49	46	3534.0837	7920.4126
49	47	3574.0789	7785.8984
49	48	3578.9253	7904.8125
49	50	3540.859	7914.1196
49	54	3534.1453	7924.6157
50	1	3512.2754	7849.778
50	2	3490.1758	7850.1084
50	3	3574.3071	7851.23
50	4	3564.717	7851.004
50	5	3590.4236	7857.9097
50	6	3572.2134	7835.2188
50	7	3560.0142	7835.2036
50	8	3548.9768	7854.7607
50	9	3574.8438	7921.7417
50	12	3551.6448	7843.6377
50	14	3549.8809	7839.874
50	15	3527.8958	7872.743
50	16	3593.1848	7854.0527
50	17	3540.5073	7839.761
50	19	3593.461	7850.441
50	20	3623.9053	7843.7627
50	21	3540.9663	7843.541
50	22	3575.6223	7872.6475
50	23	3600.1697	7850.857
50	24	3541.802	7908.029
50	25	3517.033	7871.886
50	38	3534.5845	7797.395
50	39	3531.9082	7797.6978
50	40	3529.208	7797.0366
50	41	3526.635	7797.608
50	42	3547.4011	7798.4863
50	43	3579.5781	7866.171
50	44	3533.4607	7809.354
50	45	3516.5276	7796.847
50	46	3533.966	7920.399
50	47	3573.986	7787.269
50	48	3578.923	7906.126
50	50	3540.859	7914.1196
51	1	3511.29	7849.778
51	2	3490.007	7850.1094
51	3	3574.701	7850.7563
51	4	3564.2485	7851.273
51	5	3590.4087	7857.9097
51	6	3572.145	7835.59
51	7	3560.2922	7835.0405
51	8	3548.3647	7854.73
51	9	3574.7722	7923.458
51	12	3551.6448	7843.6377
51	14	3549.8809	7839.874
51	15	3527.8958	7872.743
51	16	3593.1848	7854.0527
51	17	3540.5073	7839.761
51	19	3593.4333	7850.435
51	20	3625.3652	7843.7534
51	21	3541.0732	7843.549
51	22	3575.6008	7873.948
51	23	3600.1711	7850.866
51	24	3541.8	7908.0366
51	25	3517.033	7871.886
51	38	3534.5845	7797.395
51	39	3531.9082	7797.6978
51	40	3529.208	7797.0366
51	41	3526.635	7797.608
51	42	3547.4011	7798.4863
51	43	3579.5823	7867.4897
51	44	3533.4607	7809.354
51	45	3516.5276	7796.847
51	46	3533.8074	7920.4336
51	47	3573.8906	7788.6245
51	48	3578.9185	7907.409
51	54	3534.1453	7924.6157
52	1	3510.289	7849.7954
52	2	3487.9556	7850.111
52	3	3575.1455	7850.354
52	4	3563.8047	7851.51
52	5	3590.3481	7857.9204
52	6	3572.0686	7835.9663
52	7	3560.5598	7834.8613
52	8	3547.7483	7854.7085
52	9	3574.7341	7925.3633
52	12	3551.6448	7843.6377
52	14	3549.8809	7839.874
52	15	3527.8958	7872.743
52	16	3593.1848	7854.0527
52	17	3540.5073	7839.761
52	19	3593.4067	7850.408
52	21	3541.1655	7843.55
52	22	3575.5854	7875.2705
52	23	3600.2378	7850.882
52	24	3541.789	7908.0713
52	25	3517.033	7871.886
52	38	3534.5845	7797.395
52	39	3531.9082	7797.6978
52	40	3529.208	7797.0366
52	41	3526.635	7797.608
52	42	3547.4011	7798.4863
52	43	3579.5808	7868.8154
52	44	3533.4607	7809.354
52	45	3516.5276	7796.847
52	46	3533.786	7920.417
52	47	3573.8096	7790.0054
52	48	3578.9167	7908.7437
52	54	3534.1453	7924.6157
53	1	3509.2495	7849.7974
53	2	3487.0818	7850.1504
53	3	3575.5332	7849.915
53	4	3563.3218	7851.7554
53	5	3590.2837	7857.9204
53	6	3571.98	7836.3594
53	7	3560.8108	7834.6816
53	8	3547.1272	7854.702
53	12	3551.6448	7843.6377
53	14	3549.8809	7839.874
53	15	3527.8958	7872.743
53	16	3593.1848	7854.0527
53	17	3540.5073	7839.761
53	19	3593.3713	7850.4165
53	21	3541.2576	7843.552
53	22	3575.5679	7876.5693
53	23	3600.2034	7850.874
53	24	3541.8232	7908.1265
53	25	3517.033	7871.886
53	38	3534.5845	7797.395
53	39	3531.9082	7797.6978
53	40	3529.208	7797.0366
53	41	3526.635	7797.608
53	42	3547.4011	7798.4863
53	43	3579.5808	7870.1304
53	44	3533.4607	7809.354
53	45	3516.5276	7796.847
53	46	3533.7278	7920.435
53	47	3573.7354	7791.3037
53	48	3578.9124	7910.0728
53	49	3540.5159	7915.587
53	54	3534.1453	7924.6157
54	1	3508.2417	7849.815
54	2	3485.9653	7850.168
54	3	3575.9148	7849.558
54	4	3562.8408	7851.991
54	5	3590.2173	7857.922
54	6	3571.877	7836.769
54	7	3561.0566	7834.488
54	8	3546.5012	7854.704
54	12	3551.6448	7843.6377
54	14	3549.8809	7839.874
54	15	3527.8958	7872.743
54	16	3593.1848	7854.0527
54	17	3540.5073	7839.761
54	19	3593.3608	7850.42
54	21	3541.3433	7843.554
54	22	3575.555	7877.872
54	23	3600.2131	7850.8755
54	24	3541.829	7908.1416
54	25	3517.033	7871.886
54	38	3534.5845	7797.395
54	39	3531.9082	7797.6978
54	40	3529.208	7797.0366
54	41	3526.635	7797.608
54	42	3547.4011	7798.4863
54	43	3579.5823	7871.4307
54	44	3533.4607	7809.354
54	45	3516.5276	7796.847
54	46	3533.8152	7920.413
54	47	3573.6592	7792.611
54	48	3578.9404	7911.402
54	49	3540.4985	7915.738
54	54	3534.1453	7924.6157
54	61	3540.2725	7913.737
55	1	3507.2036	7849.8315
55	2	3485.241	7850.191
55	3	3576.3926	7849.177
55	4	3562.345	7852.219
55	5	3590.1716	7857.934
55	6	3571.754	7837.1787
55	7	3561.296	7834.266
55	8	3545.8696	7854.712
55	12	3551.6448	7843.6377
55	14	3549.8809	7839.874
55	15	3527.8958	7872.743
55	16	3593.1848	7854.0527
55	17	3540.5073	7839.761
55	19	3593.3694	7850.4233
55	21	3541.4265	7843.5547
55	22	3575.5493	7879.177
55	23	3600.1865	7850.8813
55	24	3541.8293	7908.185
55	25	3517.033	7871.886
55	38	3534.5845	7797.395
55	39	3531.9082	7797.6978
55	40	3529.208	7797.0366
55	41	3526.635	7797.608
55	42	3547.4011	7798.4863
55	43	3579.5884	7872.7783
55	44	3533.4607	7809.354
55	45	3516.5276	7796.847
55	46	3533.5579	7920.4233
55	47	3573.5894	7793.956
55	48	3578.9644	7912.731
55	49	3540.5046	7915.8477
55	54	3534.1453	7924.6157
55	61	3540.2595	7913.7896
56	1	3506.1821	7849.848
56	2	3483.3909	7850.1646
56	3	3576.8018	7848.839
56	4	3561.812	7852.441
56	5	3590.1028	7857.952
56	6	3571.622	7837.622
56	7	3561.5444	7834.0244
56	8	3545.2332	7854.7256
56	12	3551.6448	7843.6377
56	14	3549.8809	7839.874
56	15	3527.8958	7872.743
56	16	3593.1848	7854.0527
56	17	3540.5073	7839.761
56	19	3593.3535	7850.4385
56	21	3541.5283	7843.5757
56	22	3575.535	7880.476
56	23	3600.153	7850.8857
56	24	3541.8433	7908.2207
56	25	3517.033	7871.886
56	38	3534.5845	7797.395
56	39	3531.9082	7797.6978
56	40	3529.208	7797.0366
56	41	3526.635	7797.608
56	42	3547.4011	7798.4863
56	43	3579.585	7874.164
56	44	3533.4607	7809.354
56	45	3516.5276	7796.847
56	46	3533.4507	7920.4233
56	47	3573.5193	7795.2847
56	49	3540.4875	7915.9673
56	54	3534.1453	7924.6157
56	61	3540.2954	7913.9224
57	1	3505.1511	7849.7954
57	2	3483.409	7850.139
57	3	3577.5825	7848.436
57	4	3561.2185	7852.6245
57	5	3590.0762	7857.9604
57	6	3571.4143	7838.1
57	7	3561.8413	7833.708
57	8	3544.5908	7854.744
57	12	3551.6448	7843.6377
57	14	3549.8809	7839.874
57	15	3527.8958	7872.743
57	16	3593.1848	7854.0527
57	17	3540.5073	7839.761
57	19	3593.4312	7850.432
57	21	3541.583	7843.5674
57	22	3575.4963	7881.838
57	23	3600.2935	7850.8706
57	24	3541.763	7908.232
57	25	3517.033	7871.886
57	38	3534.5845	7797.395
57	39	3531.9082	7797.6978
57	40	3529.208	7797.0366
57	41	3526.635	7797.608
57	42	3547.4011	7798.4863
57	43	3579.5435	7875.463
57	44	3533.4607	7809.354
57	45	3516.5276	7796.847
57	46	3533.208	7920.338
57	47	3573.4766	7796.548
57	48	3578.881	7915.2793
57	49	3540.3638	7915.962
57	61	3540.296	7914.029
58	1	3504.086	7849.7983
58	2	3482.093	7850.1465
58	3	3578.2603	7848.023
58	4	3560.627	7852.8257
58	5	3590.06	7857.9717
58	6	3571.2183	7838.582
58	7	3562.098	7833.424
58	8	3543.9434	7854.7676
58	12	3551.6448	7843.6377
58	14	3549.8809	7839.874
58	15	3527.8958	7872.743
58	16	3593.1848	7854.0527
58	17	3540.5073	7839.761
58	19	3593.418	7850.4443
58	21	3541.648	7843.57
58	22	3575.4702	7883.216
58	23	3600.244	7850.8647
58	24	3541.7583	7908.25
58	25	3517.033	7871.886
58	38	3534.5845	7797.395
58	39	3531.9082	7797.6978
58	40	3529.208	7797.0366
58	41	3526.635	7797.608
58	42	3547.4011	7798.4863
58	43	3579.5308	7876.858
58	44	3533.4607	7809.354
58	45	3516.5276	7796.847
58	46	3533.2102	7920.327
58	47	3573.4207	7797.824
58	48	3578.8494	7916.787
58	49	3540.333	7916.074
58	61	3540.2878	7914.144
59	1	3503.072	7849.792
59	2	3480.005	7850.1904
59	3	3578.8796	7847.7104
59	4	3560.0557	7853.0103
59	5	3590.027	7857.9766
59	6	3571.0237	7839.0244
59	7	3562.3618	7833.118
59	8	3543.292	7854.7964
59	12	3551.6448	7843.6377
59	14	3549.8809	7839.874
59	15	3527.8958	7872.743
59	16	3593.1848	7854.0527
59	17	3540.5073	7839.761
59	19	3593.41	7850.4585
59	21	3541.7292	7843.5674
59	22	3575.4526	7884.6123
59	23	3600.1755	7850.835
59	24	3541.7515	7908.3345
59	25	3517.033	7871.886
59	38	3534.5845	7797.395
59	39	3531.9082	7797.6978
59	40	3529.208	7797.0366
59	41	3526.635	7797.608
59	42	3547.4011	7798.4863
59	43	3579.5386	7878.283
59	44	3533.4607	7809.354
59	45	3516.5276	7796.847
59	46	3533.174	7920.318
59	47	3573.3809	7799.099
59	48	3578.844	7918.045
59	49	3540.2783	7916.211
59	54	3534.1453	7924.6157
59	61	3540.33	7914.1973
60	1	3502.032	7849.788
60	2	3478.9717	7850.17
60	3	3579.5168	7847.429
60	4	3559.4558	7853.1914
60	5	3590.0256	7857.9805
60	6	3570.7852	7839.5205
60	7	3562.6252	7832.813
60	8	3542.6362	7854.828
60	12	3551.6448	7843.6377
60	14	3549.8809	7839.874
60	15	3527.8958	7872.743
60	16	3593.1848	7854.0527
60	17	3540.5073	7839.761
60	19	3593.3813	7850.4307
60	21	3541.7917	7843.564
60	22	3575.4275	7885.985
60	24	3541.7295	7908.393
60	25	3517.033	7871.886
60	38	3534.5845	7797.395
60	39	3531.9082	7797.6978
60	40	3529.208	7797.0366
60	41	3526.635	7797.608
60	42	3547.4011	7798.4863
60	43	3579.522	7879.6543
60	44	3533.4607	7809.354
60	45	3516.5276	7796.847
60	46	3533.1238	7920.321
60	47	3573.3315	7800.3726
60	48	3578.7874	7919.5913
60	49	3540.2258	7916.3193
60	54	3534.1453	7924.6157
61	1	3500.9639	7849.7803
61	2	3478.112	7850.1694
61	3	3580.2166	7847.152
61	4	3558.8103	7853.366
61	5	3589.995	7857.991
61	6	3570.5273	7839.999
61	7	3562.8843	7832.477
61	8	3541.977	7854.862
61	12	3551.6448	7843.6377
61	14	3549.8809	7839.874
61	15	3527.8958	7872.743
61	16	3593.1848	7854.0527
61	17	3540.5073	7839.761
61	19	3593.3896	7850.427
61	21	3541.8708	7843.5645
61	22	3575.3962	7887.3984
61	24	3541.7249	7908.454
61	25	3517.033	7871.886
61	38	3534.5845	7797.395
61	39	3531.9082	7797.6978
61	40	3529.208	7797.0366
61	41	3526.635	7797.608
61	42	3547.4011	7798.4863
61	43	3579.5115	7881.059
61	44	3533.4607	7809.354
61	45	3516.5276	7796.847
61	46	3533.0977	7920.2866
61	47	3573.2678	7801.639
61	49	3540.193	7916.446
61	54	3534.1453	7924.6157
62	1	3499.9126	7849.778
62	2	3476.499	7850.151
62	3	3580.9263	7846.893
62	4	3558.1682	7853.527
62	5	3589.9797	7857.997
62	6	3570.2341	7840.5137
62	7	3563.11	7832.1045
62	8	3541.3147	7854.8955
62	12	3551.6448	7843.6377
62	14	3549.8809	7839.874
62	15	3527.8958	7872.743
62	16	3593.1848	7854.0527
62	17	3540.5073	7839.761
62	19	3593.3987	7850.4346
62	21	3541.919	7843.569
62	22	3575.3618	7888.7817
62	24	3541.7144	7908.49
62	25	3517.033	7871.886
62	38	3534.5845	7797.395
62	39	3531.9082	7797.6978
62	40	3529.208	7797.0366
62	41	3526.635	7797.608
62	42	3547.4011	7798.4863
62	43	3579.5068	7882.485
62	44	3533.4607	7809.354
62	45	3516.5276	7796.847
62	46	3533.0789	7920.2983
62	47	3573.2097	7802.941
62	49	3540.1548	7916.4736
62	54	3534.1453	7924.6157
63	1	3498.821	7849.764
63	2	3475.983	7850.1562
63	3	3581.6836	7846.653
63	4	3557.4775	7853.6885
63	5	3589.9617	7858.002
63	6	3569.9282	7841.0137
63	7	3563.3013	7831.752
63	8	3540.6506	7854.9297
63	12	3551.6448	7843.6377
63	14	3549.8809	7839.874
63	15	3527.8958	7872.743
63	16	3593.1848	7854.0527
63	17	3540.5073	7839.761
63	19	3593.4138	7850.432
63	21	3541.9712	7843.5635
63	22	3575.3345	7890.172
63	24	3541.7146	7908.5493
63	25	3517.033	7871.886
63	38	3534.5845	7797.395
63	39	3531.9082	7797.6978
63	40	3529.208	7797.0366
63	41	3526.635	7797.608
63	42	3547.4011	7798.4863
63	43	3579.4949	7883.8896
63	44	3533.4607	7809.354
63	45	3516.5276	7796.847
63	46	3533.1067	7920.282
63	47	3573.1575	7804.1597
63	49	3540.1357	7916.614
64	1	3497.717	7849.7603
64	2	3474.5032	7850.1626
64	3	3582.4683	7846.4243
64	4	3556.7864	7853.836
64	5	3589.9363	7858.008
64	6	3569.5972	7841.518
64	7	3563.4912	7831.3364
64	8	3539.9854	7854.9644
64	12	3551.6448	7843.6377
64	14	3549.8809	7839.874
64	15	3527.8958	7872.743
64	16	3593.1848	7854.0527
64	17	3540.5073	7839.761
64	19	3593.4246	7850.437
64	21	3542.018	7843.5664
64	22	3575.3267	7891.5547
64	24	3541.7234	7908.5957
64	25	3517.033	7871.886
64	38	3534.5845	7797.395
64	39	3531.9082	7797.6978
64	40	3529.208	7797.0366
64	41	3526.635	7797.608
64	42	3547.4011	7798.4863
64	43	3579.4744	7885.3086
64	44	3533.4607	7809.354
64	45	3516.5276	7796.847
64	46	3533.1426	7920.273
64	47	3573.1108	7805.3247
64	49	3540.064	7916.7627
64	52	3579.9265	7798.988
64	54	3534.1453	7924.6157
65	1	3496.601	7849.75
65	2	3473.0793	7850.176
65	3	3583.23	7846.236
65	4	3556.1033	7853.968
65	5	3589.94	7858.0083
65	6	3569.238	7842.02
65	7	3563.6038	7830.9624
65	8	3539.32	7855.0
65	12	3551.6448	7843.6377
65	14	3549.8809	7839.874
65	15	3527.8958	7872.743
65	16	3593.1848	7854.0527
65	17	3540.5073	7839.761
65	19	3593.4084	7850.447
65	21	3542.0532	7843.565
65	22	3575.2878	7893.004
65	24	3541.7134	7908.611
65	25	3517.033	7871.886
65	38	3534.5845	7797.395
65	39	3531.9082	7797.6978
65	40	3529.208	7797.0366
65	41	3526.635	7797.608
65	42	3547.4011	7798.4863
65	43	3579.4517	7886.7334
65	44	3533.4607	7809.354
65	45	3516.5276	7796.847
65	46	3533.04	7920.2754
65	47	3573.0713	7806.542
65	49	3540.0205	7916.9346
65	51	3600.147	7850.918
65	52	3579.9197	7800.9556
65	54	3534.1453	7924.6157
66	1	3495.5107	7849.744
66	2	3472.0889	7850.1597
66	3	3584.0735	7846.047
66	4	3555.3093	7854.104
66	5	3589.9426	7858.01
66	6	3568.8652	7842.5103
66	7	3563.7947	7830.4863
66	8	3538.6548	7855.035
66	12	3551.6448	7843.6377
66	14	3549.8809	7839.874
66	15	3527.8958	7872.743
66	16	3593.1848	7854.0527
66	17	3540.5073	7839.761
66	19	3593.468	7850.441
66	21	3542.0935	7843.5615
66	22	3575.2683	7894.456
66	24	3541.704	7908.6997
66	25	3517.033	7871.886
66	38	3534.5845	7797.395
66	39	3531.9082	7797.6978
66	40	3529.208	7797.0366
66	41	3526.635	7797.608
66	42	3547.4011	7798.4863
66	43	3579.46	7888.1514
66	44	3533.4607	7809.354
66	45	3516.5276	7796.847
66	46	3533.02	7920.356
66	47	3573.0276	7807.727
66	49	3539.9785	7917.0327
66	51	3600.147	7850.918
66	52	3579.897	7802.9526
66	54	3534.1453	7924.6157
67	1	3494.3796	7849.739
67	2	3471.0476	7850.1377
67	3	3584.8813	7845.875
67	4	3554.5593	7854.222
67	5	3589.966	7857.994
67	6	3568.4614	7843.0103
67	7	3563.9258	7830.1167
67	8	3537.99	7855.071
67	12	3551.6448	7843.6377
67	14	3549.8809	7839.874
67	15	3527.8958	7872.743
67	16	3593.1848	7854.0527
67	17	3540.5073	7839.761
67	19	3593.4294	7850.4346
67	21	3542.1255	7843.5605
67	22	3575.235	7895.904
67	24	3541.6985	7908.7227
67	25	3517.033	7871.886
67	38	3534.5845	7797.395
67	39	3531.9082	7797.6978
67	40	3529.208	7797.0366
67	41	3526.635	7797.608
67	42	3547.4011	7798.4863
67	43	3579.4282	7889.617
67	44	3533.4607	7809.354
67	45	3516.5276	7796.847
67	46	3532.9111	7920.298
67	47	3572.9858	7808.8853
67	49	3539.9229	7917.199
67	51	3600.147	7850.918
67	52	3579.92	7804.893
67	53	3511.623	7873.6855
67	54	3534.1453	7924.6157
68	1	3493.2502	7849.73
68	2	3470.8948	7850.1387
68	3	3585.7134	7845.7075
68	4	3553.8362	7854.3174
68	5	3589.9675	7857.993
68	6	3568.03	7843.5044
68	7	3564.0554	7829.741
68	8	3537.325	7855.1064
68	12	3551.6448	7843.6377
68	14	3549.8809	7839.874
68	15	3527.8958	7872.743
68	16	3593.1848	7854.0527
68	17	3540.5073	7839.761
68	19	3593.3916	7850.437
68	21	3542.1555	7843.562
68	22	3575.2004	7897.1973
68	24	3541.6948	7908.8735
68	25	3517.033	7871.886
68	38	3534.5845	7797.395
68	39	3531.9082	7797.6978
68	40	3529.208	7797.0366
68	41	3526.635	7797.608
68	42	3547.4011	7798.4863
68	43	3579.4175	7891.135
68	44	3533.4607	7809.354
68	45	3516.5276	7796.847
68	46	3532.96	7920.3
68	47	3572.9446	7810.0547
68	49	3539.8901	7917.321
68	51	3600.147	7850.918
68	52	3579.9116	7806.879
68	53	3511.623	7873.6855
68	54	3534.1453	7924.6157
68	55	3462.5269	7839.631
69	1	3492.1333	7849.725
69	2	3468.7793	7850.13
69	3	3586.5725	7845.582
69	4	3553.1428	7854.395
69	5	3589.9492	7857.9995
69	6	3567.5786	7843.989
69	7	3564.196	7829.2593
69	8	3536.66	7855.14
69	12	3551.6448	7843.6377
69	14	3549.8809	7839.874
69	15	3527.8958	7872.743
69	16	3593.1848	7854.0527
69	17	3540.5073	7839.761
69	19	3593.3708	7850.433
69	21	3542.1914	7843.5654
69	22	3575.188	7898.6587
69	24	3541.6812	7908.9395
69	25	3517.033	7871.886
69	38	3534.5845	7797.395
69	39	3531.9082	7797.6978
69	40	3529.208	7797.0366
69	41	3526.635	7797.608
69	42	3547.4011	7798.4863
69	43	3579.3708	7892.672
69	44	3533.4607	7809.354
69	45	3516.5276	7796.847
69	46	3532.8433	7920.285
69	47	3572.9138	7811.1787
69	49	3539.8342	7917.4316
69	51	3600.147	7850.918
69	52	3579.906	7808.8853
69	53	3511.623	7873.6855
69	54	3534.1453	7924.6157
69	55	3463.8315	7839.65
70	1	3490.993	7849.719
70	2	3467.519	7850.127
70	3	3587.437	7845.4463
70	4	3552.4238	7854.467
70	5	3589.9524	7858.0015
70	6	3567.0952	7844.4604
70	7	3564.3186	7828.7593
70	8	3535.9976	7855.1724
70	12	3551.6448	7843.6377
70	14	3549.8809	7839.874
70	15	3527.8958	7872.743
70	16	3593.1848	7854.0527
70	17	3540.5073	7839.761
70	19	3593.3508	7850.4365
70	21	3542.215	7843.5664
70	22	3575.174	7900.1626
70	24	3541.6777	7909.027
70	25	3517.033	7871.886
70	38	3534.5845	7797.395
70	39	3531.9082	7797.6978
70	40	3529.208	7797.0366
70	41	3526.635	7797.608
70	42	3547.4011	7798.4863
70	43	3579.3806	7894.4497
70	44	3533.4607	7809.354
70	45	3516.5276	7796.847
70	46	3533.0325	7920.3267
70	47	3572.879	7812.284
70	49	3539.7837	7917.54
70	51	3600.147	7850.918
70	52	3579.9163	7810.821
70	53	3511.623	7873.6855
70	54	3534.1453	7924.6157
70	55	3465.0347	7839.656
71	1	3489.822	7849.708
71	2	3466.207	7850.1177
71	3	3588.3223	7845.3433
71	4	3551.6707	7854.5234
71	5	3589.939	7858.0005
71	6	3566.6025	7844.9243
71	7	3564.434	7828.2725
71	8	3535.337	7855.201
71	12	3551.6448	7843.6377
71	14	3549.8809	7839.874
71	15	3527.8958	7872.743
71	16	3593.1848	7854.0527
71	17	3540.5073	7839.761
71	19	3593.3276	7850.4355
71	21	3542.2297	7843.5693
71	22	3575.1548	7901.6396
71	24	3541.671	7909.127
71	25	3517.033	7871.886
71	38	3534.5845	7797.395
71	39	3531.9082	7797.6978
71	40	3529.208	7797.0366
71	41	3526.635	7797.608
71	42	3547.4011	7798.4863
71	43	3579.3425	7895.581
71	44	3533.4607	7809.354
71	45	3516.5276	7796.847
71	46	3532.9368	7920.2827
71	47	3572.8428	7813.437
71	49	3539.7063	7917.7163
71	51	3600.147	7850.918
71	53	3511.623	7873.6855
71	54	3534.1453	7924.6157
71	55	3466.325	7839.6636
71	56	3467.7527	7884.839
72	1	3488.6753	7849.71
72	2	3465.5784	7850.1304
72	3	3589.2444	7845.232
72	4	3550.9507	7854.5786
72	5	3589.9365	7857.9985
72	6	3566.0737	7845.388
72	7	3564.541	7827.739
72	8	3534.675	7855.227
72	12	3551.6448	7843.6377
72	14	3549.8809	7839.874
72	15	3527.8958	7872.743
72	16	3593.1848	7854.0527
72	17	3540.5073	7839.761
72	19	3593.3262	7850.434
72	21	3542.2466	7843.5654
72	22	3575.1423	7903.161
72	24	3541.6687	7909.217
72	25	3517.033	7871.886
72	38	3534.5845	7797.395
72	39	3531.9082	7797.6978
72	40	3529.208	7797.0366
72	41	3526.635	7797.608
72	42	3547.4011	7798.4863
72	43	3579.3474	7897.143
72	44	3533.4607	7809.354
72	45	3516.5276	7796.847
72	46	3532.7532	7920.2617
72	47	3572.7986	7814.526
72	49	3539.674	7917.7515
72	51	3600.147	7850.918
72	53	3511.623	7873.6855
72	55	3467.568	7839.656
72	56	3467.7527	7884.839
73	1	3487.5022	7849.69
73	2	3463.5166	7850.0737
73	3	3590.1758	7845.1235
73	4	3550.2	7854.6235
73	5	3589.9233	7857.997
73	6	3565.531	7845.826
73	7	3564.6343	7827.205
73	8	3534.0142	7855.251
73	12	3551.6448	7843.6377
73	14	3549.8809	7839.874
73	15	3527.8958	7872.743
73	16	3593.1848	7854.0527
73	17	3540.5073	7839.761
73	19	3593.3147	7850.436
73	21	3542.2683	7843.569
73	22	3575.123	7904.744
73	24	3541.661	7909.3125
73	25	3517.033	7871.886
73	38	3534.5845	7797.395
73	39	3531.9082	7797.6978
73	40	3529.208	7797.0366
73	41	3526.635	7797.608
73	42	3547.4011	7798.4863
73	43	3579.3696	7898.545
73	44	3533.4607	7809.354
73	45	3516.5276	7796.847
73	46	3532.6157	7920.2573
73	47	3572.7766	7815.587
73	49	3539.638	7917.833
73	51	3600.147	7850.918
73	52	3579.8884	7816.7847
73	53	3511.623	7873.6855
73	55	3468.8232	7839.6646
73	56	3467.7527	7884.839
74	1	3486.3284	7849.694
74	2	3462.434	7850.087
74	3	3591.1255	7845.017
74	4	3549.4995	7854.653
74	5	3589.9124	7857.994
74	6	3564.9524	7846.2686
74	7	3564.7214	7826.623
74	8	3533.3535	7855.273
74	12	3551.6448	7843.6377
74	14	3549.8809	7839.874
74	15	3527.8958	7872.743
74	16	3593.1848	7854.0527
74	17	3540.5073	7839.761
74	19	3593.3132	7850.439
74	21	3542.2703	7843.566
74	22	3575.1433	7906.171
74	24	3541.655	7909.414
74	25	3517.033	7871.886
74	38	3534.5845	7797.395
74	39	3531.9082	7797.6978
74	40	3529.208	7797.0366
74	41	3526.635	7797.608
74	42	3547.4011	7798.4863
74	43	3579.363	7899.9614
74	44	3533.4607	7809.354
74	46	3532.4631	7920.284
74	47	3572.7397	7816.6562
74	51	3600.147	7850.918
74	52	3579.8733	7818.8384
74	53	3511.623	7873.6855
74	55	3470.07	7839.682
74	56	3467.7527	7884.839
75	1	3485.1196	7849.682
75	2	3461.0266	7850.047
75	3	3592.0383	7844.9272
75	4	3548.7998	7854.6816
75	5	3589.902	7857.995
75	6	3564.3591	7846.6885
75	7	3564.7878	7826.0127
75	8	3532.693	7855.2954
75	12	3551.6448	7843.6377
75	14	3549.8809	7839.874
75	15	3527.8958	7872.743
75	16	3593.1848	7854.0527
75	17	3540.5073	7839.761
75	19	3593.3154	7850.4316
75	21	3542.2834	7843.5654
75	22	3575.1387	7907.6206
75	24	3541.6467	7909.481
75	25	3517.033	7871.886
75	38	3534.5845	7797.395
75	39	3531.9082	7797.6978
75	40	3529.208	7797.0366
75	41	3526.635	7797.608
75	42	3547.4011	7798.4863
75	43	3579.3462	7901.514
75	44	3533.4607	7809.354
75	46	3532.3396	7920.3105
75	47	3572.7112	7817.67
75	49	3539.5312	7918.029
75	51	3600.147	7850.918
75	52	3579.8516	7820.94
75	53	3511.623	7873.6855
75	55	3471.2898	7839.6855
75	56	3467.7527	7884.839
76	1	3483.9236	7849.671
76	2	3460.024	7850.045
76	3	3593.0469	7844.849
76	4	3548.1152	7854.6987
76	5	3589.896	7857.9966
76	6	3563.7188	7847.1016
76	7	3564.8523	7825.431
76	8	3532.0342	7855.314
76	12	3551.6448	7843.6377
76	14	3549.8809	7839.874
76	15	3527.8958	7872.743
76	16	3593.1848	7854.0527
76	17	3540.5073	7839.761
76	19	3593.3245	7850.423
76	21	3542.2954	7843.565
76	22	3575.124	7909.14
76	24	3541.6392	7909.5757
76	25	3517.033	7871.886
76	38	3534.5845	7797.395
76	39	3531.9082	7797.6978
76	40	3529.208	7797.0366
76	41	3526.635	7797.608
76	42	3547.4011	7798.4863
76	43	3579.337	7902.9062
76	44	3533.4607	7809.354
76	46	3532.4395	7920.357
76	47	3572.698	7818.734
76	49	3539.4624	7918.14
76	51	3600.147	7850.918
76	52	3579.8064	7822.8706
76	53	3511.623	7873.6855
76	55	3472.4524	7839.6846
76	56	3467.7527	7884.839
77	1	3482.699	7849.6616
77	2	3458.7554	7850.0244
77	3	3594.0151	7844.7905
77	4	3547.41	7854.7104
77	5	3589.8992	7858.0024
77	6	3563.0708	7847.4873
77	7	3564.9111	7824.872
77	8	3531.3757	7855.332
77	12	3551.6448	7843.6377
77	14	3549.8809	7839.874
77	15	3527.8958	7872.743
77	16	3593.1848	7854.0527
77	17	3540.5073	7839.761
77	19	3593.322	7850.431
77	21	3542.2944	7843.568
77	22	3575.1028	7910.5713
77	24	3541.6165	7909.696
77	25	3517.033	7871.886
77	38	3534.5845	7797.395
77	39	3531.9082	7797.6978
77	40	3529.208	7797.0366
77	41	3526.635	7797.608
77	42	3547.4011	7798.4863
77	43	3579.328	7904.3906
77	44	3533.4607	7809.354
77	46	3532.0593	7920.36
77	47	3572.6384	7819.7437
77	49	3539.451	7918.2397
77	51	3600.147	7850.918
77	52	3579.789	7824.834
77	53	3511.623	7873.6855
77	55	3473.6726	7839.698
77	56	3467.7527	7884.839
78	1	3481.4534	7849.657
78	2	3458.1355	7850.0234
78	3	3595.0273	7844.7266
78	4	3546.6797	7854.72
78	5	3589.8845	7858.012
78	6	3562.3857	7847.873
78	7	3564.959	7824.2275
78	8	3530.7214	7855.3467
78	12	3551.6448	7843.6377
78	14	3549.8809	7839.874
78	15	3527.8958	7872.743
78	16	3593.1848	7854.0527
78	17	3540.5073	7839.761
78	19	3593.3184	7850.4434
78	21	3542.2825	7843.567
78	22	3575.089	7912.135
78	24	3541.6233	7909.8037
78	25	3517.033	7871.886
78	38	3534.5845	7797.395
78	39	3531.9082	7797.6978
78	40	3529.208	7797.0366
78	41	3526.635	7797.608
78	42	3547.4011	7798.4863
78	43	3579.2993	7906.147
78	44	3533.4607	7809.354
78	47	3572.5942	7820.7393
78	49	3539.387	7918.318
78	51	3600.147	7850.918
78	52	3579.7585	7826.7896
78	53	3511.623	7873.6855
78	55	3474.8354	7839.6987
78	56	3467.7527	7884.839
79	1	3480.2266	7849.6304
79	2	3455.9243	7850.037
79	3	3596.0137	7844.6577
79	4	3545.988	7854.716
79	5	3589.9126	7858.0093
79	6	3561.6829	7848.221
79	7	3565.0112	7823.5156
79	8	3530.0693	7855.3623
79	12	3551.6448	7843.6377
79	14	3549.8809	7839.874
79	15	3527.8958	7872.743
79	16	3593.1848	7854.0527
79	17	3540.5073	7839.761
79	19	3593.3281	7850.44
79	21	3542.3008	7843.5693
79	22	3575.0762	7913.746
79	24	3541.6	7909.886
79	25	3517.033	7871.886
79	38	3534.5845	7797.395
79	39	3531.9082	7797.6978
79	40	3529.208	7797.0366
79	41	3526.635	7797.608
79	42	3547.4011	7798.4863
79	43	3579.289	7907.507
79	44	3533.4607	7809.354
79	46	3531.905	7920.3604
79	47	3572.5483	7821.764
79	49	3539.305	7918.391
79	51	3600.147	7850.918
79	52	3579.7173	7828.792
79	53	3511.623	7873.6855
79	55	3475.9534	7839.6943
79	56	3467.7527	7884.839
80	1	3478.9958	7849.617
80	2	3454.5623	7849.999
80	3	3597.0142	7844.6143
80	4	3545.2783	7854.7114
80	5	3589.882	7858.008
80	6	3560.9556	7848.567
80	7	3565.0586	7822.8677
80	8	3529.4202	7855.375
80	12	3551.6448	7843.6377
80	14	3549.8809	7839.874
80	15	3527.8958	7872.743
80	16	3593.1848	7854.0527
80	17	3540.5073	7839.761
80	19	3593.3196	7850.435
80	21	3542.2856	7843.5684
80	22	3575.0674	7915.2256
80	24	3541.599	7909.9883
80	25	3517.033	7871.886
80	38	3534.5845	7797.395
80	39	3531.9082	7797.6978
80	40	3529.208	7797.0366
80	41	3526.635	7797.608
80	42	3547.4011	7798.4863
80	43	3579.297	7909.029
80	44	3533.4607	7809.354
80	46	3531.8215	7920.345
80	47	3572.5103	7822.7603
80	49	3539.248	7918.4146
80	51	3600.147	7850.918
80	52	3579.691	7830.745
80	53	3511.623	7873.6855
80	55	3477.1172	7839.6978
80	56	3467.7527	7884.839
81	1	3477.7441	7849.6206
81	2	3453.3474	7849.9873
81	3	3597.979	7844.5693
81	4	3544.5708	7854.703
81	5	3589.8599	7858.007
81	6	3560.1997	7848.8833
81	7	3565.105	7822.235
81	8	3528.774	7855.3867
81	12	3551.6448	7843.6377
81	14	3549.8809	7839.874
81	15	3527.8958	7872.743
81	16	3593.1848	7854.0527
81	17	3540.5073	7839.761
81	19	3593.3003	7850.4316
81	21	3542.2842	7843.5674
81	22	3575.0332	7916.8164
81	24	3541.5889	7910.112
81	25	3517.033	7871.886
81	39	3531.9082	7797.6978
81	40	3529.208	7797.0366
81	41	3526.635	7797.608
81	42	3547.4011	7798.4863
81	43	3579.2764	7910.5063
81	44	3533.4607	7809.354
81	46	3531.7048	7920.3726
81	47	3572.4607	7823.7554
81	49	3539.2036	7918.501
81	51	3600.147	7850.918
81	52	3579.6707	7832.8447
81	53	3511.623	7873.6855
81	55	3478.2378	7839.7046
81	56	3467.7527	7884.839
81	62	3541.5015	7908.21
82	1	3476.532	7849.617
82	2	3451.7732	7850.0103
82	3	3599.0056	7844.5386
82	4	3543.887	7854.6934
82	5	3589.8206	7858.0093
82	6	3559.4285	7849.1675
82	7	3565.1484	7821.525
82	8	3528.1313	7855.3975
82	12	3551.6448	7843.6377
82	14	3549.8809	7839.874
82	15	3527.8958	7872.743
82	16	3593.1848	7854.0527
82	17	3540.5073	7839.761
82	19	3593.3142	7850.4307
82	21	3542.287	7843.5684
82	24	3541.5793	7910.2354
82	25	3517.033	7871.886
82	39	3531.9082	7797.6978
82	40	3529.208	7797.0366
82	41	3526.635	7797.608
82	42	3547.4011	7798.4863
82	43	3579.2559	7912.0513
82	44	3533.4607	7809.354
82	47	3572.411	7824.6855
82	49	3539.1292	7918.5884
82	51	3600.147	7850.918
82	52	3579.6526	7834.957
82	53	3511.623	7873.6855
82	55	3479.353	7839.7085
82	56	3467.7527	7884.839
82	59	3539.4714	7916.656
83	1	3475.2407	7849.6016
83	2	3450.495	7849.9966
83	3	3600.0312	7844.489
83	4	3543.1978	7854.6753
83	5	3589.7961	7858.022
83	6	3558.6414	7849.435
83	7	3565.1982	7820.7847
83	8	3527.4917	7855.4043
83	12	3551.6448	7843.6377
83	14	3549.8809	7839.874
83	15	3527.8958	7872.743
83	16	3593.1848	7854.0527
83	17	3540.5073	7839.761
83	19	3593.3345	7850.425
83	21	3542.2922	7843.5684
83	24	3541.5784	7910.3433
83	25	3517.033	7871.886
83	39	3531.9082	7797.6978
83	40	3529.208	7797.0366
83	41	3526.635	7797.608
83	42	3547.4011	7798.4863
83	44	3533.4607	7809.354
83	46	3531.6228	7920.348
83	47	3572.3535	7825.627
83	49	3539.0264	7918.6655
83	51	3600.147	7850.918
83	52	3579.617	7836.979
83	53	3511.623	7873.6855
83	55	3480.4443	7839.713
83	56	3467.7527	7884.839
83	57	3534.492	7797.476
83	58	3540.0928	7917.062
83	59	3539.4263	7916.7134
84	1	3474.0068	7849.587
84	2	3449.2542	7849.9805
84	3	3601.1885	7844.4375
84	4	3542.509	7854.6597
84	5	3589.7375	7858.0205
84	6	3557.8398	7849.676
84	7	3565.2373	7820.0645
84	8	3526.8564	7855.4106
84	12	3551.6448	7843.6377
84	14	3549.8809	7839.874
84	15	3527.8958	7872.743
84	16	3593.1848	7854.0527
84	17	3540.5073	7839.761
84	19	3593.3337	7850.43
84	21	3542.3086	7843.563
84	24	3541.5647	7910.4434
84	25	3517.033	7871.886
84	39	3531.9082	7797.6978
84	40	3529.208	7797.0366
84	41	3526.635	7797.608
84	42	3547.4011	7798.4863
84	44	3533.4607	7809.354
84	46	3531.6257	7920.362
84	47	3572.2878	7826.56
84	49	3538.9626	7918.7407
84	51	3600.147	7850.918
84	52	3579.607	7838.971
84	53	3511.623	7873.6855
84	55	3481.5051	7839.7183
84	56	3467.7527	7884.839
84	57	3534.492	7797.476
84	58	3540.0496	7917.1636
84	59	3539.339	7916.803
85	1	3472.7656	7849.568
85	2	3447.7737	7849.9336
85	3	3602.2314	7844.426
85	4	3541.8508	7854.651
85	5	3589.6982	7858.0303
85	6	3557.0352	7849.8975
85	7	3565.2747	7819.3174
85	8	3526.2236	7855.4165
85	12	3551.6448	7843.6377
85	14	3549.8809	7839.874
85	15	3527.8958	7872.743
85	16	3593.1848	7854.0527
85	17	3540.5073	7839.761
85	19	3593.3142	7850.428
85	21	3542.294	7843.562
85	24	3541.5305	7910.604
85	25	3517.033	7871.886
85	39	3531.9082	7797.6978
85	40	3529.208	7797.0366
85	41	3526.635	7797.608
85	42	3547.4011	7798.4863
85	44	3533.4607	7809.354
85	47	3572.223	7827.487
85	49	3538.8945	7918.844
85	51	3600.147	7850.918
85	52	3579.6118	7841.0757
85	53	3511.623	7873.6855
85	55	3482.5503	7839.7246
85	56	3467.7527	7884.839
85	57	3534.492	7797.476
85	58	3539.9885	7917.2485
85	59	3539.2935	7916.8877
86	1	3471.5247	7849.5273
86	2	3446.8428	7849.917
86	4	3541.1658	7854.6304
86	5	3589.6765	7858.038
86	6	3556.2124	7850.0894
86	7	3565.3171	7818.526
86	8	3525.5933	7855.4194
86	12	3551.6448	7843.6377
86	14	3549.8809	7839.874
86	15	3527.8958	7872.743
86	16	3593.1848	7854.0527
86	17	3540.5073	7839.761
86	19	3593.3284	7850.4287
86	21	3542.2937	7843.5615
86	24	3541.5393	7910.72
86	25	3517.033	7871.886
86	39	3531.9082	7797.6978
86	40	3529.208	7797.0366
86	41	3526.635	7797.608
86	42	3547.4011	7798.4863
86	44	3533.4607	7809.354
86	47	3572.1284	7828.4097
86	49	3538.9165	7918.896
86	51	3600.147	7850.918
86	52	3579.5676	7843.0996
86	53	3511.623	7873.6855
86	55	3483.5845	7839.7305
86	56	3467.7527	7884.839
86	57	3534.492	7797.476
86	58	3539.959	7917.3237
86	59	3539.2612	7916.9463
86	62	3541.2546	7908.8936
87	1	3470.256	7849.5137
87	2	3445.2168	7849.8843
87	4	3540.5327	7854.6255
87	5	3589.628	7858.0527
87	6	3555.4028	7850.2456
87	7	3565.3489	7817.7544
87	8	3524.9656	7855.421
87	12	3551.6448	7843.6377
87	14	3549.8809	7839.874
87	15	3527.8958	7872.743
87	16	3593.1848	7854.0527
87	17	3540.5073	7839.761
87	19	3593.3152	7850.4297
87	21	3542.3115	7843.565
87	24	3541.5457	7910.8477
87	25	3517.033	7871.886
87	39	3531.9082	7797.6978
87	40	3529.208	7797.0366
87	41	3526.635	7797.608
87	42	3547.4011	7798.4863
87	44	3533.4607	7809.354
87	47	3572.033	7829.329
87	49	3538.7788	7918.9624
87	51	3600.147	7850.918
87	52	3579.56	7845.228
87	53	3511.623	7873.6855
87	55	3484.6074	7839.735
87	56	3467.7527	7884.839
87	57	3534.492	7797.476
87	58	3539.9211	7917.3804
87	59	3539.234	7917.0503
87	62	3541.2175	7908.988
88	1	3468.9805	7849.478
88	2	3444.259	7849.869
88	4	3539.8462	7854.601
88	5	3589.5623	7858.056
88	6	3554.5671	7850.392
88	7	3565.395	7816.94
88	8	3524.341	7855.421
88	12	3551.6448	7843.6377
88	14	3549.8809	7839.874
88	15	3527.8958	7872.743
88	16	3593.1848	7854.0527
88	17	3540.5073	7839.761
88	19	3593.3157	7850.435
88	21	3542.2896	7843.5596
88	24	3541.5264	7910.997
88	25	3517.033	7871.886
88	39	3531.9082	7797.6978
88	40	3529.208	7797.0366
88	41	3526.635	7797.608
88	42	3547.4011	7798.4863
88	44	3533.4607	7809.354
88	46	3531.5374	7920.362
88	47	3571.9097	7830.2334
88	49	3538.7961	7919.035
88	51	3600.147	7850.918
88	52	3579.5623	7847.171
88	53	3511.623	7873.6855
88	55	3485.596	7839.7417
88	56	3467.7527	7884.839
88	57	3534.492	7797.476
88	58	3539.8584	7917.446
88	59	3539.1929	7917.1377
88	62	3541.1855	7909.1226
89	1	3467.8057	7849.4487
89	2	3442.7876	7849.9253
89	4	3539.213	7854.584
89	5	3589.4346	7858.005
89	6	3553.67	7850.5283
89	7	3565.3694	7816.099
89	8	3523.7202	7855.421
89	12	3551.6448	7843.6377
89	14	3549.8809	7839.874
89	15	3527.8958	7872.743
89	16	3593.1848	7854.0527
89	17	3540.5073	7839.761
89	19	3593.358	7850.398
89	21	3542.3247	7843.567
89	24	3541.5735	7910.955
89	25	3517.033	7871.886
89	39	3531.9082	7797.6978
89	40	3529.208	7797.0366
89	41	3526.635	7797.608
89	42	3547.4011	7798.4863
89	44	3533.4607	7809.354
89	47	3571.7751	7831.112
89	49	3538.7693	7918.9653
89	51	3600.147	7850.918
89	52	3579.5217	7849.252
89	53	3511.623	7873.6855
89	55	3486.6309	7839.7505
89	56	3467.7527	7884.839
89	57	3534.492	7797.476
89	58	3539.8171	7917.544
89	62	3541.1497	7909.147
90	1	3466.5498	7849.4307
90	2	3441.8152	7849.9043
90	4	3538.59	7854.572
90	5	3589.322	7858.038
90	6	3552.7573	7850.637
90	7	3565.3848	7815.3384
90	8	3523.1038	7855.419
90	12	3551.6448	7843.6377
90	14	3549.8809	7839.874
90	15	3527.8958	7872.743
90	16	3593.1848	7854.0527
90	17	3540.5073	7839.761
90	21	3542.3516	7843.5586
90	24	3541.5579	7911.112
90	25	3517.033	7871.886
90	39	3531.9082	7797.6978
90	40	3529.208	7797.0366
90	41	3526.635	7797.608
90	42	3547.4011	7798.4863
90	44	3533.4607	7809.354
90	46	3532.2856	7920.398
90	47	3571.6187	7831.98
90	49	3538.6948	7919.012
90	52	3579.509	7851.4546
90	53	3511.623	7873.6855
90	55	3487.6052	7839.7607
90	56	3467.7527	7884.839
90	57	3534.492	7797.476
90	62	3541.1846	7909.247
