0	1	4442.598	-1662.9219
0	2	4493.6313	-1667.8
0	3	4467.367	-1663.6827
0	4	4461.0337	-1667.2408
0	5	4458.808	-1670.5508
0	6	4472.5806	-1674.5426
0	7	4424.4565	-1673.331
0	8	4449.3887	-1655.4216
0	9	4519.5166	-1660.2106
0	10	4484.2305	-1622.6897
1	1	4443.2236	-1662.9441
1	2	4495.1685	-1667.8241
1	3	4468.3755	-1663.7244
1	4	4462.2334	-1667.2837
1	5	4459.61	-1670.5765
1	6	4473.661	-1674.5795
1	7	4425.5015	-1673.3555
1	8	4448.1616	-1655.4077
1	9	4518.9604	-1660.2028
1	10	4484.106	-1623.0906
1	11	4486.8335	-1614.2465
2	1	4443.908	-1662.9619
2	2	4496.6934	-1667.8542
2	3	4469.3438	-1663.7704
2	4	4463.4497	-1667.3247
2	5	4460.492	-1670.6078
2	6	4474.73	-1674.6156
2	7	4426.9175	-1673.3917
2	8	4446.9893	-1655.3795
2	9	4519.339	-1660.1936
2	10	4484.0015	-1623.3785
2	11	4486.6934	-1614.6271
3	1	4444.5986	-1662.9807
3	2	4498.2324	-1667.8843
3	3	4470.321	-1663.8191
3	4	4464.684	-1667.3662
3	5	4461.294	-1670.642
3	6	4475.793	-1674.6461
3	7	4428.2295	-1673.4285
3	8	4445.854	-1655.3673
3	9	4518.8965	-1660.1914
3	10	4484.0674	-1623.2522
3	11	4486.5938	-1614.9454
4	1	4445.3037	-1663.0001
4	2	4499.764	-1667.9154
4	3	4471.3296	-1663.8629
4	4	4465.936	-1667.4071
4	5	4462.1494	-1670.6649
4	6	4476.8867	-1674.6765
4	7	4429.5117	-1673.4644
4	8	4444.689	-1655.353
4	9	4518.422	-1660.183
4	10	4483.882	-1623.8795
4	11	4486.5405	-1615.1439
5	1	4446.0415	-1663.0227
5	2	4501.3096	-1667.9434
5	3	4472.3467	-1663.9058
5	4	4467.205	-1667.4489
5	5	4462.9717	-1670.7057
5	6	4477.979	-1674.7014
5	7	4430.801	-1673.5056
5	8	4443.4746	-1655.3417
5	9	4517.9116	-1660.1641
5	10	4483.8696	-1623.9098
6	1	4446.769	-1663.0442
6	2	4502.8657	-1667.9672
6	3	4473.368	-1663.9442
6	4	4468.4893	-1667.4907
6	5	4463.8516	-1670.7319
6	6	4479.0845	-1674.739
6	7	4432.0996	-1673.5448
6	8	4442.27	-1655.3195
6	9	4517.3994	-1660.1448
6	10	4483.6206	-1624.7754
6	11	4486.274	-1615.9636
7	1	4447.494	-1663.0713
7	2	4504.426	-1667.99
7	3	4474.3955	-1663.9937
7	4	4469.7896	-1667.5328
7	5	4464.75	-1670.7645
7	6	4480.2026	-1674.763
7	7	4433.362	-1673.5846
7	8	4441.0244	-1655.3005
7	9	4516.806	-1660.1213
7	10	4483.414	-1625.4625
8	1	4448.245	-1663.0981
8	2	4505.994	-1668.0122
8	3	4475.428	-1664.0431
8	4	4471.1045	-1667.5742
8	5	4465.6704	-1670.8027
8	6	4481.338	-1674.7924
8	7	4434.667	-1673.6345
8	8	4439.7896	-1655.276
8	9	4516.208	-1660.0968
8	10	4483.3076	-1625.8038
9	1	4449.035	-1663.1326
9	2	4507.5864	-1668.0212
9	3	4476.466	-1664.0779
9	4	4472.434	-1667.6168
9	5	4466.602	-1670.8383
9	6	4482.457	-1674.8223
9	7	4435.921	-1673.6752
9	8	4438.567	-1655.2584
9	9	4515.59	-1660.0684
9	10	4483.2163	-1626.1285
10	1	4449.782	-1663.1622
10	2	4509.199	-1668.0372
10	3	4477.495	-1664.1228
10	4	4473.7773	-1667.6586
10	5	4467.5454	-1670.861
10	6	4483.6025	-1674.8497
10	7	4437.186	-1673.7247
10	8	4437.2705	-1655.2432
10	9	4514.6567	-1660.0605
10	10	4483.099	-1626.5299
10	11	4485.8125	-1617.2618
11	1	4450.576	-1663.1893
11	2	4510.8047	-1668.0326
11	3	4478.5522	-1664.1598
11	4	4475.134	-1667.7002
11	5	4468.5	-1670.8956
11	6	4484.7393	-1674.8696
11	7	4438.4917	-1673.7627
11	8	4436.028	-1655.2246
11	9	4513.9526	-1660.045
11	10	4483.0264	-1626.8037
11	11	4485.6514	-1617.9092
11	20	4492.0034	-1596.6528
12	1	4451.364	-1663.2174
12	2	4512.4224	-1668.0302
12	3	4479.625	-1664.2047
12	4	4476.503	-1667.7428
12	5	4469.447	-1670.9291
12	6	4485.8965	-1674.8949
12	7	4439.7236	-1673.8077
12	8	4434.746	-1655.2078
12	9	4518.6533	-1660.1499
12	10	4482.992	-1626.9128
12	11	4485.523	-1618.241
12	20	4491.8047	-1597.0519
13	1	4452.1694	-1663.2451
13	2	4514.075	-1668.0134
13	3	4480.69	-1664.2487
13	4	4477.8853	-1667.7852
13	5	4470.4136	-1670.9576
13	6	4487.05	-1674.9155
13	7	4441.083	-1673.8547
13	8	4433.499	-1655.1926
13	9	4518.0923	-1660.1223
13	10	4482.86	-1627.3635
13	11	4485.4517	-1618.5038
13	20	4491.6924	-1597.3716
14	1	4453.014	-1663.2803
14	2	4515.6885	-1668.0015
14	3	4481.761	-1664.2932
14	4	4479.279	-1667.8265
14	5	4471.4004	-1670.9878
14	6	4488.2134	-1674.9368
14	7	4442.3145	-1673.8958
14	8	4432.174	-1655.1737
14	9	4517.456	-1660.0825
14	10	4482.713	-1627.8735
14	11	4485.2656	-1618.9878
15	1	4453.8545	-1663.311
15	2	4517.3564	-1667.9763
15	3	4482.8354	-1664.3319
15	4	4480.6846	-1667.8672
15	5	4472.4	-1671.0216
15	6	4489.3906	-1674.9615
15	7	4443.5825	-1673.9312
15	8	4430.864	-1655.1554
15	9	4516.8745	-1660.0651
15	10	4482.639	-1628.0206
15	20	4491.4478	-1598.164
16	1	4454.7046	-1663.3439
16	2	4519.0205	-1667.9458
16	3	4483.987	-1664.362
16	4	4482.1	-1667.9073
16	5	4473.406	-1671.0509
16	6	4490.5625	-1674.9775
16	7	4444.8174	-1673.9752
16	8	4429.534	-1655.1407
16	9	4516.286	-1660.0524
16	10	4482.4546	-1628.7561
16	11	4484.8984	-1620.1862
16	20	4491.318	-1598.5377
17	1	4455.5503	-1663.3788
17	2	4520.6704	-1667.9153
17	3	4485.0737	-1664.4037
17	4	4483.5264	-1667.9469
17	5	4474.4287	-1671.0826
17	6	4491.7627	-1674.9935
17	7	4446.102	-1674.0192
17	8	4428.197	-1655.1271
17	9	4516.028	-1660.0834
17	10	4482.2104	-1629.5387
17	11	4484.776	-1620.6116
17	20	4491.189	-1598.9412
18	1	4456.423	-1663.4104
18	2	4522.3486	-1667.8724
18	3	4486.2026	-1664.4417
18	4	4484.963	-1667.9866
18	5	4475.4746	-1671.1123
18	6	4492.9536	-1675.0126
18	7	4447.4004	-1674.0648
18	8	4426.9004	-1655.1168
18	9	4515.431	-1660.0714
18	11	4484.498	-1621.5005
18	20	4491.0396	-1599.3823
19	1	4457.313	-1663.4385
19	2	4524.0327	-1667.8386
19	3	4487.34	-1664.4702
19	4	4486.4087	-1668.026
19	5	4476.527	-1671.1486
19	6	4494.14	-1675.026
19	7	4448.6377	-1674.0986
19	8	4425.588	-1655.1018
19	9	4514.8535	-1660.0648
19	11	4484.226	-1622.3234
19	20	4490.914	-1599.7714
20	1	4458.193	-1663.467
20	2	4525.691	-1667.7981
20	3	4488.4785	-1664.4998
20	4	4487.8633	-1668.0673
20	5	4477.5674	-1671.1802
20	6	4495.3516	-1675.0409
20	7	4449.8774	-1674.134
20	8	4424.243	-1655.0978
20	9	4514.2524	-1660.0573
20	11	4484.034	-1622.9868
20	20	4490.797	-1600.1711
21	1	4459.0903	-1663.5034
21	2	4527.383	-1667.7532
21	3	4489.626	-1664.5104
21	4	4489.326	-1668.1052
21	5	4478.663	-1671.2136
21	6	4496.5664	-1675.0553
21	7	4451.1455	-1674.1788
21	8	4422.9014	-1655.0885
21	9	4513.663	-1660.0387
21	11	4483.851	-1623.5851
21	20	4490.693	-1600.5046
22	1	4459.9917	-1663.5309
22	2	4529.0474	-1667.7056
22	3	4490.791	-1664.5361
22	4	4490.7974	-1668.1471
22	5	4479.738	-1671.2476
22	6	4497.783	-1675.0715
22	7	4452.332	-1674.2194
22	8	4421.523	-1655.0612
22	9	4513.0664	-1660.0222
22	10	4481.8594	-1630.7651
22	20	4490.5645	-1600.8649
23	1	4460.9233	-1663.5665
23	2	4530.7207	-1667.6466
23	3	4491.955	-1664.5737
23	4	4492.276	-1668.1859
23	5	4480.848	-1671.2866
23	6	4499.018	-1675.0851
23	7	4453.6113	-1674.2627
23	8	4420.0835	-1655.026
23	9	4512.343	-1659.9979
23	10	4481.761	-1631.0421
23	20	4490.4497	-1601.2266
24	1	4461.88	-1663.598
24	2	4532.397	-1667.5988
24	3	4493.16	-1664.6069
24	4	4493.761	-1668.2263
24	5	4481.9365	-1671.3121
24	6	4500.2437	-1675.094
24	7	4454.856	-1674.3008
24	8	4418.6143	-1655.0011
24	9	4511.9336	-1659.9702
24	10	4481.6733	-1631.3268
24	20	4490.339	-1601.5891
25	1	4462.823	-1663.6317
25	2	4534.0024	-1667.5527
25	3	4494.35	-1664.6373
25	4	4495.255	-1668.2656
25	5	4483.0195	-1671.347
25	6	4501.4766	-1675.1055
25	7	4456.08	-1674.3329
25	9	4511.4062	-1659.9786
25	10	4481.591	-1631.586
25	20	4490.221	-1601.9604
26	1	4463.7803	-1663.6624
26	2	4535.654	-1667.5033
26	3	4495.5576	-1664.6536
26	4	4496.7554	-1668.3053
26	5	4484.1196	-1671.3834
26	6	4502.717	-1675.1166
26	7	4457.3257	-1674.3757
26	9	4510.9707	-1659.9734
26	10	4481.532	-1631.7886
26	20	4490.1123	-1602.3279
27	1	4464.765	-1663.6927
27	2	4537.29	-1667.4631
27	3	4496.7593	-1664.6819
27	4	4498.2607	-1668.3453
27	5	4485.22	-1671.4064
27	6	4503.955	-1675.1324
27	7	4458.5605	-1674.4116
27	9	4510.537	-1659.9661
27	10	4481.469	-1632.0082
27	20	4490.0044	-1602.6865
28	1	4465.755	-1663.7314
28	2	4538.912	-1667.4264
28	3	4497.9707	-1664.7097
28	4	4499.771	-1668.384
28	5	4486.306	-1671.4325
28	6	4505.208	-1675.1475
28	7	4459.822	-1674.4557
28	9	4510.0366	-1659.9608
28	10	4481.421	-1632.1802
28	20	4489.893	-1603.0659
29	1	4466.766	-1663.7635
29	2	4540.5376	-1667.3779
29	3	4499.1797	-1664.7275
29	4	4501.2866	-1668.4226
29	5	4487.397	-1671.4606
29	6	4506.4546	-1675.1648
29	7	4461.055	-1674.4937
29	9	4509.5107	-1659.9478
29	10	4481.3726	-1632.3458
29	20	4489.813	-1603.3447
30	1	4467.7925	-1663.7921
30	2	4542.1685	-1667.3257
30	3	4500.416	-1664.7565
30	4	4502.8066	-1668.462
30	5	4488.4824	-1671.4905
30	6	4507.7	-1675.1693
30	7	4462.295	-1674.5311
30	9	4508.9844	-1659.9312
30	10	4481.2773	-1632.632
31	1	4468.8022	-1663.8242
31	2	4543.7603	-1667.2772
31	3	4501.644	-1664.773
31	4	4504.33	-1668.4995
31	5	4489.583	-1671.5101
31	6	4508.944	-1675.1786
31	7	4463.495	-1674.5686
31	9	4508.418	-1659.9121
31	10	4481.279	-1632.6089
31	20	4489.6646	-1603.847
32	1	4469.8345	-1663.8589
32	2	4545.318	-1667.2408
32	3	4502.912	-1664.8043
32	4	4505.857	-1668.5364
32	5	4490.6763	-1671.5365
32	6	4510.1924	-1675.2034
32	7	4464.637	-1674.5837
32	9	4507.9795	-1659.8988
32	10	4481.0884	-1633.2142
33	1	4470.8745	-1663.8907
33	2	4546.887	-1667.206
33	3	4504.199	-1664.8356
33	4	4507.384	-1668.5732
33	5	4491.771	-1671.5587
33	6	4511.437	-1675.2191
33	7	4465.836	-1674.6146
33	9	4507.5156	-1659.8896
34	1	4471.9316	-1663.9181
34	2	4548.4253	-1667.1444
34	3	4505.4595	-1664.8683
34	4	4508.9116	-1668.6094
34	5	4492.8696	-1671.5779
34	6	4512.6797	-1675.2377
34	7	4467.2427	-1674.6477
34	9	4507.096	-1659.8889
35	1	4473.0312	-1663.955
35	2	4549.955	-1667.1049
35	3	4506.7393	-1664.8938
35	4	4510.44	-1668.6456
35	5	4493.9507	-1671.6008
35	6	4513.917	-1675.2477
35	7	4468.515	-1674.6864
35	9	4506.7383	-1659.8826
36	1	4474.081	-1663.9788
36	2	4551.461	-1667.0679
36	3	4508.009	-1664.9144
36	4	4511.968	-1668.6812
36	5	4495.0405	-1671.6124
36	6	4515.1616	-1675.2664
36	7	4469.8403	-1674.7167
36	9	4506.2925	-1659.8606
36	12	4588.6963	-1673.2222
37	1	4475.173	-1664.0052
37	2	4552.944	-1667.0336
37	3	4509.286	-1664.931
37	4	4513.493	-1668.7139
37	5	4496.1206	-1671.6299
37	6	4516.4067	-1675.2775
37	7	4471.023	-1674.7385
37	9	4505.846	-1659.8383
37	12	4588.6963	-1673.2222
38	1	4476.2783	-1664.0365
38	2	4554.4595	-1667.0028
38	3	4510.5703	-1664.9529
38	4	4515.0156	-1668.7474
38	5	4497.229	-1671.6477
38	6	4517.6436	-1675.2932
38	7	4472.359	-1674.7615
38	9	4505.352	-1659.8259
38	12	4588.6963	-1673.2222
39	1	4477.408	-1664.0647
39	2	4555.8965	-1666.9801
39	3	4511.859	-1664.975
39	4	4516.535	-1668.781
39	5	4498.299	-1671.6638
39	6	4518.8843	-1675.3208
39	7	4473.527	-1674.7847
39	9	4504.912	-1659.8102
39	12	4588.6963	-1673.2222
40	1	4478.533	-1664.0979
40	2	4557.365	-1666.9495
40	3	4513.1396	-1664.9899
40	4	4518.0537	-1668.8129
40	5	4499.395	-1671.6747
40	6	4520.1387	-1675.3395
40	7	4474.666	-1674.7998
40	9	4504.4683	-1659.7964
40	12	4588.6963	-1673.2222
41	1	4479.639	-1664.1284
41	2	4558.794	-1666.9231
41	3	4514.438	-1665.0132
41	4	4519.5693	-1668.8455
41	5	4500.4854	-1671.6904
41	6	4521.356	-1675.3644
41	7	4475.834	-1674.8228
41	9	4504.056	-1659.7977
41	12	4588.6963	-1673.2222
41	13	4596.628	-1677.3346
42	1	4480.794	-1664.1565
42	2	4560.2134	-1666.898
42	3	4515.7305	-1665.039
42	4	4521.0825	-1668.8768
42	5	4501.5728	-1671.7015
42	6	4522.6143	-1675.3928
42	7	4477.075	-1674.8396
42	9	4503.6377	-1659.7832
42	12	4588.6963	-1673.2222
42	13	4596.6665	-1677.2942
42	19	4480.2974	-1635.9374
43	1	4481.9585	-1664.1873
43	2	4561.6074	-1666.8828
43	3	4517.032	-1665.0493
43	4	4522.592	-1668.909
43	5	4502.6475	-1671.7115
43	6	4523.8394	-1675.4148
43	7	4478.2573	-1674.8492
43	9	4503.2534	-1659.7744
43	12	4588.6963	-1673.2222
43	13	4596.7124	-1677.2981
43	14	4600.207	-1673.6069
43	19	4480.2974	-1635.9374
44	1	4483.119	-1664.2158
44	2	4562.9395	-1666.8682
44	3	4518.3438	-1665.0768
44	4	4524.0977	-1668.94
44	5	4503.775	-1671.7318
44	6	4525.094	-1675.4448
44	7	4479.359	-1674.876
44	9	4502.8423	-1659.7584
44	12	4588.6963	-1673.2222
44	13	4596.5728	-1677.2887
44	14	4600.207	-1673.6069
44	19	4480.2974	-1635.9374
45	1	4484.319	-1664.25
45	2	4564.3374	-1666.8439
45	3	4519.6523	-1665.0952
45	4	4525.601	-1668.9717
45	5	4504.8384	-1671.7369
45	6	4526.3213	-1675.4707
45	7	4480.51	-1674.8959
45	9	4502.4805	-1659.7402
45	12	4588.6963	-1673.2222
45	13	4596.619	-1677.2698
45	14	4600.207	-1673.6069
45	16	4601.393	-1677.3108
45	19	4480.2974	-1635.9374
46	1	4485.519	-1664.2839
46	2	4565.65	-1666.8254
46	3	4520.9717	-1665.1125
46	4	4527.1006	-1669.0015
46	5	4505.939	-1671.7523
46	6	4527.5674	-1675.4954
46	7	4481.7783	-1674.899
46	9	4502.108	-1659.7284
46	12	4588.6963	-1673.2222
46	13	4596.3135	-1677.261
46	14	4600.207	-1673.6069
46	16	4601.393	-1677.3108
46	19	4480.2974	-1635.9374
47	1	4486.717	-1664.3132
47	2	4566.9473	-1666.815
47	3	4522.2974	-1665.1313
47	4	4528.5967	-1669.0311
47	5	4507.028	-1671.7599
47	6	4528.7866	-1675.5299
47	7	4482.9517	-1674.9564
47	9	4501.7383	-1659.7065
47	12	4588.6963	-1673.2222
47	13	4596.119	-1677.2617
47	14	4600.207	-1673.6069
47	16	4601.393	-1677.3108
47	19	4480.2974	-1635.9374
48	1	4487.9307	-1664.3423
48	2	4568.238	-1666.8029
48	3	4523.61	-1665.1449
48	4	4530.088	-1669.0598
48	5	4508.1147	-1671.7727
48	6	4529.9897	-1675.5576
48	7	4484.0107	-1674.9944
48	9	4501.367	-1659.6796
48	12	4588.6963	-1673.2222
48	13	4595.99	-1677.2749
48	14	4600.207	-1673.6069
48	15	4605.628	-1659.4963
48	16	4601.393	-1677.3108
48	19	4480.2974	-1635.9374
49	1	4489.1143	-1664.3826
49	2	4569.4897	-1666.8038
49	3	4524.929	-1665.1626
49	4	4531.575	-1669.088
49	5	4509.196	-1671.7786
49	6	4531.2026	-1675.5859
49	7	4485.0757	-1675.0358
49	9	4501.0	-1659.6656
49	12	4588.6963	-1673.2222
49	13	4595.9634	-1677.2645
49	14	4600.207	-1673.6069
49	15	4604.9424	-1659.4408
49	16	4601.393	-1677.3108
49	19	4480.2974	-1635.9374
50	1	4490.342	-1664.4021
50	2	4570.781	-1666.7957
50	3	4526.24	-1665.1794
50	4	4533.0566	-1669.1172
50	5	4510.291	-1671.7937
50	6	4532.395	-1675.6083
50	7	4486.3657	-1675.0586
50	9	4500.4927	-1659.6444
50	12	4588.6963	-1673.2222
50	13	4595.9116	-1677.267
50	14	4600.207	-1673.6069
50	15	4604.1064	-1659.2871
50	16	4601.393	-1677.3108
50	19	4480.2974	-1635.9374
51	1	4491.556	-1664.433
51	2	4571.989	-1666.793
51	3	4527.5454	-1665.2012
51	4	4534.5312	-1669.1451
51	5	4511.3936	-1671.8025
51	6	4533.594	-1675.6355
51	7	4487.46	-1675.0887
51	9	4493.8228	-1659.5505
51	12	4588.6963	-1673.2222
51	13	4595.915	-1677.2654
51	14	4600.207	-1673.6069
51	15	4603.3	-1659.1321
51	16	4601.393	-1677.3108
51	19	4480.2974	-1635.9374
52	1	4492.78	-1664.4623
52	2	4573.22	-1666.7887
52	3	4528.8643	-1665.2151
52	4	4536.0005	-1669.1718
52	5	4512.493	-1671.8152
52	6	4534.7666	-1675.6621
52	7	4488.6694	-1675.1171
52	12	4588.6963	-1673.2222
52	13	4595.8823	-1677.2555
52	14	4600.207	-1673.6069
52	15	4602.5005	-1658.995
52	16	4601.393	-1677.3108
52	17	4500.476	-1659.632
52	19	4480.2974	-1635.9374
53	1	4494.0366	-1664.4763
53	2	4574.4297	-1666.7793
53	3	4530.163	-1665.2283
53	4	4537.463	-1669.1985
53	5	4513.583	-1671.8274
53	6	4535.9355	-1675.6941
53	7	4489.814	-1675.144
53	12	4588.6963	-1673.2222
53	13	4595.8745	-1677.2646
53	14	4600.207	-1673.6069
53	15	4601.6997	-1658.875
53	16	4601.393	-1677.3108
53	17	4500.1646	-1659.6082
53	19	4480.2974	-1635.9374
54	1	4495.2764	-1664.4994
54	2	4575.61	-1666.7717
54	3	4531.4707	-1665.2511
54	4	4538.9194	-1669.2241
54	5	4514.666	-1671.8356
54	6	4537.1064	-1675.7229
54	7	4490.966	-1675.1703
54	12	4588.6963	-1673.2222
54	13	4595.8486	-1677.2673
54	14	4600.207	-1673.6069
54	15	4600.905	-1658.7633
54	16	4601.393	-1677.3108
54	17	4499.6836	-1659.5901
54	19	4480.2974	-1635.9374
55	1	4496.512	-1664.5183
55	2	4576.764	-1666.7605
55	3	4532.7817	-1665.2653
55	4	4540.3677	-1669.2506
55	5	4515.7646	-1671.8497
55	6	4538.2544	-1675.75
55	7	4492.1416	-1675.1942
55	12	4588.6963	-1673.2222
55	13	4595.8257	-1677.2688
55	14	4600.207	-1673.6069
55	15	4600.072	-1658.6653
55	16	4601.393	-1677.3108
55	17	4499.0073	-1659.5637
55	19	4480.2974	-1635.9374
56	1	4497.7397	-1664.537
56	2	4577.9087	-1666.7618
56	3	4534.0767	-1665.2814
56	4	4541.809	-1669.2766
56	5	4516.854	-1671.8612
56	6	4539.3906	-1675.7853
56	7	4493.284	-1675.2161
56	12	4588.6963	-1673.2222
56	13	4595.791	-1677.2621
56	14	4600.207	-1673.6069
56	15	4599.2715	-1658.6027
56	16	4601.393	-1677.3108
56	17	4498.849	-1659.55
56	19	4480.2974	-1635.9374
57	1	4498.9863	-1664.5613
57	2	4579.0137	-1666.7605
57	3	4535.407	-1665.2948
57	4	4543.241	-1669.3022
57	5	4517.972	-1671.8789
57	6	4540.515	-1675.8097
57	7	4494.3306	-1675.2314
57	12	4588.6963	-1673.2222
57	13	4595.7964	-1677.2542
57	14	4600.207	-1673.6069
57	15	4598.419	-1658.5431
57	16	4601.393	-1677.3108
57	17	4498.1157	-1659.5216
57	19	4480.2974	-1635.9374
58	1	4500.2173	-1664.5837
58	2	4580.107	-1666.7649
58	3	4536.6987	-1665.3151
58	4	4544.6626	-1669.3274
58	5	4519.0566	-1671.8977
58	6	4541.644	-1675.8395
58	7	4495.5073	-1675.255
58	12	4588.6963	-1673.2222
58	13	4595.7925	-1677.271
58	14	4600.207	-1673.6069
58	15	4597.559	-1658.4884
58	16	4601.393	-1677.3108
58	17	4497.662	-1659.4985
58	19	4480.2974	-1635.9374
59	1	4501.4307	-1664.6056
59	2	4581.148	-1666.7668
59	3	4537.9736	-1665.3221
59	4	4546.075	-1669.3522
59	5	4520.1465	-1671.9122
59	6	4542.7354	-1675.8605
59	7	4496.6787	-1675.2788
59	12	4588.6963	-1673.2222
59	13	4595.8145	-1677.2551
59	14	4600.207	-1673.6069
59	15	4596.715	-1658.4287
59	16	4601.393	-1677.3108
59	17	4497.3057	-1659.4677
59	19	4480.2974	-1635.9374
60	1	4502.65	-1664.637
60	2	4582.2075	-1666.7716
60	3	4539.283	-1665.3429
60	4	4547.4795	-1669.3749
60	5	4521.2188	-1671.9327
60	6	4543.83	-1675.8864
60	7	4497.866	-1675.3059
60	12	4588.6963	-1673.2222
60	13	4595.8135	-1677.2533
60	14	4600.207	-1673.6069
60	15	4595.8545	-1658.4012
60	16	4601.393	-1677.3108
60	17	4497.146	-1659.4584
60	19	4480.2974	-1635.9374
61	1	4503.916	-1664.6613
61	2	4583.219	-1666.772
61	3	4540.55	-1665.3557
61	4	4548.8726	-1669.3943
61	5	4522.2935	-1671.9519
61	6	4544.918	-1675.9138
61	7	4498.9814	-1675.3245
61	12	4588.6963	-1673.2222
61	13	4595.827	-1677.2518
61	14	4600.207	-1673.6069
61	15	4594.9697	-1658.3531
61	16	4601.393	-1677.3108
61	17	4497.192	-1659.4688
61	19	4480.2974	-1635.9374
62	1	4505.151	-1664.6958
62	2	4584.2246	-1666.7821
62	3	4541.827	-1665.3727
62	4	4550.257	-1669.4131
62	5	4523.3657	-1671.9745
62	6	4545.9863	-1675.9333
62	7	4500.2397	-1675.3519
62	12	4588.6963	-1673.2222
62	13	4595.845	-1677.2555
62	14	4600.207	-1673.6069
62	15	4594.0674	-1658.3213
62	16	4601.393	-1677.3108
62	17	4497.0894	-1659.4642
62	18	4618.6377	-1691.3165
63	1	4506.376	-1664.7179
63	2	4585.2046	-1666.7787
63	3	4543.09	-1665.3896
63	4	4551.6294	-1669.4307
63	5	4524.468	-1671.9908
63	6	4547.0522	-1675.955
63	7	4501.316	-1675.3732
63	12	4588.6963	-1673.2222
63	13	4595.883	-1677.2583
63	14	4600.207	-1673.6069
63	15	4593.183	-1658.2982
63	16	4601.393	-1677.3108
63	17	4497.001	-1659.4497
63	18	4618.731	-1691.0258
64	1	4507.6187	-1664.7428
64	2	4586.152	-1666.79
64	3	4544.339	-1665.3977
64	4	4552.9917	-1669.4482
64	5	4525.544	-1672.0104
64	6	4548.0996	-1675.9807
64	7	4502.4775	-1675.3826
64	12	4588.6963	-1673.2222
64	13	4595.9087	-1677.2771
64	14	4600.207	-1673.6069
64	15	4592.2944	-1658.2833
64	16	4601.393	-1677.3108
64	17	4496.72	-1659.437
64	18	4618.8467	-1690.7346
65	1	4508.8716	-1664.753
65	2	4587.077	-1666.7952
65	3	4545.5913	-1665.412
65	4	4554.342	-1669.464
65	5	4526.6265	-1672.0309
65	6	4549.1304	-1675.9995
65	7	4503.6284	-1675.4052
65	12	4588.6963	-1673.2222
65	13	4595.952	-1677.2756
65	14	4600.207	-1673.6069
65	15	4591.39	-1658.2598
65	16	4601.393	-1677.3108
65	17	4496.9185	-1659.4409
65	18	4618.961	-1690.3633
66	1	4510.0947	-1664.7804
66	2	4587.9614	-1666.8044
66	3	4546.8345	-1665.4293
66	4	4555.6797	-1669.4791
66	5	4527.692	-1672.045
66	6	4550.1562	-1676.018
66	7	4504.796	-1675.4327
66	12	4588.6963	-1673.2222
66	13	4596.011	-1677.2781
66	14	4600.207	-1673.6069
66	15	4590.4746	-1658.2368
66	16	4601.393	-1677.3108
66	17	4497.0815	-1659.4414
66	18	4619.023	-1690.2155
67	1	4511.34	-1664.7947
67	2	4588.839	-1666.7998
67	3	4548.0737	-1665.438
67	4	4557.006	-1669.4941
67	5	4528.776	-1672.0659
67	6	4551.157	-1676.0356
67	7	4506.004	-1675.455
67	12	4588.6963	-1673.2222
67	13	4596.051	-1677.2852
67	14	4600.207	-1673.6069
67	15	4589.572	-1658.2207
67	16	4601.393	-1677.3108
67	17	4497.081	-1659.436
67	18	4619.1763	-1689.6556
68	1	4512.5474	-1664.8217
68	2	4589.6826	-1666.7987
68	3	4549.298	-1665.4556
68	4	4558.3193	-1669.5087
68	5	4529.8213	-1672.0829
68	6	4552.149	-1676.061
68	7	4507.174	-1675.4778
68	12	4588.6963	-1673.2222
68	13	4596.111	-1677.2821
68	14	4600.207	-1673.6069
68	15	4588.6597	-1658.2
68	16	4601.393	-1677.3108
68	17	4497.099	-1659.4225
68	18	4619.0684	-1690.1278
69	1	4513.7793	-1664.8502
69	2	4590.484	-1666.806
69	3	4550.5166	-1665.4681
69	4	4559.62	-1669.5225
69	5	4530.8843	-1672.103
69	6	4553.134	-1676.0751
69	7	4508.339	-1675.5048
69	12	4588.6963	-1673.2222
69	13	4596.1387	-1677.2812
69	14	4600.207	-1673.6069
69	15	4587.733	-1658.1783
69	16	4601.393	-1677.3108
69	17	4497.001	-1659.4298
69	18	4619.269	-1689.453
70	1	4515.016	-1664.8793
70	2	4591.2827	-1666.8107
70	3	4551.719	-1665.4855
70	4	4560.9087	-1669.5364
70	5	4531.9185	-1672.1248
70	6	4554.1	-1676.0906
70	7	4509.4214	-1675.5282
70	12	4588.6963	-1673.2222
70	13	4596.1196	-1677.2797
70	14	4600.207	-1673.6069
70	15	4586.7876	-1658.1603
70	16	4601.393	-1677.3108
70	17	4497.302	-1659.4479
70	18	4619.2427	-1689.5261
71	1	4516.2485	-1664.9025
71	2	4592.046	-1666.8251
71	3	4552.913	-1665.5007
71	4	4562.1826	-1669.5509
71	5	4532.945	-1672.1459
71	6	4555.0527	-1676.1088
71	7	4510.5107	-1675.5488
71	12	4588.6963	-1673.2222
71	13	4596.1475	-1677.2933
71	14	4600.207	-1673.6069
71	15	4585.8374	-1658.1444
71	16	4601.393	-1677.3108
71	17	4497.1494	-1659.4424
71	18	4619.4814	-1688.785
72	1	4517.443	-1664.926
72	2	4592.7695	-1666.8374
72	3	4554.0874	-1665.5074
72	4	4563.443	-1669.5631
72	5	4533.967	-1672.1687
72	6	4555.9673	-1676.1296
72	7	4511.556	-1675.5643
72	12	4588.6963	-1673.2222
72	13	4596.222	-1677.2985
72	14	4600.207	-1673.6069
72	15	4584.88	-1658.1261
72	16	4601.393	-1677.3108
72	17	4497.007	-1659.4376
72	18	4619.478	-1688.8696
73	1	4518.669	-1664.9318
73	2	4593.461	-1666.8562
73	3	4555.271	-1665.522
73	4	4564.689	-1669.576
73	5	4534.991	-1672.1895
73	6	4556.907	-1676.1423
73	7	4512.608	-1675.5825
73	12	4588.6963	-1673.2222
73	13	4596.449	-1677.2734
73	14	4600.207	-1673.6069
73	15	4583.9126	-1658.1084
73	16	4601.393	-1677.3108
73	17	4496.9756	-1659.4348
73	18	4619.672	-1688.3116
74	1	4519.8813	-1664.955
74	2	4594.135	-1666.8617
74	3	4556.4385	-1665.539
74	4	4565.9204	-1669.5884
74	5	4535.995	-1672.2114
74	6	4557.815	-1676.1608
74	7	4513.6753	-1675.6116
74	12	4588.6963	-1673.2222
74	13	4596.59	-1677.2885
74	14	4600.207	-1673.6069
74	15	4582.9585	-1658.0898
74	16	4601.393	-1677.3108
74	17	4496.762	-1659.4213
74	18	4619.936	-1687.5458
75	1	4521.1035	-1664.9801
75	2	4594.779	-1666.8745
75	3	4557.5938	-1665.554
75	4	4567.1377	-1669.6011
75	5	4536.969	-1672.2335
75	6	4558.6963	-1676.173
75	7	4514.684	-1675.6279
75	12	4588.6963	-1673.2222
75	13	4596.919	-1677.3007
75	14	4600.207	-1673.6069
75	15	4581.9863	-1658.0697
75	16	4601.393	-1677.3108
75	17	4496.461	-1659.3992
75	18	4620.043	-1687.3223
76	1	4522.3276	-1664.986
76	2	4595.392	-1666.885
76	3	4558.7397	-1665.5687
76	4	4568.3394	-1669.6144
76	5	4537.973	-1672.2539
76	6	4559.5825	-1676.1832
76	7	4515.7466	-1675.6569
76	12	4588.6963	-1673.2222
76	13	4597.4927	-1677.2942
76	14	4600.207	-1673.6069
76	15	4581.0063	-1658.0498
76	16	4601.393	-1677.3108
76	17	4496.3936	-1659.4034
76	18	4620.2163	-1686.8671
77	1	4523.513	-1664.9923
77	2	4595.977	-1666.8931
77	3	4559.884	-1665.5873
77	4	4569.526	-1669.6261
77	5	4538.97	-1672.2731
77	6	4560.441	-1676.2059
77	7	4516.7134	-1675.6653
77	12	4588.6963	-1673.2222
77	13	4597.824	-1677.2985
77	14	4600.207	-1673.6069
77	15	4580.0254	-1658.024
77	16	4601.393	-1677.3108
77	17	4496.3867	-1659.4144
77	18	4620.4907	-1686.2667
78	1	4524.732	-1665.0118
78	2	4596.534	-1666.901
78	3	4561.0103	-1665.6014
78	4	4570.696	-1669.6404
78	5	4539.93	-1672.2893
78	6	4561.299	-1676.2208
78	7	4517.7524	-1675.6914
78	12	4588.6963	-1673.2222
78	13	4598.212	-1677.2839
78	14	4600.207	-1673.6069
78	15	4579.017	-1658.0028
78	16	4601.393	-1677.3108
78	17	4496.2925	-1659.423
78	18	4620.4346	-1686.3938
79	1	4525.9395	-1665.0339
79	2	4597.0576	-1666.9098
79	3	4562.117	-1665.6171
79	4	4571.849	-1669.6528
79	5	4540.9067	-1672.3086
79	6	4562.145	-1676.2333
79	7	4518.7734	-1675.7013
79	12	4588.6963	-1673.2222
79	13	4598.4526	-1677.2701
79	14	4600.207	-1673.6069
79	15	4578.02	-1657.9901
79	16	4601.393	-1677.3108
79	17	4496.2085	-1659.4315
79	18	4620.334	-1686.689
80	1	4527.144	-1665.0571
80	2	4597.5454	-1666.9176
80	3	4563.212	-1665.6304
80	4	4572.985	-1669.6652
80	5	4541.8594	-1672.3243
80	6	4562.9614	-1676.2349
80	7	4519.883	-1675.7238
80	12	4588.6963	-1673.2222
80	13	4598.698	-1677.2668
80	14	4600.207	-1673.6069
80	15	4577.0317	-1657.964
80	16	4601.393	-1677.3108
80	17	4496.212	-1659.4371
80	18	4620.4736	-1686.3853
81	1	4528.388	-1665.0753
81	2	4598.0156	-1666.9268
81	3	4564.3086	-1665.6512
81	4	4574.1035	-1669.679
81	5	4542.8022	-1672.3414
81	6	4563.767	-1676.2574
81	7	4520.9414	-1675.7511
81	12	4588.6963	-1673.2222
81	13	4598.9937	-1677.2798
81	14	4600.207	-1673.6069
81	15	4576.0376	-1657.9495
81	16	4601.393	-1677.3108
81	17	4496.024	-1659.4397
81	18	4620.5557	-1686.2377
82	1	4529.569	-1665.1139
82	2	4598.468	-1666.9283
82	3	4565.3774	-1665.6707
82	4	4575.2056	-1669.6921
82	5	4543.7314	-1672.357
82	6	4564.546	-1676.268
82	7	4521.995	-1675.7715
82	12	4588.6963	-1673.2222
82	13	4599.4585	-1677.2809
82	14	4600.207	-1673.6069
82	15	4575.0312	-1657.9241
82	17	4496.344	-1659.443
82	18	4620.6323	-1686.122
83	1	4530.772	-1665.1293
83	2	4598.874	-1666.9304
83	3	4566.4287	-1665.6838
83	4	4576.288	-1669.7065
83	5	4544.6606	-1672.374
83	6	4565.3247	-1676.2839
83	7	4523.0312	-1675.7943
83	12	4588.6963	-1673.2222
83	13	4600.5034	-1677.2839
83	14	4600.207	-1673.6069
83	15	4574.023	-1657.8914
83	17	4496.2095	-1659.4287
83	18	4620.6445	-1686.0747
83	21	4595.8027	-1677.2651
83	22	4652.008	-1659.9274
84	1	4531.9478	-1665.1588
84	2	4599.262	-1666.9349
84	3	4567.473	-1665.7046
84	4	4577.3506	-1669.7224
84	5	4545.5967	-1672.3967
84	6	4566.0693	-1676.2906
84	7	4524.1133	-1675.8138
84	12	4588.6963	-1673.2222
84	13	4601.032	-1677.2677
84	14	4600.207	-1673.6069
84	15	4572.998	-1657.8545
84	17	4495.6787	-1659.4171
84	18	4620.695	-1685.9291
84	21	4595.8784	-1677.2473
84	22	4652.008	-1659.9274
84	23	4638.2305	-1708.8392
85	1	4533.1357	-1665.1709
85	2	4599.622	-1666.9373
85	3	4568.4907	-1665.7158
85	4	4578.3936	-1669.7389
85	5	4546.5137	-1672.4147
85	6	4566.824	-1676.3065
85	7	4525.045	-1675.8293
85	12	4588.6963	-1673.2222
85	13	4601.239	-1677.2623
85	14	4600.207	-1673.6069
85	15	4571.96	-1657.822
85	17	4496.482	-1659.4314
85	18	4620.656	-1686.0078
85	21	4595.748	-1677.2256
85	22	4652.008	-1659.9274
85	23	4638.268	-1708.8086
85	24	4625.765	-1676.6514
86	1	4534.3096	-1665.1979
86	2	4599.9536	-1666.9386
86	3	4569.4976	-1665.7388
86	4	4579.4165	-1669.7561
86	5	4547.409	-1672.4333
86	6	4567.548	-1676.3242
86	7	4525.935	-1675.8392
86	12	4588.6963	-1673.2222
86	13	4601.4033	-1677.2577
86	14	4600.207	-1673.6069
86	15	4570.9326	-1657.7806
86	18	4620.5776	-1686.2666
86	21	4595.757	-1677.2126
86	22	4652.008	-1659.9274
86	23	4638.196	-1708.9175
86	24	4626.1533	-1676.4021
87	1	4535.4556	-1665.2467
87	2	4600.264	-1666.9357
87	3	4570.491	-1665.7563
87	4	4580.4194	-1669.7731
87	5	4548.3096	-1672.4534
87	6	4568.2554	-1676.3394
87	7	4526.968	-1675.8615
87	12	4588.6963	-1673.2222
87	13	4601.467	-1677.2483
87	14	4600.207	-1673.6069
87	15	4569.87	-1657.7445
87	18	4620.8594	-1685.749
87	21	4595.7886	-1677.198
87	22	4652.008	-1659.9274
87	23	4638.2554	-1708.9282
88	1	4536.6606	-1665.2668
88	2	4600.5586	-1666.9379
88	3	4571.461	-1665.776
88	4	4581.4	-1669.7896
88	5	4549.188	-1672.4691
88	6	4568.9424	-1676.3486
88	7	4527.969	-1675.889
88	12	4588.6963	-1673.2222
88	13	4601.467	-1677.2441
88	14	4600.207	-1673.6069
88	15	4568.82	-1657.7076
88	18	4620.969	-1685.5425
88	21	4595.8135	-1677.182
88	22	4652.008	-1659.9274
88	23	4638.2334	-1708.9941
88	25	4640.811	-1622.3164
89	1	4537.827	-1665.2847
89	2	4600.829	-1666.939
89	3	4572.4307	-1665.7948
89	4	4582.3594	-1669.8075
89	5	4550.074	-1672.4822
89	6	4569.631	-1676.3579
89	7	4528.891	-1675.9092
89	12	4588.6963	-1673.2222
89	13	4601.5103	-1677.2323
89	14	4600.207	-1673.6069
89	15	4567.732	-1657.6671
89	18	4620.9136	-1685.669
89	21	4595.797	-1677.1747
89	22	4652.008	-1659.9274
89	23	4638.2954	-1708.9891
89	24	4627.304	-1675.7472
89	25	4640.988	-1621.3981
90	1	4538.9897	-1665.3269
90	2	4601.086	-1666.941
90	3	4573.3604	-1665.8184
90	4	4583.297	-1669.8247
90	5	4550.936	-1672.5059
90	6	4570.293	-1676.3716
90	7	4529.7954	-1675.9329
90	12	4588.6963	-1673.2222
90	13	4601.555	-1677.2354
90	14	4600.207	-1673.6069
90	15	4566.6304	-1657.6217
90	18	4621.138	-1685.1729
90	21	4595.7915	-1677.1648
90	22	4652.008	-1659.9274
90	23	4638.192	-1708.991
90	24	4627.7363	-1675.5582
90	25	4641.1553	-1620.4652
