0	1	8789.229	11129.64
0	2	8789.368	11116.265
0	3	8790.975	11134.576
0	4	8822.309	11107.388
0	5	8822.071	11110.715
0	6	8810.599	11110.619
0	7	8829.973	11147.719
0	8	8832.921	11148.117
0	9	8772.793	11127.792
0	10	8768.06	11099.279
0	11	8772.92	11130.4
0	13	8784.292	11158.04
0	14	8783.526	11160.594
1	1	8789.23	11129.6
1	2	8789.351	11115.814
1	3	8790.877	11134.552
1	4	8821.936	11107.387
1	5	8821.786	11110.714
1	6	8810.607	11110.617
1	7	8829.973	11147.719
1	8	8832.921	11148.117
1	9	8772.793	11127.792
1	10	8768.102	11099.279
1	11	8772.915	11130.395
1	13	8784.292	11158.04
1	14	8783.526	11160.594
2	1	8789.231	11129.583
2	2	8789.359	11115.366
2	3	8790.877	11134.594
2	4	8821.572	11107.385
2	5	8821.522	11110.715
2	6	8810.588	11110.622
2	7	8829.973	11147.719
2	8	8832.921	11148.117
2	9	8772.793	11127.792
2	10	8768.123	11099.277
2	11	8772.915	11130.366
2	13	8784.292	11158.04
2	14	8783.526	11160.594
3	1	8789.23	11129.54
3	2	8789.361	11114.911
3	3	8790.951	11134.621
3	4	8821.218	11107.384
3	5	8821.273	11110.716
3	6	8810.59	11110.617
3	7	8829.973	11147.719
3	8	8832.921	11148.117
3	9	8772.793	11127.792
3	10	8768.134	11099.284
3	11	8772.925	11130.36
3	12	8835.668	11162.075
3	13	8784.292	11158.04
3	14	8783.526	11160.594
4	1	8789.23	11129.493
4	2	8789.386	11114.44
4	3	8790.939	11134.608
4	4	8820.873	11107.382
4	5	8821.034	11110.721
4	6	8810.58	11110.616
4	7	8829.973	11147.719
4	8	8832.921	11148.117
4	9	8772.793	11127.792
4	10	8768.147	11099.28
4	11	8772.943	11130.332
4	12	8835.662	11162.198
4	13	8784.292	11158.04
4	14	8783.526	11160.594
5	1	8789.227	11129.44
5	2	8789.408	11113.959
5	3	8790.94	11134.6045
5	4	8820.537	11107.381
5	5	8820.808	11110.711
5	6	8810.576	11110.624
5	7	8829.973	11147.719
5	8	8832.921	11148.117
5	9	8772.793	11127.792
5	10	8768.171	11099.277
5	11	8772.891	11130.354
5	12	8835.704	11162.215
5	13	8784.292	11158.04
5	14	8783.526	11160.594
6	1	8789.223	11129.381
6	2	8789.455	11113.443
6	3	8790.949	11134.57
6	4	8820.21	11107.38
6	5	8820.573	11110.711
6	6	8810.58	11110.622
6	7	8829.973	11147.719
6	8	8832.921	11148.117
6	9	8772.793	11127.792
6	10	8768.171	11099.283
6	11	8772.8955	11130.328
6	12	8835.717	11162.226
6	13	8784.292	11158.04
6	14	8783.526	11160.594
7	1	8789.228	11129.309
7	2	8789.513	11112.9375
7	3	8790.956	11134.545
7	4	8819.892	11107.378
7	5	8820.36	11110.708
7	6	8810.571	11110.621
7	7	8829.973	11147.719
7	8	8832.921	11148.117
7	9	8772.793	11127.792
7	10	8768.169	11099.278
7	11	8772.882	11130.34
7	12	8835.743	11162.227
7	13	8784.292	11158.04
7	14	8783.526	11160.594
8	1	8789.222	11129.208
8	2	8789.589	11112.422
8	3	8790.954	11134.561
8	4	8819.582	11107.377
8	5	8820.156	11110.703
8	6	8810.577	11110.62
8	7	8829.973	11147.719
8	8	8832.921	11148.117
8	9	8772.793	11127.792
8	10	8768.17	11099.287
8	11	8772.902	11130.31
8	12	8835.751	11162.274
8	13	8784.292	11158.04
8	14	8783.526	11160.594
9	1	8789.221	11129.087
9	2	8789.687	11111.874
9	3	8790.959	11134.556
9	4	8819.28	11107.376
9	5	8819.949	11110.704
9	6	8810.578	11110.624
9	7	8829.973	11147.719
9	8	8832.921	11148.117
9	9	8772.793	11127.792
9	10	8768.171	11099.281
9	11	8772.909	11130.281
9	12	8835.791	11162.285
9	13	8784.292	11158.04
9	14	8783.526	11160.594
10	1	8789.222	11128.925
10	2	8789.814	11111.331
10	3	8790.962	11134.548
10	4	8818.986	11107.374
10	5	8819.757	11110.7
10	6	8810.595	11110.625
10	7	8829.973	11147.719
10	8	8832.921	11148.117
10	9	8772.793	11127.792
10	10	8768.195	11099.283
10	11	8772.898	11130.276
10	12	8835.807	11162.207
10	13	8784.292	11158.04
10	14	8783.526	11160.594
11	1	8789.219	11128.741
11	2	8789.976	11110.77
11	3	8790.975	11134.535
11	4	8818.7	11107.372
11	5	8819.592	11110.698
11	6	8810.609	11110.623
11	7	8829.973	11147.719
11	8	8832.921	11148.117
11	9	8772.793	11127.792
11	10	8768.192	11099.284
11	11	8772.884	11130.259
11	12	8835.826	11162.21
11	13	8784.292	11158.04
11	14	8783.526	11160.594
12	1	8789.208	11128.5625
12	2	8790.151	11110.217
12	3	8790.978	11134.525
12	4	8818.423	11107.371
12	5	8819.422	11110.699
12	6	8810.6045	11110.623
12	7	8829.973	11147.719
12	8	8832.921	11148.117
12	9	8772.793	11127.792
12	10	8768.181	11099.277
12	11	8772.872	11130.25
12	12	8835.847	11162.209
12	13	8784.292	11158.04
12	14	8783.526	11160.594
13	1	8789.206	11128.335
13	2	8790.36	11109.656
13	3	8790.979	11134.516
13	4	8818.154	11107.369
13	5	8819.268	11110.702
13	6	8810.612	11110.622
13	7	8829.973	11147.719
13	8	8832.921	11148.117
13	9	8772.793	11127.792
13	10	8768.207	11099.255
13	11	8772.889	11130.254
13	12	8835.863	11162.228
13	13	8784.292	11158.04
13	14	8783.526	11160.594
14	1	8789.208	11128.101
14	2	8790.601	11109.116
14	3	8790.983	11134.487
14	4	8817.894	11107.368
14	5	8819.12	11110.706
14	6	8810.616	11110.625
14	7	8829.973	11147.719
14	8	8832.921	11148.117
14	9	8772.793	11127.792
14	10	8768.196	11099.28
14	11	8772.875	11130.278
14	12	8835.901	11162.311
14	13	8784.292	11158.04
14	14	8783.526	11160.594
15	1	8789.207	11127.839
15	2	8790.864	11108.575
15	3	8790.976	11134.47
15	4	8817.643	11107.367
15	5	8818.973	11110.704
15	6	8810.619	11110.622
15	7	8829.973	11147.719
15	8	8832.921	11148.117
15	9	8772.793	11127.792
15	10	8768.187	11099.281
15	11	8772.891	11130.229
15	12	8835.937	11162.284
15	13	8784.292	11158.04
15	14	8783.526	11160.594
16	1	8789.202	11127.543
16	2	8791.156	11108.025
16	3	8790.962	11134.463
16	4	8817.4	11107.365
16	5	8818.834	11110.702
16	6	8810.617	11110.624
16	7	8829.973	11147.719
16	8	8832.921	11148.117
16	9	8772.793	11127.792
16	10	8768.186	11099.284
16	11	8772.893	11130.26
16	12	8837.246	11161.293
16	13	8784.292	11158.04
16	14	8783.526	11160.594
17	1	8789.198	11127.244
17	2	8791.471	11107.483
17	3	8790.967	11134.439
17	4	8817.166	11107.364
17	5	8818.704	11110.706
17	6	8810.613	11110.622
17	7	8829.973	11147.719
17	8	8832.921	11148.117
17	9	8772.793	11127.792
17	10	8768.183	11099.282
17	11	8772.915	11130.256
17	12	8836.97	11161.225
17	13	8784.292	11158.04
17	14	8783.526	11160.594
18	1	8789.198	11126.924
18	2	8791.82	11106.957
18	3	8790.963	11134.416
18	4	8816.938	11107.363
18	5	8818.588	11110.703
18	6	8810.625	11110.618
18	7	8829.973	11147.719
18	8	8832.921	11148.117
18	9	8772.793	11127.792
18	10	8768.198	11099.285
18	11	8772.891	11130.215
18	13	8784.292	11158.04
18	14	8783.526	11160.594
19	1	8789.194	11126.592
19	2	8792.194	11106.422
19	3	8790.969	11134.387
19	4	8816.721	11107.362
19	5	8818.473	11110.707
19	6	8810.62	11110.622
19	7	8829.973	11147.719
19	8	8832.921	11148.117
19	9	8772.793	11127.792
19	10	8768.189	11099.284
19	11	8772.867	11130.444
19	13	8784.292	11158.04
19	14	8783.526	11160.594
20	1	8789.196	11126.269
20	2	8792.6	11105.903
20	3	8790.968	11134.357
20	4	8816.511	11107.361
20	5	8818.377	11110.705
20	6	8810.621	11110.619
20	7	8829.973	11147.719
20	8	8832.921	11148.117
20	9	8772.793	11127.792
20	10	8768.196	11099.288
20	11	8772.948	11130.183
20	13	8784.292	11158.04
20	14	8783.526	11160.594
21	1	8789.188	11125.936
21	2	8793.035	11105.402
21	3	8790.969	11134.343
21	4	8816.309	11107.359
21	5	8818.295	11110.704
21	6	8810.619	11110.614
21	7	8829.973	11147.719
21	8	8832.921	11148.117
21	9	8772.793	11127.792
21	10	8768.192	11099.286
21	13	8784.292	11158.04
21	15	8892.591	11110.472
22	1	8789.184	11125.605
22	2	8793.498	11104.911
22	3	8790.976	11134.304
22	4	8816.114	11107.358
22	5	8818.217	11110.701
22	6	8810.612	11110.616
22	7	8829.973	11147.719
22	8	8832.921	11148.117
22	9	8772.793	11127.792
22	10	8768.192	11099.288
22	13	8784.292	11158.04
22	15	8891.2	11110.499
23	1	8789.167	11125.275
23	2	8793.998	11104.433
23	3	8790.981	11134.251
23	4	8815.928	11107.356
23	5	8818.143	11110.7
23	6	8810.609	11110.617
23	7	8829.973	11147.719
23	8	8832.921	11148.117
23	9	8772.793	11127.792
23	10	8768.188	11099.289
23	13	8784.292	11158.04
23	15	8889.828	11110.499
24	1	8789.157	11124.931
24	2	8794.526	11103.978
24	3	8790.992	11134.162
24	4	8815.749	11107.355
24	5	8818.083	11110.7
24	6	8810.603	11110.611
24	7	8829.973	11147.719
24	8	8832.921	11148.117
24	9	8772.793	11127.792
24	10	8768.172	11099.29
24	13	8784.292	11158.04
24	15	8888.416	11110.506
24	17	8835.582	11162.11
25	1	8789.142	11124.586
25	2	8795.071	11103.546
25	3	8790.977	11134.117
25	4	8815.577	11107.354
25	5	8818.034	11110.702
25	6	8810.592	11110.62
25	7	8829.973	11147.719
25	8	8832.921	11148.117
25	9	8772.793	11127.792
25	10	8768.174	11099.291
25	13	8784.292	11158.04
25	15	8887.054	11110.505
25	16	8783.539	11160.608
25	17	8835.582	11162.11
26	1	8789.126	11124.253
26	2	8795.653	11103.132
26	3	8790.978	11134.049
26	4	8815.413	11107.352
26	5	8817.99	11110.702
26	6	8810.587	11110.625
26	7	8829.973	11147.719
26	8	8832.921	11148.117
26	9	8772.793	11127.792
26	10	8768.171	11099.298
26	13	8784.292	11158.04
26	15	8885.694	11110.516
26	16	8783.539	11160.608
26	17	8835.582	11162.11
27	1	8789.105	11123.908
27	2	8796.272	11102.733
27	3	8790.994	11133.908
27	4	8815.256	11107.351
27	5	8817.955	11110.698
27	6	8810.592	11110.619
27	7	8829.973	11147.719
27	8	8832.921	11148.117
27	9	8772.793	11127.792
27	10	8768.167	11099.296
27	13	8784.292	11158.04
27	15	8884.356	11110.517
27	16	8783.539	11160.608
27	17	8835.582	11162.11
28	1	8789.089	11123.538
28	2	8796.905	11102.355
28	3	8791.005	11133.799
28	4	8815.1045	11107.35
28	5	8817.951	11110.699
28	6	8810.573	11110.623
28	7	8829.973	11147.719
28	8	8832.921	11148.117
28	9	8772.793	11127.792
28	10	8768.148	11099.297
28	13	8784.292	11158.04
28	15	8883.039	11110.514
28	16	8783.539	11160.608
28	17	8835.582	11162.11
29	1	8789.0625	11123.193
29	2	8797.565	11102.018
29	3	8791.013	11133.654
29	4	8814.961	11107.348
29	5	8817.923	11110.695
29	6	8810.582	11110.617
29	7	8829.973	11147.719
29	8	8832.921	11148.117
29	9	8772.793	11127.792
29	10	8768.151	11099.293
29	13	8784.292	11158.04
29	15	8881.747	11110.52
29	16	8783.539	11160.608
29	17	8835.582	11162.11
30	1	8789.032	11122.843
30	2	8798.257	11101.697
30	3	8791.023	11133.488
30	4	8814.823	11107.347
30	5	8817.905	11110.696
30	6	8810.584	11110.614
30	7	8829.973	11147.719
30	8	8832.921	11148.117
30	9	8772.793	11127.792
30	10	8768.158	11099.293
30	13	8784.292	11158.04
30	15	8880.5	11110.527
30	16	8783.539	11160.608
30	17	8835.582	11162.11
31	1	8788.998	11122.502
31	2	8798.969	11101.409
31	3	8791.032	11133.302
31	4	8814.692	11107.345
31	5	8817.891	11110.695
31	6	8810.584	11110.619
31	7	8829.973	11147.719
31	8	8832.921	11148.117
31	9	8772.793	11127.792
31	10	8768.142	11099.29
31	13	8784.292	11158.04
31	15	8879.379	11110.531
31	16	8783.539	11160.608
31	17	8835.582	11162.11
32	1	8788.959	11122.146
32	2	8799.701	11101.1455
32	3	8791.032	11133.094
32	4	8814.568	11107.344
32	5	8817.877	11110.695
32	6	8810.573	11110.624
32	7	8829.973	11147.719
32	8	8832.921	11148.117
32	9	8772.793	11127.792
32	10	8768.152	11099.285
32	13	8784.292	11158.04
32	15	8878.031	11110.545
32	16	8783.539	11160.608
32	17	8835.582	11162.11
33	1	8788.908	11121.781
33	2	8800.452	11100.908
33	3	8791.021	11132.877
33	4	8814.449	11107.343
33	5	8817.87	11110.693
33	6	8810.575	11110.608
33	7	8829.973	11147.719
33	8	8832.921	11148.117
33	9	8772.793	11127.792
33	10	8768.1455	11099.289
33	13	8784.292	11158.04
33	15	8876.503	11110.558
33	16	8783.539	11160.608
33	17	8835.582	11162.11
34	1	8788.8545	11121.421
34	2	8801.211	11100.699
34	3	8791.022	11132.63
34	4	8814.337	11107.342
34	5	8817.866	11110.693
34	6	8810.586	11110.606
34	7	8829.973	11147.719
34	8	8832.921	11148.117
34	9	8772.793	11127.792
34	10	8768.137	11099.294
34	13	8784.292	11158.04
34	15	8875.226	11110.577
34	16	8783.539	11160.608
34	17	8835.582	11162.11
35	1	8788.793	11121.046
35	2	8802.011	11100.5
35	3	8791.005	11132.381
35	4	8814.23	11107.341
35	5	8817.857	11110.694
35	6	8810.58	11110.612
35	7	8829.973	11147.719
35	8	8832.921	11148.117
35	9	8772.793	11127.792
35	10	8768.142	11099.301
35	13	8784.292	11158.04
35	15	8873.895	11110.586
35	16	8783.539	11160.608
35	17	8835.582	11162.11
36	1	8788.719	11120.652
36	2	8802.8125	11100.333
36	3	8791.004	11132.119
36	4	8814.13	11107.34
36	5	8817.864	11110.692
36	6	8810.572	11110.612
36	7	8829.973	11147.719
36	8	8832.921	11148.117
36	9	8772.793	11127.792
36	10	8768.131	11099.293
36	13	8784.292	11158.04
36	15	8872.65	11110.597
36	16	8783.539	11160.608
36	17	8835.582	11162.11
37	1	8788.634	11120.267
37	2	8803.654	11100.183
37	3	8790.997	11131.827
37	4	8814.035	11107.339
37	5	8817.852	11110.696
37	6	8810.565	11110.612
37	7	8829.973	11147.719
37	8	8832.921	11148.117
37	9	8772.793	11127.792
37	10	8768.131	11099.291
37	13	8784.292	11158.04
37	15	8871.421	11110.606
37	16	8783.539	11160.608
37	17	8835.582	11162.11
38	1	8788.537	11119.862
38	2	8804.501	11100.05
38	3	8790.985	11131.539
38	4	8813.944	11107.338
38	5	8817.857	11110.696
38	6	8810.575	11110.608
38	7	8829.973	11147.719
38	8	8832.921	11148.117
38	9	8772.793	11127.792
38	10	8768.131	11099.293
38	13	8784.292	11158.04
38	15	8870.229	11110.607
38	16	8783.539	11160.608
38	17	8835.582	11162.11
39	1	8788.417	11119.472
39	2	8805.37	11099.947
39	3	8790.967	11131.193
39	4	8813.859	11107.338
39	5	8817.848	11110.699
39	6	8810.57	11110.615
39	7	8829.973	11147.719
39	8	8832.921	11148.117
39	9	8772.793	11127.792
39	10	8768.145	11099.292
39	13	8784.292	11158.04
39	15	8868.968	11110.623
39	16	8783.539	11160.608
39	17	8835.582	11162.11
40	1	8788.29	11119.07
40	2	8806.227	11099.856
40	3	8790.962	11130.848
40	4	8813.779	11107.337
40	5	8817.835	11110.7
40	6	8810.56	11110.611
40	7	8829.973	11147.719
40	8	8832.921	11148.117
40	9	8772.793	11127.792
40	10	8768.148	11099.292
40	13	8784.292	11158.04
40	15	8867.815	11110.627
40	16	8783.539	11160.608
40	17	8835.582	11162.11
41	1	8788.146	11118.672
41	2	8807.143	11099.779
41	3	8790.941	11130.481
41	4	8813.704	11107.336
41	5	8817.83	11110.698
41	6	8810.556	11110.613
41	7	8829.973	11147.719
41	8	8832.921	11148.117
41	9	8772.793	11127.792
41	10	8768.145	11099.29
41	13	8784.292	11158.04
41	15	8866.633	11110.65
41	16	8783.539	11160.608
41	17	8835.582	11162.11
41	19	8772.885	11130.316
42	1	8787.987	11118.26
42	2	8808.041	11099.727
42	3	8790.916	11130.056
42	4	8813.634	11107.335
42	5	8817.826	11110.699
42	6	8810.551	11110.617
42	7	8829.973	11147.719
42	8	8832.921	11148.117
42	9	8772.793	11127.792
42	10	8768.14	11099.293
42	13	8784.292	11158.04
42	15	8865.471	11110.654
42	16	8783.539	11160.608
42	17	8835.582	11162.11
42	18	8779.206	11160.251
42	19	8772.873	11130.3125
43	1	8787.806	11117.859
43	2	8808.954	11099.695
43	3	8790.901	11129.668
43	4	8813.568	11107.335
43	5	8817.8125	11110.699
43	6	8810.544	11110.616
43	7	8829.973	11147.719
43	8	8832.921	11148.117
43	9	8772.793	11127.792
43	10	8768.14	11099.29
43	13	8784.292	11158.04
43	15	8864.307	11110.668
43	16	8783.539	11160.608
43	17	8835.582	11162.11
43	18	8779.202	11160.151
43	19	8772.882	11130.29
44	1	8787.599	11117.452
44	2	8809.853	11099.678
44	3	8790.871	11129.193
44	4	8813.509	11107.334
44	5	8817.805	11110.701
44	6	8810.538	11110.62
44	7	8829.973	11147.719
44	8	8832.921	11148.117
44	9	8772.793	11127.792
44	10	8768.129	11099.29
44	13	8784.292	11158.04
44	15	8863.162	11110.675
44	16	8783.539	11160.608
44	17	8835.582	11162.11
44	18	8777.8125	11159.334
44	19	8772.875	11130.289
45	1	8787.38	11117.017
45	2	8810.792	11099.663
45	3	8790.838	11128.771
45	4	8813.453	11107.333
45	5	8817.807	11110.697
45	6	8810.536	11110.622
45	7	8829.973	11147.719
45	8	8832.921	11148.117
45	9	8772.793	11127.792
45	10	8768.123	11099.289
45	13	8784.292	11158.04
45	15	8862.071	11110.693
45	16	8783.539	11160.608
45	17	8835.582	11162.11
45	19	8772.888	11130.288
45	21	8837.42	11162.019
46	1	8787.138	11116.597
46	2	8811.729	11099.651
46	3	8790.815	11128.31
46	4	8813.401	11107.333
46	5	8817.805	11110.697
46	6	8810.544	11110.621
46	7	8829.973	11147.719
46	8	8832.921	11148.117
46	9	8772.793	11127.792
46	10	8768.131	11099.283
46	13	8784.292	11158.04
46	15	8860.985	11110.696
46	16	8783.539	11160.608
46	17	8835.582	11162.11
46	19	8772.883	11130.285
47	1	8786.872	11116.16
47	2	8812.693	11099.637
47	3	8790.793	11127.841
47	4	8813.3545	11107.333
47	5	8817.799	11110.698
47	6	8810.542	11110.624
47	7	8829.973	11147.719
47	8	8832.921	11148.117
47	9	8772.793	11127.792
47	10	8768.133	11099.287
47	13	8784.292	11158.04
47	15	8859.903	11110.712
47	16	8783.539	11160.608
47	17	8835.582	11162.11
47	19	8772.891	11130.295
47	21	8837.382	11162.003
48	1	8786.573	11115.72
48	2	8813.6455	11099.626
48	3	8790.757	11127.389
48	4	8813.3125	11107.333
48	5	8817.802	11110.7
48	6	8810.547	11110.627
48	7	8829.973	11147.719
48	8	8832.921	11148.117
48	9	8772.793	11127.792
48	10	8768.131	11099.284
48	13	8784.292	11158.04
48	15	8858.841	11110.717
48	16	8783.539	11160.608
48	17	8835.582	11162.11
48	18	8778.087	11159.507
48	19	8772.902	11130.311
48	21	8837.352	11161.989
49	1	8786.242	11115.264
49	2	8814.642	11099.616
49	3	8790.729	11126.932
49	4	8813.273	11107.332
49	5	8817.791	11110.698
49	6	8810.546	11110.62
49	7	8829.973	11147.719
49	8	8832.921	11148.117
49	9	8772.793	11127.792
49	10	8768.136	11099.289
49	13	8784.292	11158.04
49	15	8857.8	11110.724
49	16	8783.539	11160.608
49	17	8835.582	11162.11
49	18	8779.085	11160.208
49	19	8772.902	11130.325
50	1	8785.888	11114.819
50	2	8815.624	11099.612
50	3	8790.701	11126.477
50	4	8813.238	11107.333
50	5	8817.789	11110.7
50	6	8810.548	11110.621
50	7	8829.973	11147.719
50	8	8832.921	11148.117
50	9	8772.793	11127.792
50	10	8768.125	11099.282
50	13	8784.292	11158.04
50	15	8856.787	11110.727
50	16	8783.539	11160.608
50	17	8835.582	11162.11
50	18	8779.207	11160.197
50	19	8772.91	11130.357
51	1	8785.511	11114.372
51	2	8816.627	11099.611
51	3	8790.655	11126.014
51	4	8813.206	11107.333
51	5	8817.796	11110.699
51	6	8810.55	11110.628
51	7	8829.973	11147.719
51	8	8832.921	11148.117
51	9	8772.793	11127.792
51	10	8768.12	11099.285
51	13	8784.292	11158.04
51	15	8855.796	11110.732
51	16	8783.539	11160.608
51	17	8835.582	11162.11
51	19	8772.896	11130.361
52	1	8785.098	11113.936
52	2	8817.637	11099.612
52	3	8790.611	11125.569
52	4	8813.178	11107.333
52	5	8817.787	11110.701
52	6	8810.542	11110.628
52	7	8829.973	11147.719
52	8	8832.921	11148.117
52	9	8772.793	11127.792
52	10	8768.124	11099.287
52	13	8784.292	11158.04
52	15	8854.802	11110.742
52	16	8783.539	11160.608
52	17	8835.582	11162.11
52	19	8772.892	11130.381
52	21	8837.421	11162.046
53	1	8784.656	11113.507
53	2	8818.658	11099.606
53	3	8790.564	11125.114
53	4	8813.151	11107.333
53	5	8817.787	11110.703
53	6	8810.553	11110.631
53	7	8829.973	11147.719
53	8	8832.921	11148.117
53	9	8772.793	11127.792
53	10	8768.127	11099.286
53	13	8784.292	11158.04
53	15	8853.854	11110.741
53	16	8783.539	11160.608
53	17	8835.582	11162.11
53	19	8772.885	11130.34
53	21	8837.411	11161.98
54	1	8784.173	11113.084
54	2	8819.706	11099.606
54	3	8790.512	11124.655
54	4	8813.129	11107.333
54	5	8817.795	11110.704
54	6	8810.547	11110.632
54	7	8829.973	11147.719
54	8	8832.921	11148.117
54	9	8772.793	11127.792
54	10	8768.124	11099.285
54	13	8784.292	11158.04
54	15	8852.909	11110.746
54	16	8783.539	11160.608
54	17	8835.582	11162.11
54	19	8772.873	11130.406
54	21	8837.357	11162.0205
55	1	8783.677	11112.682
55	2	8820.765	11099.602
55	3	8790.456	11124.202
55	4	8813.107	11107.332
55	5	8817.781	11110.704
55	6	8810.552	11110.626
55	7	8829.973	11147.719
55	8	8832.921	11148.117
55	9	8772.793	11127.792
55	10	8768.126	11099.288
55	13	8784.292	11158.04
55	15	8851.995	11110.745
55	16	8783.539	11160.608
55	17	8835.582	11162.11
55	18	8778.543	11159.664
55	19	8772.867	11130.409
55	21	8837.37	11162.025
56	1	8783.158	11112.301
56	2	8821.828	11099.596
56	3	8790.394	11123.743
56	4	8813.089	11107.332
56	5	8817.788	11110.703
56	6	8810.546	11110.633
56	7	8829.973	11147.719
56	8	8832.921	11148.117
56	9	8772.793	11127.792
56	10	8768.123	11099.286
56	13	8784.292	11158.04
56	15	8851.067	11110.751
56	16	8783.539	11160.608
56	17	8835.582	11162.11
56	18	8779.234	11160.272
56	19	8772.853	11130.417
56	20	8888.368	11107.798
56	21	8837.389	11162.013
57	1	8782.594	11111.922
57	2	8822.922	11099.59
57	3	8790.332	11123.301
57	4	8813.073	11107.332
57	5	8817.795	11110.694
57	6	8810.55	11110.63
57	7	8829.973	11147.719
57	8	8832.921	11148.117
57	9	8772.793	11127.792
57	10	8768.116	11099.289
57	13	8784.292	11158.04
57	15	8850.168	11110.756
57	16	8783.539	11160.608
57	17	8835.582	11162.11
57	18	8779.2	11160.275
57	19	8772.844	11130.412
57	21	8837.404	11161.977
58	1	8782.026	11111.564
58	2	8824.023	11099.579
58	3	8790.262	11122.853
58	4	8813.059	11107.333
58	5	8817.784	11110.703
58	6	8810.554	11110.633
58	7	8829.973	11147.719
58	8	8832.921	11148.117
58	9	8772.793	11127.792
58	10	8768.114	11099.285
58	13	8784.292	11158.04
58	15	8849.276	11110.749
58	16	8783.539	11160.608
58	17	8835.582	11162.11
58	18	8779.201	11160.274
58	19	8772.813	11130.419
58	20	8886.648	11107.777
58	21	8837.357	11162.006
59	1	8781.43	11111.229
59	2	8825.147	11099.568
59	3	8790.2	11122.429
59	4	8813.047	11107.332
59	5	8817.799	11110.7
59	6	8810.545	11110.633
59	7	8829.973	11147.719
59	8	8832.921	11148.117
59	9	8772.793	11127.792
59	10	8768.122	11099.288
59	13	8784.292	11158.04
59	15	8848.409	11110.751
59	16	8783.539	11160.608
59	17	8835.582	11162.11
59	18	8779.195	11160.284
59	19	8772.786	11130.45
59	20	8885.534	11107.805
59	21	8837.228	11162.1
60	1	8780.817	11110.911
60	2	8826.27	11099.562
60	3	8790.133	11122.0
60	4	8813.035	11107.332
60	5	8817.778	11110.702
60	6	8810.545	11110.638
60	7	8829.973	11147.719
60	8	8832.921	11148.117
60	9	8772.793	11127.792
60	10	8768.124	11099.291
60	13	8784.292	11158.04
60	15	8847.566	11110.752
60	16	8783.539	11160.608
60	17	8835.582	11162.11
60	18	8779.192	11160.28
60	19	8772.696	11130.442
60	20	8884.341	11107.815
60	21	8837.202	11162.038
61	1	8780.176	11110.617
61	2	8827.401	11099.556
61	3	8790.061	11121.559
61	4	8813.025	11107.333
61	5	8817.792	11110.696
61	6	8810.537	11110.631
61	7	8829.973	11147.719
61	8	8832.921	11148.117
61	9	8772.793	11127.792
61	10	8768.128	11099.289
61	13	8784.292	11158.04
61	15	8846.738	11110.756
61	16	8783.539	11160.608
61	17	8835.582	11162.11
61	18	8779.172	11160.264
61	19	8772.628	11130.42
61	20	8883.073	11107.8125
61	21	8837.256	11161.994
62	1	8779.516	11110.336
62	2	8828.532	11099.554
62	3	8789.987	11121.137
62	4	8813.017	11107.333
62	5	8817.777	11110.702
62	6	8810.536	11110.633
62	7	8829.973	11147.719
62	8	8832.921	11148.117
62	9	8772.793	11127.792
62	10	8768.124	11099.288
62	13	8784.292	11158.04
62	15	8845.923	11110.755
62	16	8783.539	11160.608
62	17	8835.582	11162.11
62	18	8779.186	11160.14
62	19	8772.571	11130.3955
62	20	8881.917	11107.828
62	21	8837.363	11162.003
63	1	8778.82	11110.075
63	2	8829.714	11099.549
63	3	8789.915	11120.708
63	4	8813.01	11107.333
63	5	8817.778	11110.702
63	6	8810.532	11110.636
63	7	8829.973	11147.719
63	8	8832.921	11148.117
63	9	8772.793	11127.792
63	10	8768.141	11099.294
63	13	8784.292	11158.04
63	15	8845.1045	11110.753
63	16	8783.539	11160.608
63	17	8835.582	11162.11
63	18	8779.185	11160.293
63	19	8772.513	11130.368
63	20	8880.699	11107.824
63	21	8837.367	11161.938
64	1	8778.109	11109.834
64	2	8830.888	11099.544
64	3	8789.841	11120.291
64	4	8813.006	11107.333
64	5	8817.777	11110.704
64	6	8810.526	11110.638
64	7	8829.973	11147.719
64	8	8832.921	11148.117
64	9	8772.793	11127.792
64	10	8768.146	11099.294
64	13	8784.292	11158.04
64	15	8844.325	11110.753
64	16	8783.539	11160.608
64	17	8835.582	11162.11
64	19	8772.432	11130.314
64	20	8879.491	11107.837
65	1	8777.367	11109.607
65	2	8832.067	11099.532
65	3	8789.766	11119.891
65	4	8813.004	11107.334
65	5	8817.78	11110.701
65	6	8810.523	11110.637
65	7	8829.973	11147.719
65	8	8832.921	11148.117
65	9	8772.793	11127.792
65	10	8768.143	11099.291
65	13	8784.292	11158.04
65	15	8843.542	11110.755
65	16	8783.539	11160.608
65	18	8779.194	11160.313
65	19	8772.376	11130.27
65	20	8878.287	11107.826
66	1	8776.6045	11109.392
66	2	8833.249	11099.523
66	3	8789.6875	11119.481
66	4	8813.003	11107.334
66	5	8817.779	11110.702
66	6	8810.515	11110.639
66	7	8829.973	11147.719
66	8	8832.921	11148.117
66	9	8772.793	11127.792
66	10	8768.1455	11099.294
66	13	8784.292	11158.04
66	15	8842.791	11110.755
66	16	8783.539	11160.608
66	18	8779.199	11160.306
66	19	8772.291	11130.22
66	20	8877.118	11107.832
66	21	8837.364	11161.9375
67	1	8775.811	11109.19
67	2	8834.474	11099.516
67	3	8789.6045	11119.067
67	4	8813.004	11107.334
67	5	8817.779	11110.702
67	6	8810.537	11110.639
67	7	8829.973	11147.719
67	8	8832.921	11148.117
67	9	8772.793	11127.792
67	10	8768.138	11099.292
67	13	8784.292	11158.04
67	15	8842.037	11110.756
67	16	8783.539	11160.608
67	18	8779.185	11160.302
67	19	8772.21	11130.158
67	20	8875.953	11107.821
68	1	8774.988	11109.012
68	2	8835.674	11099.51
68	3	8789.52	11118.657
68	4	8813.006	11107.334
68	5	8817.782	11110.702
68	6	8810.54	11110.639
68	7	8829.973	11147.719
68	8	8832.921	11148.117
68	9	8772.793	11127.792
68	10	8768.147	11099.293
68	13	8784.292	11158.04
68	15	8841.305	11110.752
68	16	8783.539	11160.608
68	18	8779.177	11160.309
68	19	8772.145	11130.097
68	20	8874.774	11107.814
69	1	8774.1455	11108.85
69	2	8836.885	11099.494
69	3	8789.428	11118.251
69	4	8813.009	11107.334
69	5	8817.783	11110.702
69	6	8810.532	11110.638
69	7	8829.973	11147.719
69	8	8832.921	11148.117
69	9	8772.793	11127.792
69	10	8768.131	11099.302
69	13	8784.292	11158.04
69	15	8840.604	11110.756
69	16	8783.539	11160.608
69	18	8779.178	11160.318
69	19	8772.055	11130.043
69	20	8873.613	11107.802
70	1	8773.282	11108.701
70	2	8838.119	11099.488
70	3	8789.329	11117.852
70	4	8813.009	11107.334
70	5	8817.788	11110.699
70	6	8810.535	11110.639
70	7	8829.973	11147.719
70	8	8832.921	11148.117
70	9	8772.793	11127.792
70	10	8768.146	11099.295
70	13	8784.292	11158.04
70	15	8839.894	11110.752
70	16	8783.539	11160.608
70	18	8779.195	11160.304
70	19	8771.987	11129.986
70	20	8872.476	11107.799
71	1	8772.385	11108.558
71	2	8839.357	11099.472
71	3	8789.227	11117.473
71	4	8813.01	11107.334
71	5	8817.779	11110.702
71	6	8810.532	11110.636
71	7	8829.973	11147.719
71	8	8832.921	11148.117
71	9	8772.793	11127.792
71	10	8768.1455	11099.296
71	13	8784.292	11158.04
71	15	8839.215	11110.752
71	16	8783.539	11160.608
71	18	8779.179	11160.3
71	19	8771.905	11129.918
71	20	8871.386	11107.798
72	1	8771.486	11108.4375
72	2	8840.616	11099.469
72	3	8789.103	11117.079
72	4	8813.013	11107.334
72	5	8817.78	11110.701
72	6	8810.54	11110.637
72	7	8829.973	11147.719
72	8	8832.921	11148.117
72	9	8772.793	11127.792
72	10	8768.153	11099.298
72	13	8784.292	11158.04
72	15	8838.556	11110.753
72	16	8783.539	11160.608
72	18	8779.205	11160.299
72	19	8771.827	11129.858
72	20	8870.295	11107.796
73	1	8770.538	11108.322
73	2	8841.857	11099.46
73	3	8788.979	11116.697
73	4	8813.013	11107.334
73	5	8817.781	11110.701
73	6	8810.537	11110.635
73	7	8829.973	11147.719
73	8	8832.921	11148.117
73	9	8772.793	11127.792
73	10	8768.147	11099.299
73	13	8784.292	11158.04
73	15	8837.8955	11110.753
73	16	8783.539	11160.608
73	18	8779.181	11160.284
73	19	8771.729	11129.767
73	20	8869.247	11107.791
74	1	8769.583	11108.226
74	2	8843.117	11099.449
74	3	8788.838	11116.309
74	4	8813.016	11107.334
74	5	8817.785	11110.703
74	6	8810.535	11110.634
74	7	8829.973	11147.719
74	8	8832.921	11148.117
74	9	8772.793	11127.792
74	10	8768.16	11099.294
74	13	8784.292	11158.04
74	15	8837.262	11110.753
74	16	8783.539	11160.608
74	18	8779.204	11160.281
74	19	8771.64	11129.72
74	20	8868.152	11107.792
75	1	8768.595	11108.137
75	2	8844.383	11099.446
75	3	8788.684	11115.937
75	4	8813.018	11107.334
75	5	8817.783	11110.704
75	6	8810.537	11110.639
75	7	8829.973	11147.719
75	8	8832.921	11148.117
75	9	8772.793	11127.792
75	10	8768.166	11099.296
75	13	8784.292	11158.04
75	15	8836.667	11110.752
75	16	8783.539	11160.608
75	18	8779.176	11160.293
75	20	8867.123	11107.785
76	1	8767.56	11108.064
76	2	8845.649	11099.439
76	3	8788.505	11115.568
76	4	8813.019	11107.334
76	5	8817.801	11110.696
76	6	8810.545	11110.64
76	7	8829.973	11147.719
76	8	8832.921	11148.117
76	9	8772.793	11127.792
76	10	8768.156	11099.296
76	13	8784.292	11158.04
76	15	8836.094	11110.75
76	16	8783.539	11160.608
76	18	8779.208	11160.27
76	20	8866.133	11107.783
76	22	8836.97	11161.572
77	1	8766.54	11108.004
77	2	8846.93	11099.429
77	3	8788.327	11115.229
77	4	8813.0205	11107.334
77	5	8817.787	11110.704
77	6	8810.545	11110.639
77	7	8829.973	11147.719
77	8	8832.921	11148.117
77	9	8772.793	11127.792
77	10	8768.157	11099.295
77	13	8784.292	11158.04
77	15	8835.536	11110.749
77	16	8783.539	11160.608
77	18	8779.172	11160.287
77	20	8865.146	11107.793
77	22	8836.964	11161.524
78	1	8765.474	11107.953
78	2	8848.199	11099.412
78	3	8788.123	11114.874
78	4	8813.0205	11107.334
78	5	8817.791	11110.703
78	6	8810.548	11110.636
78	7	8829.973	11147.719
78	8	8832.921	11148.117
78	9	8772.793	11127.792
78	10	8768.164	11099.296
78	13	8784.292	11158.04
78	15	8834.988	11110.75
78	16	8783.539	11160.608
78	18	8779.225	11160.2705
78	20	8864.164	11107.789
78	22	8837.009	11161.499
79	1	8764.41	11107.903
79	2	8849.486	11099.41
79	3	8787.901	11114.5205
79	4	8813.0205	11107.335
79	5	8817.787	11110.703
79	6	8810.535	11110.637
79	7	8829.973	11147.719
79	8	8832.921	11148.117
79	9	8772.793	11127.792
79	10	8768.158	11099.297
79	13	8784.292	11158.04
79	15	8834.478	11110.752
79	16	8783.539	11160.608
79	18	8779.202	11160.29
79	20	8863.199	11107.791
79	22	8837.068	11161.472
80	1	8763.297	11107.857
80	2	8850.776	11099.411
80	3	8787.662	11114.18
80	4	8813.0205	11107.335
80	5	8817.793	11110.702
80	6	8810.548	11110.637
80	7	8829.973	11147.719
80	8	8832.921	11148.117
80	9	8772.793	11127.792
80	10	8768.167	11099.298
80	13	8784.292	11158.04
80	15	8833.974	11110.755
80	16	8783.539	11160.608
80	20	8862.262	11107.789
80	22	8837.086	11161.465
81	1	8762.186	11107.823
81	2	8852.053	11099.3955
81	3	8787.398	11113.849
81	4	8813.0205	11107.335
81	5	8817.786	11110.701
81	6	8810.54	11110.637
81	7	8829.973	11147.719
81	8	8832.921	11148.117
81	9	8772.793	11127.792
81	10	8768.184	11099.302
81	13	8784.292	11158.04
81	15	8833.529	11110.755
81	16	8783.539	11160.608
81	18	8779.181	11160.272
81	20	8861.3545	11107.786
81	22	8837.1	11161.356
82	1	8761.04	11107.787
82	2	8853.361	11099.399
82	3	8787.1045	11113.505
82	4	8813.0205	11107.335
82	5	8817.791	11110.701
82	6	8810.536	11110.638
82	7	8829.973	11147.719
82	8	8832.921	11148.117
82	9	8772.793	11127.792
82	10	8768.163	11099.301
82	13	8784.292	11158.04
82	15	8833.083	11110.755
82	16	8783.539	11160.608
82	18	8779.219	11160.269
82	20	8860.418	11107.782
82	22	8837.165	11161.347
83	1	8759.87	11107.752
83	2	8854.639	11099.394
83	3	8786.774	11113.166
83	4	8813.0205	11107.335
83	5	8817.79	11110.701
83	6	8810.542	11110.638
83	7	8829.973	11147.719
83	8	8832.921	11148.117
83	9	8772.793	11127.792
83	10	8768.17	11099.298
83	13	8784.292	11158.04
83	15	8832.66	11110.757
83	16	8783.539	11160.608
83	18	8779.17	11160.297
83	20	8859.511	11107.777
83	22	8837.166	11161.328
84	1	8758.663	11107.73
84	2	8855.936	11099.391
84	3	8786.443	11112.865
84	4	8813.0205	11107.336
84	5	8817.788	11110.704
84	6	8810.546	11110.637
84	7	8829.973	11147.719
84	8	8832.921	11148.117
84	9	8772.793	11127.792
84	10	8768.165	11099.295
84	13	8784.292	11158.04
84	15	8832.263	11110.759
84	16	8783.539	11160.608
84	18	8778.942	11160.054
84	20	8858.589	11107.774
84	22	8837.192	11161.342
85	1	8757.419	11107.716
85	2	8857.239	11099.391
85	3	8786.067	11112.554
85	4	8813.0205	11107.335
85	5	8817.792	11110.702
85	6	8810.55	11110.638
85	7	8829.973	11147.719
85	8	8832.921	11148.117
85	9	8772.793	11127.792
85	10	8768.174	11099.296
85	13	8784.292	11158.04
85	15	8831.895	11110.757
85	16	8783.539	11160.608
85	18	8778.443	11159.932
85	20	8857.718	11107.767
85	22	8837.238	11161.356
86	1	8756.174	11107.701
86	2	8858.562	11099.382
86	3	8785.652	11112.239
86	4	8813.0205	11107.336
86	5	8817.79	11110.704
86	6	8810.549	11110.638
86	7	8829.973	11147.719
86	8	8832.921	11148.117
86	9	8772.793	11127.792
86	10	8768.223	11099.282
86	13	8784.292	11158.04
86	15	8831.555	11110.759
86	16	8783.539	11160.608
86	20	8856.857	11107.773
86	22	8837.263	11161.409
87	1	8754.932	11107.694
87	2	8859.899	11099.383
87	3	8785.228	11111.94
87	4	8813.0205	11107.336
87	5	8817.796	11110.701
87	6	8810.552	11110.637
87	7	8829.973	11147.719
87	8	8832.921	11148.117
87	9	8772.793	11127.792
87	10	8768.178	11099.3
87	13	8784.292	11158.04
87	15	8831.239	11110.758
87	16	8783.539	11160.608
87	20	8856.025	11107.768
87	22	8837.302	11161.455
88	1	8753.647	11107.691
88	2	8861.199	11099.375
88	3	8784.771	11111.646
88	4	8813.0205	11107.335
88	5	8817.797	11110.702
88	6	8810.549	11110.638
88	7	8829.973	11147.719
88	8	8832.921	11148.117
88	9	8772.793	11127.792
88	10	8768.176	11099.305
88	13	8784.292	11158.04
88	15	8830.9375	11110.757
88	16	8783.539	11160.608
88	20	8855.226	11107.769
88	22	8837.286	11161.53
89	1	8752.365	11107.688
89	2	8862.523	11099.374
89	3	8784.267	11111.372
89	4	8813.0205	11107.336
89	5	8817.787	11110.704
89	6	8810.548	11110.635
89	7	8829.973	11147.719
89	8	8832.921	11148.117
89	9	8772.793	11127.792
89	10	8768.179	11099.299
89	13	8784.292	11158.04
89	15	8830.662	11110.762
89	16	8783.539	11160.608
89	20	8854.407	11107.765
89	22	8837.313	11161.599
90	1	8751.052	11107.685
90	2	8863.853	11099.366
90	3	8783.759	11111.122
90	4	8813.0205	11107.336
90	5	8817.789	11110.703
90	6	8810.546	11110.642
90	7	8829.973	11147.719
90	8	8832.921	11148.117
90	9	8772.793	11127.792
90	10	8768.17	11099.299
90	13	8784.292	11158.04
90	15	8830.393	11110.763
90	16	8783.539	11160.608
90	18	8779.217	11160.327
90	20	8853.644	11107.759
90	22	8837.334	11161.675
