0	1	8623.289	-1758.044
0	2	8630.919	-1738.4707
0	3	8620.608	-1708.9792
0	4	8625.337	-1701.1383
0	6	8624.839	-1765.154
0	7	8628.318	-1763.4207
0	8	8641.543	-1748.077
0	9	8641.039	-1769.3373
0	10	8611.123	-1792.1393
0	11	8611.653	-1794.5686
0	12	8613.111	-1799.9181
0	13	8613.638	-1802.7084
0	14	8614.501	-1805.2825
0	15	8662.864	-1747.6304
0	16	8594.011	-1793.9645
0	17	8599.355	-1799.5413
0	18	8614.522	-1808.218
0	19	8646.501	-1786.7925
0	20	8596.451	-1800.0381
0	21	8615.306	-1810.9962
0	22	8588.678	-1793.905
0	23	8593.966	-1799.8372
0	24	8615.794	-1813.3729
0	25	8583.023	-1794.2983
0	26	8585.699	-1800.3048
0	27	8602.503	-1813.6038
0	28	8616.528	-1818.7549
0	29	8599.822	-1814.1726
0	30	8617.829	-1821.4048
0	31	8597.068	-1813.873
0	32	8577.565	-1794.2852
0	33	8594.102	-1812.9905
0	34	8574.734	-1793.1816
0	35	8602.573	-1819.5707
0	36	8589.176	-1813.4415
0	37	8618.068	-1826.9169
0	38	8653.632	-1801.601
0	40	8572.293	-1813.4288
0	41	8703.584	-1760.3473
0	42	8599.732	-1833.3342
0	55	8659.546	-1751.1102
0	57	8649.246	-1715.0435
0	59	8658.915	-1824.1365
0	60	8618.91	-1832.314
1	1	8622.794	-1758.2634
1	2	8631.504	-1740.149
1	3	8621.182	-1710.5681
1	4	8626.041	-1703.1514
1	5	8613.341	-1688.46
1	6	8624.734	-1765.072
1	7	8628.318	-1763.4208
1	8	8642.213	-1750.1724
1	9	8641.501	-1771.1884
1	10	8611.123	-1792.1393
1	11	8611.653	-1794.5686
1	12	8613.111	-1799.9181
1	13	8613.638	-1802.7084
1	14	8614.501	-1805.2825
1	15	8662.386	-1745.897
1	16	8594.011	-1793.9645
1	17	8599.355	-1799.5413
1	18	8614.522	-1808.218
1	19	8647.012	-1788.6841
1	20	8596.451	-1800.0381
1	21	8615.306	-1810.9962
1	22	8588.678	-1793.905
1	23	8593.966	-1799.8372
1	24	8615.794	-1813.3729
1	25	8583.023	-1794.2983
1	26	8585.699	-1800.3048
1	27	8602.503	-1813.6038
1	28	8616.528	-1818.7549
1	29	8599.822	-1814.1726
1	30	8617.829	-1821.4048
1	31	8597.068	-1813.873
1	32	8577.565	-1794.2852
1	33	8594.102	-1812.9905
1	34	8574.734	-1793.1816
1	35	8602.573	-1819.5707
1	36	8589.176	-1813.4415
1	37	8618.068	-1826.9169
1	38	8654.084	-1803.478
1	39	8619.001	-1832.3971
1	40	8572.293	-1813.4288
1	41	8703.584	-1760.3473
1	42	8599.732	-1833.3342
1	55	8658.927	-1748.8998
1	57	8648.442	-1712.592
1	59	8659.29	-1826.0646
2	1	8622.265	-1758.475
2	2	8632.095	-1741.8396
2	3	8621.755	-1712.177
2	4	8626.73	-1705.1523
2	5	8614.001	-1690.1825
2	6	8624.637	-1764.9623
2	7	8628.318	-1763.4207
2	8	8642.889	-1752.2781
2	9	8641.946	-1773.0355
2	10	8611.123	-1792.1393
2	11	8611.653	-1794.5686
2	12	8613.111	-1799.9181
2	13	8613.638	-1802.7084
2	14	8614.501	-1805.2825
2	15	8661.831	-1744.0731
2	16	8594.011	-1793.9645
2	17	8599.355	-1799.5413
2	18	8614.522	-1808.218
2	19	8647.522	-1790.5924
2	20	8596.451	-1800.0381
2	21	8615.306	-1810.9962
2	22	8588.678	-1793.905
2	23	8593.966	-1799.8372
2	24	8615.794	-1813.3729
2	25	8583.023	-1794.2983
2	26	8585.699	-1800.3048
2	27	8602.503	-1813.6038
2	28	8616.528	-1818.7549
2	29	8599.822	-1814.1726
2	30	8617.829	-1821.4048
2	31	8597.068	-1813.873
2	32	8577.565	-1794.2852
2	33	8594.102	-1812.9905
2	34	8574.734	-1793.1816
2	35	8602.573	-1819.5707
2	36	8589.176	-1813.4415
2	37	8618.068	-1826.9169
2	38	8654.539	-1805.405
2	39	8619.001	-1832.3971
2	40	8572.293	-1813.4288
2	41	8703.584	-1760.3473
2	42	8599.732	-1833.3342
2	55	8658.313	-1746.751
2	57	8647.628	-1710.1459
2	59	8659.7	-1827.9695
3	1	8621.7295	-1758.6588
3	2	8632.679	-1743.5298
3	3	8622.322	-1713.7921
3	4	8627.449	-1707.1687
3	5	8614.596	-1691.89
3	6	8624.533	-1764.8672
3	7	8628.318	-1763.4207
3	8	8643.55	-1754.385
3	9	8642.371	-1774.8871
3	10	8611.123	-1792.1393
3	11	8611.653	-1794.5686
3	12	8613.111	-1799.9181
3	13	8613.638	-1802.7084
3	14	8614.501	-1805.2825
3	16	8594.011	-1793.9645
3	17	8599.355	-1799.5413
3	18	8614.522	-1808.218
3	19	8648.001	-1792.4941
3	20	8596.451	-1800.0381
3	21	8615.306	-1810.9962
3	22	8588.678	-1793.905
3	23	8593.966	-1799.8372
3	24	8615.794	-1813.3729
3	25	8583.023	-1794.2983
3	26	8585.699	-1800.3048
3	27	8602.503	-1813.6038
3	28	8616.528	-1818.7549
3	29	8599.822	-1814.1726
3	30	8617.829	-1821.4048
3	31	8597.068	-1813.873
3	32	8577.565	-1794.2852
3	33	8594.102	-1812.9905
3	34	8574.734	-1793.1816
3	35	8602.573	-1819.5707
3	36	8589.176	-1813.4415
3	37	8618.068	-1826.9169
3	38	8654.968	-1807.2782
3	39	8619.001	-1832.3971
3	40	8572.293	-1813.4288
3	41	8703.584	-1760.3473
3	42	8599.732	-1833.3342
3	57	8646.791	-1707.6211
3	59	8660.092	-1829.8752
4	1	8621.151	-1758.8231
4	2	8633.256	-1745.2002
4	3	8622.902	-1715.4254
4	4	8628.138	-1709.1627
4	5	8615.179	-1693.5767
4	6	8624.431	-1764.762
4	7	8628.318	-1763.4208
4	8	8644.204	-1756.4763
4	9	8642.779	-1776.7374
4	10	8611.123	-1792.1393
4	11	8611.653	-1794.5686
4	12	8613.111	-1799.9181
4	13	8613.638	-1802.7084
4	14	8614.501	-1805.2825
4	15	8660.701	-1740.2457
4	16	8594.011	-1793.9645
4	17	8599.355	-1799.5413
4	18	8614.522	-1808.218
4	19	8648.485	-1794.3938
4	20	8596.451	-1800.0381
4	21	8615.306	-1810.9962
4	22	8588.678	-1793.905
4	23	8593.966	-1799.8372
4	24	8615.794	-1813.3729
4	25	8583.023	-1794.2983
4	26	8585.699	-1800.3048
4	27	8602.503	-1813.6038
4	28	8616.528	-1818.7549
4	29	8599.822	-1814.1726
4	30	8617.829	-1821.4048
4	31	8597.068	-1813.873
4	32	8577.565	-1794.2852
4	33	8594.102	-1812.9905
4	34	8574.734	-1793.1816
4	35	8602.573	-1819.5707
4	36	8589.176	-1813.4415
4	37	8618.068	-1826.9169
4	38	8655.392	-1809.1831
4	39	8619.001	-1832.3971
4	40	8572.293	-1813.4288
4	41	8703.584	-1760.3473
4	42	8599.732	-1833.3342
4	55	8656.987	-1742.3273
4	57	8645.779	-1704.694
4	59	8660.516	-1831.8184
5	1	8620.553	-1758.9637
5	2	8633.835	-1746.8878
5	3	8623.49	-1717.0381
5	4	8628.855	-1711.1936
5	5	8615.751	-1695.2305
5	6	8624.307	-1764.6505
5	7	8628.318	-1763.4208
5	8	8644.84	-1758.5546
5	9	8643.17	-1778.6008
5	10	8611.123	-1792.1393
5	11	8611.653	-1794.5686
5	12	8613.111	-1799.9181
5	13	8613.638	-1802.7084
5	14	8614.501	-1805.2825
5	15	8660.129	-1738.3795
5	16	8594.011	-1793.9645
5	17	8599.355	-1799.5413
5	18	8614.522	-1808.218
5	19	8648.976	-1796.3251
5	20	8596.451	-1800.0381
5	21	8615.306	-1810.9962
5	22	8588.678	-1793.905
5	23	8593.966	-1799.8372
5	24	8615.794	-1813.3729
5	25	8583.023	-1794.2983
5	26	8585.699	-1800.3048
5	27	8602.503	-1813.6038
5	28	8616.528	-1818.7549
5	29	8599.822	-1814.1726
5	30	8617.829	-1821.4048
5	31	8597.068	-1813.873
5	32	8577.565	-1794.2852
5	33	8594.102	-1812.9905
5	34	8574.734	-1793.1816
5	35	8602.573	-1819.5707
5	36	8589.176	-1813.4415
5	37	8618.068	-1826.9169
5	38	8655.83	-1811.1158
5	39	8619.001	-1832.3971
5	40	8572.293	-1813.4288
5	41	8703.584	-1760.3473
5	42	8599.732	-1833.3342
5	55	8656.301	-1740.0568
5	57	8645.013	-1702.4171
6	1	8619.955	-1759.0815
6	2	8634.412	-1748.5773
6	3	8624.054	-1718.6199
6	4	8629.558	-1713.2026
6	5	8616.355	-1696.9578
6	6	8624.181	-1764.5502
6	7	8628.319	-1763.4208
6	8	8645.5	-1760.6161
6	9	8643.537	-1780.432
6	10	8611.123	-1792.1393
6	11	8611.653	-1794.5686
6	12	8613.111	-1799.9181
6	13	8613.638	-1802.7084
6	14	8614.501	-1805.2825
6	15	8659.543	-1736.5283
6	16	8594.011	-1793.9645
6	17	8599.355	-1799.5413
6	18	8614.522	-1808.218
6	19	8649.45	-1798.2137
6	20	8596.451	-1800.0381
6	21	8615.306	-1810.9962
6	22	8588.678	-1793.905
6	23	8593.966	-1799.8372
6	24	8615.794	-1813.3729
6	25	8583.023	-1794.2983
6	26	8585.699	-1800.3048
6	27	8602.503	-1813.6038
6	28	8616.528	-1818.7549
6	29	8599.822	-1814.1726
6	30	8617.829	-1821.4048
6	31	8597.068	-1813.873
6	32	8577.565	-1794.2852
6	33	8594.102	-1812.9905
6	34	8574.734	-1793.1816
6	35	8602.573	-1819.5707
6	36	8589.176	-1813.4415
6	37	8618.068	-1826.9169
6	38	8656.275	-1813.0042
6	39	8619.001	-1832.3971
6	40	8572.293	-1813.4288
6	41	8703.584	-1760.3473
6	42	8599.732	-1833.3342
6	55	8655.572	-1737.7285
6	57	8644.252	-1700.2272
7	1	8619.334	-1759.1833
7	2	8634.967	-1750.2697
7	3	8624.621	-1720.1979
7	4	8630.2705	-1715.2086
7	5	8616.972	-1698.6716
7	6	8624.063	-1764.4443
7	7	8628.319	-1763.4207
7	8	8646.148	-1762.6975
7	9	8643.891	-1782.2637
7	10	8611.123	-1792.1393
7	11	8611.653	-1794.5686
7	12	8613.111	-1799.9181
7	13	8613.638	-1802.7084
7	14	8614.501	-1805.2825
7	15	8658.956	-1734.6124
7	16	8594.011	-1793.9645
7	17	8599.355	-1799.5413
7	18	8614.522	-1808.218
7	19	8649.926	-1800.1581
7	20	8596.451	-1800.0381
7	21	8615.306	-1810.9962
7	22	8588.678	-1793.905
7	23	8593.966	-1799.8372
7	24	8615.794	-1813.3729
7	25	8583.023	-1794.2983
7	26	8585.699	-1800.3048
7	27	8602.503	-1813.6038
7	28	8616.528	-1818.7549
7	29	8599.822	-1814.1726
7	30	8617.829	-1821.4048
7	31	8597.068	-1813.873
7	32	8577.565	-1794.2852
7	33	8594.102	-1812.9905
7	34	8574.734	-1793.1816
7	35	8602.573	-1819.5707
7	36	8589.176	-1813.4415
7	37	8618.068	-1826.9169
7	38	8656.717	-1815.0784
7	39	8619.001	-1832.3971
7	40	8572.293	-1813.4288
7	41	8703.584	-1760.3473
7	42	8599.732	-1833.3342
7	55	8654.874	-1735.5225
7	57	8643.488	-1697.8561
8	1	8618.699	-1759.2798
8	2	8635.528	-1751.9698
8	3	8625.205	-1721.8226
8	4	8630.982	-1717.2511
8	5	8617.5625	-1700.3604
8	6	8623.958	-1764.3347
8	7	8628.319	-1763.4208
8	8	8646.787	-1764.7706
8	9	8644.2295	-1784.1237
8	10	8611.123	-1792.1393
8	11	8611.653	-1794.5686
8	12	8613.111	-1799.9181
8	13	8613.638	-1802.7084
8	14	8614.501	-1805.2825
8	15	8658.358	-1732.7539
8	16	8594.011	-1793.9645
8	17	8599.355	-1799.5413
8	18	8614.522	-1808.218
8	19	8650.398	-1802.0814
8	20	8596.451	-1800.0381
8	21	8615.306	-1810.9962
8	22	8588.678	-1793.905
8	23	8593.966	-1799.8372
8	24	8615.794	-1813.3729
8	25	8583.023	-1794.2983
8	26	8585.699	-1800.3048
8	27	8602.503	-1813.6038
8	28	8616.528	-1818.7549
8	29	8599.822	-1814.1726
8	30	8617.829	-1821.4048
8	31	8597.068	-1813.873
8	32	8577.565	-1794.2852
8	33	8594.102	-1812.9905
8	34	8574.734	-1793.1816
8	35	8602.573	-1819.5707
8	36	8589.176	-1813.4415
8	37	8618.068	-1826.9169
8	38	8657.127	-1817.0071
8	39	8619.001	-1832.3971
8	40	8572.293	-1813.4288
8	41	8703.584	-1760.3473
8	42	8599.732	-1833.3342
8	55	8654.159	-1733.3011
8	57	8642.669	-1695.3524
9	1	8618.059	-1759.3469
9	2	8636.08	-1753.6693
9	3	8625.789	-1723.4431
9	4	8631.686	-1719.2516
9	5	8618.156	-1702.0726
9	6	8623.85	-1764.2292
9	7	8628.318	-1763.4208
9	8	8647.412	-1766.8322
9	9	8644.5625	-1785.9435
9	10	8611.123	-1792.1393
9	11	8611.653	-1794.5686
9	12	8613.111	-1799.9181
9	13	8613.638	-1802.7084
9	14	8614.501	-1805.2825
9	15	8657.792	-1730.9113
9	16	8594.011	-1793.9645
9	17	8599.355	-1799.5413
9	18	8614.522	-1808.218
9	19	8650.863	-1804.0216
9	20	8596.451	-1800.0381
9	21	8615.306	-1810.9962
9	22	8588.678	-1793.905
9	23	8593.966	-1799.8372
9	24	8615.794	-1813.3729
9	25	8583.023	-1794.2983
9	26	8585.699	-1800.3048
9	27	8602.503	-1813.6038
9	28	8616.528	-1818.7549
9	29	8599.822	-1814.1726
9	30	8617.829	-1821.4048
9	31	8597.068	-1813.873
9	32	8577.565	-1794.2852
9	33	8594.102	-1812.9905
9	34	8574.734	-1793.1816
9	35	8602.573	-1819.5707
9	36	8589.176	-1813.4415
9	37	8618.068	-1826.9169
9	38	8657.503	-1818.9423
9	39	8619.001	-1832.3971
9	40	8572.293	-1813.4288
9	41	8703.584	-1760.3473
9	42	8599.732	-1833.3342
9	55	8653.457	-1731.1501
10	1	8617.396	-1759.4032
10	2	8636.634	-1755.3687
10	3	8626.348	-1725.0162
10	4	8632.396	-1721.2642
10	5	8618.728	-1703.7623
10	6	8623.743	-1764.1133
10	7	8628.318	-1763.4209
10	8	8648.039	-1768.9135
10	9	8644.897	-1787.8041
10	10	8611.123	-1792.1393
10	11	8611.653	-1794.5686
10	12	8613.111	-1799.9181
10	13	8613.638	-1802.7084
10	14	8614.501	-1805.2825
10	15	8657.214	-1729.0688
10	16	8594.011	-1793.9645
10	17	8599.355	-1799.5413
10	18	8614.522	-1808.218
10	19	8651.32	-1805.909
10	20	8596.451	-1800.0381
10	21	8615.306	-1810.9962
10	22	8588.678	-1793.905
10	23	8593.966	-1799.8372
10	24	8615.794	-1813.3729
10	25	8583.023	-1794.2983
10	26	8585.699	-1800.3048
10	27	8602.503	-1813.6038
10	28	8616.528	-1818.7549
10	29	8599.822	-1814.1726
10	30	8617.829	-1821.4048
10	31	8597.068	-1813.873
10	32	8577.565	-1794.2852
10	33	8594.102	-1812.9905
10	34	8574.734	-1793.1816
10	35	8602.573	-1819.5707
10	36	8589.176	-1813.4415
10	37	8618.068	-1826.9169
10	38	8657.863	-1820.7499
10	39	8619.001	-1832.3971
10	40	8572.293	-1813.4288
10	41	8703.584	-1760.3473
10	42	8599.732	-1833.3342
11	1	8616.706	-1759.4424
11	2	8637.188	-1757.0703
11	3	8626.928	-1726.6298
11	4	8633.089	-1723.2736
11	5	8619.36	-1705.4733
11	6	8623.653	-1763.9866
11	7	8628.318	-1763.4209
11	8	8648.659	-1770.9583
11	9	8645.216	-1789.6241
11	10	8611.123	-1792.1393
11	11	8611.653	-1794.5686
11	12	8613.111	-1799.9181
11	13	8613.638	-1802.7084
11	14	8614.501	-1805.2825
11	15	8656.626	-1727.2117
11	16	8594.011	-1793.9645
11	17	8599.355	-1799.5413
11	18	8614.522	-1808.218
11	19	8651.771	-1807.852
11	20	8596.451	-1800.0381
11	21	8615.306	-1810.9962
11	22	8588.678	-1793.905
11	23	8593.966	-1799.8372
11	24	8615.794	-1813.3729
11	25	8583.023	-1794.2983
11	26	8585.699	-1800.3048
11	27	8602.503	-1813.6038
11	28	8616.528	-1818.7549
11	29	8599.822	-1814.1726
11	30	8617.829	-1821.4048
11	31	8597.068	-1813.873
11	32	8577.565	-1794.2852
11	33	8594.102	-1812.9905
11	34	8574.734	-1793.1816
11	35	8602.573	-1819.5707
11	36	8589.176	-1813.4415
11	37	8618.068	-1826.9169
11	38	8658.297	-1822.7676
11	39	8619.001	-1832.3971
11	40	8572.293	-1813.4288
11	41	8703.584	-1760.3473
11	42	8599.732	-1833.3342
11	55	8651.921	-1726.5653
12	1	8616.001	-1759.4713
12	2	8637.739	-1758.7787
12	3	8627.504	-1728.2285
12	4	8633.793	-1725.292
12	5	8619.929	-1707.1824
12	6	8623.5625	-1763.8822
12	7	8628.318	-1763.4208
12	8	8649.262	-1773.003
12	9	8645.536	-1791.4716
12	10	8611.123	-1792.1393
12	11	8611.653	-1794.5686
12	12	8613.111	-1799.9181
12	13	8613.638	-1802.7084
12	14	8614.501	-1805.2825
12	15	8655.991	-1725.3862
12	16	8594.011	-1793.9645
12	17	8599.355	-1799.5413
12	18	8614.522	-1808.218
12	19	8652.189	-1809.7896
12	20	8596.451	-1800.0381
12	21	8615.306	-1810.9962
12	22	8588.678	-1793.905
12	23	8593.966	-1799.8372
12	24	8615.794	-1813.3729
12	25	8583.023	-1794.2983
12	26	8585.699	-1800.3048
12	27	8602.503	-1813.6038
12	28	8616.528	-1818.7549
12	29	8599.822	-1814.1726
12	30	8617.829	-1821.4048
12	31	8597.068	-1813.873
12	32	8577.565	-1794.2852
12	33	8594.102	-1812.9905
12	34	8574.734	-1793.1816
12	35	8602.573	-1819.5707
12	36	8589.176	-1813.4415
12	37	8618.068	-1826.9169
12	38	8658.701	-1824.7557
12	39	8619.001	-1832.3971
12	40	8572.293	-1813.4288
12	41	8703.584	-1760.3473
12	42	8599.732	-1833.3342
13	1	8615.298	-1759.4933
13	2	8638.2705	-1760.4557
13	3	8628.077	-1729.8479
13	4	8634.494	-1727.3403
13	5	8620.522	-1708.8522
13	6	8623.468	-1763.7717
13	7	8628.318	-1763.4208
13	8	8649.86	-1775.0425
13	9	8645.845	-1793.2886
13	10	8611.123	-1792.1393
13	11	8611.653	-1794.5686
13	12	8613.111	-1799.9181
13	13	8613.638	-1802.7084
13	14	8614.501	-1805.2825
13	16	8594.011	-1793.9645
13	17	8599.355	-1799.5413
13	18	8614.522	-1808.218
13	19	8652.629	-1811.7275
13	20	8596.451	-1800.0381
13	21	8615.306	-1810.9962
13	22	8588.678	-1793.905
13	23	8593.966	-1799.8372
13	24	8615.794	-1813.3729
13	25	8583.023	-1794.2983
13	26	8585.699	-1800.3048
13	27	8602.503	-1813.6038
13	28	8616.528	-1818.7549
13	29	8599.822	-1814.1726
13	30	8617.829	-1821.4048
13	31	8597.068	-1813.873
13	32	8577.565	-1794.2852
13	33	8594.102	-1812.9905
13	34	8574.734	-1793.1816
13	35	8602.573	-1819.5707
13	36	8589.176	-1813.4415
13	37	8618.068	-1826.9169
13	38	8659.1	-1826.6913
13	39	8619.001	-1832.3971
13	40	8572.293	-1813.4288
13	41	8703.584	-1760.3473
13	42	8599.732	-1833.3342
14	1	8614.554	-1759.505
14	2	8638.804	-1762.154
14	3	8628.658	-1731.4537
14	4	8635.181	-1729.3313
14	5	8621.122	-1710.5303
14	6	8623.372	-1763.6671
14	7	8628.318	-1763.4208
14	8	8650.454	-1777.1014
14	9	8646.164	-1795.1176
14	10	8611.123	-1792.1393
14	11	8611.653	-1794.5686
14	12	8613.111	-1799.9181
14	13	8613.638	-1802.7084
14	14	8614.501	-1805.2825
14	15	8654.806	-1721.714
14	16	8594.011	-1793.9645
14	17	8599.355	-1799.5413
14	18	8614.522	-1808.218
14	19	8653.046	-1813.6755
14	20	8596.451	-1800.0381
14	21	8615.306	-1810.9962
14	22	8588.678	-1793.905
14	23	8593.966	-1799.8372
14	24	8615.794	-1813.3729
14	25	8583.023	-1794.2983
14	26	8585.699	-1800.3048
14	27	8602.503	-1813.6038
14	28	8616.528	-1818.7549
14	29	8599.822	-1814.1726
14	30	8617.829	-1821.4048
14	31	8597.068	-1813.873
14	32	8577.565	-1794.2852
14	33	8594.102	-1812.9905
14	34	8574.734	-1793.1816
14	35	8602.573	-1819.5707
14	36	8589.176	-1813.4415
14	37	8618.068	-1826.9169
14	38	8659.474	-1828.609
14	39	8619.001	-1832.3971
14	40	8572.293	-1813.4288
14	41	8703.584	-1760.3473
14	42	8599.732	-1833.3342
15	1	8613.789	-1759.5054
15	2	8639.323	-1763.8157
15	3	8629.229	-1733.0548
15	4	8635.896	-1731.378
15	5	8621.729	-1712.2124
15	6	8623.284	-1763.5547
15	7	8628.318	-1763.4209
15	8	8651.037	-1779.1273
15	9	8646.457	-1796.9584
15	10	8611.123	-1792.1393
15	11	8611.653	-1794.5686
15	12	8613.111	-1799.9181
15	13	8613.638	-1802.7084
15	14	8614.501	-1805.2825
15	15	8654.198	-1719.8229
15	16	8594.011	-1793.9645
15	17	8599.355	-1799.5413
15	18	8614.522	-1808.218
15	19	8653.473	-1815.6042
15	20	8596.451	-1800.0381
15	21	8615.306	-1810.9962
15	22	8588.678	-1793.905
15	23	8593.966	-1799.8372
15	24	8615.794	-1813.3729
15	25	8583.023	-1794.2983
15	26	8585.699	-1800.3048
15	27	8602.503	-1813.6038
15	28	8616.528	-1818.7549
15	29	8599.822	-1814.1726
15	30	8617.829	-1821.4048
15	31	8597.068	-1813.873
15	32	8577.565	-1794.2852
15	33	8594.102	-1812.9905
15	34	8574.734	-1793.1816
15	35	8602.573	-1819.5707
15	36	8589.176	-1813.4415
15	37	8618.068	-1826.9169
15	38	8659.822	-1830.4589
15	39	8619.001	-1832.3971
15	40	8572.293	-1813.4288
15	41	8703.584	-1760.3473
15	42	8599.732	-1833.3342
15	43	8613.588	-1688.5673
16	1	8613.002	-1759.5056
16	2	8639.842	-1765.5029
16	3	8629.812	-1734.6816
16	4	8636.603	-1733.4148
16	5	8622.313	-1713.8748
16	6	8623.188	-1763.4506
16	7	8628.318	-1763.4209
16	8	8651.618	-1781.1765
16	9	8646.74	-1798.7532
16	10	8611.123	-1792.1393
16	11	8611.653	-1794.5686
16	12	8613.111	-1799.9181
16	13	8613.638	-1802.7084
16	14	8614.501	-1805.2825
16	16	8594.011	-1793.9645
16	17	8599.355	-1799.5413
16	18	8614.522	-1808.218
16	19	8653.884	-1817.501
16	20	8596.451	-1800.0381
16	21	8615.306	-1810.9962
16	22	8588.678	-1793.905
16	23	8593.966	-1799.8372
16	24	8615.794	-1813.3729
16	25	8583.023	-1794.2983
16	26	8585.699	-1800.3048
16	27	8602.503	-1813.6038
16	28	8616.528	-1818.7549
16	29	8599.822	-1814.1726
16	30	8617.829	-1821.4048
16	31	8597.068	-1813.873
16	32	8577.565	-1794.2852
16	33	8594.102	-1812.9905
16	34	8574.734	-1793.1816
16	35	8602.573	-1819.5707
16	36	8589.176	-1813.4415
16	37	8618.068	-1826.9169
16	38	8660.136	-1832.1066
16	39	8619.001	-1832.3971
16	40	8572.293	-1813.4288
16	41	8703.584	-1760.3473
16	42	8599.732	-1833.3342
16	43	8614.214	-1690.4042
16	55	8648.241	-1715.3524
17	1	8612.222	-1759.4976
17	2	8640.351	-1767.1731
17	3	8630.395	-1736.3003
17	4	8637.305	-1735.4221
17	5	8622.919	-1715.57
17	6	8623.101	-1763.3374
17	7	8628.318	-1763.4208
17	8	8652.184	-1783.2089
17	9	8647.046	-1800.5626
17	10	8611.123	-1792.1393
17	11	8611.653	-1794.5686
17	12	8613.111	-1799.9181
17	13	8613.638	-1802.7084
17	14	8614.501	-1805.2825
17	16	8594.011	-1793.9645
17	17	8599.355	-1799.5413
17	18	8614.522	-1808.218
17	19	8654.322	-1819.4407
17	20	8596.451	-1800.0381
17	21	8615.306	-1810.9962
17	22	8588.678	-1793.905
17	23	8593.966	-1799.8372
17	24	8615.794	-1813.3729
17	25	8583.023	-1794.2983
17	26	8585.699	-1800.3048
17	27	8602.503	-1813.6038
17	28	8616.528	-1818.7549
17	29	8599.822	-1814.1726
17	30	8617.829	-1821.4048
17	31	8597.068	-1813.873
17	32	8577.565	-1794.2852
17	33	8594.102	-1812.9905
17	34	8574.734	-1793.1816
17	35	8602.573	-1819.5707
17	36	8589.176	-1813.4415
17	37	8618.068	-1826.9169
17	40	8572.293	-1813.4288
17	41	8703.584	-1760.3473
17	42	8599.732	-1833.3342
17	43	8614.848	-1692.2382
17	48	8618.87	-1832.1554
17	55	8647.577	-1712.9392
18	1	8611.408	-1759.4901
18	2	8640.859	-1768.8486
18	3	8630.96	-1737.8826
18	4	8638.011	-1737.5061
18	5	8623.514	-1717.2598
18	6	8623.001	-1763.2407
18	7	8628.318	-1763.4208
18	8	8652.741	-1785.2382
18	9	8647.353	-1802.359
18	10	8611.123	-1792.1393
18	11	8611.653	-1794.5686
18	12	8613.111	-1799.9181
18	13	8613.638	-1802.7084
18	14	8614.501	-1805.2825
18	16	8594.011	-1793.9645
18	17	8599.355	-1799.5413
18	18	8614.522	-1808.218
18	19	8654.746	-1821.3619
18	20	8596.451	-1800.0381
18	21	8615.306	-1810.9962
18	22	8588.678	-1793.905
18	23	8593.966	-1799.8372
18	24	8615.794	-1813.3729
18	25	8583.023	-1794.2983
18	26	8585.699	-1800.3048
18	27	8602.503	-1813.6038
18	28	8616.528	-1818.7549
18	29	8599.822	-1814.1726
18	30	8617.829	-1821.4048
18	31	8597.068	-1813.873
18	32	8577.565	-1794.2852
18	33	8594.102	-1812.9905
18	34	8574.734	-1793.1816
18	35	8602.573	-1819.5707
18	36	8589.176	-1813.4415
18	37	8618.068	-1826.9169
18	40	8572.293	-1813.4288
18	41	8703.584	-1760.3473
18	42	8599.732	-1833.3342
18	43	8615.493	-1694.0458
18	44	8620.189	-1697.6046
18	48	8618.87	-1832.1554
19	1	8610.586	-1759.4785
19	2	8641.371	-1770.5258
19	3	8631.539	-1739.5201
19	4	8638.718	-1739.5131
19	5	8624.108	-1718.9407
19	6	8622.914	-1763.1443
19	7	8628.318	-1763.4207
19	8	8653.296	-1787.2651
19	9	8647.65	-1804.1781
19	10	8611.123	-1792.1393
19	11	8611.653	-1794.5686
19	12	8613.111	-1799.9181
19	13	8613.638	-1802.7084
19	14	8614.501	-1805.2825
19	16	8594.011	-1793.9645
19	17	8599.355	-1799.5413
19	18	8614.522	-1808.218
19	19	8655.142	-1823.3511
19	20	8596.451	-1800.0381
19	21	8615.306	-1810.9962
19	22	8588.678	-1793.905
19	23	8593.966	-1799.8372
19	24	8615.794	-1813.3729
19	25	8583.023	-1794.2983
19	26	8585.699	-1800.3048
19	27	8602.503	-1813.6038
19	28	8616.528	-1818.7549
19	29	8599.822	-1814.1726
19	30	8617.829	-1821.4048
19	31	8597.068	-1813.873
19	32	8577.565	-1794.2852
19	33	8594.102	-1812.9905
19	34	8574.734	-1793.1816
19	35	8602.573	-1819.5707
19	36	8589.176	-1813.4415
19	37	8618.068	-1826.9169
19	40	8572.293	-1813.4288
19	41	8703.584	-1760.3473
19	42	8599.732	-1833.3342
19	43	8616.124	-1695.7878
19	44	8620.913	-1699.574
19	48	8618.87	-1832.1554
20	1	8609.744	-1759.4695
20	2	8641.853	-1772.1997
20	3	8632.109	-1741.1538
20	4	8639.417	-1741.5491
20	5	8624.713	-1720.6318
20	6	8622.839	-1763.0305
20	7	8628.318	-1763.4205
20	8	8653.855	-1789.31
20	9	8647.957	-1805.9834
20	10	8611.123	-1792.1393
20	11	8611.653	-1794.5686
20	12	8613.111	-1799.9181
20	13	8613.638	-1802.7084
20	14	8614.501	-1805.2825
20	16	8594.011	-1793.9645
20	17	8599.355	-1799.5413
20	18	8614.522	-1808.218
20	19	8655.559	-1825.2867
20	20	8596.451	-1800.0381
20	21	8615.306	-1810.9962
20	22	8588.678	-1793.905
20	23	8593.966	-1799.8372
20	24	8615.794	-1813.3729
20	25	8583.023	-1794.2983
20	26	8585.699	-1800.3048
20	27	8602.503	-1813.6038
20	28	8616.528	-1818.7549
20	29	8599.822	-1814.1726
20	30	8617.829	-1821.4048
20	31	8597.068	-1813.873
20	32	8577.565	-1794.2852
20	33	8594.102	-1812.9905
20	34	8574.734	-1793.1816
20	35	8602.573	-1819.5707
20	36	8589.176	-1813.4415
20	37	8618.068	-1826.9169
20	40	8572.293	-1813.4288
20	41	8703.584	-1760.3473
20	42	8599.732	-1833.3342
20	43	8616.741	-1697.5785
20	44	8621.62	-1701.5797
20	48	8618.87	-1832.1554
20	55	8645.418	-1706.4534
21	1	8608.881	-1759.4563
21	2	8642.3125	-1773.877
21	3	8632.69	-1742.7971
21	4	8640.111	-1743.6002
21	5	8625.318	-1722.353
21	6	8622.75	-1762.9248
21	7	8628.318	-1763.4207
21	8	8654.399	-1791.3684
21	9	8648.26	-1807.7328
21	10	8611.123	-1792.1393
21	11	8611.653	-1794.5686
21	12	8613.111	-1799.9181
21	13	8613.638	-1802.7084
21	14	8614.501	-1805.2825
21	16	8594.011	-1793.9645
21	17	8599.355	-1799.5413
21	18	8614.522	-1808.218
21	19	8656.0205	-1827.207
21	20	8596.451	-1800.0381
21	21	8615.306	-1810.9962
21	22	8588.678	-1793.905
21	23	8593.966	-1799.8372
21	24	8615.794	-1813.3729
21	25	8583.023	-1794.2983
21	26	8585.699	-1800.3048
21	27	8602.503	-1813.6038
21	28	8616.528	-1818.7549
21	29	8599.822	-1814.1726
21	30	8617.829	-1821.4048
21	31	8597.068	-1813.873
21	32	8577.565	-1794.2852
21	33	8594.102	-1812.9905
21	34	8574.734	-1793.1816
21	35	8602.573	-1819.5707
21	36	8589.176	-1813.4415
21	37	8618.068	-1826.9169
21	40	8572.293	-1813.4288
21	41	8703.584	-1760.3473
21	42	8599.732	-1833.3342
21	43	8617.402	-1699.3987
21	44	8622.324	-1703.5131
21	48	8618.87	-1832.1554
21	55	8644.485	-1703.8937
22	1	8608.002	-1759.4429
22	2	8642.761	-1775.5328
22	3	8633.258	-1744.4247
22	4	8640.792	-1745.6556
22	5	8625.897	-1723.9631
22	6	8622.653	-1762.8065
22	7	8628.318	-1763.4205
22	8	8654.909	-1793.3289
22	9	8648.611	-1809.5121
22	10	8611.123	-1792.1393
22	11	8611.653	-1794.5686
22	12	8613.111	-1799.9181
22	13	8613.638	-1802.7084
22	14	8614.501	-1805.2825
22	16	8594.011	-1793.9645
22	17	8599.355	-1799.5413
22	18	8614.522	-1808.218
22	19	8656.369	-1829.0096
22	20	8596.451	-1800.0381
22	21	8615.306	-1810.9962
22	22	8588.678	-1793.905
22	23	8593.966	-1799.8372
22	24	8615.794	-1813.3729
22	25	8583.023	-1794.2983
22	26	8585.699	-1800.3048
22	27	8602.503	-1813.6038
22	28	8616.528	-1818.7549
22	29	8599.822	-1814.1726
22	30	8617.829	-1821.4048
22	31	8597.068	-1813.873
22	32	8577.565	-1794.2852
22	33	8594.102	-1812.9905
22	34	8574.734	-1793.1816
22	35	8602.573	-1819.5707
22	36	8589.176	-1813.4415
22	37	8618.068	-1826.9169
22	40	8572.293	-1813.4288
22	41	8703.584	-1760.3473
22	42	8599.732	-1833.3342
22	43	8618.049	-1701.2101
22	44	8623.041	-1705.5266
22	48	8618.87	-1832.1554
23	1	8607.124	-1759.4315
23	2	8643.188	-1777.1908
23	3	8633.828	-1746.0704
23	4	8641.475	-1747.7225
23	5	8626.497	-1725.6334
23	6	8622.569	-1762.682
23	7	8628.318	-1763.4207
23	8	8655.428	-1795.3837
23	9	8648.92	-1811.3141
23	10	8611.123	-1792.1393
23	11	8611.653	-1794.5686
23	12	8613.111	-1799.9181
23	13	8613.638	-1802.7084
23	14	8614.501	-1805.2825
23	16	8594.011	-1793.9645
23	17	8599.355	-1799.5413
23	18	8614.522	-1808.218
23	20	8596.451	-1800.0381
23	21	8615.306	-1810.9962
23	22	8588.678	-1793.905
23	23	8593.966	-1799.8372
23	24	8615.794	-1813.3729
23	25	8583.023	-1794.2983
23	26	8585.699	-1800.3048
23	27	8602.503	-1813.6038
23	28	8616.528	-1818.7549
23	29	8599.822	-1814.1726
23	30	8617.829	-1821.4048
23	31	8597.068	-1813.873
23	32	8577.565	-1794.2852
23	33	8594.102	-1812.9905
23	34	8574.734	-1793.1816
23	35	8602.573	-1819.5707
23	36	8589.176	-1813.4415
23	37	8618.068	-1826.9169
23	40	8572.293	-1813.4288
23	41	8703.584	-1760.3473
23	42	8599.732	-1833.3342
23	43	8618.689	-1703.0687
23	44	8623.753	-1707.5629
23	48	8618.87	-1832.1554
23	55	8643.043	-1699.5422
24	1	8606.221	-1759.4099
24	2	8643.603	-1778.8462
24	3	8634.387	-1747.7169
24	4	8642.15	-1749.7937
24	5	8627.1	-1727.311
24	6	8622.483	-1762.567
24	7	8628.318	-1763.4207
24	8	8655.953	-1797.4274
24	9	8649.221	-1813.0798
24	10	8611.123	-1792.1393
24	11	8611.653	-1794.5686
24	12	8613.111	-1799.9181
24	13	8613.638	-1802.7084
24	14	8614.501	-1805.2825
24	16	8594.011	-1793.9645
24	17	8599.355	-1799.5413
24	18	8614.522	-1808.218
24	20	8596.451	-1800.0381
24	21	8615.306	-1810.9962
24	22	8588.678	-1793.905
24	23	8593.966	-1799.8372
24	24	8615.794	-1813.3729
24	25	8583.023	-1794.2983
24	26	8585.699	-1800.3048
24	27	8602.503	-1813.6038
24	28	8616.528	-1818.7549
24	29	8599.822	-1814.1726
24	30	8617.829	-1821.4048
24	31	8597.068	-1813.873
24	32	8577.565	-1794.2852
24	33	8594.102	-1812.9905
24	34	8574.734	-1793.1816
24	35	8602.573	-1819.5707
24	36	8589.176	-1813.4415
24	37	8618.068	-1826.9169
24	40	8572.293	-1813.4288
24	41	8703.584	-1760.3473
24	42	8599.732	-1833.3342
24	43	8619.306	-1704.8324
24	44	8624.483	-1709.6067
24	48	8618.87	-1832.1554
24	55	8642.27	-1697.3212
25	1	8605.315	-1759.3951
25	2	8644.007	-1780.5
25	3	8634.944	-1749.3738
25	4	8642.817	-1751.8433
25	5	8627.698	-1729.0083
25	6	8622.387	-1762.4385
25	7	8628.318	-1763.4207
25	8	8656.457	-1799.4038
25	9	8649.501	-1814.8395
25	10	8611.123	-1792.1393
25	11	8611.653	-1794.5686
25	12	8613.111	-1799.9181
25	13	8613.638	-1802.7084
25	14	8614.501	-1805.2825
25	16	8594.011	-1793.9645
25	17	8599.355	-1799.5413
25	18	8614.522	-1808.218
25	20	8596.451	-1800.0381
25	21	8615.306	-1810.9962
25	22	8588.678	-1793.905
25	23	8593.966	-1799.8372
25	24	8615.794	-1813.3729
25	25	8583.023	-1794.2983
25	26	8585.699	-1800.3048
25	27	8602.503	-1813.6038
25	28	8616.528	-1818.7549
25	29	8599.822	-1814.1726
25	30	8617.829	-1821.4048
25	31	8597.068	-1813.873
25	32	8577.565	-1794.2852
25	33	8594.102	-1812.9905
25	34	8574.734	-1793.1816
25	35	8602.573	-1819.5707
25	36	8589.176	-1813.4415
25	37	8618.068	-1826.9169
25	40	8572.293	-1813.4288
25	41	8703.584	-1760.3473
25	42	8599.732	-1833.3342
25	43	8619.932	-1706.6023
25	44	8625.186	-1711.5712
25	48	8618.87	-1832.1554
26	1	8604.424	-1759.378
26	2	8644.387	-1782.1531
26	3	8635.505	-1751.0527
26	4	8643.49	-1753.8971
26	5	8628.293	-1730.6796
26	6	8622.292	-1762.32
26	7	8628.318	-1763.4207
26	8	8656.966	-1801.421
26	9	8649.793	-1816.6232
26	10	8611.123	-1792.1393
26	11	8611.653	-1794.5686
26	12	8613.111	-1799.9181
26	13	8613.638	-1802.7084
26	14	8614.501	-1805.2825
26	16	8594.011	-1793.9645
26	17	8599.355	-1799.5413
26	18	8614.522	-1808.218
26	20	8596.451	-1800.0381
26	21	8615.306	-1810.9962
26	22	8588.678	-1793.905
26	23	8593.966	-1799.8372
26	24	8615.794	-1813.3729
26	25	8583.023	-1794.2983
26	26	8585.699	-1800.3048
26	27	8602.503	-1813.6038
26	28	8616.528	-1818.7549
26	29	8599.822	-1814.1726
26	30	8617.829	-1821.4048
26	31	8597.068	-1813.873
26	32	8577.565	-1794.2852
26	33	8594.102	-1812.9905
26	34	8574.734	-1793.1816
26	35	8602.573	-1819.5707
26	36	8589.176	-1813.4415
26	37	8618.068	-1826.9169
26	40	8572.293	-1813.4288
26	41	8703.584	-1760.3473
26	42	8599.732	-1833.3342
26	43	8620.546	-1708.3806
26	44	8625.894	-1713.5942
26	48	8618.87	-1832.1554
27	1	8603.521	-1759.3651
27	2	8644.745	-1783.7947
27	3	8636.059	-1752.7188
27	4	8644.174	-1755.9741
27	5	8628.875	-1732.3252
27	6	8622.205	-1762.1935
27	7	8628.318	-1763.4207
27	8	8657.477	-1803.4348
27	9	8650.091	-1818.3773
27	10	8611.123	-1792.1393
27	11	8611.653	-1794.5686
27	12	8613.111	-1799.9181
27	13	8613.638	-1802.7084
27	14	8614.501	-1805.2825
27	16	8594.011	-1793.9645
27	17	8599.355	-1799.5413
27	18	8614.522	-1808.218
27	20	8596.451	-1800.0381
27	21	8615.306	-1810.9962
27	22	8588.678	-1793.905
27	23	8593.966	-1799.8372
27	24	8615.794	-1813.3729
27	25	8583.023	-1794.2983
27	26	8585.699	-1800.3048
27	27	8602.503	-1813.6038
27	28	8616.528	-1818.7549
27	29	8599.822	-1814.1726
27	30	8617.829	-1821.4048
27	31	8597.068	-1813.873
27	32	8577.565	-1794.2852
27	33	8594.102	-1812.9905
27	34	8574.734	-1793.1816
27	35	8602.573	-1819.5707
27	36	8589.176	-1813.4415
27	37	8618.068	-1826.9169
27	40	8572.293	-1813.4288
27	41	8703.584	-1760.3473
27	42	8599.732	-1833.3342
27	43	8621.173	-1710.126
27	44	8626.609	-1715.5348
27	48	8618.87	-1832.1554
28	1	8602.589	-1759.3279
28	2	8645.086	-1785.4187
28	3	8636.607	-1754.3735
28	4	8644.842	-1758.0226
28	5	8629.468	-1733.9894
28	6	8622.097	-1762.1025
28	7	8628.318	-1763.4207
28	8	8657.953	-1805.437
28	9	8650.399	-1820.0745
28	10	8611.123	-1792.1393
28	11	8611.653	-1794.5686
28	12	8613.111	-1799.9181
28	13	8613.638	-1802.7084
28	14	8614.501	-1805.2825
28	16	8594.011	-1793.9645
28	17	8599.355	-1799.5413
28	18	8614.522	-1808.218
28	20	8596.451	-1800.0381
28	21	8615.306	-1810.9962
28	22	8588.678	-1793.905
28	23	8593.966	-1799.8372
28	24	8615.794	-1813.3729
28	25	8583.023	-1794.2983
28	26	8585.699	-1800.3048
28	27	8602.503	-1813.6038
28	28	8616.528	-1818.7549
28	29	8599.822	-1814.1726
28	30	8617.829	-1821.4048
28	31	8597.068	-1813.873
28	32	8577.565	-1794.2852
28	33	8594.102	-1812.9905
28	34	8574.734	-1793.1816
28	35	8602.573	-1819.5707
28	36	8589.176	-1813.4415
28	37	8618.068	-1826.9169
28	40	8572.293	-1813.4288
28	41	8703.584	-1760.3473
28	42	8599.732	-1833.3342
28	43	8621.793	-1711.8687
28	44	8627.332	-1717.5236
28	48	8618.87	-1832.1554
29	1	8601.656	-1759.3179
29	2	8645.41	-1787.0391
29	3	8637.154	-1756.0459
29	4	8645.487	-1760.0496
29	5	8630.053	-1735.6562
29	6	8621.998	-1761.9927
29	7	8628.318	-1763.4207
29	8	8658.444	-1807.4728
29	9	8650.74	-1821.7958
29	10	8611.123	-1792.1393
29	11	8611.653	-1794.5686
29	12	8613.111	-1799.9181
29	13	8613.638	-1802.7084
29	14	8614.501	-1805.2825
29	16	8594.011	-1793.9645
29	17	8599.355	-1799.5413
29	18	8614.522	-1808.218
29	20	8596.451	-1800.0381
29	21	8615.306	-1810.9962
29	22	8588.678	-1793.905
29	23	8593.966	-1799.8372
29	24	8615.794	-1813.3729
29	25	8583.023	-1794.2983
29	26	8585.699	-1800.3048
29	27	8602.503	-1813.6038
29	28	8616.528	-1818.7549
29	29	8599.822	-1814.1726
29	30	8617.829	-1821.4048
29	31	8597.068	-1813.873
29	32	8577.565	-1794.2852
29	33	8594.102	-1812.9905
29	34	8574.734	-1793.1816
29	35	8602.573	-1819.5707
29	36	8589.176	-1813.4415
29	37	8618.068	-1826.9169
29	40	8572.293	-1813.4288
29	41	8703.584	-1760.3473
29	42	8599.732	-1833.3342
29	43	8622.42	-1713.603
29	44	8628.068	-1719.562
29	48	8618.87	-1832.1554
30	1	8600.737	-1759.3033
30	2	8645.73	-1788.6674
30	3	8637.699	-1757.7122
30	4	8646.137	-1762.1066
30	5	8630.642	-1737.321
30	6	8621.907	-1761.8728
30	7	8628.318	-1763.4205
30	8	8658.914	-1809.4851
30	9	8651.063	-1823.5123
30	10	8611.123	-1792.1393
30	11	8611.653	-1794.5686
30	12	8613.111	-1799.9181
30	13	8613.638	-1802.7084
30	14	8614.501	-1805.2825
30	16	8594.011	-1793.9645
30	17	8599.355	-1799.5413
30	18	8614.522	-1808.218
30	20	8596.451	-1800.0381
30	21	8615.306	-1810.9962
30	22	8588.678	-1793.905
30	23	8593.966	-1799.8372
30	24	8615.794	-1813.3729
30	25	8583.023	-1794.2983
30	26	8585.699	-1800.3048
30	27	8602.503	-1813.6038
30	28	8616.528	-1818.7549
30	29	8599.822	-1814.1726
30	30	8617.829	-1821.4048
30	31	8597.068	-1813.873
30	32	8577.565	-1794.2852
30	33	8594.102	-1812.9905
30	34	8574.734	-1793.1816
30	35	8602.573	-1819.5707
30	36	8589.176	-1813.4415
30	37	8618.068	-1826.9169
30	40	8572.293	-1813.4288
30	41	8703.584	-1760.3473
30	42	8599.732	-1833.3342
30	43	8623.045	-1715.3451
30	44	8628.788	-1721.5837
30	45	8613.733	-1688.6224
30	48	8618.87	-1832.1554
31	1	8599.812	-1759.2849
31	2	8646.03	-1790.2739
31	3	8638.234	-1759.3794
31	4	8646.788	-1764.145
31	5	8631.224	-1739.0029
31	6	8621.8125	-1761.7637
31	7	8628.318	-1763.4205
31	8	8659.369	-1811.4783
31	9	8651.351	-1825.24
31	10	8611.123	-1792.1393
31	11	8611.653	-1794.5686
31	12	8613.111	-1799.9181
31	13	8613.638	-1802.7084
31	14	8614.501	-1805.2825
31	16	8594.011	-1793.9645
31	17	8599.355	-1799.5413
31	18	8614.522	-1808.218
31	20	8596.451	-1800.0381
31	21	8615.306	-1810.9962
31	22	8588.678	-1793.905
31	23	8593.966	-1799.8372
31	24	8615.794	-1813.3729
31	25	8583.023	-1794.2983
31	26	8585.699	-1800.3048
31	27	8602.503	-1813.6038
31	28	8616.528	-1818.7549
31	29	8599.822	-1814.1726
31	30	8617.829	-1821.4048
31	31	8597.068	-1813.873
31	32	8577.565	-1794.2852
31	33	8594.102	-1812.9905
31	34	8574.734	-1793.1816
31	35	8602.573	-1819.5707
31	36	8589.176	-1813.4415
31	37	8618.068	-1826.9169
31	40	8572.293	-1813.4288
31	41	8703.584	-1760.3473
31	42	8599.732	-1833.3342
31	43	8623.668	-1717.0964
31	44	8629.52	-1723.5903
31	45	8614.35	-1690.3451
31	48	8618.87	-1832.1554
32	1	8598.886	-1759.254
32	2	8646.322	-1791.8905
32	3	8638.767	-1761.0533
32	4	8647.437	-1766.1971
32	5	8631.807	-1740.6846
32	6	8621.722	-1761.6516
32	7	8628.318	-1763.4208
32	8	8659.805	-1813.4438
32	9	8651.614	-1826.9586
32	10	8611.123	-1792.1393
32	11	8611.653	-1794.5686
32	12	8613.111	-1799.9181
32	13	8613.638	-1802.7084
32	14	8614.501	-1805.2825
32	16	8594.011	-1793.9645
32	17	8599.355	-1799.5413
32	18	8614.522	-1808.218
32	20	8596.451	-1800.0381
32	21	8615.306	-1810.9962
32	22	8588.678	-1793.905
32	23	8593.966	-1799.8372
32	24	8615.794	-1813.3729
32	25	8583.023	-1794.2983
32	26	8585.699	-1800.3048
32	27	8602.503	-1813.6038
32	28	8616.528	-1818.7549
32	29	8599.822	-1814.1726
32	30	8617.829	-1821.4048
32	31	8597.068	-1813.873
32	32	8577.565	-1794.2852
32	33	8594.102	-1812.9905
32	34	8574.734	-1793.1816
32	35	8602.573	-1819.5707
32	36	8589.176	-1813.4415
32	37	8618.068	-1826.9169
32	40	8572.293	-1813.4288
32	41	8703.584	-1760.3473
32	42	8599.732	-1833.3342
32	43	8624.282	-1718.8463
32	44	8630.248	-1725.6257
32	45	8614.942	-1692.0885
32	48	8618.87	-1832.1554
32	58	8592.336	-1824.1643
33	1	8597.967	-1759.2313
33	2	8646.601	-1793.5103
33	3	8639.288	-1762.7052
33	4	8648.064	-1768.2322
33	5	8632.38	-1742.3417
33	6	8621.634	-1761.5447
33	7	8628.318	-1763.4208
33	8	8660.243	-1815.4039
33	9	8651.887	-1828.6509
33	10	8611.123	-1792.1393
33	11	8611.653	-1794.5686
33	12	8613.111	-1799.9181
33	13	8613.638	-1802.7084
33	14	8614.501	-1805.2825
33	16	8594.011	-1793.9645
33	17	8599.355	-1799.5413
33	18	8614.522	-1808.218
33	20	8596.451	-1800.0381
33	21	8615.306	-1810.9962
33	22	8588.678	-1793.905
33	23	8593.966	-1799.8372
33	24	8615.794	-1813.3729
33	25	8583.023	-1794.2983
33	26	8585.699	-1800.3048
33	27	8602.503	-1813.6038
33	28	8616.528	-1818.7549
33	29	8599.822	-1814.1726
33	30	8617.829	-1821.4048
33	31	8597.068	-1813.873
33	32	8577.565	-1794.2852
33	33	8594.102	-1812.9905
33	34	8574.734	-1793.1816
33	35	8602.573	-1819.5707
33	36	8589.176	-1813.4415
33	37	8618.068	-1826.9169
33	40	8572.293	-1813.4288
33	41	8703.584	-1760.3473
33	42	8599.732	-1833.3342
33	43	8624.882	-1720.5261
33	44	8630.947	-1727.6316
33	45	8615.54	-1693.839
33	48	8618.87	-1832.1554
33	58	8592.349	-1824.2894
34	1	8597.017	-1759.2021
34	2	8646.873	-1795.0967
34	3	8639.82	-1764.3812
34	4	8648.701	-1770.2778
34	5	8632.959	-1744.0114
34	6	8621.542	-1761.4021
34	7	8628.318	-1763.4205
34	8	8660.692	-1817.3962
34	9	8652.12	-1830.4252
34	10	8611.123	-1792.1393
34	11	8611.653	-1794.5686
34	12	8613.111	-1799.9181
34	13	8613.638	-1802.7084
34	14	8614.501	-1805.2825
34	16	8594.011	-1793.9645
34	17	8599.355	-1799.5413
34	18	8614.522	-1808.218
34	20	8596.451	-1800.0381
34	21	8615.306	-1810.9962
34	22	8588.678	-1793.905
34	23	8593.966	-1799.8372
34	24	8615.794	-1813.3729
34	25	8583.023	-1794.2983
34	26	8585.699	-1800.3048
34	27	8602.503	-1813.6038
34	28	8616.528	-1818.7549
34	29	8599.822	-1814.1726
34	30	8617.829	-1821.4048
34	31	8597.068	-1813.873
34	32	8577.565	-1794.2852
34	33	8594.102	-1812.9905
34	34	8574.734	-1793.1816
34	35	8602.573	-1819.5707
34	36	8589.176	-1813.4415
34	37	8618.068	-1826.9169
34	40	8572.293	-1813.4288
34	41	8703.584	-1760.3473
34	42	8599.732	-1833.3342
34	43	8625.487	-1722.2235
34	44	8631.656	-1729.6504
34	45	8616.158	-1695.6138
34	48	8618.87	-1832.1554
34	58	8592.333	-1824.4037
35	1	8596.094	-1759.1802
35	2	8647.124	-1796.6708
35	3	8640.358	-1766.0586
35	4	8649.319	-1772.3032
35	5	8633.53	-1745.6802
35	6	8621.439	-1761.3042
35	7	8628.318	-1763.4207
35	8	8661.132	-1819.3984
35	9	8652.432	-1832.0831
35	10	8611.123	-1792.1393
35	11	8611.653	-1794.5686
35	12	8613.111	-1799.9181
35	13	8613.638	-1802.7084
35	14	8614.501	-1805.2825
35	16	8594.011	-1793.9645
35	17	8599.355	-1799.5413
35	18	8614.522	-1808.218
35	20	8596.451	-1800.0381
35	21	8615.306	-1810.9962
35	22	8588.678	-1793.905
35	23	8593.966	-1799.8372
35	24	8615.794	-1813.3729
35	25	8583.023	-1794.2983
35	26	8585.699	-1800.3048
35	27	8602.503	-1813.6038
35	28	8616.528	-1818.7549
35	29	8599.822	-1814.1726
35	30	8617.829	-1821.4048
35	31	8597.068	-1813.873
35	32	8577.565	-1794.2852
35	33	8594.102	-1812.9905
35	34	8574.734	-1793.1816
35	35	8602.573	-1819.5707
35	36	8589.176	-1813.4415
35	37	8618.068	-1826.9169
35	40	8572.293	-1813.4288
35	41	8703.584	-1760.3473
35	42	8599.732	-1833.3342
35	43	8626.085	-1723.8866
35	44	8632.36	-1731.6669
35	45	8616.795	-1697.3784
35	48	8618.87	-1832.1554
35	58	8592.375	-1824.5233
36	1	8595.13	-1759.1528
36	2	8647.367	-1798.2633
36	3	8640.887	-1767.7388
36	4	8649.9375	-1774.3639
36	5	8634.105	-1747.3674
36	6	8621.347	-1761.1824
36	7	8628.318	-1763.4207
36	8	8661.583	-1821.4326
36	9	8652.726	-1833.7314
36	10	8611.123	-1792.1393
36	11	8611.653	-1794.5686
36	12	8613.111	-1799.9181
36	13	8613.638	-1802.7084
36	14	8614.501	-1805.2825
36	16	8594.011	-1793.9645
36	17	8599.355	-1799.5413
36	18	8614.522	-1808.218
36	20	8596.451	-1800.0381
36	21	8615.306	-1810.9962
36	22	8588.678	-1793.905
36	23	8593.966	-1799.8372
36	24	8615.794	-1813.3729
36	25	8583.023	-1794.2983
36	26	8585.699	-1800.3048
36	27	8602.503	-1813.6038
36	28	8616.528	-1818.7549
36	29	8599.822	-1814.1726
36	30	8617.829	-1821.4048
36	31	8597.068	-1813.873
36	32	8577.565	-1794.2852
36	33	8594.102	-1812.9905
36	34	8574.734	-1793.1816
36	35	8602.573	-1819.5707
36	36	8589.176	-1813.4415
36	37	8618.068	-1826.9169
36	40	8572.293	-1813.4288
36	41	8703.584	-1760.3473
36	42	8599.732	-1833.3342
36	43	8626.683	-1725.5767
36	44	8633.062	-1733.6959
36	45	8617.408	-1699.1643
36	48	8618.87	-1832.1554
36	58	8592.3545	-1824.6614
37	1	8594.174	-1759.132
37	2	8647.59	-1799.8424
37	3	8641.407	-1769.4177
37	4	8650.547	-1776.4153
37	5	8634.68	-1749.0659
37	6	8621.243	-1761.056
37	7	8628.318	-1763.4207
37	8	8662.023	-1823.4098
37	9	8653.022	-1835.3376
37	10	8611.123	-1792.1393
37	11	8611.653	-1794.5686
37	12	8613.111	-1799.9181
37	13	8613.638	-1802.7084
37	14	8614.501	-1805.2825
37	16	8594.011	-1793.9645
37	17	8599.355	-1799.5413
37	18	8614.522	-1808.218
37	20	8596.451	-1800.0381
37	21	8615.306	-1810.9962
37	22	8588.678	-1793.905
37	23	8593.966	-1799.8372
37	24	8615.794	-1813.3729
37	25	8583.023	-1794.2983
37	26	8585.699	-1800.3048
37	27	8602.503	-1813.6038
37	28	8616.528	-1818.7549
37	29	8599.822	-1814.1726
37	30	8617.829	-1821.4048
37	31	8597.068	-1813.873
37	32	8577.565	-1794.2852
37	33	8594.102	-1812.9905
37	34	8574.734	-1793.1816
37	35	8602.573	-1819.5707
37	36	8589.176	-1813.4415
37	37	8618.068	-1826.9169
37	40	8572.293	-1813.4288
37	41	8703.584	-1760.3473
37	42	8599.732	-1833.3342
37	43	8627.279	-1727.2205
37	44	8633.756	-1735.7031
37	45	8618.032	-1700.9401
37	48	8618.87	-1832.1554
37	58	8592.349	-1824.7919
38	1	8593.2295	-1759.1074
38	2	8647.793	-1801.3892
38	3	8641.924	-1771.0958
38	4	8651.136	-1778.3884
38	5	8635.239	-1750.7462
38	6	8621.137	-1760.9431
38	7	8628.318	-1763.4208
38	8	8662.444	-1825.4019
38	10	8611.123	-1792.1393
38	11	8611.653	-1794.5686
38	12	8613.111	-1799.9181
38	13	8613.638	-1802.7084
38	14	8614.501	-1805.2825
38	16	8594.011	-1793.9645
38	17	8599.355	-1799.5413
38	18	8614.522	-1808.218
38	20	8596.451	-1800.0381
38	21	8615.306	-1810.9962
38	22	8588.678	-1793.905
38	23	8593.966	-1799.8372
38	24	8615.794	-1813.3729
38	25	8583.023	-1794.2983
38	26	8585.699	-1800.3048
38	27	8602.503	-1813.6038
38	28	8616.528	-1818.7549
38	29	8599.822	-1814.1726
38	30	8617.829	-1821.4048
38	31	8597.068	-1813.873
38	32	8577.565	-1794.2852
38	33	8594.102	-1812.9905
38	34	8574.734	-1793.1816
38	35	8602.573	-1819.5707
38	36	8589.176	-1813.4415
38	37	8618.068	-1826.9169
38	40	8572.293	-1813.4288
38	41	8703.584	-1760.3473
38	42	8599.732	-1833.3342
38	43	8627.882	-1728.8984
38	44	8634.46	-1737.7379
38	45	8618.65	-1702.7135
38	48	8618.87	-1832.1554
38	58	8592.341	-1824.9138
39	1	8592.277	-1759.0796
39	2	8647.997	-1802.9238
39	3	8642.425	-1772.7744
39	4	8651.716	-1780.4546
39	5	8635.795	-1752.4415
39	6	8621.027	-1760.8464
39	7	8628.318	-1763.4208
39	8	8662.914	-1827.3772
39	10	8611.123	-1792.1393
39	11	8611.653	-1794.5686
39	12	8613.111	-1799.9181
39	13	8613.638	-1802.7084
39	14	8614.501	-1805.2825
39	16	8594.011	-1793.9645
39	17	8599.355	-1799.5413
39	18	8614.522	-1808.218
39	20	8596.451	-1800.0381
39	21	8615.306	-1810.9962
39	22	8588.678	-1793.905
39	23	8593.966	-1799.8372
39	24	8615.794	-1813.3729
39	25	8583.023	-1794.2983
39	26	8585.699	-1800.3048
39	27	8602.503	-1813.6038
39	28	8616.528	-1818.7549
39	29	8599.822	-1814.1726
39	30	8617.829	-1821.4048
39	31	8597.068	-1813.873
39	32	8577.565	-1794.2852
39	33	8594.102	-1812.9905
39	34	8574.734	-1793.1816
39	35	8602.573	-1819.5707
39	36	8589.176	-1813.4415
39	37	8618.068	-1826.9169
39	40	8572.293	-1813.4288
39	41	8703.584	-1760.3473
39	42	8599.732	-1833.3342
39	43	8628.461	-1730.5171
39	44	8635.1455	-1739.7522
39	45	8619.272	-1704.4814
39	48	8618.87	-1832.1554
40	1	8591.298	-1759.0541
40	2	8648.205	-1804.4366
40	3	8642.927	-1774.4564
40	4	8652.275	-1782.4806
40	5	8636.365	-1754.1327
40	6	8620.922	-1760.7454
40	7	8628.318	-1763.4208
40	8	8663.3955	-1829.3661
40	10	8611.123	-1792.1393
40	11	8611.653	-1794.5686
40	12	8613.111	-1799.9181
40	13	8613.638	-1802.7084
40	14	8614.501	-1805.2825
40	16	8594.011	-1793.9645
40	17	8599.355	-1799.5413
40	18	8614.522	-1808.218
40	20	8596.451	-1800.0381
40	21	8615.306	-1810.9962
40	22	8588.678	-1793.905
40	23	8593.966	-1799.8372
40	24	8615.794	-1813.3729
40	25	8583.023	-1794.2983
40	26	8585.699	-1800.3048
40	27	8602.503	-1813.6038
40	28	8616.528	-1818.7549
40	29	8599.822	-1814.1726
40	30	8617.829	-1821.4048
40	31	8597.068	-1813.873
40	32	8577.565	-1794.2852
40	33	8594.102	-1812.9905
40	34	8574.734	-1793.1816
40	35	8602.573	-1819.5707
40	36	8589.176	-1813.4415
40	37	8618.068	-1826.9169
40	40	8572.293	-1813.4288
40	41	8703.584	-1760.3473
40	42	8599.732	-1833.3342
40	43	8629.061	-1732.1868
40	44	8635.829	-1741.7773
40	45	8619.884	-1706.1952
40	46	8618.416	-1691.5814
40	48	8618.87	-1832.1554
40	58	8592.333	-1825.1703
41	1	8590.337	-1759.0309
41	2	8648.415	-1805.9818
41	3	8643.416	-1776.12
41	4	8652.846	-1784.4546
41	5	8636.925	-1755.8441
41	6	8620.825	-1760.6339
41	7	8628.318	-1763.4208
41	10	8611.123	-1792.1393
41	11	8611.653	-1794.5686
41	12	8613.111	-1799.9181
41	13	8613.638	-1802.7084
41	14	8614.501	-1805.2825
41	16	8594.011	-1793.9645
41	17	8599.355	-1799.5413
41	18	8614.522	-1808.218
41	20	8596.451	-1800.0381
41	21	8615.306	-1810.9962
41	22	8588.678	-1793.905
41	23	8593.966	-1799.8372
41	24	8615.794	-1813.3729
41	25	8583.023	-1794.2983
41	26	8585.699	-1800.3048
41	27	8602.503	-1813.6038
41	28	8616.528	-1818.7549
41	29	8599.822	-1814.1726
41	30	8617.829	-1821.4048
41	31	8597.068	-1813.873
41	32	8577.565	-1794.2852
41	33	8594.102	-1812.9905
41	34	8574.734	-1793.1816
41	35	8602.573	-1819.5707
41	36	8589.176	-1813.4415
41	37	8618.068	-1826.9169
41	40	8572.293	-1813.4288
41	41	8703.584	-1760.3473
41	42	8599.732	-1833.3342
41	43	8629.647	-1733.8193
41	44	8636.516	-1743.8169
41	45	8620.523	-1707.9443
41	46	8618.963	-1693.233
41	48	8618.87	-1832.1554
42	1	8589.338	-1759.0054
42	2	8648.635	-1807.4818
42	3	8643.901	-1777.7958
42	4	8653.438	-1786.5352
42	5	8637.489	-1757.5626
42	6	8620.734	-1760.5159
42	7	8628.318	-1763.4208
42	10	8611.123	-1792.1393
42	11	8611.653	-1794.5686
42	12	8613.111	-1799.9181
42	13	8613.638	-1802.7084
42	14	8614.501	-1805.2825
42	16	8594.011	-1793.9645
42	17	8599.355	-1799.5413
42	18	8614.522	-1808.218
42	20	8596.451	-1800.0381
42	21	8615.306	-1810.9962
42	22	8588.678	-1793.905
42	23	8593.966	-1799.8372
42	24	8615.794	-1813.3729
42	25	8583.023	-1794.2983
42	26	8585.699	-1800.3048
42	27	8602.503	-1813.6038
42	28	8616.528	-1818.7549
42	29	8599.822	-1814.1726
42	30	8617.829	-1821.4048
42	31	8597.068	-1813.873
42	32	8577.565	-1794.2852
42	33	8594.102	-1812.9905
42	34	8574.734	-1793.1816
42	35	8602.573	-1819.5707
42	36	8589.176	-1813.4415
42	37	8618.068	-1826.9169
42	40	8572.293	-1813.4288
42	41	8703.584	-1760.3473
42	42	8599.732	-1833.3342
42	43	8630.223	-1735.4469
42	44	8637.192	-1745.8639
42	45	8621.113	-1709.6907
42	48	8618.87	-1832.1554
43	1	8588.37	-1758.9761
43	2	8648.831	-1808.9755
43	3	8644.374	-1779.4441
43	4	8654.013	-1788.5754
43	5	8638.028	-1759.2295
43	6	8620.63	-1760.4008
43	7	8628.318	-1763.4208
43	10	8611.123	-1792.1393
43	11	8611.653	-1794.5686
43	12	8613.111	-1799.9181
43	13	8613.638	-1802.7084
43	14	8614.501	-1805.2825
43	16	8594.011	-1793.9645
43	17	8599.355	-1799.5413
43	18	8614.522	-1808.218
43	20	8596.451	-1800.0381
43	21	8615.306	-1810.9962
43	22	8588.678	-1793.905
43	23	8593.966	-1799.8372
43	24	8615.794	-1813.3729
43	25	8583.023	-1794.2983
43	26	8585.699	-1800.3048
43	27	8602.503	-1813.6038
43	28	8616.528	-1818.7549
43	29	8599.822	-1814.1726
43	30	8617.829	-1821.4048
43	31	8597.068	-1813.873
43	32	8577.565	-1794.2852
43	33	8594.102	-1812.9905
43	34	8574.734	-1793.1816
43	35	8602.573	-1819.5707
43	36	8589.176	-1813.4415
43	37	8618.068	-1826.9169
43	40	8572.293	-1813.4288
43	41	8703.584	-1760.3473
43	42	8599.732	-1833.3342
43	43	8630.8	-1737.0624
43	44	8637.855	-1747.9021
43	45	8621.747	-1711.4529
43	48	8618.87	-1832.1554
44	1	8587.4	-1758.9651
44	2	8649.047	-1810.4712
44	3	8644.861	-1781.1704
44	4	8654.5625	-1790.5941
44	5	8638.592	-1760.9272
44	6	8620.524	-1760.2826
44	7	8628.318	-1763.4208
44	10	8611.123	-1792.1393
44	11	8611.653	-1794.5686
44	12	8613.111	-1799.9181
44	13	8613.638	-1802.7084
44	14	8614.501	-1805.2825
44	16	8594.011	-1793.9645
44	17	8599.355	-1799.5413
44	18	8614.522	-1808.218
44	20	8596.451	-1800.0381
44	21	8615.306	-1810.9962
44	22	8588.678	-1793.905
44	23	8593.966	-1799.8372
44	24	8615.794	-1813.3729
44	25	8583.023	-1794.2983
44	26	8585.699	-1800.3048
44	27	8602.503	-1813.6038
44	28	8616.528	-1818.7549
44	29	8599.822	-1814.1726
44	30	8617.829	-1821.4048
44	31	8597.068	-1813.873
44	32	8577.565	-1794.2852
44	33	8594.102	-1812.9905
44	34	8574.734	-1793.1816
44	35	8602.573	-1819.5707
44	36	8589.176	-1813.4415
44	37	8618.068	-1826.9169
44	40	8572.293	-1813.4288
44	41	8703.584	-1760.3473
44	42	8599.732	-1833.3342
44	43	8631.371	-1738.6918
44	44	8638.511	-1749.9249
44	45	8622.361	-1713.1787
44	48	8618.87	-1832.1554
44	56	8677.603	-1806.0995
45	1	8586.401	-1758.9427
45	2	8649.25	-1811.8949
45	3	8645.333	-1782.8721
45	4	8655.094	-1792.5604
45	5	8639.1455	-1762.6205
45	6	8620.42	-1760.1609
45	7	8628.318	-1763.4209
45	10	8611.123	-1792.1393
45	11	8611.653	-1794.5686
45	12	8613.111	-1799.9181
45	13	8613.638	-1802.7084
45	14	8614.501	-1805.2825
45	16	8594.011	-1793.9645
45	17	8599.355	-1799.5413
45	18	8614.522	-1808.218
45	20	8596.451	-1800.0381
45	21	8615.306	-1810.9962
45	22	8588.678	-1793.905
45	23	8593.966	-1799.8372
45	24	8615.794	-1813.3729
45	25	8583.023	-1794.2983
45	26	8585.699	-1800.3048
45	27	8602.503	-1813.6038
45	28	8616.528	-1818.7549
45	29	8599.822	-1814.1726
45	30	8617.829	-1821.4048
45	31	8597.068	-1813.873
45	32	8577.565	-1794.2852
45	33	8594.102	-1812.9905
45	34	8574.734	-1793.1816
45	35	8602.573	-1819.5707
45	36	8589.176	-1813.4415
45	37	8618.068	-1826.9169
45	40	8572.293	-1813.4288
45	41	8703.584	-1760.3473
45	42	8599.732	-1833.3342
45	43	8631.948	-1740.3239
45	44	8639.164	-1751.9569
45	45	8622.978	-1714.9536
45	48	8618.87	-1832.1554
45	56	8677.388	-1805.1278
46	1	8585.357	-1758.919
46	2	8649.432	-1813.3585
46	3	8645.797	-1784.5719
46	4	8655.612	-1794.5786
46	5	8639.714	-1764.3654
46	6	8620.334	-1760.0521
46	7	8628.318	-1763.4208
46	10	8611.123	-1792.1393
46	11	8611.653	-1794.5686
46	12	8613.111	-1799.9181
46	13	8613.638	-1802.7084
46	14	8614.501	-1805.2825
46	16	8594.011	-1793.9645
46	17	8599.355	-1799.5413
46	18	8614.522	-1808.218
46	20	8596.451	-1800.0381
46	21	8615.306	-1810.9962
46	22	8588.678	-1793.905
46	23	8593.966	-1799.8372
46	24	8615.794	-1813.3729
46	25	8583.023	-1794.2983
46	26	8585.699	-1800.3048
46	27	8602.503	-1813.6038
46	28	8616.528	-1818.7549
46	29	8599.822	-1814.1726
46	30	8617.829	-1821.4048
46	31	8597.068	-1813.873
46	32	8577.565	-1794.2852
46	33	8594.102	-1812.9905
46	34	8574.734	-1793.1816
46	35	8602.573	-1819.5707
46	36	8589.176	-1813.4415
46	37	8618.068	-1826.9169
46	40	8572.293	-1813.4288
46	41	8703.584	-1760.3473
46	42	8599.732	-1833.3342
46	43	8632.51	-1741.926
46	44	8639.817	-1754.0021
46	45	8623.61	-1716.6837
46	46	8621.33	-1700.6561
46	48	8618.87	-1832.1554
46	56	8677.189	-1804.1139
47	1	8584.364	-1758.8962
47	2	8649.639	-1814.8322
47	3	8646.27	-1786.3059
47	4	8656.13	-1796.5608
47	5	8640.284	-1766.0603
47	6	8620.242	-1759.9417
47	7	8628.318	-1763.4209
47	10	8611.123	-1792.1393
47	11	8611.653	-1794.5686
47	12	8613.111	-1799.9181
47	13	8613.638	-1802.7084
47	14	8614.501	-1805.2825
47	16	8594.011	-1793.9645
47	17	8599.355	-1799.5413
47	18	8614.522	-1808.218
47	20	8596.451	-1800.0381
47	21	8615.306	-1810.9962
47	22	8588.678	-1793.905
47	23	8593.966	-1799.8372
47	24	8615.794	-1813.3729
47	25	8583.023	-1794.2983
47	26	8585.699	-1800.3048
47	27	8602.503	-1813.6038
47	28	8616.528	-1818.7549
47	29	8599.822	-1814.1726
47	30	8617.829	-1821.4048
47	31	8597.068	-1813.873
47	32	8577.565	-1794.2852
47	33	8594.102	-1812.9905
47	34	8574.734	-1793.1816
47	35	8602.573	-1819.5707
47	36	8589.176	-1813.4415
47	37	8618.068	-1826.9169
47	40	8572.293	-1813.4288
47	41	8703.584	-1760.3473
47	42	8599.732	-1833.3342
47	43	8633.081	-1743.5612
47	44	8640.468	-1756.0503
47	45	8624.215	-1718.385
47	46	8621.948	-1702.455
47	48	8618.87	-1832.1554
48	1	8583.352	-1758.8688
48	2	8649.845	-1816.3242
48	3	8646.729	-1788.02
48	4	8656.632	-1798.5967
48	5	8640.824	-1767.7621
48	6	8620.136	-1759.8207
48	7	8628.318	-1763.4209
48	10	8611.123	-1792.1393
48	11	8611.653	-1794.5686
48	12	8613.111	-1799.9181
48	13	8613.638	-1802.7084
48	14	8614.501	-1805.2825
48	16	8594.011	-1793.9645
48	17	8599.355	-1799.5413
48	18	8614.522	-1808.218
48	20	8596.451	-1800.0381
48	21	8615.306	-1810.9962
48	22	8588.678	-1793.905
48	23	8593.966	-1799.8372
48	24	8615.794	-1813.3729
48	25	8583.023	-1794.2983
48	26	8585.699	-1800.3048
48	27	8602.503	-1813.6038
48	28	8616.528	-1818.7549
48	29	8599.822	-1814.1726
48	30	8617.829	-1821.4048
48	31	8597.068	-1813.873
48	32	8577.565	-1794.2852
48	33	8594.102	-1812.9905
48	34	8574.734	-1793.1816
48	35	8602.573	-1819.5707
48	36	8589.176	-1813.4415
48	37	8618.068	-1826.9169
48	40	8572.293	-1813.4288
48	41	8703.584	-1760.3473
48	42	8599.732	-1833.3342
48	43	8633.634	-1745.1766
48	44	8641.116	-1758.1273
48	45	8624.831	-1720.1237
48	46	8622.644	-1704.415
48	48	8618.87	-1832.1554
48	56	8676.827	-1802.1038
49	1	8582.351	-1758.8527
49	2	8650.047	-1817.728
49	3	8647.185	-1789.7317
49	4	8657.133	-1800.5936
49	5	8641.368	-1769.4758
49	6	8620.033	-1759.7406
49	7	8628.318	-1763.4208
49	10	8611.123	-1792.1393
49	11	8611.653	-1794.5686
49	12	8613.111	-1799.9181
49	13	8613.638	-1802.7084
49	14	8614.501	-1805.2825
49	16	8594.011	-1793.9645
49	17	8599.355	-1799.5413
49	18	8614.522	-1808.218
49	20	8596.451	-1800.0381
49	21	8615.306	-1810.9962
49	22	8588.678	-1793.905
49	23	8593.966	-1799.8372
49	24	8615.794	-1813.3729
49	25	8583.023	-1794.2983
49	26	8585.699	-1800.3048
49	27	8602.503	-1813.6038
49	28	8616.528	-1818.7549
49	29	8599.822	-1814.1726
49	30	8617.829	-1821.4048
49	31	8597.068	-1813.873
49	32	8577.565	-1794.2852
49	33	8594.102	-1812.9905
49	34	8574.734	-1793.1816
49	35	8602.573	-1819.5707
49	36	8589.176	-1813.4415
49	37	8618.068	-1826.9169
49	40	8572.293	-1813.4288
49	41	8703.584	-1760.3473
49	42	8599.732	-1833.3342
49	43	8634.181	-1746.7877
49	44	8641.757	-1760.166
49	45	8625.451	-1721.8451
49	46	8623.271	-1706.1903
49	48	8618.87	-1832.1554
49	56	8676.62	-1801.0737
50	1	8581.336	-1758.8136
50	2	8650.272	-1819.107
50	3	8647.641	-1791.4597
50	4	8657.601	-1802.596
50	5	8641.897	-1771.1616
50	6	8619.917	-1759.6199
50	7	8628.318	-1763.4207
50	10	8611.123	-1792.1393
50	11	8611.653	-1794.5686
50	12	8613.111	-1799.9181
50	13	8613.638	-1802.7084
50	14	8614.501	-1805.2825
50	16	8594.011	-1793.9645
50	17	8599.355	-1799.5413
50	18	8614.522	-1808.218
50	20	8596.451	-1800.0381
50	21	8615.306	-1810.9962
50	22	8588.678	-1793.905
50	23	8593.966	-1799.8372
50	24	8615.794	-1813.3729
50	25	8583.023	-1794.2983
50	26	8585.699	-1800.3048
50	27	8602.503	-1813.6038
50	28	8616.528	-1818.7549
50	29	8599.822	-1814.1726
50	30	8617.829	-1821.4048
50	31	8597.068	-1813.873
50	32	8577.565	-1794.2852
50	33	8594.102	-1812.9905
50	34	8574.734	-1793.1816
50	35	8602.573	-1819.5707
50	36	8589.176	-1813.4415
50	37	8618.068	-1826.9169
50	40	8572.293	-1813.4288
50	41	8703.584	-1760.3473
50	42	8599.732	-1833.3342
50	43	8634.725	-1748.4034
50	44	8642.402	-1762.2164
50	45	8626.051	-1723.5654
50	46	8623.892	-1708.0027
50	48	8618.87	-1832.1554
51	1	8580.355	-1758.8025
51	2	8650.474	-1820.5096
51	3	8648.098	-1793.1947
51	4	8658.095	-1804.5773
51	5	8642.422	-1772.8668
51	6	8619.804	-1759.5077
51	7	8628.318	-1763.4208
51	10	8611.123	-1792.1393
51	11	8611.653	-1794.5686
51	12	8613.111	-1799.9181
51	13	8613.638	-1802.7084
51	14	8614.501	-1805.2825
51	16	8594.011	-1793.9645
51	17	8599.355	-1799.5413
51	18	8614.522	-1808.218
51	20	8596.451	-1800.0381
51	21	8615.306	-1810.9962
51	22	8588.678	-1793.905
51	23	8593.966	-1799.8372
51	24	8615.794	-1813.3729
51	25	8583.023	-1794.2983
51	26	8585.699	-1800.3048
51	27	8602.503	-1813.6038
51	28	8616.528	-1818.7549
51	29	8599.822	-1814.1726
51	30	8617.829	-1821.4048
51	31	8597.068	-1813.873
51	32	8577.565	-1794.2852
51	33	8594.102	-1812.9905
51	34	8574.734	-1793.1816
51	35	8602.573	-1819.5707
51	36	8589.176	-1813.4415
51	37	8618.068	-1826.9169
51	40	8572.293	-1813.4288
51	41	8703.584	-1760.3473
51	42	8599.732	-1833.3342
51	43	8635.251	-1750.0198
51	44	8643.035	-1764.2513
51	45	8626.66	-1725.2778
51	46	8624.487	-1709.6667
51	48	8618.87	-1832.1554
51	56	8676.253	-1798.9492
52	1	8579.352	-1758.7843
52	2	8650.676	-1821.9607
52	3	8648.543	-1794.9084
52	4	8658.551	-1806.5541
52	5	8642.938	-1774.5554
52	6	8619.68	-1759.3754
52	7	8628.318	-1763.4208
52	10	8611.123	-1792.1393
52	11	8611.653	-1794.5686
52	12	8613.111	-1799.9181
52	13	8613.638	-1802.7084
52	14	8614.501	-1805.2825
52	16	8594.011	-1793.9645
52	17	8599.355	-1799.5413
52	18	8614.522	-1808.218
52	20	8596.451	-1800.0381
52	21	8615.306	-1810.9962
52	22	8588.678	-1793.905
52	23	8593.966	-1799.8372
52	24	8615.794	-1813.3729
52	25	8583.023	-1794.2983
52	26	8585.699	-1800.3048
52	27	8602.503	-1813.6038
52	28	8616.528	-1818.7549
52	29	8599.822	-1814.1726
52	30	8617.829	-1821.4048
52	31	8597.068	-1813.873
52	32	8577.565	-1794.2852
52	33	8594.102	-1812.9905
52	34	8574.734	-1793.1816
52	35	8602.573	-1819.5707
52	36	8589.176	-1813.4415
52	37	8618.068	-1826.9169
52	40	8572.293	-1813.4288
52	41	8703.584	-1760.3473
52	42	8599.732	-1833.3342
52	43	8635.788	-1751.6396
52	44	8643.678	-1766.2999
52	45	8627.265	-1727.0005
52	46	8625.129	-1711.4729
52	47	8618.95	-1832.1886
52	56	8676.068	-1797.9312
53	1	8578.349	-1758.7532
53	2	8650.872	-1823.3661
53	3	8648.983	-1796.658
53	4	8659.017	-1808.5524
53	5	8643.448	-1776.2451
53	6	8619.6	-1759.2532
53	7	8628.318	-1763.4207
53	10	8611.123	-1792.1393
53	11	8611.653	-1794.5686
53	12	8613.111	-1799.9181
53	13	8613.638	-1802.7084
53	14	8614.501	-1805.2825
53	16	8594.011	-1793.9645
53	17	8599.355	-1799.5413
53	18	8614.522	-1808.218
53	20	8596.451	-1800.0381
53	21	8615.306	-1810.9962
53	22	8588.678	-1793.905
53	23	8593.966	-1799.8372
53	24	8615.794	-1813.3729
53	25	8583.023	-1794.2983
53	26	8585.699	-1800.3048
53	27	8602.503	-1813.6038
53	28	8616.528	-1818.7549
53	29	8599.822	-1814.1726
53	30	8617.829	-1821.4048
53	31	8597.068	-1813.873
53	32	8577.565	-1794.2852
53	33	8594.102	-1812.9905
53	34	8574.734	-1793.1816
53	35	8602.573	-1819.5707
53	36	8589.176	-1813.4415
53	37	8618.068	-1826.9169
53	40	8572.293	-1813.4288
53	41	8703.584	-1760.3473
53	42	8599.732	-1833.3342
53	43	8636.308	-1753.2548
53	44	8644.311	-1768.3337
53	45	8627.871	-1728.7188
53	46	8625.775	-1713.2208
53	47	8618.95	-1832.1886
53	56	8675.853	-1796.8558
54	1	8577.387	-1758.7487
54	2	8651.098	-1824.812
54	3	8649.416	-1798.4159
54	4	8659.491	-1810.5529
54	5	8643.949	-1777.9458
54	6	8619.488	-1759.1595
54	7	8628.318	-1763.4208
54	10	8611.123	-1792.1393
54	11	8611.653	-1794.5686
54	12	8613.111	-1799.9181
54	13	8613.638	-1802.7084
54	14	8614.501	-1805.2825
54	16	8594.011	-1793.9645
54	17	8599.355	-1799.5413
54	18	8614.522	-1808.218
54	20	8596.451	-1800.0381
54	21	8615.306	-1810.9962
54	22	8588.678	-1793.905
54	23	8593.966	-1799.8372
54	24	8615.794	-1813.3729
54	25	8583.023	-1794.2983
54	26	8585.699	-1800.3048
54	27	8602.503	-1813.6038
54	28	8616.528	-1818.7549
54	29	8599.822	-1814.1726
54	30	8617.829	-1821.4048
54	31	8597.068	-1813.873
54	32	8577.565	-1794.2852
54	33	8594.102	-1812.9905
54	34	8574.734	-1793.1816
54	35	8602.573	-1819.5707
54	36	8589.176	-1813.4415
54	37	8618.068	-1826.9169
54	40	8572.293	-1813.4288
54	41	8703.584	-1760.3473
54	42	8599.732	-1833.3342
54	43	8636.829	-1754.8828
54	44	8644.94	-1770.3801
54	45	8628.482	-1730.4259
54	46	8626.43	-1714.989
54	47	8618.95	-1832.1886
54	56	8675.646	-1795.8423
55	1	8576.343	-1758.7269
55	2	8651.297	-1826.2086
55	3	8649.847	-1800.1852
55	4	8659.952	-1812.5476
55	5	8644.445	-1779.642
55	6	8619.384	-1759.0488
55	7	8628.318	-1763.4207
55	10	8611.123	-1792.1393
55	11	8611.653	-1794.5686
55	12	8613.111	-1799.9181
55	13	8613.638	-1802.7084
55	14	8614.501	-1805.2825
55	16	8594.011	-1793.9645
55	17	8599.355	-1799.5413
55	18	8614.522	-1808.218
55	20	8596.451	-1800.0381
55	21	8615.306	-1810.9962
55	22	8588.678	-1793.905
55	23	8593.966	-1799.8372
55	24	8615.794	-1813.3729
55	25	8583.023	-1794.2983
55	26	8585.699	-1800.3048
55	27	8602.503	-1813.6038
55	28	8616.528	-1818.7549
55	29	8599.822	-1814.1726
55	30	8617.829	-1821.4048
55	31	8597.068	-1813.873
55	32	8577.565	-1794.2852
55	33	8594.102	-1812.9905
55	34	8574.734	-1793.1816
55	35	8602.573	-1819.5707
55	36	8589.176	-1813.4415
55	37	8618.068	-1826.9169
55	40	8572.293	-1813.4288
55	41	8703.584	-1760.3473
55	42	8599.732	-1833.3342
55	43	8637.345	-1756.4965
55	44	8645.551	-1772.4181
55	45	8629.079	-1732.1085
55	46	8627.063	-1716.703
55	47	8618.95	-1832.1886
55	56	8675.43	-1794.7562
56	1	8575.353	-1758.7054
56	2	8651.495	-1827.628
56	3	8650.293	-1801.9663
56	4	8660.408	-1814.5319
56	5	8644.935	-1781.3573
56	6	8619.301	-1758.9535
56	7	8628.318	-1763.4207
56	10	8611.123	-1792.1393
56	11	8611.653	-1794.5686
56	12	8613.111	-1799.9181
56	13	8613.638	-1802.7084
56	14	8614.501	-1805.2825
56	16	8594.011	-1793.9645
56	17	8599.355	-1799.5413
56	18	8614.522	-1808.218
56	20	8596.451	-1800.0381
56	21	8615.306	-1810.9962
56	22	8588.678	-1793.905
56	23	8593.966	-1799.8372
56	24	8615.794	-1813.3729
56	25	8583.023	-1794.2983
56	26	8585.699	-1800.3048
56	27	8602.503	-1813.6038
56	28	8616.528	-1818.7549
56	29	8599.822	-1814.1726
56	30	8617.829	-1821.4048
56	31	8597.068	-1813.873
56	32	8577.565	-1794.2852
56	33	8594.102	-1812.9905
56	34	8574.734	-1793.1816
56	35	8602.573	-1819.5707
56	36	8589.176	-1813.4415
56	37	8618.068	-1826.9169
56	40	8572.293	-1813.4288
56	41	8703.584	-1760.3473
56	42	8599.732	-1833.3342
56	43	8637.853	-1758.083
56	44	8646.165	-1774.4677
56	45	8629.677	-1733.7905
56	46	8627.665	-1718.3748
56	47	8618.95	-1832.1886
57	1	8574.399	-1758.695
57	2	8651.703	-1829.0277
57	3	8650.716	-1803.701
57	4	8660.84	-1816.519
57	5	8645.414	-1783.0525
57	6	8619.206	-1758.8522
57	7	8628.318	-1763.4208
57	10	8611.123	-1792.1393
57	11	8611.653	-1794.5686
57	12	8613.111	-1799.9181
57	13	8613.638	-1802.7084
57	14	8614.501	-1805.2825
57	16	8594.011	-1793.9645
57	17	8599.355	-1799.5413
57	18	8614.522	-1808.218
57	20	8596.451	-1800.0381
57	21	8615.306	-1810.9962
57	22	8588.678	-1793.905
57	23	8593.966	-1799.8372
57	24	8615.794	-1813.3729
57	25	8583.023	-1794.2983
57	26	8585.699	-1800.3048
57	27	8602.503	-1813.6038
57	28	8616.528	-1818.7549
57	29	8599.822	-1814.1726
57	30	8617.829	-1821.4048
57	31	8597.068	-1813.873
57	32	8577.565	-1794.2852
57	33	8594.102	-1812.9905
57	34	8574.734	-1793.1816
57	35	8602.573	-1819.5707
57	36	8589.176	-1813.4415
57	37	8618.068	-1826.9169
57	40	8572.293	-1813.4288
57	41	8703.584	-1760.3473
57	42	8599.732	-1833.3342
57	43	8638.369	-1759.6995
57	44	8646.764	-1776.5074
57	45	8630.265	-1735.4646
57	46	8628.252	-1720.0773
57	47	8618.95	-1832.1886
58	1	8573.382	-1758.651
58	2	8651.939	-1830.3812
58	3	8651.131	-1805.4851
58	4	8661.291	-1818.5089
58	5	8645.89	-1784.7452
58	6	8619.115	-1758.7377
58	7	8628.318	-1763.4208
58	10	8611.123	-1792.1393
58	11	8611.653	-1794.5686
58	12	8613.111	-1799.9181
58	13	8613.638	-1802.7084
58	14	8614.501	-1805.2825
58	16	8594.011	-1793.9645
58	17	8599.355	-1799.5413
58	18	8614.522	-1808.218
58	20	8596.451	-1800.0381
58	21	8615.306	-1810.9962
58	22	8588.678	-1793.905
58	23	8593.966	-1799.8372
58	24	8615.794	-1813.3729
58	25	8583.023	-1794.2983
58	26	8585.699	-1800.3048
58	27	8602.503	-1813.6038
58	28	8616.528	-1818.7549
58	29	8599.822	-1814.1726
58	30	8617.829	-1821.4048
58	31	8597.068	-1813.873
58	32	8577.565	-1794.2852
58	33	8594.102	-1812.9905
58	34	8574.734	-1793.1816
58	35	8602.573	-1819.5707
58	36	8589.176	-1813.4415
58	37	8618.068	-1826.9169
58	40	8572.293	-1813.4288
58	41	8703.584	-1760.3473
58	42	8599.732	-1833.3342
58	43	8638.882	-1761.2937
58	44	8647.358	-1778.5579
58	45	8630.853	-1737.128
58	46	8628.836	-1721.7524
58	47	8618.95	-1832.1886
59	1	8572.409	-1758.6523
59	2	8652.147	-1831.7352
59	3	8651.527	-1807.2441
59	4	8661.727	-1820.502
59	5	8646.362	-1786.4637
59	6	8619.01	-1758.6482
59	7	8628.318	-1763.4207
59	10	8611.123	-1792.1393
59	11	8611.653	-1794.5686
59	12	8613.111	-1799.9181
59	13	8613.638	-1802.7084
59	14	8614.501	-1805.2825
59	16	8594.011	-1793.9645
59	17	8599.355	-1799.5413
59	18	8614.522	-1808.218
59	20	8596.451	-1800.0381
59	21	8615.306	-1810.9962
59	22	8588.678	-1793.905
59	23	8593.966	-1799.8372
59	24	8615.794	-1813.3729
59	25	8583.023	-1794.2983
59	26	8585.699	-1800.3048
59	27	8602.503	-1813.6038
59	28	8616.528	-1818.7549
59	29	8599.822	-1814.1726
59	30	8617.829	-1821.4048
59	31	8597.068	-1813.873
59	32	8577.565	-1794.2852
59	33	8594.102	-1812.9905
59	34	8574.734	-1793.1816
59	35	8602.573	-1819.5707
59	36	8589.176	-1813.4415
59	37	8618.068	-1826.9169
59	40	8572.293	-1813.4288
59	41	8703.584	-1760.3473
59	42	8599.732	-1833.3342
59	43	8639.393	-1762.8993
59	44	8647.937	-1780.5868
59	45	8631.432	-1738.7919
59	46	8629.417	-1723.4104
59	47	8618.95	-1832.1886
59	49	8620.373	-1686.8585
60	1	8571.451	-1758.6277
60	2	8652.358	-1833.0405
60	3	8651.896	-1809.0083
60	4	8662.156	-1822.4938
60	5	8646.831	-1788.1676
60	6	8618.927	-1758.5438
60	7	8628.318	-1763.4208
60	10	8611.123	-1792.1393
60	11	8611.653	-1794.5686
60	12	8613.111	-1799.9181
60	13	8613.638	-1802.7084
60	14	8614.501	-1805.2825
60	16	8594.011	-1793.9645
60	17	8599.355	-1799.5413
60	18	8614.522	-1808.218
60	20	8596.451	-1800.0381
60	21	8615.306	-1810.9962
60	22	8588.678	-1793.905
60	23	8593.966	-1799.8372
60	24	8615.794	-1813.3729
60	25	8583.023	-1794.2983
60	26	8585.699	-1800.3048
60	27	8602.503	-1813.6038
60	28	8616.528	-1818.7549
60	29	8599.822	-1814.1726
60	30	8617.829	-1821.4048
60	31	8597.068	-1813.873
60	32	8577.565	-1794.2852
60	33	8594.102	-1812.9905
60	34	8574.734	-1793.1816
60	35	8602.573	-1819.5707
60	36	8589.176	-1813.4415
60	37	8618.068	-1826.9169
60	40	8572.293	-1813.4288
60	41	8703.584	-1760.3473
60	42	8599.732	-1833.3342
60	43	8639.891	-1764.4855
60	44	8648.514	-1782.6274
60	45	8632.003	-1740.4298
60	46	8630.001	-1725.0731
60	47	8618.95	-1832.1886
60	49	8621.066	-1688.808
61	1	8570.456	-1758.611
61	2	8652.573	-1834.4001
61	3	8652.293	-1810.8032
61	4	8662.613	-1824.4783
61	5	8647.288	-1789.8575
61	6	8618.814	-1758.4653
61	7	8628.318	-1763.4208
61	10	8611.123	-1792.1393
61	11	8611.653	-1794.5686
61	12	8613.111	-1799.9181
61	13	8613.638	-1802.7084
61	14	8614.501	-1805.2825
61	16	8594.011	-1793.9645
61	17	8599.355	-1799.5413
61	18	8614.522	-1808.218
61	20	8596.451	-1800.0381
61	21	8615.306	-1810.9962
61	22	8588.678	-1793.905
61	23	8593.966	-1799.8372
61	24	8615.794	-1813.3729
61	25	8583.023	-1794.2983
61	26	8585.699	-1800.3048
61	27	8602.503	-1813.6038
61	28	8616.528	-1818.7549
61	29	8599.822	-1814.1726
61	30	8617.829	-1821.4048
61	31	8597.068	-1813.873
61	32	8577.565	-1794.2852
61	33	8594.102	-1812.9905
61	34	8574.734	-1793.1816
61	35	8602.573	-1819.5707
61	36	8589.176	-1813.4415
61	37	8618.068	-1826.9169
61	40	8572.293	-1813.4288
61	41	8703.584	-1760.3473
61	42	8599.732	-1833.3342
61	43	8640.398	-1766.0935
61	44	8649.069	-1784.6262
61	45	8632.58	-1742.0912
61	46	8630.575	-1726.7407
61	47	8618.95	-1832.1886
61	49	8621.759	-1690.8617
62	1	8569.492	-1758.5961
62	2	8652.797	-1835.7847
62	3	8652.662	-1812.5488
62	4	8663.024	-1826.4437
62	5	8647.744	-1791.5833
62	6	8618.686	-1758.3662
62	7	8628.318	-1763.4207
62	10	8611.123	-1792.1393
62	11	8611.653	-1794.5686
62	12	8613.111	-1799.9181
62	13	8613.638	-1802.7084
62	14	8614.501	-1805.2825
62	16	8594.011	-1793.9645
62	17	8599.355	-1799.5413
62	18	8614.522	-1808.218
62	20	8596.451	-1800.0381
62	21	8615.306	-1810.9962
62	22	8588.678	-1793.905
62	23	8593.966	-1799.8372
62	24	8615.794	-1813.3729
62	25	8583.023	-1794.2983
62	26	8585.699	-1800.3048
62	27	8602.503	-1813.6038
62	28	8616.528	-1818.7549
62	29	8599.822	-1814.1726
62	30	8617.829	-1821.4048
62	31	8597.068	-1813.873
62	32	8577.565	-1794.2852
62	33	8594.102	-1812.9905
62	34	8574.734	-1793.1816
62	35	8602.573	-1819.5707
62	36	8589.176	-1813.4415
62	37	8618.068	-1826.9169
62	40	8572.293	-1813.4288
62	41	8703.584	-1760.3473
62	42	8599.732	-1833.3342
62	43	8640.891	-1767.6829
62	44	8649.644	-1786.7043
62	45	8633.135	-1743.7086
62	46	8631.158	-1728.4188
62	47	8618.95	-1832.1886
62	49	8622.439	-1692.8666
62	50	8613.149	-1688.5212
63	1	8568.532	-1758.583
63	3	8653.049	-1814.3175
63	4	8663.44	-1828.4177
63	5	8648.194	-1793.2927
63	6	8618.557	-1758.258
63	7	8628.318	-1763.4207
63	10	8611.123	-1792.1393
63	11	8611.653	-1794.5686
63	12	8613.111	-1799.9181
63	13	8613.638	-1802.7084
63	14	8614.501	-1805.2825
63	16	8594.011	-1793.9645
63	17	8599.355	-1799.5413
63	18	8614.522	-1808.218
63	20	8596.451	-1800.0381
63	21	8615.306	-1810.9962
63	22	8588.678	-1793.905
63	23	8593.966	-1799.8372
63	24	8615.794	-1813.3729
63	25	8583.023	-1794.2983
63	26	8585.699	-1800.3048
63	27	8602.503	-1813.6038
63	28	8616.528	-1818.7549
63	29	8599.822	-1814.1726
63	30	8617.829	-1821.4048
63	31	8597.068	-1813.873
63	32	8577.565	-1794.2852
63	33	8594.102	-1812.9905
63	34	8574.734	-1793.1816
63	35	8602.573	-1819.5707
63	36	8589.176	-1813.4415
63	37	8618.068	-1826.9169
63	40	8572.293	-1813.4288
63	41	8703.584	-1760.3473
63	42	8599.732	-1833.3342
63	43	8641.376	-1769.2777
63	44	8650.197	-1788.7424
63	45	8633.703	-1745.3774
63	46	8631.734	-1730.0833
63	47	8618.95	-1832.1886
63	49	8623.11	-1694.8132
63	50	8613.86	-1690.4197
64	1	8567.561	-1758.5634
64	3	8653.446	-1816.118
64	4	8663.915	-1830.4081
64	5	8648.625	-1794.9797
64	6	8618.431	-1758.1569
64	7	8628.318	-1763.4207
64	10	8611.123	-1792.1393
64	11	8611.653	-1794.5686
64	12	8613.111	-1799.9181
64	13	8613.638	-1802.7084
64	14	8614.501	-1805.2825
64	16	8594.011	-1793.9645
64	17	8599.355	-1799.5413
64	18	8614.522	-1808.218
64	20	8596.451	-1800.0381
64	21	8615.306	-1810.9962
64	22	8588.678	-1793.905
64	23	8593.966	-1799.8372
64	24	8615.794	-1813.3729
64	25	8583.023	-1794.2983
64	26	8585.699	-1800.3048
64	27	8602.503	-1813.6038
64	28	8616.528	-1818.7549
64	29	8599.822	-1814.1726
64	30	8617.829	-1821.4048
64	31	8597.068	-1813.873
64	32	8577.565	-1794.2852
64	33	8594.102	-1812.9905
64	34	8574.734	-1793.1816
64	35	8602.573	-1819.5707
64	36	8589.176	-1813.4415
64	37	8618.068	-1826.9169
64	40	8572.293	-1813.4288
64	41	8703.584	-1760.3473
64	42	8599.732	-1833.3342
64	43	8641.844	-1770.8464
64	44	8650.748	-1790.8108
64	45	8634.259	-1747.019
64	46	8632.312	-1731.7477
64	47	8618.95	-1832.1886
64	49	8623.83	-1696.8174
64	50	8614.545	-1692.3116
64	51	8673.751	-1785.2163
64	52	8617.04	-1689.0079
65	1	8566.606	-1758.551
65	3	8653.837	-1817.8903
65	5	8649.067	-1796.7025
65	6	8618.311	-1758.0593
65	7	8628.318	-1763.4207
65	10	8611.123	-1792.1393
65	11	8611.653	-1794.5686
65	12	8613.111	-1799.9181
65	13	8613.638	-1802.7084
65	14	8614.501	-1805.2825
65	16	8594.011	-1793.9645
65	17	8599.355	-1799.5413
65	18	8614.522	-1808.218
65	20	8596.451	-1800.0381
65	21	8615.306	-1810.9962
65	22	8588.678	-1793.905
65	23	8593.966	-1799.8372
65	24	8615.794	-1813.3729
65	25	8583.023	-1794.2983
65	26	8585.699	-1800.3048
65	27	8602.503	-1813.6038
65	28	8616.528	-1818.7549
65	29	8599.822	-1814.1726
65	30	8617.829	-1821.4048
65	31	8597.068	-1813.873
65	32	8577.565	-1794.2852
65	33	8594.102	-1812.9905
65	34	8574.734	-1793.1816
65	35	8602.573	-1819.5707
65	36	8589.176	-1813.4415
65	37	8618.068	-1826.9169
65	40	8572.293	-1813.4288
65	41	8703.584	-1760.3473
65	42	8599.732	-1833.3342
65	43	8642.313	-1772.4226
65	44	8651.281	-1792.8397
65	45	8634.814	-1748.6544
65	46	8632.892	-1733.4207
65	47	8618.95	-1832.1886
65	49	8624.487	-1698.8121
65	50	8615.197	-1694.1025
65	51	8673.594	-1784.1506
65	52	8617.646	-1690.7192
65	53	8665.983	-1774.2054
66	1	8565.604	-1758.537
66	3	8654.247	-1819.703
66	5	8649.493	-1798.4167
66	6	8618.195	-1757.9767
66	7	8628.318	-1763.4205
66	10	8611.123	-1792.1393
66	11	8611.653	-1794.5686
66	12	8613.111	-1799.9181
66	13	8613.638	-1802.7084
66	14	8614.501	-1805.2825
66	16	8594.011	-1793.9645
66	17	8599.355	-1799.5413
66	18	8614.522	-1808.218
66	20	8596.451	-1800.0381
66	21	8615.306	-1810.9962
66	22	8588.678	-1793.905
66	23	8593.966	-1799.8372
66	24	8615.794	-1813.3729
66	25	8583.023	-1794.2983
66	26	8585.699	-1800.3048
66	27	8602.503	-1813.6038
66	28	8616.528	-1818.7549
66	29	8599.822	-1814.1726
66	30	8617.829	-1821.4048
66	31	8597.068	-1813.873
66	32	8577.565	-1794.2852
66	33	8594.102	-1812.9905
66	34	8574.734	-1793.1816
66	35	8602.573	-1819.5707
66	36	8589.176	-1813.4415
66	37	8618.068	-1826.9169
66	40	8572.293	-1813.4288
66	41	8703.584	-1760.3473
66	42	8599.732	-1833.3342
66	43	8642.772	-1773.998
66	44	8651.807	-1794.8763
66	45	8635.375	-1750.3289
66	46	8633.473	-1735.1013
66	47	8618.95	-1832.1886
66	49	8625.183	-1700.7987
66	50	8615.847	-1695.9425
66	51	8673.473	-1783.156
66	52	8618.271	-1692.4436
66	53	8665.325	-1771.7252
67	1	8564.619	-1758.5308
67	3	8654.613	-1821.507
67	5	8649.915	-1800.1259
67	6	8618.1	-1757.9084
67	7	8628.318	-1763.4207
67	10	8611.123	-1792.1393
67	11	8611.653	-1794.5686
67	12	8613.111	-1799.9181
67	13	8613.638	-1802.7084
67	14	8614.501	-1805.2825
67	16	8594.011	-1793.9645
67	17	8599.355	-1799.5413
67	18	8614.522	-1808.218
67	20	8596.451	-1800.0381
67	21	8615.306	-1810.9962
67	22	8588.678	-1793.905
67	23	8593.966	-1799.8372
67	24	8615.794	-1813.3729
67	25	8583.023	-1794.2983
67	26	8585.699	-1800.3048
67	27	8602.503	-1813.6038
67	28	8616.528	-1818.7549
67	29	8599.822	-1814.1726
67	30	8617.829	-1821.4048
67	31	8597.068	-1813.873
67	32	8577.565	-1794.2852
67	33	8594.102	-1812.9905
67	34	8574.734	-1793.1816
67	35	8602.573	-1819.5707
67	36	8589.176	-1813.4415
67	37	8618.068	-1826.9169
67	40	8572.293	-1813.4288
67	41	8703.584	-1760.3473
67	42	8599.732	-1833.3342
67	43	8643.2295	-1775.5769
67	44	8652.338	-1796.9215
67	45	8635.916	-1751.9711
67	46	8634.046	-1736.7773
67	47	8618.95	-1832.1886
67	49	8625.856	-1702.781
67	50	8616.512	-1697.7803
67	51	8673.333	-1782.1464
67	52	8618.866	-1694.1671
67	53	8664.66	-1769.3344
68	1	8563.631	-1758.5216
68	3	8654.997	-1823.2778
68	5	8650.339	-1801.825
68	6	8617.975	-1757.8241
68	7	8628.318	-1763.4205
68	10	8611.123	-1792.1393
68	11	8611.653	-1794.5686
68	12	8613.111	-1799.9181
68	13	8613.638	-1802.7084
68	14	8614.501	-1805.2825
68	16	8594.011	-1793.9645
68	17	8599.355	-1799.5413
68	18	8614.522	-1808.218
68	20	8596.451	-1800.0381
68	21	8615.306	-1810.9962
68	22	8588.678	-1793.905
68	23	8593.966	-1799.8372
68	24	8615.794	-1813.3729
68	25	8583.023	-1794.2983
68	26	8585.699	-1800.3048
68	27	8602.503	-1813.6038
68	28	8616.528	-1818.7549
68	29	8599.822	-1814.1726
68	30	8617.829	-1821.4048
68	31	8597.068	-1813.873
68	32	8577.565	-1794.2852
68	33	8594.102	-1812.9905
68	34	8574.734	-1793.1816
68	35	8602.573	-1819.5707
68	36	8589.176	-1813.4415
68	37	8618.068	-1826.9169
68	40	8572.293	-1813.4288
68	41	8703.584	-1760.3473
68	42	8599.732	-1833.3342
68	43	8643.686	-1777.1643
68	44	8652.862	-1798.9678
68	45	8636.46	-1753.6211
68	46	8634.618	-1738.4371
68	47	8618.95	-1832.1886
68	49	8626.54	-1704.753
68	50	8617.185	-1699.7051
68	51	8673.192	-1781.1254
68	52	8619.471	-1695.8411
68	53	8664.079	-1767.0082
69	1	8562.67	-1758.5096
69	3	8655.36	-1825.0752
69	5	8650.748	-1803.5355
69	6	8617.859	-1757.7523
69	7	8628.318	-1763.4205
69	10	8611.123	-1792.1393
69	11	8611.653	-1794.5686
69	12	8613.111	-1799.9181
69	13	8613.638	-1802.7084
69	14	8614.501	-1805.2825
69	16	8594.011	-1793.9645
69	17	8599.355	-1799.5413
69	18	8614.522	-1808.218
69	20	8596.451	-1800.0381
69	21	8615.306	-1810.9962
69	22	8588.678	-1793.905
69	23	8593.966	-1799.8372
69	24	8615.794	-1813.3729
69	25	8583.023	-1794.2983
69	26	8585.699	-1800.3048
69	27	8602.503	-1813.6038
69	28	8616.528	-1818.7549
69	29	8599.822	-1814.1726
69	30	8617.829	-1821.4048
69	31	8597.068	-1813.873
69	32	8577.565	-1794.2852
69	33	8594.102	-1812.9905
69	34	8574.734	-1793.1816
69	35	8602.573	-1819.5707
69	36	8589.176	-1813.4415
69	37	8618.068	-1826.9169
69	40	8572.293	-1813.4288
69	41	8703.584	-1760.3473
69	42	8599.732	-1833.3342
69	43	8644.126	-1778.749
69	44	8653.38	-1801.0338
69	45	8636.993	-1755.2656
69	46	8635.182	-1740.09
69	47	8618.95	-1832.1886
69	49	8627.225	-1706.7181
69	50	8617.858	-1701.5518
69	51	8673.043	-1780.0686
69	52	8620.053	-1697.5144
69	53	8663.435	-1764.6965
70	1	8561.578	-1758.4778
70	3	8655.751	-1826.8989
70	5	8651.144	-1805.2594
70	6	8617.734	-1757.675
70	7	8628.318	-1763.4207
70	10	8611.123	-1792.1393
70	11	8611.653	-1794.5686
70	12	8613.111	-1799.9181
70	13	8613.638	-1802.7084
70	14	8614.501	-1805.2825
70	16	8594.011	-1793.9645
70	17	8599.355	-1799.5413
70	18	8614.522	-1808.218
70	20	8596.451	-1800.0381
70	21	8615.306	-1810.9962
70	22	8588.678	-1793.905
70	23	8593.966	-1799.8372
70	24	8615.794	-1813.3729
70	25	8583.023	-1794.2983
70	26	8585.699	-1800.3048
70	27	8602.503	-1813.6038
70	28	8616.528	-1818.7549
70	29	8599.822	-1814.1726
70	30	8617.829	-1821.4048
70	31	8597.068	-1813.873
70	32	8577.565	-1794.2852
70	33	8594.102	-1812.9905
70	34	8574.734	-1793.1816
70	35	8602.573	-1819.5707
70	36	8589.176	-1813.4415
70	37	8618.068	-1826.9169
70	40	8572.293	-1813.4288
70	41	8703.584	-1760.3473
70	42	8599.732	-1833.3342
70	43	8644.562	-1780.3286
70	44	8653.888	-1803.0997
70	45	8637.552	-1756.9423
70	46	8635.755	-1741.7828
70	47	8618.95	-1832.1886
70	49	8627.92	-1708.6793
70	50	8618.503	-1703.4233
70	51	8672.92	-1779.03
70	52	8620.649	-1699.2133
70	53	8662.792	-1762.3787
70	54	8620.194	-1687.83
71	1	8560.6875	-1758.4965
71	3	8656.105	-1828.7166
71	5	8651.537	-1806.9785
71	6	8617.61	-1757.5981
71	7	8628.318	-1763.4208
71	10	8611.123	-1792.1393
71	11	8611.653	-1794.5686
71	12	8613.111	-1799.9181
71	13	8613.638	-1802.7084
71	14	8614.501	-1805.2825
71	16	8594.011	-1793.9645
71	17	8599.355	-1799.5413
71	18	8614.522	-1808.218
71	20	8596.451	-1800.0381
71	21	8615.306	-1810.9962
71	22	8588.678	-1793.905
71	23	8593.966	-1799.8372
71	24	8615.794	-1813.3729
71	25	8583.023	-1794.2983
71	26	8585.699	-1800.3048
71	27	8602.503	-1813.6038
71	28	8616.528	-1818.7549
71	29	8599.822	-1814.1726
71	30	8617.829	-1821.4048
71	31	8597.068	-1813.873
71	32	8577.565	-1794.2852
71	33	8594.102	-1812.9905
71	34	8574.734	-1793.1816
71	35	8602.573	-1819.5707
71	36	8589.176	-1813.4415
71	37	8618.068	-1826.9169
71	40	8572.293	-1813.4288
71	41	8703.584	-1760.3473
71	42	8599.732	-1833.3342
71	43	8644.996	-1781.9288
71	44	8654.4	-1805.1674
71	45	8638.055	-1758.5771
71	46	8636.323	-1743.4624
71	47	8618.95	-1832.1886
71	49	8628.612	-1710.6497
71	50	8619.144	-1705.227
71	51	8672.791	-1777.9666
71	52	8621.252	-1700.9133
71	53	8662.159	-1760.2751
71	54	8620.88	-1689.7991
72	1	8559.666	-1758.4885
72	3	8656.474	-1830.5298
72	5	8651.942	-1808.7731
72	6	8617.472	-1757.5219
72	7	8628.318	-1763.4208
72	10	8611.123	-1792.1393
72	11	8611.653	-1794.5686
72	12	8613.111	-1799.9181
72	13	8613.638	-1802.7084
72	14	8614.501	-1805.2825
72	16	8594.011	-1793.9645
72	17	8599.355	-1799.5413
72	18	8614.522	-1808.218
72	20	8596.451	-1800.0381
72	21	8615.306	-1810.9962
72	22	8588.678	-1793.905
72	23	8593.966	-1799.8372
72	24	8615.794	-1813.3729
72	25	8583.023	-1794.2983
72	26	8585.699	-1800.3048
72	27	8602.503	-1813.6038
72	28	8616.528	-1818.7549
72	29	8599.822	-1814.1726
72	30	8617.829	-1821.4048
72	31	8597.068	-1813.873
72	32	8577.565	-1794.2852
72	33	8594.102	-1812.9905
72	34	8574.734	-1793.1816
72	35	8602.573	-1819.5707
72	36	8589.176	-1813.4415
72	37	8618.068	-1826.9169
72	40	8572.293	-1813.4288
72	41	8703.584	-1760.3473
72	42	8599.732	-1833.3342
72	43	8645.417	-1783.5226
72	44	8654.908	-1807.2489
72	45	8638.568	-1760.2113
72	46	8636.872	-1745.1158
72	47	8618.95	-1832.1886
72	49	8629.282	-1712.5961
72	50	8619.817	-1707.0767
72	51	8672.664	-1776.9476
72	52	8621.854	-1702.6267
72	53	8661.485	-1757.903
72	54	8621.61	-1691.8492
73	1	8558.659	-1758.4685
73	3	8656.849	-1832.332
73	5	8652.322	-1810.3959
73	6	8617.343	-1757.4501
73	7	8628.318	-1763.4208
73	10	8611.123	-1792.1393
73	11	8611.653	-1794.5686
73	12	8613.111	-1799.9181
73	13	8613.638	-1802.7084
73	14	8614.501	-1805.2825
73	16	8594.011	-1793.9645
73	17	8599.355	-1799.5413
73	18	8614.522	-1808.218
73	20	8596.451	-1800.0381
73	21	8615.306	-1810.9962
73	22	8588.678	-1793.905
73	23	8593.966	-1799.8372
73	24	8615.794	-1813.3729
73	25	8583.023	-1794.2983
73	26	8585.699	-1800.3048
73	27	8602.503	-1813.6038
73	28	8616.528	-1818.7549
73	29	8599.822	-1814.1726
73	30	8617.829	-1821.4048
73	31	8597.068	-1813.873
73	32	8577.565	-1794.2852
73	33	8594.102	-1812.9905
73	34	8574.734	-1793.1816
73	35	8602.573	-1819.5707
73	36	8589.176	-1813.4415
73	37	8618.068	-1826.9169
73	40	8572.293	-1813.4288
73	41	8703.584	-1760.3473
73	42	8599.732	-1833.3342
73	43	8645.846	-1785.1273
73	44	8655.396	-1809.2802
73	45	8639.072	-1761.8323
73	46	8637.43	-1746.801
73	47	8618.95	-1832.1886
73	49	8629.967	-1714.5695
73	50	8620.465	-1708.9435
73	51	8672.526	-1775.936
73	52	8622.452	-1704.2699
73	53	8660.846	-1755.5887
73	54	8622.319	-1693.8551
74	1	8557.651	-1758.468
74	3	8657.179	-1834.13
74	5	8652.712	-1812.1692
74	6	8617.186	-1757.3655
74	7	8628.318	-1763.4207
74	10	8611.123	-1792.1393
74	11	8611.653	-1794.5686
74	12	8613.111	-1799.9181
74	13	8613.638	-1802.7084
74	14	8614.501	-1805.2825
74	16	8594.011	-1793.9645
74	17	8599.355	-1799.5413
74	18	8614.522	-1808.218
74	20	8596.451	-1800.0381
74	21	8615.306	-1810.9962
74	22	8588.678	-1793.905
74	23	8593.966	-1799.8372
74	24	8615.794	-1813.3729
74	25	8583.023	-1794.2983
74	26	8585.699	-1800.3048
74	27	8602.503	-1813.6038
74	28	8616.528	-1818.7549
74	29	8599.822	-1814.1726
74	30	8617.829	-1821.4048
74	31	8597.068	-1813.873
74	32	8577.565	-1794.2852
74	33	8594.102	-1812.9905
74	34	8574.734	-1793.1816
74	35	8602.573	-1819.5707
74	36	8589.176	-1813.4415
74	37	8618.068	-1826.9169
74	40	8572.293	-1813.4288
74	41	8703.584	-1760.3473
74	42	8599.732	-1833.3342
74	43	8646.274	-1786.7162
74	44	8655.886	-1811.3094
74	45	8639.594	-1763.474
74	46	8637.9795	-1748.4889
74	47	8618.95	-1832.1886
74	49	8630.643	-1716.5281
74	50	8621.105	-1710.7896
74	51	8672.354	-1774.5789
74	52	8623.03	-1705.9229
74	53	8660.209	-1753.2255
74	54	8623.028	-1695.9026
75	1	8556.625	-1758.4674
75	5	8653.086	-1813.8888
75	6	8617.067	-1757.2957
75	7	8628.318	-1763.4207
75	10	8611.123	-1792.1393
75	11	8611.653	-1794.5686
75	12	8613.111	-1799.9181
75	13	8613.638	-1802.7084
75	14	8614.501	-1805.2825
75	16	8594.011	-1793.9645
75	17	8599.355	-1799.5413
75	18	8614.522	-1808.218
75	20	8596.451	-1800.0381
75	21	8615.306	-1810.9962
75	22	8588.678	-1793.905
75	23	8593.966	-1799.8372
75	24	8615.794	-1813.3729
75	25	8583.023	-1794.2983
75	26	8585.699	-1800.3048
75	27	8602.503	-1813.6038
75	28	8616.528	-1818.7549
75	29	8599.822	-1814.1726
75	30	8617.829	-1821.4048
75	31	8597.068	-1813.873
75	32	8577.565	-1794.2852
75	33	8594.102	-1812.9905
75	34	8574.734	-1793.1816
75	35	8602.573	-1819.5707
75	36	8589.176	-1813.4415
75	37	8618.068	-1826.9169
75	40	8572.293	-1813.4288
75	41	8703.584	-1760.3473
75	42	8599.732	-1833.3342
75	43	8646.697	-1788.3411
75	44	8656.374	-1813.3661
75	45	8640.11	-1765.113
75	46	8638.521	-1750.1443
75	47	8618.95	-1832.1886
75	49	8631.3125	-1718.4669
75	50	8621.75	-1712.6345
75	51	8672.253	-1773.8127
75	52	8623.624	-1707.6003
75	53	8659.514	-1750.9275
75	54	8623.715	-1697.8953
76	1	8555.643	-1758.4694
76	5	8653.455	-1815.6125
76	6	8616.947	-1757.2218
76	7	8628.319	-1763.4207
76	10	8611.123	-1792.1393
76	11	8611.653	-1794.5686
76	12	8613.111	-1799.9181
76	13	8613.638	-1802.7084
76	14	8614.501	-1805.2825
76	16	8594.011	-1793.9645
76	17	8599.355	-1799.5413
76	18	8614.522	-1808.218
76	20	8596.451	-1800.0381
76	21	8615.306	-1810.9962
76	22	8588.678	-1793.905
76	23	8593.966	-1799.8372
76	24	8615.794	-1813.3729
76	25	8583.023	-1794.2983
76	26	8585.699	-1800.3048
76	27	8602.503	-1813.6038
76	28	8616.528	-1818.7549
76	29	8599.822	-1814.1726
76	30	8617.829	-1821.4048
76	31	8597.068	-1813.873
76	32	8577.565	-1794.2852
76	33	8594.102	-1812.9905
76	34	8574.734	-1793.1816
76	35	8602.573	-1819.5707
76	36	8589.176	-1813.4415
76	37	8618.068	-1826.9169
76	40	8572.293	-1813.4288
76	41	8703.584	-1760.3473
76	42	8599.732	-1833.3342
76	43	8647.121	-1789.9381
76	44	8656.84	-1815.4655
76	45	8640.621	-1766.7501
76	46	8639.074	-1751.8347
76	47	8618.95	-1832.1886
76	49	8632.006	-1720.4496
76	50	8622.39	-1714.4276
76	51	8672.12	-1772.7968
76	52	8624.261	-1709.2654
76	53	8658.881	-1748.6254
76	54	8624.408	-1699.8856
77	1	8554.648	-1758.464
77	5	8653.812	-1817.3107
77	6	8616.831	-1757.1686
77	7	8628.318	-1763.4207
77	10	8611.123	-1792.1393
77	11	8611.653	-1794.5686
77	12	8613.111	-1799.9181
77	13	8613.638	-1802.7084
77	14	8614.501	-1805.2825
77	16	8594.011	-1793.9645
77	17	8599.355	-1799.5413
77	18	8614.522	-1808.218
77	20	8596.451	-1800.0381
77	21	8615.306	-1810.9962
77	22	8588.678	-1793.905
77	23	8593.966	-1799.8372
77	24	8615.794	-1813.3729
77	25	8583.023	-1794.2983
77	26	8585.699	-1800.3048
77	27	8602.503	-1813.6038
77	28	8616.528	-1818.7549
77	29	8599.822	-1814.1726
77	30	8617.829	-1821.4048
77	31	8597.068	-1813.873
77	32	8577.565	-1794.2852
77	33	8594.102	-1812.9905
77	34	8574.734	-1793.1816
77	35	8602.573	-1819.5707
77	36	8589.176	-1813.4415
77	37	8618.068	-1826.9169
77	40	8572.293	-1813.4288
77	41	8703.584	-1760.3473
77	42	8599.732	-1833.3342
77	43	8647.541	-1791.5719
77	44	8657.314	-1817.5292
77	45	8641.123	-1768.3674
77	46	8639.615	-1753.5048
77	47	8618.95	-1832.1886
77	49	8632.684	-1722.3818
77	50	8623.046	-1716.2915
77	51	8671.992	-1771.7488
77	52	8624.874	-1710.9479
77	53	8658.203	-1746.3667
77	54	8625.101	-1701.8618
78	1	8553.621	-1758.4429
78	5	8654.179	-1819.0586
78	6	8616.714	-1757.1096
78	7	8628.319	-1763.4208
78	10	8611.123	-1792.1393
78	11	8611.653	-1794.5686
78	12	8613.111	-1799.9181
78	13	8613.638	-1802.7084
78	14	8614.501	-1805.2825
78	16	8594.011	-1793.9645
78	17	8599.355	-1799.5413
78	18	8614.522	-1808.218
78	20	8596.451	-1800.0381
78	21	8615.306	-1810.9962
78	22	8588.678	-1793.905
78	23	8593.966	-1799.8372
78	24	8615.794	-1813.3729
78	25	8583.023	-1794.2983
78	26	8585.699	-1800.3048
78	27	8602.503	-1813.6038
78	28	8616.528	-1818.7549
78	29	8599.822	-1814.1726
78	30	8617.829	-1821.4048
78	31	8597.068	-1813.873
78	32	8577.565	-1794.2852
78	33	8594.102	-1812.9905
78	34	8574.734	-1793.1816
78	35	8602.573	-1819.5707
78	36	8589.176	-1813.4415
78	37	8618.068	-1826.9169
78	40	8572.293	-1813.4288
78	41	8703.584	-1760.3473
78	42	8599.732	-1833.3342
78	43	8647.96	-1793.1788
78	44	8657.792	-1819.7191
78	45	8641.629	-1769.9974
78	46	8640.148	-1755.1814
78	47	8618.95	-1832.1886
78	49	8633.357	-1724.345
78	50	8623.688	-1718.1285
78	51	8671.863	-1770.761
78	52	8625.492	-1712.649
78	54	8625.787	-1703.8708
79	1	8552.583	-1758.4144
79	5	8654.536	-1820.7717
79	6	8616.574	-1757.0444
79	7	8628.319	-1763.4208
79	10	8611.123	-1792.1393
79	11	8611.653	-1794.5686
79	12	8613.111	-1799.9181
79	13	8613.638	-1802.7084
79	14	8614.501	-1805.2825
79	16	8594.011	-1793.9645
79	17	8599.355	-1799.5413
79	18	8614.522	-1808.218
79	20	8596.451	-1800.0381
79	21	8615.306	-1810.9962
79	22	8588.678	-1793.905
79	23	8593.966	-1799.8372
79	24	8615.794	-1813.3729
79	25	8583.023	-1794.2983
79	26	8585.699	-1800.3048
79	27	8602.503	-1813.6038
79	28	8616.528	-1818.7549
79	29	8599.822	-1814.1726
79	30	8617.829	-1821.4048
79	31	8597.068	-1813.873
79	32	8577.565	-1794.2852
79	33	8594.102	-1812.9905
79	34	8574.734	-1793.1816
79	35	8602.573	-1819.5707
79	36	8589.176	-1813.4415
79	37	8618.068	-1826.9169
79	40	8572.293	-1813.4288
79	41	8703.584	-1760.3473
79	42	8599.732	-1833.3342
79	43	8648.377	-1794.8203
79	44	8658.233	-1821.7615
79	45	8642.124	-1771.6416
79	46	8640.688	-1756.8461
79	47	8618.95	-1832.1886
79	49	8634.03	-1726.288
79	50	8624.354	-1719.9875
79	51	8671.726	-1769.7365
79	52	8626.082	-1714.3502
79	53	8656.809	-1741.6918
79	54	8626.458	-1705.804
80	1	8551.555	-1758.394
80	5	8654.899	-1822.5209
80	6	8616.453	-1756.982
80	7	8628.319	-1763.4208
80	10	8611.123	-1792.1393
80	11	8611.653	-1794.5686
80	12	8613.111	-1799.9181
80	13	8613.638	-1802.7084
80	14	8614.501	-1805.2825
80	16	8594.011	-1793.9645
80	17	8599.355	-1799.5413
80	18	8614.522	-1808.218
80	20	8596.451	-1800.0381
80	21	8615.306	-1810.9962
80	22	8588.678	-1793.905
80	23	8593.966	-1799.8372
80	24	8615.794	-1813.3729
80	25	8583.023	-1794.2983
80	26	8585.699	-1800.3048
80	27	8602.503	-1813.6038
80	28	8616.528	-1818.7549
80	29	8599.822	-1814.1726
80	30	8617.829	-1821.4048
80	31	8597.068	-1813.873
80	32	8577.565	-1794.2852
80	33	8594.102	-1812.9905
80	34	8574.734	-1793.1816
80	35	8602.573	-1819.5707
80	36	8589.176	-1813.4415
80	37	8618.068	-1826.9169
80	40	8572.293	-1813.4288
80	41	8703.584	-1760.3473
80	42	8599.732	-1833.3342
80	43	8648.781	-1796.4369
80	44	8658.664	-1823.89
80	45	8642.615	-1773.2546
80	46	8641.216	-1758.5002
80	47	8618.95	-1832.1886
80	49	8634.699	-1728.2444
80	50	8624.977	-1721.7922
80	51	8671.607	-1768.7783
80	52	8626.692	-1716.0306
80	53	8656.108	-1739.3336
80	54	8627.164	-1707.803
81	5	8655.248	-1824.2295
81	6	8616.322	-1756.9296
81	7	8628.318	-1763.4207
81	10	8611.123	-1792.1393
81	11	8611.653	-1794.5686
81	12	8613.111	-1799.9181
81	13	8613.638	-1802.7084
81	14	8614.501	-1805.2825
81	16	8594.011	-1793.9645
81	17	8599.355	-1799.5413
81	18	8614.522	-1808.218
81	20	8596.451	-1800.0381
81	21	8615.306	-1810.9962
81	22	8588.678	-1793.905
81	23	8593.966	-1799.8372
81	24	8615.794	-1813.3729
81	25	8583.023	-1794.2983
81	26	8585.699	-1800.3048
81	27	8602.503	-1813.6038
81	28	8616.528	-1818.7549
81	29	8599.822	-1814.1726
81	30	8617.829	-1821.4048
81	31	8597.068	-1813.873
81	32	8577.565	-1794.2852
81	33	8594.102	-1812.9905
81	34	8574.734	-1793.1816
81	35	8602.573	-1819.5707
81	36	8589.176	-1813.4415
81	37	8618.068	-1826.9169
81	40	8572.293	-1813.4288
81	41	8703.584	-1760.3473
81	42	8599.732	-1833.3342
81	43	8649.195	-1798.1075
81	44	8659.102	-1825.8213
81	45	8643.104	-1774.88
81	46	8641.738	-1760.1545
81	47	8618.95	-1832.1886
81	49	8635.373	-1730.1964
81	50	8625.614	-1723.6206
81	51	8671.468	-1767.8154
81	52	8627.329	-1717.7068
81	53	8655.376	-1736.9667
81	54	8627.853	-1709.761
82	5	8655.608	-1826.0051
82	6	8616.1875	-1756.8693
82	7	8628.318	-1763.4207
82	10	8611.123	-1792.1393
82	11	8611.653	-1794.5686
82	12	8613.111	-1799.9181
82	13	8613.638	-1802.7084
82	14	8614.501	-1805.2825
82	16	8594.011	-1793.9645
82	17	8599.355	-1799.5413
82	18	8614.522	-1808.218
82	20	8596.451	-1800.0381
82	21	8615.306	-1810.9962
82	22	8588.678	-1793.905
82	23	8593.966	-1799.8372
82	24	8615.794	-1813.3729
82	25	8583.023	-1794.2983
82	26	8585.699	-1800.3048
82	27	8602.503	-1813.6038
82	28	8616.528	-1818.7549
82	29	8599.822	-1814.1726
82	30	8617.829	-1821.4048
82	31	8597.068	-1813.873
82	32	8577.565	-1794.2852
82	33	8594.102	-1812.9905
82	34	8574.734	-1793.1816
82	35	8602.573	-1819.5707
82	36	8589.176	-1813.4415
82	37	8618.068	-1826.9169
82	40	8572.293	-1813.4288
82	41	8703.584	-1760.3473
82	42	8599.732	-1833.3342
82	43	8649.598	-1799.7515
82	44	8659.549	-1827.8931
82	45	8643.579	-1776.4824
82	46	8642.273	-1761.8269
82	47	8618.95	-1832.1886
82	49	8636.039	-1732.143
82	50	8626.27	-1725.4878
82	51	8671.317	-1766.829
82	52	8627.942	-1719.3767
82	53	8654.669	-1734.6461
82	54	8628.574	-1711.7711
83	5	8655.951	-1827.7355
83	6	8616.026	-1756.7904
83	7	8628.318	-1763.4205
83	10	8611.123	-1792.1393
83	11	8611.653	-1794.5686
83	12	8613.111	-1799.9181
83	13	8613.638	-1802.7084
83	14	8614.501	-1805.2825
83	16	8594.011	-1793.9645
83	17	8599.355	-1799.5413
83	18	8614.522	-1808.218
83	20	8596.451	-1800.0381
83	21	8615.306	-1810.9962
83	22	8588.678	-1793.905
83	23	8593.966	-1799.8372
83	24	8615.794	-1813.3729
83	25	8583.023	-1794.2983
83	26	8585.699	-1800.3048
83	27	8602.503	-1813.6038
83	28	8616.528	-1818.7549
83	29	8599.822	-1814.1726
83	30	8617.829	-1821.4048
83	31	8597.068	-1813.873
83	32	8577.565	-1794.2852
83	33	8594.102	-1812.9905
83	34	8574.734	-1793.1816
83	35	8602.573	-1819.5707
83	36	8589.176	-1813.4415
83	37	8618.068	-1826.9169
83	40	8572.293	-1813.4288
83	41	8703.584	-1760.3473
83	42	8599.732	-1833.3342
83	43	8649.99	-1801.3842
83	44	8659.992	-1829.9478
83	45	8644.048	-1778.0867
83	46	8642.811	-1763.4839
83	47	8618.95	-1832.1886
83	49	8636.703	-1734.1078
83	50	8626.902	-1727.2958
83	51	8671.166	-1765.8967
83	52	8628.542	-1721.0226
83	53	8653.969	-1732.2611
83	54	8629.268	-1713.7083
84	5	8656.277	-1829.5454
84	6	8615.899	-1756.7212
84	7	8628.318	-1763.4207
84	10	8611.123	-1792.1393
84	11	8611.653	-1794.5686
84	12	8613.111	-1799.9181
84	13	8613.638	-1802.7084
84	14	8614.501	-1805.2825
84	16	8594.011	-1793.9645
84	17	8599.355	-1799.5413
84	18	8614.522	-1808.218
84	20	8596.451	-1800.0381
84	21	8615.306	-1810.9962
84	22	8588.678	-1793.905
84	23	8593.966	-1799.8372
84	24	8615.794	-1813.3729
84	25	8583.023	-1794.2983
84	26	8585.699	-1800.3048
84	27	8602.503	-1813.6038
84	28	8616.528	-1818.7549
84	29	8599.822	-1814.1726
84	30	8617.829	-1821.4048
84	31	8597.068	-1813.873
84	32	8577.565	-1794.2852
84	33	8594.102	-1812.9905
84	34	8574.734	-1793.1816
84	35	8602.573	-1819.5707
84	36	8589.176	-1813.4415
84	37	8618.068	-1826.9169
84	40	8572.293	-1813.4288
84	41	8703.584	-1760.3473
84	42	8599.732	-1833.3342
84	43	8650.385	-1803.0454
84	44	8660.466	-1832.0321
84	45	8644.513	-1779.6853
84	46	8643.336	-1765.1547
84	47	8618.95	-1832.1886
84	49	8637.366	-1736.0651
84	50	8627.536	-1729.0775
84	51	8671.026	-1765.0062
84	52	8629.135	-1722.6993
84	53	8653.32	-1730.0011
84	54	8629.97	-1715.6766
85	5	8656.625	-1831.3503
85	6	8615.759	-1756.651
85	7	8628.318	-1763.4207
85	10	8611.123	-1792.1393
85	11	8611.653	-1794.5686
85	12	8613.111	-1799.9181
85	13	8613.638	-1802.7084
85	14	8614.501	-1805.2825
85	16	8594.011	-1793.9645
85	17	8599.355	-1799.5413
85	18	8614.522	-1808.218
85	20	8596.451	-1800.0381
85	21	8615.306	-1810.9962
85	22	8588.678	-1793.905
85	23	8593.966	-1799.8372
85	24	8615.794	-1813.3729
85	25	8583.023	-1794.2983
85	26	8585.699	-1800.3048
85	27	8602.503	-1813.6038
85	28	8616.528	-1818.7549
85	29	8599.822	-1814.1726
85	30	8617.829	-1821.4048
85	31	8597.068	-1813.873
85	32	8577.565	-1794.2852
85	33	8594.102	-1812.9905
85	34	8574.734	-1793.1816
85	35	8602.573	-1819.5707
85	36	8589.176	-1813.4415
85	37	8618.068	-1826.9169
85	40	8572.293	-1813.4288
85	41	8703.584	-1760.3473
85	42	8599.732	-1833.3342
85	43	8650.771	-1804.7047
85	45	8644.979	-1781.3223
85	46	8643.867	-1766.8181
85	47	8618.95	-1832.1886
85	49	8638.027	-1738.0162
85	50	8628.184	-1730.9081
85	51	8670.847	-1764.0872
85	52	8629.771	-1724.3503
85	53	8652.629	-1728.0215
85	54	8630.672	-1717.6509
86	5	8656.927	-1833.1426
86	6	8615.62	-1756.5846
86	7	8628.318	-1763.4208
86	10	8611.123	-1792.1393
86	11	8611.653	-1794.5686
86	12	8613.111	-1799.9181
86	13	8613.638	-1802.7084
86	14	8614.501	-1805.2825
86	16	8594.011	-1793.9645
86	17	8599.355	-1799.5413
86	18	8614.522	-1808.218
86	20	8596.451	-1800.0381
86	21	8615.306	-1810.9962
86	22	8588.678	-1793.905
86	23	8593.966	-1799.8372
86	24	8615.794	-1813.3729
86	25	8583.023	-1794.2983
86	26	8585.699	-1800.3048
86	27	8602.503	-1813.6038
86	28	8616.528	-1818.7549
86	29	8599.822	-1814.1726
86	30	8617.829	-1821.4048
86	31	8597.068	-1813.873
86	32	8577.565	-1794.2852
86	33	8594.102	-1812.9905
86	34	8574.734	-1793.1816
86	35	8602.573	-1819.5707
86	36	8589.176	-1813.4415
86	37	8618.068	-1826.9169
86	40	8572.293	-1813.4288
86	41	8703.584	-1760.3473
86	42	8599.732	-1833.3342
86	43	8651.149	-1806.3058
86	45	8645.435	-1782.9065
86	46	8644.388	-1768.4684
86	47	8618.95	-1832.1886
86	49	8638.676	-1739.9651
86	50	8628.8125	-1732.7067
86	51	8670.689	-1763.1708
86	52	8630.383	-1726.0594
86	54	8631.382	-1719.6235
87	5	8657.267	-1834.9296
87	6	8615.475	-1756.5363
87	7	8628.318	-1763.4208
87	10	8611.123	-1792.1393
87	11	8611.653	-1794.5686
87	12	8613.111	-1799.9181
87	13	8613.638	-1802.7084
87	14	8614.501	-1805.2825
87	16	8594.011	-1793.9645
87	17	8599.355	-1799.5413
87	18	8614.522	-1808.218
87	20	8596.451	-1800.0381
87	21	8615.306	-1810.9962
87	22	8588.678	-1793.905
87	23	8593.966	-1799.8372
87	24	8615.794	-1813.3729
87	25	8583.023	-1794.2983
87	26	8585.699	-1800.3048
87	27	8602.503	-1813.6038
87	28	8616.528	-1818.7549
87	29	8599.822	-1814.1726
87	30	8617.829	-1821.4048
87	31	8597.068	-1813.873
87	32	8577.565	-1794.2852
87	33	8594.102	-1812.9905
87	34	8574.734	-1793.1816
87	35	8602.573	-1819.5707
87	36	8589.176	-1813.4415
87	37	8618.068	-1826.9169
87	40	8572.293	-1813.4288
87	41	8703.584	-1760.3473
87	42	8599.732	-1833.3342
87	43	8651.568	-1807.9801
87	45	8645.884	-1784.4916
87	46	8644.904	-1770.1343
87	47	8618.95	-1832.1886
87	49	8639.336	-1741.9319
87	50	8629.439	-1734.5156
87	51	8670.543	-1762.3027
87	52	8630.971	-1727.744
87	54	8632.072	-1721.5573
88	6	8615.35	-1756.4619
88	7	8628.318	-1763.4208
88	10	8611.123	-1792.1393
88	11	8611.653	-1794.5686
88	12	8613.111	-1799.9181
88	13	8613.638	-1802.7084
88	14	8614.501	-1805.2825
88	16	8594.011	-1793.9645
88	17	8599.355	-1799.5413
88	18	8614.522	-1808.218
88	20	8596.451	-1800.0381
88	21	8615.306	-1810.9962
88	22	8588.678	-1793.905
88	23	8593.966	-1799.8372
88	24	8615.794	-1813.3729
88	25	8583.023	-1794.2983
88	26	8585.699	-1800.3048
88	27	8602.503	-1813.6038
88	28	8616.528	-1818.7549
88	29	8599.822	-1814.1726
88	30	8617.829	-1821.4048
88	31	8597.068	-1813.873
88	32	8577.565	-1794.2852
88	33	8594.102	-1812.9905
88	34	8574.734	-1793.1816
88	35	8602.573	-1819.5707
88	36	8589.176	-1813.4415
88	37	8618.068	-1826.9169
88	40	8572.293	-1813.4288
88	41	8703.584	-1760.3473
88	42	8599.732	-1833.3342
88	43	8651.946	-1809.5946
88	45	8646.343	-1786.123
88	46	8645.418	-1771.8043
88	47	8618.95	-1832.1886
88	49	8639.995	-1743.9077
88	50	8630.082	-1736.3668
88	51	8670.408	-1761.5032
88	52	8631.51	-1729.2931
88	54	8632.797	-1723.5359
89	6	8615.232	-1756.4043
89	7	8628.318	-1763.4208
89	10	8611.123	-1792.1393
89	11	8611.653	-1794.5686
89	12	8613.111	-1799.9181
89	13	8613.638	-1802.7084
89	14	8614.501	-1805.2825
89	16	8594.011	-1793.9645
89	17	8599.355	-1799.5413
89	18	8614.522	-1808.218
89	20	8596.451	-1800.0381
89	21	8615.306	-1810.9962
89	22	8588.678	-1793.905
89	23	8593.966	-1799.8372
89	24	8615.794	-1813.3729
89	25	8583.023	-1794.2983
89	26	8585.699	-1800.3048
89	27	8602.503	-1813.6038
89	28	8616.528	-1818.7549
89	29	8599.822	-1814.1726
89	30	8617.829	-1821.4048
89	31	8597.068	-1813.873
89	32	8577.565	-1794.2852
89	33	8594.102	-1812.9905
89	34	8574.734	-1793.1816
89	35	8602.573	-1819.5707
89	36	8589.176	-1813.4415
89	37	8618.068	-1826.9169
89	40	8572.293	-1813.4288
89	41	8703.584	-1760.3473
89	42	8599.732	-1833.3342
89	43	8652.321	-1811.2435
89	45	8646.788	-1787.7485
89	46	8645.929	-1773.4788
89	47	8618.95	-1832.1886
89	49	8640.634	-1745.8481
89	50	8630.711	-1738.1819
89	51	8670.247	-1760.671
89	54	8633.523	-1725.5206
90	6	8615.113	-1756.3627
90	7	8628.318	-1763.4208
90	10	8611.123	-1792.1393
90	11	8611.653	-1794.5686
90	12	8613.111	-1799.9181
90	13	8613.638	-1802.7084
90	14	8614.501	-1805.2825
90	16	8594.011	-1793.9645
90	17	8599.355	-1799.5413
90	18	8614.522	-1808.218
90	20	8596.451	-1800.0381
90	21	8615.306	-1810.9962
90	22	8588.678	-1793.905
90	23	8593.966	-1799.8372
90	24	8615.794	-1813.3729
90	25	8583.023	-1794.2983
90	26	8585.699	-1800.3048
90	27	8602.503	-1813.6038
90	28	8616.528	-1818.7549
90	29	8599.822	-1814.1726
90	30	8617.829	-1821.4048
90	31	8597.068	-1813.873
90	32	8577.565	-1794.2852
90	33	8594.102	-1812.9905
90	34	8574.734	-1793.1816
90	35	8602.573	-1819.5707
90	36	8589.176	-1813.4415
90	37	8618.068	-1826.9169
90	40	8572.293	-1813.4288
90	41	8703.584	-1760.3473
90	42	8599.732	-1833.3342
90	43	8652.671	-1812.8582
90	45	8647.22	-1789.3329
90	46	8646.435	-1775.1562
90	47	8618.95	-1832.1886
90	49	8641.283	-1747.807
90	50	8631.342	-1739.9928
90	51	8670.071	-1759.8832
90	53	8648.756	-1715.8071
90	54	8634.249	-1727.4712
