0	1	-1749.7378	-8945.245
0	2	-1762.0345	-8952.622
0	3	-1734.3136	-8945.281
0	4	-1764.1356	-8991.744
0	5	-1746.4813	-9001.201
0	6	-1794.3002	-8988.342
0	7	-1789.6625	-8999.327
0	8	-1804.0642	-8988.861
0	9	-1795.2262	-9011.528
0	10	-1746.5833	-9028.7
0	12	-1698.9934	-8993.545
0	16	-1794.0681	-9019.524
0	23	-1766.2875	-8991.671
1	1	-1750.5583	-8945.232
1	2	-1761.7122	-8952.633
1	3	-1735.0304	-8945.28
1	4	-1764.1473	-8991.815
1	5	-1746.4839	-9000.684
1	6	-1794.3441	-8988.299
1	7	-1789.6625	-8999.327
1	8	-1804.0483	-8988.926
1	9	-1795.2262	-9011.528
1	10	-1746.6029	-9028.053
1	11	-1695.4568	-8987.398
1	12	-1698.9934	-8993.545
1	16	-1794.0681	-9019.524
1	23	-1766.1808	-8991.599
2	1	-1751.4224	-8945.222
2	2	-1761.3898	-8952.644
2	3	-1735.818	-8945.287
2	4	-1764.1469	-8991.886
2	5	-1746.4817	-9000.113
2	6	-1794.3772	-8988.272
2	7	-1789.6625	-8999.327
2	8	-1803.9872	-8989.09
2	9	-1795.2262	-9011.528
2	10	-1746.5448	-9027.362
2	12	-1698.9934	-8993.545
2	16	-1794.0681	-9019.524
2	23	-1766.2179	-8991.655
3	1	-1752.2672	-8945.214
3	2	-1761.0671	-8952.653
3	3	-1736.5842	-8945.291
3	4	-1764.1793	-8991.943
3	5	-1746.4935	-8999.598
3	6	-1794.4004	-8988.2705
3	7	-1789.6625	-8999.327
3	8	-1804.0398	-8989.1045
3	9	-1795.2262	-9011.528
3	10	-1746.5702	-9026.664
3	11	-1695.4548	-8987.527
3	12	-1698.9934	-8993.545
3	16	-1794.0681	-9019.524
4	1	-1753.1332	-8945.204
4	2	-1760.7445	-8952.665
4	3	-1737.365	-8945.295
4	4	-1764.2014	-8991.996
4	5	-1746.4967	-8999.044
4	6	-1794.4407	-8988.235
4	7	-1789.6625	-8999.327
4	8	-1804.011	-8989.144
4	9	-1795.2262	-9011.528
4	10	-1746.5546	-9025.95
4	12	-1698.9934	-8993.545
4	16	-1794.0681	-9019.524
5	1	-1754.0293	-8945.191
5	2	-1760.422	-8952.676
5	3	-1738.1952	-8945.301
5	4	-1764.2152	-8992.05
5	5	-1746.5051	-8998.507
5	6	-1794.4581	-8988.219
5	7	-1789.6625	-8999.327
5	8	-1804.0194	-8989.154
5	9	-1795.2262	-9011.528
5	10	-1746.5703	-9025.345
5	11	-1695.4336	-8987.492
5	12	-1698.9934	-8993.545
5	16	-1794.0681	-9019.524
6	1	-1754.9299	-8945.175
6	2	-1760.1013	-8952.687
6	3	-1739.0325	-8945.306
6	4	-1764.2389	-8992.121
6	5	-1746.504	-8997.986
6	6	-1794.4694	-8988.216
6	7	-1789.6625	-8999.327
6	8	-1803.9332	-8989.297
6	9	-1795.2262	-9011.528
6	10	-1746.5636	-9024.669
6	11	-1695.4182	-8987.523
6	12	-1698.9934	-8993.545
6	16	-1794.0681	-9019.524
7	1	-1755.8232	-8945.168
7	2	-1759.7838	-8952.697
7	3	-1739.8951	-8945.308
7	4	-1764.2628	-8992.181
7	5	-1746.5068	-8997.421
7	6	-1794.4922	-8988.202
7	7	-1789.6625	-8999.327
7	8	-1803.8849	-8989.523
7	9	-1795.2262	-9011.528
7	10	-1746.5831	-9024.01
7	11	-1695.3313	-8987.571
7	12	-1698.9934	-8993.545
7	16	-1794.0681	-9019.524
8	1	-1756.7361	-8945.155
8	2	-1759.4688	-8952.705
8	3	-1740.7279	-8945.31
8	4	-1764.2665	-8992.225
8	5	-1746.5133	-8996.948
8	6	-1794.5203	-8988.191
8	7	-1789.6625	-8999.327
8	8	-1803.8896	-8989.55
8	9	-1795.2262	-9011.528
8	10	-1746.5948	-9023.38
8	11	-1695.4094	-8987.525
8	12	-1698.9934	-8993.545
8	13	-1694.8025	-8988.537
8	16	-1794.0681	-9019.524
9	1	-1757.6398	-8945.141
9	2	-1759.1545	-8952.713
9	3	-1741.5984	-8945.3125
9	4	-1764.2916	-8992.273
9	5	-1746.5177	-8996.438
9	6	-1794.5148	-8988.192
9	7	-1789.6625	-8999.327
9	8	-1803.8541	-8989.695
9	9	-1795.2262	-9011.528
9	10	-1746.6018	-9022.7295
9	11	-1695.4097	-8987.548
9	12	-1698.9934	-8993.545
9	13	-1694.8221	-8988.4795
9	15	-1742.6571	-9027.029
9	16	-1794.0681	-9019.524
10	1	-1758.5892	-8945.126
10	2	-1758.8427	-8952.717
10	3	-1742.4818	-8945.319
10	4	-1764.3085	-8992.332
10	5	-1746.5251	-8995.928
10	6	-1794.5142	-8988.188
10	7	-1789.6625	-8999.327
10	8	-1803.6953	-8989.864
10	9	-1795.2262	-9011.528
10	10	-1746.6075	-9022.124
10	11	-1695.4069	-8987.522
10	12	-1698.9934	-8993.545
10	13	-1694.823	-8988.528
10	14	-1693.8157	-8986.759
10	15	-1742.679	-9025.986
10	16	-1794.0681	-9019.524
11	1	-1759.5089	-8945.108
11	2	-1758.5286	-8952.719
11	3	-1743.3561	-8945.319
11	4	-1764.3232	-8992.395
11	5	-1746.5345	-8995.439
11	6	-1794.5198	-8988.189
11	7	-1789.6625	-8999.327
11	8	-1803.6816	-8989.952
11	9	-1795.2262	-9011.528
11	10	-1746.6156	-9021.565
11	11	-1695.3707	-8987.541
11	12	-1698.9934	-8993.545
11	13	-1694.893	-8988.018
11	15	-1742.7053	-9024.911
11	16	-1794.0681	-9019.524
11	21	-1746.4346	-9029.003
12	1	-1760.4366	-8945.107
12	2	-1758.2145	-8952.717
12	3	-1744.2316	-8945.319
12	4	-1764.3276	-8992.448
12	5	-1746.5405	-8994.993
12	6	-1794.5039	-8988.195
12	7	-1789.6625	-8999.327
12	8	-1803.731	-8990.033
12	9	-1795.2262	-9011.528
12	10	-1746.6305	-9020.937
12	12	-1698.9934	-8993.545
12	13	-1694.9033	-8988.693
12	14	-1694.0751	-8986.749
12	15	-1742.7177	-9023.763
12	16	-1794.0681	-9019.524
13	1	-1761.4167	-8945.09
13	2	-1757.8981	-8952.711
13	3	-1745.1232	-8945.314
13	4	-1764.3469	-8992.506
13	5	-1746.5403	-8994.466
13	6	-1794.5143	-8988.184
13	7	-1789.6625	-8999.327
13	8	-1803.7349	-8990.043
13	9	-1795.2262	-9011.528
13	10	-1746.642	-9020.347
13	12	-1698.9934	-8993.545
13	13	-1694.8363	-8988.623
13	15	-1742.726	-9022.664
13	16	-1794.0681	-9019.524
13	21	-1746.4086	-9027.652
14	1	-1762.4152	-8945.058
14	2	-1757.5798	-8952.699
14	3	-1746.0245	-8945.319
14	4	-1764.3693	-8992.53
14	5	-1746.5452	-8993.962
14	6	-1794.5281	-8988.175
14	7	-1789.6625	-8999.327
14	8	-1803.7184	-8990.16
14	9	-1795.2262	-9011.528
14	10	-1746.651	-9019.738
14	12	-1698.9934	-8993.545
14	13	-1694.8794	-8988.699
14	15	-1742.7188	-9021.603
14	16	-1794.0681	-9019.524
14	21	-1746.4469	-9026.84
15	1	-1763.392	-8945.039
15	2	-1757.2603	-8952.681
15	3	-1746.9218	-8945.323
15	4	-1764.3849	-8992.589
15	5	-1746.5533	-8993.414
15	6	-1794.5292	-8988.164
15	7	-1789.6625	-8999.327
15	8	-1803.6891	-8990.238
15	9	-1795.2262	-9011.528
15	10	-1746.6605	-9019.155
15	12	-1698.9934	-8993.545
15	15	-1742.7001	-9020.469
15	16	-1794.0681	-9019.524
15	21	-1746.4458	-9026.146
16	1	-1764.399	-8945.024
16	2	-1756.9381	-8952.655
16	3	-1747.8131	-8945.331
16	4	-1764.4066	-8992.633
16	5	-1746.5608	-8992.933
16	6	-1794.5317	-8988.158
16	7	-1789.6625	-8999.327
16	8	-1803.7142	-8990.252
16	9	-1795.2262	-9011.528
16	10	-1746.6631	-9018.649
16	12	-1698.9934	-8993.545
16	15	-1742.677	-9019.304
16	16	-1794.0681	-9019.524
16	21	-1746.4569	-9026.506
17	1	-1765.4023	-8944.998
17	2	-1756.6154	-8952.623
17	3	-1748.7009	-8945.341
17	4	-1764.4172	-8992.656
17	5	-1746.5635	-8992.413
17	6	-1794.539	-8988.152
17	7	-1789.6625	-8999.327
17	8	-1803.4271	-8990.365
17	9	-1795.2262	-9011.528
17	10	-1746.6791	-9018.016
17	12	-1698.9934	-8993.545
17	14	-1695.3208	-8987.4
17	21	-1746.4827	-9025.28
17	22	-1694.145	-8987.716
18	1	-1766.416	-8944.98
18	2	-1756.2922	-8952.582
18	3	-1749.5914	-8945.328
18	4	-1764.4365	-8992.727
18	5	-1746.573	-8991.94
18	6	-1794.532	-8988.157
18	7	-1789.6625	-8999.327
18	8	-1803.584	-8990.421
18	9	-1795.2262	-9011.528
18	10	-1746.6757	-9017.538
18	12	-1698.9934	-8993.545
18	14	-1695.3889	-8987.434
18	21	-1746.4963	-9024.499
18	22	-1694.159	-8987.741
19	1	-1767.4636	-8944.959
19	2	-1755.9697	-8952.532
19	3	-1750.4941	-8945.331
19	4	-1764.4476	-8992.777
19	5	-1746.5784	-8991.4375
19	6	-1794.5419	-8988.153
19	7	-1789.6625	-8999.327
19	8	-1803.5474	-8990.472
19	9	-1795.2262	-9011.528
19	10	-1746.6831	-9016.972
19	12	-1698.9934	-8993.545
19	13	-1694.813	-8988.582
19	14	-1695.3854	-8987.463
19	21	-1746.5656	-9023.997
20	1	-1768.5306	-8944.934
20	2	-1755.6482	-8952.474
20	3	-1751.3737	-8945.328
20	4	-1764.4568	-8992.797
20	5	-1746.584	-8990.931
20	6	-1794.5295	-8988.153
20	7	-1789.6625	-8999.327
20	8	-1803.4668	-8990.578
20	9	-1795.2262	-9011.528
20	10	-1746.6936	-9016.477
20	12	-1698.9934	-8993.545
20	13	-1694.8486	-8988.609
20	14	-1695.4053	-8987.452
20	21	-1746.5892	-9023.527
20	22	-1694.164	-8987.688
21	1	-1769.5812	-8944.918
21	2	-1755.3282	-8952.405
21	3	-1752.2543	-8945.322
21	4	-1764.4733	-8992.836
21	5	-1746.5916	-8990.463
21	6	-1794.5392	-8988.144
21	7	-1789.6625	-8999.327
21	8	-1803.4211	-8990.671
21	9	-1795.2262	-9011.528
21	10	-1746.7065	-9015.97
21	12	-1698.9934	-8993.545
21	13	-1694.8871	-8988.636
21	14	-1695.3752	-8987.456
21	21	-1746.5741	-9023.003
21	22	-1694.2097	-8987.779
22	1	-1770.6759	-8944.896
22	2	-1755.0082	-8952.325
22	3	-1753.1326	-8945.326
22	4	-1764.4747	-8992.861
22	5	-1746.5975	-8989.989
22	6	-1794.529	-8988.155
22	7	-1789.6625	-8999.327
22	8	-1803.3369	-8990.748
22	9	-1795.2262	-9011.528
22	10	-1746.7069	-9015.396
22	12	-1698.9934	-8993.545
22	13	-1694.9031	-8988.631
22	14	-1695.4094	-8987.473
22	21	-1746.577	-9022.436
22	22	-1694.2095	-8987.854
23	1	-1771.7689	-8944.877
23	2	-1754.6866	-8952.234
23	3	-1754.0145	-8945.331
23	4	-1764.4877	-8992.915
23	5	-1746.6018	-8989.512
23	6	-1794.5227	-8988.161
23	7	-1789.6625	-8999.327
23	8	-1803.2823	-8990.779
23	9	-1795.2262	-9011.528
23	10	-1746.7212	-9014.91
23	12	-1698.9934	-8993.545
23	13	-1694.8987	-8988.652
23	14	-1695.4514	-8987.469
23	21	-1746.5967	-9022.338
23	22	-1693.8778	-8987.332
24	1	-1772.8761	-8944.8545
24	2	-1754.3635	-8952.13
24	3	-1754.8944	-8945.331
24	4	-1764.5094	-8992.947
24	5	-1746.6072	-8989.092
24	6	-1794.5232	-8988.163
24	7	-1789.6625	-8999.327
24	9	-1795.2262	-9011.528
24	10	-1746.7244	-9014.4
24	12	-1698.9934	-8993.545
24	13	-1694.8817	-8988.655
24	14	-1695.5562	-8987.435
24	21	-1746.6178	-9021.296
24	22	-1694.3171	-8987.881
25	1	-1773.9886	-8944.842
25	2	-1754.0383	-8952.012
25	3	-1755.7626	-8945.329
25	4	-1764.5217	-8992.995
25	5	-1746.6141	-8988.645
25	6	-1794.5183	-8988.163
25	7	-1789.6625	-8999.327
25	9	-1795.2262	-9011.528
25	10	-1746.7313	-9013.924
25	12	-1698.9934	-8993.545
25	13	-1694.8927	-8988.679
25	14	-1695.4182	-8987.571
25	21	-1746.6604	-9020.942
25	22	-1694.3057	-8987.87
26	1	-1775.1161	-8944.822
26	2	-1753.7107	-8951.878
26	3	-1756.6694	-8945.311
26	4	-1764.5356	-8993.012
26	5	-1746.6161	-8988.174
26	6	-1794.5262	-8988.172
26	7	-1789.6625	-8999.327
26	8	-1803.1627	-8990.962
26	9	-1795.2262	-9011.528
26	10	-1746.7303	-9013.469
26	12	-1698.9934	-8993.545
26	13	-1694.8907	-8988.655
26	14	-1695.2853	-8987.467
26	21	-1746.6349	-9020.15
26	22	-1694.856	-8987.307
27	1	-1776.2703	-8944.804
27	2	-1753.3812	-8951.728
27	3	-1757.587	-8945.296
27	4	-1764.5348	-8993.046
27	5	-1746.6223	-8987.747
27	6	-1794.532	-8988.151
27	7	-1789.6625	-8999.327
27	9	-1795.2262	-9011.528
27	10	-1746.7422	-9012.963
27	12	-1698.9934	-8993.545
27	13	-1694.9017	-8988.658
27	14	-1695.4779	-8987.435
27	21	-1746.6798	-9019.589
27	22	-1694.3942	-8987.644
28	1	-1777.4044	-8944.786
28	2	-1753.0505	-8951.561
28	3	-1758.523	-8945.284
28	4	-1764.5488	-8993.066
28	5	-1746.6324	-8987.376
28	6	-1794.5349	-8988.144
28	7	-1789.6625	-8999.327
28	8	-1803.1595	-8991.005
28	9	-1795.2262	-9011.528
28	10	-1746.7418	-9012.554
28	12	-1698.9934	-8993.545
28	13	-1694.9117	-8988.666
28	14	-1695.4677	-8987.459
28	21	-1746.6879	-9019.06
28	22	-1694.3729	-8987.851
29	1	-1778.5776	-8944.765
29	2	-1752.721	-8951.373
29	3	-1759.4823	-8945.258
29	4	-1764.5437	-8993.084
29	5	-1746.6376	-8986.954
29	6	-1794.545	-8988.13
29	7	-1789.6625	-8999.327
29	8	-1803.2378	-8990.933
29	9	-1795.2262	-9011.528
29	10	-1746.7388	-9012.098
29	12	-1698.9934	-8993.545
29	13	-1694.903	-8988.666
29	14	-1695.4594	-8987.486
29	18	-1766.1953	-8991.652
29	21	-1746.7686	-9018.312
29	22	-1694.4244	-8987.649
30	1	-1779.7505	-8944.743
30	2	-1752.3912	-8951.167
30	3	-1760.4573	-8945.254
30	4	-1764.5586	-8993.122
30	5	-1746.6454	-8986.604
30	6	-1794.5438	-8988.136
30	7	-1789.6625	-8999.327
30	8	-1803.1345	-8991.025
30	9	-1795.2262	-9011.528
30	10	-1746.7546	-9011.598
30	12	-1698.9934	-8993.545
30	13	-1694.9266	-8988.68
30	14	-1695.4532	-8987.48
31	1	-1780.917	-8944.725
31	2	-1752.0966	-8950.966
31	3	-1761.444	-8945.243
31	4	-1764.5692	-8993.153
31	5	-1746.6503	-8986.201
31	6	-1794.5498	-8988.125
31	7	-1789.6625	-8999.327
31	9	-1795.2262	-9011.528
31	10	-1746.7542	-9011.221
31	12	-1698.9934	-8993.545
31	13	-1694.9408	-8988.661
31	14	-1695.4161	-8987.495
31	18	-1766.1356	-8991.634
31	21	-1746.7283	-9017.268
32	1	-1782.1252	-8944.707
32	2	-1751.7726	-8950.72
32	3	-1762.4453	-8945.231
32	4	-1764.5719	-8993.182
32	5	-1746.6589	-8985.801
32	6	-1794.5585	-8988.119
32	7	-1789.6625	-8999.327
32	8	-1803.0846	-8991.087
32	9	-1795.2262	-9011.528
32	10	-1746.79	-9010.6455
32	12	-1698.9934	-8993.545
32	13	-1694.953	-8988.678
32	18	-1766.1614	-8991.611
32	21	-1746.7004	-9016.919
33	1	-1783.2921	-8944.69
33	2	-1751.4521	-8950.454
33	3	-1763.4556	-8945.209
33	4	-1764.5818	-8993.216
33	5	-1746.6637	-8985.363
33	6	-1794.5564	-8988.127
33	7	-1789.6625	-8999.327
33	9	-1795.2262	-9011.528
33	10	-1746.8041	-9010.21
33	12	-1698.9934	-8993.545
33	13	-1694.9524	-8988.64
33	17	-1742.6239	-9002.581
33	18	-1766.15	-8991.6045
33	21	-1746.7458	-9016.442
34	1	-1784.4846	-8944.672
34	2	-1751.1376	-8950.166
34	3	-1764.4717	-8945.196
34	4	-1764.6056	-8993.246
34	5	-1746.6782	-8985.038
34	6	-1794.5647	-8988.112
34	7	-1789.6625	-8999.327
34	9	-1795.2262	-9011.528
34	10	-1746.814	-9009.822
34	12	-1698.9934	-8993.545
34	13	-1694.955	-8988.609
34	17	-1742.5795	-9001.506
34	18	-1766.1361	-8991.591
34	21	-1746.7009	-9016.111
35	1	-1785.701	-8944.653
35	2	-1750.831	-8949.856
35	3	-1765.5168	-8945.181
35	4	-1764.6218	-8993.275
35	5	-1746.6794	-8984.619
35	6	-1794.5509	-8988.118
35	7	-1789.6625	-8999.327
35	9	-1795.2262	-9011.528
35	10	-1746.8225	-9009.419
35	12	-1698.9934	-8993.545
35	17	-1742.6537	-9000.809
35	18	-1766.122	-8991.586
36	1	-1786.9071	-8944.623
36	2	-1750.5337	-8949.524
36	3	-1766.584	-8945.17
36	4	-1764.6401	-8993.306
36	5	-1746.6909	-8984.334
36	6	-1794.5618	-8988.119
36	7	-1789.6625	-8999.327
36	9	-1795.2262	-9011.528
36	10	-1746.8206	-9009.053
36	12	-1698.9934	-8993.545
36	17	-1742.6447	-8999.9375
36	18	-1766.1354	-8991.597
36	21	-1746.7891	-9014.773
37	1	-1788.1307	-8944.601
37	2	-1750.2457	-8949.169
37	3	-1767.6581	-8945.156
37	4	-1764.6512	-8993.329
37	5	-1746.6934	-8983.882
37	6	-1794.5638	-8988.116
37	7	-1789.6625	-8999.327
37	10	-1746.8359	-9008.718
37	12	-1698.9934	-8993.545
37	17	-1742.6674	-8999.136
37	18	-1766.1194	-8991.578
38	1	-1789.3606	-8944.577
38	2	-1749.9674	-8948.791
38	3	-1768.7285	-8945.143
38	4	-1764.575	-8993.35
38	5	-1746.7053	-8983.581
38	6	-1794.5303	-8988.153
38	7	-1789.6625	-8999.327
38	10	-1746.8391	-9008.383
38	12	-1698.9934	-8993.545
38	17	-1742.6691	-8998.336
38	18	-1766.1075	-8991.591
39	1	-1790.5854	-8944.558
39	2	-1749.7014	-8948.389
39	3	-1769.8256	-8945.138
39	4	-1764.5853	-8993.364
39	5	-1746.7114	-8983.244
39	6	-1794.5717	-8988.114
39	7	-1789.6625	-8999.327
39	10	-1746.8478	-9008.047
39	12	-1698.9934	-8993.545
39	17	-1742.6775	-8997.577
39	18	-1766.1218	-8991.622
40	1	-1791.8337	-8944.54
40	2	-1749.4458	-8947.965
40	3	-1770.932	-8945.13
40	4	-1764.5913	-8993.388
40	5	-1746.7134	-8982.965
40	6	-1794.5789	-8988.101
40	7	-1789.6625	-8999.327
40	10	-1746.8665	-9007.472
40	12	-1698.9934	-8993.545
40	17	-1742.6997	-8996.8125
40	18	-1766.1039	-8991.629
40	19	-1762.341	-8994.868
40	20	-1761.7211	-8994.736
41	1	-1793.0842	-8944.538
41	2	-1749.2046	-8947.518
41	3	-1772.0524	-8945.133
41	4	-1764.5964	-8993.396
41	5	-1746.7172	-8982.652
41	6	-1794.5461	-8988.126
41	7	-1789.6625	-8999.327
41	10	-1746.8372	-9007.165
41	12	-1698.9934	-8993.545
41	17	-1742.7079	-8996.081
41	18	-1766.0692	-8991.492
42	1	-1794.3218	-8944.542
42	2	-1748.976	-8947.048
42	3	-1773.1412	-8945.13
42	4	-1764.599	-8993.405
42	5	-1746.724	-8982.331
42	6	-1794.5449	-8988.129
42	7	-1789.6625	-8999.327
42	10	-1746.8467	-9006.432
42	12	-1698.9934	-8993.545
42	17	-1742.706	-8995.352
42	18	-1766.0797	-8991.598
43	1	-1795.5844	-8944.542
43	2	-1748.7628	-8946.557
43	3	-1774.3026	-8945.133
43	4	-1764.581	-8993.393
43	5	-1746.7278	-8982.098
43	6	-1794.5641	-8988.117
43	7	-1789.6625	-8999.327
43	10	-1746.8843	-9005.898
43	12	-1698.9934	-8993.545
43	17	-1742.7157	-8994.625
43	18	-1766.0133	-8991.339
43	19	-1762.3674	-8994.85
43	20	-1761.6859	-8994.713
44	1	-1796.8636	-8944.537
44	2	-1748.582	-8946.097
44	3	-1775.445	-8945.138
44	4	-1764.5839	-8993.391
44	5	-1746.7355	-8981.864
44	6	-1794.5504	-8988.122
44	7	-1789.6625	-8999.327
44	12	-1698.9934	-8993.545
44	17	-1742.7224	-8993.899
44	18	-1766.0858	-8991.618
44	20	-1762.1244	-8994.832
45	1	-1798.1559	-8944.544
45	2	-1748.3933	-8945.565
45	3	-1776.5708	-8945.14
45	4	-1764.5815	-8993.395
45	5	-1746.7427	-8981.607
45	6	-1794.5619	-8988.106
45	7	-1789.6625	-8999.327
45	12	-1698.9934	-8993.545
45	17	-1742.7274	-8993.214
45	18	-1766.0681	-8991.609
45	19	-1762.3304	-8994.882
45	20	-1761.7255	-8994.769
46	1	-1799.4567	-8944.542
46	2	-1748.2206	-8945.014
46	3	-1777.7041	-8945.151
46	4	-1764.5887	-8993.393
46	5	-1746.7474	-8981.339
46	6	-1794.5497	-8988.117
46	7	-1789.6625	-8999.327
46	12	-1698.9934	-8993.545
46	17	-1742.7224	-8992.537
46	18	-1766.0669	-8991.604
46	19	-1762.2975	-8994.898
46	20	-1761.6986	-8994.748
47	1	-1800.7605	-8944.538
47	2	-1748.0599	-8944.44
47	3	-1778.8577	-8945.16
47	4	-1764.5509	-8993.408
47	5	-1746.7473	-8981.111
47	6	-1794.5321	-8988.132
47	7	-1789.6625	-8999.327
47	12	-1698.9934	-8993.545
47	17	-1742.7323	-8991.852
47	18	-1766.072	-8991.611
47	19	-1762.2698	-8994.855
47	20	-1761.6947	-8994.739
48	1	-1802.109	-8944.529
48	2	-1747.9148	-8943.848
48	3	-1780.0074	-8945.163
48	4	-1764.549	-8993.4
48	5	-1746.7567	-8980.871
48	6	-1794.5493	-8988.116
48	7	-1789.6625	-8999.327
48	12	-1698.9934	-8993.545
48	17	-1742.7305	-8991.187
48	18	-1766.0776	-8991.605
48	19	-1762.2559	-8994.886
48	20	-1761.6708	-8994.691
49	1	-1803.4448	-8944.547
49	2	-1747.7812	-8943.236
49	3	-1781.1545	-8945.165
49	4	-1764.5404	-8993.412
49	5	-1746.7579	-8980.653
49	6	-1794.5203	-8988.136
49	7	-1789.6625	-8999.327
49	12	-1698.9934	-8993.545
49	17	-1742.7385	-8990.557
49	18	-1766.0725	-8991.63
49	19	-1762.25	-8994.884
49	20	-1761.7141	-8994.733
50	1	-1804.7744	-8944.566
50	2	-1747.6628	-8942.6045
50	3	-1782.3142	-8945.174
50	4	-1764.5416	-8993.4
50	5	-1746.7653	-8980.477
50	6	-1794.5361	-8988.126
50	7	-1789.6625	-8999.327
50	12	-1698.9934	-8993.545
50	17	-1742.7369	-8989.933
50	18	-1766.0568	-8991.611
50	19	-1762.3099	-8994.842
50	20	-1761.7118	-8994.771
51	1	-1806.1158	-8944.577
51	2	-1747.5537	-8941.955
51	3	-1783.4745	-8945.175
51	4	-1764.5326	-8993.419
51	5	-1746.7618	-8980.269
51	6	-1794.5265	-8988.138
51	7	-1789.6625	-8999.327
51	12	-1698.9934	-8993.545
51	17	-1742.7408	-8989.314
51	18	-1766.0402	-8991.604
51	19	-1762.33	-8994.836
52	1	-1807.4285	-8944.596
52	2	-1747.4595	-8941.288
52	3	-1784.6514	-8945.19
52	4	-1764.5049	-8993.413
52	5	-1746.7708	-8980.102
52	6	-1794.5292	-8988.137
52	7	-1789.6625	-8999.327
52	12	-1698.9934	-8993.545
52	17	-1742.7456	-8988.733
52	18	-1766.0437	-8991.616
52	19	-1762.2683	-8994.8
52	20	-1761.699	-8994.705
53	1	-1808.7921	-8944.622
53	2	-1747.3721	-8940.602
53	3	-1785.8531	-8945.202
53	4	-1764.4999	-8993.401
53	5	-1746.7684	-8979.903
53	6	-1794.4619	-8988.205
53	7	-1789.6625	-8999.327
53	12	-1698.9934	-8993.545
53	17	-1742.7471	-8988.158
53	19	-1762.2637	-8994.864
54	1	-1810.1608	-8944.637
54	2	-1747.2936	-8939.895
54	3	-1787.0134	-8945.221
54	4	-1764.4948	-8993.414
54	5	-1746.7781	-8979.79
54	6	-1794.5118	-8988.166
54	7	-1789.6625	-8999.327
54	12	-1698.9934	-8993.545
54	17	-1742.7507	-8987.61
54	18	-1766.0165	-8991.608
55	1	-1811.4877	-8944.655
55	2	-1747.2313	-8939.17
55	3	-1788.2299	-8945.2295
55	4	-1764.497	-8993.41
55	5	-1746.7804	-8979.663
55	6	-1794.5248	-8988.152
55	7	-1789.6625	-8999.327
55	12	-1698.9934	-8993.545
55	17	-1742.7557	-8987.041
55	18	-1765.9259	-8991.392
55	19	-1762.2867	-8994.883
55	20	-1761.6719	-8994.722
56	1	-1812.826	-8944.679
56	2	-1747.1757	-8938.424
56	3	-1789.425	-8945.235
56	4	-1764.4851	-8993.416
56	5	-1746.7766	-8979.46
56	6	-1794.5251	-8988.158
56	7	-1789.6625	-8999.327
56	12	-1698.9934	-8993.545
56	17	-1742.7595	-8986.498
56	18	-1766.0314	-8991.598
56	19	-1762.2656	-8994.865
56	20	-1761.6697	-8994.743
57	1	-1814.1353	-8944.694
57	2	-1747.128	-8937.656
57	3	-1790.6254	-8945.252
57	4	-1764.506	-8993.4
57	5	-1746.7823	-8979.365
57	6	-1794.522	-8988.151
57	7	-1789.6625	-8999.327
57	12	-1698.9934	-8993.545
57	17	-1742.7654	-8985.969
57	18	-1766.0338	-8991.6045
57	19	-1762.288	-8994.872
57	20	-1761.6792	-8994.695
58	1	-1815.5518	-8944.713
58	2	-1747.0905	-8936.872
58	3	-1791.83	-8945.26
58	4	-1764.4857	-8993.413
58	5	-1746.7792	-8979.21
58	6	-1794.5062	-8988.161
58	7	-1789.6625	-8999.327
58	12	-1698.9934	-8993.545
58	17	-1742.7622	-8985.455
58	18	-1766.0043	-8991.596
58	19	-1762.2726	-8994.846
58	20	-1761.8944	-8994.746
59	1	-1816.9209	-8944.725
59	2	-1747.0591	-8936.065
59	3	-1793.0312	-8945.274
59	4	-1764.4784	-8993.418
59	5	-1746.7712	-8979.004
59	6	-1794.5042	-8988.165
59	7	-1789.6625	-8999.327
59	12	-1698.9934	-8993.545
59	17	-1742.7596	-8984.962
59	18	-1765.984	-8991.604
59	19	-1762.2686	-8994.854
60	1	-1818.3362	-8944.731
60	2	-1747.0334	-8935.239
60	3	-1794.2527	-8945.271
60	4	-1764.46	-8993.413
60	5	-1746.7843	-8978.948
60	6	-1794.4844	-8988.186
60	12	-1698.9934	-8993.545
60	17	-1742.7609	-8984.464
60	18	-1765.975	-8991.611
60	19	-1762.2472	-8994.861
61	1	-1819.7079	-8944.76
61	2	-1747.0153	-8934.3955
61	3	-1795.474	-8945.277
61	4	-1764.4775	-8993.412
61	5	-1746.7916	-8978.933
61	6	-1794.5011	-8988.158
61	12	-1698.9934	-8993.545
61	17	-1742.7574	-8984.01
61	18	-1765.9424	-8991.651
61	19	-1762.2598	-8994.923
61	20	-1761.6577	-8994.714
62	1	-1821.1641	-8944.776
62	2	-1747.002	-8933.533
62	3	-1796.713	-8945.29
62	4	-1764.4966	-8993.393
62	5	-1746.795	-8978.793
62	6	-1794.5012	-8988.168
62	17	-1742.7562	-8983.563
62	18	-1765.8948	-8991.642
62	19	-1762.2423	-8994.891
62	20	-1761.7087	-8994.744
63	1	-1822.6721	-8944.843
63	2	-1746.9921	-8932.65
63	3	-1797.9567	-8945.295
63	4	-1764.4365	-8993.396
63	5	-1746.7865	-8978.751
63	6	-1794.509	-8988.162
63	17	-1742.7623	-8983.101
63	18	-1765.817	-8991.6
63	19	-1762.2623	-8994.893
63	20	-1761.7416	-8994.82
64	2	-1746.988	-8931.743
64	3	-1799.1683	-8945.301
64	4	-1764.44	-8993.339
64	5	-1746.7871	-8978.733
64	6	-1794.4988	-8988.168
64	17	-1742.7662	-8982.68
64	19	-1762.2339	-8994.878
64	20	-1761.716	-8994.834
65	2	-1746.9878	-8930.813
65	3	-1800.42	-8945.298
65	4	-1764.4418	-8993.381
65	5	-1746.7773	-8978.585
65	6	-1794.486	-8988.172
65	17	-1742.7731	-8982.231
65	19	-1762.2043	-8994.874
65	20	-1761.6982	-8994.714
66	2	-1746.9884	-8929.862
66	3	-1801.714	-8945.303
66	4	-1764.4294	-8993.375
66	5	-1746.7814	-8978.589
66	6	-1794.3938	-8988.267
66	17	-1742.7705	-8981.828
66	19	-1762.2849	-8994.899
66	20	-1761.7128	-8994.873
67	2	-1746.9941	-8928.893
67	3	-1802.9518	-8945.306
67	4	-1764.4784	-8993.395
67	5	-1746.7804	-8978.538
67	6	-1794.3021	-8988.316
67	17	-1742.7819	-8981.408
67	19	-1762.2507	-8994.872
67	20	-1761.8097	-8994.809
68	2	-1747.0018	-8927.898
68	3	-1804.208	-8945.312
68	4	-1764.436	-8993.33
68	5	-1746.782	-8978.561
68	17	-1742.7747	-8981.022
68	19	-1762.2538	-8994.894
68	20	-1761.7833	-8994.828
69	2	-1747.0109	-8926.883
69	3	-1805.482	-8945.325
69	4	-1764.4069	-8993.374
69	5	-1746.7811	-8978.554
69	17	-1742.7786	-8980.639
69	19	-1762.2474	-8994.888
70	2	-1747.0206	-8925.843
70	3	-1806.7264	-8945.317
70	4	-1764.441	-8993.403
70	5	-1746.7692	-8978.489
70	17	-1742.7775	-8980.297
70	19	-1762.269	-8994.901
70	20	-1761.7426	-8994.982
71	2	-1747.0319	-8924.782
71	4	-1764.4453	-8993.493
71	5	-1746.7657	-8978.475
71	17	-1742.7825	-8979.964
71	19	-1762.2684	-8994.885
72	2	-1747.0427	-8923.702
72	3	-1809.3391	-8945.352
72	4	-1764.3942	-8993.414
72	5	-1746.7672	-8978.455
72	17	-1742.7866	-8979.629
72	19	-1762.2491	-8994.936
72	20	-1761.8392	-8994.866
73	2	-1747.0475	-8922.6
73	3	-1810.5762	-8945.346
73	4	-1764.366	-8993.47
73	5	-1746.7634	-8978.483
73	17	-1742.7878	-8979.334
73	19	-1762.2826	-8994.934
74	2	-1747.0522	-8921.477
74	3	-1811.8865	-8945.364
74	4	-1764.3517	-8993.514
74	5	-1746.7544	-8978.3955
74	17	-1742.7952	-8979.023
74	19	-1762.2683	-8994.926
75	2	-1747.0471	-8920.333
75	3	-1813.174	-8945.384
75	4	-1764.3385	-8993.584
75	5	-1746.7479	-8978.367
75	17	-1742.7943	-8978.744
76	2	-1747.039	-8919.171
76	5	-1746.7472	-8978.327
76	17	-1742.7997	-8978.479
77	2	-1747.0254	-8917.988
77	5	-1746.7532	-8978.334
77	17	-1742.8016	-8978.23
78	2	-1747.0072	-8916.787
78	5	-1746.7555	-8978.308
78	17	-1742.8092	-8977.986
79	2	-1746.9832	-8915.567
79	5	-1746.7517	-8978.374
79	17	-1742.8125	-8977.761
80	2	-1746.9546	-8914.328
80	5	-1746.7448	-8978.317
80	17	-1742.8079	-8977.583
81	2	-1746.9188	-8913.07
81	5	-1746.7184	-8978.287
81	17	-1742.8168	-8977.37
82	2	-1746.876	-8911.794
82	5	-1746.7404	-8978.287
82	17	-1742.8184	-8977.191
83	2	-1746.8282	-8910.5
83	5	-1746.7322	-8978.266
83	17	-1742.8198	-8977.022
84	2	-1746.775	-8909.1875
84	5	-1746.7202	-8978.26
84	17	-1742.8207	-8976.884
85	2	-1746.7158	-8907.857
85	5	-1746.7178	-8978.164
85	17	-1742.8312	-8976.746
86	2	-1746.6549	-8906.508
86	5	-1746.7021	-8978.135
86	17	-1742.8263	-8976.579
87	2	-1746.589	-8905.143
87	5	-1746.6974	-8978.011
87	17	-1742.8223	-8976.488
88	2	-1746.5203	-8903.76
88	5	-1746.6874	-8977.958
88	17	-1742.8394	-8976.364
89	2	-1746.4462	-8902.361
89	5	-1746.6873	-8978.177
89	17	-1742.8284	-8976.263
90	2	-1746.3711	-8900.946
90	5	-1746.7	-8977.766
90	17	-1742.796	-8976.172
