0	1	2303.9897	-1384.462
0	2	2324.8586	-1390.6204
0	3	2283.8054	-1338.5848
0	4	2326.59	-1396.1906
0	5	2296.1353	-1375.9291
0	6	2295.931	-1380.2057
0	7	2305.3643	-1380.4889
0	8	2317.8113	-1413.8569
1	1	2303.9841	-1384.4604
1	2	2324.301	-1390.3373
1	3	2283.1074	-1339.2043
1	4	2325.6829	-1395.7178
1	5	2296.1353	-1375.9291
1	6	2295.9307	-1380.2001
1	7	2305.3616	-1380.4862
1	8	2319.255	-1414.6948
2	1	2303.989	-1384.4609
2	2	2323.793	-1390.0669
2	3	2282.402	-1339.8043
2	4	2324.8135	-1395.2668
2	5	2296.1353	-1375.9291
2	6	2295.9382	-1380.2075
2	7	2305.359	-1380.4839
2	8	2320.706	-1415.5339
3	1	2303.9868	-1384.459
3	2	2323.268	-1389.7909
3	3	2281.6772	-1340.3842
3	4	2323.9607	-1394.8224
3	5	2296.1353	-1375.9291
3	6	2295.928	-1380.205
3	7	2305.3628	-1380.4894
3	8	2322.1704	-1416.3723
4	1	2303.9924	-1384.461
4	2	2322.7793	-1389.5482
4	3	2280.968	-1340.9316
4	4	2323.138	-1394.3809
4	5	2296.1353	-1375.9291
4	6	2295.9336	-1380.2084
4	7	2305.3618	-1380.4905
4	8	2323.6304	-1417.2074
5	1	2303.9917	-1384.4594
5	2	2322.286	-1389.2914
5	3	2280.2385	-1341.4547
5	4	2322.352	-1393.9745
5	5	2296.1353	-1375.929
5	6	2295.9343	-1380.2092
5	7	2305.3625	-1380.4879
5	8	2325.134	-1418.0758
6	1	2303.989	-1384.4586
6	2	2321.6821	-1388.965
6	3	2279.506	-1341.9674
6	4	2321.581	-1393.5708
6	5	2296.1353	-1375.929
6	6	2295.9272	-1380.205
6	7	2305.3633	-1380.4884
6	8	2326.6677	-1418.9401
7	1	2303.9888	-1384.4556
7	2	2321.2524	-1388.7384
7	3	2278.7524	-1342.4657
7	4	2320.8308	-1393.1815
7	5	2296.1353	-1375.929
7	6	2295.9326	-1380.2087
7	7	2305.364	-1380.4893
7	8	2328.1814	-1419.7976
7	9	2223.9521	-1361.7231
8	1	2303.9897	-1384.4602
8	2	2320.7363	-1388.4727
8	3	2277.9832	-1342.9369
8	4	2320.1208	-1392.8073
8	5	2296.1353	-1375.9287
8	6	2295.9336	-1380.207
8	7	2305.3628	-1380.4884
8	8	2329.7554	-1420.668
8	9	2224.9377	-1362.2671
9	1	2303.9954	-1384.4612
9	2	2320.2532	-1388.2177
9	3	2277.2263	-1343.3655
9	4	2319.4395	-1392.4524
9	5	2296.1355	-1375.9287
9	6	2295.9287	-1380.2073
9	7	2305.364	-1380.4905
9	8	2331.337	-1421.543
9	9	2225.869	-1362.763
10	1	2303.9907	-1384.4615
10	2	2319.8503	-1388.0171
10	3	2276.4626	-1343.7825
10	4	2318.776	-1392.1079
10	5	2296.1355	-1375.9287
10	6	2295.934	-1380.2081
10	7	2305.367	-1380.4896
10	8	2332.9436	-1422.4137
10	9	2226.8257	-1363.2977
11	1	2303.991	-1384.4618
11	2	2319.5579	-1387.8663
11	3	2275.6643	-1344.1844
11	4	2318.1292	-1391.7758
11	5	2296.1355	-1375.9286
11	6	2295.928	-1380.2079
11	7	2305.361	-1380.4889
11	8	2334.568	-1423.2958
11	9	2227.789	-1363.7789
11	10	2361.9856	-1414.7606
12	1	2303.9854	-1384.4591
12	2	2319.2517	-1387.7157
12	3	2274.8953	-1344.5449
12	4	2317.5095	-1391.4458
12	5	2296.1355	-1375.9286
12	6	2295.9314	-1380.2085
12	7	2305.3582	-1380.4849
12	8	2336.2034	-1424.1692
12	9	2228.6458	-1364.1871
12	10	2360.8127	-1414.1119
13	1	2303.984	-1384.4556
13	2	2319.0195	-1387.6
13	3	2274.0737	-1344.8969
13	4	2316.9326	-1391.1466
13	5	2296.1355	-1375.9287
13	6	2295.9285	-1380.2075
13	7	2305.3628	-1380.4868
13	8	2337.821	-1425.0051
13	9	2229.5413	-1364.6412
13	10	2359.688	-1413.5188
14	1	2303.9836	-1384.454
14	2	2318.7673	-1387.4731
14	3	2273.2495	-1345.225
14	4	2316.3816	-1390.8545
14	5	2296.1353	-1375.9287
14	6	2295.9336	-1380.205
14	7	2305.3665	-1380.4875
14	8	2339.5276	-1425.8818
14	9	2230.4504	-1365.0975
14	10	2358.5364	-1412.9244
15	1	2303.984	-1384.4552
15	2	2318.5454	-1387.3641
15	3	2272.432	-1345.5272
15	4	2315.8306	-1390.5642
15	5	2296.1355	-1375.9288
15	6	2295.9316	-1380.205
15	7	2305.3616	-1380.4867
15	8	2341.2312	-1426.777
15	9	2231.2673	-1365.4955
15	10	2357.412	-1412.3411
16	1	2303.9812	-1384.454
16	2	2318.2793	-1387.2189
16	3	2271.6064	-1345.8048
16	4	2315.312	-1390.2922
16	5	2296.1355	-1375.9288
16	6	2295.927	-1380.2034
16	7	2305.3616	-1380.4866
16	8	2342.9832	-1427.644
16	9	2232.1436	-1365.9404
16	10	2356.2795	-1411.7603
17	1	2303.9856	-1384.4586
17	2	2318.028	-1387.0828
17	3	2270.7913	-1346.0574
17	4	2314.824	-1390.0394
17	5	2296.1355	-1375.9286
17	6	2295.9326	-1380.2029
17	7	2305.3623	-1380.4872
17	8	2344.6594	-1428.5045
17	9	2232.9617	-1366.3918
17	10	2355.1584	-1411.1539
18	1	2303.9883	-1384.4592
18	2	2317.8906	-1387.0013
18	3	2269.9695	-1346.2877
18	4	2314.3662	-1389.8
18	5	2296.1355	-1375.9286
18	6	2295.9375	-1380.2062
18	7	2305.3684	-1380.4901
18	8	2346.4	-1429.4219
18	9	2233.7559	-1366.7933
18	10	2354.0781	-1410.5492
19	1	2303.987	-1384.4553
19	2	2317.6152	-1386.8595
19	3	2269.099	-1346.5068
19	4	2313.931	-1389.5743
19	5	2296.1355	-1375.9286
19	6	2295.9321	-1380.2059
19	7	2305.3613	-1380.486
19	8	2348.1396	-1430.3439
19	9	2234.5715	-1367.2048
19	10	2352.989	-1409.972
19	14	2330.0818	-1393.21
20	1	2303.985	-1384.4569
20	2	2317.4338	-1386.7775
20	3	2268.2605	-1346.6803
20	4	2313.5344	-1389.3711
20	5	2296.1355	-1375.9286
20	6	2295.9314	-1380.2059
20	7	2305.3618	-1380.4872
20	9	2235.352	-1367.613
20	10	2351.9077	-1409.3937
20	14	2329.8594	-1393.1128
21	1	2303.9893	-1384.4596
21	2	2317.1672	-1386.6356
21	3	2267.3928	-1346.8209
21	4	2313.175	-1389.1814
21	5	2296.1355	-1375.9286
21	6	2295.9292	-1380.2031
21	7	2305.3574	-1380.4819
21	9	2236.115	-1368.0094
21	10	2350.8237	-1408.8223
21	14	2329.635	-1392.8759
22	1	2303.9841	-1384.4553
22	2	2316.936	-1386.5228
22	3	2266.5183	-1346.9407
22	4	2312.844	-1389.0117
22	5	2296.1355	-1375.9286
22	6	2295.9302	-1380.2057
22	7	2305.3547	-1380.4847
22	9	2236.894	-1368.4218
22	10	2349.7297	-1408.2354
22	14	2329.3247	-1392.8301
23	1	2303.982	-1384.45
23	2	2316.6902	-1386.3949
23	3	2265.6345	-1347.0485
23	4	2312.5417	-1388.8564
23	5	2296.1355	-1375.9285
23	6	2295.924	-1380.2036
23	7	2305.3599	-1380.4819
23	9	2237.6611	-1368.8217
23	10	2348.6682	-1407.6606
23	11	2361.5593	-1414.3505
23	14	2329.1794	-1392.7793
24	1	2303.9841	-1384.4493
24	2	2316.4753	-1386.2936
24	3	2264.7288	-1347.1329
24	4	2312.2603	-1388.7133
24	5	2296.1355	-1375.9286
24	6	2295.9302	-1380.2053
24	7	2305.352	-1380.4791
24	9	2238.4116	-1369.2084
24	10	2347.6301	-1407.1147
24	11	2360.593	-1413.8533
24	14	2328.8271	-1392.6046
25	1	2303.997	-1384.4603
25	2	2316.3232	-1386.2299
25	3	2263.8086	-1347.2008
25	4	2312.0159	-1388.5892
25	5	2296.1345	-1375.9281
25	6	2295.9272	-1380.2053
25	7	2305.3508	-1380.4756
25	9	2239.1628	-1369.5966
25	10	2346.5918	-1406.571
25	11	2359.632	-1413.3503
25	14	2328.5293	-1392.4238
26	1	2303.9856	-1384.4541
26	2	2316.1174	-1386.1273
26	3	2262.9036	-1347.2323
26	4	2311.7856	-1388.4651
26	5	2296.1304	-1375.9264
26	6	2295.9304	-1380.2047
26	7	2305.3523	-1380.476
26	9	2239.9136	-1369.987
26	10	2345.5762	-1406.0466
26	11	2358.6516	-1412.8618
26	14	2328.1956	-1392.2375
27	1	2303.9932	-1384.4585
27	2	2315.933	-1386.0173
27	3	2262.027	-1347.2323
27	4	2311.5825	-1388.3655
27	5	2296.12	-1375.9214
27	6	2295.9265	-1380.2057
27	7	2305.343	-1380.4714
27	9	2240.628	-1370.3539
27	10	2344.559	-1405.4974
27	11	2357.6577	-1412.3546
27	14	2327.9478	-1392.1526
28	1	2303.9817	-1384.452
28	2	2315.765	-1385.9287
28	3	2261.1477	-1347.217
28	4	2311.4136	-1388.2749
28	5	2296.1006	-1375.9114
28	6	2295.9202	-1380.2057
28	7	2305.3398	-1380.4711
28	9	2241.3835	-1370.7366
28	10	2343.564	-1404.9756
28	11	2356.714	-1411.8721
28	14	2327.733	-1392.0594
29	1	2303.9797	-1384.4502
29	2	2315.6072	-1385.8387
29	3	2260.2727	-1347.1713
29	4	2311.249	-1388.1931
29	5	2296.074	-1375.898
29	6	2295.925	-1380.2031
29	7	2305.3296	-1380.4658
29	9	2242.1367	-1371.1143
29	10	2342.605	-1404.463
29	11	2355.769	-1411.376
29	14	2327.4668	-1391.9628
30	1	2303.9854	-1384.4539
30	2	2315.4507	-1385.7659
30	3	2259.3313	-1347.1064
30	4	2311.1047	-1388.1176
30	5	2296.0366	-1375.8795
30	6	2295.921	-1380.1995
30	7	2305.3208	-1380.461
30	9	2242.8655	-1371.4869
30	10	2341.643	-1403.9623
30	11	2354.8662	-1410.9014
30	14	2327.2913	-1391.9216
31	1	2303.985	-1384.456
31	2	2315.3066	-1385.6892
31	3	2258.413	-1347.0242
31	4	2310.9739	-1388.0487
31	5	2295.9883	-1375.8551
31	6	2295.92	-1380.2012
31	7	2305.3027	-1380.4508
31	9	2243.5906	-1371.8564
31	10	2340.707	-1403.4683
31	11	2353.9377	-1410.4369
31	14	2326.7664	-1391.5486
32	1	2303.9785	-1384.452
32	2	2315.13	-1385.5924
32	3	2257.4895	-1346.908
32	4	2310.857	-1387.9885
32	5	2295.929	-1375.8254
32	6	2295.9185	-1380.2021
32	7	2305.2903	-1380.4437
32	9	2244.3599	-1372.244
32	10	2339.7607	-1402.9781
32	11	2353.0461	-1409.9657
32	14	2326.5676	-1391.4923
33	1	2303.9773	-1384.4514
33	2	2314.9524	-1385.5153
33	3	2256.5625	-1346.7762
33	4	2310.7576	-1387.9401
33	5	2295.8584	-1375.7887
33	6	2295.9158	-1380.2019
33	7	2305.2622	-1380.4319
33	9	2245.0767	-1372.607
33	10	2338.8574	-1402.4908
33	11	2352.1702	-1409.5193
33	14	2326.1711	-1391.2751
34	1	2303.9875	-1384.4525
34	2	2314.8052	-1385.4523
34	3	2255.6255	-1346.627
34	4	2310.6738	-1387.8959
34	5	2295.7744	-1375.7446
34	6	2295.911	-1380.1967
34	7	2305.2341	-1380.4136
34	9	2245.817	-1372.9944
34	10	2337.9614	-1402.0236
34	11	2351.2893	-1409.0664
34	14	2325.8528	-1391.1064
35	1	2303.9753	-1384.4532
35	2	2314.6274	-1385.3531
35	3	2254.6926	-1346.459
35	4	2310.6077	-1387.8597
35	5	2295.679	-1375.6962
35	6	2295.8977	-1380.1937
35	7	2305.199	-1380.397
35	9	2246.5625	-1373.3771
35	10	2337.069	-1401.5559
35	11	2350.4277	-1408.6382
35	14	2325.6067	-1391.0042
36	1	2303.9778	-1384.4535
36	2	2314.4749	-1385.2749
36	3	2253.7737	-1346.2725
36	4	2310.5562	-1387.8334
36	5	2295.571	-1375.6399
36	6	2295.8875	-1380.185
36	7	2305.1584	-1380.3773
36	9	2247.298	-1373.7466
36	10	2336.2341	-1401.1288
36	11	2349.5913	-1408.2003
36	14	2325.2842	-1390.8429
37	1	2303.9717	-1384.4525
37	2	2314.3489	-1385.2233
37	3	2252.799	-1346.0475
37	4	2310.5195	-1387.8153
37	5	2295.449	-1375.5764
37	6	2295.875	-1380.1824
37	7	2305.128	-1380.3572
37	9	2248.0884	-1374.1628
37	10	2335.3843	-1400.6904
37	11	2348.744	-1407.7554
38	1	2303.9692	-1384.4493
38	2	2314.2222	-1385.1547
38	3	2251.8633	-1345.8292
38	4	2310.4932	-1387.8019
38	5	2295.313	-1375.5066
38	6	2295.8723	-1380.1794
38	7	2305.0715	-1380.329
38	9	2248.8367	-1374.5225
38	10	2334.572	-1400.2715
38	11	2347.9485	-1407.3275
39	1	2303.9653	-1384.4489
39	2	2314.145	-1385.1022
39	3	2250.9182	-1345.5809
39	4	2310.4587	-1387.7806
39	5	2295.162	-1375.4279
39	6	2295.8506	-1380.1646
39	7	2305.013	-1380.2937
39	9	2249.6277	-1374.9232
39	10	2333.7488	-1399.847
39	11	2347.128	-1406.907
39	14	2324.7524	-1390.5594
40	1	2303.9697	-1384.4502
40	2	2314.0798	-1385.0808
40	3	2249.9463	-1345.318
40	4	2310.4463	-1387.7753
40	5	2294.9954	-1375.3412
40	6	2295.8345	-1380.1523
40	7	2304.9429	-1380.259
40	9	2250.4092	-1375.3179
40	10	2332.966	-1399.4474
40	11	2346.3562	-1406.4905
40	14	2324.8042	-1390.5674
41	1	2303.95	-1384.4404
41	2	2313.9824	-1385.0399
41	3	2248.9883	-1345.048
41	4	2310.434	-1387.7675
41	5	2294.8118	-1375.2471
41	6	2295.8062	-1380.1387
41	7	2304.8677	-1380.2167
41	9	2251.2095	-1375.7238
41	10	2332.1995	-1399.0518
41	11	2345.6042	-1406.1134
41	14	2324.5364	-1390.4652
42	1	2303.9456	-1384.4401
42	2	2313.9233	-1384.9989
42	3	2248.0251	-1344.7654
42	4	2310.4265	-1387.7637
42	5	2294.6116	-1375.1421
42	6	2295.7676	-1380.1191
42	7	2304.7617	-1380.1609
42	9	2252.0261	-1376.136
42	10	2331.459	-1398.6664
42	11	2344.8577	-1405.7124
42	14	2324.1472	-1390.2716
42	15	2360.9204	-1414.1027
43	1	2303.9392	-1384.4352
43	2	2313.8057	-1384.9298
43	3	2247.059	-1344.4694
43	4	2310.4194	-1387.7635
43	5	2294.3936	-1375.0294
43	6	2295.7256	-1380.0986
43	7	2304.6646	-1380.1036
43	9	2252.8496	-1376.5494
43	10	2330.7283	-1398.2906
43	11	2344.119	-1405.3447
43	12	2219.9424	-1359.3486
43	14	2323.9966	-1390.1597
43	15	2360.1157	-1413.6278
44	1	2303.94	-1384.4353
44	2	2313.7034	-1384.8783
44	3	2246.0962	-1344.1536
44	4	2310.416	-1387.7599
44	5	2294.1562	-1374.9065
44	6	2295.669	-1380.0712
44	7	2304.545	-1380.0416
44	9	2253.708	-1376.9834
44	10	2330.03	-1397.9388
44	11	2343.4077	-1404.9689
44	12	2220.8264	-1359.8312
44	14	2323.7175	-1390.031
44	15	2359.31	-1413.1433
45	1	2303.9172	-1384.4238
45	2	2313.6304	-1384.8401
45	3	2245.1091	-1343.8184
45	4	2310.412	-1387.7556
45	5	2293.901	-1374.7737
45	6	2295.5994	-1380.0366
45	7	2304.4153	-1379.9767
45	9	2254.5557	-1377.4094
45	10	2329.3254	-1397.5734
45	11	2342.6833	-1404.5995
45	12	2221.7405	-1360.274
45	14	2323.5383	-1389.9585
45	15	2358.4915	-1412.663
46	1	2303.8918	-1384.4102
46	2	2313.5068	-1384.7736
46	3	2244.1565	-1343.4972
46	4	2310.4165	-1387.7572
46	5	2293.6255	-1374.6302
46	6	2295.5122	-1379.9989
46	7	2304.2651	-1379.8909
46	9	2255.408	-1377.8276
46	10	2328.6658	-1397.2269
46	11	2341.9739	-1404.2014
46	12	2222.6416	-1360.8215
46	14	2323.3796	-1389.8673
46	15	2357.6594	-1412.2056
47	1	2303.8699	-1384.3981
47	2	2313.4556	-1384.7445
47	3	2243.1584	-1343.1334
47	4	2310.4146	-1387.756
47	5	2293.33	-1374.4772
47	6	2295.3962	-1379.9446
47	7	2304.0886	-1379.8035
47	9	2256.3096	-1378.2794
47	10	2328.0127	-1396.8882
47	11	2341.324	-1403.8708
47	12	2223.6003	-1361.195
47	13	2216.4321	-1362.3142
47	14	2323.265	-1389.8011
47	15	2356.8584	-1411.7592
48	1	2303.8455	-1384.3844
48	2	2313.3206	-1384.6958
48	3	2242.182	-1342.7814
48	4	2310.4155	-1387.7524
48	5	2293.0137	-1374.3145
48	6	2295.2764	-1379.8889
48	7	2303.9177	-1379.71
48	9	2257.1985	-1378.7264
48	10	2327.4016	-1396.5659
48	11	2340.6719	-1403.5157
48	12	2224.62	-1361.8127
48	13	2217.2996	-1362.888
48	14	2322.9792	-1389.653
48	15	2356.0562	-1411.3545
49	1	2303.805	-1384.3698
49	2	2313.2095	-1384.6327
49	3	2241.172	-1342.4044
49	4	2310.419	-1387.7548
49	5	2292.6792	-1374.1388
49	6	2295.1162	-1379.8107
49	7	2303.7373	-1379.6144
49	9	2258.1106	-1379.1871
49	10	2326.8	-1396.2576
49	11	2340.0369	-1403.1848
49	12	2225.478	-1362.2648
49	13	2218.4785	-1363.4664
49	15	2355.2803	-1410.9401
50	1	2303.7654	-1384.3466
50	2	2313.0554	-1384.5442
50	3	2240.1677	-1342.0067
50	4	2310.4143	-1387.7505
50	5	2292.324	-1373.9548
50	6	2294.949	-1379.7292
50	7	2303.522	-1379.503
50	9	2259.0303	-1379.6433
50	10	2326.2327	-1395.9591
50	11	2339.416	-1402.8457
50	12	2226.6099	-1362.813
50	13	2219.4417	-1363.9657
50	14	2322.723	-1389.5543
50	15	2354.5225	-1410.5481
51	1	2303.7153	-1384.3163
51	2	2312.8901	-1384.4623
51	3	2239.131	-1341.6014
51	4	2310.4114	-1387.7488
51	5	2291.9475	-1373.7592
51	6	2294.7505	-1379.6326
51	7	2303.297	-1379.3813
51	9	2259.9666	-1380.1141
51	10	2325.6597	-1395.6703
51	11	2338.819	-1402.5421
51	12	2227.6426	-1363.3328
51	13	2220.4446	-1364.4846
51	14	2322.6526	-1389.532
51	15	2353.787	-1410.1769
52	1	2303.6528	-1384.2819
52	2	2312.7615	-1384.397
52	3	2238.1067	-1341.1995
52	4	2310.4058	-1387.7432
52	5	2291.5496	-1373.5532
52	6	2294.5242	-1379.5205
52	7	2303.038	-1379.245
52	9	2260.9294	-1380.601
52	10	2325.1287	-1395.3898
52	11	2338.2485	-1402.2427
52	12	2228.5913	-1363.8461
52	13	2221.4248	-1364.9951
52	14	2322.4697	-1389.4277
52	15	2353.0488	-1409.8118
53	1	2303.5906	-1384.248
53	2	2312.6123	-1384.3259
53	3	2237.0376	-1340.7734
53	4	2310.4065	-1387.7456
53	5	2291.1296	-1373.3352
53	6	2294.288	-1379.4025
53	7	2302.755	-1379.0928
53	9	2261.8943	-1381.0757
53	10	2324.6045	-1395.1083
53	11	2337.6697	-1401.943
53	12	2229.5935	-1364.3407
53	13	2222.4688	-1365.5165
53	14	2322.423	-1389.4229
53	15	2352.2966	-1409.394
54	1	2303.5073	-1384.2069
54	2	2312.4277	-1384.2393
54	3	2236.006	-1340.3636
54	4	2310.4004	-1387.743
54	5	2290.6902	-1373.105
54	6	2294.0134	-1379.2666
54	7	2302.4624	-1378.9417
54	9	2262.8838	-1381.5818
54	10	2324.1086	-1394.8518
54	11	2337.1125	-1401.6459
54	12	2230.4548	-1364.859
54	13	2223.5117	-1366.0258
54	14	2322.3542	-1389.4127
54	15	2351.6096	-1409.0049
55	1	2303.4294	-1384.164
55	2	2312.2644	-1384.1536
55	3	2234.952	-1339.9443
55	4	2310.4058	-1387.7384
55	5	2290.2288	-1372.8667
55	6	2293.73	-1379.1343
55	7	2302.1704	-1378.7866
55	9	2263.873	-1382.074
55	10	2323.6248	-1394.5994
55	11	2336.6006	-1401.3767
55	12	2231.369	-1365.2747
55	13	2224.5002	-1366.5435
55	15	2350.9648	-1408.646
56	1	2303.332	-1384.1158
56	2	2312.0564	-1384.0537
56	3	2233.9058	-1339.5189
56	4	2310.409	-1387.7397
56	5	2289.748	-1372.6154
56	6	2293.4258	-1378.9855
56	7	2301.8374	-1378.6104
56	9	2264.894	-1382.5847
56	10	2323.17	-1394.3467
56	11	2336.0896	-1401.1125
56	12	2232.2397	-1365.7097
56	13	2225.5432	-1367.0765
56	15	2350.2942	-1408.3049
57	1	2303.2039	-1384.0571
57	2	2311.8792	-1383.9597
57	3	2232.8613	-1339.0844
57	4	2310.406	-1387.7369
57	5	2289.2463	-1372.3542
57	6	2293.1003	-1378.8167
57	7	2301.5117	-1378.4417
57	9	2265.9246	-1383.1033
57	10	2322.7222	-1394.1077
57	11	2335.6047	-1400.8485
57	12	2233.1716	-1366.1721
57	13	2226.5696	-1367.597
57	15	2349.6401	-1407.9567
58	1	2303.0886	-1383.9937
58	2	2311.6426	-1383.8207
58	3	2231.7917	-1338.6504
58	4	2310.401	-1387.7327
58	5	2288.7239	-1372.0836
58	6	2292.745	-1378.6499
58	7	2301.1553	-1378.253
58	9	2266.9597	-1383.6216
58	10	2322.296	-1393.893
58	11	2335.1428	-1400.609
58	12	2234.151	-1366.6492
58	13	2227.6287	-1368.1213
58	15	2349.031	-1407.6365
59	1	2302.9324	-1383.9153
59	2	2311.4275	-1383.728
59	3	2230.7102	-1338.2076
59	4	2310.4067	-1387.7344
59	5	2288.183	-1371.8003
59	6	2292.3774	-1378.4618
59	7	2300.789	-1378.0674
59	9	2268.002	-1384.1406
59	10	2321.8967	-1393.6897
59	11	2334.6843	-1400.367
59	12	2235.1772	-1367.2053
59	13	2228.6375	-1368.638
59	15	2348.408	-1407.3224
60	1	2302.7764	-1383.8336
60	2	2311.1348	-1383.5728
60	3	2229.6597	-1337.7706
60	4	2310.3958	-1387.7288
60	5	2287.622	-1371.5096
60	6	2291.9807	-1378.2738
60	7	2300.377	-1377.85
60	9	2269.0842	-1384.683
60	10	2321.5193	-1393.4866
60	11	2334.2295	-1400.1392
60	12	2236.1323	-1367.647
60	13	2229.7288	-1369.1981
60	15	2347.8223	-1406.9889
61	1	2302.5886	-1383.7345
61	2	2310.848	-1383.4342
61	3	2228.5664	-1337.3186
61	4	2310.3901	-1387.7253
61	5	2287.0417	-1371.2086
61	6	2291.5623	-1378.0642
61	7	2299.9788	-1377.6415
61	9	2270.1543	-1385.218
61	10	2321.1584	-1393.2998
61	11	2333.8123	-1399.9218
61	12	2237.1904	-1368.19
61	13	2230.6929	-1369.6914
61	15	2347.2053	-1406.6722
61	16	2212.2727	-1356.1534
62	1	2302.3884	-1383.6296
62	2	2310.5742	-1383.2855
62	3	2227.4553	-1336.8544
62	4	2310.383	-1387.7223
62	5	2286.443	-1370.8961
62	6	2291.128	-1377.8514
62	7	2299.5752	-1377.4285
62	9	2271.2532	-1385.7688
62	10	2320.8171	-1393.1223
62	11	2333.42	-1399.7133
62	12	2238.212	-1368.7179
62	13	2231.6248	-1370.1742
62	15	2346.6758	-1406.3846
62	16	2213.3599	-1356.7155
63	1	2302.1707	-1383.5193
63	2	2310.277	-1383.1434
63	3	2226.3374	-1336.3904
63	4	2310.3735	-1387.7201
63	5	2285.8247	-1370.5747
63	6	2290.6628	-1377.6208
63	7	2299.1355	-1377.2072
63	9	2272.351	-1386.3141
63	10	2320.4993	-1392.9587
63	11	2333.0344	-1399.5137
63	12	2239.2356	-1369.2301
63	13	2232.6865	-1370.7241
63	15	2346.1355	-1406.1171
63	16	2214.4487	-1357.2771
64	1	2301.9182	-1383.3931
64	2	2309.9321	-1382.9612
64	3	2225.2158	-1335.9253
64	4	2310.3662	-1387.7123
64	5	2285.187	-1370.2444
64	6	2290.1748	-1377.3812
64	7	2298.6624	-1376.9591
64	9	2273.4666	-1386.8707
64	10	2320.1943	-1392.8002
64	11	2332.668	-1399.3242
64	12	2240.2864	-1369.7494
64	13	2233.7463	-1371.274
64	15	2345.617	-1405.8374
64	16	2215.5537	-1357.8402
65	1	2301.648	-1383.2557
65	2	2309.6064	-1382.794
65	3	2224.0884	-1335.4514
65	4	2310.3523	-1387.703
65	5	2284.5308	-1369.9033
65	6	2289.6677	-1377.1332
65	7	2298.1797	-1376.7042
65	9	2274.5823	-1387.428
65	10	2319.8828	-1392.6434
65	11	2332.3086	-1399.1362
65	12	2241.3394	-1370.2677
65	13	2234.753	-1371.7759
65	15	2345.13	-1405.5828
65	16	2216.6318	-1358.3962
66	1	2301.3691	-1383.1107
66	2	2309.2715	-1382.6177
66	3	2222.9434	-1334.9674
66	4	2310.339	-1387.694
66	5	2283.8557	-1369.5525
66	6	2289.1533	-1376.8816
66	7	2297.6829	-1376.4427
66	9	2275.7139	-1387.9938
66	10	2319.597	-1392.4897
66	11	2331.9885	-1398.9707
66	12	2242.361	-1370.7709
66	13	2235.759	-1372.2936
66	15	2344.7053	-1405.3517
66	16	2217.6936	-1358.9396
67	1	2301.0427	-1382.9519
67	2	2308.9023	-1382.4336
67	3	2221.8245	-1334.4968
67	4	2310.3157	-1387.6782
67	5	2283.1624	-1369.1914
67	6	2288.6003	-1376.5995
67	7	2297.1829	-1376.1847
67	9	2276.8499	-1388.5546
67	10	2319.309	-1392.3378
67	11	2331.6401	-1398.7943
67	12	2243.4563	-1371.3142
67	13	2236.8445	-1372.8514
67	15	2344.217	-1405.0967
67	16	2218.783	-1359.5068
68	1	2300.729	-1382.788
68	2	2308.4849	-1382.2069
68	3	2220.6968	-1334.0216
68	4	2310.2993	-1387.6675
68	5	2282.4502	-1368.8207
68	6	2288.0413	-1376.328
68	7	2296.6582	-1375.9109
68	9	2277.9932	-1389.1395
68	10	2319.0803	-1392.2152
68	11	2331.3103	-1398.6257
68	12	2244.5144	-1371.8352
68	13	2237.8503	-1373.3651
68	15	2343.801	-1404.8862
68	16	2219.8906	-1360.0741
69	1	2300.3872	-1382.6156
69	2	2308.1187	-1382.0133
69	3	2219.5498	-1333.5398
69	4	2310.2737	-1387.6573
69	5	2281.7188	-1368.4413
69	6	2287.4524	-1376.0239
69	7	2296.0862	-1375.6108
69	9	2279.163	-1389.7311
69	10	2318.856	-1392.0809
69	11	2331.0261	-1398.4679
69	12	2245.6118	-1372.3832
69	13	2238.9133	-1373.9254
69	15	2343.3845	-1404.6827
69	16	2220.9102	-1360.5542
70	1	2300.0293	-1382.4376
70	2	2307.718	-1381.8074
70	3	2218.388	-1333.0438
70	4	2310.2441	-1387.6432
70	5	2280.9685	-1368.0524
70	6	2286.8564	-1375.7196
70	7	2295.5698	-1375.3429
70	9	2280.3523	-1390.3218
70	10	2318.6433	-1391.9664
70	11	2330.7378	-1398.3119
70	12	2246.6958	-1372.9237
70	13	2239.9749	-1374.4606
70	16	2222.0635	-1361.1387
71	1	2299.6362	-1382.2417
71	2	2307.3374	-1381.6335
71	3	2217.2493	-1332.5667
71	4	2310.1982	-1387.619
71	5	2280.2	-1367.6545
71	6	2286.2285	-1375.4052
71	7	2294.9763	-1375.0331
71	9	2281.5566	-1390.9292
71	10	2318.4326	-1391.8646
71	11	2330.4548	-1398.1675
71	12	2247.803	-1373.4812
71	13	2241.0242	-1374.9973
71	15	2342.6787	-1404.3271
71	16	2223.1177	-1361.6752
72	1	2299.2532	-1382.0494
72	2	2306.8438	-1381.3534
72	3	2216.0737	-1332.0613
72	4	2310.1384	-1387.5892
72	5	2279.4143	-1367.2435
72	6	2285.5994	-1375.0872
72	7	2294.3542	-1374.7094
72	9	2282.7788	-1391.5353
72	10	2318.2651	-1391.7715
72	11	2330.1797	-1398.0187
72	12	2248.8962	-1374.0254
72	13	2242.123	-1375.5496
72	16	2224.1887	-1362.2264
73	1	2298.8276	-1381.8381
73	2	2306.392	-1381.1134
73	3	2214.9062	-1331.5612
73	4	2310.0623	-1387.5502
73	5	2278.6084	-1366.8236
73	6	2284.9526	-1374.7598
73	7	2293.7437	-1374.3945
73	9	2283.9717	-1392.1434
73	10	2318.072	-1391.6692
73	11	2329.9043	-1397.8846
73	12	2249.9653	-1374.56
73	13	2243.21	-1376.1074
73	15	2341.9446	-1403.972
73	16	2225.273	-1362.7521
74	1	2298.4177	-1381.6337
74	2	2305.8801	-1380.8544
74	3	2213.7585	-1331.0671
74	4	2309.9783	-1387.5079
74	5	2277.7837	-1366.3937
74	6	2284.2725	-1374.4094
74	7	2293.124	-1374.0668
74	9	2285.2114	-1392.7631
74	10	2317.9358	-1391.59
74	11	2329.6487	-1397.7496
74	12	2251.0366	-1375.0933
74	13	2244.2717	-1376.6527
74	16	2226.3333	-1363.2998
75	1	2297.985	-1381.4133
75	2	2305.3833	-1380.6187
75	3	2212.5605	-1330.5449
75	4	2309.868	-1387.4535
75	5	2276.9397	-1365.9542
75	6	2283.572	-1374.0576
75	7	2292.431	-1373.7057
75	9	2286.4421	-1393.3855
75	10	2317.8188	-1391.506
75	11	2329.3848	-1397.5975
75	12	2252.1375	-1375.6458
75	13	2245.358	-1377.208
75	16	2227.4294	-1363.8424
76	1	2297.5396	-1381.197
76	2	2304.9067	-1380.3706
76	3	2211.3757	-1330.0315
76	4	2309.747	-1387.3878
76	5	2276.0803	-1365.5038
76	6	2282.8787	-1373.699
76	7	2291.764	-1373.358
76	9	2287.7065	-1394.0319
76	10	2317.6763	-1391.4312
76	11	2329.1514	-1397.4662
76	12	2253.2222	-1376.1897
76	13	2246.4062	-1377.7544
76	16	2228.4766	-1364.3906
76	17	2202.0947	-1350.5885
77	1	2297.0488	-1380.9594
77	2	2304.3813	-1380.0726
77	3	2210.1787	-1329.4846
77	4	2309.5972	-1387.3083
77	5	2275.2031	-1365.0446
77	6	2282.1567	-1373.3291
77	7	2291.0454	-1372.9861
77	9	2288.9548	-1394.6681
77	10	2317.546	-1391.358
77	11	2328.8977	-1397.3313
77	12	2254.3394	-1376.7555
77	13	2247.2139	-1378.1687
77	15	2340.5056	-1403.2603
77	16	2229.5588	-1364.9401
77	17	2203.3389	-1351.1759
78	1	2296.5708	-1380.7281
78	2	2303.7812	-1379.7618
78	3	2208.9756	-1328.9484
78	4	2309.4368	-1387.2245
78	5	2274.307	-1364.5759
78	6	2281.4146	-1372.949
78	7	2290.3325	-1372.6127
78	9	2290.2322	-1395.3217
78	10	2317.4421	-1391.2976
78	11	2328.6292	-1397.1833
78	12	2255.4226	-1377.2972
78	13	2248.1458	-1378.6338
78	16	2230.6335	-1365.4808
78	17	2204.6292	-1351.8129
79	1	2296.088	-1380.4857
79	2	2303.0837	-1379.4032
79	3	2207.753	-1328.3889
79	4	2309.2532	-1387.1267
79	5	2273.3916	-1364.0981
79	6	2280.6665	-1372.5686
79	7	2289.5605	-1372.2112
79	9	2291.5288	-1395.9963
79	10	2317.304	-1391.2278
79	11	2328.3901	-1397.0479
79	12	2256.531	-1377.8591
79	13	2249.1875	-1379.1794
79	15	2339.8542	-1402.8787
79	16	2231.7317	-1366.0383
79	17	2205.9595	-1352.4813
80	1	2295.578	-1380.2361
80	2	2302.4136	-1379.054
80	3	2206.5312	-1327.82
80	4	2309.0469	-1387.0146
80	5	2272.4604	-1363.6084
80	6	2279.8743	-1372.1526
80	7	2288.8142	-1371.8223
80	9	2292.8237	-1396.646
80	10	2317.1833	-1391.1631
80	11	2328.1733	-1396.9116
80	12	2257.6482	-1378.4209
80	13	2250.2551	-1379.7214
80	16	2232.8303	-1366.5646
80	17	2207.2195	-1353.1078
81	1	2295.0461	-1379.971
81	2	2301.8118	-1378.7603
81	3	2205.3174	-1327.2606
81	4	2308.8013	-1386.8882
81	5	2271.5105	-1363.112
81	6	2279.0833	-1371.7513
81	7	2288.0308	-1371.418
81	9	2294.1807	-1397.3403
81	10	2317.085	-1391.099
81	11	2327.9094	-1396.7583
81	12	2258.7097	-1378.9609
81	13	2251.298	-1380.253
81	16	2233.9268	-1367.1162
81	17	2208.4775	-1353.735
82	1	2294.519	-1379.711
82	2	2301.06	-1378.365
82	3	2204.0703	-1326.6646
82	4	2308.5254	-1386.7444
82	5	2270.5417	-1362.6051
82	6	2278.2847	-1371.3302
82	7	2287.223	-1371.0018
82	9	2295.461	-1397.9886
82	10	2316.9792	-1391.0448
82	11	2327.6824	-1396.6447
82	12	2259.8315	-1379.5446
82	13	2252.4004	-1380.8138
82	16	2235.0183	-1367.6616
82	17	2209.751	-1354.3817
83	1	2293.9397	-1379.4331
83	2	2300.4658	-1378.0579
83	3	2202.7937	-1326.0792
83	4	2308.2463	-1386.601
83	5	2269.557	-1362.0891
83	6	2277.458	-1370.9005
83	7	2286.3604	-1370.5562
83	9	2296.7905	-1398.6686
83	10	2316.8438	-1390.9581
83	11	2327.4854	-1396.4968
83	12	2260.956	-1380.127
83	13	2253.4587	-1381.3407
83	16	2236.1284	-1368.212
83	17	2211.0435	-1355.0343
84	1	2293.3796	-1379.1522
84	2	2299.6194	-1377.6002
84	3	2201.5398	-1325.4985
84	4	2307.957	-1386.4507
84	5	2268.5544	-1361.5653
84	6	2276.6238	-1370.4675
84	7	2285.5027	-1370.1146
84	9	2298.0984	-1399.3229
84	10	2316.7334	-1390.9171
84	11	2327.2246	-1396.3964
84	12	2262.0876	-1380.7178
84	13	2254.5862	-1381.9115
84	16	2237.2065	-1368.7427
84	17	2212.2947	-1355.6517
85	1	2292.776	-1378.8617
85	2	2299.0452	-1377.3013
85	3	2200.2827	-1324.9321
85	4	2307.6433	-1386.2891
85	5	2267.5369	-1361.0331
85	6	2275.7646	-1370.0181
85	7	2284.6448	-1369.67
85	9	2299.45	-1400.0387
85	10	2316.624	-1390.8593
85	11	2327.0027	-1396.2617
85	12	2263.2273	-1381.3077
85	13	2255.6846	-1382.4927
85	16	2238.3184	-1369.3123
85	17	2213.5889	-1356.297
86	1	2292.1685	-1378.5651
86	2	2298.3086	-1376.9203
86	3	2199.0063	-1324.3329
86	4	2307.3003	-1386.1135
86	5	2266.5017	-1360.4926
86	6	2274.898	-1369.562
86	7	2283.7454	-1369.2113
86	9	2300.795	-1400.746
86	10	2316.494	-1390.7823
86	11	2326.8167	-1396.1793
86	12	2264.3743	-1381.9067
86	13	2256.7646	-1383.0372
86	16	2239.397	-1369.8499
86	17	2214.8604	-1356.9355
86	18	2192.6055	-1349.5885
87	1	2291.533	-1378.2589
87	2	2297.5159	-1376.4911
87	3	2197.7383	-1323.763
87	4	2306.933	-1385.9227
87	5	2265.4495	-1359.9425
87	6	2274.0044	-1369.0974
87	7	2282.8213	-1368.7367
87	9	2302.2107	-1401.4576
87	10	2316.3445	-1390.7051
87	11	2326.6304	-1396.0676
87	12	2265.538	-1382.5138
87	13	2257.8079	-1383.5778
87	16	2240.5166	-1370.4045
87	17	2216.09	-1357.5491
87	18	2194.243	-1350.3296
88	1	2290.8618	-1377.9379
88	2	2296.7869	-1376.1097
88	3	2196.4895	-1323.1613
88	4	2306.5447	-1385.7217
88	5	2264.3777	-1359.385
88	6	2273.1003	-1368.6277
88	7	2281.857	-1368.2479
88	9	2303.5261	-1402.1172
88	10	2316.149	-1390.5756
88	11	2326.3843	-1395.9524
88	12	2266.7148	-1383.1205
88	13	2258.8577	-1384.1096
88	16	2241.611	-1370.9603
88	17	2217.3613	-1358.1765
88	18	2195.9253	-1351.1588
89	1	2290.1995	-1377.609
89	2	2296.1187	-1375.7476
89	3	2195.2083	-1322.5472
89	4	2306.1438	-1385.5094
89	5	2263.2886	-1358.8177
89	6	2272.1765	-1368.1461
89	7	2280.8894	-1367.7472
89	9	2304.9097	-1402.8383
89	10	2315.9673	-1390.5109
89	11	2326.1853	-1395.8064
89	12	2267.8887	-1383.7278
89	13	2259.9253	-1384.6736
89	16	2242.7148	-1371.5093
89	17	2218.6155	-1358.8041
89	18	2197.5554	-1352.0154
90	1	2289.5078	-1377.2761
90	2	2295.3225	-1375.3184
90	4	2305.7437	-1385.3024
90	5	2262.1833	-1358.24
90	6	2271.2517	-1367.6617
90	7	2279.9404	-1367.2689
90	9	2306.3728	-1403.6277
90	10	2315.8171	-1390.4431
90	11	2326.0361	-1395.7366
90	12	2269.1038	-1384.3523
90	13	2261.019	-1385.2345
90	16	2243.814	-1372.0653
90	17	2219.9255	-1359.4476
90	18	2199.145	-1352.783
