0	1	-34.73486	1656.7885
0	2	-31.746521	1703.4388
0	3	-30.390766	1653.616
0	5	-34.79318	1670.0773
0	6	-31.414091	1682.0265
0	7	-50.680435	1681.4879
0	8	-35.398434	1689.3007
0	9	-54.924133	1702.9303
0	10	-34.414993	1646.3892
0	11	-51.76864	1724.2632
0	12	-55.460308	1726.6018
0	13	-50.160686	1656.093
0	14	-54.426655	1655.0175
0	15	-31.86739	1717.8954
0	16	-35.999905	1721.4042
0	19	-53.28588	1631.3416
0	37	-35.5625	1700.3325
1	1	-34.744057	1657.3132
1	2	-31.76029	1704.1819
1	3	-30.400484	1654.3926
1	5	-34.80543	1670.726
1	6	-31.42833	1682.8094
1	7	-50.671165	1679.7406
1	8	-35.413704	1690.1276
1	9	-54.90392	1701.2145
1	10	-34.42067	1646.7439
1	11	-51.776443	1722.5962
1	12	-55.45126	1724.9957
1	13	-50.13166	1654.363
1	14	-54.392838	1653.1239
1	15	-31.883331	1718.5624
1	16	-36.007763	1722.3607
1	18	-32.03425	1733.8633
1	19	-53.23722	1629.4359
1	37	-35.59424	1701.2263
2	1	-34.755627	1657.8607
2	2	-31.78193	1704.9373
2	3	-30.40787	1655.1868
2	5	-34.818813	1671.3901
2	6	-31.446098	1683.6039
2	7	-50.62632	1677.9618
2	8	-35.433643	1690.9508
2	9	-54.87902	1699.5342
2	10	-34.425224	1647.1204
2	11	-51.71977	1720.9746
2	12	-55.440918	1723.4231
2	13	-50.093563	1652.6395
2	14	-54.35267	1651.2294
2	15	-31.885681	1719.2488
2	16	-36.014275	1723.3423
2	18	-32.04627	1734.5703
2	19	-53.204437	1627.4971
2	37	-35.639893	1702.1
3	1	-34.765087	1658.418
3	2	-31.792318	1705.673
3	3	-30.421968	1655.9896
3	4	-51.94998	1746.5626
3	5	-34.832203	1672.0697
3	6	-31.463282	1684.4078
3	7	-50.584087	1676.2117
3	8	-35.451992	1691.7819
3	9	-54.859966	1697.8534
3	10	-34.43562	1647.5149
3	11	-51.704586	1719.4628
3	12	-55.400295	1721.806
3	13	-50.073166	1650.8833
3	14	-54.3241	1649.3025
3	15	-31.90142	1719.9844
3	16	-36.0316	1724.3163
3	17	-56.144413	1745.7753
3	18	-32.14259	1735.1978
3	19	-53.134434	1625.6857
4	1	-34.77622	1659.0024
4	2	-31.809269	1706.4209
4	3	-30.43329	1656.7924
4	4	-51.913708	1745.0438
4	5	-34.847435	1672.7659
4	6	-31.484594	1685.2305
4	7	-50.56138	1674.4874
4	8	-35.47272	1692.6317
4	9	-54.834938	1696.1243
4	10	-34.449024	1647.9498
4	11	-51.685734	1717.8535
4	12	-55.368015	1720.2134
4	13	-50.03771	1649.178
4	14	-54.291187	1647.4585
4	15	-31.910978	1720.648
4	16	-36.036087	1725.2976
4	17	-56.162136	1744.265
4	18	-32.05986	1735.8619
4	19	-53.146267	1623.7424
5	1	-34.792698	1659.6002
5	2	-31.823397	1707.1752
5	3	-30.439978	1657.6213
5	4	-51.84786	1743.49
5	5	-34.8615	1673.4786
5	6	-31.496572	1686.0504
5	7	-50.51992	1672.7415
5	8	-35.50036	1693.4862
5	9	-54.82209	1694.4491
5	10	-34.459198	1648.3898
5	11	-51.649086	1716.2411
5	12	-55.344193	1718.5901
5	13	-50.00822	1647.4386
5	14	-54.244316	1645.5422
5	15	-31.920225	1721.351
5	16	-36.04964	1726.2959
5	17	-56.113956	1742.7186
5	18	-32.051838	1736.5936
5	19	-53.0817	1621.7432
5	37	-35.69891	1704.7961
6	1	-34.800404	1660.2102
6	2	-31.836147	1707.9264
6	3	-30.451996	1658.4447
6	4	-51.8198	1741.8344
6	5	-34.875942	1674.2069
6	6	-31.51535	1686.8785
6	7	-50.491447	1671.0361
6	8	-35.52212	1694.3566
6	9	-54.805687	1692.7456
6	10	-34.46224	1648.8328
6	11	-51.612762	1714.5898
6	12	-55.300476	1716.9794
6	13	-49.97194	1645.7123
6	14	-54.207203	1643.5883
6	15	-31.92408	1722.0431
6	16	-36.059116	1727.2987
6	17	-56.109806	1741.1168
6	18	-32.079502	1737.2957
6	19	-53.05722	1619.8237
6	37	-35.733776	1705.7157
7	1	-34.812553	1660.8478
7	2	-31.849585	1708.6602
7	3	-30.454596	1659.276
7	4	-51.813587	1740.3176
7	5	-34.890953	1674.9503
7	6	-31.527182	1687.7197
7	7	-50.459015	1669.3055
7	8	-35.54589	1695.2489
7	9	-54.792866	1691.0391
7	10	-34.472866	1649.2861
7	11	-51.582348	1712.9575
7	12	-55.28282	1715.3287
7	13	-49.9293	1643.9535
7	14	-54.168533	1641.6819
7	15	-31.93952	1722.7384
7	16	-36.074944	1728.3077
7	17	-56.09595	1739.554
7	18	-32.11191	1738.0126
7	19	-53.027645	1617.9054
8	1	-34.82502	1661.5011
8	2	-31.858656	1709.3876
8	3	-30.469215	1660.1364
8	4	-51.771206	1738.7686
8	5	-34.90758	1675.7064
8	6	-31.542141	1688.5575
8	7	-50.452255	1667.5256
8	8	-35.568375	1696.126
8	9	-54.778076	1689.3398
8	10	-34.484344	1649.7742
8	11	-51.539677	1711.3135
8	12	-55.2606	1713.7417
8	13	-49.89544	1642.2081
8	14	-54.124027	1639.8175
8	15	-31.944944	1723.4229
8	16	-36.091057	1729.3402
8	17	-56.08271	1737.9955
8	18	-32.11615	1738.6969
8	19	-52.994072	1615.9551
9	1	-34.834496	1662.165
9	2	-31.873209	1710.134
9	3	-30.476461	1660.9912
9	4	-51.746574	1737.2222
9	5	-34.92251	1676.4768
9	6	-31.5535	1689.4258
9	7	-50.424473	1665.7557
9	8	-35.59076	1697.004
9	9	-54.748913	1687.6053
9	10	-34.495083	1650.2955
9	11	-51.487785	1709.6887
9	12	-55.21377	1712.0829
9	13	-49.859276	1640.4697
9	14	-54.074894	1637.8716
9	15	-31.956417	1724.0785
9	16	-36.096394	1730.3744
9	17	-56.020325	1736.4702
9	18	-32.153683	1739.356
9	19	-52.973892	1614.0657
10	1	-34.843777	1662.858
10	2	-31.884981	1710.873
10	3	-30.485561	1661.8512
10	4	-51.69966	1735.6547
10	5	-34.93854	1677.2607
10	6	-31.568668	1690.2887
10	7	-50.387558	1664.0039
10	8	-35.611492	1697.9075
10	9	-54.722477	1685.9071
10	10	-34.503613	1650.7811
10	11	-51.43879	1708.0021
10	12	-55.197968	1710.4728
10	13	-49.805733	1638.8035
10	14	-54.03391	1635.9541
10	15	-31.968475	1724.7865
10	16	-36.107506	1731.4141
10	17	-55.995358	1734.9476
10	18	-32.180523	1740.0205
10	19	-52.921753	1612.1106
11	1	-34.8513	1663.5555
11	2	-31.894096	1711.6029
11	3	-30.494234	1662.7288
11	4	-51.681824	1734.1056
11	5	-34.955265	1678.0563
11	6	-31.58034	1691.1476
11	7	-50.35754	1662.2114
11	8	-35.629597	1698.8121
11	9	-54.67374	1684.1229
11	10	-34.512085	1651.2815
11	11	-51.369137	1706.4
11	12	-55.18963	1708.8601
11	13	-49.77952	1637.0398
11	14	-54.014446	1634.0327
11	15	-31.98029	1725.456
11	16	-36.113018	1732.4591
11	17	-55.965515	1733.4036
11	18	-32.20109	1740.7388
11	19	-52.855797	1610.2036
11	37	-35.98523	1710.319
12	1	-34.86423	1664.2872
12	2	-31.912876	1712.3317
12	3	-30.50156	1663.6049
12	4	-51.659576	1732.5559
12	5	-34.97233	1678.8636
12	6	-31.592749	1692.0061
12	7	-50.314804	1660.4332
12	8	-35.652885	1699.723
12	9	-54.643345	1682.4641
12	10	-34.520638	1651.819
12	11	-51.359665	1704.7278
12	12	-55.146717	1707.2191
12	13	-49.731964	1635.2856
12	14	-53.980377	1632.0984
12	15	-31.992216	1726.1174
12	16	-36.129337	1733.5106
12	17	-55.94218	1731.87
12	18	-32.198147	1741.3065
12	19	-52.801884	1608.3003
12	37	-36.101585	1711.2528
13	1	-34.874264	1665.0242
13	2	-31.926416	1713.0422
13	3	-30.51008	1664.4863
13	4	-51.650272	1730.9769
13	5	-34.98886	1679.6826
13	6	-31.606367	1692.8948
13	7	-50.274277	1658.671
13	8	-35.67537	1700.6406
13	9	-54.624737	1680.741
13	10	-34.5314	1652.3342
13	11	-51.291668	1703.0859
13	12	-55.146366	1705.6022
13	13	-49.687515	1633.5292
13	14	-53.950645	1630.1674
13	15	-32.00848	1726.7933
13	16	-36.15386	1734.5696
13	17	-55.936207	1730.3408
13	18	-32.19569	1742.0612
13	19	-52.726635	1606.3978
14	1	-34.88306	1665.7814
14	2	-31.93891	1713.7523
14	3	-30.519613	1665.3763
14	4	-51.65651	1729.4182
14	5	-35.006657	1680.5128
14	6	-31.613924	1693.7887
14	7	-50.244503	1656.8564
14	8	-35.694447	1701.559
14	9	-54.570053	1679.0126
14	10	-34.545166	1652.9313
14	11	-51.243645	1701.427
14	12	-55.11897	1703.9911
14	13	-49.670555	1631.7445
14	14	-53.89427	1628.2574
14	15	-32.015705	1727.4558
14	16	-36.15658	1735.645
14	17	-55.923737	1728.8446
14	18	-32.21939	1742.7466
14	23	-52.292908	1753.4313
15	1	-34.901974	1666.5361
15	2	-31.959171	1714.4899
15	3	-30.52693	1666.2911
15	4	-51.60871	1727.8219
15	5	-35.024784	1681.3542
15	6	-31.626978	1694.6809
15	7	-50.180428	1655.0905
15	8	-35.715004	1702.4785
15	9	-54.56494	1677.2646
15	10	-34.55742	1653.5029
15	11	-51.192635	1699.7649
15	12	-55.041534	1702.345
15	13	-49.63631	1630.0276
15	14	-53.84769	1626.3164
15	15	-32.034176	1728.1301
15	16	-36.1724	1736.7454
15	17	-55.901894	1727.2885
15	18	-32.277687	1743.4248
15	23	-52.2354	1751.8099
16	1	-34.914154	1667.3011
16	2	-31.968204	1715.2255
16	3	-30.535719	1667.2114
16	4	-51.575085	1726.2922
16	5	-35.04273	1682.2065
16	6	-31.634085	1695.5748
16	7	-50.168625	1653.2678
16	8	-35.738407	1703.4125
16	9	-54.54539	1675.5405
16	10	-34.571068	1654.1294
16	11	-51.142387	1698.1058
16	13	-49.594585	1628.243
16	14	-53.808277	1624.3837
16	15	-32.051502	1728.8168
16	16	-36.18877	1737.8427
16	17	-55.886066	1725.7611
16	18	-32.313145	1744.085
16	23	-52.23664	1750.0828
17	1	-34.921642	1668.0684
17	2	-31.981707	1715.9435
17	3	-30.54546	1668.1223
17	4	-51.542084	1724.6947
17	5	-35.06133	1683.07
17	6	-31.643795	1696.4838
17	7	-50.112938	1651.4564
17	8	-35.754898	1704.3793
17	9	-54.534092	1673.8118
17	10	-34.579964	1654.7579
17	11	-51.089893	1696.4396
17	13	-49.54746	1626.5162
17	14	-53.761356	1622.441
17	15	-32.060738	1729.4775
17	16	-36.21242	1738.9517
17	17	-55.854706	1724.2
17	18	-32.220985	1744.7866
17	23	-52.209236	1748.3535
18	1	-34.931828	1668.8469
18	2	-31.988941	1716.6449
18	3	-30.553171	1669.0692
18	4	-51.51933	1723.123
18	5	-35.08026	1683.9446
18	6	-31.65091	1697.3768
18	7	-50.072525	1649.6157
18	8	-35.775436	1705.3535
18	9	-54.514328	1672.0485
18	10	-34.587315	1655.4075
18	11	-51.038506	1694.7656
18	13	-49.505985	1624.6929
18	14	-53.72177	1620.5103
18	15	-32.073074	1730.1602
18	16	-36.2251	1740.066
18	17	-55.83629	1722.6726
18	18	-32.254566	1745.3511
18	20	-29.723259	1607.8177
18	23	-52.177624	1746.669
19	1	-34.942688	1669.6582
19	2	-31.99726	1717.3705
19	3	-30.56563	1670.0062
19	4	-51.487858	1721.5125
19	5	-35.09837	1684.8295
19	6	-31.660254	1698.2859
19	7	-50.024105	1647.7716
19	8	-35.797222	1706.3207
19	9	-54.495087	1670.2415
19	10	-34.59768	1656.0814
19	11	-50.9827	1693.0942
19	12	-54.922386	1695.6414
19	13	-49.482662	1622.952
19	14	-53.67157	1618.5774
19	15	-32.090286	1730.8398
19	16	-36.234005	1741.1969
19	17	-55.80946	1721.1185
19	18	-32.277214	1746.0334
19	20	-29.70686	1609.4943
19	23	-52.15761	1744.9487
20	1	-34.955074	1670.4785
20	2	-32.008965	1718.0807
20	3	-30.573416	1670.9443
20	4	-51.461887	1719.912
20	5	-35.116932	1685.7249
20	6	-31.66821	1699.1945
20	7	-49.989292	1645.9554
20	8	-35.81738	1707.3041
20	9	-54.44152	1668.4445
20	10	-34.607754	1656.7683
20	11	-50.933083	1691.4406
20	12	-54.8893	1694.0293
20	13	-49.443596	1621.2312
20	14	-53.629276	1616.608
20	15	-32.10365	1731.498
20	16	-36.243885	1742.3427
20	17	-55.79539	1719.5923
20	18	-32.285122	1746.6769
20	20	-29.705122	1611.1068
20	23	-52.128708	1743.2733
21	1	-34.966965	1671.331
21	2	-32.024967	1718.8035
21	3	-30.585064	1671.8895
21	4	-51.42484	1718.3239
21	5	-35.136806	1686.6318
21	6	-31.677378	1700.0928
21	7	-49.948643	1644.1256
21	8	-35.83871	1708.3165
21	9	-54.452106	1666.6559
21	10	-34.61785	1657.4738
21	11	-50.883987	1689.7537
21	12	-54.890602	1692.6472
21	13	-49.415028	1619.4678
21	14	-53.610813	1614.6521
21	15	-32.11308	1732.1313
21	16	-36.248978	1743.4724
21	17	-55.77878	1718.0472
21	18	-32.303226	1747.3394
21	20	-29.713713	1612.7861
21	23	-52.09432	1741.5292
22	1	-34.98236	1672.1765
22	2	-32.040398	1719.5299
22	3	-30.598427	1672.8551
22	4	-51.39622	1716.765
22	5	-35.15642	1687.5496
22	6	-31.685997	1700.9987
22	7	-49.893158	1642.3246
22	8	-35.85653	1709.3231
22	9	-54.40755	1664.811
22	10	-34.630394	1658.2161
22	11	-50.840805	1688.1018
22	12	-54.864204	1690.9838
22	13	-49.393085	1617.7213
22	14	-53.57423	1612.6332
22	15	-32.130455	1732.7666
22	16	-36.26729	1744.6274
22	17	-55.735893	1716.5201
22	18	-32.31594	1747.966
22	20	-29.73023	1614.4147
22	23	-52.060215	1739.8168
23	1	-34.99584	1673.0695
23	2	-32.050762	1720.254
23	3	-30.609293	1673.832
23	4	-51.35943	1715.1063
23	5	-35.1772	1688.4777
23	6	-31.702036	1701.9048
23	7	-49.86699	1640.4792
23	8	-35.874763	1710.3531
23	9	-54.40678	1663.0403
23	10	-34.645725	1658.9653
23	11	-50.80561	1686.4534
23	12	-54.84171	1689.411
23	13	-49.36464	1615.9333
23	15	-32.13477	1733.4327
23	16	-36.28363	1745.7921
23	17	-55.705883	1714.9512
23	18	-32.341198	1748.6464
23	20	-29.746256	1616.0659
23	23	-52.01586	1738.1013
24	1	-35.008224	1673.983
24	2	-32.066216	1720.9979
24	3	-30.621695	1674.8163
24	4	-51.32469	1713.4976
24	5	-35.19882	1689.4174
24	6	-31.71135	1702.8124
24	7	-49.807926	1638.7311
24	8	-35.894276	1711.393
24	9	-54.369953	1661.2131
24	10	-34.659927	1659.7661
24	11	-50.775307	1684.7504
24	12	-54.84742	1687.8599
24	13	-49.298985	1614.1499
24	15	-32.149986	1734.0975
24	16	-36.29955	1746.9753
24	17	-55.6813	1713.378
24	18	-32.33092	1749.228
24	20	-29.767595	1617.6923
24	23	-51.950954	1736.368
25	1	-35.024265	1674.888
25	2	-32.07744	1721.6919
25	3	-30.633587	1675.7941
25	4	-51.29533	1711.8885
25	5	-35.219044	1690.3683
25	6	-31.723896	1703.7115
25	7	-49.781174	1636.8633
25	8	-35.910213	1712.4536
25	9	-54.351814	1659.371
25	10	-34.668697	1660.54
25	11	-50.747555	1683.07
25	12	-54.791595	1686.2758
25	15	-32.1691	1734.7594
25	16	-36.321938	1748.1569
25	17	-55.65498	1711.7897
25	18	-32.342777	1749.939
25	20	-29.783499	1619.3947
25	21	-32.885475	1767.5533
25	23	-51.90748	1734.6472
26	1	-35.039764	1675.8126
26	2	-32.085426	1722.4371
26	3	-30.645811	1676.7764
26	4	-51.285	1710.3337
26	5	-35.24034	1691.3312
26	6	-31.73086	1704.6221
26	7	-49.759014	1635.0729
26	8	-35.92944	1713.503
26	9	-54.30987	1657.5417
26	10	-34.6803	1661.3385
26	11	-50.68415	1681.4197
26	12	-54.772564	1684.6332
26	15	-32.175274	1735.3693
26	16	-36.348553	1749.3416
26	17	-55.62524	1710.236
26	18	-32.356937	1750.5511
26	20	-29.815693	1620.9946
26	21	-32.71873	1768.3507
26	23	-51.904102	1732.9685
27	1	-35.059616	1676.7555
27	2	-32.099804	1723.1538
27	3	-30.659466	1677.7804
27	4	-51.24905	1708.7296
27	5	-35.262157	1692.3059
27	6	-31.740873	1705.5253
27	7	-49.70946	1633.2349
27	8	-35.94649	1714.5835
27	9	-54.26867	1655.6907
27	10	-34.69767	1662.157
27	11	-50.653343	1679.7117
27	12	-54.75229	1682.9567
27	15	-32.190945	1735.9983
27	16	-36.376934	1750.5417
27	17	-55.586052	1708.6918
27	18	-32.359905	1751.121
27	20	-29.845297	1622.6743
27	21	-32.786396	1769.1544
27	23	-51.862	1731.2186
28	1	-35.08211	1677.676
28	2	-32.112103	1723.8823
28	3	-30.673914	1678.8043
28	4	-51.21592	1707.1246
28	5	-35.284065	1693.2933
28	6	-31.753983	1706.4387
28	7	-49.6919	1631.4491
28	8	-35.96409	1715.664
28	9	-54.22004	1653.752
28	10	-34.714737	1662.9868
28	11	-50.625984	1678.0015
28	12	-54.71926	1681.2273
28	15	-32.204514	1736.6528
28	16	-36.390156	1751.7687
28	17	-55.555676	1707.1163
28	18	-32.361942	1751.7627
28	20	-29.892048	1624.245
28	21	-32.851357	1769.9285
28	23	-51.80026	1729.5413
28	24	-52.500504	1767.6498
29	1	-35.11315	1678.6223
29	2	-32.118153	1724.5916
29	3	-30.687557	1679.803
29	4	-51.17871	1705.5416
29	5	-35.307816	1694.294
29	6	-31.764065	1707.3297
29	7	-49.6447	1629.5737
29	8	-35.98388	1716.7511
29	9	-54.210384	1651.9768
29	10	-34.731552	1663.8224
29	11	-50.590206	1676.3083
29	12	-54.703957	1679.5546
29	15	-32.21834	1737.2887
29	16	-36.40336	1752.9783
29	17	-55.52721	1705.5369
29	18	-32.36788	1752.3549
29	20	-29.91276	1625.7533
29	21	-32.84373	1770.695
29	23	-51.75127	1727.8197
29	24	-52.378246	1766.2556
30	1	-35.15318	1679.5638
30	2	-32.128326	1725.3087
30	3	-30.701628	1680.8223
30	4	-51.127262	1703.9366
30	5	-35.331738	1695.3092
30	6	-31.778679	1708.2407
30	7	-49.61955	1627.7316
30	8	-36.005337	1717.8208
30	9	-54.189354	1650.0941
30	10	-34.743702	1664.6539
30	11	-50.549335	1674.5859
30	12	-54.675266	1677.8748
30	15	-32.231937	1737.8989
30	16	-36.41802	1754.181
30	17	-55.503098	1703.9445
30	18	-32.377228	1752.9259
30	20	-29.950348	1627.2039
30	21	-32.866375	1771.5316
30	23	-51.72892	1726.0999
30	24	-52.35545	1764.7053
31	1	-35.193836	1680.5359
31	2	-32.13495	1726.0184
31	3	-30.714624	1681.8439
31	4	-51.092415	1702.322
31	5	-35.356884	1696.3407
31	6	-31.790327	1709.1467
31	7	-49.5948	1625.9039
31	8	-36.01989	1718.8969
31	9	-54.157944	1648.2008
31	10	-34.756912	1665.5095
31	11	-50.50864	1672.8307
31	12	-54.659534	1676.1719
31	15	-32.2448	1738.5349
31	16	-36.436703	1755.3896
31	17	-55.43814	1702.3427
31	18	-32.37892	1753.5277
31	20	-29.985847	1628.4114
31	21	-32.889923	1772.3257
31	23	-51.676613	1724.4404
31	24	-52.333675	1763.1873
32	1	-35.23948	1681.5144
32	2	-32.153423	1726.7284
32	3	-30.726965	1682.8807
32	4	-51.0449	1700.7081
32	5	-35.383305	1697.3888
32	6	-31.799376	1710.0414
32	7	-49.53515	1624.0938
32	8	-36.041283	1719.9778
32	9	-54.125996	1646.2836
32	10	-34.77127	1666.4257
32	11	-50.471703	1671.0881
32	12	-54.635906	1674.4491
32	15	-32.24798	1739.1587
32	16	-36.454227	1756.6294
32	17	-55.414318	1700.7635
32	18	-32.394684	1754.2267
32	20	-30.010857	1629.929
32	21	-32.856426	1773.1489
32	23	-51.65311	1722.6593
32	24	-52.33375	1761.73
33	1	-35.296715	1682.5388
33	2	-32.162804	1727.4576
33	3	-30.741499	1683.9266
33	4	-51.000893	1699.138
33	5	-35.40924	1698.4532
33	6	-31.81301	1710.9479
33	7	-49.51889	1622.2448
33	8	-36.061855	1721.09
33	9	-54.081284	1644.3928
33	10	-34.790596	1667.3073
33	11	-50.43543	1669.3416
33	12	-54.612236	1672.7407
33	15	-32.262695	1739.7913
33	16	-36.48441	1757.8738
33	17	-55.38945	1699.2166
33	18	-32.39301	1754.8376
33	20	-30.016018	1632.4008
33	21	-32.835392	1773.892
33	23	-51.58248	1721.0104
33	24	-52.293686	1760.1876
34	1	-35.35931	1683.5438
34	2	-32.172226	1728.1687
34	3	-30.757133	1684.9797
34	4	-50.97043	1697.5585
34	5	-35.437027	1699.5327
34	6	-31.825348	1711.8407
34	8	-36.075035	1722.182
34	9	-54.060287	1642.4783
34	10	-34.815475	1668.1595
34	11	-50.399185	1667.5703
34	12	-54.587067	1671.0265
34	15	-32.27663	1740.4153
34	16	-36.515	1759.1417
34	17	-55.3462	1697.7332
34	18	-32.39735	1755.5416
34	20	-30.07236	1634.2225
34	21	-32.807804	1774.7273
34	23	-51.534603	1719.2881
34	24	-52.265545	1758.656
35	1	-35.430305	1684.5702
35	2	-32.184826	1728.8472
35	3	-30.775036	1686.0222
35	4	-50.937893	1695.9596
35	5	-35.46481	1700.6289
35	6	-31.833921	1712.7474
35	8	-36.09939	1723.2948
35	9	-54.027912	1640.6512
35	10	-34.827374	1669.0521
35	11	-50.365826	1665.7537
35	12	-54.562477	1669.3092
35	15	-32.278816	1741.0244
35	16	-36.541183	1760.3625
35	17	-55.312378	1696.2032
35	18	-32.403942	1756.1339
35	20	-30.096712	1635.8716
35	21	-32.816593	1775.5676
35	23	-51.482113	1717.6016
35	24	-52.23094	1757.1377
36	1	-35.510384	1685.5787
36	2	-32.196278	1729.5306
36	3	-30.791735	1687.0875
36	4	-50.920315	1694.3787
36	5	-35.49299	1701.7401
36	6	-31.846262	1713.6428
36	8	-36.124207	1724.3987
36	9	-54.009235	1638.7223
36	10	-34.843193	1669.9572
36	11	-50.320087	1663.9794
36	12	-54.530525	1667.57
36	15	-32.289818	1741.6909
36	16	-36.568462	1761.6107
36	17	-55.280132	1694.6647
36	18	-32.424847	1756.7654
36	20	-30.127995	1637.5632
36	21	-32.82666	1776.4487
36	22	-52.941326	1774.177
36	23	-51.4232	1715.8658
36	24	-52.180832	1755.584
37	1	-35.59894	1686.6229
37	2	-32.206924	1730.202
37	3	-30.805603	1688.154
37	4	-50.886147	1692.7032
37	5	-35.522396	1702.8672
37	6	-31.86013	1714.543
37	8	-36.14298	1725.5175
37	9	-53.97973	1636.7883
37	10	-34.856846	1670.8958
37	11	-50.28398	1662.1685
37	12	-54.498287	1665.7943
37	15	-32.30757	1742.2814
37	16	-36.595623	1762.882
37	17	-55.23855	1693.0714
37	18	-32.473816	1757.3337
37	20	-30.154278	1639.223
37	21	-32.827274	1777.3206
37	22	-52.925533	1772.7999
37	23	-51.371334	1714.1787
37	24	-52.14093	1754.0149
38	1	-35.68725	1687.666
38	2	-32.21526	1730.8806
38	3	-30.822533	1689.2151
38	4	-50.869835	1691.0872
38	5	-35.549847	1704.0079
38	6	-31.870802	1715.4442
38	8	-36.158466	1726.666
38	9	-53.914448	1634.8263
38	10	-34.869736	1671.8422
38	11	-50.249172	1660.3591
38	12	-54.454845	1663.9861
38	15	-32.31473	1742.9084
38	16	-36.628487	1764.1664
38	17	-55.20047	1691.5029
38	18	-32.47658	1757.9277
38	20	-30.18517	1640.884
38	21	-32.840202	1778.2275
38	22	-52.892178	1771.3022
38	23	-51.318745	1712.4832
38	24	-52.100643	1752.4171
39	1	-35.785973	1688.7118
39	2	-32.22362	1731.5449
39	3	-30.837759	1690.2839
39	4	-50.838852	1689.4246
39	5	-35.57868	1705.1621
39	6	-31.881918	1716.3236
39	8	-36.181896	1727.8386
39	9	-53.972305	1632.9534
39	10	-34.889866	1672.7898
39	11	-50.208282	1658.5934
39	12	-54.400284	1662.3068
39	15	-32.32486	1743.5188
39	16	-36.65023	1765.4496
39	17	-55.15938	1689.9465
39	18	-32.50268	1758.5739
39	20	-30.20639	1642.5062
39	21	-32.851955	1779.1295
39	22	-52.875763	1769.8137
39	23	-51.27326	1710.8181
39	24	-52.068104	1750.8679
40	1	-35.894547	1689.7656
40	2	-32.238857	1732.2087
40	3	-30.853045	1691.3564
40	4	-50.825874	1687.7244
40	5	-35.60579	1706.3287
40	6	-31.892061	1717.2194
40	8	-36.199455	1728.9583
40	9	-53.874443	1630.9222
40	10	-34.912537	1673.7683
40	11	-50.181046	1656.7548
40	12	-54.36049	1660.4719
40	15	-32.331917	1744.1199
40	16	-36.67758	1766.7144
40	17	-55.12578	1688.356
40	18	-32.510605	1759.1593
40	20	-30.223587	1644.1597
40	21	-32.867844	1780.0278
40	22	-52.85139	1768.4391
40	23	-51.21722	1709.0864
40	24	-52.040596	1749.2981
41	1	-36.011974	1690.8323
41	2	-32.251755	1732.8376
41	3	-30.872091	1692.4366
41	4	-50.81216	1686.0474
41	5	-35.633827	1707.5067
41	6	-31.910322	1718.1147
41	8	-36.21639	1730.1357
41	10	-34.92737	1674.77
41	11	-50.143723	1654.9435
41	12	-54.33306	1658.7216
41	15	-32.346718	1744.7222
41	16	-36.692455	1768.0004
41	17	-55.08959	1686.7286
41	18	-32.53679	1759.7827
41	20	-30.262783	1645.8473
41	21	-32.889202	1780.9569
41	22	-52.82084	1767.0289
41	23	-51.171944	1707.4094
41	24	-51.9951	1747.7273
42	1	-36.13177	1691.9028
42	2	-32.26442	1733.467
42	3	-30.88852	1693.5135
42	4	-50.781685	1684.3406
42	5	-35.661266	1708.6953
42	6	-31.920706	1718.9926
42	8	-36.2359	1731.3107
42	10	-34.94691	1675.7902
42	11	-50.1161	1653.1305
42	12	-54.316116	1656.9458
42	15	-32.355778	1745.2991
42	16	-36.71254	1769.3137
42	17	-55.055084	1685.1412
42	18	-32.547523	1760.4623
42	20	-30.289255	1647.513
42	21	-32.890305	1781.8837
42	22	-52.78871	1765.5751
42	23	-51.130745	1705.7451
42	24	-51.967754	1746.1049
43	1	-36.265926	1693.0096
43	2	-32.277275	1734.1154
43	3	-30.907137	1694.5984
43	4	-50.76017	1682.6593
43	5	-35.687737	1709.894
43	6	-31.935175	1719.8671
43	8	-36.25311	1732.4872
43	10	-34.96922	1676.7971
43	11	-50.087387	1651.3246
43	12	-54.269573	1655.1538
43	15	-32.365086	1745.9589
43	16	-36.7273	1770.6097
43	17	-55.036213	1683.5515
43	18	-32.557716	1761.1235
43	20	-30.332462	1649.1732
43	21	-32.908722	1782.8654
43	22	-52.756123	1764.1085
43	23	-51.090107	1704.0762
43	24	-51.95501	1744.4714
44	1	-36.40592	1694.1125
44	2	-32.293797	1734.7219
44	3	-30.925241	1695.6903
44	4	-50.731728	1680.9749
44	5	-35.714695	1711.1001
44	6	-31.95046	1720.7449
44	8	-36.267593	1733.7026
44	10	-34.988815	1677.8075
44	11	-50.04731	1649.4746
44	12	-54.250004	1653.3367
44	15	-32.3734	1746.5546
44	16	-36.745403	1771.923
44	17	-55.00367	1681.9882
44	18	-32.568253	1761.7982
44	20	-30.361805	1650.7711
44	21	-32.90745	1783.8087
44	22	-52.712715	1762.6115
44	23	-51.05048	1702.3721
44	24	-51.93068	1742.8514
45	1	-36.547745	1695.2333
45	2	-32.300762	1735.346
45	3	-30.94288	1696.782
45	4	-50.709625	1679.2632
45	5	-35.739788	1712.3105
45	6	-31.968222	1721.5693
45	8	-36.28676	1734.9114
45	10	-35.013573	1678.8313
45	11	-50.022816	1647.6533
45	12	-54.213226	1651.566
45	15	-32.38993	1747.1157
45	16	-36.777214	1773.2224
45	17	-54.97653	1680.3939
45	18	-32.57872	1762.4924
45	20	-30.39996	1652.425
45	21	-32.914104	1784.7642
45	22	-52.67815	1761.069
45	23	-51.006344	1700.6998
45	24	-51.88759	1741.2277
46	1	-36.689648	1696.3245
46	2	-32.31082	1735.9417
46	3	-30.95921	1697.871
46	4	-50.68184	1677.4982
46	5	-35.76418	1713.5236
46	6	-31.976719	1722.4058
46	8	-36.30586	1736.1335
46	10	-35.03594	1679.881
46	11	-49.98477	1645.7677
46	12	-54.16214	1649.7312
46	15	-32.398693	1747.7179
46	16	-36.804825	1774.5399
46	17	-54.95166	1678.8279
46	18	-32.584057	1763.1943
46	20	-30.445244	1654.052
46	21	-32.931442	1785.7642
46	22	-52.656513	1759.5525
46	23	-50.970726	1698.9982
46	24	-51.848915	1739.5792
47	1	-36.844513	1697.4495
47	2	-32.321438	1736.5435
47	3	-30.977406	1698.9423
47	4	-50.65944	1675.7677
47	5	-35.789013	1714.7418
47	6	-31.992325	1723.2157
47	8	-36.324642	1737.3528
47	10	-35.05809	1680.9354
47	11	-49.95829	1643.9409
47	12	-54.143696	1647.9271
47	15	-32.410458	1748.3317
47	16	-36.825592	1775.8566
47	17	-54.897297	1677.2257
47	18	-32.597603	1763.9149
47	20	-30.471588	1655.6935
47	21	-32.94705	1786.7373
47	22	-52.629883	1758.096
47	23	-50.9336	1697.267
47	24	-51.815975	1737.964
48	1	-36.991062	1698.5872
48	2	-32.333065	1737.1449
48	3	-30.99311	1700.0343
48	4	-50.6282	1674.036
48	5	-35.812134	1715.9641
48	6	-31.99166	1723.9966
48	8	-36.339745	1738.6019
48	10	-35.077915	1682.0044
48	11	-49.885685	1642.1533
48	12	-54.104485	1646.0894
48	15	-32.421925	1748.9286
48	16	-36.84125	1777.2017
48	17	-54.869408	1675.653
48	18	-32.612213	1764.6779
48	20	-30.489002	1657.2744
48	21	-32.94594	1787.7535
48	22	-52.595623	1756.6211
48	23	-50.8957	1695.537
48	24	-51.790154	1736.3191
49	1	-37.147697	1699.7278
49	2	-32.337585	1737.7313
49	3	-31.010572	1701.1256
49	4	-50.59889	1672.2755
49	5	-35.8345	1717.19
49	6	-32.003498	1724.7792
49	8	-36.356895	1739.8696
49	10	-35.091927	1683.078
49	11	-49.769405	1640.4974
49	12	-54.060894	1644.211
49	15	-32.434563	1749.5674
49	16	-36.864025	1778.5504
49	17	-54.83913	1674.0658
49	18	-32.630135	1765.4017
49	20	-30.521954	1658.9362
49	21	-32.959198	1788.7926
49	22	-52.57862	1755.1305
49	23	-50.860516	1693.8058
49	24	-51.774357	1734.6895
49	25	-65.1054	1787.227
49	26	-22.183918	1791.4976
50	1	-37.295372	1700.8667
50	2	-32.345425	1738.3
50	3	-31.027899	1702.2172
50	4	-50.598946	1670.5885
50	5	-35.85723	1718.4175
50	6	-32.025234	1725.5532
50	8	-36.37808	1741.1279
50	10	-35.112606	1684.1893
50	15	-32.448826	1750.1859
50	16	-36.89161	1779.8885
50	17	-54.80852	1672.4519
50	18	-32.64628	1766.1443
50	20	-30.557606	1660.5648
50	21	-32.964462	1789.8214
50	22	-52.55027	1753.6494
50	23	-50.82523	1692.0848
50	24	-51.74	1733.0232
50	25	-65.1054	1787.227
50	26	-21.37064	1791.8127
51	1	-37.450096	1702.0272
51	2	-32.354374	1738.8857
51	3	-31.044275	1703.301
51	4	-50.567604	1668.7766
51	5	-35.880177	1719.6487
51	6	-32.036674	1726.3014
51	8	-36.39889	1742.4111
51	10	-35.13893	1685.3055
51	15	-32.451935	1750.8367
51	16	-36.91051	1781.2472
51	17	-54.756645	1670.8234
51	18	-32.643726	1766.9114
51	20	-30.610758	1662.224
51	21	-32.973213	1790.8822
51	22	-52.52427	1752.1674
51	23	-50.78146	1690.3322
51	24	-51.698708	1731.3845
51	25	-65.1054	1787.227
51	26	-20.711092	1791.977
52	1	-37.60533	1703.1947
52	2	-32.361034	1739.455
52	3	-31.061277	1704.3802
52	4	-50.55406	1667.0249
52	5	-35.902718	1720.8837
52	6	-32.040356	1727.0304
52	8	-36.4191	1743.693
52	10	-35.15345	1686.441
52	15	-32.462444	1751.4537
52	16	-36.93034	1782.6012
52	17	-54.7283	1669.2697
52	18	-32.65477	1767.7383
52	20	-30.637695	1663.8439
52	21	-32.97037	1791.9352
52	22	-52.487305	1750.6354
52	23	-50.743347	1688.5975
52	24	-51.65925	1729.7383
52	25	-65.1054	1787.227
52	26	-20.017086	1792.1534
52	27	-56.259556	1794.6373
53	1	-37.761208	1704.3737
53	2	-32.36535	1740.0222
53	3	-31.076506	1705.4373
53	4	-50.528954	1665.2211
53	5	-35.926846	1722.1238
53	6	-32.056908	1727.7427
53	8	-36.43703	1744.9824
53	10	-35.179737	1687.5769
53	15	-32.475998	1752.1068
53	16	-36.954117	1783.9827
53	17	-54.699966	1667.6609
53	18	-32.67159	1768.4893
53	20	-30.68418	1665.4583
53	21	-32.97302	1793.0052
53	22	-52.452057	1749.143
53	23	-50.716755	1686.9257
53	24	-51.618977	1728.1112
53	25	-65.1054	1787.227
53	26	-19.202185	1792.3542
53	27	-56.248627	1792.5177
54	1	-37.917755	1705.5693
54	2	-32.376472	1740.584
54	3	-31.09169	1706.4883
54	4	-50.503963	1663.4371
54	5	-35.951195	1723.3691
54	6	-32.06038	1728.4434
54	8	-36.44915	1746.2927
54	10	-35.196903	1688.7377
54	15	-32.488995	1752.755
54	16	-36.960762	1785.3715
54	17	-54.66046	1665.9976
54	18	-32.682518	1769.345
54	20	-30.72333	1667.0684
54	21	-32.988613	1794.1072
54	22	-52.41799	1747.5702
54	23	-50.690178	1685.1589
54	24	-51.57918	1726.4438
54	25	-65.1054	1787.227
54	26	-18.54308	1792.4708
54	27	-56.229195	1790.3728
55	1	-38.076736	1706.7734
55	2	-32.382595	1741.1509
55	3	-31.10893	1707.5352
55	4	-50.46881	1661.6377
55	5	-35.97584	1724.6205
55	6	-32.069088	1729.1118
55	8	-36.468212	1747.5946
55	10	-35.223194	1689.8899
55	15	-32.505722	1753.3956
55	16	-36.9942	1786.776
55	17	-54.605682	1664.3677
55	18	-32.691364	1770.1621
55	20	-30.77744	1668.6923
55	21	-32.98385	1795.1509
55	22	-52.381607	1746.0635
55	23	-50.66377	1683.4329
55	24	-51.532925	1724.7966
55	25	-65.1054	1787.227
55	26	-17.727757	1792.6055
55	27	-56.19566	1788.2249
56	1	-38.227196	1707.9724
56	2	-32.390648	1741.6919
56	3	-31.12494	1708.547
56	4	-50.440666	1659.8594
56	5	-36.001648	1725.878
56	6	-32.071686	1729.7644
56	8	-36.48458	1748.9333
56	10	-35.23866	1691.0723
56	15	-32.519928	1754.0724
56	16	-37.01813	1788.1727
56	17	-54.570984	1662.7065
56	18	-32.706223	1771.0392
56	20	-30.801384	1670.3088
56	21	-32.97828	1796.2645
56	22	-52.33397	1744.546
56	23	-50.637165	1681.7062
56	24	-51.510056	1723.1675
56	25	-65.1054	1787.227
56	26	-16.866917	1792.7147
56	27	-56.153908	1786.0713
57	1	-38.37503	1709.1687
57	2	-32.393837	1742.2441
57	3	-31.138939	1709.5374
57	4	-50.417057	1658.0494
57	5	-36.026524	1727.142
57	6	-32.076416	1730.3956
57	8	-36.501087	1750.2549
57	10	-35.260876	1692.27
57	15	-32.531414	1754.7526
57	16	-37.045654	1789.5719
57	17	-54.551624	1661.0508
57	18	-32.718826	1771.9304
57	20	-30.830523	1671.9315
57	21	-32.972378	1797.3633
57	22	-52.29271	1743.0237
57	23	-50.598465	1679.8966
57	24	-51.470356	1721.5024
57	25	-65.1054	1787.227
57	26	-16.09326	1792.801
57	27	-56.114765	1783.893
58	1	-38.528343	1710.3804
58	2	-32.399605	1742.7947
58	3	-31.15319	1710.5131
58	4	-50.37915	1656.2822
58	5	-36.052044	1728.413
58	6	-32.084343	1731.0305
58	8	-36.51643	1751.596
58	10	-35.283386	1693.4688
58	15	-32.546192	1755.4421
58	16	-37.07182	1790.9706
58	18	-32.724377	1772.8049
58	20	-30.859766	1673.48
58	21	-32.969955	1798.493
58	22	-52.26253	1741.5493
58	23	-50.565483	1678.1221
58	24	-51.433228	1719.8645
58	25	-65.1054	1787.227
58	26	-15.257038	1792.8827
58	27	-56.080063	1781.7252
59	1	-38.677982	1711.6083
59	2	-32.405792	1743.3483
59	3	-31.172184	1711.4712
59	4	-50.36055	1654.4152
59	5	-36.07663	1729.6918
59	6	-32.081783	1731.677
59	8	-36.526382	1752.9237
59	10	-35.30904	1694.693
59	15	-32.56213	1756.1384
59	16	-37.0832	1792.3792
59	18	-32.737484	1773.7205
59	20	-30.903225	1675.095
59	21	-32.973373	1799.608
59	22	-52.226883	1740.0254
59	23	-50.50466	1676.3489
59	24	-51.405384	1718.1388
59	25	-65.1054	1787.227
59	26	-14.414629	1792.9503
59	27	-56.053604	1779.6002
59	28	-71.68989	1795.8595
60	1	-38.818157	1712.8254
60	2	-32.41049	1743.8876
60	3	-31.181438	1712.398
60	5	-36.101025	1730.9779
60	6	-32.08976	1732.2992
60	8	-36.542343	1754.2391
60	10	-35.329544	1695.9104
60	15	-32.57711	1756.8542
60	16	-37.100018	1793.8107
60	18	-32.737583	1774.6136
60	20	-30.951641	1676.6772
60	21	-32.979702	1800.7395
60	22	-52.191822	1738.501
60	23	-50.47157	1674.6156
60	24	-51.37274	1716.4496
60	25	-65.1054	1787.227
60	26	-13.565829	1792.9924
60	27	-56.03742	1777.456
60	28	-71.68989	1795.8595
61	1	-38.966743	1714.0626
61	2	-32.419006	1744.4452
61	3	-31.198702	1713.3142
61	5	-36.124866	1732.2726
61	6	-32.088123	1732.9036
61	8	-36.55798	1755.5859
61	10	-35.348618	1697.1384
61	15	-32.59502	1757.5779
61	16	-37.11135	1795.2496
61	18	-32.74083	1775.5402
61	20	-30.99869	1678.2338
61	21	-32.984512	1801.8748
61	22	-52.160114	1736.9497
61	23	-50.484066	1672.8994
61	24	-51.356003	1714.7278
61	25	-65.1054	1787.227
61	26	-12.704597	1793.0333
61	27	-56.011044	1775.3262
61	28	-71.68989	1795.8595
62	1	-39.10923	1715.2869
62	2	-32.427185	1744.9885
62	3	-31.20858	1714.1923
62	5	-36.148514	1733.5762
62	6	-32.086082	1733.5026
62	8	-36.571617	1756.9252
62	10	-35.367542	1698.3754
62	15	-32.617104	1758.3181
62	16	-37.129955	1796.6798
62	18	-32.74135	1776.4735
62	20	-31.039066	1679.8219
62	21	-32.985645	1803.0101
62	22	-52.12078	1735.4264
62	23	-50.453194	1671.0804
62	24	-51.31704	1712.9653
62	25	-65.1054	1787.227
62	26	-11.786605	1793.0676
62	27	-55.962875	1773.133
62	28	-71.68989	1795.8595
63	1	-39.25243	1716.5182
63	2	-32.431507	1745.5361
63	3	-31.220558	1715.0371
63	5	-36.171906	1734.8885
63	6	-32.102287	1734.0884
63	8	-36.58143	1758.2894
63	10	-35.38918	1699.6406
63	15	-32.643578	1759.0757
63	16	-37.15233	1798.1368
63	18	-32.739277	1777.4108
63	20	-31.082973	1681.3749
63	21	-32.979206	1804.1154
63	22	-52.086735	1733.8596
63	23	-50.42397	1669.3033
63	24	-51.282402	1711.2808
63	25	-65.1054	1787.227
63	26	-10.890028	1793.0972
63	27	-55.936718	1770.9999
63	28	-71.68989	1795.8595
64	1	-39.37963	1717.7467
64	2	-32.435158	1746.0797
64	3	-31.23349	1715.8612
64	5	-36.19433	1736.2084
64	6	-32.11039	1734.6627
64	8	-36.59328	1759.6221
64	10	-35.409477	1700.9225
64	15	-32.66079	1759.8167
64	16	-37.180016	1799.591
64	18	-32.74309	1778.4036
64	20	-31.112896	1682.9335
64	21	-32.980175	1805.2698
64	22	-52.0611	1732.3524
64	23	-50.36406	1667.6294
64	24	-51.249176	1709.5156
64	25	-65.1054	1787.227
64	26	-10.018798	1793.1371
64	27	-55.927822	1768.8676
64	28	-71.68989	1795.8595
65	1	-39.514267	1718.9727
65	2	-32.441196	1746.6422
65	3	-31.245224	1716.6465
65	5	-36.216106	1737.5359
65	6	-32.12361	1735.2561
65	8	-36.61348	1760.9733
65	10	-35.43374	1702.2162
65	15	-32.676193	1760.6008
65	16	-37.187035	1801.0515
65	18	-32.74607	1779.3689
65	20	-31.13368	1684.4036
65	21	-32.974586	1806.4119
65	22	-52.030388	1730.7831
65	23	-50.31357	1665.8237
65	24	-51.2178	1707.7653
65	25	-65.1054	1787.227
65	26	-9.093599	1793.1617
65	27	-55.84881	1766.7512
65	28	-71.68989	1795.8595
66	1	-39.64712	1720.2048
66	2	-32.447998	1747.2142
66	3	-31.259478	1717.4215
66	5	-36.238243	1738.8708
66	6	-32.125374	1735.84
66	8	-36.625893	1762.3516
66	10	-35.458057	1703.5024
66	15	-32.693035	1761.374
66	16	-37.212475	1802.5151
66	18	-32.749405	1780.3851
66	20	-31.177925	1685.928
66	21	-32.97439	1807.5615
66	22	-51.973553	1729.2582
66	23	-50.281704	1664.0309
66	24	-51.178333	1706.0127
66	25	-65.1054	1787.227
66	26	-8.176235	1793.1869
66	27	-55.80776	1764.6018
66	28	-71.68989	1795.8595
67	1	-39.780804	1721.434
67	2	-32.456066	1747.7941
67	3	-31.26824	1718.154
67	5	-36.25895	1740.2123
67	6	-32.13052	1736.4225
67	8	-36.639694	1763.7119
67	10	-35.48028	1704.8052
67	15	-32.710373	1762.1771
67	16	-37.240967	1803.9773
67	18	-32.755386	1781.3885
67	20	-31.200922	1687.4141
67	21	-32.970997	1808.7106
67	22	-51.951263	1727.6829
67	24	-51.154404	1704.2456
67	25	-65.1054	1787.227
67	26	-7.1692224	1793.1931
67	27	-55.765984	1762.4934
67	28	-71.68989	1795.8595
67	29	-35.781136	1684.8301
68	1	-39.913338	1722.6437
68	2	-32.459496	1748.3784
68	3	-31.27757	1718.8588
68	5	-36.280735	1741.5599
68	6	-32.127697	1737.0043
68	8	-36.648956	1765.0857
68	10	-35.5081	1706.1205
68	15	-32.725952	1762.9785
68	16	-37.254032	1805.4203
68	18	-32.74951	1782.4276
68	20	-31.241701	1688.8408
68	21	-32.955902	1809.8551
68	22	-51.92701	1726.0767
68	24	-51.117676	1702.4608
68	25	-65.1054	1787.227
68	26	-6.196906	1793.2163
68	27	-55.73075	1760.3895
68	28	-71.68989	1795.8595
68	29	-35.909462	1686.0704
68	30	-17.542871	1815.2477
69	1	-40.036453	1723.8654
69	2	-32.466934	1748.9755
69	3	-31.28378	1719.5238
69	5	-36.30203	1742.913
69	6	-32.12675	1737.5692
69	8	-36.666534	1766.4453
69	10	-35.534058	1707.4487
69	15	-32.743835	1763.7927
69	16	-37.26548	1806.9137
69	18	-32.75505	1783.4646
69	20	-31.280542	1690.2882
69	21	-32.95901	1811.0028
69	22	-51.89495	1724.4952
69	24	-51.067287	1700.6812
69	25	-65.1054	1787.227
69	26	-5.252822	1793.2247
69	27	-55.680187	1758.3059
69	28	-71.68989	1795.8595
69	29	-36.037323	1687.1205
69	30	-17.542871	1815.2477
70	1	-40.159084	1725.0901
70	2	-32.469116	1749.5983
70	3	-31.297276	1720.1675
70	5	-36.323322	1744.2695
70	6	-32.13553	1738.166
70	8	-36.680725	1767.8318
70	10	-35.56325	1708.7876
70	15	-32.760754	1764.6177
70	16	-37.289417	1808.4004
70	18	-32.760735	1784.5271
70	20	-31.318819	1691.6401
70	21	-32.966167	1812.1859
70	22	-51.860508	1722.9097
70	24	-51.05146	1698.9187
70	25	-65.1054	1787.227
70	26	-4.2411523	1793.2351
70	27	-55.65398	1756.203
70	28	-71.68989	1795.8595
70	29	-36.150845	1687.8079
70	30	-17.542871	1815.2477
71	1	-40.2763	1726.2924
71	2	-32.48333	1750.2361
71	3	-31.30418	1720.7853
71	5	-36.345493	1745.63
71	6	-32.135418	1738.729
71	8	-36.696312	1769.1854
71	10	-35.588604	1710.111
71	15	-32.776573	1765.4572
71	16	-37.29925	1809.849
71	18	-32.757713	1785.5862
71	20	-31.340546	1693.0549
71	21	-32.95727	1813.3158
71	22	-51.83595	1721.287
71	24	-51.055595	1697.1144
71	25	-65.1054	1787.227
71	26	-3.271724	1793.2513
71	27	-55.61494	1754.1265
71	28	-71.68989	1795.8595
71	29	-36.334824	1689.1571
71	30	-17.542871	1815.2477
71	31	-20.939207	1818.9921
71	32	-7.648586	1815.4108
72	1	-40.390575	1727.5116
72	2	-32.493282	1750.8976
72	3	-31.315298	1721.3691
72	5	-36.365643	1746.9937
72	6	-32.14129	1739.3031
72	8	-36.720623	1770.5674
72	10	-35.615906	1711.4508
72	15	-32.794964	1766.3081
72	16	-37.32246	1811.3375
72	18	-32.761932	1786.7136
72	20	-31.370855	1694.3817
72	21	-32.952328	1814.5063
72	22	-51.805027	1719.6948
72	24	-51.013397	1695.3971
72	25	-65.1054	1787.227
72	26	-2.454903	1793.2334
72	27	-55.574432	1752.0538
72	28	-71.68989	1795.8595
72	29	-36.49709	1690.4081
72	30	-17.542871	1815.2477
72	31	-20.939207	1818.9921
72	32	-7.648586	1815.4108
73	1	-40.500206	1728.716
73	2	-32.497223	1751.5632
73	3	-31.320684	1721.922
73	5	-36.38842	1748.3601
73	6	-32.147263	1739.8761
73	8	-36.739082	1771.9581
73	10	-35.642532	1712.8198
73	15	-32.80944	1767.1602
73	16	-37.334656	1812.8374
73	18	-32.766888	1787.8068
73	20	-31.40804	1695.722
73	21	-32.937515	1815.6624
73	22	-51.77804	1718.0374
73	24	-50.99191	1693.5522
73	25	-65.1054	1787.227
73	26	-0.98056924	1793.2457
73	27	-55.545937	1750.0089
73	28	-71.68989	1795.8595
73	29	-36.65454	1691.806
73	30	-17.542871	1815.2477
73	31	-20.939207	1818.9921
73	32	-7.648586	1815.4108
74	1	-40.613266	1729.9281
74	2	-32.50319	1752.2383
74	3	-31.331657	1722.4972
74	5	-36.409386	1749.7286
74	6	-32.156178	1740.4567
74	8	-36.759583	1773.3534
74	10	-35.666523	1714.1926
74	15	-32.829563	1768.0303
74	16	-37.344246	1814.3641
74	18	-32.76058	1788.9352
74	20	-31.428125	1697.004
74	21	-32.92809	1816.8584
74	22	-51.745354	1716.4353
74	24	-50.98569	1691.7324
74	25	-65.1054	1787.227
74	26	-0.101401925	1793.2421
74	27	-55.49866	1747.9812
74	28	-71.68989	1795.8595
74	29	-36.80506	1693.0886
74	30	-17.542871	1815.2477
74	31	-20.939207	1818.9921
74	32	-7.648586	1815.4108
74	33	-23.188341	1823.7244
74	38	-8.849191	1819.848
75	1	-40.724045	1731.1343
75	2	-32.510506	1752.9132
75	3	-31.336872	1723.0416
75	5	-36.430584	1751.0991
75	6	-32.158928	1741.0364
75	8	-36.778244	1774.7617
75	10	-35.69232	1715.561
75	15	-32.84676	1768.9187
75	16	-37.359707	1815.8649
75	18	-32.752247	1790.0461
75	20	-31.463531	1698.2429
75	21	-32.92263	1818.0663
75	22	-51.719555	1714.809
75	24	-50.9286	1689.913
75	25	-65.1054	1787.227
75	26	1.0707588	1793.2345
75	27	-55.475296	1746.0038
75	28	-71.68989	1795.8595
75	29	-36.95955	1694.4248
75	30	-17.542871	1815.2477
75	31	-20.939207	1818.9921
75	32	-7.648586	1815.4108
75	33	-23.188341	1823.7244
75	35	-10.346369	1819.2003
75	38	-9.176643	1819.8606
76	1	-40.83222	1732.3447
76	2	-32.521626	1753.612
76	3	-31.34941	1723.5977
76	5	-36.451584	1752.4719
76	6	-32.164883	1741.6188
76	8	-36.794884	1776.17
76	10	-35.719013	1716.9379
76	15	-32.86653	1769.8069
76	16	-37.362823	1817.4005
76	18	-32.768044	1791.1776
76	20	-31.485691	1699.5261
76	21	-32.9112	1819.289
76	22	-51.689716	1713.154
76	24	-50.860497	1688.1648
76	25	-65.1054	1787.227
76	26	1.9225404	1793.2451
76	27	-55.44506	1743.9441
76	28	-71.68989	1795.8595
76	29	-37.114502	1695.7571
76	30	-17.542871	1815.2477
76	31	-20.939207	1818.9921
76	32	-7.648586	1815.4108
76	33	-23.188341	1823.7244
76	34	-13.712443	1823.5465
76	35	-10.84183	1819.2571
76	38	-9.635864	1819.8516
77	1	-40.930946	1733.5485
77	2	-32.536438	1754.3489
77	3	-31.351154	1724.1338
77	5	-36.47256	1753.8485
77	6	-32.17159	1742.196
77	8	-36.798862	1777.6088
77	10	-35.740208	1718.3309
77	15	-32.884804	1770.7029
77	16	-37.36815	1818.9672
77	18	-32.76897	1792.3455
77	20	-31.524506	1700.6993
77	21	-32.901703	1820.5046
77	22	-51.649265	1711.4727
77	24	-50.794098	1686.3444
77	25	-65.1054	1787.227
77	26	3.0636172	1793.2325
77	27	-55.385555	1741.879
77	28	-71.68989	1795.8595
77	29	-37.280247	1697.0878
77	30	-17.542871	1815.2477
77	31	-20.939207	1818.9921
77	32	-7.648586	1815.4108
77	33	-23.188341	1823.7244
77	34	-13.712443	1823.5465
77	35	-11.384748	1819.2684
77	38	-10.041119	1819.8391
78	1	-41.028	1734.739
78	2	-32.532948	1755.1094
78	3	-31.363188	1724.6694
78	5	-36.493202	1755.229
78	6	-32.17499	1742.7699
78	8	-36.826797	1779.0228
78	10	-35.76872	1719.7603
78	15	-32.9042	1771.6187
78	16	-37.37905	1820.5048
78	18	-32.767487	1793.526
78	20	-31.523277	1701.9072
78	21	-32.885365	1821.7499
78	22	-51.627243	1709.866
78	24	-50.75851	1684.6036
78	25	-65.1054	1787.227
78	26	4.1224766	1793.2146
78	27	-55.355324	1739.795
78	28	-71.68989	1795.8595
78	29	-37.44305	1698.3827
78	30	-17.542871	1815.2477
78	31	-20.939207	1818.9921
78	32	-7.648586	1815.4108
78	33	-23.188341	1823.7244
78	34	-13.712443	1823.5465
78	35	-11.521864	1819.2598
78	38	-10.446453	1819.8718
79	1	-41.124683	1735.9438
79	2	-32.54446	1755.8865
79	3	-31.368214	1725.2218
79	5	-36.51356	1756.6133
79	6	-32.17899	1743.3301
79	8	-36.85453	1780.4238
79	10	-35.797928	1721.1593
79	15	-32.92233	1772.5333
79	16	-37.37373	1822.0442
79	18	-32.765358	1794.7064
79	20	-31.558416	1703.0664
79	21	-32.88362	1822.9845
79	22	-51.599514	1708.2205
79	24	-50.736538	1682.7323
79	25	-65.1054	1787.227
79	26	5.216134	1793.2026
79	27	-55.31613	1737.7135
79	28	-71.68989	1795.8595
79	29	-37.607796	1699.7413
79	30	-17.542871	1815.2477
79	31	-20.939207	1818.9921
79	32	-7.648586	1815.4108
79	33	-23.188341	1823.7244
79	34	-13.712443	1823.5465
79	35	-11.811354	1819.2208
79	38	-12.4041	1819.9323
80	1	-41.227943	1737.1437
80	2	-32.548405	1756.6718
80	3	-31.377344	1725.7523
80	5	-36.534176	1758.0018
80	6	-32.185055	1743.9069
80	8	-36.869114	1781.8687
80	10	-35.82744	1722.57
80	15	-32.94105	1773.466
80	16	-37.38731	1823.5979
80	18	-32.768814	1795.8811
80	20	-31.573156	1704.2001
80	21	-32.88211	1824.2284
80	22	-51.56974	1706.5537
80	25	-65.1054	1787.227
80	26	6.292295	1793.1882
80	27	-55.273727	1735.6597
80	28	-71.68989	1795.8595
80	29	-37.768658	1701.1196
80	30	-17.542871	1815.2477
80	31	-20.939207	1818.9921
80	32	-7.648586	1815.4108
80	33	-23.188341	1823.7244
80	34	-13.712443	1823.5465
80	35	-12.329982	1819.2625
80	38	-11.328252	1819.8712
81	1	-41.31897	1738.3344
81	2	-32.559822	1757.4832
81	3	-31.389915	1726.2949
81	5	-36.555374	1759.3959
81	6	-32.18997	1744.474
81	8	-36.89754	1783.2855
81	10	-35.856987	1724.0127
81	15	-32.96729	1774.3953
81	16	-37.40417	1825.1224
81	18	-32.77532	1797.0748
81	20	-31.598635	1705.271
81	21	-32.877144	1825.4832
81	22	-51.555244	1704.8901
81	25	-65.1054	1787.227
81	26	7.4220314	1793.1857
81	27	-55.24668	1733.6028
81	28	-71.68989	1795.8595
81	29	-37.937096	1702.4626
81	30	-17.542871	1815.2477
81	31	-20.939207	1818.9921
81	32	-7.648586	1815.4108
81	33	-23.188341	1823.7244
81	34	-13.712443	1823.5465
81	35	-12.619619	1819.2515
81	36	-56.57796	1832.1462
82	1	-41.41282	1739.5386
82	2	-32.558277	1758.3145
82	3	-31.401596	1726.8392
82	5	-36.576374	1760.7966
82	6	-32.19665	1745.0363
82	8	-36.924515	1784.7148
82	10	-35.88179	1725.4613
82	15	-32.981346	1775.35
82	16	-37.41197	1826.6831
82	18	-32.77704	1798.2931
82	20	-31.631113	1706.3649
82	21	-32.863953	1826.7518
82	22	-51.520973	1703.191
82	25	-65.1054	1787.227
82	26	8.56134	1793.1924
82	27	-55.211586	1731.5607
82	28	-71.68989	1795.8595
82	29	-38.108486	1703.8212
82	30	-17.542871	1815.2477
82	31	-20.939207	1818.9921
82	32	-7.648586	1815.4108
82	33	-23.188341	1823.7244
82	34	-13.712443	1823.5465
82	35	-12.921896	1819.2926
82	36	-56.47115	1830.0623
83	1	-41.502827	1740.7349
83	2	-32.56738	1759.1573
83	3	-31.413197	1727.3813
83	5	-36.59717	1762.2036
83	6	-32.201523	1745.6188
83	8	-36.935528	1786.1349
83	10	-35.910286	1726.9187
83	15	-33.002205	1776.3113
83	16	-37.415813	1828.2599
83	18	-32.783577	1799.5079
83	20	-31.651701	1707.3962
83	21	-32.86164	1828.0101
83	22	-51.49032	1701.4475
83	25	-65.1054	1787.227
83	26	9.727714	1793.1925
83	27	-55.16795	1729.5133
83	28	-71.68989	1795.8595
83	29	-38.26738	1705.1211
83	30	-17.542871	1815.2477
83	31	-20.939207	1818.9921
83	32	-7.648586	1815.4108
83	33	-23.188341	1823.7244
83	34	-13.712443	1823.5465
83	35	-13.118893	1819.2621
83	36	-56.433556	1828.0055
84	1	-41.58634	1741.9303
84	2	-32.580837	1760.026
84	3	-31.422842	1727.9144
84	5	-36.618706	1763.6158
84	6	-32.20652	1746.1772
84	8	-36.960827	1787.599
84	10	-35.940235	1728.3723
84	15	-33.021797	1777.289
84	16	-37.426533	1829.8556
84	18	-32.78943	1800.7312
84	20	-31.680195	1708.3687
84	21	-32.847717	1829.256
84	22	-51.461628	1699.8413
84	25	-65.1054	1787.227
84	26	10.923252	1793.1871
84	27	-55.13155	1727.4548
84	28	-71.68989	1795.8595
84	29	-38.455143	1706.4961
84	30	-17.542871	1815.2477
84	31	-20.939207	1818.9921
84	32	-7.648586	1815.4108
84	33	-23.188341	1823.7244
84	34	-13.712443	1823.5465
84	35	-13.366327	1819.238
84	36	-56.402267	1825.89
85	1	-41.67288	1743.1104
85	2	-32.59134	1760.8771
85	3	-31.433008	1728.4565
85	5	-36.640663	1765.0337
85	6	-32.216045	1746.7384
85	8	-36.989124	1789.0304
85	10	-35.965702	1729.8542
85	15	-33.04463	1778.2626
85	16	-37.435783	1831.411
85	18	-32.798885	1801.977
85	20	-31.704998	1709.378
85	21	-32.825485	1830.5299
85	22	-51.440147	1698.1456
85	25	-65.1054	1787.227
85	27	-55.084984	1725.3998
85	28	-71.68989	1795.8595
85	29	-38.63925	1707.9004
85	30	-17.542871	1815.2477
85	31	-20.939207	1818.9921
85	32	-7.648586	1815.4108
85	33	-23.188341	1823.7244
85	34	-13.712443	1823.5465
85	35	-13.697879	1819.1875
85	36	-56.368145	1823.742
86	1	-41.755043	1744.3029
86	2	-32.60323	1761.7615
86	3	-31.441862	1728.9894
86	5	-36.66312	1766.457
86	6	-32.220955	1747.3263
86	8	-37.000286	1790.4948
86	10	-35.993416	1731.3295
86	15	-33.060677	1779.2631
86	16	-37.447487	1832.9733
86	18	-32.795994	1803.2062
86	20	-31.723051	1710.3386
86	21	-32.82855	1831.7924
86	22	-51.40699	1696.4414
86	25	-65.1054	1787.227
86	26	13.24731	1793.1892
86	27	-55.05899	1723.3378
86	28	-71.68989	1795.8595
86	29	-38.81247	1709.2659
86	30	-17.542871	1815.2477
86	31	-20.939207	1818.9921
86	32	-7.648586	1815.4108
86	33	-23.188341	1823.7244
86	34	-13.712443	1823.5465
86	35	-14.12821	1819.1467
86	36	-56.334694	1821.7184
87	1	-41.836044	1745.4856
87	2	-32.61641	1762.6758
87	3	-31.449076	1729.5377
87	5	-36.686146	1767.8857
87	6	-32.226624	1747.878
87	8	-37.02851	1791.9435
87	10	-36.017273	1732.7996
87	15	-33.081745	1780.268
87	16	-37.44633	1834.563
87	18	-32.803246	1804.458
87	20	-31.739508	1711.2603
87	21	-32.80765	1833.0775
87	22	-51.419624	1694.6732
87	25	-65.1054	1787.227
87	26	14.375719	1793.1829
87	27	-55.00517	1721.2604
87	28	-71.68989	1795.8595
87	29	-38.992496	1710.6425
87	30	-17.542871	1815.2477
87	31	-20.939207	1818.9921
87	32	-7.648586	1815.4108
87	33	-23.188341	1823.7244
87	34	-13.712443	1823.5465
87	36	-56.29887	1819.5809
88	1	-41.91717	1746.672
88	2	-32.63236	1763.632
88	3	-31.456451	1730.085
88	5	-36.708893	1769.3198
88	6	-32.2319	1748.436
88	8	-37.048542	1793.3921
88	10	-36.043316	1734.3134
88	15	-33.106186	1781.2695
88	16	-37.451553	1836.1876
88	18	-32.81001	1805.7084
88	20	-31.768513	1712.1827
88	21	-32.79644	1834.3524
88	22	-51.363266	1692.9877
88	25	-65.1054	1787.227
88	26	15.591647	1793.197
88	27	-54.971474	1719.3086
88	28	-71.68989	1795.8595
88	29	-39.171238	1712.0272
88	30	-17.542871	1815.2477
88	31	-20.939207	1818.9921
88	32	-7.648586	1815.4108
88	33	-23.188341	1823.7244
88	34	-13.712443	1823.5465
88	36	-56.281933	1817.484
89	1	-41.99416	1747.8529
89	2	-32.635967	1764.5892
89	3	-31.464306	1730.6278
89	5	-36.732613	1770.7561
89	6	-32.240322	1749.0006
89	8	-37.0775	1794.8304
89	10	-36.078846	1735.7996
89	15	-33.126415	1782.312
89	16	-37.462383	1837.7638
89	18	-32.81382	1806.9373
89	20	-31.792332	1713.0925
89	21	-32.792385	1835.6262
89	25	-65.1054	1787.227
89	26	16.8418	1793.213
89	27	-54.92977	1717.255
89	28	-71.68989	1795.8595
89	29	-39.33329	1713.3556
89	30	-17.542871	1815.2477
89	31	-20.939207	1818.9921
89	32	-7.648586	1815.4108
89	33	-23.188341	1823.7244
89	34	-13.712443	1823.5465
89	36	-56.24653	1815.4163
89	39	-107.772	1787.6786
90	1	-42.070484	1749.0283
90	2	-32.65267	1765.5679
90	3	-31.472591	1731.1705
90	5	-36.75706	1772.1936
90	6	-32.247765	1749.5762
90	8	-37.09947	1796.3031
90	10	-36.110275	1737.3014
90	15	-33.146423	1783.3638
90	16	-37.49421	1839.3643
90	18	-32.824417	1808.1906
90	20	-31.802605	1713.96
90	21	-32.79525	1836.9229
90	25	-65.1054	1787.227
90	26	18.094658	1793.2346
90	27	-54.892273	1715.156
90	28	-71.68989	1795.8595
90	29	-39.49964	1714.7268
90	30	-17.542871	1815.2477
90	31	-20.939207	1818.9921
90	32	-7.648586	1815.4108
90	33	-23.188341	1823.7244
90	34	-13.712443	1823.5465
90	36	-56.20788	1813.3256
90	39	-106.481804	1787.6656
