0	1	4281.647	-75.362465
0	2	4264.0415	-78.95668
0	3	4276.4097	-78.68829
0	4	4296.798	-82.27509
0	5	4316.734	-82.48298
0	6	4263.2744	-56.21841
0	7	4304.965	-56.480434
0	8	4265.9033	-43.775658
0	9	4299.427	-43.9011
0	10	4247.192	-82.166626
0	11	4371.466	-82.408554
0	12	4349.1445	-52.311405
0	29	4358.668	-67.511986
0	31	4355.5854	-40.89907
1	1	4279.6323	-75.35689
1	2	4262.443	-78.94605
1	3	4274.5024	-78.67707
1	4	4295.004	-82.26858
1	5	4314.763	-82.47617
1	6	4263.2744	-56.21841
1	7	4304.965	-56.480434
1	8	4265.9033	-43.775658
1	9	4299.427	-43.9011
1	10	4245.361	-82.149284
1	11	4369.423	-82.39751
1	12	4348.8257	-52.313786
1	29	4358.6772	-67.60396
1	31	4355.5854	-40.89907
2	1	4277.627	-75.34779
2	2	4260.8545	-78.944824
2	3	4272.602	-78.66561
2	4	4293.2197	-82.26126
2	5	4312.773	-82.47006
2	6	4263.2744	-56.21841
2	7	4304.965	-56.480434
2	8	4265.9033	-43.775658
2	9	4299.427	-43.9011
2	10	4243.5293	-82.132256
2	11	4367.4683	-82.39153
2	12	4348.424	-52.313274
2	29	4358.6978	-67.73445
2	31	4355.5854	-40.89907
3	1	4275.642	-75.339554
3	2	4259.2554	-78.94501
3	3	4270.727	-78.66514
3	4	4291.444	-82.25526
3	5	4310.804	-82.463875
3	6	4263.2744	-56.21841
3	7	4304.965	-56.480434
3	8	4265.9033	-43.775658
3	9	4299.427	-43.9011
3	10	4241.7207	-82.11477
3	11	4365.5195	-82.36418
3	12	4348.1045	-52.324947
3	29	4358.6777	-67.78954
3	31	4355.5854	-40.89907
4	1	4273.6772	-75.334724
4	2	4257.6445	-78.93963
4	3	4268.897	-78.65313
4	4	4289.675	-82.24851
4	5	4308.871	-82.45763
4	6	4263.2744	-56.21841
4	7	4304.965	-56.480434
4	8	4265.9033	-43.775658
4	9	4299.427	-43.9011
4	10	4239.8955	-82.09032
4	11	4363.477	-82.359085
4	12	4347.7573	-52.333614
4	29	4358.6846	-67.90921
5	1	4271.707	-75.329994
5	2	4256.057	-78.93606
5	3	4267.125	-78.64726
5	4	4287.914	-82.24269
5	5	4306.956	-82.44858
5	6	4263.2744	-56.21841
5	7	4304.965	-56.480434
5	8	4265.9033	-43.775658
5	9	4299.427	-43.9011
5	10	4238.077	-82.07532
5	11	4361.46	-82.36312
5	12	4347.4136	-52.335064
5	29	4358.695	-67.910866
6	1	4269.7285	-75.32323
6	2	4254.47	-78.930374
6	3	4265.392	-78.65202
6	4	4286.1616	-82.237015
6	5	4305.0405	-82.448425
6	6	4263.2744	-56.21841
6	7	4304.965	-56.480434
6	8	4265.9033	-43.775658
6	9	4299.427	-43.9011
6	10	4236.2456	-82.06196
6	11	4359.472	-82.329765
6	12	4347.055	-52.33971
6	29	4358.6924	-68.055214
7	1	4267.781	-75.31569
7	2	4252.8853	-78.91794
7	3	4263.7017	-78.64781
7	4	4284.417	-82.23058
7	5	4303.1733	-82.44268
7	6	4263.2744	-56.21841
7	7	4304.965	-56.480434
7	8	4265.9033	-43.775658
7	9	4299.427	-43.9011
7	10	4234.409	-82.05288
7	11	4357.502	-82.32283
7	12	4346.754	-52.34473
8	1	4265.822	-75.30919
8	2	4251.316	-78.91781
8	3	4262.0483	-78.6593
8	4	4282.679	-82.22585
8	5	4301.3213	-82.43562
8	6	4263.2744	-56.21841
8	7	4304.965	-56.480434
8	8	4265.9033	-43.775658
8	10	4232.5474	-82.03459
8	11	4355.5513	-82.319664
8	12	4346.3687	-52.349117
9	1	4263.868	-75.30016
9	2	4249.736	-78.90187
9	3	4260.421	-78.65268
9	4	4280.95	-82.21912
9	5	4299.458	-82.42508
9	6	4263.2744	-56.21841
9	7	4304.965	-56.480434
9	8	4265.9033	-43.775658
9	9	4299.427	-43.9011
9	10	4230.731	-82.01919
9	11	4353.606	-82.30689
9	12	4345.965	-52.353733
10	1	4261.912	-75.2908
10	2	4248.1787	-78.88794
10	3	4258.8535	-78.64944
10	4	4279.2295	-82.21331
10	5	4297.612	-82.41753
10	6	4263.2744	-56.21841
10	7	4304.965	-56.480434
10	8	4265.9033	-43.775658
10	9	4299.427	-43.9011
10	10	4228.866	-82.01003
10	11	4351.6064	-82.283966
10	12	4345.5166	-52.360435
11	1	4259.959	-75.28293
11	2	4246.642	-78.8746
11	3	4257.27	-78.65492
11	4	4277.514	-82.207756
11	5	4295.7793	-82.410614
11	6	4263.2744	-56.21841
11	7	4304.965	-56.480434
11	8	4265.9033	-43.775658
11	9	4299.427	-43.9011
11	10	4227.0522	-82.0028
11	11	4349.588	-82.30048
11	12	4345.2036	-52.36941
12	1	4258.036	-75.27382
12	2	4245.1045	-78.87196
12	3	4255.705	-78.65756
12	4	4275.8066	-82.202095
12	5	4293.965	-82.400475
12	6	4263.2744	-56.21841
12	7	4304.965	-56.480434
12	8	4265.9033	-43.775658
12	9	4299.427	-43.9011
12	10	4225.2417	-81.986115
12	11	4347.612	-82.30355
12	12	4344.7866	-52.371265
13	1	4256.1177	-75.26803
13	2	4243.5747	-78.8618
13	3	4254.142	-78.65964
13	4	4274.105	-82.19633
13	5	4292.171	-82.39028
13	6	4263.2744	-56.21841
13	7	4304.965	-56.480434
13	8	4265.9033	-43.775658
13	9	4299.427	-43.9011
13	10	4223.424	-81.97003
13	11	4345.648	-82.29406
13	12	4344.3496	-52.388935
14	1	4254.1875	-75.26374
14	2	4242.024	-78.84792
14	3	4252.599	-78.657005
14	4	4272.4077	-82.191154
14	5	4290.3906	-82.37993
14	6	4263.2744	-56.21841
14	7	4304.965	-56.480434
14	8	4265.9033	-43.775658
14	9	4299.427	-43.9011
14	10	4221.571	-81.952675
14	11	4343.7217	-82.277885
15	1	4252.2817	-75.25599
15	2	4240.485	-78.84164
15	3	4251.0713	-78.6577
15	4	4270.7163	-82.18733
15	5	4288.622	-82.36761
15	6	4263.2744	-56.21841
15	7	4304.965	-56.480434
15	8	4265.9033	-43.775658
15	9	4299.427	-43.9011
15	10	4219.72	-81.94801
15	11	4341.7207	-82.258835
16	1	4250.3784	-75.24878
16	2	4238.966	-78.82893
16	3	4249.543	-78.6532
16	4	4269.029	-82.182816
16	5	4286.8696	-82.35835
16	6	4263.2744	-56.21841
16	7	4304.965	-56.480434
16	8	4265.9033	-43.775658
16	9	4299.427	-43.9011
16	10	4217.823	-81.9464
16	11	4339.757	-82.25838
17	1	4248.512	-75.241615
17	2	4237.4033	-78.8125
17	3	4248.017	-78.64611
17	4	4267.344	-82.178986
17	5	4285.1304	-82.35103
17	6	4263.2744	-56.21841
17	7	4304.965	-56.480434
17	8	4265.9033	-43.775658
17	9	4299.427	-43.9011
17	10	4215.989	-81.94381
17	11	4337.7803	-82.238495
17	18	4220.354	-22.02166
18	1	4246.632	-75.23174
18	2	4235.8794	-78.80048
18	3	4246.489	-78.63652
18	4	4265.6626	-82.17473
18	5	4283.4	-82.34068
18	6	4263.2744	-56.21841
18	7	4304.965	-56.480434
18	8	4265.9033	-43.775658
18	9	4299.427	-43.9011
18	10	4214.1035	-81.93638
18	11	4335.8584	-82.2481
18	18	4220.354	-22.02166
19	1	4244.7764	-75.23299
19	2	4234.365	-78.79056
19	3	4244.9795	-78.6276
19	4	4263.984	-82.171036
19	5	4281.697	-82.33338
19	6	4263.2744	-56.21841
19	7	4304.965	-56.480434
19	8	4265.9033	-43.775658
19	9	4299.427	-43.9011
19	10	4212.286	-81.935646
19	11	4333.9023	-82.246765
19	18	4220.354	-22.02166
20	1	4242.937	-75.21802
20	2	4232.855	-78.771935
20	3	4243.4653	-78.61604
20	4	4262.306	-82.1677
20	5	4279.9995	-82.32621
20	6	4263.2744	-56.21841
20	7	4304.965	-56.480434
20	8	4265.9033	-43.775658
20	9	4299.427	-43.9011
20	10	4210.422	-81.924286
20	11	4331.902	-82.22818
20	18	4220.354	-22.02166
21	1	4241.0825	-75.2121
21	2	4231.3403	-78.755035
21	3	4241.951	-78.60526
21	4	4260.6304	-82.16423
21	5	4278.3267	-82.320984
21	6	4263.2744	-56.21841
21	7	4304.965	-56.480434
21	8	4265.9033	-43.775658
21	9	4299.427	-43.9011
21	10	4208.5757	-81.90864
21	11	4330.0054	-82.23709
21	18	4220.354	-22.02166
22	1	4239.2695	-75.20026
22	2	4229.829	-78.73244
22	3	4240.4194	-78.59125
22	4	4258.949	-82.1622
22	5	4276.652	-82.30994
22	6	4263.2744	-56.21841
22	7	4304.965	-56.480434
22	8	4265.9033	-43.775658
22	9	4299.427	-43.9011
22	10	4206.7217	-81.9212
22	11	4328.0635	-82.233475
22	18	4220.354	-22.02166
23	1	4237.4604	-75.19653
23	2	4228.312	-78.72682
23	3	4238.9136	-78.569374
23	4	4257.264	-82.15816
23	5	4275.0005	-82.29826
23	6	4263.2744	-56.21841
23	7	4304.965	-56.480434
23	8	4265.9033	-43.775658
23	9	4299.427	-43.9011
23	10	4204.8535	-81.919395
23	11	4326.0933	-82.212166
23	18	4220.354	-22.02166
24	1	4235.6494	-75.17967
24	2	4226.808	-78.70898
24	3	4237.3945	-78.55552
24	4	4255.571	-82.15329
24	5	4273.3564	-82.28366
24	6	4263.2744	-56.21841
24	7	4304.965	-56.480434
24	8	4265.9033	-43.775658
24	9	4299.427	-43.9011
24	10	4202.9937	-81.92493
24	11	4324.1953	-82.19576
24	18	4220.354	-22.02166
25	1	4233.845	-75.173225
25	2	4225.299	-78.69289
25	3	4235.879	-78.53964
25	4	4253.8687	-82.147934
25	5	4271.7227	-82.27582
25	6	4263.2744	-56.21841
25	7	4304.965	-56.480434
25	8	4265.9033	-43.775658
25	9	4299.427	-43.9011
25	10	4201.161	-81.92536
25	11	4322.31	-82.164276
25	18	4220.354	-22.02166
26	1	4232.0723	-75.159515
26	2	4223.802	-78.67934
26	3	4234.385	-78.525764
26	4	4252.1562	-82.14134
26	5	4270.0835	-82.2684
26	6	4263.2744	-56.21841
26	8	4265.9033	-43.775658
26	9	4299.427	-43.9011
26	10	4199.322	-81.91885
26	11	4320.297	-82.14124
26	18	4220.354	-22.02166
27	1	4230.293	-75.16281
27	2	4222.3057	-78.66467
27	3	4232.88	-78.51375
27	4	4250.4307	-82.132324
27	5	4268.455	-82.25975
27	6	4263.2744	-56.21841
27	8	4265.9033	-43.775658
27	9	4299.427	-43.9011
27	10	4197.4785	-81.91634
27	11	4318.3643	-82.14919
27	18	4220.354	-22.02166
27	22	4221.223	-11.084258
28	1	4228.5327	-75.141106
28	2	4220.828	-78.64934
28	3	4231.3745	-78.498276
28	4	4248.6924	-82.1231
28	5	4266.8594	-82.25124
28	6	4263.2744	-56.21841
28	8	4265.9033	-43.775658
28	9	4299.427	-43.9011
28	10	4195.6826	-81.91795
28	11	4316.4326	-82.134766
28	18	4220.354	-22.02166
28	22	4221.223	-11.084258
29	1	4226.75	-75.12983
29	2	4219.363	-78.64283
29	3	4229.8716	-78.47958
29	4	4246.942	-82.11468
29	5	4265.255	-82.2445
29	6	4263.2744	-56.21841
29	8	4265.9033	-43.775658
29	9	4299.427	-43.9011
29	10	4193.84	-81.93273
29	11	4314.484	-82.132576
29	18	4220.354	-22.02166
29	22	4221.223	-11.084258
30	1	4224.9526	-75.10861
30	2	4217.928	-78.63364
30	3	4228.3735	-78.46465
30	4	4245.1753	-82.104095
30	5	4263.6406	-82.24147
30	6	4263.2744	-56.21841
30	8	4265.9033	-43.775658
30	9	4299.427	-43.9011
30	10	4192.0337	-81.928856
30	11	4312.5874	-82.12868
30	18	4220.354	-22.02166
30	22	4221.223	-11.084258
31	1	4223.2104	-75.107704
31	2	4216.4624	-78.62331
31	3	4226.8916	-78.453125
31	4	4243.3916	-82.09503
31	5	4262.053	-82.241005
31	6	4263.2744	-56.21841
31	8	4265.9033	-43.775658
31	9	4299.427	-43.9011
31	10	4190.2275	-81.9324
31	11	4310.6567	-82.13121
31	18	4220.354	-22.02166
31	22	4221.223	-11.084258
32	1	4221.4546	-75.076035
32	2	4215.025	-78.61845
32	3	4225.4126	-78.436844
32	4	4241.5913	-82.086945
32	5	4260.4087	-82.22821
32	6	4263.2744	-56.21841
32	8	4265.9033	-43.775658
32	9	4299.427	-43.9011
32	10	4188.483	-81.93791
32	11	4308.7363	-82.13621
32	18	4220.354	-22.02166
32	22	4221.223	-11.084258
33	1	4219.7095	-75.061295
33	2	4213.6035	-78.61305
33	3	4223.928	-78.41991
33	4	4239.774	-82.07855
33	5	4258.779	-82.21785
33	6	4263.2744	-56.21841
33	8	4265.9033	-43.775658
33	9	4299.427	-43.9011
33	10	4186.7295	-81.923874
33	11	4306.7734	-82.118744
33	18	4220.354	-22.02166
33	22	4221.223	-11.084258
34	1	4217.9824	-75.04973
34	2	4212.1865	-78.6007
34	3	4222.4546	-78.40477
34	4	4237.9404	-82.07057
34	5	4257.1606	-82.20819
34	6	4263.2744	-56.21841
34	8	4265.9033	-43.775658
34	9	4299.427	-43.9011
34	10	4184.9683	-81.92449
34	11	4304.8877	-82.127686
34	18	4220.354	-22.02166
34	22	4221.223	-11.084258
35	1	4216.2373	-75.03134
35	2	4210.8066	-78.594215
35	3	4220.9927	-78.392845
35	4	4236.09	-82.062065
35	5	4255.5303	-82.17921
35	6	4263.2744	-56.21841
35	8	4265.9033	-43.775658
35	9	4299.427	-43.9011
35	10	4183.2515	-81.920944
35	11	4303.014	-82.11534
35	18	4220.354	-22.02166
35	22	4221.223	-11.084258
36	1	4214.521	-75.02396
36	2	4209.4087	-78.59432
36	3	4219.5337	-78.38529
36	4	4234.224	-82.05449
36	5	4253.9287	-82.17151
36	6	4263.2744	-56.21841
36	8	4265.9033	-43.775658
36	9	4299.427	-43.9011
36	10	4181.4624	-81.911095
36	11	4301.0845	-82.10495
36	13	4157.9424	-78.540825
36	18	4220.354	-22.02166
36	22	4221.223	-11.084258
37	1	4212.8037	-74.995224
37	2	4208.046	-78.58264
37	3	4218.0884	-78.36935
37	4	4232.3438	-82.04793
37	5	4252.3057	-82.164696
37	6	4263.2744	-56.21841
37	8	4265.9033	-43.775658
37	10	4179.7437	-81.91212
37	11	4299.1724	-82.0738
37	13	4156.9673	-78.55339
37	18	4220.354	-22.02166
37	22	4221.223	-11.084258
38	1	4211.1074	-74.970634
38	2	4206.673	-78.56718
38	3	4216.654	-78.352715
38	4	4230.4507	-82.041855
38	5	4250.6694	-82.14812
38	6	4263.2744	-56.21841
38	8	4265.9033	-43.775658
38	10	4178.054	-81.91342
38	11	4297.229	-82.0363
38	13	4155.9424	-78.56061
38	18	4220.354	-22.02166
38	22	4221.223	-11.084258
39	1	4209.4062	-74.94073
39	2	4205.3306	-78.56842
39	3	4215.2354	-78.338776
39	4	4228.5454	-82.03783
39	5	4248.9995	-82.12724
39	6	4263.2744	-56.21841
39	8	4265.9033	-43.775658
39	10	4176.3403	-81.9145
39	11	4295.3164	-82.020905
39	13	4154.971	-78.56498
39	18	4220.354	-22.02166
39	22	4221.223	-11.084258
40	1	4207.7896	-74.928185
40	2	4204.007	-78.56972
40	3	4213.842	-78.32635
40	4	4226.6294	-82.03199
40	5	4247.283	-82.12464
40	6	4263.2744	-56.21841
40	8	4265.9033	-43.775658
40	10	4174.6167	-81.942566
40	11	4293.3325	-82.01371
40	13	4154.0444	-78.53626
40	18	4220.354	-22.02166
40	22	4221.223	-11.084258
41	1	4206.1367	-74.937195
41	2	4202.69	-78.581635
41	3	4212.488	-78.3369
41	4	4224.7056	-82.028366
41	5	4245.6963	-82.14235
41	6	4263.2744	-56.21841
41	8	4265.9033	-43.775658
41	10	4172.9604	-81.942375
41	11	4291.7095	-82.04879
41	13	4153.144	-78.54244
41	18	4220.354	-22.02166
41	20	4151.079	-96.87132
41	22	4221.223	-11.084258
42	1	4204.389	-74.941086
42	2	4201.383	-78.569275
42	3	4211.0938	-78.33275
42	4	4222.7754	-82.02584
42	5	4244.0254	-82.12348
42	6	4263.2744	-56.21841
42	8	4265.9033	-43.775658
42	10	4171.303	-81.938156
42	11	4289.786	-82.030846
42	13	4152.0894	-78.53653
42	18	4220.354	-22.02166
42	20	4152.794	-96.931404
42	22	4221.223	-11.084258
43	1	4202.6943	-74.93673
43	2	4200.0664	-78.56635
43	3	4209.723	-78.324974
43	4	4220.844	-82.02462
43	5	4242.3486	-82.10655
43	6	4263.2744	-56.21841
43	8	4265.9033	-43.775658
43	10	4169.671	-81.93644
43	11	4287.9014	-82.012665
43	13	4151.127	-78.535545
43	18	4220.354	-22.02166
43	20	4154.5234	-96.96096
43	22	4221.223	-11.084258
44	1	4201.0186	-74.92848
44	2	4198.741	-78.56946
44	3	4208.392	-78.32404
44	4	4218.9146	-82.02335
44	5	4240.6787	-82.087395
44	6	4263.2744	-56.21841
44	8	4265.9033	-43.775658
44	10	4168.0137	-81.9456
44	11	4286.0166	-81.992325
44	13	4150.1514	-78.52524
44	18	4220.354	-22.02166
44	20	4156.2646	-96.9615
44	22	4221.223	-11.084258
45	1	4199.4023	-74.928024
45	2	4197.449	-78.57426
45	3	4207.057	-78.3213
45	4	4216.9907	-82.02083
45	5	4239.03	-82.07984
45	6	4263.2744	-56.21841
45	8	4265.9033	-43.775658
45	10	4166.405	-81.9474
45	11	4284.2617	-81.9904
45	13	4149.1772	-78.5153
45	14	4140.3403	-89.6023
45	18	4220.354	-22.02166
45	20	4158.019	-96.97347
45	22	4221.223	-11.084258
46	1	4197.7524	-74.931404
46	2	4196.1426	-78.57375
46	3	4205.733	-78.31905
46	4	4215.0786	-82.02065
46	5	4237.365	-82.06836
46	6	4263.2744	-56.21841
46	8	4265.9033	-43.775658
46	10	4164.8096	-81.94591
46	11	4282.4575	-81.97807
46	13	4148.127	-78.50745
46	14	4141.7607	-89.58444
46	18	4220.354	-22.02166
46	20	4159.8135	-96.98376
46	22	4221.223	-11.084258
47	1	4196.112	-74.92654
47	2	4194.833	-78.5684
47	3	4204.4272	-78.31898
47	4	4213.1724	-82.018585
47	5	4235.661	-82.05713
47	6	4263.2744	-56.21841
47	8	4265.9033	-43.775658
47	10	4163.2236	-81.93336
47	11	4280.5796	-81.954765
47	13	4147.1724	-78.4855
47	14	4143.308	-89.62306
47	18	4220.354	-22.02166
47	20	4161.584	-96.98073
47	22	4221.223	-11.084258
48	1	4194.452	-74.935165
48	2	4193.538	-78.57498
48	3	4203.1226	-78.31633
48	4	4211.28	-82.019745
48	5	4233.957	-82.05622
48	6	4263.2744	-56.21841
48	8	4265.9033	-43.775658
48	10	4161.6265	-81.939156
48	11	4278.7554	-81.931786
48	13	4146.206	-78.48162
48	14	4144.8022	-89.60744
48	18	4220.354	-22.02166
48	20	4163.383	-96.99825
48	22	4221.223	-11.084258
49	1	4192.805	-74.92717
49	2	4192.2417	-78.56917
49	3	4201.819	-78.31446
49	4	4209.3994	-82.02144
49	5	4232.207	-82.03903
49	6	4263.2744	-56.21841
49	8	4265.9033	-43.775658
49	10	4160.0767	-81.94368
49	11	4276.941	-81.91106
49	13	4145.178	-78.457275
49	14	4146.2417	-89.605255
49	15	4134.24	-78.41774
49	18	4220.354	-22.02166
49	20	4165.1807	-97.01519
49	22	4221.223	-11.084258
50	1	4191.17	-74.92608
50	2	4190.9653	-78.571495
50	3	4200.521	-78.31447
50	4	4207.5264	-82.02471
50	5	4230.454	-82.01708
50	6	4263.2744	-56.21841
50	8	4265.9033	-43.775658
50	10	4158.523	-81.94897
50	11	4275.121	-81.88627
50	13	4144.2236	-78.44562
50	14	4147.769	-89.59896
50	15	4133.261	-78.38171
50	16	4167.4863	-75.12007
50	18	4220.354	-22.02166
50	20	4167.0093	-97.02311
50	22	4221.223	-11.084258
51	1	4189.527	-74.917305
51	2	4189.6914	-78.56564
51	3	4199.2344	-78.3042
51	4	4205.6616	-82.02839
51	5	4228.7495	-82.02257
51	6	4263.2744	-56.21841
51	8	4265.9033	-43.775658
51	10	4156.9595	-81.9451
51	11	4273.412	-81.8929
51	13	4143.264	-78.4301
51	14	4149.2764	-89.59944
51	15	4132.22	-78.3818
51	16	4166.063	-75.128685
51	18	4220.354	-22.02166
51	20	4168.8486	-97.032776
52	1	4187.8774	-74.91616
52	2	4188.439	-78.567245
52	3	4197.9375	-78.305016
52	4	4203.804	-82.03447
52	5	4227.003	-82.01521
52	8	4265.9033	-43.775658
52	10	4155.413	-81.94625
52	11	4271.6494	-81.89182
52	13	4142.297	-78.413704
52	14	4150.834	-89.587204
52	15	4131.3154	-78.369545
52	16	4164.664	-75.132965
52	17	4126.5146	-74.918976
52	18	4220.354	-22.02166
52	20	4170.738	-97.03092
52	22	4221.223	-11.084258
53	1	4186.244	-74.91127
53	2	4187.1323	-78.56982
53	3	4196.641	-78.30564
53	4	4201.9526	-82.0394
53	5	4225.26	-82.002525
53	6	4263.2744	-56.21841
53	8	4265.9033	-43.775658
53	10	4153.863	-81.94039
53	11	4269.884	-81.87422
53	13	4141.3213	-78.40804
53	14	4152.397	-89.58095
53	15	4130.288	-78.35219
53	16	4163.302	-75.14652
53	17	4125.162	-74.85369
53	20	4172.516	-97.038445
53	22	4221.223	-11.084258
54	1	4184.6313	-74.91466
54	2	4185.8564	-78.57259
54	3	4195.3613	-78.300735
54	4	4200.1084	-82.04557
54	5	4223.5195	-81.99194
54	6	4263.2744	-56.21841
54	10	4152.383	-81.94593
54	11	4268.13	-81.84679
54	13	4140.3257	-78.39415
54	14	4153.831	-89.55979
54	15	4129.3467	-78.35639
54	16	4161.891	-75.14565
54	17	4123.8774	-74.84153
54	20	4174.355	-97.0359
54	22	4221.223	-11.084258
55	1	4183.0234	-74.91075
55	2	4184.5767	-78.57628
55	3	4194.071	-78.305626
55	4	4198.268	-82.050865
55	5	4221.787	-81.98953
55	6	4263.2744	-56.21841
55	10	4150.875	-81.94468
55	11	4266.354	-81.82057
55	13	4139.3765	-78.38432
55	14	4155.4546	-89.55036
55	15	4128.374	-78.34602
55	16	4160.5176	-75.12529
55	17	4122.305	-74.80871
55	20	4176.222	-97.03398
56	1	4181.381	-74.909485
56	2	4183.3027	-78.57436
56	3	4192.801	-78.29925
56	4	4196.4336	-82.05735
56	5	4220.044	-81.9773
56	6	4263.2744	-56.21841
56	10	4149.3613	-81.925476
56	11	4264.647	-81.78963
56	13	4138.405	-78.38099
56	14	4157.0103	-89.55526
56	15	4127.354	-78.34207
56	16	4159.1094	-75.10797
56	17	4120.8135	-74.79309
56	20	4178.0674	-97.0363
56	22	4221.223	-11.084258
57	1	4179.7817	-74.921776
57	2	4182.035	-78.575294
57	3	4191.5527	-78.29833
57	4	4194.6064	-82.06298
57	5	4218.294	-81.965454
57	6	4263.2744	-56.21841
57	10	4147.8774	-81.92275
57	11	4262.921	-81.78255
57	13	4137.4277	-78.373886
57	14	4158.5933	-89.54306
57	15	4126.407	-78.35032
57	16	4157.692	-75.104355
57	17	4119.355	-74.80967
57	19	4121.123	-89.801834
57	20	4179.9043	-97.02496
58	1	4178.1733	-74.93849
58	2	4180.779	-78.57447
58	3	4190.2847	-78.30238
58	4	4192.786	-82.06729
58	5	4216.56	-81.94836
58	10	4146.3853	-81.91826
58	11	4261.1904	-81.775856
58	13	4136.4253	-78.36539
58	14	4160.1973	-89.53718
58	15	4125.3794	-78.33418
58	16	4156.2515	-75.086075
58	17	4118.028	-74.799515
58	19	4122.9067	-89.7679
58	20	4181.7993	-97.01194
59	1	4176.58	-74.92984
59	2	4179.502	-78.57905
59	3	4189.004	-78.2915
59	4	4190.969	-82.071724
59	5	4214.8335	-81.940735
59	10	4144.9097	-81.91459
59	11	4259.4688	-81.76583
59	13	4135.393	-78.35642
59	14	4161.789	-89.52853
59	15	4124.3604	-78.326035
59	16	4154.8076	-75.07229
59	17	4116.5835	-74.812744
59	19	4124.718	-89.744255
59	20	4183.5654	-97.0187
60	1	4174.9917	-74.92828
60	2	4178.2324	-78.58014
60	3	4187.715	-78.27161
60	4	4189.1577	-82.07844
60	5	4213.103	-81.93474
60	10	4143.4053	-81.914276
60	11	4257.726	-81.75038
60	13	4134.365	-78.33262
60	14	4163.41	-89.51607
60	15	4123.3647	-78.32038
60	16	4153.317	-75.0614
60	17	4115.1313	-74.785286
60	19	4126.555	-89.71778
60	20	4185.4756	-96.98464
60	21	4133.542	-96.0451
61	1	4173.452	-74.921
61	2	4176.972	-78.585205
61	3	4186.445	-78.24787
61	4	4187.3525	-82.083626
61	5	4211.3843	-81.91588
61	10	4141.9434	-81.91601
61	11	4255.988	-81.739784
61	13	4133.337	-78.324394
61	14	4165.0483	-89.51056
61	15	4122.396	-78.31299
61	16	4151.883	-75.04989
61	17	4113.7007	-74.77403
61	19	4128.324	-89.70993
61	20	4187.275	-96.99369
61	21	4135.889	-96.136734
62	1	4171.868	-74.93414
62	2	4175.6997	-78.58746
62	3	4185.178	-78.23625
62	4	4185.553	-82.088036
62	5	4209.668	-81.8979
62	10	4140.425	-81.908516
62	11	4254.2603	-81.725365
62	13	4132.2783	-78.311516
62	14	4166.6763	-89.51959
62	15	4121.3477	-78.29618
62	16	4150.4624	-75.04791
62	17	4111.942	-74.787056
62	19	4130.171	-89.72646
62	20	4189.2026	-96.97652
62	21	4137.9395	-96.14835
63	1	4170.3706	-74.97607
63	2	4174.434	-78.58967
63	3	4183.901	-78.241905
63	4	4183.7607	-82.09181
63	5	4207.9375	-81.894516
63	10	4138.949	-81.898384
63	11	4252.5703	-81.71783
63	13	4131.2188	-78.3059
63	14	4168.302	-89.52676
63	15	4120.278	-78.28632
63	16	4148.9834	-75.04489
63	17	4110.368	-74.78281
63	19	4131.9233	-89.73078
63	20	4191.045	-96.96943
63	21	4139.8867	-96.15869
64	1	4168.818	-74.98034
64	2	4173.1714	-78.593315
64	3	4182.62	-78.235306
64	4	4181.971	-82.09478
64	5	4206.2007	-81.897285
64	10	4137.484	-81.88854
64	11	4250.891	-81.70122
64	13	4130.1616	-78.286026
64	14	4169.9785	-89.51747
64	15	4119.241	-78.2738
64	16	4147.4883	-75.036446
64	17	4108.944	-74.74874
64	19	4133.7383	-89.73241
64	20	4192.939	-96.96635
64	21	4141.777	-96.17209
65	1	4167.1934	-75.00289
65	2	4171.8877	-78.59387
65	3	4181.3384	-78.22732
65	4	4180.1865	-82.09805
65	5	4204.515	-81.896255
65	10	4136.03	-81.886635
65	11	4249.1904	-81.68775
65	13	4129.097	-78.2863
65	14	4171.636	-89.500244
65	15	4118.222	-78.27184
65	16	4146.037	-75.043335
65	17	4107.6274	-74.72477
65	19	4135.5317	-89.72808
65	20	4194.8506	-96.95984
65	21	4143.62	-96.18248
65	23	4108.2764	-92.45335
66	2	4170.628	-78.60351
66	3	4180.072	-78.22815
66	4	4178.4087	-82.10175
66	5	4202.801	-81.89054
66	10	4134.552	-81.877975
66	11	4247.53	-81.68874
66	13	4128.04	-78.26674
66	14	4173.239	-89.48376
66	15	4117.1724	-78.25686
66	16	4144.576	-75.03873
66	17	4106.1235	-74.71933
66	19	4137.2896	-89.72374
66	20	4196.7817	-96.941284
66	21	4145.5024	-96.19164
66	23	4110.6157	-92.52519
67	2	4169.339	-78.60565
67	3	4178.817	-78.22688
67	4	4176.6367	-82.10058
67	5	4201.044	-81.8882
67	10	4133.0464	-81.87668
67	11	4245.805	-81.66578
67	13	4126.9595	-78.256676
67	14	4174.864	-89.48148
67	15	4116.1636	-78.24795
67	16	4143.1226	-75.03514
67	17	4104.602	-74.68586
67	19	4139.0986	-89.7228
67	20	4198.746	-96.928764
67	21	4147.3906	-96.20001
67	23	4113.045	-92.574524
68	2	4168.038	-78.60443
68	3	4177.5225	-78.21107
68	4	4174.8667	-82.10169
68	5	4199.3203	-81.890495
68	10	4131.551	-81.8669
68	11	4244.0586	-81.656525
68	13	4125.8726	-78.24132
68	14	4176.421	-89.48283
68	15	4115.0938	-78.24559
68	16	4141.6484	-75.0149
68	17	4103.1377	-74.646385
68	19	4140.921	-89.74141
68	20	4200.7236	-96.91872
68	21	4149.2827	-96.20856
68	23	4115.4077	-92.56788
69	2	4166.7812	-78.60147
69	3	4176.2607	-78.201996
69	4	4173.1	-82.100044
69	5	4197.6313	-81.89089
69	10	4130.075	-81.85689
69	11	4242.391	-81.63202
69	13	4124.7695	-78.224144
69	14	4178.0435	-89.485535
69	15	4114.025	-78.21974
69	16	4140.137	-74.99831
69	17	4101.7046	-74.61576
69	19	4142.63	-89.740395
69	20	4202.695	-96.91177
69	21	4151.1772	-96.210464
69	23	4117.792	-92.58255
70	2	4165.4604	-78.616936
70	3	4175.012	-78.202736
70	4	4171.339	-82.09814
70	5	4195.9487	-81.92713
70	10	4128.5366	-81.86331
70	11	4240.648	-81.66478
70	13	4123.67	-78.25621
70	14	4179.679	-89.52249
70	15	4112.944	-78.24825
70	16	4138.648	-75.015205
70	17	4100.091	-74.5976
70	19	4144.4165	-89.73005
70	20	4204.7114	-96.87331
70	21	4153.0884	-96.23561
70	23	4120.078	-92.58277
70	24	4097.119	-89.75172
71	2	4164.203	-78.616646
71	3	4173.735	-78.2037
71	4	4169.583	-82.092735
71	5	4194.195	-81.92539
71	10	4127.019	-81.85644
71	11	4238.911	-81.64714
71	13	4122.523	-78.24397
71	14	4181.38	-89.5307
71	15	4111.8423	-78.24525
71	16	4137.1357	-74.99666
71	17	4098.7	-74.57839
71	19	4146.152	-89.76586
71	20	4206.7324	-96.84721
71	21	4154.9165	-96.22283
71	23	4122.3696	-92.59077
71	24	4099.273	-89.77377
72	2	4162.912	-78.61604
72	3	4172.464	-78.20134
72	4	4167.829	-82.08666
72	5	4192.457	-81.907135
72	10	4125.4995	-81.848656
72	11	4237.1875	-81.62177
72	13	4121.365	-78.21557
72	14	4183.1304	-89.55068
72	15	4110.7314	-78.23479
72	16	4135.6074	-74.9601
72	17	4097.2603	-74.57305
72	19	4147.983	-89.75759
72	20	4208.75	-96.85066
72	21	4156.834	-96.20974
72	23	4124.7046	-92.637405
72	24	4101.58	-89.69051
73	2	4161.6	-78.61426
73	3	4171.1777	-78.19847
73	4	4166.081	-82.077965
73	5	4190.7324	-81.91284
73	10	4123.958	-81.83985
73	11	4235.507	-81.59649
73	13	4120.2593	-78.20759
73	14	4184.863	-89.51975
73	15	4109.5957	-78.22669
73	16	4134.1196	-74.95442
73	17	4095.7239	-74.544205
73	19	4149.7207	-89.76677
73	20	4210.803	-96.82914
73	21	4158.692	-96.20747
73	23	4127.0215	-92.63902
73	24	4103.8296	-89.6526
73	25	4155.18	-74.96846
74	2	4160.2915	-78.61035
74	3	4169.89	-78.20611
74	4	4164.3354	-82.0687
74	5	4188.9976	-81.91431
74	10	4122.3955	-81.835495
74	11	4233.8076	-81.562325
74	13	4119.1377	-78.188965
74	14	4186.683	-89.52027
74	15	4108.4785	-78.221
74	16	4132.613	-74.94297
74	17	4094.337	-74.55117
74	19	4151.5293	-89.76632
74	21	4160.5503	-96.20382
74	23	4129.3877	-92.662125
74	24	4105.979	-89.64291
74	25	4153.6294	-75.00744
75	2	4158.973	-78.614655
75	3	4168.631	-78.20947
75	4	4162.5923	-82.056854
75	5	4187.2876	-81.90707
75	10	4120.8384	-81.82421
75	11	4232.136	-81.504265
75	13	4118.0083	-78.170135
75	14	4188.415	-89.52222
75	15	4107.3555	-78.21246
75	16	4131.082	-74.927246
75	17	4092.9402	-74.54756
75	19	4153.243	-89.76069
75	21	4162.3716	-96.207466
75	23	4131.774	-92.674416
75	24	4108.121	-89.647964
75	25	4152.0386	-75.03659
75	26	4093.1953	-51.11251
75	27	4090.3875	-96.23462
76	2	4157.631	-78.611374
76	3	4167.352	-78.20468
76	4	4160.85	-82.04487
76	5	4185.5684	-81.91985
76	10	4119.263	-81.81752
76	11	4230.384	-81.50128
76	13	4116.849	-78.15992
76	14	4190.225	-89.52919
76	15	4106.161	-78.199005
76	16	4129.5576	-74.910545
76	17	4091.4268	-74.52829
76	19	4155.0024	-89.75434
76	21	4164.2075	-96.21007
76	23	4134.061	-92.68572
76	24	4110.2974	-89.62883
76	25	4150.551	-75.0189
76	26	4093.192	-51.583538
76	27	4092.3232	-96.26284
77	2	4156.3223	-78.60863
77	3	4166.0854	-78.21181
77	4	4159.1104	-82.030685
77	5	4183.846	-81.918846
77	10	4117.7114	-81.81089
77	11	4228.684	-81.51792
77	13	4115.687	-78.14379
77	14	4192.0444	-89.534904
77	15	4105.011	-78.19631
77	16	4128.042	-74.883064
77	17	4089.849	-74.51848
77	19	4156.745	-89.74614
77	21	4166.0728	-96.21169
77	23	4136.3755	-92.6972
77	24	4112.485	-89.628746
77	25	4149.0527	-75.01214
77	26	4093.1917	-52.01498
77	27	4094.2	-96.2883
78	2	4154.9653	-78.58111
78	3	4164.816	-78.21274
78	4	4157.3706	-82.01549
78	5	4182.1436	-81.912544
78	10	4116.124	-81.79904
78	11	4226.9995	-81.521385
78	13	4114.474	-78.12496
78	14	4193.876	-89.531746
78	15	4103.811	-78.178825
78	16	4126.4985	-74.86089
78	17	4088.3093	-74.49341
78	19	4158.4546	-89.755226
78	21	4167.9116	-96.22278
78	23	4138.6313	-92.71337
78	24	4114.649	-89.63824
78	25	4147.561	-75.00607
78	26	4093.195	-52.48019
78	27	4096.1274	-96.29142
79	2	4153.624	-78.58108
79	3	4163.574	-78.21189
79	4	4155.629	-81.99989
79	5	4180.4478	-81.91534
79	10	4114.495	-81.78811
79	11	4225.366	-81.51349
79	13	4113.2935	-78.10968
79	14	4195.7183	-89.53606
79	15	4102.6777	-78.178474
79	16	4124.9634	-74.84247
79	17	4086.7622	-74.48619
79	19	4160.1606	-89.75943
79	21	4169.8286	-96.20971
79	23	4140.9116	-92.72041
79	24	4116.7974	-89.646065
79	25	4146.057	-75.0032
79	26	4093.1938	-52.92425
79	27	4098.0137	-96.304596
80	2	4152.229	-78.560875
80	3	4162.302	-78.21571
80	4	4153.8833	-81.984726
80	5	4178.712	-81.90786
80	10	4112.865	-81.76888
80	11	4223.659	-81.516045
80	13	4112.069	-78.09064
80	14	4197.5625	-89.52771
80	15	4101.4956	-78.160385
80	16	4123.3687	-74.83068
80	17	4085.2654	-74.477936
80	19	4161.8677	-89.77047
80	21	4171.7314	-96.20941
80	23	4143.1855	-92.715256
80	24	4118.9985	-89.63916
80	25	4144.5347	-74.998634
80	26	4093.1997	-53.32425
80	27	4099.8965	-96.33986
81	2	4150.8633	-78.54675
81	3	4161.06	-78.215546
81	4	4152.1294	-81.96829
81	5	4176.991	-81.90982
81	10	4111.246	-81.759605
81	11	4221.905	-81.46912
81	13	4110.847	-78.06919
81	14	4199.413	-89.525734
81	15	4100.2954	-78.157036
81	16	4121.8467	-74.80558
81	17	4083.8784	-74.459724
81	19	4163.638	-89.77998
81	21	4173.621	-96.20962
81	23	4145.4277	-92.724915
81	24	4121.187	-89.64386
81	25	4143.02	-74.999535
81	26	4093.1995	-53.77497
81	27	4101.8203	-96.36228
82	2	4149.538	-78.52865
82	3	4159.8076	-78.21448
82	4	4150.3706	-81.95285
82	5	4175.264	-81.91038
82	10	4109.6206	-81.73959
82	11	4220.1772	-81.46912
82	13	4109.617	-78.058075
82	14	4201.2695	-89.51963
82	15	4099.097	-78.14007
82	16	4120.278	-74.779724
82	17	4082.379	-74.474945
82	19	4165.4214	-89.77813
82	21	4175.535	-96.21285
82	23	4147.634	-92.70349
82	24	4123.3496	-89.648705
82	25	4141.4956	-74.992714
82	26	4093.196	-54.187477
82	28	4102.4126	-92.77187
83	2	4148.2197	-78.50321
83	3	4158.563	-78.20653
83	4	4148.605	-81.93714
83	5	4173.589	-81.90592
83	10	4107.9565	-81.716286
83	11	4218.501	-81.466385
83	13	4108.39	-78.0399
83	14	4203.141	-89.520584
83	15	4097.9233	-78.13478
83	16	4118.7173	-74.76509
83	17	4080.8254	-74.47093
83	19	4167.1973	-89.77633
83	21	4177.4336	-96.215576
83	23	4149.8057	-92.724106
83	24	4125.5405	-89.65284
83	25	4139.9556	-74.986626
83	26	4093.2	-54.57869
83	28	4104.645	-92.804756
84	2	4146.8623	-78.495415
84	3	4157.304	-78.20252
84	4	4146.832	-81.92139
84	5	4171.8857	-81.90008
84	10	4106.284	-81.6989
84	11	4216.867	-81.451454
84	13	4107.16	-78.030014
84	14	4204.9995	-89.53452
84	15	4096.708	-78.12399
84	16	4117.1494	-74.73904
84	17	4079.2139	-74.41466
84	19	4169.0	-89.7783
84	21	4179.3853	-96.22563
84	23	4151.9995	-92.72081
84	24	4127.7085	-89.6583
84	25	4138.4346	-74.97729
84	26	4093.1992	-54.981186
84	28	4106.881	-92.85483
85	2	4145.5156	-78.49058
85	3	4156.0435	-78.20366
85	4	4145.0503	-81.906845
85	5	4170.174	-81.90418
85	10	4104.6206	-81.68045
85	11	4215.1113	-81.43812
85	13	4105.9194	-78.01066
85	14	4206.911	-89.530624
85	15	4095.5017	-78.114525
85	16	4115.5747	-74.723076
85	17	4077.5872	-74.422516
85	19	4170.797	-89.77061
85	21	4181.302	-96.23242
85	23	4154.214	-92.73249
85	24	4129.8994	-89.65695
85	25	4136.918	-74.96589
85	26	4093.1982	-55.348095
85	27	4109.3057	-96.36213
85	28	4109.0957	-92.89111
86	2	4144.1494	-78.492836
86	3	4154.7764	-78.20302
86	4	4143.2593	-81.891266
86	5	4168.46	-81.89196
86	10	4102.9346	-81.65628
86	11	4213.4395	-81.41263
86	13	4104.675	-78.001755
86	14	4208.7705	-89.556244
86	15	4094.2917	-78.09781
86	16	4114.0117	-74.69349
86	17	4076.036	-74.43141
86	19	4172.5986	-89.771126
86	21	4183.275	-96.22823
86	23	4156.4756	-92.73125
86	24	4132.0386	-89.660774
86	25	4135.3745	-74.958405
86	26	4093.1948	-55.69694
86	27	4111.315	-96.376724
86	28	4111.339	-92.90872
86	30	4069.6814	-92.43155
87	2	4142.7925	-78.493744
87	3	4153.506	-78.197845
87	4	4141.4575	-81.877426
87	5	4166.7476	-81.881134
87	10	4101.1978	-81.617645
87	11	4211.7144	-81.39386
87	13	4103.4214	-77.98589
87	14	4210.6367	-89.579155
87	15	4093.02	-78.09633
87	16	4112.3945	-74.66377
87	17	4074.5256	-74.40176
87	19	4174.399	-89.76574
87	21	4185.191	-96.22828
87	23	4158.7827	-92.74559
87	24	4134.1577	-89.64544
87	25	4133.831	-74.943985
87	26	4093.1968	-56.037907
87	27	4113.305	-96.3909
87	28	4113.493	-92.93463
87	30	4071.7764	-92.47027
88	2	4141.455	-78.49131
88	3	4152.23	-78.19922
88	4	4139.6455	-81.86415
88	5	4165.0225	-81.876
88	10	4099.499	-81.59043
88	11	4209.9756	-81.37452
88	13	4102.148	-77.982414
88	14	4212.584	-89.596886
88	15	4091.7812	-78.086914
88	16	4110.8164	-74.64619
88	17	4073.006	-74.401306
88	19	4176.2363	-89.76292
88	21	4187.148	-96.2289
88	23	4161.095	-92.746216
88	24	4136.2095	-89.64012
88	25	4132.2812	-74.933586
88	26	4093.1985	-56.391495
88	27	4115.287	-96.393524
88	28	4115.673	-92.94802
88	30	4074.0222	-92.467026
88	32	4066.7856	-96.45102
89	2	4140.056	-78.496056
89	3	4150.96	-78.195694
89	4	4137.8223	-81.85159
89	5	4163.3174	-81.86687
89	10	4097.7837	-81.55664
89	11	4208.24	-81.35687
89	13	4100.882	-77.96291
89	14	4214.437	-89.54249
89	15	4090.5427	-78.07239
89	16	4109.225	-74.62484
89	17	4071.4414	-74.35401
89	19	4178.1475	-89.75524
89	21	4189.1045	-96.23141
89	23	4163.378	-92.765396
89	24	4138.2734	-89.622826
89	25	4130.7334	-74.92048
89	26	4093.1904	-56.69872
89	27	4117.097	-96.40658
89	28	4117.879	-92.96455
89	30	4076.1355	-92.43428
89	32	4068.6514	-96.40037
89	33	4213.8477	-78.42315
90	2	4138.705	-78.48082
90	3	4149.679	-78.18876
90	4	4135.9893	-81.84038
90	5	4161.6045	-81.86065
90	10	4096.0474	-81.526054
90	11	4206.529	-81.354675
90	13	4099.606	-77.93917
90	15	4089.287	-78.06067
90	16	4107.5957	-74.59866
90	17	4069.7598	-74.31997
90	19	4179.975	-89.752625
90	21	4191.0767	-96.22579
90	23	4165.6934	-92.766045
90	24	4140.2676	-89.640945
90	25	4129.1914	-74.90669
90	26	4093.1885	-56.99295
90	27	4119.033	-96.40735
90	28	4120.103	-92.974304
90	30	4078.2795	-92.46833
90	32	4070.5015	-96.39193
90	33	4211.9375	-78.43509
