0	1	490.21606	7447.098
0	2	464.84015	7460.58
0	4	507.78702	7439.7554
0	5	526.67035	7444.188
0	6	525.22705	7439.8076
0	7	532.665	7465.841
1	1	490.2194	7447.283
1	2	465.73102	7460.559
1	4	507.78702	7439.7554
1	5	526.67035	7444.188
1	6	525.22705	7439.8076
1	7	532.665	7465.841
2	1	490.22888	7447.4697
2	2	466.61816	7460.5337
2	4	507.78702	7439.7554
2	5	526.67035	7444.188
2	6	525.22705	7439.8076
2	7	532.665	7465.841
3	1	490.2409	7447.649
3	2	467.50388	7460.504
3	4	507.78702	7439.7554
3	5	526.67035	7444.188
3	6	525.22705	7439.8076
3	7	532.665	7465.841
4	1	490.25046	7447.8193
4	2	468.3893	7460.4697
4	4	507.78702	7439.7554
4	5	526.67035	7444.188
4	6	525.22705	7439.8076
4	7	532.665	7465.841
5	1	490.26248	7447.9604
5	2	469.27118	7460.4307
5	4	507.78702	7439.7554
5	5	526.67035	7444.188
5	6	525.22705	7439.8076
5	7	532.665	7465.841
6	1	490.26962	7448.132
6	2	470.14923	7460.3877
6	4	507.78702	7439.7554
6	5	526.67035	7444.188
6	6	525.22705	7439.8076
6	7	532.665	7465.841
7	1	490.27972	7448.2954
7	2	471.02194	7460.3403
7	3	476.70663	7491.181
7	4	507.78702	7439.7554
7	5	526.67035	7444.188
7	6	525.22705	7439.8076
7	7	532.665	7465.841
8	1	490.28915	7448.4404
8	2	471.88834	7460.2876
8	4	507.78702	7439.7554
8	5	526.67035	7444.188
8	6	525.22705	7439.8076
8	7	532.665	7465.841
9	1	490.29916	7448.586
9	2	472.7549	7460.2305
9	3	476.70663	7491.181
9	4	507.78702	7439.7554
9	5	526.67035	7444.188
9	6	525.22705	7439.8076
9	7	532.665	7465.841
9	8	543.3805	7434.325
10	1	490.31198	7448.7227
10	2	473.61786	7460.168
10	3	476.70663	7491.181
10	4	507.78702	7439.7554
10	5	526.67035	7444.188
10	6	525.22705	7439.8076
10	7	532.665	7465.841
10	8	543.3805	7434.325
11	1	490.32553	7448.8706
11	2	474.47653	7460.102
11	3	476.70663	7491.181
11	4	507.78702	7439.7554
11	5	526.67035	7444.188
11	6	525.22705	7439.8076
11	7	532.665	7465.841
11	8	543.3805	7434.325
12	1	490.3355	7448.9946
12	2	475.3314	7460.0312
12	3	476.70663	7491.181
12	4	507.78702	7439.7554
12	5	526.67035	7444.188
12	6	525.22705	7439.8076
12	7	532.665	7465.841
12	8	543.3805	7434.325
13	1	490.3539	7449.114
13	2	476.18283	7459.9565
13	3	476.70663	7491.181
13	4	507.78702	7439.7554
13	5	526.67035	7444.188
13	6	525.22705	7439.8076
13	7	532.665	7465.841
13	8	543.3805	7434.325
13	9	527.5213	7439.348
14	1	490.3711	7449.2544
14	2	477.03098	7459.8794
14	3	476.70663	7491.181
14	4	507.78702	7439.7554
14	5	526.67035	7444.188
14	6	525.22705	7439.8076
14	7	532.665	7465.841
14	8	543.3805	7434.325
14	9	527.5213	7439.348
15	1	490.38293	7449.3613
15	2	477.87488	7459.8027
15	3	476.70663	7491.181
15	4	507.78702	7439.7554
15	5	526.67035	7444.188
15	6	525.22705	7439.8076
15	7	532.665	7465.841
15	8	543.3805	7434.325
15	9	527.5213	7439.348
16	1	490.3983	7449.4824
16	2	478.715	7459.7197
16	3	476.70663	7491.181
16	4	507.78702	7439.7554
16	5	526.67035	7444.188
16	6	525.22705	7439.8076
16	7	532.665	7465.841
16	8	543.3805	7434.325
16	9	527.5213	7439.348
17	1	490.41855	7449.6133
17	2	479.5504	7459.637
17	3	476.70663	7491.181
17	4	507.78702	7439.7554
17	5	526.67035	7444.188
17	6	525.22705	7439.8076
17	7	532.665	7465.841
17	8	543.3805	7434.325
17	9	527.5213	7439.348
18	1	490.4328	7449.7134
18	2	480.3803	7459.554
18	3	476.70663	7491.181
18	4	507.78702	7439.7554
18	5	526.67035	7444.188
18	6	525.22705	7439.8076
18	7	532.665	7465.841
18	8	543.3805	7434.325
18	9	527.5213	7439.348
19	1	490.45444	7449.8354
19	2	481.20694	7459.468
19	3	476.70663	7491.181
19	4	507.78702	7439.7554
19	5	526.67035	7444.188
19	6	525.22705	7439.8076
19	7	532.665	7465.841
19	8	543.3805	7434.325
19	9	527.5213	7439.348
20	1	490.47668	7449.937
20	2	482.0289	7459.38
20	3	476.70663	7491.181
20	4	507.78702	7439.7554
20	5	526.67035	7444.188
20	6	525.22705	7439.8076
20	7	532.665	7465.841
20	8	543.3805	7434.325
20	9	527.5213	7439.348
21	1	490.49863	7450.0435
21	2	482.84714	7459.292
21	3	476.70663	7491.181
21	4	507.78702	7439.7554
21	5	526.67035	7444.188
21	6	525.22705	7439.8076
21	7	532.665	7465.841
21	8	543.3805	7434.325
21	9	527.5213	7439.348
22	1	490.527	7450.1494
22	2	483.6608	7459.202
22	3	476.70663	7491.181
22	4	507.78702	7439.7554
22	5	526.67035	7444.188
22	6	525.22705	7439.8076
22	7	532.665	7465.841
22	8	543.3805	7434.325
22	9	527.5213	7439.348
23	1	490.54953	7450.2607
23	2	484.46747	7459.1104
23	3	476.70663	7491.181
23	4	507.78702	7439.7554
23	5	526.67035	7444.188
23	6	525.22705	7439.8076
23	7	532.665	7465.841
23	8	543.3805	7434.325
23	9	527.5213	7439.348
24	1	490.5835	7450.37
24	2	485.26947	7459.0166
24	3	476.70663	7491.181
24	4	507.78702	7439.7554
24	5	526.67035	7444.188
24	6	525.22705	7439.8076
24	7	532.665	7465.841
24	8	543.3805	7434.325
24	9	527.5213	7439.348
24	20	514.991	7482.7725
25	1	490.61856	7450.4795
25	2	486.06903	7458.924
25	4	507.78702	7439.7554
25	5	526.67035	7444.188
25	6	525.22705	7439.8076
25	7	532.665	7465.841
25	8	543.3805	7434.325
25	9	527.5213	7439.348
25	20	514.991	7482.7725
26	1	490.65646	7450.6133
26	2	486.86368	7458.83
26	4	507.78702	7439.7554
26	5	526.67035	7444.188
26	6	525.22705	7439.8076
26	7	532.665	7465.841
26	8	543.3805	7434.325
26	9	527.5213	7439.348
26	10	535.7719	7488.4517
26	20	514.991	7482.7725
27	1	490.69714	7450.739
27	2	487.65317	7458.736
27	4	507.78702	7439.7554
27	5	526.67035	7444.188
27	6	525.22705	7439.8076
27	7	532.665	7465.841
27	8	543.3805	7434.325
27	9	527.5213	7439.348
27	20	514.991	7482.7725
27	27	515.8767	7478.0317
28	1	490.73883	7450.876
28	2	488.43784	7458.642
28	4	507.78702	7439.7554
28	5	526.67035	7444.188
28	6	525.22705	7439.8076
28	7	532.665	7465.841
28	8	543.3805	7434.325
28	9	527.5213	7439.348
28	10	535.7719	7488.4517
28	12	553.985	7488.4526
28	20	514.991	7482.7725
28	27	515.8767	7478.0317
29	1	490.78772	7451.0293
29	2	489.21835	7458.548
29	4	507.78702	7439.7554
29	5	526.67035	7444.188
29	6	525.22705	7439.8076
29	7	532.665	7465.841
29	8	543.3805	7434.325
29	9	527.5213	7439.348
29	10	535.7719	7488.4517
29	11	551.15094	7488.3257
29	12	553.985	7488.4526
29	20	514.991	7482.7725
29	27	515.8767	7478.0317
30	1	490.84955	7451.1704
30	2	489.99402	7458.453
30	4	507.78702	7439.7554
30	5	526.67035	7444.188
30	6	525.22705	7439.8076
30	7	532.665	7465.841
30	8	543.3805	7434.325
30	9	527.5213	7439.348
30	10	535.7719	7488.4517
30	11	551.15094	7488.3257
30	12	553.985	7488.4526
30	20	514.991	7482.7725
30	27	515.8767	7478.0317
31	1	490.90802	7451.31
31	2	490.76648	7458.359
31	3	476.70663	7491.181
31	4	507.78702	7439.7554
31	5	526.67035	7444.188
31	6	525.22705	7439.8076
31	7	532.665	7465.841
31	8	543.3805	7434.325
31	9	527.5213	7439.348
31	10	535.7719	7488.4517
31	11	551.15094	7488.3257
31	12	553.985	7488.4526
31	20	514.991	7482.7725
31	27	515.8767	7478.0317
32	1	490.97485	7451.4595
32	2	491.53845	7458.2656
32	3	476.70663	7491.181
32	4	507.78702	7439.7554
32	5	526.67035	7444.188
32	6	525.22705	7439.8076
32	7	532.665	7465.841
32	8	543.3805	7434.325
32	9	527.5213	7439.348
32	10	535.7719	7488.4517
32	11	551.15094	7488.3257
32	12	553.985	7488.4526
32	20	514.991	7482.7725
32	24	554.8433	7427.7573
32	27	515.8767	7478.0317
33	1	491.02966	7451.616
33	2	492.30823	7458.171
33	4	507.78702	7439.7554
33	5	526.67035	7444.188
33	6	525.22705	7439.8076
33	7	532.665	7465.841
33	8	543.3805	7434.325
33	9	527.5213	7439.348
33	10	535.7719	7488.4517
33	11	551.15094	7488.3257
33	12	553.985	7488.4526
33	20	514.991	7482.7725
33	24	554.8433	7427.7573
33	27	515.8767	7478.0317
34	1	491.10522	7451.7783
34	2	493.07864	7458.0776
34	4	507.78702	7439.7554
34	5	526.67035	7444.188
34	6	525.22705	7439.8076
34	7	532.665	7465.841
34	8	543.3805	7434.325
34	9	527.5213	7439.348
34	10	535.7719	7488.4517
34	11	551.15094	7488.3257
34	12	553.985	7488.4526
34	13	557.1203	7427.159
34	20	514.991	7482.7725
34	24	554.8433	7427.7573
34	27	515.8767	7478.0317
35	1	491.20428	7451.9727
35	2	493.84985	7457.9834
35	4	507.78702	7439.7554
35	5	526.67035	7444.188
35	6	525.22705	7439.8076
35	7	532.665	7465.841
35	8	543.3805	7434.325
35	9	527.5213	7439.348
35	10	535.7719	7488.4517
35	11	551.15094	7488.3257
35	12	553.985	7488.4526
35	13	557.1203	7427.159
35	20	514.991	7482.7725
35	24	554.8433	7427.7573
35	27	515.8767	7478.0317
36	1	491.30994	7452.1733
36	2	494.6221	7457.8857
36	4	507.78702	7439.7554
36	5	526.67035	7444.188
36	6	525.22705	7439.8076
36	7	532.665	7465.841
36	8	543.3805	7434.325
36	9	527.5213	7439.348
36	10	535.7719	7488.4517
36	11	551.15094	7488.3257
36	12	553.985	7488.4526
36	13	557.1203	7427.159
36	20	514.991	7482.7725
36	24	554.8433	7427.7573
36	27	515.8767	7478.0317
37	1	491.4244	7452.3765
37	2	495.39664	7457.7866
37	4	507.78702	7439.7554
37	5	526.67035	7444.188
37	6	525.22705	7439.8076
37	7	532.665	7465.841
37	8	543.3805	7434.325
37	9	527.5213	7439.348
37	10	535.7719	7488.4517
37	11	551.15094	7488.3257
37	12	553.985	7488.4526
37	13	557.1203	7427.159
37	20	514.991	7482.7725
37	24	554.8433	7427.7573
37	27	515.8767	7478.0317
38	1	491.54495	7452.584
38	2	496.171	7457.687
38	4	507.78702	7439.7554
38	5	526.67035	7444.188
38	6	525.22705	7439.8076
38	7	532.665	7465.841
38	8	543.3805	7434.325
38	9	527.5213	7439.348
38	10	535.7719	7488.4517
38	11	551.15094	7488.3257
38	12	553.985	7488.4526
38	13	557.1203	7427.159
38	20	514.991	7482.7725
38	24	554.8433	7427.7573
38	27	515.8767	7478.0317
39	1	491.67838	7452.8013
39	2	496.94354	7457.5854
39	4	507.78702	7439.7554
39	5	526.67035	7444.188
39	6	525.22705	7439.8076
39	7	532.665	7465.841
39	8	543.3805	7434.325
39	9	527.5213	7439.348
39	10	535.7719	7488.4517
39	11	551.15094	7488.3257
39	12	553.985	7488.4526
39	13	557.1203	7427.159
39	20	514.991	7482.7725
39	24	554.8433	7427.7573
39	27	515.8767	7478.0317
40	1	491.81866	7453.005
40	2	497.7081	7457.4824
40	4	507.78702	7439.7554
40	5	526.67035	7444.188
40	6	525.22705	7439.8076
40	7	532.665	7465.841
40	8	543.3805	7434.325
40	9	527.5213	7439.348
40	10	535.7719	7488.4517
40	11	551.15094	7488.3257
40	12	553.985	7488.4526
40	13	557.1203	7427.159
40	20	514.991	7482.7725
40	24	554.8433	7427.7573
40	27	515.8767	7478.0317
41	1	491.98096	7453.2314
41	2	498.46524	7457.3774
41	4	507.78702	7439.7554
41	5	526.67035	7444.188
41	6	525.22705	7439.8076
41	7	532.665	7465.841
41	8	543.3805	7434.325
41	9	527.5213	7439.348
41	10	535.7719	7488.4517
41	11	551.15094	7488.3257
41	12	553.985	7488.4526
41	13	557.1203	7427.159
41	20	514.991	7482.7725
41	24	554.8433	7427.7573
41	27	515.8767	7478.0317
42	1	492.13397	7453.444
42	2	499.2159	7457.2725
42	4	507.78702	7439.7554
42	5	526.67035	7444.188
42	6	525.22705	7439.8076
42	7	532.665	7465.841
42	8	543.3805	7434.325
42	9	527.5213	7439.348
42	10	535.7719	7488.4517
42	11	551.15094	7488.3257
42	12	553.985	7488.4526
42	13	557.1203	7427.159
42	20	514.991	7482.7725
42	24	554.8433	7427.7573
42	27	515.8767	7478.0317
43	1	492.3425	7453.6934
43	2	499.95844	7457.168
43	4	507.78702	7439.7554
43	5	526.67035	7444.188
43	6	525.22705	7439.8076
43	7	532.665	7465.841
43	8	543.3805	7434.325
43	9	527.5213	7439.348
43	10	535.7719	7488.4517
43	11	551.15094	7488.3257
43	12	553.985	7488.4526
43	13	557.1203	7427.159
43	20	514.991	7482.7725
43	24	554.8433	7427.7573
43	27	515.8767	7478.0317
44	1	492.53348	7453.9155
44	2	500.68976	7457.0596
44	4	507.78702	7439.7554
44	5	526.67035	7444.188
44	6	525.22705	7439.8076
44	7	532.665	7465.841
44	8	543.3805	7434.325
44	9	527.5213	7439.348
44	10	535.7719	7488.4517
44	11	551.15094	7488.3257
44	12	553.985	7488.4526
44	13	557.1203	7427.159
44	14	532.8372	7488.563
44	20	514.991	7482.7725
44	24	554.8433	7427.7573
45	1	492.7652	7454.1665
45	2	501.41095	7456.95
45	4	507.78702	7439.7554
45	5	526.67035	7444.188
45	6	525.22705	7439.8076
45	7	532.665	7465.841
45	8	543.3805	7434.325
45	9	527.5213	7439.348
45	10	535.7719	7488.4517
45	11	551.15094	7488.3257
45	12	553.985	7488.4526
45	13	557.1203	7427.159
45	14	532.8372	7488.563
45	20	514.991	7482.7725
45	24	554.8433	7427.7573
46	1	493.0012	7454.3994
46	2	502.12262	7456.8403
46	4	507.78702	7439.7554
46	5	526.67035	7444.188
46	6	525.22705	7439.8076
46	7	532.665	7465.841
46	8	543.3805	7434.325
46	9	527.5213	7439.348
46	10	535.7719	7488.4517
46	11	551.15094	7488.3257
46	12	553.985	7488.4526
46	13	557.1203	7427.159
46	14	532.8372	7488.563
46	15	529.6149	7488.1924
46	20	514.991	7482.7725
46	24	554.8433	7427.7573
47	1	493.26108	7454.6367
47	2	502.82578	7456.728
47	4	507.78702	7439.7554
47	5	526.67035	7444.188
47	6	525.22705	7439.8076
47	7	532.665	7465.841
47	8	543.3805	7434.325
47	9	527.5213	7439.348
47	10	535.7719	7488.4517
47	11	551.15094	7488.3257
47	12	553.985	7488.4526
47	13	557.1203	7427.159
47	14	532.8372	7488.563
47	15	529.6149	7488.1924
47	20	514.991	7482.7725
47	24	554.8433	7427.7573
48	1	493.52344	7454.8623
48	2	503.5213	7456.6143
48	4	507.78702	7439.7554
48	5	526.67035	7444.188
48	6	525.22705	7439.8076
48	7	532.665	7465.841
48	8	543.3805	7434.325
48	9	527.5213	7439.348
48	10	535.7719	7488.4517
48	11	551.15094	7488.3257
48	12	553.985	7488.4526
48	13	557.1203	7427.159
48	14	532.8372	7488.563
48	15	529.6149	7488.1924
48	20	514.991	7482.7725
48	24	554.8433	7427.7573
49	1	493.8082	7455.0933
49	2	504.21057	7456.498
49	4	507.78702	7439.7554
49	5	526.67035	7444.188
49	6	525.22705	7439.8076
49	7	532.665	7465.841
49	8	543.3805	7434.325
49	9	527.5213	7439.348
49	10	535.7719	7488.4517
49	11	551.15094	7488.3257
49	12	553.985	7488.4526
49	13	557.1203	7427.159
49	14	532.8372	7488.563
49	15	529.6149	7488.1924
49	20	514.991	7482.7725
49	24	554.8433	7427.7573
50	1	494.1019	7455.305
50	2	504.89267	7456.3813
50	4	507.78702	7439.7554
50	5	526.67035	7444.188
50	6	525.22705	7439.8076
50	7	532.665	7465.841
50	8	543.3805	7434.325
50	9	527.5213	7439.348
50	10	535.7719	7488.4517
50	11	551.15094	7488.3257
50	12	553.985	7488.4526
50	13	557.1203	7427.159
50	14	532.8372	7488.563
50	15	529.6149	7488.1924
50	20	514.991	7482.7725
50	24	554.8433	7427.7573
51	1	494.40018	7455.5093
51	2	505.56866	7456.2627
51	4	507.78702	7439.7554
51	5	526.67035	7444.188
51	6	525.22705	7439.8076
51	7	532.665	7465.841
51	8	543.3805	7434.325
51	9	527.5213	7439.348
51	10	535.7719	7488.4517
51	11	551.15094	7488.3257
51	12	553.985	7488.4526
51	13	557.1203	7427.159
51	14	532.8372	7488.563
51	15	529.6149	7488.1924
51	20	514.991	7482.7725
51	24	554.8433	7427.7573
52	1	494.72186	7455.7144
52	2	506.23993	7456.141
52	4	507.78702	7439.7554
52	5	526.67035	7444.188
52	6	525.22705	7439.8076
52	7	532.665	7465.841
52	8	543.3805	7434.325
52	9	527.5213	7439.348
52	10	535.7719	7488.4517
52	11	551.15094	7488.3257
52	12	553.985	7488.4526
52	13	557.1203	7427.159
52	14	532.8372	7488.563
52	15	529.6149	7488.1924
52	20	514.991	7482.7725
52	24	554.8433	7427.7573
53	1	495.05548	7455.9033
53	2	506.9065	7456.0176
53	4	507.78702	7439.7554
53	5	526.67035	7444.188
53	6	525.22705	7439.8076
53	7	532.665	7465.841
53	8	543.3805	7434.325
53	9	527.5213	7439.348
53	10	535.7719	7488.4517
53	11	551.15094	7488.3257
53	12	553.985	7488.4526
53	13	557.1203	7427.159
53	14	532.8372	7488.563
53	15	529.6149	7488.1924
53	24	554.8433	7427.7573
54	1	495.40665	7456.0806
54	2	507.56934	7455.892
54	4	507.78702	7439.7554
54	5	526.67035	7444.188
54	6	525.22705	7439.8076
54	7	532.665	7465.841
54	9	527.5213	7439.348
54	10	535.7719	7488.4517
54	11	551.15094	7488.3257
54	12	553.985	7488.4526
54	13	557.1203	7427.159
54	14	532.8372	7488.563
54	15	529.6149	7488.1924
55	1	495.75833	7456.248
55	2	508.23004	7455.7656
55	4	507.78702	7439.7554
55	5	526.67035	7444.188
55	6	525.22705	7439.8076
55	7	532.665	7465.841
55	9	527.5213	7439.348
55	10	535.7719	7488.4517
55	11	551.15094	7488.3257
55	12	553.985	7488.4526
55	13	557.1203	7427.159
55	14	532.8372	7488.563
55	15	529.6149	7488.1924
55	16	516.2404	7478.0703
55	17	554.9321	7427.871
56	1	496.10577	7456.394
56	2	508.8873	7455.6353
56	4	507.78702	7439.7554
56	5	526.67035	7444.188
56	6	525.22705	7439.8076
56	7	532.665	7465.841
56	9	527.5213	7439.348
56	10	535.7719	7488.4517
56	11	551.15094	7488.3257
56	13	557.1203	7427.159
56	14	532.8372	7488.563
56	15	529.6149	7488.1924
56	16	516.2404	7478.0703
56	19	543.444	7434.488
57	1	496.47986	7456.542
57	2	509.54166	7455.5034
57	4	507.78702	7439.7554
57	5	526.67035	7444.188
57	6	525.22705	7439.8076
57	7	532.665	7465.841
57	9	527.5213	7439.348
57	10	535.7719	7488.4517
57	11	551.15094	7488.3257
57	13	557.1203	7427.159
57	14	532.8372	7488.563
57	15	529.6149	7488.1924
57	16	516.2404	7478.0703
57	17	554.9321	7427.871
57	19	543.444	7434.488
58	1	496.86444	7456.673
58	2	510.19495	7455.3716
58	4	507.78702	7439.7554
58	5	526.67035	7444.188
58	6	525.22705	7439.8076
58	7	532.665	7465.841
58	9	527.5213	7439.348
58	10	535.7719	7488.4517
58	11	551.15094	7488.3257
58	12	553.985	7488.4526
58	13	557.1203	7427.159
58	14	532.8372	7488.563
58	15	529.6149	7488.1924
58	16	516.2404	7478.0703
58	17	554.9321	7427.871
58	18	520.6516	7488.2314
59	1	497.2488	7456.792
59	2	510.8479	7455.236
59	4	507.78702	7439.7554
59	5	526.67035	7444.188
59	6	525.22705	7439.8076
59	7	532.665	7465.841
59	9	527.5213	7439.348
59	10	535.7719	7488.4517
59	12	553.985	7488.4526
59	13	557.1203	7427.159
59	14	532.8372	7488.563
59	15	529.6149	7488.1924
59	16	516.2404	7478.0703
59	17	554.9321	7427.871
59	18	520.6516	7488.2314
60	1	497.62524	7456.8877
60	2	511.49988	7455.099
60	4	507.78702	7439.7554
60	5	526.67035	7444.188
60	6	525.22705	7439.8076
60	7	532.665	7465.841
60	9	527.5213	7439.348
60	10	535.7719	7488.4517
60	11	551.15094	7488.3257
60	12	553.985	7488.4526
60	13	557.1203	7427.159
60	14	532.8372	7488.563
60	15	529.6149	7488.1924
60	16	516.2404	7478.0703
60	17	554.9321	7427.871
60	18	520.6516	7488.2314
61	1	498.0164	7456.979
61	2	512.1516	7454.959
61	4	507.78702	7439.7554
61	5	526.67035	7444.188
61	6	525.22705	7439.8076
61	7	532.665	7465.841
61	9	527.5213	7439.348
61	10	535.7719	7488.4517
61	11	551.15094	7488.3257
61	12	553.985	7488.4526
61	13	557.1203	7427.159
61	14	532.8372	7488.563
61	15	529.6149	7488.1924
61	16	516.2404	7478.0703
61	17	554.9321	7427.871
61	18	520.6516	7488.2314
61	19	543.444	7434.488
62	1	498.4703	7457.0576
62	2	512.804	7454.816
62	4	507.78702	7439.7554
62	5	526.67035	7444.188
62	6	525.22705	7439.8076
62	7	532.665	7465.841
62	9	527.5213	7439.348
62	10	535.7719	7488.4517
62	11	551.15094	7488.3257
62	12	553.985	7488.4526
62	13	557.1203	7427.159
62	14	532.8372	7488.563
62	15	529.6149	7488.1924
62	16	516.2404	7478.0703
62	17	554.9321	7427.871
62	18	520.6516	7488.2314
62	19	543.444	7434.488
63	1	498.888	7457.1196
63	2	513.4562	7454.67
63	4	507.78702	7439.7554
63	5	526.67035	7444.188
63	6	525.22705	7439.8076
63	7	532.665	7465.841
63	9	527.5213	7439.348
63	10	535.7719	7488.4517
63	11	551.15094	7488.3257
63	12	553.985	7488.4526
63	13	557.1203	7427.159
63	14	532.8372	7488.563
63	15	529.6149	7488.1924
63	16	516.2404	7478.0703
63	17	554.9321	7427.871
63	18	520.6516	7488.2314
63	19	543.444	7434.488
63	21	588.5008	7446.587
64	1	499.3308	7457.1763
64	2	514.1089	7454.5205
64	4	507.78702	7439.7554
64	5	526.67035	7444.188
64	6	525.22705	7439.8076
64	7	532.665	7465.841
64	9	527.5213	7439.348
64	10	535.7719	7488.4517
64	11	551.15094	7488.3257
64	12	553.985	7488.4526
64	13	557.1203	7427.159
64	14	532.8372	7488.563
64	15	529.6149	7488.1924
64	16	516.2404	7478.0703
64	17	554.9321	7427.871
64	18	520.6516	7488.2314
64	19	543.444	7434.488
64	21	588.5008	7446.587
65	1	499.76248	7457.2075
65	2	514.76105	7454.3677
65	4	507.78702	7439.7554
65	5	526.67035	7444.188
65	6	525.22705	7439.8076
65	7	532.665	7465.841
65	9	527.5213	7439.348
65	10	535.7719	7488.4517
65	11	551.15094	7488.3257
65	12	553.985	7488.4526
65	13	557.1203	7427.159
65	14	532.8372	7488.563
65	15	529.6149	7488.1924
65	16	516.2404	7478.0703
65	17	554.9321	7427.871
65	18	520.6516	7488.2314
65	19	543.444	7434.488
65	21	588.5008	7446.587
66	1	500.20282	7457.2295
66	2	515.41364	7454.2124
66	4	507.78702	7439.7554
66	5	526.67035	7444.188
66	6	525.22705	7439.8076
66	7	532.665	7465.841
66	9	527.5213	7439.348
66	10	535.7719	7488.4517
66	11	551.15094	7488.3257
66	12	553.985	7488.4526
66	13	557.1203	7427.159
66	14	532.8372	7488.563
66	15	529.6149	7488.1924
66	16	516.2404	7478.0703
66	17	554.9321	7427.871
66	18	520.6516	7488.2314
66	19	543.444	7434.488
66	21	588.5008	7446.587
67	1	500.6842	7457.2476
67	2	516.0667	7454.054
67	4	507.78702	7439.7554
67	5	526.67035	7444.188
67	6	525.22705	7439.8076
67	7	532.665	7465.841
67	9	527.5213	7439.348
67	10	535.7719	7488.4517
67	11	551.15094	7488.3257
67	12	553.985	7488.4526
67	13	557.1203	7427.159
67	14	532.8372	7488.563
67	15	529.6149	7488.1924
67	16	516.2404	7478.0703
67	17	554.9321	7427.871
67	18	520.6516	7488.2314
67	19	543.444	7434.488
67	21	588.5008	7446.587
67	22	538.1441	7463.837
68	1	501.1374	7457.2524
68	2	516.7198	7453.892
68	4	507.78702	7439.7554
68	5	526.67035	7444.188
68	6	525.22705	7439.8076
68	7	532.665	7465.841
68	9	527.5213	7439.348
68	10	535.7719	7488.4517
68	11	551.15094	7488.3257
68	12	553.985	7488.4526
68	13	557.1203	7427.159
68	14	532.8372	7488.563
68	15	529.6149	7488.1924
68	16	516.2404	7478.0703
68	17	554.9321	7427.871
68	18	520.6516	7488.2314
68	19	543.444	7434.488
68	21	588.5008	7446.587
68	22	538.1441	7463.837
68	23	515.1473	7482.7573
69	1	501.62854	7457.249
69	2	517.3734	7453.729
69	4	507.78702	7439.7554
69	5	526.67035	7444.188
69	6	525.22705	7439.8076
69	7	532.665	7465.841
69	9	527.5213	7439.348
69	10	535.7719	7488.4517
69	11	551.15094	7488.3257
69	12	553.985	7488.4526
69	13	557.1203	7427.159
69	14	532.8372	7488.563
69	15	529.6149	7488.1924
69	16	516.2404	7478.0703
69	17	554.9321	7427.871
69	18	520.6516	7488.2314
69	19	543.444	7434.488
69	21	588.5008	7446.587
69	22	538.1441	7463.837
69	23	515.1473	7482.7573
69	25	569.8606	7476.5674
70	1	502.08844	7457.233
70	2	518.02704	7453.5615
70	4	507.78702	7439.7554
70	5	526.67035	7444.188
70	6	525.22705	7439.8076
70	7	532.665	7465.841
70	9	527.5213	7439.348
70	10	535.7719	7488.4517
70	11	551.15094	7488.3257
70	12	553.985	7488.4526
70	13	557.1203	7427.159
70	14	532.8372	7488.563
70	15	529.6149	7488.1924
70	16	516.2404	7478.0703
70	17	554.9321	7427.871
70	18	520.6516	7488.2314
70	19	543.444	7434.488
70	21	588.5008	7446.587
70	22	538.1441	7463.837
70	23	515.1473	7482.7573
70	25	569.8606	7476.5674
71	1	502.58414	7457.21
71	2	518.6815	7453.3926
71	4	507.78702	7439.7554
71	5	526.67035	7444.188
71	6	525.22705	7439.8076
71	7	532.665	7465.841
71	9	527.5213	7439.348
71	10	535.7719	7488.4517
71	11	551.15094	7488.3257
71	12	553.985	7488.4526
71	13	557.1203	7427.159
71	14	532.8372	7488.563
71	15	529.6149	7488.1924
71	16	516.2404	7478.0703
71	17	554.9321	7427.871
71	18	520.6516	7488.2314
71	19	543.444	7434.488
71	21	588.5008	7446.587
71	22	538.1441	7463.837
71	23	515.1473	7482.7573
71	25	569.8606	7476.5674
72	1	503.08734	7457.181
72	2	519.3354	7453.2197
72	4	507.78702	7439.7554
72	5	526.67035	7444.188
72	6	525.22705	7439.8076
72	7	532.665	7465.841
72	9	527.5213	7439.348
72	10	535.7719	7488.4517
72	11	551.15094	7488.3257
72	12	553.985	7488.4526
72	13	557.1203	7427.159
72	14	532.8372	7488.563
72	15	529.6149	7488.1924
72	16	516.2404	7478.0703
72	17	554.9321	7427.871
72	18	520.6516	7488.2314
72	19	543.444	7434.488
72	21	588.5008	7446.587
72	22	538.1441	7463.837
72	23	515.1473	7482.7573
72	25	569.8606	7476.5674
72	26	584.11774	7413.3496
73	1	503.57373	7457.1426
73	2	519.9881	7453.0464
73	4	507.78702	7439.7554
73	5	526.67035	7444.188
73	6	525.22705	7439.8076
73	7	532.665	7465.841
73	9	527.5213	7439.348
73	10	535.7719	7488.4517
73	11	551.15094	7488.3257
73	12	553.985	7488.4526
73	13	557.1203	7427.159
73	14	532.8372	7488.563
73	15	529.6149	7488.1924
73	16	516.2404	7478.0703
73	17	554.9321	7427.871
73	18	520.6516	7488.2314
73	19	543.444	7434.488
73	21	588.5008	7446.587
73	22	538.1441	7463.837
73	23	515.1473	7482.7573
73	25	569.8606	7476.5674
73	26	584.11774	7413.3496
74	1	504.08823	7457.0957
74	2	520.6386	7452.8696
74	4	507.78702	7439.7554
74	5	526.67035	7444.188
74	6	525.22705	7439.8076
74	7	532.665	7465.841
74	9	527.5213	7439.348
74	10	535.7719	7488.4517
74	11	551.15094	7488.3257
74	13	557.1203	7427.159
74	14	532.8372	7488.563
74	15	529.6149	7488.1924
74	16	516.2404	7478.0703
74	17	554.9321	7427.871
74	18	520.6516	7488.2314
74	19	543.444	7434.488
74	21	588.5008	7446.587
74	22	538.1441	7463.837
74	23	515.1473	7482.7573
74	25	569.8606	7476.5674
74	26	584.11774	7413.3496
75	1	504.59003	7457.0435
75	2	521.28937	7452.691
75	4	507.78702	7439.7554
75	5	526.67035	7444.188
75	6	525.22705	7439.8076
75	7	532.665	7465.841
75	9	527.5213	7439.348
75	10	535.7719	7488.4517
75	11	551.15094	7488.3257
75	12	553.985	7488.4526
75	13	557.1203	7427.159
75	14	532.8372	7488.563
75	15	529.6149	7488.1924
75	16	516.2404	7478.0703
75	17	554.9321	7427.871
75	18	520.6516	7488.2314
75	19	543.444	7434.488
75	21	588.5008	7446.587
75	22	538.1441	7463.837
75	23	515.1473	7482.7573
75	25	569.8606	7476.5674
75	26	584.11774	7413.3496
76	1	505.12326	7456.9863
76	2	521.939	7452.5107
76	4	507.78702	7439.7554
76	5	526.67035	7444.188
76	6	525.22705	7439.8076
76	7	532.665	7465.841
76	9	527.5213	7439.348
76	10	535.7719	7488.4517
76	11	551.15094	7488.3257
76	12	553.985	7488.4526
76	13	557.1203	7427.159
76	14	532.8372	7488.563
76	15	529.6149	7488.1924
76	16	516.2404	7478.0703
76	17	554.9321	7427.871
76	18	520.6516	7488.2314
76	19	543.444	7434.488
76	21	588.5008	7446.587
76	22	538.1441	7463.837
76	23	515.1473	7482.7573
76	25	569.8606	7476.5674
76	26	584.11774	7413.3496
77	1	505.66852	7456.9194
77	2	522.5878	7452.3267
77	4	507.78702	7439.7554
77	5	526.67035	7444.188
77	6	525.22705	7439.8076
77	7	532.665	7465.841
77	9	527.5213	7439.348
77	10	535.7719	7488.4517
77	11	551.15094	7488.3257
77	12	553.985	7488.4526
77	13	557.1203	7427.159
77	14	532.8372	7488.563
77	15	529.6149	7488.1924
77	16	516.2404	7478.0703
77	17	554.9321	7427.871
77	18	520.6516	7488.2314
77	19	543.444	7434.488
77	21	588.5008	7446.587
77	22	538.1441	7463.837
77	23	515.1473	7482.7573
77	25	569.8606	7476.5674
77	26	584.11774	7413.3496
78	1	506.2009	7456.851
78	2	523.2363	7452.142
78	4	507.78702	7439.7554
78	5	526.67035	7444.188
78	6	525.22705	7439.8076
78	7	532.665	7465.841
78	9	527.5213	7439.348
78	10	535.7719	7488.4517
78	11	551.15094	7488.3257
78	12	553.985	7488.4526
78	13	557.1203	7427.159
78	15	529.6149	7488.1924
78	16	516.2404	7478.0703
78	17	554.9321	7427.871
78	18	520.6516	7488.2314
78	19	543.444	7434.488
78	21	588.5008	7446.587
78	22	538.1441	7463.837
78	23	515.1473	7482.7573
78	25	569.8606	7476.5674
78	26	584.11774	7413.3496
79	1	506.76315	7456.7793
79	2	523.88434	7451.954
79	4	507.78702	7439.7554
79	5	526.67035	7444.188
79	6	525.22705	7439.8076
79	7	532.665	7465.841
79	9	527.5213	7439.348
79	10	535.7719	7488.4517
79	11	551.15094	7488.3257
79	12	553.985	7488.4526
79	13	557.1203	7427.159
79	14	532.8372	7488.563
79	15	529.6149	7488.1924
79	16	516.2404	7478.0703
79	17	554.9321	7427.871
79	18	520.6516	7488.2314
79	19	543.444	7434.488
79	21	588.5008	7446.587
79	22	538.1441	7463.837
79	23	515.1473	7482.7573
79	25	569.8606	7476.5674
79	26	584.11774	7413.3496
80	1	507.28647	7456.699
80	2	524.5303	7451.764
80	4	507.78702	7439.7554
80	5	526.67035	7444.188
80	6	525.22705	7439.8076
80	7	532.665	7465.841
80	9	527.5213	7439.348
80	10	535.7719	7488.4517
80	11	551.15094	7488.3257
80	12	553.985	7488.4526
80	13	557.1203	7427.159
80	14	532.8372	7488.563
80	15	529.6149	7488.1924
80	16	516.2404	7478.0703
80	17	554.9321	7427.871
80	18	520.6516	7488.2314
80	19	543.444	7434.488
80	21	588.5008	7446.587
80	22	538.1441	7463.837
80	23	515.1473	7482.7573
80	25	569.8606	7476.5674
80	26	584.11774	7413.3496
81	1	507.84802	7456.6157
81	2	525.17487	7451.5728
81	4	507.78702	7439.7554
81	5	526.67035	7444.188
81	6	525.22705	7439.8076
81	7	532.665	7465.841
81	10	535.7719	7488.4517
81	11	551.15094	7488.3257
81	12	553.985	7488.4526
81	13	557.1203	7427.159
81	14	532.8372	7488.563
81	15	529.6149	7488.1924
81	16	516.2404	7478.0703
81	17	554.9321	7427.871
81	18	520.6516	7488.2314
81	19	543.444	7434.488
81	21	588.5008	7446.587
81	22	538.1441	7463.837
81	23	515.1473	7482.7573
81	25	569.8606	7476.5674
81	26	584.11774	7413.3496
82	1	508.40207	7456.531
82	2	525.8177	7451.3794
82	4	507.78702	7439.7554
82	5	526.67035	7444.188
82	6	525.22705	7439.8076
82	7	532.665	7465.841
82	10	535.7719	7488.4517
82	11	551.15094	7488.3257
82	12	553.985	7488.4526
82	13	557.1203	7427.159
82	14	532.8372	7488.563
82	16	516.2404	7478.0703
82	17	554.9321	7427.871
82	18	520.6516	7488.2314
82	19	543.444	7434.488
82	21	588.5008	7446.587
82	22	538.1441	7463.837
82	23	515.1473	7482.7573
82	25	569.8606	7476.5674
82	26	584.11774	7413.3496
82	29	571.2795	7470.64
83	1	508.94632	7456.4414
83	2	526.4591	7451.1846
83	4	507.78702	7439.7554
83	5	526.67035	7444.188
83	6	525.22705	7439.8076
83	7	532.665	7465.841
83	10	535.7719	7488.4517
83	11	551.15094	7488.3257
83	12	553.985	7488.4526
83	13	557.1203	7427.159
83	14	532.8372	7488.563
83	16	516.2404	7478.0703
83	17	554.9321	7427.871
83	18	520.6516	7488.2314
83	19	543.444	7434.488
83	21	588.5008	7446.587
83	22	538.1441	7463.837
83	23	515.1473	7482.7573
83	25	569.8606	7476.5674
83	26	584.11774	7413.3496
83	29	571.2795	7470.64
84	1	509.5194	7456.34
84	2	527.09924	7450.987
84	4	507.78702	7439.7554
84	5	526.67035	7444.188
84	6	525.22705	7439.8076
84	7	532.665	7465.841
84	9	527.5213	7439.348
84	10	535.7719	7488.4517
84	11	551.15094	7488.3257
84	12	553.985	7488.4526
84	13	557.1203	7427.159
84	14	532.8372	7488.563
84	15	529.6149	7488.1924
84	16	516.2404	7478.0703
84	17	554.9321	7427.871
84	18	520.6516	7488.2314
84	19	543.444	7434.488
84	21	588.5008	7446.587
84	22	538.1441	7463.837
84	23	515.1473	7482.7573
84	25	569.8606	7476.5674
84	26	584.11774	7413.3496
84	28	599.8638	7425.945
84	29	571.2795	7470.64
85	1	510.09717	7456.235
85	2	527.73975	7450.7876
85	4	507.78702	7439.7554
85	5	526.67035	7444.188
85	6	525.22705	7439.8076
85	7	532.665	7465.841
85	9	527.5213	7439.348
85	10	535.7719	7488.4517
85	11	551.15094	7488.3257
85	12	553.985	7488.4526
85	13	557.1203	7427.159
85	14	532.8372	7488.563
85	15	529.6149	7488.1924
85	16	516.2404	7478.0703
85	17	554.9321	7427.871
85	18	520.6516	7488.2314
85	19	543.444	7434.488
85	21	588.5008	7446.587
85	22	538.1441	7463.837
85	23	515.1473	7482.7573
85	25	569.8606	7476.5674
85	26	584.11774	7413.3496
85	28	599.8638	7425.945
85	29	571.2795	7470.64
86	1	510.68756	7456.128
86	2	528.38	7450.585
86	4	507.78702	7439.7554
86	5	526.67035	7444.188
86	6	525.22705	7439.8076
86	7	532.665	7465.841
86	9	527.5213	7439.348
86	10	535.7719	7488.4517
86	11	551.15094	7488.3257
86	12	553.985	7488.4526
86	13	557.1203	7427.159
86	14	532.8372	7488.563
86	15	529.6149	7488.1924
86	16	516.2404	7478.0703
86	17	554.9321	7427.871
86	18	520.6516	7488.2314
86	19	543.444	7434.488
86	21	588.5008	7446.587
86	22	538.1441	7463.837
86	23	515.1473	7482.7573
86	25	569.8606	7476.5674
86	26	584.11774	7413.3496
86	28	599.8638	7425.945
86	29	571.2795	7470.64
87	1	511.2906	7456.0127
87	2	529.0201	7450.3823
87	4	507.78702	7439.7554
87	5	526.67035	7444.188
87	6	525.22705	7439.8076
87	7	532.665	7465.841
87	9	527.5213	7439.348
87	10	535.7719	7488.4517
87	11	551.15094	7488.3257
87	12	553.985	7488.4526
87	13	557.1203	7427.159
87	14	532.8372	7488.563
87	15	529.6149	7488.1924
87	16	516.2404	7478.0703
87	17	554.9321	7427.871
87	18	520.6516	7488.2314
87	19	543.444	7434.488
87	21	588.5008	7446.587
87	22	538.1441	7463.837
87	23	515.1473	7482.7573
87	25	569.8606	7476.5674
87	26	584.11774	7413.3496
87	28	599.8638	7425.945
87	29	571.2795	7470.64
88	1	511.85123	7455.899
88	2	529.6583	7450.1753
88	4	507.78702	7439.7554
88	5	526.67035	7444.188
88	6	525.22705	7439.8076
88	7	532.665	7465.841
88	9	527.5213	7439.348
88	10	535.7719	7488.4517
88	11	551.15094	7488.3257
88	12	553.985	7488.4526
88	13	557.1203	7427.159
88	14	532.8372	7488.563
88	15	529.6149	7488.1924
88	16	516.2404	7478.0703
88	17	554.9321	7427.871
88	18	520.6516	7488.2314
88	19	543.444	7434.488
88	21	588.5008	7446.587
88	22	538.1441	7463.837
88	23	515.1473	7482.7573
88	25	569.8606	7476.5674
88	26	584.11774	7413.3496
88	28	599.8638	7425.945
89	1	512.44794	7455.7837
89	2	530.29645	7449.9688
89	4	507.78702	7439.7554
89	5	526.67035	7444.188
89	6	525.22705	7439.8076
89	7	532.665	7465.841
89	9	527.5213	7439.348
89	10	535.7719	7488.4517
89	11	551.15094	7488.3257
89	12	553.985	7488.4526
89	13	557.1203	7427.159
89	14	532.8372	7488.563
89	15	529.6149	7488.1924
89	16	516.2404	7478.0703
89	17	554.9321	7427.871
89	18	520.6516	7488.2314
89	19	543.444	7434.488
89	21	588.5008	7446.587
89	22	538.1441	7463.837
89	23	515.1473	7482.7573
89	25	569.8606	7476.5674
89	26	584.11774	7413.3496
89	28	599.8638	7425.945
90	1	513.03906	7455.664
90	2	530.93506	7449.7603
90	4	507.78702	7439.7554
90	5	526.67035	7444.188
90	6	525.22705	7439.8076
90	7	532.665	7465.841
90	9	527.5213	7439.348
90	10	535.7719	7488.4517
90	11	551.15094	7488.3257
90	12	553.985	7488.4526
90	13	557.1203	7427.159
90	14	532.8372	7488.563
90	15	529.6149	7488.1924
90	16	516.2404	7478.0703
90	17	554.9321	7427.871
90	18	520.6516	7488.2314
90	19	543.444	7434.488
90	21	588.5008	7446.587
90	22	538.1441	7463.837
90	23	515.1473	7482.7573
90	25	569.8606	7476.5674
90	26	584.11774	7413.3496
90	28	599.8638	7425.945
90	29	571.2795	7470.64
