0	1	8421.186	-290.53314
0	2	8425.987	-313.96008
0	3	8425.763	-253.43864
0	4	8425.991	-377.10257
0	5	8429.488	-302.05573
0	6	8403.221	-320.7949
0	7	8403.306	-318.14902
0	8	8402.94	-323.42844
0	9	8403.492	-315.3714
0	10	8403.291	-328.92404
0	11	8403.136	-312.5111
0	12	8403.108	-331.67947
0	13	8402.926	-309.7504
0	14	8403.462	-339.87296
0	15	8429.306	-269.9079
0	16	8403.321	-342.79654
0	18	8398.212	-302.8584
0	20	8403.273	-350.98856
0	21	8428.348	-343.32504
0	22	8403.266	-356.40826
0	24	8389.935	-303.3598
0	25	8385.303	-316.34265
0	26	8387.143	-303.33997
0	28	8378.956	-303.20413
0	29	8386.034	-289.7814
0	30	8374.252	-316.27213
0	31	8380.483	-289.15594
0	33	8372.412	-289.7904
0	34	8365.274	-302.8853
0	35	8362.865	-302.58554
0	36	8366.789	-289.9775
0	37	8357.804	-316.0947
0	39	8429.768	-378.42218
0	59	8403.426	-359.09576
1	1	8421.115	-292.24197
1	2	8425.994	-316.0957
1	3	8425.758	-255.3725
1	4	8426.015	-379.10284
1	5	8429.497	-304.02243
1	6	8403.221	-320.7949
1	7	8403.306	-318.14902
1	8	8402.94	-323.42844
1	9	8403.492	-315.3714
1	10	8403.291	-328.92404
1	11	8403.136	-312.5111
1	12	8403.108	-331.67947
1	13	8402.926	-309.7504
1	14	8403.462	-339.87296
1	15	8429.309	-271.9025
1	16	8403.321	-342.79654
1	18	8398.212	-302.8584
1	20	8403.273	-350.98856
1	21	8428.387	-345.34213
1	22	8403.266	-356.40826
1	24	8389.935	-303.3598
1	25	8385.303	-316.34265
1	26	8387.143	-303.33997
1	27	8403.211	-364.85052
1	28	8378.956	-303.20413
1	29	8386.034	-289.7814
1	30	8374.252	-316.27213
1	31	8380.483	-289.15594
1	33	8372.412	-289.7904
1	34	8365.274	-302.8853
1	35	8362.865	-302.58554
1	36	8366.789	-289.9775
1	37	8357.804	-316.0947
1	39	8429.766	-380.4015
1	59	8403.426	-359.09576
2	1	8421.05	-293.9032
2	2	8425.998	-318.24124
2	3	8425.763	-257.34525
2	4	8425.962	-381.12906
2	5	8429.506	-305.99045
2	6	8403.221	-320.7949
2	7	8403.306	-318.14902
2	8	8402.94	-323.42844
2	9	8403.492	-315.3714
2	10	8403.291	-328.92404
2	11	8403.136	-312.5111
2	12	8403.108	-331.67947
2	13	8402.926	-309.7504
2	14	8403.462	-339.87296
2	15	8429.314	-273.92694
2	16	8403.321	-342.79654
2	18	8398.212	-302.8584
2	20	8403.273	-350.98856
2	21	8428.408	-347.28427
2	22	8403.266	-356.40826
2	24	8389.935	-303.3598
2	25	8385.303	-316.34265
2	26	8387.143	-303.33997
2	28	8378.956	-303.20413
2	29	8386.034	-289.7814
2	30	8374.252	-316.27213
2	31	8380.483	-289.15594
2	33	8372.412	-289.7904
2	35	8362.865	-302.58554
2	36	8366.789	-289.9775
2	37	8357.804	-316.0947
2	38	8359.911	-303.1703
2	39	8429.774	-382.39423
2	59	8403.426	-359.09576
2	86	8354.331	-303.79303
3	1	8420.979	-295.56943
3	2	8426.004	-320.40845
3	3	8425.77	-259.16785
3	4	8425.843	-383.5064
3	5	8429.516	-307.96005
3	6	8403.221	-320.7949
3	7	8403.306	-318.14902
3	8	8402.94	-323.42844
3	9	8403.492	-315.3714
3	10	8403.291	-328.92404
3	11	8403.136	-312.5111
3	12	8403.108	-331.67947
3	13	8402.926	-309.7504
3	14	8403.462	-339.87296
3	15	8429.325	-275.90735
3	16	8403.321	-342.79654
3	18	8398.212	-302.8584
3	20	8403.273	-350.98856
3	21	8428.432	-349.32498
3	22	8403.266	-356.40826
3	23	8386.56	-316.0695
3	24	8389.935	-303.3598
3	25	8385.303	-316.34265
3	26	8387.143	-303.33997
3	27	8403.211	-364.85052
3	28	8378.956	-303.20413
3	29	8386.034	-289.7814
3	30	8374.252	-316.27213
3	31	8380.483	-289.15594
3	32	8371.011	-302.69653
3	33	8372.412	-289.7904
3	34	8365.274	-302.8853
3	35	8362.865	-302.58554
3	36	8366.789	-289.9775
3	37	8357.804	-316.0947
3	38	8359.911	-303.1703
3	39	8429.786	-384.33356
3	59	8403.426	-359.09576
3	86	8354.459	-303.7796
4	1	8420.901	-297.22302
4	2	8426.005	-322.53937
4	3	8425.79	-261.15222
4	4	8425.541	-385.6086
4	5	8429.523	-309.92944
4	6	8403.221	-320.7949
4	7	8403.306	-318.14902
4	8	8402.94	-323.42844
4	9	8403.492	-315.3714
4	10	8403.291	-328.92404
4	11	8403.136	-312.5111
4	12	8403.108	-331.67947
4	13	8402.926	-309.7504
4	14	8403.462	-339.87296
4	15	8429.335	-277.88144
4	16	8403.321	-342.79654
4	18	8398.212	-302.8584
4	20	8403.273	-350.98856
4	21	8428.466	-351.4152
4	22	8403.266	-356.40826
4	23	8386.523	-316.1238
4	24	8389.935	-303.3598
4	25	8385.303	-316.34265
4	26	8387.143	-303.33997
4	27	8403.211	-364.85052
4	28	8378.956	-303.20413
4	29	8386.034	-289.7814
4	30	8374.252	-316.27213
4	31	8380.483	-289.15594
4	32	8371.011	-302.69653
4	33	8372.412	-289.7904
4	34	8365.274	-302.8853
4	35	8362.865	-302.58554
4	36	8366.789	-289.9775
4	37	8357.804	-316.0947
4	38	8359.911	-303.1703
4	39	8429.725	-386.29462
4	59	8403.426	-359.09576
4	86	8354.487	-303.7518
5	1	8420.823	-298.85745
5	2	8426.009	-324.68506
5	3	8425.796	-263.03244
5	4	8425.251	-387.5663
5	5	8429.529	-311.8978
5	6	8403.221	-320.7949
5	7	8403.306	-318.14902
5	8	8402.94	-323.42844
5	9	8403.492	-315.3714
5	10	8403.291	-328.92404
5	11	8403.136	-312.5111
5	12	8403.108	-331.67947
5	13	8402.926	-309.7504
5	14	8403.462	-339.87296
5	15	8429.327	-279.87137
5	16	8403.321	-342.79654
5	18	8398.212	-302.8584
5	19	8403.203	-348.3063
5	20	8403.273	-350.98856
5	21	8428.51	-353.41824
5	22	8403.266	-356.40826
5	23	8386.471	-316.18546
5	24	8389.935	-303.3598
5	25	8385.303	-316.34265
5	26	8387.143	-303.33997
5	27	8403.211	-364.85052
5	28	8378.956	-303.20413
5	29	8386.034	-289.7814
5	30	8374.252	-316.27213
5	31	8380.483	-289.15594
5	32	8371.011	-302.69653
5	33	8372.412	-289.7904
5	34	8365.274	-302.8853
5	35	8362.865	-302.58554
5	36	8366.789	-289.9775
5	37	8357.804	-316.0947
5	38	8359.911	-303.1703
5	39	8429.691	-388.2672
5	59	8403.426	-359.09576
5	86	8354.274	-303.80038
6	1	8420.74	-300.50302
6	2	8426.012	-326.81442
6	3	8425.806	-265.04626
6	4	8425.103	-389.42038
6	5	8429.532	-313.86636
6	6	8403.221	-320.7949
6	7	8403.306	-318.14902
6	8	8402.94	-323.42844
6	9	8403.492	-315.3714
6	10	8403.291	-328.92404
6	11	8403.136	-312.5111
6	12	8403.108	-331.67947
6	13	8402.926	-309.7504
6	14	8403.462	-339.87296
6	15	8429.32	-281.86792
6	16	8403.321	-342.79654
6	18	8398.212	-302.8584
6	19	8403.203	-348.3063
6	20	8403.273	-350.98856
6	21	8428.543	-355.3955
6	22	8403.266	-356.40826
6	24	8389.935	-303.3598
6	25	8385.303	-316.34265
6	26	8387.143	-303.33997
6	27	8403.211	-364.85052
6	29	8386.034	-289.7814
6	30	8374.252	-316.27213
6	31	8380.483	-289.15594
6	32	8371.011	-302.69653
6	33	8372.412	-289.7904
6	34	8365.274	-302.8853
6	36	8366.789	-289.9775
6	37	8357.804	-316.0947
6	38	8359.911	-303.1703
6	39	8429.66	-390.2197
6	59	8403.426	-359.09576
6	86	8354.266	-303.73062
7	1	8420.646	-302.11606
7	2	8426.013	-328.95917
7	3	8425.812	-266.93164
7	4	8424.817	-391.56445
7	5	8429.537	-315.83395
7	6	8403.221	-320.7949
7	7	8403.306	-318.14902
7	8	8402.94	-323.42844
7	9	8403.492	-315.3714
7	10	8403.291	-328.92404
7	11	8403.136	-312.5111
7	12	8403.108	-331.67947
7	13	8402.926	-309.7504
7	14	8403.462	-339.87296
7	15	8429.326	-283.85666
7	16	8403.321	-342.79654
7	18	8398.212	-302.8584
7	19	8403.203	-348.3063
7	20	8403.273	-350.98856
7	21	8428.574	-357.4005
7	22	8403.266	-356.40826
7	23	8386.404	-316.22748
7	24	8389.935	-303.3598
7	25	8385.303	-316.34265
7	26	8387.143	-303.33997
7	27	8403.211	-364.85052
7	28	8378.956	-303.20413
7	29	8386.034	-289.7814
7	30	8374.252	-316.27213
7	31	8380.483	-289.15594
7	32	8371.011	-302.69653
7	33	8372.412	-289.7904
7	34	8365.274	-302.8853
7	35	8362.865	-302.58554
7	36	8366.789	-289.9775
7	37	8357.804	-316.0947
7	38	8359.911	-303.1703
7	39	8429.673	-392.20062
7	59	8403.426	-359.09576
8	1	8420.563	-303.71774
8	2	8426.016	-331.10834
8	3	8425.813	-268.8533
8	4	8425.052	-393.28656
8	5	8429.54	-317.79993
8	6	8403.221	-320.7949
8	7	8403.306	-318.14902
8	8	8402.94	-323.42844
8	9	8403.492	-315.3714
8	10	8403.291	-328.92404
8	11	8403.136	-312.5111
8	12	8403.108	-331.67947
8	13	8402.926	-309.7504
8	14	8403.462	-339.87296
8	15	8429.324	-285.8459
8	16	8403.321	-342.79654
8	18	8398.212	-302.8584
8	19	8403.203	-348.3063
8	20	8403.273	-350.98856
8	21	8428.609	-359.35626
8	22	8403.266	-356.40826
8	23	8386.378	-316.28128
8	24	8389.935	-303.3598
8	25	8385.303	-316.34265
8	26	8387.143	-303.33997
8	27	8403.211	-364.85052
8	28	8378.956	-303.20413
8	29	8386.034	-289.7814
8	30	8374.252	-316.27213
8	31	8380.483	-289.15594
8	32	8371.011	-302.69653
8	33	8372.412	-289.7904
8	34	8365.274	-302.8853
8	35	8362.865	-302.58554
8	36	8366.789	-289.9775
8	37	8357.804	-316.0947
8	38	8359.911	-303.1703
8	39	8429.659	-394.14932
8	59	8403.426	-359.09576
9	1	8420.476	-305.33267
9	2	8426.013	-333.24734
9	3	8425.808	-270.69754
9	4	8425.065	-395.36542
9	5	8429.541	-319.76364
9	6	8403.221	-320.7949
9	7	8403.306	-318.14902
9	8	8402.94	-323.42844
9	9	8403.492	-315.3714
9	10	8403.291	-328.92404
9	11	8403.136	-312.5111
9	12	8403.108	-331.67947
9	13	8402.926	-309.7504
9	14	8403.462	-339.87296
9	15	8429.32	-287.83777
9	16	8403.321	-342.79654
9	19	8403.203	-348.3063
9	20	8403.273	-350.98856
9	21	8428.636	-361.4078
9	22	8403.266	-356.40826
9	23	8386.364	-316.38742
9	24	8389.935	-303.3598
9	25	8385.303	-316.34265
9	26	8387.143	-303.33997
9	27	8403.211	-364.85052
9	28	8378.956	-303.20413
9	29	8386.034	-289.7814
9	30	8374.252	-316.27213
9	31	8380.483	-289.15594
9	32	8371.011	-302.69653
9	33	8372.412	-289.7904
9	34	8365.274	-302.8853
9	35	8362.865	-302.58554
9	36	8366.789	-289.9775
9	37	8357.804	-316.0947
9	38	8359.911	-303.1703
9	39	8429.706	-396.0746
9	50	8392.614	-385.64957
10	1	8420.384	-306.91284
10	2	8426.013	-335.40775
10	3	8425.823	-272.72632
10	4	8425.316	-397.32486
10	5	8429.543	-321.72308
10	6	8403.221	-320.7949
10	7	8403.306	-318.14902
10	8	8402.94	-323.42844
10	9	8403.492	-315.3714
10	10	8403.291	-328.92404
10	11	8403.136	-312.5111
10	12	8403.108	-331.67947
10	13	8402.926	-309.7504
10	14	8403.462	-339.87296
10	15	8429.316	-289.83658
10	16	8403.321	-342.79654
10	17	8403.065	-345.62546
10	18	8398.212	-302.8584
10	19	8403.203	-348.3063
10	20	8403.273	-350.98856
10	21	8428.675	-363.38113
10	22	8403.266	-356.40826
10	23	8386.322	-316.43954
10	24	8389.935	-303.3598
10	25	8385.303	-316.34265
10	26	8387.143	-303.33997
10	27	8403.211	-364.85052
10	28	8378.956	-303.20413
10	29	8386.034	-289.7814
10	30	8374.252	-316.27213
10	31	8380.483	-289.15594
10	32	8371.011	-302.69653
10	33	8372.412	-289.7904
10	34	8365.274	-302.8853
10	35	8362.865	-302.58554
10	36	8366.789	-289.9775
10	37	8357.804	-316.0947
10	38	8359.911	-303.1703
10	39	8429.73	-397.95364
11	1	8420.29	-308.49893
11	2	8426.022	-337.5545
11	3	8425.828	-274.59552
11	4	8425.469	-399.29828
11	5	8429.542	-323.68137
11	6	8403.221	-320.7949
11	7	8403.306	-318.14902
11	8	8402.94	-323.42844
11	9	8403.492	-315.3714
11	10	8403.291	-328.92404
11	11	8403.136	-312.5111
11	12	8403.108	-331.67947
11	13	8402.926	-309.7504
11	14	8403.462	-339.87296
11	15	8429.314	-291.80786
11	16	8403.321	-342.79654
11	17	8403.065	-345.62546
11	18	8398.212	-302.8584
11	19	8403.203	-348.3063
11	20	8403.273	-350.98856
11	21	8428.708	-365.38342
11	22	8403.266	-356.40826
11	23	8386.232	-316.47302
11	24	8389.935	-303.3598
11	25	8385.303	-316.34265
11	26	8387.143	-303.33997
11	27	8403.211	-364.85052
11	28	8378.956	-303.20413
11	29	8386.034	-289.7814
11	30	8374.252	-316.27213
11	31	8380.483	-289.15594
11	32	8371.011	-302.69653
11	33	8372.412	-289.7904
11	34	8365.274	-302.8853
11	35	8362.865	-302.58554
11	36	8366.789	-289.9775
11	37	8357.804	-316.0947
11	38	8359.911	-303.1703
11	59	8403.426	-359.09576
12	1	8420.192	-310.05737
12	2	8426.032	-339.698
12	3	8425.842	-276.60318
12	4	8425.519	-401.35126
12	5	8429.541	-325.63803
12	6	8403.221	-320.7949
12	7	8403.306	-318.14902
12	8	8402.94	-323.42844
12	9	8403.492	-315.3714
12	10	8403.291	-328.92404
12	11	8403.136	-312.5111
12	12	8403.108	-331.67947
12	13	8402.926	-309.7504
12	14	8403.462	-339.87296
12	15	8429.313	-293.78
12	16	8403.321	-342.79654
12	17	8403.065	-345.62546
12	19	8403.203	-348.3063
12	20	8403.273	-350.98856
12	21	8428.733	-367.32922
12	22	8403.266	-356.40826
12	24	8389.935	-303.3598
12	25	8385.303	-316.34265
12	26	8387.143	-303.33997
12	27	8403.211	-364.85052
12	28	8378.956	-303.20413
12	29	8386.034	-289.7814
12	30	8374.252	-316.27213
12	31	8380.483	-289.15594
12	32	8371.011	-302.69653
12	33	8372.412	-289.7904
12	34	8365.274	-302.8853
12	35	8362.865	-302.58554
12	36	8366.789	-289.9775
12	37	8357.804	-316.0947
12	38	8359.911	-303.1703
12	59	8403.426	-359.09576
12	64	8441.224	-401.62805
12	71	8402.817	-353.61273
13	1	8420.092	-311.60455
13	2	8426.032	-341.83334
13	3	8425.861	-278.5019
13	4	8425.561	-403.38654
13	5	8429.539	-327.5903
13	6	8403.221	-320.7949
13	7	8403.306	-318.14902
13	8	8402.94	-323.42844
13	9	8403.492	-315.3714
13	10	8403.291	-328.92404
13	11	8403.136	-312.5111
13	12	8403.108	-331.67947
13	13	8402.926	-309.7504
13	14	8403.462	-339.87296
13	15	8429.316	-295.78857
13	16	8403.321	-342.79654
13	17	8403.065	-345.62546
13	19	8403.203	-348.3063
13	20	8403.273	-350.98856
13	21	8428.759	-369.37988
13	22	8403.266	-356.40826
13	24	8389.935	-303.3598
13	25	8385.303	-316.34265
13	26	8387.143	-303.33997
13	27	8403.211	-364.85052
13	28	8378.956	-303.20413
13	29	8386.034	-289.7814
13	30	8374.252	-316.27213
13	31	8380.483	-289.15594
13	32	8371.011	-302.69653
13	33	8372.412	-289.7904
13	34	8365.274	-302.8853
13	35	8362.865	-302.58554
13	36	8366.789	-289.9775
13	37	8357.804	-316.0947
13	38	8359.911	-303.1703
13	41	8392.032	-393.68738
13	59	8403.426	-359.09576
13	64	8441.274	-399.3357
13	71	8402.817	-353.61273
13	73	8384.307	-303.15277
14	1	8419.991	-313.14572
14	2	8426.044	-343.9579
14	3	8425.866	-280.48962
14	4	8425.706	-405.40765
14	5	8429.538	-329.54034
14	6	8403.221	-320.7949
14	7	8403.306	-318.14902
14	8	8402.94	-323.42844
14	9	8403.492	-315.3714
14	10	8403.291	-328.92404
14	11	8403.136	-312.5111
14	12	8403.108	-331.67947
14	13	8402.926	-309.7504
14	14	8403.462	-339.87296
14	15	8429.307	-297.7703
14	16	8403.321	-342.79654
14	17	8403.065	-345.62546
14	19	8403.203	-348.3063
14	20	8403.273	-350.98856
14	21	8428.78	-371.3808
14	22	8403.266	-356.40826
14	24	8389.935	-303.3598
14	25	8385.303	-316.34265
14	26	8387.143	-303.33997
14	27	8403.211	-364.85052
14	28	8378.956	-303.20413
14	29	8386.034	-289.7814
14	30	8374.252	-316.27213
14	31	8380.483	-289.15594
14	32	8371.011	-302.69653
14	33	8372.412	-289.7904
14	34	8365.274	-302.8853
14	35	8362.865	-302.58554
14	36	8366.789	-289.9775
14	37	8357.804	-316.0947
14	38	8359.911	-303.1703
14	41	8392.032	-393.68738
14	50	8392.614	-385.64957
14	59	8403.426	-359.09576
14	64	8441.322	-396.98
15	1	8419.897	-314.69025
15	2	8426.046	-346.09296
15	3	8425.878	-282.46152
15	4	8425.765	-407.19418
15	5	8429.533	-331.488
15	6	8403.221	-320.7949
15	7	8403.306	-318.14902
15	8	8402.94	-323.42844
15	9	8403.492	-315.3714
15	10	8403.291	-328.92404
15	11	8403.136	-312.5111
15	12	8403.108	-331.67947
15	13	8402.926	-309.7504
15	14	8403.462	-339.87296
15	15	8429.29	-299.7502
15	16	8403.321	-342.79654
15	17	8403.065	-345.62546
15	19	8403.203	-348.3063
15	20	8403.273	-350.98856
15	21	8428.806	-373.3119
15	22	8403.266	-356.40826
15	25	8385.303	-316.34265
15	26	8387.143	-303.33997
15	27	8403.211	-364.85052
15	28	8378.956	-303.20413
15	29	8386.034	-289.7814
15	30	8374.252	-316.27213
15	31	8380.483	-289.15594
15	32	8371.011	-302.69653
15	33	8372.412	-289.7904
15	34	8365.274	-302.8853
15	35	8362.865	-302.58554
15	37	8357.804	-316.0947
15	38	8359.911	-303.1703
15	41	8392.032	-393.68738
15	44	8405.075	-401.9997
15	59	8403.426	-359.09576
15	64	8441.337	-394.76804
16	1	8419.795	-316.19995
16	2	8426.053	-348.22992
16	3	8425.893	-284.45697
16	4	8425.788	-409.3311
16	5	8429.526	-333.43332
16	6	8403.221	-320.7949
16	7	8403.306	-318.14902
16	8	8402.94	-323.42844
16	9	8403.492	-315.3714
16	10	8403.291	-328.92404
16	11	8403.136	-312.5111
16	12	8403.108	-331.67947
16	13	8402.926	-309.7504
16	14	8403.462	-339.87296
16	15	8429.289	-301.73474
16	16	8403.321	-342.79654
16	17	8403.065	-345.62546
16	18	8398.212	-302.8584
16	19	8403.203	-348.3063
16	20	8403.273	-350.98856
16	21	8428.825	-375.25305
16	22	8403.266	-356.40826
16	24	8389.935	-303.3598
16	25	8385.303	-316.34265
16	26	8387.143	-303.33997
16	27	8403.211	-364.85052
16	28	8378.956	-303.20413
16	29	8386.034	-289.7814
16	30	8374.252	-316.27213
16	31	8380.483	-289.15594
16	32	8371.011	-302.69653
16	33	8372.412	-289.7904
16	34	8365.274	-302.8853
16	35	8362.865	-302.58554
16	38	8359.911	-303.1703
16	40	8405.921	-404.75327
16	41	8392.032	-393.68738
16	44	8405.075	-401.9997
16	59	8403.426	-359.09576
16	64	8441.357	-392.47345
17	1	8419.696	-317.7346
17	2	8426.06	-350.35947
17	3	8425.904	-286.4082
17	4	8425.824	-411.47583
17	5	8429.522	-335.37796
17	6	8403.221	-320.7949
17	7	8403.306	-318.14902
17	8	8402.94	-323.42844
17	9	8403.492	-315.3714
17	10	8403.291	-328.92404
17	11	8403.136	-312.5111
17	12	8403.108	-331.67947
17	13	8402.926	-309.7504
17	14	8403.462	-339.87296
17	15	8429.285	-303.74188
17	16	8403.321	-342.79654
17	17	8403.065	-345.62546
17	18	8398.212	-302.8584
17	19	8403.203	-348.3063
17	20	8403.273	-350.98856
17	21	8428.85	-377.23026
17	22	8403.266	-356.40826
17	24	8389.935	-303.3598
17	25	8385.303	-316.34265
17	26	8387.143	-303.33997
17	27	8403.211	-364.85052
17	28	8378.956	-303.20413
17	29	8386.034	-289.7814
17	30	8374.252	-316.27213
17	31	8380.483	-289.15594
17	32	8371.011	-302.69653
17	33	8372.412	-289.7904
17	34	8365.274	-302.8853
17	35	8362.865	-302.58554
17	37	8357.804	-316.0947
17	40	8405.921	-404.75327
17	41	8392.032	-393.68738
17	44	8405.075	-401.9997
17	59	8403.426	-359.09576
17	64	8441.367	-390.25842
17	71	8402.817	-353.61273
17	73	8384.307	-303.15277
17	82	8391.921	-399.29807
18	1	8419.595	-319.2278
18	2	8426.066	-352.4885
18	3	8425.905	-288.28827
18	4	8425.85	-413.5921
18	5	8429.517	-337.3205
18	6	8403.221	-320.7949
18	7	8403.306	-318.14902
18	8	8402.94	-323.42844
18	9	8403.492	-315.3714
18	10	8403.291	-328.92404
18	11	8403.136	-312.5111
18	12	8403.108	-331.67947
18	13	8402.926	-309.7504
18	14	8403.462	-339.87296
18	15	8429.285	-305.7358
18	16	8403.321	-342.79654
18	17	8403.065	-345.62546
18	18	8398.212	-302.8584
18	19	8403.203	-348.3063
18	20	8403.273	-350.98856
18	21	8428.866	-379.16196
18	22	8403.266	-356.40826
18	25	8385.303	-316.34265
18	26	8387.143	-303.33997
18	27	8403.211	-364.85052
18	28	8378.956	-303.20413
18	29	8386.034	-289.7814
18	30	8374.252	-316.27213
18	31	8380.483	-289.15594
18	32	8371.011	-302.69653
18	33	8372.412	-289.7904
18	34	8365.274	-302.8853
18	41	8392.032	-393.68738
18	42	8405.216	-398.95905
18	44	8405.075	-401.9997
18	50	8392.614	-385.64957
18	59	8403.426	-359.09576
18	64	8441.39	-388.01138
18	67	8394.357	-371.5088
18	71	8402.817	-353.61273
18	73	8384.307	-303.15277
19	1	8419.494	-320.7226
19	2	8426.072	-354.59323
19	3	8425.903	-290.26724
19	4	8425.861	-415.6415
19	5	8429.509	-339.26218
19	6	8403.221	-320.7949
19	7	8403.306	-318.14902
19	8	8402.94	-323.42844
19	9	8403.492	-315.3714
19	10	8403.291	-328.92404
19	11	8403.136	-312.5111
19	12	8403.108	-331.67947
19	13	8402.926	-309.7504
19	14	8403.462	-339.87296
19	15	8429.283	-307.70105
19	16	8403.321	-342.79654
19	17	8403.065	-345.62546
19	19	8403.203	-348.3063
19	20	8403.273	-350.98856
19	21	8428.889	-381.12033
19	22	8403.266	-356.40826
19	25	8385.303	-316.34265
19	26	8387.143	-303.33997
19	27	8403.211	-364.85052
19	28	8378.956	-303.20413
19	29	8386.034	-289.7814
19	30	8374.252	-316.27213
19	31	8380.483	-289.15594
19	32	8371.011	-302.69653
19	34	8365.274	-302.8853
19	40	8405.921	-404.75327
19	41	8392.032	-393.68738
19	42	8405.216	-398.95905
19	44	8405.075	-401.9997
19	50	8392.614	-385.64957
19	59	8403.426	-359.09576
19	64	8441.407	-385.74048
19	67	8393.886	-371.44104
19	71	8402.817	-353.61273
19	73	8384.307	-303.15277
20	1	8419.3955	-322.20346
20	2	8426.087	-356.70123
20	3	8425.89	-292.2193
20	4	8425.862	-417.62213
20	5	8429.502	-341.2041
20	6	8403.221	-320.7949
20	7	8403.306	-318.14902
20	8	8402.94	-323.42844
20	9	8403.492	-315.3714
20	10	8403.291	-328.92404
20	12	8403.108	-331.67947
20	13	8402.926	-309.7504
20	14	8403.462	-339.87296
20	15	8429.276	-309.66473
20	16	8403.321	-342.79654
20	17	8403.065	-345.62546
20	19	8403.203	-348.3063
20	20	8403.273	-350.98856
20	21	8428.916	-383.1801
20	22	8403.266	-356.40826
20	25	8385.303	-316.34265
20	26	8387.143	-303.33997
20	27	8403.211	-364.85052
20	28	8378.956	-303.20413
20	29	8386.034	-289.7814
20	30	8374.252	-316.27213
20	31	8380.483	-289.15594
20	32	8371.011	-302.69653
20	34	8365.274	-302.8853
20	41	8392.032	-393.68738
20	42	8405.216	-398.95905
20	44	8405.075	-401.9997
20	48	8405.262	-393.6772
20	50	8392.614	-385.64957
20	59	8403.426	-359.09576
20	64	8441.419	-383.52576
20	67	8393.411	-371.40097
20	71	8402.817	-353.61273
20	73	8384.307	-303.15277
21	1	8419.296	-323.65753
21	2	8426.098	-358.80762
21	3	8425.913	-294.28812
21	4	8425.872	-419.75043
21	5	8429.494	-343.14627
21	6	8403.221	-320.7949
21	7	8403.306	-318.14902
21	8	8402.94	-323.42844
21	9	8403.492	-315.3714
21	10	8403.291	-328.92404
21	11	8403.136	-312.5111
21	12	8403.108	-331.67947
21	13	8402.926	-309.7504
21	14	8403.462	-339.87296
21	15	8429.269	-311.65683
21	16	8403.321	-342.79654
21	17	8403.065	-345.62546
21	19	8403.203	-348.3063
21	20	8403.273	-350.98856
21	21	8428.949	-385.16943
21	22	8403.266	-356.40826
21	25	8385.303	-316.34265
21	26	8387.143	-303.33997
21	27	8403.211	-364.85052
21	28	8378.956	-303.20413
21	29	8386.034	-289.7814
21	30	8374.252	-316.27213
21	31	8380.483	-289.15594
21	32	8371.011	-302.69653
21	40	8405.921	-404.75327
21	41	8392.032	-393.68738
21	42	8405.216	-398.95905
21	44	8405.075	-401.9997
21	48	8405.262	-393.6772
21	50	8392.614	-385.64957
21	59	8403.426	-359.09576
21	64	8441.43	-381.2831
21	67	8392.914	-371.33472
21	71	8402.817	-353.61273
21	80	8389.804	-303.55685
22	1	8419.207	-325.117
22	2	8426.102	-360.9133
22	3	8425.93	-296.14954
22	4	8425.855	-421.84482
22	5	8429.486	-345.0878
22	6	8403.221	-320.7949
22	7	8403.306	-318.14902
22	8	8402.94	-323.42844
22	9	8403.492	-315.3714
22	10	8403.291	-328.92404
22	11	8403.136	-312.5111
22	12	8403.108	-331.67947
22	13	8402.926	-309.7504
22	14	8403.462	-339.87296
22	15	8429.268	-313.64014
22	16	8403.321	-342.79654
22	17	8403.065	-345.62546
22	19	8403.203	-348.3063
22	20	8403.273	-350.98856
22	21	8428.976	-387.1178
22	22	8403.266	-356.40826
22	25	8385.303	-316.34265
22	26	8387.143	-303.33997
22	27	8403.211	-364.85052
22	28	8378.956	-303.20413
22	30	8374.252	-316.27213
22	31	8380.483	-289.15594
22	32	8371.011	-302.69653
22	40	8405.921	-404.75327
22	41	8392.032	-393.68738
22	42	8405.216	-398.95905
22	44	8405.075	-401.9997
22	48	8405.262	-393.6772
22	50	8392.614	-385.64957
22	59	8403.426	-359.09576
22	64	8441.45	-379.02753
22	67	8392.559	-371.2744
22	71	8402.817	-353.61273
22	73	8384.307	-303.15277
23	1	8419.116	-326.55865
23	2	8426.118	-363.00397
23	3	8425.943	-298.1863
23	4	8425.9	-423.92795
23	5	8429.479	-347.03064
23	6	8403.221	-320.7949
23	7	8403.306	-318.14902
23	8	8402.94	-323.42844
23	9	8403.492	-315.3714
23	10	8403.291	-328.92404
23	11	8403.136	-312.5111
23	12	8403.108	-331.67947
23	13	8402.926	-309.7504
23	14	8403.462	-339.87296
23	15	8429.259	-315.63248
23	16	8403.321	-342.79654
23	17	8403.065	-345.62546
23	19	8403.203	-348.3063
23	20	8403.273	-350.98856
23	21	8428.994	-389.10196
23	22	8403.266	-356.40826
23	25	8385.303	-316.34265
23	26	8387.143	-303.33997
23	28	8378.956	-303.20413
23	29	8386.034	-289.7814
23	30	8374.252	-316.27213
23	31	8380.483	-289.15594
23	32	8371.011	-302.69653
23	40	8405.921	-404.75327
23	41	8392.032	-393.68738
23	42	8405.216	-398.95905
23	44	8405.075	-401.9997
23	46	8465.372	-374.76358
23	50	8392.614	-385.64957
23	59	8403.426	-359.09576
23	64	8441.476	-376.8611
23	71	8402.817	-353.61273
23	73	8384.307	-303.15277
23	80	8389.804	-303.55685
24	1	8419.029	-327.99188
24	2	8426.128	-365.09464
24	3	8425.942	-300.12418
24	4	8425.882	-425.7877
24	5	8429.472	-348.97247
24	7	8403.306	-318.14902
24	8	8402.94	-323.42844
24	9	8403.492	-315.3714
24	10	8403.291	-328.92404
24	11	8403.136	-312.5111
24	12	8403.108	-331.67947
24	13	8402.926	-309.7504
24	14	8403.462	-339.87296
24	15	8429.263	-317.61673
24	16	8403.321	-342.79654
24	17	8403.065	-345.62546
24	19	8403.203	-348.3063
24	20	8403.273	-350.98856
24	21	8429.011	-391.06516
24	22	8403.266	-356.40826
24	25	8385.303	-316.34265
24	26	8387.143	-303.33997
24	28	8378.956	-303.20413
24	29	8386.034	-289.7814
24	30	8374.252	-316.27213
24	32	8371.011	-302.69653
24	40	8405.921	-404.75327
24	41	8392.032	-393.68738
24	42	8405.216	-398.95905
24	43	8392.654	-415.93073
24	44	8405.075	-401.9997
24	46	8464.805	-374.75644
24	48	8405.262	-393.6772
24	50	8392.614	-385.64957
24	53	8405.168	-396.45752
24	59	8403.426	-359.09576
24	64	8441.482	-374.6029
24	71	8402.817	-353.61273
24	73	8384.307	-303.15277
24	80	8389.804	-303.55685
25	1	8418.946	-329.40683
25	2	8426.126	-367.18057
25	3	8425.932	-302.21857
25	4	8425.876	-427.75967
25	5	8429.466	-350.9122
25	6	8403.221	-320.7949
25	7	8403.306	-318.14902
25	8	8402.94	-323.42844
25	9	8403.492	-315.3714
25	10	8403.291	-328.92404
25	11	8403.136	-312.5111
25	12	8403.108	-331.67947
25	13	8402.926	-309.7504
25	14	8403.462	-339.87296
25	15	8429.263	-319.61588
25	16	8403.321	-342.79654
25	17	8403.065	-345.62546
25	19	8403.203	-348.3063
25	20	8403.273	-350.98856
25	21	8429.027	-393.01382
25	22	8403.266	-356.40826
25	25	8385.303	-316.34265
25	26	8387.143	-303.33997
25	27	8403.211	-364.85052
25	28	8378.956	-303.20413
25	30	8374.252	-316.27213
25	40	8405.921	-404.75327
25	41	8392.032	-393.68738
25	42	8405.216	-398.95905
25	43	8392.654	-415.93073
25	44	8405.075	-401.9997
25	46	8464.291	-374.71802
25	48	8405.262	-393.6772
25	50	8392.614	-385.64957
25	53	8405.168	-396.45752
25	59	8403.426	-359.09576
25	64	8441.49	-372.3798
25	67	8391.43	-371.1629
25	71	8402.817	-353.61273
25	73	8384.307	-303.15277
25	80	8389.804	-303.55685
26	1	8418.862	-330.7983
26	2	8426.138	-369.22964
26	3	8425.924	-304.16547
26	4	8425.923	-429.81885
26	5	8429.459	-352.84705
26	6	8403.221	-320.7949
26	7	8403.306	-318.14902
26	8	8402.94	-323.42844
26	9	8403.492	-315.3714
26	10	8403.291	-328.92404
26	11	8403.136	-312.5111
26	12	8403.108	-331.67947
26	13	8402.926	-309.7504
26	14	8403.462	-339.87296
26	15	8429.268	-321.57135
26	16	8403.321	-342.79654
26	17	8403.065	-345.62546
26	19	8403.203	-348.3063
26	20	8403.273	-350.98856
26	21	8429.034	-394.92404
26	22	8403.266	-356.40826
26	25	8385.303	-316.34265
26	26	8387.143	-303.33997
26	27	8403.211	-364.85052
26	28	8378.956	-303.20413
26	30	8374.252	-316.27213
26	40	8405.921	-404.75327
26	41	8392.032	-393.68738
26	42	8405.216	-398.95905
26	43	8392.654	-415.93073
26	44	8405.075	-401.9997
26	46	8463.761	-374.68445
26	50	8392.614	-385.64957
26	53	8405.168	-396.45752
26	59	8403.426	-359.09576
26	64	8441.499	-370.14612
26	67	8390.943	-371.09262
26	71	8402.817	-353.61273
26	73	8384.307	-303.15277
26	80	8389.804	-303.55685
26	82	8391.921	-399.29807
27	1	8418.785	-332.19592
27	2	8426.151	-371.2828
27	3	8425.901	-306.0667
27	4	8425.932	-431.64816
27	5	8429.453	-354.77466
27	6	8403.221	-320.7949
27	7	8403.306	-318.14902
27	8	8402.94	-323.42844
27	9	8403.492	-315.3714
27	10	8403.291	-328.92404
27	11	8403.136	-312.5111
27	12	8403.108	-331.67947
27	13	8402.926	-309.7504
27	14	8403.462	-339.87296
27	15	8429.267	-323.56976
27	16	8403.321	-342.79654
27	17	8403.065	-345.62546
27	19	8403.203	-348.3063
27	20	8403.273	-350.98856
27	21	8429.036	-396.88455
27	22	8403.266	-356.40826
27	25	8385.303	-316.34265
27	26	8387.143	-303.33997
27	27	8403.211	-364.85052
27	28	8378.956	-303.20413
27	30	8374.252	-316.27213
27	40	8405.921	-404.75327
27	41	8392.032	-393.68738
27	42	8405.216	-398.95905
27	43	8392.654	-415.93073
27	44	8405.075	-401.9997
27	46	8463.249	-374.65253
27	48	8405.262	-393.6772
27	50	8392.614	-385.64957
27	59	8403.426	-359.09576
27	64	8441.521	-367.9859
27	67	8390.503	-371.0457
27	71	8402.817	-353.61273
27	73	8384.307	-303.15277
27	80	8389.804	-303.55685
27	82	8391.921	-399.29807
28	1	8418.704	-333.55933
28	2	8426.157	-373.36133
28	3	8425.913	-308.15536
28	4	8425.921	-433.68088
28	5	8429.446	-356.69736
28	6	8403.221	-320.7949
28	7	8403.306	-318.14902
28	8	8402.94	-323.42844
28	9	8403.492	-315.3714
28	10	8403.291	-328.92404
28	11	8403.136	-312.5111
28	12	8403.108	-331.67947
28	13	8402.926	-309.7504
28	14	8403.462	-339.87296
28	15	8429.274	-325.57654
28	16	8403.321	-342.79654
28	17	8403.065	-345.62546
28	19	8403.203	-348.3063
28	20	8403.273	-350.98856
28	21	8429.042	-398.8074
28	22	8403.266	-356.40826
28	25	8385.303	-316.34265
28	26	8387.143	-303.33997
28	27	8403.211	-364.85052
28	28	8378.956	-303.20413
28	30	8374.252	-316.27213
28	40	8405.921	-404.75327
28	41	8392.032	-393.68738
28	42	8405.216	-398.95905
28	43	8392.654	-415.93073
28	44	8405.075	-401.9997
28	46	8462.796	-374.61755
28	48	8405.262	-393.6772
28	50	8392.614	-385.64957
28	59	8403.426	-359.09576
28	64	8441.5205	-365.85825
28	71	8402.817	-353.61273
28	73	8384.307	-303.15277
28	80	8389.804	-303.55685
28	82	8391.921	-399.29807
29	1	8418.631	-334.9129
29	2	8426.166	-375.4119
29	3	8425.907	-310.16486
29	4	8425.928	-435.66086
29	5	8429.44	-358.61325
29	6	8403.221	-320.7949
29	7	8403.306	-318.14902
29	8	8402.94	-323.42844
29	9	8403.492	-315.3714
29	10	8403.291	-328.92404
29	11	8403.136	-312.5111
29	12	8403.108	-331.67947
29	13	8402.926	-309.7504
29	14	8403.462	-339.87296
29	15	8429.272	-327.52786
29	16	8403.321	-342.79654
29	17	8403.065	-345.62546
29	19	8403.203	-348.3063
29	20	8403.273	-350.98856
29	21	8429.053	-400.72116
29	22	8403.266	-356.40826
29	25	8385.303	-316.34265
29	26	8387.143	-303.33997
29	27	8403.211	-364.85052
29	28	8378.956	-303.20413
29	30	8374.252	-316.27213
29	40	8405.921	-404.75327
29	42	8405.216	-398.95905
29	43	8392.654	-415.93073
29	44	8405.075	-401.9997
29	46	8462.284	-374.58438
29	47	8392.231	-404.62387
29	48	8405.262	-393.6772
29	50	8392.614	-385.64957
29	53	8405.168	-396.45752
29	59	8403.426	-359.09576
29	60	8445.393	-433.48276
29	64	8441.526	-363.6433
29	71	8402.817	-353.61273
29	73	8384.307	-303.15277
29	80	8389.804	-303.55685
29	82	8391.921	-399.29807
30	1	8418.554	-336.22528
30	2	8426.166	-377.4642
30	3	8425.922	-312.0943
30	4	8425.897	-437.51526
30	5	8429.436	-360.5219
30	7	8403.306	-318.14902
30	8	8402.94	-323.42844
30	9	8403.492	-315.3714
30	10	8403.291	-328.92404
30	11	8403.136	-312.5111
30	12	8403.108	-331.67947
30	13	8402.926	-309.7504
30	14	8403.462	-339.87296
30	15	8429.2705	-329.5085
30	16	8403.321	-342.79654
30	17	8403.065	-345.62546
30	19	8403.203	-348.3063
30	20	8403.273	-350.98856
30	21	8429.087	-402.76773
30	22	8403.266	-356.40826
30	25	8385.303	-316.34265
30	26	8387.143	-303.33997
30	27	8403.211	-364.85052
30	40	8405.921	-404.75327
30	41	8392.032	-393.68738
30	42	8405.216	-398.95905
30	43	8392.654	-415.93073
30	44	8405.075	-401.9997
30	46	8461.829	-374.5514
30	48	8405.262	-393.6772
30	50	8392.614	-385.64957
30	53	8405.168	-396.45752
30	59	8403.426	-359.09576
30	60	8445.369	-431.43286
30	64	8441.523	-361.46707
30	71	8402.817	-353.61273
30	73	8384.307	-303.15277
30	80	8389.804	-303.55685
30	82	8391.921	-399.29807
31	1	8418.486	-337.5594
31	2	8426.167	-379.54166
31	3	8425.907	-314.05026
31	4	8425.899	-439.51773
31	5	8429.432	-362.42343
31	7	8403.306	-318.14902
31	8	8402.94	-323.42844
31	9	8403.492	-315.3714
31	10	8403.291	-328.92404
31	11	8403.136	-312.5111
31	12	8403.108	-331.67947
31	13	8402.926	-309.7504
31	14	8403.462	-339.87296
31	15	8429.271	-331.52405
31	16	8403.321	-342.79654
31	17	8403.065	-345.62546
31	19	8403.203	-348.3063
31	20	8403.273	-350.98856
31	21	8429.103	-404.7003
31	22	8403.266	-356.40826
31	25	8385.303	-316.34265
31	26	8387.143	-303.33997
31	27	8403.211	-364.85052
31	40	8405.921	-404.75327
31	41	8392.032	-393.68738
31	42	8405.216	-398.95905
31	43	8392.654	-415.93073
31	44	8405.075	-401.9997
31	46	8461.403	-374.52164
31	47	8392.231	-404.62387
31	48	8405.262	-393.6772
31	50	8392.614	-385.64957
31	60	8445.398	-429.33237
31	64	8441.538	-359.37784
31	71	8402.817	-353.61273
31	73	8384.307	-303.15277
31	80	8389.804	-303.55685
31	82	8391.921	-399.29807
32	1	8418.427	-338.8499
32	2	8426.16	-381.58676
32	3	8425.909	-316.0094
32	4	8425.944	-441.4317
32	5	8429.428	-364.32092
32	7	8403.306	-318.14902
32	8	8402.94	-323.42844
32	9	8403.492	-315.3714
32	10	8403.291	-328.92404
32	11	8403.136	-312.5111
32	12	8403.108	-331.67947
32	13	8402.926	-309.7504
32	14	8403.462	-339.87296
32	15	8429.271	-333.4836
32	16	8403.321	-342.79654
32	17	8403.065	-345.62546
32	19	8403.203	-348.3063
32	20	8403.273	-350.98856
32	21	8429.109	-406.5864
32	22	8403.266	-356.40826
32	25	8385.303	-316.34265
32	26	8387.143	-303.33997
32	40	8405.921	-404.75327
32	41	8392.032	-393.68738
32	42	8405.216	-398.95905
32	43	8392.654	-415.93073
32	44	8405.075	-401.9997
32	46	8460.962	-374.48578
32	48	8405.262	-393.6772
32	50	8392.614	-385.64957
32	53	8405.168	-396.45752
32	60	8445.394	-427.26865
32	64	8441.563	-357.23273
32	67	8388.288	-370.7112
32	71	8402.817	-353.61273
32	73	8384.307	-303.15277
32	80	8389.804	-303.55685
32	82	8391.921	-399.29807
33	1	8418.363	-340.12137
33	2	8426.155	-383.63586
33	3	8425.91	-317.98438
33	4	8425.945	-443.35114
33	5	8429.422	-366.21365
33	7	8403.306	-318.14902
33	8	8402.94	-323.42844
33	9	8403.492	-315.3714
33	10	8403.291	-328.92404
33	11	8403.136	-312.5111
33	12	8403.108	-331.67947
33	13	8402.926	-309.7504
33	14	8403.462	-339.87296
33	15	8429.275	-335.41568
33	16	8403.321	-342.79654
33	17	8403.065	-345.62546
33	19	8403.203	-348.3063
33	20	8403.273	-350.98856
33	21	8429.117	-408.56207
33	22	8403.266	-356.40826
33	25	8385.303	-316.34265
33	26	8387.143	-303.33997
33	40	8405.921	-404.75327
33	41	8392.032	-393.68738
33	42	8405.216	-398.95905
33	43	8392.654	-415.93073
33	44	8405.075	-401.9997
33	45	8415.751	-439.41458
33	46	8460.547	-374.445
33	48	8405.262	-393.6772
33	50	8392.614	-385.64957
33	53	8405.168	-396.45752
33	59	8403.426	-359.09576
33	60	8445.381	-425.05676
33	64	8441.578	-355.0773
33	67	8387.834	-370.6416
33	71	8402.817	-353.61273
33	80	8389.804	-303.55685
33	82	8391.921	-399.29807
34	1	8418.308	-341.3912
34	2	8426.1455	-385.687
34	3	8425.907	-319.8617
34	4	8425.942	-445.2872
34	5	8429.416	-368.10208
34	7	8403.306	-318.14902
34	8	8402.94	-323.42844
34	9	8403.492	-315.3714
34	10	8403.291	-328.92404
34	11	8403.136	-312.5111
34	12	8403.108	-331.67947
34	13	8402.926	-309.7504
34	14	8403.462	-339.87296
34	15	8429.269	-337.40668
34	16	8403.321	-342.79654
34	17	8403.065	-345.62546
34	19	8403.203	-348.3063
34	20	8403.273	-350.98856
34	21	8429.142	-410.51898
34	40	8405.921	-404.75327
34	41	8392.032	-393.68738
34	42	8405.216	-398.95905
34	43	8392.654	-415.93073
34	44	8405.075	-401.9997
34	45	8415.729	-439.42007
34	46	8460.143	-374.42123
34	47	8392.231	-404.62387
34	48	8405.262	-393.6772
34	50	8392.614	-385.64957
34	53	8405.168	-396.45752
34	59	8403.426	-359.09576
34	60	8445.366	-422.97528
34	64	8441.599	-352.8964
34	67	8387.317	-370.58282
34	71	8402.817	-353.61273
34	80	8389.804	-303.55685
34	82	8391.921	-399.29807
35	1	8418.252	-342.6347
35	2	8426.134	-387.7187
35	3	8425.906	-321.87692
35	4	8425.934	-447.19617
35	5	8429.413	-369.9864
35	7	8403.306	-318.14902
35	8	8402.94	-323.42844
35	9	8403.492	-315.3714
35	10	8403.291	-328.92404
35	12	8403.108	-331.67947
35	13	8402.926	-309.7504
35	14	8403.462	-339.87296
35	15	8429.266	-339.37363
35	16	8403.321	-342.79654
35	17	8403.065	-345.62546
35	19	8403.203	-348.3063
35	20	8403.273	-350.98856
35	21	8429.152	-412.46527
35	40	8405.921	-404.75327
35	41	8392.032	-393.68738
35	42	8405.216	-398.95905
35	43	8392.654	-415.93073
35	44	8405.075	-401.9997
35	45	8415.738	-439.41788
35	46	8459.783	-374.39874
35	47	8392.231	-404.62387
35	48	8405.262	-393.6772
35	49	8392.336	-410.28525
35	50	8392.614	-385.64957
35	51	8392.341	-418.47278
35	53	8405.168	-396.45752
35	59	8403.426	-359.09576
35	60	8445.375	-420.92145
35	64	8441.615	-350.70413
35	67	8386.856	-370.52783
35	71	8402.817	-353.61273
36	1	8418.199	-343.8457
36	2	8426.115	-389.7482
36	3	8425.911	-323.8699
36	4	8425.941	-449.0229
36	5	8429.408	-371.86847
36	7	8403.306	-318.14902
36	8	8402.94	-323.42844
36	9	8403.492	-315.3714
36	10	8403.291	-328.92404
36	12	8403.108	-331.67947
36	13	8402.926	-309.7504
36	14	8403.462	-339.87296
36	15	8429.267	-341.34766
36	16	8403.321	-342.79654
36	17	8403.065	-345.62546
36	19	8403.203	-348.3063
36	20	8403.273	-350.98856
36	21	8429.152	-414.40857
36	22	8403.266	-356.40826
36	40	8405.921	-404.75327
36	41	8392.032	-393.68738
36	42	8405.216	-398.95905
36	43	8392.654	-415.93073
36	44	8405.075	-401.9997
36	45	8415.718	-439.4174
36	46	8459.454	-374.37228
36	47	8392.231	-404.62387
36	48	8405.262	-393.6772
36	49	8392.336	-410.28525
36	50	8392.614	-385.64957
36	51	8392.341	-418.47278
36	53	8405.168	-396.45752
36	59	8403.426	-359.09576
36	60	8445.374	-418.80716
36	64	8441.631	-348.4802
36	67	8386.389	-370.47006
37	1	8418.14	-345.07404
37	2	8426.084	-391.76837
37	3	8425.911	-325.8005
37	4	8425.908	-450.78925
37	5	8429.403	-373.74573
37	7	8403.306	-318.14902
37	8	8402.94	-323.42844
37	9	8403.492	-315.3714
37	10	8403.291	-328.92404
37	12	8403.108	-331.67947
37	13	8402.926	-309.7504
37	14	8403.462	-339.87296
37	15	8429.271	-343.32062
37	16	8403.321	-342.79654
37	17	8403.065	-345.62546
37	19	8403.203	-348.3063
37	20	8403.273	-350.98856
37	21	8429.15	-416.30655
37	22	8403.266	-356.40826
37	40	8405.921	-404.75327
37	41	8392.032	-393.68738
37	42	8405.216	-398.95905
37	43	8392.654	-415.93073
37	44	8405.075	-401.9997
37	45	8415.757	-439.43695
37	46	8459.137	-374.34363
37	47	8392.231	-404.62387
37	48	8405.262	-393.6772
37	49	8392.336	-410.28525
37	50	8392.614	-385.64957
37	53	8405.168	-396.45752
37	59	8403.426	-359.09576
37	60	8445.353	-416.71582
37	64	8441.645	-346.27563
37	67	8385.97	-370.4268
38	1	8418.089	-346.22806
38	2	8426.047	-393.80087
38	3	8425.908	-327.7457
38	4	8425.934	-452.6136
38	5	8429.396	-375.62094
38	7	8403.306	-318.14902
38	8	8402.94	-323.42844
38	9	8403.492	-315.3714
38	10	8403.291	-328.92404
38	12	8403.108	-331.67947
38	13	8402.926	-309.7504
38	14	8403.462	-339.87296
38	15	8429.272	-345.3415
38	16	8403.321	-342.79654
38	19	8403.203	-348.3063
38	20	8403.273	-350.98856
38	21	8429.149	-418.264
38	22	8403.266	-356.40826
38	40	8405.921	-404.75327
38	41	8392.032	-393.68738
38	42	8405.216	-398.95905
38	43	8392.654	-415.93073
38	44	8405.075	-401.9997
38	45	8415.734	-439.43723
38	46	8458.858	-374.32358
38	47	8392.231	-404.62387
38	48	8405.262	-393.6772
38	49	8392.336	-410.28525
38	50	8392.614	-385.64957
38	52	8404.862	-412.84167
38	53	8405.168	-396.45752
38	59	8403.426	-359.09576
38	60	8445.3545	-414.65363
38	64	8441.648	-344.0365
38	67	8385.572	-370.393
39	1	8418.044	-347.35696
39	2	8425.995	-395.8279
39	3	8425.896	-329.74377
39	4	8425.934	-454.42334
39	5	8429.392	-377.49408
39	7	8403.306	-318.14902
39	8	8402.94	-323.42844
39	9	8403.492	-315.3714
39	10	8403.291	-328.92404
39	12	8403.108	-331.67947
39	13	8402.926	-309.7504
39	14	8403.462	-339.87296
39	15	8429.267	-347.29742
39	16	8403.321	-342.79654
39	17	8403.065	-345.62546
39	20	8403.273	-350.98856
39	21	8429.15	-420.19476
39	22	8403.266	-356.40826
39	40	8405.921	-404.75327
39	41	8392.032	-393.68738
39	42	8405.216	-398.95905
39	43	8392.654	-415.93073
39	44	8405.075	-401.9997
39	45	8415.74	-439.43927
39	46	8458.567	-374.30392
39	47	8392.231	-404.62387
39	48	8405.262	-393.6772
39	50	8392.614	-385.64957
39	52	8404.862	-412.84167
39	53	8405.168	-396.45752
39	59	8403.426	-359.09576
39	60	8445.328	-412.5676
39	64	8441.676	-341.79584
39	67	8385.118	-370.3462
40	1	8417.995	-348.48392
40	2	8425.9375	-397.84116
40	3	8425.892	-331.68454
40	4	8425.899	-456.30576
40	5	8429.386	-379.36826
40	7	8403.306	-318.14902
40	8	8402.94	-323.42844
40	9	8403.492	-315.3714
40	10	8403.291	-328.92404
40	12	8403.108	-331.67947
40	13	8402.926	-309.7504
40	14	8403.462	-339.87296
40	15	8429.275	-349.2626
40	16	8403.321	-342.79654
40	19	8403.203	-348.3063
40	20	8403.273	-350.98856
40	21	8429.145	-422.1487
40	22	8403.266	-356.40826
40	40	8405.921	-404.75327
40	41	8392.032	-393.68738
40	42	8405.216	-398.95905
40	43	8392.654	-415.93073
40	44	8405.075	-401.9997
40	45	8415.729	-439.42795
40	46	8458.336	-374.2838
40	47	8392.231	-404.62387
40	48	8405.262	-393.6772
40	50	8392.614	-385.64957
40	53	8405.168	-396.45752
40	59	8403.426	-359.09576
40	60	8445.334	-410.50272
40	64	8441.672	-339.55286
41	1	8417.957	-349.57956
41	2	8425.873	-399.8651
41	3	8425.895	-333.64047
41	4	8425.876	-457.999
41	5	8429.383	-381.23917
41	7	8403.306	-318.14902
41	8	8402.94	-323.42844
41	9	8403.492	-315.3714
41	10	8403.291	-328.92404
41	14	8403.462	-339.87296
41	15	8429.294	-351.22607
41	16	8403.321	-342.79654
41	20	8403.273	-350.98856
41	21	8429.143	-424.01218
41	22	8403.266	-356.40826
41	27	8403.211	-364.85052
41	40	8405.921	-404.75327
41	41	8392.032	-393.68738
41	42	8405.216	-398.95905
41	43	8392.654	-415.93073
41	44	8405.075	-401.9997
41	45	8415.752	-439.43726
41	46	8458.096	-374.2628
41	47	8392.231	-404.62387
41	48	8405.262	-393.6772
41	49	8392.336	-410.28525
41	50	8392.614	-385.64957
41	52	8404.862	-412.84167
41	53	8405.168	-396.45752
41	58	8392.118	-399.33884
41	59	8403.426	-359.09576
41	60	8445.327	-408.38095
41	64	8441.675	-337.37183
42	1	8417.906	-350.6374
42	2	8425.808	-401.87344
42	3	8425.89	-335.4933
42	4	8425.868	-460.12524
42	5	8429.379	-383.10947
42	7	8403.306	-318.14902
42	8	8402.94	-323.42844
42	10	8403.291	-328.92404
42	14	8403.462	-339.87296
42	15	8429.309	-353.17966
42	16	8403.321	-342.79654
42	20	8403.273	-350.98856
42	21	8429.138	-425.89377
42	22	8403.266	-356.40826
42	40	8405.921	-404.75327
42	41	8392.032	-393.68738
42	42	8405.216	-398.95905
42	43	8392.654	-415.93073
42	44	8405.075	-401.9997
42	45	8415.726	-439.422
42	46	8457.849	-374.24515
42	47	8392.231	-404.62387
42	48	8405.262	-393.6772
42	49	8392.336	-410.28525
42	50	8392.614	-385.64957
42	51	8392.341	-418.47278
42	52	8404.862	-412.84167
42	53	8405.168	-396.45752
42	58	8392.118	-399.33884
42	59	8403.426	-359.09576
42	60	8445.325	-406.34323
42	64	8441.685	-335.15436
42	67	8383.713	-370.2263
42	84	8403.349	-365.00745
43	1	8417.855	-351.6702
43	2	8425.736	-403.88135
43	3	8425.886	-337.36688
43	4	8425.8545	-461.61493
43	5	8429.375	-384.9831
43	7	8403.306	-318.14902
43	8	8402.94	-323.42844
43	10	8403.291	-328.92404
43	12	8403.108	-331.67947
43	14	8403.462	-339.87296
43	15	8429.3125	-355.15784
43	16	8403.321	-342.79654
43	21	8429.122	-427.76874
43	22	8403.266	-356.40826
43	40	8405.921	-404.75327
43	41	8392.032	-393.68738
43	42	8405.216	-398.95905
43	43	8392.654	-415.93073
43	44	8405.075	-401.9997
43	45	8415.718	-439.41754
43	46	8457.634	-374.22842
43	48	8405.262	-393.6772
43	49	8392.336	-410.28525
43	50	8392.614	-385.64957
43	51	8392.341	-418.47278
43	52	8404.862	-412.84167
43	53	8405.168	-396.45752
43	58	8392.118	-399.33884
43	59	8403.426	-359.09576
43	60	8445.323	-404.3063
43	64	8441.673	-332.88736
43	67	8383.246	-370.1798
43	84	8403.264	-364.95236
44	1	8417.815	-352.70624
44	2	8425.656	-405.86844
44	3	8425.889	-339.26718
44	4	8425.872	-463.3856
44	5	8429.372	-386.86008
44	7	8403.306	-318.14902
44	8	8402.94	-323.42844
44	10	8403.291	-328.92404
44	12	8403.108	-331.67947
44	14	8403.462	-339.87296
44	15	8429.312	-357.14493
44	16	8403.321	-342.79654
44	20	8403.273	-350.98856
44	21	8429.11	-429.53305
44	22	8403.266	-356.40826
44	40	8405.921	-404.75327
44	41	8392.032	-393.68738
44	42	8405.216	-398.95905
44	43	8392.654	-415.93073
44	44	8405.075	-401.9997
44	45	8415.698	-439.4114
44	46	8457.412	-374.2146
44	48	8405.262	-393.6772
44	49	8392.336	-410.28525
44	50	8392.614	-385.64957
44	51	8392.341	-418.47278
44	52	8404.862	-412.84167
44	53	8405.168	-396.45752
44	58	8392.118	-399.33884
44	59	8403.426	-359.09576
44	60	8445.309	-402.287
44	64	8441.703	-330.74106
44	67	8382.7705	-370.14954
44	84	8403.287	-364.97626
45	1	8417.771	-353.69867
45	2	8425.569	-407.87076
45	3	8425.905	-341.25766
45	4	8425.886	-465.1681
45	5	8429.37	-388.7401
45	8	8402.94	-323.42844
45	10	8403.291	-328.92404
45	14	8403.462	-339.87296
45	15	8429.311	-359.084
45	16	8403.321	-342.79654
45	20	8403.273	-350.98856
45	21	8429.102	-431.4671
45	22	8403.266	-356.40826
45	40	8405.921	-404.75327
45	41	8392.032	-393.68738
45	42	8405.216	-398.95905
45	43	8392.654	-415.93073
45	44	8405.075	-401.9997
45	45	8415.719	-439.42255
45	46	8457.212	-374.19354
45	47	8392.231	-404.62387
45	48	8405.262	-393.6772
45	49	8392.336	-410.28525
45	50	8392.614	-385.64957
45	51	8392.341	-418.47278
45	52	8404.862	-412.84167
45	53	8405.168	-396.45752
45	54	8379.855	-430.06775
45	55	8389.227	-451.89478
45	58	8392.118	-399.33884
45	60	8445.288	-400.2449
45	64	8441.699	-328.4728
45	67	8382.353	-370.12366
45	84	8403.253	-365.02417
46	1	8417.7295	-354.6892
46	2	8425.4795	-409.87137
46	3	8425.91	-343.19308
46	4	8425.875	-466.92178
46	5	8429.37	-390.62592
46	8	8402.94	-323.42844
46	14	8403.462	-339.87296
46	15	8429.3125	-361.03033
46	16	8403.321	-342.79654
46	20	8403.273	-350.98856
46	21	8429.084	-433.23355
46	22	8403.266	-356.40826
46	40	8405.921	-404.75327
46	41	8392.032	-393.68738
46	42	8405.216	-398.95905
46	43	8392.654	-415.93073
46	44	8405.075	-401.9997
46	45	8415.72	-439.42258
46	46	8456.998	-374.18753
46	48	8405.262	-393.6772
46	49	8392.336	-410.28525
46	50	8392.614	-385.64957
46	51	8392.341	-418.47278
46	52	8404.862	-412.84167
46	53	8405.168	-396.45752
46	54	8379.855	-430.06775
46	55	8389.227	-451.89478
46	58	8392.118	-399.33884
46	60	8445.281	-398.22308
46	63	8374.389	-429.7422
46	64	8441.708	-326.2891
46	67	8381.87	-370.0971
46	84	8403.212	-365.03156
47	1	8417.6875	-355.61218
47	2	8425.395	-411.84634
47	3	8425.906	-345.11554
47	4	8425.869	-468.66028
47	5	8429.369	-392.5128
47	8	8402.94	-323.42844
47	10	8403.291	-328.92404
47	14	8403.462	-339.87296
47	15	8429.326	-362.961
47	16	8403.321	-342.79654
47	20	8403.273	-350.98856
47	21	8429.058	-435.14368
47	22	8403.266	-356.40826
47	40	8405.921	-404.75327
47	41	8392.032	-393.68738
47	42	8405.216	-398.95905
47	43	8392.654	-415.93073
47	44	8405.075	-401.9997
47	45	8415.716	-439.41702
47	46	8456.817	-374.17847
47	47	8392.231	-404.62387
47	48	8405.262	-393.6772
47	49	8392.336	-410.28525
47	50	8392.614	-385.64957
47	51	8392.341	-418.47278
47	52	8404.862	-412.84167
47	53	8405.168	-396.45752
47	54	8379.855	-430.06775
47	55	8389.227	-451.89478
47	57	8385.401	-429.87964
47	58	8392.118	-399.33884
47	60	8445.283	-396.19064
47	64	8441.723	-324.0478
47	67	8381.411	-370.0601
47	84	8403.064	-365.06256
48	1	8417.645	-356.53885
48	2	8425.307	-413.8332
48	3	8425.894	-346.94623
48	4	8425.863	-470.4769
48	5	8429.368	-394.40103
48	10	8403.291	-328.92404
48	14	8403.462	-339.87296
48	15	8429.337	-364.91467
48	16	8403.321	-342.79654
48	20	8403.273	-350.98856
48	21	8429.039	-436.84662
48	22	8403.266	-356.40826
48	40	8405.921	-404.75327
48	41	8392.032	-393.68738
48	42	8405.216	-398.95905
48	43	8392.654	-415.93073
48	44	8405.075	-401.9997
48	45	8415.708	-439.41354
48	46	8456.63	-374.16815
48	47	8392.231	-404.62387
48	48	8405.262	-393.6772
48	49	8392.336	-410.28525
48	50	8392.614	-385.64957
48	51	8392.341	-418.47278
48	52	8404.862	-412.84167
48	53	8405.168	-396.45752
48	54	8379.855	-430.06775
48	55	8389.227	-451.89478
48	56	8383.282	-454.80148
48	57	8385.401	-429.87964
48	58	8392.118	-399.33884
48	60	8445.256	-394.2568
48	64	8441.699	-321.95947
48	67	8380.962	-370.0227
49	1	8417.574	-357.42758
49	2	8425.208	-415.83008
49	3	8425.897	-348.8737
49	4	8425.861	-472.28137
49	5	8429.367	-396.29205
49	10	8403.291	-328.92404
49	12	8403.108	-331.67947
49	14	8403.462	-339.87296
49	15	8429.346	-366.91644
49	16	8403.321	-342.79654
49	20	8403.273	-350.98856
49	21	8429.018	-438.68246
49	22	8403.266	-356.40826
49	40	8405.921	-404.75327
49	41	8392.032	-393.68738
49	42	8405.216	-398.95905
49	43	8392.654	-415.93073
49	44	8405.075	-401.9997
49	45	8415.691	-439.40057
49	46	8456.473	-374.1503
49	47	8392.231	-404.62387
49	48	8405.262	-393.6772
49	49	8392.336	-410.28525
49	50	8392.614	-385.64957
49	51	8392.341	-418.47278
49	52	8404.862	-412.84167
49	53	8405.168	-396.45752
49	54	8379.855	-430.06775
49	55	8389.227	-451.89478
49	56	8383.282	-454.80148
49	60	8445.25	-392.28183
49	63	8374.389	-429.7422
49	64	8441.697	-319.76953
49	67	8380.514	-369.99924
50	1	8417.5	-358.28876
50	2	8425.113	-417.79324
50	3	8425.904	-350.84525
50	4	8425.821	-474.05484
50	5	8429.365	-398.17947
50	14	8403.462	-339.87296
50	15	8429.337	-368.89557
50	16	8403.321	-342.79654
50	20	8403.273	-350.98856
50	21	8428.996	-440.4328
50	22	8403.266	-356.40826
50	40	8405.921	-404.75327
50	41	8392.032	-393.68738
50	42	8405.216	-398.95905
50	43	8392.654	-415.93073
50	44	8405.075	-401.9997
50	45	8415.704	-439.4015
50	46	8456.317	-374.1425
50	47	8392.231	-404.62387
50	48	8405.262	-393.6772
50	49	8392.336	-410.28525
50	50	8392.614	-385.64957
50	51	8392.341	-418.47278
50	52	8404.862	-412.84167
50	53	8405.168	-396.45752
50	54	8379.855	-430.06775
50	55	8389.227	-451.89478
50	56	8383.282	-454.80148
50	57	8385.401	-429.87964
50	60	8445.257	-390.29025
50	61	8369.646	-446.4278
50	63	8374.389	-429.7422
50	67	8380.073	-369.98224
51	1	8417.43	-359.10916
51	2	8425.012	-419.7627
51	3	8425.899	-352.77
51	4	8425.8	-475.80612
51	5	8429.364	-400.05478
51	14	8403.462	-339.87296
51	15	8429.349	-370.8075
51	20	8403.273	-350.98856
51	21	8428.979	-442.21085
51	40	8405.921	-404.75327
51	41	8392.032	-393.68738
51	42	8405.216	-398.95905
51	43	8392.654	-415.93073
51	44	8405.075	-401.9997
51	45	8415.721	-439.4095
51	46	8456.181	-374.1313
51	47	8392.231	-404.62387
51	48	8405.262	-393.6772
51	49	8392.336	-410.28525
51	50	8392.614	-385.64957
51	51	8392.341	-418.47278
51	52	8404.862	-412.84167
51	53	8405.168	-396.45752
51	55	8389.227	-451.89478
51	56	8383.282	-454.80148
51	58	8392.118	-399.33884
51	60	8445.257	-388.30923
51	61	8369.646	-446.4278
51	67	8379.618	-369.96118
52	1	8417.334	-359.88824
52	2	8424.915	-421.72958
52	3	8425.907	-354.58987
52	4	8425.811	-477.36792
52	5	8429.366	-401.9215
52	14	8403.462	-339.87296
52	15	8429.358	-372.76025
52	20	8403.273	-350.98856
52	21	8428.958	-443.9531
52	40	8405.921	-404.75327
52	41	8392.032	-393.68738
52	42	8405.216	-398.95905
52	43	8392.654	-415.93073
52	44	8405.075	-401.9997
52	45	8415.714	-439.4014
52	46	8456.047	-374.1249
52	47	8392.231	-404.62387
52	48	8405.262	-393.6772
52	49	8392.336	-410.28525
52	50	8392.614	-385.64957
52	51	8392.341	-418.47278
52	52	8404.862	-412.84167
52	53	8405.168	-396.45752
52	55	8389.227	-451.89478
52	56	8383.282	-454.80148
52	57	8385.401	-429.87964
52	58	8392.118	-399.33884
52	60	8445.258	-386.32678
52	61	8369.646	-446.4278
52	62	8369.528	-443.70798
52	66	8370.1455	-449.46616
53	1	8417.235	-360.67215
53	2	8424.807	-423.69608
53	3	8425.929	-356.54767
53	4	8425.801	-478.95
53	5	8429.367	-403.77765
53	14	8403.462	-339.87296
53	15	8429.369	-374.70114
53	20	8403.273	-350.98856
53	21	8428.936	-445.67783
53	40	8405.921	-404.75327
53	41	8392.032	-393.68738
53	42	8405.216	-398.95905
53	43	8392.654	-415.93073
53	44	8405.075	-401.9997
53	45	8415.709	-439.4046
53	46	8455.914	-374.1133
53	47	8392.231	-404.62387
53	48	8405.262	-393.6772
53	49	8392.336	-410.28525
53	50	8392.614	-385.64957
53	51	8392.341	-418.47278
53	52	8404.862	-412.84167
53	53	8405.168	-396.45752
53	54	8379.855	-430.06775
53	55	8389.227	-451.89478
53	56	8383.282	-454.80148
53	57	8385.401	-429.87964
53	58	8392.118	-399.33884
53	60	8445.265	-384.3073
53	61	8369.646	-446.4278
53	62	8369.528	-443.70798
53	65	8370.172	-452.15634
53	66	8370.1455	-449.46616
53	67	8378.671	-369.91342
54	1	8417.131	-361.42612
54	2	8424.711	-425.6539
54	3	8425.939	-358.4423
54	4	8425.787	-480.68408
54	5	8429.369	-405.62537
54	14	8403.462	-339.87296
54	15	8429.372	-376.66837
54	20	8403.273	-350.98856
54	21	8428.928	-447.4
54	40	8405.921	-404.75327
54	41	8392.032	-393.68738
54	42	8405.216	-398.95905
54	43	8392.654	-415.93073
54	44	8405.075	-401.9997
54	45	8415.705	-439.40125
54	46	8455.822	-374.10556
54	47	8392.231	-404.62387
54	48	8405.262	-393.6772
54	49	8392.336	-410.28525
54	50	8392.614	-385.64957
54	51	8392.341	-418.47278
54	52	8404.862	-412.84167
54	53	8405.168	-396.45752
54	54	8379.855	-430.06775
54	55	8389.227	-451.89478
54	56	8383.282	-454.80148
54	57	8385.401	-429.87964
54	58	8392.118	-399.33884
54	60	8445.26	-382.2963
54	61	8369.646	-446.4278
54	62	8369.528	-443.70798
54	63	8374.389	-429.7422
54	65	8370.172	-452.15634
54	66	8370.1455	-449.46616
54	67	8378.245	-369.90363
54	85	8383.658	-451.79852
55	1	8417.016	-362.13834
55	2	8424.612	-427.6175
55	3	8425.954	-360.35748
55	4	8425.734	-482.33
55	5	8429.372	-407.46347
55	14	8403.462	-339.87296
55	15	8429.385	-378.6309
55	20	8403.273	-350.98856
55	21	8428.922	-449.0274
55	40	8405.921	-404.75327
55	41	8392.032	-393.68738
55	42	8405.216	-398.95905
55	43	8392.654	-415.93073
55	44	8405.075	-401.9997
55	45	8415.721	-439.41095
55	46	8455.713	-374.0967
55	47	8392.231	-404.62387
55	48	8405.262	-393.6772
55	49	8392.336	-410.28525
55	50	8392.614	-385.64957
55	51	8392.341	-418.47278
55	52	8404.862	-412.84167
55	53	8405.168	-396.45752
55	54	8379.855	-430.06775
55	55	8389.227	-451.89478
55	56	8383.282	-454.80148
55	57	8385.401	-429.87964
55	60	8445.264	-380.2953
55	61	8369.646	-446.4278
55	62	8369.528	-443.70798
55	63	8374.389	-429.7422
55	65	8370.172	-452.15634
55	66	8370.1455	-449.46616
55	67	8377.771	-369.89334
55	85	8383.696	-451.80627
56	1	8416.877	-362.8233
56	2	8424.523	-429.58
56	3	8425.947	-362.32217
56	4	8425.722	-484.10837
56	5	8429.377	-409.2923
56	14	8403.462	-339.87296
56	15	8429.393	-380.57462
56	20	8403.273	-350.98856
56	21	8428.908	-450.7345
56	40	8405.921	-404.75327
56	41	8392.032	-393.68738
56	42	8405.216	-398.95905
56	43	8392.654	-415.93073
56	44	8405.075	-401.9997
56	45	8415.728	-439.4189
56	46	8455.578	-374.09106
56	47	8392.231	-404.62387
56	48	8405.262	-393.6772
56	49	8392.336	-410.28525
56	50	8392.614	-385.64957
56	51	8392.341	-418.47278
56	52	8404.862	-412.84167
56	53	8405.168	-396.45752
56	54	8379.855	-430.06775
56	55	8389.227	-451.89478
56	56	8383.282	-454.80148
56	57	8385.401	-429.87964
56	58	8392.118	-399.33884
56	60	8445.267	-378.3186
56	61	8369.646	-446.4278
56	62	8369.528	-443.70798
56	63	8374.389	-429.7422
56	65	8370.172	-452.15634
56	66	8370.1455	-449.46616
56	67	8377.377	-369.89334
56	74	8402.945	-365.0547
56	85	8383.681	-451.82986
57	1	8416.723	-363.47986
57	2	8424.434	-431.50943
57	3	8425.938	-364.16763
57	4	8425.697	-485.83273
57	5	8429.383	-411.10895
57	14	8403.462	-339.87296
57	15	8429.397	-382.50824
57	20	8403.273	-350.98856
57	21	8428.904	-452.3882
57	40	8405.921	-404.75327
57	41	8392.032	-393.68738
57	42	8405.216	-398.95905
57	43	8392.654	-415.93073
57	44	8405.075	-401.9997
57	45	8415.7295	-439.42865
57	46	8455.472	-374.0822
57	47	8392.231	-404.62387
57	48	8405.262	-393.6772
57	49	8392.336	-410.28525
57	50	8392.614	-385.64957
57	51	8392.341	-418.47278
57	52	8404.862	-412.84167
57	53	8405.168	-396.45752
57	54	8379.855	-430.06775
57	55	8389.227	-451.89478
57	56	8383.282	-454.80148
57	57	8385.401	-429.87964
57	60	8445.269	-376.2962
57	61	8369.646	-446.4278
57	62	8369.528	-443.70798
57	63	8374.389	-429.7422
57	65	8370.172	-452.15634
57	66	8370.1455	-449.46616
57	67	8376.892	-369.8881
57	68	8357.824	-430.0556
57	74	8402.945	-365.0547
57	85	8383.659	-451.803
58	1	8416.5625	-364.10458
58	2	8424.342	-433.437
58	3	8425.945	-366.06537
58	4	8425.675	-487.59927
58	5	8429.386	-412.91467
58	15	8429.403	-384.4768
58	20	8403.273	-350.98856
58	21	8428.8955	-454.0069
58	40	8405.921	-404.75327
58	41	8392.032	-393.68738
58	42	8405.216	-398.95905
58	43	8392.654	-415.93073
58	44	8405.075	-401.9997
58	45	8415.733	-439.43112
58	46	8455.369	-374.07916
58	47	8392.231	-404.62387
58	48	8405.262	-393.6772
58	49	8392.336	-410.28525
58	50	8392.614	-385.64957
58	51	8392.341	-418.47278
58	52	8404.862	-412.84167
58	53	8405.168	-396.45752
58	54	8379.855	-430.06775
58	55	8389.227	-451.89478
58	56	8383.282	-454.80148
58	57	8385.401	-429.87964
58	60	8445.27	-374.2739
58	61	8369.646	-446.4278
58	62	8369.528	-443.70798
58	63	8374.389	-429.7422
58	65	8370.172	-452.15634
58	66	8370.1455	-449.46616
58	68	8357.824	-430.0556
58	74	8402.945	-365.0547
58	85	8383.69	-451.7938
59	1	8416.394	-364.71735
59	2	8424.261	-435.36984
59	3	8425.931	-367.98923
59	4	8425.641	-489.25073
59	5	8429.387	-414.70816
59	15	8429.395	-386.47043
59	20	8403.273	-350.98856
59	21	8428.89	-455.59726
59	40	8405.921	-404.75327
59	41	8392.032	-393.68738
59	42	8405.216	-398.95905
59	43	8392.654	-415.93073
59	44	8405.075	-401.9997
59	45	8415.759	-439.44214
59	46	8455.309	-374.0708
59	47	8392.231	-404.62387
59	48	8405.262	-393.6772
59	49	8392.336	-410.28525
59	50	8392.614	-385.64957
59	51	8392.341	-418.47278
59	52	8404.862	-412.84167
59	53	8405.168	-396.45752
59	54	8379.855	-430.06775
59	55	8389.227	-451.89478
59	56	8383.282	-454.80148
59	57	8385.401	-429.87964
59	58	8392.118	-399.33884
59	60	8445.276	-372.2398
59	61	8369.646	-446.4278
59	62	8369.528	-443.70798
59	65	8370.172	-452.15634
59	66	8370.1455	-449.46616
59	68	8357.824	-430.0556
59	74	8402.945	-365.0547
60	1	8416.197	-365.31824
60	2	8424.185	-437.30527
60	3	8425.935	-369.8875
60	4	8425.594	-491.05057
60	5	8429.389	-416.49207
60	15	8429.394	-388.4464
60	20	8403.273	-350.98856
60	21	8428.892	-457.19745
60	40	8405.921	-404.75327
60	41	8392.032	-393.68738
60	42	8405.216	-398.95905
60	43	8392.654	-415.93073
60	44	8405.075	-401.9997
60	45	8415.769	-439.4407
60	46	8455.202	-374.0652
60	47	8392.231	-404.62387
60	48	8405.262	-393.6772
60	49	8392.336	-410.28525
60	50	8392.614	-385.64957
60	51	8392.341	-418.47278
60	52	8404.862	-412.84167
60	53	8405.168	-396.45752
60	54	8379.855	-430.06775
60	55	8389.227	-451.89478
60	56	8383.282	-454.80148
60	57	8385.401	-429.87964
60	58	8392.118	-399.33884
60	60	8445.293	-370.20932
60	61	8369.646	-446.4278
60	62	8369.528	-443.70798
60	63	8374.389	-429.7422
60	65	8370.172	-452.15634
60	66	8370.1455	-449.46616
60	68	8357.824	-430.0556
60	74	8402.945	-365.0547
60	85	8383.642	-451.80545
61	1	8415.991	-365.87762
61	2	8424.123	-439.22925
61	3	8425.917	-371.7194
61	4	8425.524	-492.88834
61	5	8429.386	-418.26407
61	15	8429.391	-390.36548
61	20	8403.273	-350.98856
61	21	8428.886	-458.80612
61	40	8405.921	-404.75327
61	41	8392.032	-393.68738
61	42	8405.216	-398.95905
61	43	8392.654	-415.93073
61	44	8405.075	-401.9997
61	45	8415.775	-439.43686
61	46	8455.105	-374.05923
61	47	8392.231	-404.62387
61	48	8405.262	-393.6772
61	49	8392.336	-410.28525
61	50	8392.614	-385.64957
61	51	8392.341	-418.47278
61	52	8404.862	-412.84167
61	53	8405.168	-396.45752
61	54	8379.855	-430.06775
61	55	8389.227	-451.89478
61	56	8383.282	-454.80148
61	57	8385.401	-429.87964
61	58	8392.118	-399.33884
61	60	8445.3	-368.17258
61	61	8369.646	-446.4278
61	62	8369.528	-443.70798
61	63	8374.389	-429.7422
61	65	8370.172	-452.15634
61	66	8370.1455	-449.46616
61	68	8357.824	-430.0556
61	70	8370.175	-462.9743
61	74	8402.945	-365.0547
62	1	8415.777	-366.37036
62	2	8424.075	-441.12503
62	3	8425.934	-373.61984
62	4	8425.439	-494.57425
62	5	8429.384	-420.02435
62	15	8429.39	-392.3008
62	20	8403.273	-350.98856
62	21	8428.881	-460.2914
62	40	8405.921	-404.75327
62	42	8405.216	-398.95905
62	43	8392.654	-415.93073
62	44	8405.075	-401.9997
62	45	8415.771	-439.43518
62	46	8455.025	-374.0571
62	47	8392.231	-404.62387
62	48	8405.262	-393.6772
62	49	8392.336	-410.28525
62	50	8392.614	-385.64957
62	51	8392.341	-418.47278
62	52	8404.862	-412.84167
62	53	8405.168	-396.45752
62	54	8379.855	-430.06775
62	55	8389.227	-451.89478
62	56	8383.282	-454.80148
62	57	8385.401	-429.87964
62	58	8392.118	-399.33884
62	60	8445.301	-366.17886
62	61	8369.646	-446.4278
62	62	8369.528	-443.70798
62	63	8374.389	-429.7422
62	65	8370.172	-452.15634
62	66	8370.1455	-449.46616
62	68	8357.824	-430.0556
62	74	8402.945	-365.0547
63	1	8415.544	-366.88422
63	2	8424.043	-443.0262
63	3	8425.933	-375.45062
63	4	8425.383	-496.20746
63	5	8429.383	-421.7708
63	15	8429.392	-394.21756
63	20	8403.273	-350.98856
63	21	8428.868	-461.9059
63	40	8405.921	-404.75327
63	42	8405.216	-398.95905
63	43	8392.654	-415.93073
63	44	8405.075	-401.9997
63	45	8415.776	-439.4358
63	46	8454.945	-374.04633
63	47	8392.231	-404.62387
63	48	8405.262	-393.6772
63	49	8392.336	-410.28525
63	50	8392.614	-385.64957
63	51	8392.341	-418.47278
63	52	8404.862	-412.84167
63	53	8405.168	-396.45752
63	54	8379.855	-430.06775
63	55	8389.227	-451.89478
63	56	8383.282	-454.80148
63	57	8385.401	-429.87964
63	58	8392.118	-399.33884
63	60	8445.307	-364.17804
63	61	8369.646	-446.4278
63	62	8369.528	-443.70798
63	63	8374.389	-429.7422
63	65	8370.172	-452.15634
63	66	8370.1455	-449.46616
63	68	8357.824	-430.0556
63	74	8402.945	-365.0547
64	1	8415.289	-367.36017
64	2	8424.035	-444.92563
64	3	8425.952	-377.3296
64	4	8425.333	-497.84283
64	5	8429.382	-423.50192
64	15	8429.394	-396.15887
64	21	8428.86	-463.40762
64	40	8405.921	-404.75327
64	41	8392.032	-393.68738
64	42	8405.216	-398.95905
64	43	8392.654	-415.93073
64	44	8405.075	-401.9997
64	45	8415.783	-439.43814
64	46	8454.868	-374.04437
64	47	8392.231	-404.62387
64	48	8405.262	-393.6772
64	49	8392.336	-410.28525
64	50	8392.614	-385.64957
64	51	8392.341	-418.47278
64	52	8404.862	-412.84167
64	53	8405.168	-396.45752
64	54	8379.855	-430.06775
64	55	8389.227	-451.89478
64	56	8383.282	-454.80148
64	57	8385.401	-429.87964
64	58	8392.118	-399.33884
64	60	8445.309	-362.14417
64	61	8369.646	-446.4278
64	62	8369.528	-443.70798
64	63	8374.389	-429.7422
64	65	8370.172	-452.15634
64	66	8370.1455	-449.46616
64	68	8357.824	-430.0556
64	74	8402.945	-365.0547
65	1	8415.009	-367.80438
65	2	8424.024	-446.83682
65	3	8425.96	-379.22897
65	4	8425.28	-499.62137
65	5	8429.382	-425.22324
65	15	8429.389	-398.1118
65	21	8428.858	-464.90826
65	40	8405.921	-404.75327
65	41	8392.032	-393.68738
65	42	8405.216	-398.95905
65	43	8392.654	-415.93073
65	44	8405.075	-401.9997
65	45	8415.794	-439.4472
65	46	8454.794	-374.03195
65	47	8392.231	-404.62387
65	48	8405.262	-393.6772
65	49	8392.336	-410.28525
65	50	8392.614	-385.64957
65	51	8392.341	-418.47278
65	52	8404.862	-412.84167
65	53	8405.168	-396.45752
65	54	8379.855	-430.06775
65	55	8389.227	-451.89478
65	56	8383.282	-454.80148
65	57	8385.401	-429.87964
65	58	8392.118	-399.33884
65	60	8445.311	-360.18777
65	61	8369.646	-446.4278
65	62	8369.528	-443.70798
65	63	8374.389	-429.7422
65	65	8370.172	-452.15634
65	66	8370.1455	-449.46616
65	68	8357.824	-430.0556
65	69	8430.105	-492.8196
65	74	8402.945	-365.0547
66	1	8414.727	-368.21323
66	2	8424.042	-448.75143
66	3	8425.96	-381.16183
66	4	8425.215	-501.28055
66	5	8429.379	-426.93152
66	15	8429.38	-400.0494
66	21	8428.853	-466.3738
66	40	8405.921	-404.75327
66	41	8392.032	-393.68738
66	42	8405.216	-398.95905
66	43	8392.654	-415.93073
66	44	8405.075	-401.9997
66	45	8415.793	-439.45013
66	46	8454.723	-374.0313
66	47	8392.231	-404.62387
66	48	8405.262	-393.6772
66	49	8392.336	-410.28525
66	51	8392.341	-418.47278
66	52	8404.862	-412.84167
66	53	8405.168	-396.45752
66	54	8379.855	-430.06775
66	55	8389.227	-451.89478
66	56	8383.282	-454.80148
66	57	8385.401	-429.87964
66	58	8392.118	-399.33884
66	60	8445.306	-358.18008
66	61	8369.646	-446.4278
66	62	8369.528	-443.70798
66	63	8374.389	-429.7422
66	65	8370.172	-452.15634
66	66	8370.1455	-449.46616
66	68	8357.824	-430.0556
66	74	8402.945	-365.0547
67	1	8414.398	-368.62732
67	2	8424.0625	-450.61108
67	3	8425.954	-383.00162
67	4	8425.144	-503.01624
67	5	8429.376	-428.62155
67	15	8429.361	-401.9713
67	21	8428.845	-467.84076
67	40	8405.921	-404.75327
67	41	8392.032	-393.68738
67	42	8405.216	-398.95905
67	43	8392.654	-415.93073
67	44	8405.075	-401.9997
67	45	8415.797	-439.45718
67	46	8454.617	-374.02295
67	47	8392.231	-404.62387
67	48	8405.262	-393.6772
67	49	8392.336	-410.28525
67	51	8392.341	-418.47278
67	52	8404.862	-412.84167
67	53	8405.168	-396.45752
67	54	8379.855	-430.06775
67	55	8389.227	-451.89478
67	56	8383.282	-454.80148
67	57	8385.401	-429.87964
67	58	8392.118	-399.33884
67	60	8445.273	-356.12387
67	61	8369.646	-446.4278
67	62	8369.528	-443.70798
67	63	8374.389	-429.7422
67	65	8370.172	-452.15634
67	66	8370.1455	-449.46616
67	68	8357.824	-430.0556
67	69	8430.105	-495.56482
67	70	8370.175	-462.9743
67	74	8402.945	-365.0547
67	87	8383.612	-451.78558
68	1	8414.038	-369.0461
68	2	8424.081	-452.48843
68	3	8425.953	-384.84442
68	4	8425.079	-504.70615
68	5	8429.377	-430.29797
68	15	8429.358	-403.88815
68	21	8428.848	-469.35324
68	40	8405.921	-404.75327
68	41	8392.032	-393.68738
68	42	8405.216	-398.95905
68	43	8392.654	-415.93073
68	44	8405.075	-401.9997
68	45	8415.795	-439.4647
68	46	8454.51	-374.02524
68	47	8392.231	-404.62387
68	48	8405.262	-393.6772
68	49	8392.336	-410.28525
68	50	8392.614	-385.64957
68	51	8392.341	-418.47278
68	52	8404.862	-412.84167
68	53	8405.168	-396.45752
68	54	8379.855	-430.06775
68	55	8389.227	-451.89478
68	56	8383.282	-454.80148
68	57	8385.401	-429.87964
68	58	8392.118	-399.33884
68	60	8445.293	-354.1589
68	61	8369.646	-446.4278
68	62	8369.528	-443.70798
68	63	8374.389	-429.7422
68	65	8370.172	-452.15634
68	66	8370.1455	-449.46616
68	68	8357.824	-430.0556
68	69	8430.098	-496.90985
68	70	8370.175	-462.9743
68	74	8402.945	-365.0547
68	87	8383.666	-451.78217
69	1	8413.696	-369.40857
69	2	8424.111	-454.357
69	3	8425.952	-386.71994
69	4	8425.013	-506.31506
69	5	8429.372	-431.96103
69	15	8429.358	-405.8065
69	21	8428.845	-470.7386
69	40	8405.921	-404.75327
69	41	8392.032	-393.68738
69	42	8405.216	-398.95905
69	43	8392.654	-415.93073
69	44	8405.075	-401.9997
69	45	8415.805	-439.47836
69	46	8454.409	-374.0171
69	47	8392.231	-404.62387
69	48	8405.262	-393.6772
69	49	8392.336	-410.28525
69	51	8392.341	-418.47278
69	52	8404.862	-412.84167
69	53	8405.168	-396.45752
69	54	8379.855	-430.06775
69	55	8389.227	-451.89478
69	56	8383.282	-454.80148
69	57	8385.401	-429.87964
69	58	8392.118	-399.33884
69	61	8369.646	-446.4278
69	62	8369.528	-443.70798
69	63	8374.389	-429.7422
69	65	8370.172	-452.15634
69	66	8370.1455	-449.46616
69	68	8357.824	-430.0556
69	69	8430.201	-498.26794
69	70	8370.175	-462.9743
69	74	8402.945	-365.0547
69	87	8383.661	-451.82974
70	1	8413.342	-369.76147
70	2	8424.145	-456.22644
70	3	8425.943	-388.61493
70	4	8424.922	-507.97003
70	5	8429.369	-433.6083
70	15	8429.357	-407.75153
70	21	8428.85	-472.18143
70	40	8405.921	-404.75327
70	41	8392.032	-393.68738
70	42	8405.216	-398.95905
70	43	8392.654	-415.93073
70	44	8405.075	-401.9997
70	45	8415.811	-439.48553
70	46	8454.3125	-374.0086
70	47	8392.231	-404.62387
70	48	8405.262	-393.6772
70	49	8392.336	-410.28525
70	51	8392.341	-418.47278
70	52	8404.862	-412.84167
70	53	8405.168	-396.45752
70	54	8379.855	-430.06775
70	55	8389.227	-451.89478
70	56	8383.282	-454.80148
70	57	8385.401	-429.87964
70	58	8392.118	-399.33884
70	61	8369.646	-446.4278
70	62	8369.528	-443.70798
70	65	8370.172	-452.15634
70	66	8370.1455	-449.46616
70	68	8357.824	-430.0556
70	69	8430.3	-499.61914
70	70	8370.175	-462.9743
70	72	8363.569	-429.9276
70	74	8402.945	-365.0547
70	87	8383.603	-451.75098
71	1	8412.998	-370.04932
71	2	8424.184	-458.06006
71	3	8425.945	-390.42856
71	4	8424.839	-509.56863
71	5	8429.364	-435.23978
71	15	8429.362	-409.65958
71	21	8428.854	-473.5602
71	40	8405.921	-404.75327
71	41	8392.032	-393.68738
71	42	8405.216	-398.95905
71	43	8392.654	-415.93073
71	44	8405.075	-401.9997
71	45	8415.811	-439.49158
71	46	8454.18	-373.99634
71	47	8392.231	-404.62387
71	48	8405.262	-393.6772
71	49	8392.336	-410.28525
71	51	8392.341	-418.47278
71	52	8404.862	-412.84167
71	53	8405.168	-396.45752
71	54	8379.855	-430.06775
71	55	8389.227	-451.89478
71	56	8383.282	-454.80148
71	57	8385.401	-429.87964
71	58	8392.118	-399.33884
71	61	8369.646	-446.4278
71	62	8369.528	-443.70798
71	63	8374.389	-429.7422
71	65	8370.172	-452.15634
71	66	8370.1455	-449.46616
71	68	8357.824	-430.0556
71	69	8430.35	-500.89185
71	70	8370.175	-462.9743
71	72	8363.569	-429.9276
71	74	8402.945	-365.0547
71	87	8383.7	-451.76416
72	1	8412.62	-370.37036
72	2	8424.225	-459.89896
72	3	8425.947	-392.26846
72	4	8424.774	-511.20233
72	5	8429.36	-436.85617
72	15	8429.362	-411.5552
72	21	8428.862	-474.9735
72	40	8405.921	-404.75327
72	41	8392.032	-393.68738
72	42	8405.216	-398.95905
72	43	8392.654	-415.93073
72	44	8405.075	-401.9997
72	45	8415.8125	-439.50827
72	46	8454.112	-373.9881
72	47	8392.231	-404.62387
72	48	8405.262	-393.6772
72	49	8392.336	-410.28525
72	51	8392.341	-418.47278
72	52	8404.862	-412.84167
72	54	8379.855	-430.06775
72	55	8389.227	-451.89478
72	56	8383.282	-454.80148
72	57	8385.401	-429.87964
72	58	8392.118	-399.33884
72	61	8369.646	-446.4278
72	62	8369.528	-443.70798
72	63	8374.389	-429.7422
72	65	8370.172	-452.15634
72	66	8370.1455	-449.46616
72	68	8357.824	-430.0556
72	69	8430.476	-502.2413
72	70	8370.175	-462.9743
72	72	8363.569	-429.9276
72	81	8392.216	-385.67642
73	1	8412.248	-370.63934
73	2	8424.269	-461.74658
73	3	8425.946	-394.0267
73	4	8424.702	-512.83
73	5	8429.36	-438.45523
73	15	8429.352	-413.45145
73	21	8428.861	-476.36206
73	40	8405.921	-404.75327
73	41	8392.032	-393.68738
73	42	8405.216	-398.95905
73	43	8392.654	-415.93073
73	44	8405.075	-401.9997
73	45	8415.811	-439.5111
73	46	8453.945	-373.9684
73	47	8392.231	-404.62387
73	48	8405.262	-393.6772
73	49	8392.336	-410.28525
73	51	8392.341	-418.47278
73	52	8404.862	-412.84167
73	54	8379.855	-430.06775
73	55	8389.227	-451.89478
73	56	8383.282	-454.80148
73	57	8385.401	-429.87964
73	58	8392.118	-399.33884
73	61	8369.646	-446.4278
73	62	8369.528	-443.70798
73	63	8374.389	-429.7422
73	65	8370.172	-452.15634
73	66	8370.1455	-449.46616
73	68	8357.824	-430.0556
73	69	8430.561	-503.54166
73	70	8370.175	-462.9743
73	72	8363.569	-429.9276
73	81	8392.216	-385.67642
74	1	8411.923	-370.87292
74	2	8424.3125	-463.56784
74	3	8425.97	-395.9027
74	4	8424.642	-514.4357
74	5	8429.357	-440.0378
74	15	8429.34	-415.34216
74	21	8428.87	-477.746
74	40	8405.921	-404.75327
74	41	8392.032	-393.68738
74	42	8405.216	-398.95905
74	43	8392.654	-415.93073
74	44	8405.075	-401.9997
74	45	8415.794	-439.51532
74	46	8453.895	-373.967
74	47	8392.231	-404.62387
74	48	8405.262	-393.6772
74	49	8392.336	-410.28525
74	51	8392.341	-418.47278
74	54	8379.855	-430.06775
74	55	8389.227	-451.89478
74	56	8383.282	-454.80148
74	57	8385.401	-429.87964
74	58	8392.118	-399.33884
74	61	8369.646	-446.4278
74	62	8369.528	-443.70798
74	63	8374.389	-429.7422
74	65	8370.172	-452.15634
74	66	8370.1455	-449.46616
74	68	8357.824	-430.0556
74	69	8430.636	-504.80817
74	70	8370.175	-462.9743
74	72	8363.569	-429.9276
74	76	8371.718	-429.7721
74	77	8377.296	-430.0284
74	81	8392.216	-385.67642
75	1	8411.444	-371.17947
75	2	8424.347	-465.39676
75	3	8425.968	-397.81198
75	4	8424.554	-515.9331
75	5	8429.356	-441.60614
75	15	8429.344	-417.21603
75	21	8428.883	-479.12048
75	40	8405.921	-404.75327
75	41	8392.032	-393.68738
75	42	8405.216	-398.95905
75	43	8392.654	-415.93073
75	44	8405.075	-401.9997
75	45	8415.789	-439.52295
75	46	8453.764	-373.9561
75	47	8392.231	-404.62387
75	48	8405.262	-393.6772
75	49	8392.336	-410.28525
75	51	8392.341	-418.47278
75	54	8379.855	-430.06775
75	55	8389.227	-451.89478
75	56	8383.282	-454.80148
75	57	8385.401	-429.87964
75	61	8369.646	-446.4278
75	62	8369.528	-443.70798
75	63	8374.389	-429.7422
75	65	8370.172	-452.15634
75	66	8370.1455	-449.46616
75	68	8357.824	-430.0556
75	69	8430.768	-506.05325
75	70	8370.175	-462.9743
75	72	8363.569	-429.9276
75	75	8402.029	-511.98917
75	76	8371.718	-429.7721
75	77	8377.296	-430.0284
75	79	8383.659	-451.93405
75	81	8392.216	-385.67642
75	83	8368.993	-430.0651
76	1	8411.086	-371.39694
76	2	8424.403	-467.221
76	3	8425.972	-399.62387
76	4	8424.477	-517.36224
76	5	8429.357	-443.16
76	15	8429.34	-419.09116
76	21	8428.89	-480.50565
76	40	8405.921	-404.75327
76	41	8392.032	-393.68738
76	42	8405.216	-398.95905
76	43	8392.654	-415.93073
76	44	8405.075	-401.9997
76	45	8415.789	-439.528
76	46	8453.59	-373.9416
76	47	8392.231	-404.62387
76	49	8392.336	-410.28525
76	51	8392.341	-418.47278
76	53	8405.168	-396.45752
76	54	8379.855	-430.06775
76	55	8389.227	-451.89478
76	56	8383.282	-454.80148
76	57	8385.401	-429.87964
76	61	8369.646	-446.4278
76	62	8369.528	-443.70798
76	63	8374.389	-429.7422
76	65	8370.172	-452.15634
76	66	8370.1455	-449.46616
76	68	8357.824	-430.0556
76	69	8430.884	-507.32578
76	70	8370.175	-462.9743
76	72	8363.569	-429.9276
76	75	8402.029	-511.98917
76	76	8371.718	-429.7721
76	77	8377.296	-430.0284
76	78	8404.969	-393.8385
76	79	8383.659	-451.93405
76	81	8392.216	-385.67642
77	2	8424.464	-469.02344
77	3	8425.964	-401.41748
77	4	8424.407	-518.9297
77	5	8429.358	-444.698
77	15	8429.345	-420.98352
77	21	8428.905	-481.83975
77	40	8405.921	-404.75327
77	41	8392.032	-393.68738
77	42	8405.216	-398.95905
77	43	8392.654	-415.93073
77	45	8415.782	-439.53418
77	46	8453.467	-373.94183
77	47	8392.231	-404.62387
77	49	8392.336	-410.28525
77	51	8392.341	-418.47278
77	52	8404.862	-412.84167
77	53	8405.168	-396.45752
77	54	8379.855	-430.06775
77	55	8389.227	-451.89478
77	56	8383.282	-454.80148
77	57	8385.401	-429.87964
77	61	8369.646	-446.4278
77	62	8369.528	-443.70798
77	63	8374.389	-429.7422
77	65	8370.172	-452.15634
77	66	8370.1455	-449.46616
77	68	8357.824	-430.0556
77	69	8430.997	-508.6213
77	72	8363.569	-429.9276
77	75	8402.029	-511.98917
77	76	8371.718	-429.7721
77	77	8377.296	-430.0284
77	79	8383.659	-451.93405
77	81	8392.216	-385.67642
78	2	8424.511	-470.8396
78	3	8425.969	-403.20496
78	4	8424.349	-520.5905
78	5	8429.362	-446.22073
78	15	8429.34	-422.86163
78	21	8428.927	-483.18353
78	40	8405.921	-404.75327
78	41	8392.032	-393.68738
78	42	8405.216	-398.95905
78	43	8392.654	-415.93073
78	45	8415.782	-439.5366
78	46	8453.268	-373.9327
78	47	8392.231	-404.62387
78	49	8392.336	-410.28525
78	51	8392.341	-418.47278
78	52	8404.862	-412.84167
78	54	8379.855	-430.06775
78	55	8389.227	-451.89478
78	56	8383.282	-454.80148
78	57	8385.401	-429.87964
78	58	8392.118	-399.33884
78	61	8369.646	-446.4278
78	62	8369.528	-443.70798
78	63	8374.389	-429.7422
78	65	8370.172	-452.15634
78	66	8370.1455	-449.46616
78	68	8357.824	-430.0556
78	69	8431.126	-509.7934
78	70	8370.175	-462.9743
78	72	8363.569	-429.9276
78	75	8402.029	-511.98917
78	76	8371.718	-429.7721
78	77	8377.296	-430.0284
78	78	8404.969	-393.8385
78	79	8383.659	-451.93405
78	81	8392.216	-385.67642
79	2	8424.563	-472.63986
79	3	8425.963	-405.0984
79	4	8424.27	-522.06494
79	5	8429.366	-447.72873
79	15	8429.339	-424.72586
79	21	8428.952	-484.51117
79	40	8405.921	-404.75327
79	41	8392.032	-393.68738
79	42	8405.216	-398.95905
79	43	8392.654	-415.93073
79	45	8415.776	-439.54
79	47	8392.231	-404.62387
79	49	8392.336	-410.28525
79	51	8392.341	-418.47278
79	52	8404.862	-412.84167
79	54	8379.855	-430.06775
79	55	8389.227	-451.89478
79	56	8383.282	-454.80148
79	57	8385.401	-429.87964
79	58	8392.118	-399.33884
79	61	8369.646	-446.4278
79	62	8369.528	-443.70798
79	63	8374.389	-429.7422
79	65	8370.172	-452.15634
79	66	8370.1455	-449.46616
79	68	8357.824	-430.0556
79	69	8431.239	-510.96793
79	70	8370.175	-462.9743
79	72	8363.569	-429.9276
79	75	8402.029	-511.98917
79	76	8371.718	-429.7721
79	77	8377.296	-430.0284
79	78	8404.969	-393.8385
79	79	8383.659	-451.93405
79	81	8392.216	-385.67642
80	2	8424.608	-474.44022
80	3	8425.954	-406.9299
80	4	8424.202	-523.54895
80	5	8429.37	-449.22235
80	15	8429.328	-426.52972
80	21	8428.972	-485.75095
80	40	8405.921	-404.75327
80	41	8392.032	-393.68738
80	42	8405.216	-398.95905
80	43	8392.654	-415.93073
80	45	8415.767	-439.5383
80	47	8392.231	-404.62387
80	49	8392.336	-410.28525
80	51	8392.341	-418.47278
80	54	8379.855	-430.06775
80	55	8389.227	-451.89478
80	56	8383.282	-454.80148
80	57	8385.401	-429.87964
80	58	8392.118	-399.33884
80	61	8369.646	-446.4278
80	62	8369.528	-443.70798
80	63	8374.389	-429.7422
80	65	8370.172	-452.15634
80	66	8370.1455	-449.46616
80	69	8431.366	-512.1656
80	70	8370.175	-462.9743
80	72	8363.569	-429.9276
80	75	8402.029	-511.98917
80	76	8371.718	-429.7721
80	77	8377.296	-430.0284
80	78	8404.969	-393.8385
80	79	8383.659	-451.93405
80	81	8392.216	-385.67642
81	2	8424.669	-476.20306
81	3	8425.958	-408.67618
81	4	8424.122	-524.9044
81	5	8429.372	-450.7002
81	15	8429.324	-428.28955
81	21	8428.996	-487.102
81	40	8405.921	-404.75327
81	41	8392.032	-393.68738
81	43	8392.654	-415.93073
81	44	8405.075	-401.9997
81	45	8415.757	-439.53717
81	47	8392.231	-404.62387
81	49	8392.336	-410.28525
81	51	8392.341	-418.47278
81	52	8404.862	-412.84167
81	54	8379.855	-430.06775
81	56	8383.282	-454.80148
81	57	8385.401	-429.87964
81	58	8392.118	-399.33884
81	61	8369.646	-446.4278
81	62	8369.528	-443.70798
81	63	8374.389	-429.7422
81	66	8370.1455	-449.46616
81	69	8431.452	-513.3521
81	70	8370.175	-462.9743
81	75	8402.029	-511.98917
81	76	8371.718	-429.7721
81	77	8377.296	-430.0284
81	78	8404.969	-393.8385
81	81	8392.216	-385.67642
82	2	8424.707	-477.98
82	3	8425.963	-410.45782
82	4	8424.054	-526.4182
82	5	8429.373	-452.16132
82	15	8429.308	-430.0216
82	21	8429.017	-488.3825
82	40	8405.921	-404.75327
82	41	8392.032	-393.68738
82	42	8405.216	-398.95905
82	43	8392.654	-415.93073
82	44	8405.075	-401.9997
82	45	8415.755	-439.53732
82	47	8392.231	-404.62387
82	49	8392.336	-410.28525
82	51	8392.341	-418.47278
82	52	8404.862	-412.84167
82	54	8379.855	-430.06775
82	56	8383.282	-454.80148
82	57	8385.401	-429.87964
82	58	8392.118	-399.33884
82	61	8369.646	-446.4278
82	62	8369.528	-443.70798
82	63	8374.389	-429.7422
82	68	8357.824	-430.0556
82	69	8431.597	-514.51886
82	70	8370.175	-462.9743
82	72	8363.569	-429.9276
82	75	8402.029	-511.98917
82	77	8377.296	-430.0284
82	78	8404.969	-393.8385
82	81	8392.216	-385.67642
83	2	8424.756	-479.74506
83	3	8425.963	-412.3844
83	4	8423.982	-527.76184
83	5	8429.372	-453.60913
83	15	8429.296	-431.81528
83	21	8429.031	-489.6847
83	40	8405.921	-404.75327
83	41	8392.032	-393.68738
83	42	8405.216	-398.95905
83	43	8392.654	-415.93073
83	45	8415.764	-439.54434
83	47	8392.231	-404.62387
83	49	8392.336	-410.28525
83	51	8392.341	-418.47278
83	52	8404.862	-412.84167
83	54	8379.855	-430.06775
83	55	8389.227	-451.89478
83	56	8383.282	-454.80148
83	57	8385.401	-429.87964
83	58	8392.118	-399.33884
83	61	8369.646	-446.4278
83	62	8369.528	-443.70798
83	63	8374.389	-429.7422
83	65	8370.172	-452.15634
83	68	8357.824	-430.0556
83	69	8431.664	-515.6356
83	70	8370.175	-462.9743
83	72	8363.569	-429.9276
83	75	8402.029	-511.98917
83	76	8371.718	-429.7721
83	78	8404.969	-393.8385
83	79	8383.659	-451.93405
84	2	8424.804	-481.47473
84	3	8425.956	-414.17685
84	4	8423.902	-529.0826
84	5	8429.37	-455.0482
84	15	8429.277	-433.53476
84	21	8429.05	-490.94455
84	40	8405.921	-404.75327
84	41	8392.032	-393.68738
84	42	8405.216	-398.95905
84	43	8392.654	-415.93073
84	45	8415.758	-439.55103
84	47	8392.231	-404.62387
84	49	8392.336	-410.28525
84	51	8392.341	-418.47278
84	52	8404.862	-412.84167
84	54	8379.855	-430.06775
84	55	8389.227	-451.89478
84	56	8383.282	-454.80148
84	57	8385.401	-429.87964
84	58	8392.118	-399.33884
84	62	8369.528	-443.70798
84	63	8374.389	-429.7422
84	65	8370.172	-452.15634
84	66	8370.1455	-449.46616
84	68	8357.824	-430.0556
84	69	8431.819	-516.78925
84	70	8370.175	-462.9743
84	72	8363.569	-429.9276
84	75	8402.029	-511.98917
84	76	8371.718	-429.7721
84	78	8404.969	-393.8385
84	79	8383.659	-451.93405
84	83	8368.993	-430.0651
85	2	8424.863	-483.22186
85	3	8425.961	-416.0032
85	4	8423.832	-530.42725
85	5	8429.366	-456.47546
85	15	8429.26	-435.20923
85	21	8429.073	-492.17972
85	40	8405.921	-404.75327
85	41	8392.032	-393.68738
85	42	8405.216	-398.95905
85	43	8392.654	-415.93073
85	45	8415.769	-439.5572
85	47	8392.231	-404.62387
85	49	8392.336	-410.28525
85	51	8392.341	-418.47278
85	52	8404.862	-412.84167
85	54	8379.855	-430.06775
85	55	8389.227	-451.89478
85	56	8383.282	-454.80148
85	57	8385.401	-429.87964
85	58	8392.118	-399.33884
85	61	8369.646	-446.4278
85	63	8374.389	-429.7422
85	65	8370.172	-452.15634
85	68	8357.824	-430.0556
85	69	8431.93	-517.8611
85	70	8370.175	-462.9743
85	72	8363.569	-429.9276
85	75	8402.029	-511.98917
85	76	8371.718	-429.7721
85	77	8377.296	-430.0284
85	78	8404.969	-393.8385
85	79	8383.659	-451.93405
85	83	8368.993	-430.0651
85	89	8364.506	-463.16647
86	2	8424.92	-484.9059
86	3	8425.982	-417.8701
86	4	8423.76	-531.85077
86	5	8429.361	-457.88742
86	15	8429.26	-436.8107
86	21	8429.097	-493.4381
86	40	8405.921	-404.75327
86	41	8392.032	-393.68738
86	42	8405.216	-398.95905
86	43	8392.654	-415.93073
86	45	8415.781	-439.57242
86	47	8392.231	-404.62387
86	49	8392.336	-410.28525
86	51	8392.341	-418.47278
86	52	8404.862	-412.84167
86	54	8379.855	-430.06775
86	55	8389.227	-451.89478
86	56	8383.282	-454.80148
86	57	8385.401	-429.87964
86	58	8392.118	-399.33884
86	61	8369.646	-446.4278
86	62	8369.528	-443.70798
86	63	8374.389	-429.7422
86	65	8370.172	-452.15634
86	69	8432.026	-519.0271
86	70	8370.175	-462.9743
86	72	8363.569	-429.9276
86	75	8402.029	-511.98917
86	76	8371.718	-429.7721
86	77	8377.296	-430.0284
86	78	8404.969	-393.8385
86	79	8383.659	-451.93405
86	83	8368.993	-430.0651
87	2	8424.963	-486.62793
87	3	8425.986	-419.65045
87	4	8423.696	-533.07086
87	5	8429.358	-459.28604
87	15	8429.235	-438.44925
87	21	8429.111	-494.66275
87	40	8405.921	-404.75327
87	41	8392.032	-393.68738
87	43	8392.654	-415.93073
87	45	8415.799	-439.58826
87	47	8392.231	-404.62387
87	49	8392.336	-410.28525
87	51	8392.341	-418.47278
87	52	8404.862	-412.84167
87	54	8379.855	-430.06775
87	55	8389.227	-451.89478
87	56	8383.282	-454.80148
87	57	8385.401	-429.87964
87	58	8392.118	-399.33884
87	61	8369.646	-446.4278
87	62	8369.528	-443.70798
87	63	8374.389	-429.7422
87	65	8370.172	-452.15634
87	69	8432.14	-520.064
87	70	8370.175	-462.9743
87	72	8363.569	-429.9276
87	75	8402.029	-511.98917
87	76	8371.718	-429.7721
87	77	8377.296	-430.0284
87	78	8404.969	-393.8385
87	79	8383.659	-451.93405
87	83	8368.993	-430.0651
87	88	8383.841	-520.20905
88	2	8425.012	-488.2887
88	3	8425.999	-421.39395
88	4	8423.639	-534.33777
88	5	8429.3545	-460.67288
88	15	8429.226	-440.04614
88	21	8429.13	-495.87048
88	40	8405.921	-404.75327
88	42	8405.216	-398.95905
88	43	8392.654	-415.93073
88	45	8415.824	-439.6065
88	47	8392.231	-404.62387
88	49	8392.336	-410.28525
88	51	8392.341	-418.47278
88	52	8404.862	-412.84167
88	54	8379.855	-430.06775
88	55	8389.227	-451.89478
88	56	8383.282	-454.80148
88	57	8385.401	-429.87964
88	58	8392.118	-399.33884
88	61	8369.646	-446.4278
88	62	8369.528	-443.70798
88	63	8374.389	-429.7422
88	65	8370.172	-452.15634
88	69	8432.257	-521.1203
88	70	8370.175	-462.9743
88	72	8363.569	-429.9276
88	75	8402.029	-511.98917
88	76	8371.718	-429.7721
88	77	8377.296	-430.0284
88	78	8404.969	-393.8385
88	79	8383.659	-451.93405
88	83	8368.993	-430.0651
88	88	8383.841	-520.20905
88	89	8364.506	-463.16647
89	2	8425.072	-489.946
89	3	8425.984	-423.15027
89	4	8423.576	-535.5961
89	5	8429.353	-462.04944
89	15	8429.209	-441.60858
89	21	8429.151	-497.1015
89	40	8405.921	-404.75327
89	42	8405.216	-398.95905
89	43	8392.654	-415.93073
89	45	8415.859	-439.62677
89	47	8392.231	-404.62387
89	49	8392.336	-410.28525
89	51	8392.341	-418.47278
89	52	8404.862	-412.84167
89	54	8379.855	-430.06775
89	55	8389.227	-451.89478
89	56	8383.282	-454.80148
89	57	8385.401	-429.87964
89	58	8392.118	-399.33884
89	61	8369.646	-446.4278
89	62	8369.528	-443.70798
89	63	8374.389	-429.7422
89	65	8370.172	-452.15634
89	66	8370.1455	-449.46616
89	69	8432.345	-522.1669
89	70	8370.175	-462.9743
89	75	8402.029	-511.98917
89	76	8371.718	-429.7721
89	77	8377.296	-430.0284
89	78	8404.969	-393.8385
89	79	8383.659	-451.93405
89	83	8368.993	-430.0651
89	88	8383.841	-520.20905
90	2	8425.122	-491.6029
90	3	8425.99	-424.93576
90	4	8423.513	-536.8439
90	5	8429.352	-463.41312
90	15	8429.203	-443.12698
90	21	8429.171	-498.30548
90	40	8405.921	-404.75327
90	43	8392.654	-415.93073
90	45	8415.907	-439.65863
90	47	8392.231	-404.62387
90	49	8392.336	-410.28525
90	51	8392.341	-418.47278
90	52	8404.862	-412.84167
90	54	8379.855	-430.06775
90	55	8389.227	-451.89478
90	56	8383.282	-454.80148
90	57	8385.401	-429.87964
90	58	8392.118	-399.33884
90	61	8369.646	-446.4278
90	62	8369.528	-443.70798
90	63	8374.389	-429.7422
90	65	8370.172	-452.15634
90	66	8370.1455	-449.46616
90	69	8432.431	-523.18665
90	70	8370.175	-462.9743
90	72	8363.569	-429.9276
90	75	8402.029	-511.98917
90	76	8371.718	-429.7721
90	77	8377.296	-430.0284
90	78	8404.969	-393.8385
90	79	8383.659	-451.93405
90	88	8383.841	-520.20905
90	89	8364.506	-463.16647
