0	1	8305.601	8240.677
0	2	8308.742	8245.856
0	3	8343.028	8262.581
0	4	8352.098	8231.098
0	5	8278.527	8215.399
0	6	8306.309	8235.857
0	7	8346.631	8258.568
0	8	8331.491	8265.877
0	9	8328.272	8271.052
0	15	8241.598	8201.05
0	17	8296.508	8310.5
1	1	8305.184	8240.287
1	2	8308.517	8245.369
1	3	8343.026	8262.576
1	4	8351.555	8232.071
1	5	8279.34	8215.886
1	6	8306.309	8235.857
1	7	8346.629	8258.562
1	8	8330.556	8267.406
1	9	8327.37	8272.523
1	15	8240.694	8200.563
1	17	8295.496	8312.177
2	1	8304.772	8239.893
2	2	8308.271	8244.852
2	3	8343.013	8262.566
2	4	8351.007	8233.063
2	5	8280.181	8216.389
2	6	8306.309	8235.857
2	7	8346.633	8258.567
2	8	8329.689	8268.822
2	9	8326.465	8273.998
2	15	8239.779	8200.043
3	1	8304.323	8239.514
3	2	8307.984	8244.324
3	3	8343.015	8262.569
3	4	8350.473	8234.005
3	5	8281.001	8216.875
3	6	8306.309	8235.857
3	7	8346.625	8258.5625
3	8	8328.8	8270.2705
3	9	8325.544	8275.497
3	15	8238.864	8199.55
4	1	8303.881	8239.12
4	2	8307.679	8243.83
4	3	8343.005	8262.575
4	4	8349.955	8234.938
4	5	8281.789	8217.351
4	6	8306.309	8235.857
4	7	8346.626	8258.568
4	8	8327.866	8271.806
4	9	8324.647	8276.956
5	1	8303.4	8238.738
5	2	8307.338	8243.325
5	3	8343.002	8262.571
5	4	8349.442	8235.844
5	5	8282.569	8217.808
5	6	8306.309	8235.857
5	7	8346.629	8258.564
5	8	8327.021	8273.169
5	9	8323.712	8278.482
6	1	8302.928	8238.368
6	2	8306.975	8242.84
6	3	8342.996	8262.569
6	4	8348.954	8236.72
6	5	8283.347	8218.261
6	6	8306.309	8235.857
6	7	8346.626	8258.564
6	8	8326.107	8274.6455
6	9	8322.805	8279.953
7	1	8302.427	8237.991
7	2	8306.602	8242.356
7	3	8342.9795	8262.569
7	4	8348.48	8237.572
7	5	8284.107	8218.7
7	6	8306.309	8235.857
7	7	8346.619	8258.5625
7	8	8325.215	8276.106
7	9	8321.894	8281.428
8	1	8301.939	8237.624
8	2	8306.216	8241.883
8	3	8342.97	8262.565
8	4	8348.029	8238.411
8	5	8284.876	8219.15
8	6	8306.309	8235.857
8	7	8346.617	8258.563
8	8	8324.296	8277.604
8	9	8320.979	8282.925
9	1	8301.403	8237.237
9	2	8305.766	8241.362
9	3	8342.955	8262.56
9	4	8347.622	8239.204
9	5	8285.61	8219.575
9	6	8306.309	8235.857
9	7	8346.616	8258.567
9	8	8323.35	8279.167
9	9	8320.073	8284.398
10	1	8300.918	8236.891
10	2	8305.307	8240.869
10	3	8342.922	8262.548
10	4	8347.238	8239.99
10	5	8286.353	8220.007
10	6	8306.309	8235.857
10	7	8346.619	8258.571
10	8	8322.4375	8280.646
10	9	8319.151	8285.923
11	1	8300.299	8236.441
11	2	8304.821	8240.384
11	3	8342.915	8262.545
11	4	8346.906	8240.736
11	5	8287.113	8220.447
11	6	8306.309	8235.857
11	7	8346.616	8258.575
11	8	8321.546	8282.106
11	9	8318.252	8287.387
12	1	8299.724	8236.046
12	2	8304.293	8239.886
12	3	8342.879	8262.544
12	4	8346.59	8241.4795
12	5	8287.841	8220.864
12	6	8306.309	8235.857
12	7	8346.625	8258.571
12	8	8320.61	8283.615
12	9	8317.335	8288.893
13	1	8299.142	8235.657
13	2	8303.776	8239.411
13	3	8342.848	8262.534
13	4	8346.323	8242.198
13	5	8288.563	8221.278
13	6	8306.309	8235.857
13	7	8346.624	8258.568
13	8	8319.73	8285.038
13	9	8316.422	8290.379
14	1	8298.581	8235.291
14	2	8303.248	8238.94
14	3	8342.811	8262.522
14	4	8346.099	8242.893
14	5	8289.262	8221.681
14	6	8306.309	8235.857
14	7	8346.615	8258.564
14	8	8318.833	8286.5205
14	9	8315.52	8291.867
15	1	8297.972	8234.889
15	2	8302.71	8238.4795
15	3	8342.78	8262.513
15	4	8345.906	8243.589
15	5	8289.944	8222.073
15	6	8306.309	8235.857
15	7	8346.618	8258.568
15	8	8317.913	8288.019
15	9	8314.587	8293.389
16	1	8297.363	8234.501
16	2	8302.203	8238.075
16	3	8342.737	8262.5
16	4	8345.756	8244.273
16	5	8290.605	8222.449
16	6	8306.309	8235.857
16	7	8346.615	8258.565
16	8	8317.01	8289.512
16	9	8313.681	8294.878
17	1	8296.707	8234.085
17	2	8301.642	8237.623
17	3	8342.688	8262.488
17	4	8345.652	8244.945
17	5	8291.244	8222.814
17	6	8306.309	8235.857
17	7	8346.612	8258.567
17	8	8316.057	8291.074
17	9	8312.755	8296.394
18	1	8296.046	8233.655
18	2	8301.07	8237.178
18	3	8342.642	8262.468
18	4	8345.592	8245.646
18	5	8291.876	8223.177
18	6	8306.309	8235.857
18	7	8346.615	8258.567
18	8	8315.194	8292.484
18	9	8311.839	8297.889
19	1	8295.397	8233.229
19	2	8300.453	8236.715
19	3	8342.602	8262.459
19	4	8345.57	8246.327
19	5	8292.49	8223.522
19	6	8306.309	8235.857
19	7	8346.62	8258.568
19	8	8314.271	8293.997
19	9	8310.905	8299.412
20	1	8294.741	8232.8125
20	2	8299.825	8236.262
20	3	8342.553	8262.45
20	4	8345.585	8247.013
20	5	8293.093	8223.862
20	6	8306.309	8235.857
20	7	8346.621	8258.575
20	8	8313.3545	8295.475
20	9	8310.011	8300.879
21	1	8294.075	8232.4
21	2	8299.17	8235.801
21	3	8342.498	8262.438
21	4	8345.638	8247.708
21	5	8293.676	8224.189
21	6	8306.309	8235.858
21	7	8346.622	8258.569
21	8	8312.409	8297.015
21	9	8309.087	8302.394
22	1	8293.386	8231.962
22	2	8298.489	8235.338
22	3	8342.433	8262.428
22	4	8345.7295	8248.339
22	5	8294.257	8224.521
22	6	8306.309	8235.857
22	7	8346.625	8258.572
22	8	8311.457	8298.573
22	9	8308.165	8303.9
23	1	8292.686	8231.508
23	2	8297.758	8234.853
23	3	8342.341	8262.403
23	4	8345.863	8249.005
23	5	8294.83	8224.84
23	6	8306.309	8235.857
23	7	8346.621	8258.567
23	8	8310.546	8300.07
23	9	8307.247	8305.383
24	1	8291.967	8231.058
24	2	8297.08	8234.401
24	3	8342.233	8262.382
24	4	8346.024	8249.633
24	5	8295.374	8225.145
24	6	8306.309	8235.857
24	7	8346.616	8258.564
24	8	8309.609	8301.618
24	9	8306.35	8306.829
25	1	8291.237	8230.603
25	2	8296.349	8233.918
25	3	8342.103	8262.352
25	4	8346.231	8250.251
25	5	8295.896	8225.44
25	6	8306.309	8235.857
25	7	8346.619	8258.568
25	8	8308.659	8303.169
25	9	8305.385	8308.3955
26	1	8290.518	8230.149
26	2	8295.634	8233.453
26	3	8341.961	8262.322
26	4	8346.47	8250.858
26	5	8296.411	8225.729
26	6	8306.309	8235.857
26	7	8346.617	8258.574
26	8	8307.679	8304.757
26	9	8304.511	8309.736
27	1	8289.727	8229.646
27	2	8294.876	8232.958
27	3	8341.809	8262.287
27	4	8346.747	8251.445
27	5	8296.915	8226.012
27	6	8306.309	8235.857
27	7	8346.61	8258.572
27	8	8306.439	8306.8
28	1	8288.954	8229.156
28	2	8294.073	8232.435
28	3	8341.6	8262.248
28	4	8347.051	8252.015
28	5	8297.387	8226.27
28	6	8306.309	8235.857
28	7	8346.614	8258.575
28	8	8305.472	8308.346
29	1	8288.209	8228.677
29	2	8293.345	8231.966
29	3	8341.386	8262.208
29	4	8347.402	8252.586
29	5	8297.872	8226.546
29	6	8306.309	8235.857
29	7	8346.615	8258.575
29	8	8304.684	8309.577
30	1	8287.487	8228.225
30	2	8292.573	8231.473
30	3	8341.134	8262.168
30	4	8347.766	8253.117
30	5	8298.3125	8226.789
30	6	8306.309	8235.857
30	7	8346.618	8258.572
30	8	8303.823	8310.944
31	1	8286.65	8227.693
31	2	8291.802	8230.975
31	3	8340.848	8262.134
31	4	8348.192	8253.655
31	5	8298.776	8227.049
31	6	8306.309	8235.857
31	7	8346.62	8258.579
31	8	8303.102	8312.02
32	1	8285.855	8227.1875
32	2	8290.999	8230.455
32	3	8340.562	8262.106
32	4	8348.636	8254.159
32	5	8299.214	8227.292
32	6	8306.309	8235.857
32	7	8346.618	8258.571
33	1	8285.068	8226.69
33	2	8290.224	8229.965
33	3	8340.228	8262.079
33	4	8349.119	8254.652
33	5	8299.656	8227.533
33	6	8306.309	8235.857
33	7	8346.619	8258.575
34	1	8284.238	8226.162
34	2	8289.392	8229.43
34	3	8339.856	8262.052
34	4	8349.628	8255.126
34	5	8300.064	8227.757
34	6	8306.309	8235.857
34	7	8346.612	8258.568
35	1	8283.4375	8225.652
35	2	8288.546	8228.892
35	3	8339.445	8262.031
35	4	8350.185	8255.6
35	5	8300.48	8227.986
35	6	8306.309	8235.857
35	7	8346.621	8258.573
36	1	8282.615	8225.133
36	2	8287.753	8228.382
36	3	8339.033	8262.044
36	4	8350.787	8256.082
36	5	8300.893	8228.214
36	6	8306.309	8235.857
36	7	8346.616	8258.567
37	1	8281.809	8224.619
37	2	8286.944	8227.862
37	3	8338.59	8262.069
37	4	8351.405	8256.527
37	5	8301.272	8228.427
37	6	8306.309	8235.857
37	7	8346.625	8258.576
38	1	8280.936	8224.068
38	2	8286.092	8227.325
38	3	8338.137	8262.119
38	4	8352.06	8256.975
38	5	8301.651	8228.638
38	6	8306.309	8235.857
38	7	8346.621	8258.571
39	1	8280.059	8223.518
39	2	8285.201	8226.756
39	3	8337.65	8262.169
39	4	8352.76	8257.434
39	5	8302.002	8228.828
39	6	8306.309	8235.857
39	7	8346.625	8258.569
40	1	8279.181	8222.969
40	2	8284.329	8226.205
40	3	8337.135	8262.245
40	4	8353.469	8257.891
40	5	8302.349	8229.019
40	6	8306.309	8235.857
40	7	8346.626	8258.569
41	1	8278.315	8222.414
41	2	8283.453	8225.651
41	3	8336.604	8262.345
41	4	8354.233	8258.34
41	5	8302.705	8229.211
41	6	8306.309	8235.857
41	7	8346.627	8258.571
42	1	8277.444	8221.864
42	2	8282.606	8225.116
42	3	8336.074	8262.465
42	4	8355.003	8258.791
42	5	8303.035	8229.39
42	6	8306.309	8235.857
42	7	8346.618	8258.569
43	1	8276.551	8221.301
43	2	8281.688	8224.528
43	3	8335.509	8262.605
43	4	8355.775	8259.233
43	5	8303.368	8229.571
43	6	8306.308	8235.858
43	7	8346.615	8258.563
44	1	8275.6455	8220.723
44	2	8280.769	8223.942
44	3	8334.91	8262.782
44	4	8356.57	8259.661
44	5	8303.695	8229.754
44	6	8306.309	8235.858
44	7	8346.607	8258.551
45	1	8274.733	8220.133
45	2	8279.875	8223.374
45	3	8334.324	8262.97
45	4	8357.381	8260.085
45	5	8304.025	8229.935
45	6	8306.3125	8235.861
45	7	8346.594	8258.548
46	1	8273.833	8219.551
46	2	8278.975	8222.806
46	3	8333.716	8263.19
46	4	8358.225	8260.514
46	5	8304.379	8230.126
46	6	8306.324	8235.868
46	7	8346.575	8258.542
47	1	8272.93	8218.978
47	2	8278.034	8222.201
47	3	8333.107	8263.431
47	4	8359.049	8260.925
47	5	8304.704	8230.303
47	6	8306.345	8235.882
47	7	8346.564	8258.522
48	1	8271.969	8218.367
48	2	8277.06	8221.596
48	3	8332.507	8263.711
48	4	8359.907	8261.341
48	5	8305.038	8230.483
48	6	8306.376	8235.902
48	7	8346.528	8258.512
49	1	8271.095	8217.804
49	2	8276.176	8221.042
49	3	8331.869	8264.004
49	4	8360.771	8261.759
49	5	8305.369	8230.669
49	6	8306.419	8235.93
49	7	8346.497	8258.493
50	1	8270.203	8217.242
50	2	8275.184	8220.402
50	3	8331.255	8264.328
50	4	8361.684	8262.185
50	5	8305.693	8230.847
50	6	8306.475	8235.967
50	7	8346.45	8258.468
50	10	8284.585	8309.476
51	1	8269.24	8216.637
51	2	8274.259	8219.8125
51	3	8330.607	8264.681
51	4	8362.587	8262.6
51	5	8306.043	8231.043
51	6	8306.546	8236.013
51	7	8346.401	8258.435
51	10	8285.317	8308.251
51	11	8278.437	8306.291
52	1	8268.299	8216.049
52	2	8273.323	8219.227
52	3	8329.936	8265.083
52	4	8363.475	8263.005
52	5	8306.399	8231.235
52	6	8306.632	8236.066
52	7	8346.337	8258.4
52	10	8286.065	8307.023
52	11	8279.0625	8305.166
53	1	8267.302	8215.422
53	2	8272.371	8218.606
53	3	8329.29	8265.51
53	4	8364.364	8263.394
53	5	8306.762	8231.434
53	6	8306.7295	8236.13
53	7	8346.27	8258.365
53	10	8286.818	8305.824
53	11	8279.726	8304.04
53	12	8299.33	8278.834
54	1	8266.301	8214.823
54	2	8271.449	8218.033
54	3	8328.65	8265.965
54	4	8365.322	8263.791
54	5	8307.124	8231.627
54	6	8306.841	8236.201
54	7	8346.206	8258.328
54	10	8287.549	8304.637
54	11	8280.394	8302.927
54	12	8299.73	8278.166
55	1	8265.205	8214.15
55	2	8270.418	8217.386
55	3	8328.009	8266.439
55	4	8366.263	8264.202
55	5	8307.501	8231.834
55	6	8306.969	8236.283
55	7	8346.13	8258.282
55	10	8288.232	8303.474
55	11	8281.014	8301.84
55	12	8300.179	8277.494
56	1	8264.223	8213.551
56	2	8269.465	8216.79
56	3	8327.388	8266.916
56	4	8367.2	8264.591
56	5	8307.89	8232.048
56	6	8307.111	8236.375
56	7	8346.042	8258.237
56	10	8288.927	8302.3125
56	11	8281.651	8300.734
57	1	8263.202	8212.936
57	2	8268.439	8216.15
57	3	8326.724	8267.466
57	4	8368.205	8265.001
57	5	8308.295	8232.268
57	6	8307.268	8236.476
57	7	8345.955	8258.192
57	10	8289.617	8301.153
57	11	8282.295	8299.675
58	1	8262.227	8212.356
58	2	8267.42	8215.503
58	3	8326.066	8268.065
58	4	8369.165	8265.399
58	5	8308.717	8232.501
58	6	8307.438	8236.587
58	7	8345.8545	8258.136
58	10	8290.278	8300.023
58	11	8282.928	8298.621
58	12	8301.26	8275.5625
59	1	8261.392	8211.853
59	2	8266.432	8214.894
59	3	8325.401	8268.678
59	4	8370.151	8265.788
59	5	8309.14	8232.734
59	6	8307.624	8236.706
59	7	8345.769	8258.084
59	10	8290.929	8298.928
59	11	8283.527	8297.669
59	12	8301.669	8274.849
60	1	8260.473	8211.322
60	2	8265.484	8214.307
60	3	8324.712	8269.346
60	4	8371.141	8266.182
60	5	8309.584	8232.978
60	6	8307.822	8236.832
60	7	8345.659	8258.034
60	10	8291.577	8297.838
60	11	8284.138	8296.688
60	12	8301.849	8274.488
61	1	8259.517	8210.777
61	2	8264.601	8213.77
61	3	8324.038	8270.035
61	4	8372.15	8266.579
61	5	8310.033	8233.22
61	6	8308.032	8236.967
61	7	8345.571	8257.9795
61	10	8292.205	8296.789
61	11	8284.773	8295.671
61	12	8302.375	8273.704
62	1	8258.589	8210.24
62	2	8263.501	8213.104
62	3	8323.377	8270.731
62	4	8373.119	8266.946
62	5	8310.466	8233.472
62	6	8308.257	8237.108
62	7	8345.431	8257.909
62	10	8292.817	8295.754
62	11	8285.381	8294.712
62	12	8302.677	8273.105
63	1	8257.676	8209.703
63	2	8262.511	8212.528
63	3	8322.69	8271.492
63	4	8374.183	8267.3545
63	5	8310.936	8233.723
63	6	8308.492	8237.257
63	7	8345.32	8257.846
63	10	8293.414	8294.741
63	11	8285.977	8293.727
64	1	8256.549	8209.05
64	2	8261.449	8211.902
64	3	8322.011	8272.274
64	4	8375.198	8267.752
64	5	8311.397	8233.984
64	6	8308.733	8237.411
64	7	8345.188	8257.767
64	10	8294.015	8293.732
64	11	8286.551	8292.776
64	12	8303.393	8271.92
65	1	8255.51	8208.462
65	2	8260.41	8211.287
65	3	8321.35	8273.059
65	4	8376.201	8268.146
65	5	8311.872	8234.259
65	6	8308.982	8237.571
65	7	8345.051	8257.691
65	10	8294.611	8292.734
65	11	8287.125	8291.816
65	12	8303.604	8271.438
66	1	8254.516	8207.894
66	2	8259.407	8210.709
66	3	8320.703	8273.872
66	4	8377.249	8268.556
66	5	8312.357	8234.537
66	6	8309.239	8237.733
66	7	8344.915	8257.62
66	10	8295.182	8291.785
66	11	8287.6875	8290.884
66	12	8303.947	8270.918
67	1	8253.561	8207.361
67	2	8258.43	8210.147
67	3	8320.024	8274.737
67	4	8378.323	8268.964
67	5	8312.8545	8234.805
67	6	8309.501	8237.9
67	7	8344.781	8257.544
67	10	8295.739	8290.825
67	11	8288.228	8289.977
67	12	8304.245	8270.353
68	1	8252.264	8206.623
68	2	8257.311	8209.511
68	3	8319.365	8275.611
68	4	8379.385	8269.401
68	5	8313.358	8235.108
68	6	8309.765	8238.07
68	7	8344.626	8257.461
68	10	8296.299	8289.891
68	11	8288.764	8289.083
68	12	8304.452	8269.885
69	1	8251.1	8205.927
69	2	8256.279	8208.909
69	3	8318.701	8276.506
69	5	8313.861	8235.389
69	6	8310.029	8238.236
69	7	8344.474	8257.373
69	10	8296.851	8288.962
69	11	8289.311	8288.193
69	12	8304.676	8269.506
70	1	8250.153	8205.437
70	2	8255.298	8208.35
70	3	8318.013	8277.438
70	5	8314.396	8235.693
70	6	8310.295	8238.406
70	7	8344.311	8257.279
70	10	8297.376	8288.075
70	11	8289.8545	8287.289
70	12	8304.985	8268.906
70	14	8352.289	8261.552
71	1	8248.626	8204.585
71	2	8254.168	8207.712
71	3	8317.337	8278.386
71	5	8314.907	8235.975
71	6	8310.5625	8238.573
71	7	8344.14	8257.18
71	10	8297.909	8287.185
71	11	8290.369	8286.448
71	12	8305.291	8268.386
71	14	8352.043	8261.415
72	2	8253.016	8207.071
72	3	8316.623	8279.368
72	5	8315.447	8236.27
72	6	8310.824	8238.743
72	7	8343.951	8257.072
72	10	8298.414	8286.335
72	11	8290.874	8285.599
72	12	8305.505	8268.034
72	13	8377.031	8277.112
73	2	8251.941	8206.471
73	3	8315.947	8280.332
73	5	8316.026	8236.598
73	6	8311.086	8238.913
73	7	8343.752	8256.967
73	10	8298.933	8285.471
73	11	8291.399	8284.76
73	12	8305.6875	8267.584
73	13	8375.805	8276.654
74	1	8245.421	8202.835
74	2	8250.772	8205.814
74	3	8315.2295	8281.357
74	5	8316.569	8236.904
74	6	8311.343	8239.074
74	7	8343.554	8256.855
74	10	8299.437	8284.62
74	11	8291.915	8283.892
74	12	8306.008	8267.184
74	13	8374.631	8276.167
75	2	8249.611	8205.16
75	3	8314.522	8282.376
75	5	8317.138	8237.216
75	6	8311.592	8239.233
75	7	8343.332	8256.736
75	10	8299.918	8283.809
75	11	8292.402	8283.09
75	13	8373.514	8275.726
75	14	8351.31	8261.042
76	2	8248.673	8204.647
76	3	8313.805	8283.406
76	5	8317.722	8237.549
76	6	8311.833	8239.39
76	7	8343.123	8256.614
76	10	8300.399	8283.009
76	11	8292.893	8282.29
76	12	8306.432	8266.238
76	13	8372.3545	8275.253
76	14	8351.189	8261.002
77	2	8247.599	8204.061
77	3	8313.087	8284.457
77	5	8318.305	8237.88
77	6	8312.063	8239.542
77	7	8342.892	8256.488
77	10	8300.877	8282.213
77	11	8293.38	8281.494
77	12	8306.651	8265.853
77	13	8371.251	8274.807
78	2	8246.5	8203.455
78	3	8312.346	8285.547
78	5	8318.914	8238.209
78	6	8312.296	8239.693
78	7	8342.653	8256.354
78	10	8301.342	8281.441
78	11	8293.87	8280.701
78	13	8370.132	8274.351
78	14	8350.79	8260.789
79	2	8245.29	8202.779
79	3	8311.6045	8286.642
79	5	8319.537	8238.549
79	6	8312.524	8239.838
79	7	8342.428	8256.23
79	10	8301.791	8280.682
79	11	8294.357	8279.921
79	13	8369.031	8273.881
79	14	8350.475	8260.631
80	2	8244.34	8202.21
80	3	8310.857	8287.7705
80	5	8320.141	8238.893
80	6	8312.743	8239.979
80	7	8342.167	8256.085
80	10	8302.23	8279.944
80	11	8294.798	8279.182
80	13	8367.937	8273.408
80	14	8350.312	8260.545
81	3	8310.109	8288.8955
81	5	8320.771	8239.243
81	6	8312.951	8240.114
81	7	8341.898	8255.933
81	10	8302.653	8279.233
81	11	8295.274	8278.401
81	13	8366.882	8272.956
81	14	8350.1045	8260.443
82	3	8309.3545	8290.029
82	5	8321.422	8239.605
82	6	8313.153	8240.244
82	7	8341.629	8255.78
82	10	8303.081	8278.517
82	11	8295.726	8277.669
82	13	8365.842	8272.504
83	3	8308.592	8291.191
83	5	8322.082	8239.969
83	6	8313.346	8240.37
83	7	8341.344	8255.62
83	10	8303.506	8277.805
83	11	8296.173	8276.916
83	13	8364.795	8272.044
83	14	8349.604	8260.198
84	3	8307.831	8292.349
84	5	8322.743	8240.339
84	6	8313.532	8240.489
84	7	8341.053	8255.466
84	10	8303.906	8277.126
84	11	8296.619	8276.188
84	13	8363.7705	8271.588
85	3	8307.077	8293.505
85	5	8323.417	8240.713
85	6	8313.709	8240.605
85	7	8340.752	8255.291
85	10	8304.299	8276.487
85	11	8297.063	8275.463
85	13	8362.789	8271.15
85	14	8349.155	8259.994
86	3	8306.306	8294.698
86	5	8324.095	8241.098
86	6	8313.876	8240.715
86	7	8340.443	8255.121
86	10	8304.689	8275.834
86	11	8297.506	8274.738
86	13	8361.813	8270.724
87	3	8305.514	8295.933
87	5	8324.78	8241.481
87	6	8314.034	8240.82
87	7	8340.144	8254.96
87	10	8305.075	8275.184
87	11	8297.932	8274.047
87	13	8360.869	8270.296
87	14	8348.654	8259.78
87	16	8366.092	8184.0654
88	3	8304.733	8297.161
88	5	8325.461	8241.87
88	6	8314.186	8240.918
88	7	8339.825	8254.778
88	10	8305.456	8274.55
88	11	8298.358	8273.3545
88	13	8359.933	8269.876
88	14	8348.462	8259.681
88	16	8365.247	8185.3887
89	3	8303.9375	8298.375
89	5	8326.167	8242.269
89	6	8314.325	8241.011
89	7	8339.498	8254.592
89	10	8305.835	8273.921
89	11	8298.775	8272.684
89	13	8359.017	8269.453
89	14	8348.256	8259.58
89	16	8364.423	8186.7593
90	3	8303.129	8299.641
90	5	8326.866	8242.672
90	6	8314.455	8241.097
90	7	8339.171	8254.415
90	10	8306.2	8273.316
90	11	8299.193	8271.999
90	13	8358.095	8269.027
90	14	8347.998	8259.453
90	16	8363.671	8188.0083
