0	1	1966.9253	4642.947
0	2	1970.069	4654.0205
0	3	1980.0328	4580.754
0	4	1918.4551	4611.7295
0	5	1966.8958	4716.885
0	6	1965.8555	4654.6294
0	7	1966.8662	4664.9775
0	8	1970.2211	4643.619
0	9	1970.1925	4676.451
0	10	1966.0999	4683.994
0	11	1966.736	4627.8755
0	12	1970.5259	4628.6646
0	13	1940.433	4609.159
0	14	1953.4015	4605.556
0	15	2016.7397	4658.771
0	16	1979.7329	4595.5664
0	18	2021.6426	4665.3594
0	19	1983.873	4593.6216
0	20	2025.651	4656.502
0	21	2025.8855	4654.211
0	22	2007.9344	4712.4546
0	23	2008.1577	4715.1924
0	37	2007.9115	4717.62
0	41	1974.3883	4594.5015
1	1	1966.9166	4642.5454
1	2	1970.0869	4653.9517
1	3	1980.0363	4580.9546
1	4	1919.2765	4611.799
1	5	1966.8794	4715.9165
1	6	1965.8557	4654.568
1	7	1966.862	4664.7007
1	8	1970.2328	4643.197
1	9	1970.195	4675.8257
1	10	1966.0931	4683.2812
1	11	1966.74	4627.323
1	12	1970.5331	4627.8667
1	13	1941.0258	4609.1562
1	14	1953.6105	4605.563
1	15	2016.7397	4658.771
1	16	1979.7372	4596.09
1	18	2021.6426	4665.3594
1	19	1983.8705	4594.056
1	20	2025.6029	4656.5967
1	21	2025.8855	4654.211
1	22	2007.9344	4712.4546
1	23	2008.1577	4715.1924
1	37	2007.9115	4717.62
1	41	1974.4102	4594.8564
2	1	1966.9105	4642.138
2	2	1970.0907	4653.86
2	3	1980.0526	4581.1533
2	4	1920.0045	4611.857
2	5	1966.8784	4714.9717
2	6	1965.8558	4654.494
2	7	1966.8597	4664.442
2	8	1970.2413	4642.7466
2	9	1970.1869	4675.2207
2	10	1966.0952	4682.59
2	11	1966.7344	4626.7407
2	12	1970.549	4627.0327
2	13	1941.5332	4609.1616
2	14	1953.8253	4605.565
2	15	2016.7397	4658.771
2	16	1979.7256	4596.635
2	18	2021.6426	4665.3594
2	19	1983.8698	4594.554
2	20	2025.5615	4656.603
2	21	2025.8855	4654.211
2	22	2007.9344	4712.4546
2	23	2008.1577	4715.1924
2	37	2007.9115	4717.62
2	41	1974.3752	4595.099
3	1	1966.8983	4641.6943
3	2	1970.0847	4653.74
3	3	1980.0416	4581.3374
3	4	1920.7748	4611.9136
3	5	1966.8629	4713.9756
3	6	1965.8566	4654.408
3	7	1966.8632	4664.188
3	8	1970.2501	4642.259
3	9	1970.1868	4674.63
3	10	1966.0868	4681.9033
3	11	1966.736	4626.1313
3	12	1970.5569	4626.1475
3	13	1941.9993	4609.1587
3	14	1953.9921	4605.5605
3	15	2016.7397	4658.771
3	16	1979.7131	4597.2114
3	18	2021.6426	4665.3594
3	19	1983.8602	4595.0073
3	20	2025.5226	4656.6475
3	21	2025.8855	4654.211
3	22	2007.9344	4712.4546
3	23	2008.1577	4715.1924
3	37	2007.9115	4717.62
3	41	1974.3481	4595.4204
4	1	1966.8907	4641.234
4	2	1970.0896	4653.609
4	3	1980.0396	4581.57
4	4	1921.5839	4611.98
4	5	1966.8574	4713.0254
4	6	1965.8579	4654.311
4	7	1966.8654	4663.9565
4	8	1970.2578	4641.7544
4	9	1970.1865	4674.056
4	10	1966.0648	4681.2764
4	11	1966.7395	4625.5146
4	12	1970.551	4625.268
4	13	1942.4797	4609.1562
4	14	1954.1776	4605.5728
4	15	2016.7397	4658.771
4	16	1979.7167	4597.8506
4	18	2021.6426	4665.3594
4	19	1983.8477	4595.479
4	20	2025.4877	4656.6772
4	21	2025.8855	4654.211
4	22	2007.9344	4712.4546
4	23	2008.1577	4715.1924
4	37	2007.9115	4717.62
5	1	1966.8832	4640.739
5	2	1970.0936	4653.458
5	3	1980.0321	4581.8164
5	4	1922.251	4612.0425
5	5	1966.8486	4712.066
5	6	1965.8583	4654.201
5	7	1966.8645	4663.7285
5	8	1970.2725	4641.225
5	9	1970.18	4673.504
5	10	1966.0703	4680.6875
5	11	1966.7374	4624.8823
5	12	1970.5536	4624.32
5	13	1942.9498	4609.1562
5	14	1954.3091	4605.5723
5	15	2016.7397	4658.771
5	16	1979.7092	4598.46
5	18	2021.6426	4665.3594
5	19	1983.8494	4595.975
5	20	2025.4427	4656.7134
5	21	2025.8855	4654.211
5	22	2007.9344	4712.4546
5	23	2008.1577	4715.1924
5	37	2007.9115	4717.62
6	1	1966.8718	4640.217
6	2	1970.1022	4653.2837
6	3	1980.0616	4582.129
6	4	1922.9427	4612.1016
6	5	1966.8593	4711.1323
6	6	1965.859	4654.077
6	7	1966.8639	4663.497
6	8	1970.2825	4640.6763
6	9	1970.1805	4672.949
6	10	1966.0594	4680.1436
6	11	1966.7407	4624.2036
6	12	1970.5612	4623.35
6	13	1943.4231	4609.153
6	14	1954.4387	4605.571
6	15	2016.7397	4658.771
6	16	1979.6965	4599.1294
6	18	2021.6426	4665.3594
6	19	1983.8457	4596.501
6	20	2025.3947	4656.764
6	21	2025.8855	4654.211
6	22	2007.9344	4712.4546
6	23	2008.1577	4715.1924
6	24	1983.4053	4579.105
6	37	2007.9115	4717.62
7	1	1966.859	4639.6675
7	2	1970.1111	4653.089
7	3	1980.0812	4582.4214
7	4	1923.6521	4612.153
7	5	1966.8397	4710.21
7	6	1965.8596	4653.9395
7	7	1966.8677	4663.293
7	8	1970.2943	4640.093
7	9	1970.1752	4672.4277
7	10	1966.061	4679.614
7	11	1966.7354	4623.523
7	12	1970.562	4622.3496
7	13	1943.8441	4609.155
7	14	1954.5372	4605.5674
7	15	2016.7397	4658.771
7	16	1979.699	4599.7495
7	18	2021.6426	4665.3594
7	19	1983.8392	4597.037
7	20	2025.3511	4656.807
7	21	2025.8855	4654.211
7	22	2007.9344	4712.4546
7	23	2008.1577	4715.1924
7	24	1983.42	4579.2676
7	37	2007.9115	4717.62
8	1	1966.8481	4639.09
8	2	1970.1189	4652.8755
8	3	1980.085	4582.6846
8	4	1924.3923	4612.209
8	5	1966.8533	4709.274
8	6	1965.8606	4653.787
8	7	1966.8633	4663.0444
8	8	1970.3069	4639.483
8	9	1970.1705	4671.925
8	10	1966.0563	4679.083
8	11	1966.7332	4622.802
8	12	1970.5525	4621.317
8	13	1944.264	4609.1646
8	14	1954.6395	4605.5605
8	15	2016.7397	4658.771
8	16	1979.7057	4600.4585
8	18	2021.6426	4665.3594
8	19	1983.8357	4597.531
8	20	2025.3082	4656.8477
8	21	2025.8855	4654.211
8	22	2007.9344	4712.4546
8	23	2008.1577	4715.1924
8	24	1983.4142	4579.4087
8	37	2007.9115	4717.62
9	1	1966.8298	4638.5005
9	2	1970.1259	4652.6216
9	3	1980.0878	4583.02
9	4	1925.0751	4612.2554
9	5	1966.8601	4708.435
9	6	1965.8616	4653.6206
9	7	1966.8639	4662.8447
9	8	1970.323	4638.844
9	9	1970.1726	4671.424
9	10	1966.0488	4678.556
9	11	1966.737	4622.087
9	12	1970.5585	4620.3096
9	13	1944.7272	4609.172
9	14	1954.7289	4605.5654
9	15	2016.7397	4658.771
9	16	1979.6907	4601.178
9	17	1974.5637	4597.5576
9	18	2021.6426	4665.3594
9	19	1983.8337	4598.0537
9	20	2025.2797	4656.877
9	21	2025.8855	4654.211
9	22	2007.9344	4712.4546
9	23	2008.1577	4715.1924
9	24	1983.4478	4579.6143
10	1	1966.8184	4637.8613
10	2	1970.1454	4652.355
10	3	1980.0833	4583.3613
10	4	1925.7592	4612.296
10	5	1966.8531	4707.6133
10	6	1965.8625	4653.44
10	7	1966.8585	4662.6265
10	8	1970.3345	4638.1655
10	9	1970.1675	4670.9326
10	10	1966.0494	4678.0645
10	11	1966.7281	4621.345
10	12	1970.5548	4619.242
10	13	1945.2384	4609.17
10	14	1954.8003	4605.5605
10	15	2016.7397	4658.771
10	16	1979.6879	4601.9365
10	17	1974.5144	4598.0825
10	18	2021.6426	4665.3594
10	19	1983.8285	4598.653
10	20	2025.2474	4656.917
10	21	2025.8855	4654.211
10	22	2007.9344	4712.4546
10	23	2008.1577	4715.1924
10	24	1983.4418	4579.771
11	1	1966.8164	4637.228
11	2	1970.1584	4652.069
11	3	1980.0688	4583.7847
11	4	1926.3955	4612.352
11	5	1966.8652	4706.779
11	6	1965.8638	4653.245
11	7	1966.8545	4662.3994
11	8	1970.3467	4637.474
11	9	1970.1681	4670.466
11	10	1966.0472	4677.5684
11	11	1966.7281	4620.5596
11	12	1970.562	4618.118
11	13	1945.7107	4609.1704
11	14	1954.8579	4605.5596
11	15	2016.7397	4658.771
11	16	1979.6886	4602.682
11	17	1974.5286	4598.304
11	18	2021.6426	4665.3594
11	19	1983.8268	4599.216
11	20	2025.2115	4656.9688
11	21	2025.8855	4654.211
11	22	2007.9344	4712.4546
11	23	2008.1577	4715.1924
11	24	1983.4412	4579.943
12	1	1966.7976	4636.5444
12	2	1970.1671	4651.7446
12	3	1980.0671	4584.2246
12	4	1927.1237	4612.386
12	5	1966.8699	4705.9253
12	6	1965.8652	4653.0356
12	7	1966.8586	4662.168
12	8	1970.3572	4636.7666
12	9	1970.161	4669.975
12	10	1966.0502	4677.1167
12	11	1966.7255	4619.7593
12	12	1970.5541	4617.0264
12	13	1946.1625	4609.1636
12	14	1954.9049	4605.5674
12	15	2016.7397	4658.771
12	16	1979.6825	4603.4346
12	17	1974.484	4598.6304
12	18	2021.6426	4665.3594
12	19	1983.8091	4599.8105
12	20	2025.1772	4657.003
12	21	2025.8855	4654.211
12	22	2007.9344	4712.4546
12	23	2008.1577	4715.1924
12	24	1983.4631	4580.1436
13	1	1966.7838	4635.851
13	2	1970.1862	4651.3975
13	3	1980.0586	4584.643
13	4	1927.7847	4612.4385
13	5	1966.8735	4705.149
13	6	1965.867	4652.812
13	7	1966.856	4661.9565
13	8	1970.3695	4636.01
13	9	1970.1611	4669.5063
13	10	1966.051	4676.647
13	11	1966.7263	4618.9844
13	12	1970.5491	4615.8906
13	13	1946.5759	4609.1865
13	14	1954.9458	4605.563
13	15	2016.7397	4658.771
13	16	1979.6862	4604.203
13	17	1974.4717	4598.9097
13	18	2021.6426	4665.3594
13	19	1983.8115	4600.4336
13	20	2025.1511	4657.064
13	21	2025.8855	4654.211
13	22	2007.9344	4712.4546
13	23	2008.1577	4715.1924
13	24	1983.4495	4580.3613
13	40	1904.1328	4608.755
14	1	1966.7623	4635.1206
14	2	1970.2029	4651.0337
14	3	1980.0533	4585.119
14	4	1928.4883	4612.4785
14	5	1966.8721	4704.4087
14	6	1965.8687	4652.573
14	7	1966.8584	4661.6943
14	8	1970.3815	4635.2334
14	9	1970.1604	4669.0264
14	10	1966.0511	4676.212
14	11	1966.7252	4618.1865
14	12	1970.5502	4614.682
14	13	1947.0265	4609.1797
14	14	1954.9934	4605.5674
14	15	2016.7397	4658.771
14	16	1979.6776	4605.0596
14	17	1974.4569	4599.228
14	18	2021.6426	4665.3594
14	19	1983.8002	4601.0347
14	20	2025.1206	4657.1226
14	21	2025.8855	4654.211
14	22	2007.9344	4712.4546
14	23	2008.1577	4715.1924
14	24	1983.4629	4580.4927
14	40	1905.1699	4608.8525
15	1	1966.7405	4634.38
15	2	1970.2157	4650.649
15	3	1980.0736	4585.6025
15	4	1929.1036	4612.521
15	5	1966.868	4703.618
15	6	1965.8705	4652.32
15	7	1966.8575	4661.455
15	8	1970.3926	4634.429
15	9	1970.1582	4668.5728
15	10	1966.0481	4675.776
15	11	1966.7227	4617.377
15	12	1970.5487	4613.526
15	13	1947.3828	4609.18
15	14	1955.0253	4605.5684
15	15	2016.7397	4658.771
15	16	1979.6533	4605.893
15	17	1974.454	4599.526
15	18	2021.6426	4665.3594
15	19	1983.7986	4601.668
15	20	2025.0615	4657.17
15	21	2025.8855	4654.211
15	22	2007.9344	4712.4546
15	23	2008.1577	4715.1924
15	24	1983.4756	4580.757
15	40	1906.4927	4608.89
16	1	1966.7113	4633.6313
16	2	1970.2344	4650.2363
16	3	1980.0768	4586.015
16	4	1929.8877	4612.5757
16	5	1966.8622	4702.83
16	6	1965.8717	4652.0522
16	7	1966.8618	4661.225
16	8	1970.409	4633.6094
16	9	1970.1597	4668.106
16	10	1966.0464	4675.378
16	11	1966.7306	4616.5483
16	12	1970.5338	4612.341
16	14	1955.0394	4605.5674
16	15	2016.7397	4658.771
16	16	1979.6482	4606.7896
16	17	1974.4427	4599.8135
16	18	2021.6426	4665.3594
16	19	1983.7867	4602.284
16	20	2025.0657	4657.2095
16	21	2025.8855	4654.211
16	22	2007.9344	4712.4546
16	23	2008.1577	4715.1924
16	24	1983.4559	4580.983
16	40	1907.6278	4608.8794
17	1	1966.6871	4632.8374
17	2	1970.2577	4649.8047
17	3	1980.0708	4586.5034
17	4	1930.5806	4612.586
17	5	1966.8608	4702.067
17	6	1965.8741	4651.77
17	7	1966.8654	4660.9897
17	8	1970.422	4632.7646
17	9	1970.1603	4667.638
17	10	1966.0494	4674.9907
17	11	1966.7281	4615.7764
17	12	1970.5273	4611.1523
17	13	1947.9915	4609.222
17	14	1955.0588	4605.5674
17	15	2016.7397	4658.771
17	16	1979.6484	4607.629
17	17	1974.4407	4600.107
17	18	2021.6426	4665.3594
17	19	1983.788	4602.9917
17	20	2025.0165	4657.254
17	21	2025.8855	4654.211
17	22	2007.9344	4712.4546
17	23	2008.1577	4715.1924
17	24	1983.4658	4581.2324
17	40	1908.5477	4608.892
18	1	1966.6606	4632.031
18	2	1970.2806	4649.344
18	3	1980.069	4587.004
18	4	1931.2462	4612.61
18	5	1966.8617	4701.321
18	6	1965.8766	4651.4727
18	7	1966.8595	4660.7393
18	8	1970.4382	4631.878
18	9	1970.1584	4667.186
18	10	1966.048	4674.5977
18	11	1966.7289	4614.9854
18	12	1970.523	4609.882
18	13	1948.2389	4609.2075
18	14	1955.0519	4605.565
18	15	2016.7397	4658.771
18	16	1979.6476	4608.5073
18	17	1974.4362	4600.368
18	18	2021.6426	4665.3594
18	19	1983.7815	4603.6577
18	20	2024.9705	4657.267
18	21	2025.8855	4654.211
18	22	2007.9344	4712.4546
18	23	2008.1577	4715.1924
18	24	1983.47	4581.5186
18	40	1909.3425	4608.941
19	1	1966.6324	4631.202
19	2	1970.3035	4648.8623
19	3	1980.0593	4587.5806
19	4	1931.8643	4612.642
19	5	1966.8619	4700.606
19	6	1965.8783	4651.161
19	7	1966.8624	4660.524
19	8	1970.4515	4630.985
19	9	1970.158	4666.711
19	10	1966.0524	4674.234
19	11	1966.7472	4614.2275
19	12	1970.5247	4608.63
19	13	1948.5157	4609.2246
19	14	1955.0524	4605.565
19	15	2016.7397	4658.771
19	16	1979.6484	4609.4077
19	17	1974.4401	4600.656
19	18	2021.6426	4665.3594
19	19	1983.7777	4604.35
19	20	2024.9388	4657.342
19	21	2025.8855	4654.211
19	22	2007.9344	4712.4546
19	24	1983.4655	4581.8027
19	25	1980.1981	4575.5376
20	1	1966.6073	4630.354
20	2	1970.3315	4648.347
20	3	1980.0454	4588.096
20	4	1932.4414	4612.6587
20	5	1966.8584	4699.881
20	6	1965.8807	4650.835
20	7	1966.8563	4660.266
20	8	1970.4679	4630.0645
20	9	1970.1583	4666.2544
20	10	1966.0522	4673.8438
20	11	1966.7667	4613.458
20	12	1970.5164	4607.364
20	13	1948.8156	4609.221
20	14	1955.0433	4605.5635
20	15	2016.7397	4658.771
20	16	1979.648	4610.3633
20	17	1974.4338	4600.879
20	18	2021.6426	4665.3594
20	19	1983.7776	4605.0757
20	20	2024.9036	4657.4126
20	21	2025.8855	4654.211
20	22	2007.9344	4712.4546
20	24	1983.4735	4582.0815
20	25	1980.1705	4575.9375
21	1	1966.5834	4629.483
21	2	1970.3547	4647.8086
21	3	1980.0381	4588.6987
21	4	1933.0996	4612.6787
21	5	1966.8696	4699.1494
21	6	1965.8837	4650.494
21	7	1966.854	4660.02
21	8	1970.4751	4629.1074
21	9	1970.1598	4665.813
21	10	1966.0526	4673.4385
21	11	1966.7698	4612.6274
21	12	1970.5175	4606.0903
21	13	1949.1174	4609.1987
21	14	1955.0597	4605.5654
21	15	2016.7397	4658.771
21	16	1979.6477	4611.319
21	17	1974.4468	4601.103
21	18	2021.6426	4665.3594
21	19	1983.7747	4605.769
21	21	2025.8855	4654.211
21	22	2007.9344	4712.4546
21	24	1983.4639	4582.345
21	25	1980.2175	4576.3667
22	1	1966.5557	4628.5806
22	2	1970.3818	4647.2505
22	3	1980.0201	4589.269
22	4	1933.731	4612.6904
22	5	1966.9011	4698.47
22	6	1965.8864	4650.1396
22	7	1966.846	4659.7896
22	8	1970.4907	4628.127
22	9	1970.162	4665.3345
22	10	1966.0527	4673.077
22	11	1966.75	4611.7344
22	12	1970.5133	4604.7397
22	13	1949.427	4609.1963
22	14	1955.0569	4605.571
22	15	2016.7397	4658.771
22	16	1979.641	4612.277
22	17	1974.4323	4601.281
22	18	2021.6426	4665.3594
22	19	1983.7732	4606.514
22	21	2025.8855	4654.211
22	22	2007.9344	4712.4546
22	24	1983.4622	4582.6543
22	25	1980.2299	4576.716
23	1	1966.5385	4627.6865
23	2	1970.4056	4646.6743
23	3	1980.0244	4589.858
23	4	1934.2944	4612.723
23	5	1966.9149	4697.793
23	6	1965.8904	4649.7695
23	7	1966.8531	4659.552
23	8	1970.5101	4627.126
23	9	1970.165	4664.874
23	10	1966.0521	4672.689
23	11	1966.7655	4610.865
23	12	1970.5175	4603.42
23	13	1949.713	4609.196
23	14	1955.0544	4605.568
23	15	2016.7397	4658.771
23	16	1979.6414	4613.2617
23	17	1974.4271	4601.409
23	18	2021.6426	4665.3594
23	19	1983.7708	4607.2783
23	20	2024.7928	4657.531
23	21	2025.8855	4654.211
23	22	2007.9344	4712.4546
23	24	1983.4613	4583.0137
23	25	1980.2333	4577.2095
24	1	1966.5184	4626.74
24	2	1970.4384	4646.0547
24	3	1980.0482	4590.5356
24	4	1934.8674	4612.7524
24	5	1966.9473	4697.091
24	6	1965.8937	4649.3853
24	7	1966.8475	4659.339
24	8	1970.5166	4626.113
24	9	1970.1698	4664.4136
24	10	1966.0475	4672.317
24	11	1966.7721	4609.92
24	12	1970.5266	4602.0747
24	13	1949.9615	4609.204
24	14	1955.0715	4605.5684
24	15	2016.7397	4658.771
24	16	1979.6348	4614.251
24	17	1974.4222	4601.539
24	18	2021.6426	4665.3594
24	19	1983.7622	4608.0635
24	21	2025.8855	4654.211
24	22	2007.9344	4712.4546
24	24	1983.4622	4583.3413
24	25	1980.233	4577.617
24	26	1915.1656	4608.8647
25	1	1966.4976	4625.7812
25	2	1970.4568	4645.4204
25	3	1980.0419	4591.1157
25	4	1935.459	4612.7773
25	5	1966.9817	4696.371
25	6	1965.8982	4648.9863
25	7	1966.8425	4659.1187
25	8	1970.5393	4625.065
25	9	1970.1761	4663.9443
25	10	1966.0444	4671.96
25	11	1966.7781	4609.0254
25	12	1970.5336	4600.698
25	13	1950.2147	4609.2017
25	14	1955.0859	4605.569
25	15	2016.7397	4658.771
25	16	1979.6326	4615.244
25	17	1974.4333	4601.7017
25	18	2021.6426	4665.3594
25	19	1983.7498	4608.8384
25	21	2025.8855	4654.211
25	22	2007.9344	4712.4546
25	24	1983.477	4583.742
25	25	1980.2289	4578.063
25	26	1915.953	4608.8647
26	1	1966.4818	4624.832
26	2	1970.4855	4644.7734
26	3	1980.0404	4591.728
26	4	1936.0801	4612.791
26	5	1967.0353	4695.7095
26	6	1965.9023	4648.573
26	7	1966.843	4658.8687
26	8	1970.5474	4624.011
26	9	1970.181	4663.4775
26	10	1966.0483	4671.6074
26	11	1966.7899	4608.043
26	12	1970.5367	4599.3247
26	13	1950.4163	4609.1924
26	14	1955.0833	4605.5693
26	15	2016.7397	4658.771
26	16	1979.6333	4616.2666
26	17	1974.4309	4602.175
26	18	2021.6426	4665.3594
26	19	1983.7489	4609.624
26	21	2025.8855	4654.211
26	22	2007.9344	4712.4546
26	24	1983.4666	4584.143
26	25	1980.2318	4578.586
26	26	1916.7771	4608.8994
27	1	1966.4634	4623.846
27	2	1970.5092	4644.0933
27	3	1980.0261	4592.3916
27	4	1936.555	4612.815
27	5	1967.0975	4694.9854
27	6	1965.9075	4648.1455
27	7	1966.8362	4658.601
27	8	1970.5565	4622.94
27	9	1970.1865	4663.0054
27	10	1966.0464	4671.245
27	11	1966.7776	4606.9575
27	12	1970.5266	4597.9385
27	13	1950.6012	4609.19
27	14	1955.0935	4605.565
27	15	2016.7397	4658.771
27	16	1979.6266	4617.2827
27	17	1974.4287	4602.3984
27	18	2021.6426	4665.3594
27	19	1983.7377	4610.434
27	21	2025.8855	4654.211
27	24	1983.4696	4584.503
27	25	1980.2003	4579.0063
27	26	1917.6448	4608.893
28	1	1966.4512	4622.8564
28	2	1970.5333	4643.405
28	3	1979.999	4593.0737
28	4	1937.1249	4612.839
28	5	1967.1715	4694.28
28	6	1965.9125	4647.7036
28	7	1966.8419	4658.366
28	8	1970.5696	4621.835
28	9	1970.1913	4662.5234
28	10	1966.0474	4670.914
28	11	1966.7982	4605.9146
28	12	1970.5323	4596.5005
28	13	1950.8037	4609.189
28	14	1955.0802	4605.5625
28	15	2016.7397	4658.771
28	16	1979.6075	4618.3354
28	18	2021.6426	4665.3594
28	19	1983.727	4611.2646
28	21	2025.8855	4654.211
28	24	1983.4724	4584.9146
28	25	1980.2057	4579.464
28	26	1918.4371	4608.9204
29	1	1966.4365	4621.8584
29	2	1970.5612	4642.696
29	3	1979.9994	4593.781
29	4	1937.6398	4612.8467
29	5	1967.2445	4693.5645
29	6	1965.9174	4647.2466
29	7	1966.8457	4658.1074
29	8	1970.5765	4620.7246
29	9	1970.1971	4662.0283
29	10	1966.0505	4670.583
29	11	1966.8273	4604.825
29	12	1970.5227	4595.0757
29	13	1951.0068	4609.1885
29	14	1955.0829	4605.5625
29	15	2016.7397	4658.771
29	16	1979.6185	4619.366
29	17	1974.4791	4602.661
29	18	2021.6426	4665.3594
29	19	1983.7124	4612.0913
29	24	1983.4471	4585.1997
29	25	1980.1812	4580.0107
29	26	1919.2761	4608.9224
30	1	1966.4287	4620.845
30	2	1970.583	4641.958
30	3	1979.9811	4594.538
30	4	1938.1383	4612.859
30	5	1967.3333	4692.8867
30	6	1965.9235	4646.776
30	7	1966.8452	4657.854
30	8	1970.58	4619.6025
30	9	1970.2034	4661.525
30	10	1966.0437	4670.2446
30	11	1966.8336	4603.746
30	12	1970.5251	4593.5776
30	13	1951.1941	4609.1807
30	14	1955.0732	4605.5605
30	15	2016.7397	4658.771
30	16	1979.616	4620.459
30	17	1974.4901	4602.885
30	18	2021.6426	4665.3594
30	19	1983.7156	4612.911
30	24	1983.4497	4585.6064
30	25	1980.1721	4580.5586
30	26	1920.0646	4608.932
30	35	1983.8788	4572.674
31	1	1966.4159	4619.8213
31	2	1970.5978	4641.189
31	3	1979.9579	4595.291
31	4	1938.63	4612.872
31	5	1967.4159	4692.183
31	6	1965.929	4646.292
31	7	1966.8373	4657.554
31	8	1970.585	4618.4575
31	9	1970.2125	4661.0273
31	10	1966.0464	4669.9355
31	11	1966.8469	4602.6035
31	12	1970.5403	4592.127
31	13	1951.3848	4609.1753
31	14	1955.0961	4605.559
31	15	2016.7397	4658.771
31	16	1979.6138	4621.5444
31	17	1974.4921	4603.016
31	18	2021.6426	4665.3594
31	19	1983.7108	4613.7524
31	24	1983.4634	4586.082
31	25	1980.1713	4581.135
31	26	1920.851	4608.931
31	35	1983.8596	4572.8813
32	1	1966.4133	4618.7803
32	2	1970.6234	4640.401
32	3	1979.963	4596.0376
32	4	1939.1405	4612.88
32	5	1967.5212	4691.5117
32	6	1965.9346	4645.795
32	7	1966.8403	4657.2954
32	8	1970.5864	4617.3076
32	9	1970.2177	4660.494
32	10	1966.0535	4669.6255
32	12	1970.563	4590.608
32	13	1951.5458	4609.1763
32	14	1955.0806	4605.558
32	15	2016.7397	4658.771
32	16	1979.6057	4622.6426
32	17	1974.4565	4603.1772
32	18	2021.6426	4665.3594
32	19	1983.7083	4614.628
32	24	1983.4698	4586.4546
32	25	1980.16	4581.6787
32	26	1921.6139	4608.936
32	35	1983.8658	4573.1704
33	1	1966.4069	4617.739
33	2	1970.6372	4639.5825
33	3	1979.9509	4596.84
33	4	1939.6606	4612.89
33	5	1967.604	4690.8394
33	6	1965.9407	4645.2856
33	7	1966.8336	4656.9824
33	8	1970.5917	4616.141
33	9	1970.2306	4659.9663
33	10	1966.0568	4669.2837
33	12	1970.5615	4589.101
33	13	1951.7115	4609.177
33	14	1955.0819	4605.5625
33	15	2016.7397	4658.771
33	16	1979.5975	4623.7695
33	17	1974.4569	4603.301
33	18	2021.6426	4665.3594
33	19	1983.7057	4615.4897
33	24	1983.4502	4586.869
33	25	1980.155	4582.264
33	26	1922.3983	4608.9453
33	35	1983.7628	4573.2964
34	1	1966.4047	4616.6694
34	2	1970.6525	4638.7397
34	3	1979.9414	4597.626
34	4	1940.1954	4612.9004
34	5	1967.7137	4690.1274
34	6	1965.9469	4644.7637
34	7	1966.8342	4656.6953
34	8	1970.5969	4614.9644
34	9	1970.2439	4659.42
34	10	1966.0619	4668.957
34	12	1970.6023	4587.528
34	13	1951.8824	4609.186
34	14	1955.0853	4605.5703
34	15	2016.7397	4658.771
34	16	1979.5947	4624.909
34	17	1974.4615	4603.4375
34	18	2021.6426	4665.3594
34	19	1983.6996	4616.3745
34	24	1983.4453	4587.2954
34	25	1980.1329	4582.846
34	26	1923.2246	4608.951
34	35	1983.8921	4573.688
35	1	1966.396	4615.604
35	2	1970.6768	4637.8906
35	3	1979.9241	4598.478
35	4	1940.6796	4612.918
35	5	1967.82	4689.392
35	6	1965.9525	4644.2314
35	7	1966.8268	4656.389
35	8	1970.6046	4613.784
35	9	1970.252	4658.853
35	10	1966.0598	4668.6514
35	12	1970.6155	4585.943
35	13	1952.0259	4609.1914
35	14	1955.1061	4605.5723
35	15	2016.7397	4658.771
35	16	1979.5919	4626.0356
35	17	1974.4524	4603.5537
35	18	2021.6426	4665.3594
35	19	1983.6978	4617.2627
35	24	1983.4232	4587.7075
35	25	1980.1324	4583.4653
35	26	1923.7744	4608.958
35	35	1983.8455	4573.968
36	1	1966.3956	4614.524
36	2	1970.6992	4637.004
36	3	1979.9264	4599.292
36	4	1941.1316	4612.9346
36	5	1967.9071	4688.7183
36	6	1965.9584	4643.6895
36	7	1966.8282	4656.0483
36	8	1970.607	4612.5864
36	9	1970.2617	4658.2944
36	10	1966.0476	4668.3193
36	12	1970.6191	4584.381
36	13	1952.1548	4609.1895
36	14	1955.1018	4605.568
36	15	2016.7397	4658.771
36	16	1979.5862	4627.209
36	17	1974.4451	4603.6714
36	18	2021.6426	4665.3594
36	19	1983.6914	4618.1567
36	24	1983.4296	4588.2217
36	25	1980.0881	4584.0435
36	26	1924.4796	4608.959
36	35	1983.8927	4574.229
37	1	1966.397	4613.454
37	2	1970.7103	4636.096
37	3	1979.9106	4600.175
37	5	1968.0228	4687.943
37	6	1965.9646	4643.138
37	7	1966.8137	4655.7036
37	8	1970.6208	4611.375
37	9	1970.2747	4657.6733
37	10	1966.0404	4667.998
37	12	1970.629	4582.7705
37	13	1952.2886	4609.194
37	14	1955.1036	4605.572
37	15	2016.7397	4658.771
37	16	1979.5767	4628.389
37	17	1974.4496	4603.793
37	18	2021.6426	4665.3594
37	19	1983.6803	4619.0815
37	24	1983.4373	4588.6113
37	25	1980.075	4584.654
37	26	1925.2456	4608.9775
37	27	1980.0273	4568.3286
37	35	1983.9957	4574.6323
38	1	1966.4077	4612.3438
38	2	1970.7274	4635.1763
38	3	1979.9032	4601.0513
38	5	1968.1339	4687.201
38	6	1965.9703	4642.578
38	7	1966.818	4655.359
38	8	1970.6278	4610.162
38	9	1970.2854	4657.063
38	10	1966.0494	4667.7026
38	12	1970.6503	4581.161
38	13	1952.4103	4609.1943
38	14	1955.1097	4605.571
38	15	2016.7397	4658.771
38	16	1979.5541	4629.513
38	17	1974.4684	4603.866
38	18	2021.6426	4665.3594
38	19	1983.6808	4620.013
38	24	1983.413	4589.104
38	25	1980.0432	4585.3047
38	26	1925.9503	4608.9795
38	27	1980.0258	4568.8247
38	35	1983.9725	4574.9995
39	1	1966.4142	4611.261
39	2	1970.7482	4634.2324
39	3	1979.9005	4601.9473
39	4	1942.6761	4612.9683
39	5	1968.2465	4686.462
39	6	1965.9768	4642.0103
39	7	1966.8148	4655.007
39	8	1970.6346	4608.9155
39	9	1970.2953	4656.4316
39	10	1966.0553	4667.411
39	12	1970.6628	4579.528
39	13	1952.5148	4609.1904
39	14	1955.1156	4605.57
39	15	2016.7397	4658.771
39	16	1979.55	4630.753
39	17	1974.4652	4603.9834
39	18	2021.6426	4665.3594
39	19	1983.6703	4620.9517
39	24	1983.434	4589.49
39	25	1980.0111	4585.944
39	26	1926.7122	4608.9736
39	27	1980.0356	4569.3145
39	35	1983.9768	4575.3945
40	1	1966.4229	4610.15
40	2	1970.7592	4633.2637
40	3	1979.8951	4602.875
40	4	1943.0957	4612.968
40	5	1968.3566	4685.703
40	6	1965.9829	4641.4346
40	7	1966.8107	4654.638
40	8	1970.6475	4607.658
40	9	1970.3014	4655.7896
40	10	1966.0541	4667.068
40	12	1970.6708	4577.8994
40	13	1952.6124	4609.193
40	14	1955.1277	4605.5664
40	15	2016.7397	4658.771
40	16	1979.545	4631.971
40	17	1974.4625	4604.055
40	18	2021.6426	4665.3594
40	19	1983.659	4621.884
40	24	1983.4318	4589.9624
40	25	1980.0011	4586.6196
40	26	1927.4723	4608.962
40	27	1980.0427	4569.7007
40	35	1983.9995	4575.7656
41	1	1966.4261	4609.017
41	2	1970.7827	4632.27
41	3	1979.8895	4603.798
41	4	1943.5116	4612.9756
41	5	1968.4667	4684.932
41	6	1965.9868	4640.8516
41	7	1966.8073	4654.2476
41	8	1970.639	4606.404
41	9	1970.3103	4655.1255
41	10	1966.0603	4666.7593
41	12	1970.7069	4576.255
41	13	1952.7167	4609.1924
41	14	1955.1373	4605.566
41	15	2016.7397	4658.771
41	16	1979.532	4633.1953
41	17	1974.4591	4604.119
41	18	2021.6426	4665.3594
41	19	1983.6442	4622.8496
41	24	1983.4264	4590.4575
41	25	1979.9379	4587.185
41	26	1928.1191	4608.955
41	27	1980.0491	4570.176
41	35	1984.0756	4576.123
42	1	1966.4465	4607.882
42	2	1970.7946	4631.2573
42	3	1979.8893	4604.799
42	4	1943.8906	4612.98
42	5	1968.572	4684.168
42	6	1965.9886	4640.261
42	7	1966.8091	4653.8555
42	8	1970.6475	4605.1133
42	9	1970.3195	4654.453
42	10	1966.0582	4666.4077
42	12	1970.7212	4574.5767
42	13	1952.8097	4609.196
42	14	1955.1166	4605.569
42	16	1979.5164	4634.4355
42	17	1974.46	4604.1826
42	18	2021.6426	4665.3594
42	19	1983.6296	4623.8013
42	24	1983.418	4591.077
42	25	1979.967	4588.03
42	27	1980.0164	4570.7324
42	32	2025.9998	4654.1836
42	35	1984.0905	4576.7104
43	1	1966.4534	4606.7603
43	2	1970.8134	4630.23
43	3	1979.8853	4605.732
43	4	1944.3086	4612.986
43	5	1968.6675	4683.393
43	6	1965.9861	4639.665
43	7	1966.804	4653.457
43	8	1970.6498	4603.8325
43	9	1970.3323	4653.7627
43	10	1966.0585	4666.104
43	12	1970.7354	4572.898
43	13	1952.8777	4609.1953
43	14	1955.1323	4605.5654
43	16	1979.4834	4635.673
43	17	1974.4692	4604.218
43	18	2021.6426	4665.3594
43	19	1983.5985	4624.8022
43	24	1983.4053	4591.7563
43	25	1979.9453	4588.7847
43	27	1980.0134	4571.186
43	35	1984.1699	4577.0547
44	1	1966.4608	4605.609
44	2	1970.8308	4629.1714
44	3	1979.8763	4606.7075
44	4	1944.6754	4612.988
44	5	1968.7644	4682.5977
44	6	1965.9767	4639.0625
44	7	1966.7996	4653.0264
44	8	1970.6609	4602.532
44	9	1970.3317	4653.059
44	10	1966.0518	4665.7803
44	12	1970.758	4571.1865
44	13	1952.9542	4609.197
44	14	1955.1371	4605.5713
44	16	1979.477	4636.9155
44	17	1974.4696	4604.311
44	18	2021.6426	4665.3594
44	19	1983.5737	4625.7627
44	24	1983.4001	4592.396
44	25	1979.9315	4589.404
44	27	1979.9882	4571.7534
45	1	1966.4701	4604.4355
45	2	1970.8428	4628.113
45	3	1979.8661	4607.7075
45	4	1945.0786	4612.992
45	5	1968.8544	4681.755
45	6	1965.9608	4638.4546
45	7	1966.796	4652.6143
45	8	1970.6664	4601.208
45	9	1970.3489	4652.34
45	10	1966.0419	4665.4414
45	12	1970.78	4569.444
45	13	1953.0216	4609.1997
45	14	1955.1562	4605.571
45	16	1979.4557	4638.192
45	17	1974.4689	4604.314
45	18	2021.6426	4665.3594
45	19	1983.5586	4626.7544
45	24	1983.3951	4592.994
45	25	1979.9218	4590.1523
45	26	1930.521	4608.9834
45	27	1979.996	4572.221
46	1	1966.482	4603.265
46	2	1970.8611	4627.0366
46	3	1979.852	4608.7227
46	4	1945.4503	4612.9966
46	5	1968.9335	4680.939
46	6	1965.9375	4637.841
46	7	1966.7969	4652.187
46	8	1970.6713	4599.87
46	9	1970.3577	4651.6074
46	10	1966.0376	4665.0825
46	12	1970.7974	4567.7075
46	13	1953.0778	4609.197
46	14	1955.1482	4605.5693
46	16	1979.4495	4639.4653
46	17	1974.4761	4604.345
46	18	2021.6426	4665.3594
46	19	1983.5303	4627.762
46	24	1983.3901	4593.5713
46	25	1979.913	4590.9243
46	26	1931.0901	4609.007
46	27	1980.0002	4572.7725
47	1	1966.5045	4602.0864
47	2	1970.8737	4625.9414
47	3	1979.8456	4609.746
47	4	1945.7799	4612.9966
47	5	1969.016	4680.0894
47	6	1965.9056	4637.2236
47	7	1966.8008	4651.748
47	8	1970.6761	4598.5312
47	9	1970.3663	4650.859
47	10	1966.036	4664.7847
47	12	1970.8063	4565.955
47	13	1953.1425	4609.204
47	14	1955.137	4605.57
47	16	1979.4225	4640.7295
47	17	1974.4792	4604.38
47	18	2021.6426	4665.3594
47	19	1983.5143	4628.759
47	24	1983.3839	4594.166
47	25	1979.9039	4591.724
47	26	1931.7115	4609.0166
47	27	1980.0082	4573.352
48	1	1966.5233	4600.9033
48	2	1970.8906	4624.8228
48	3	1979.8304	4610.764
48	4	1946.1458	4612.996
48	5	1969.0884	4679.2227
48	6	1965.8623	4636.603
48	7	1966.8054	4651.285
48	8	1970.6772	4597.1714
48	9	1970.3715	4650.094
48	10	1966.0128	4664.406
48	12	1970.8354	4564.1616
48	13	1953.1873	4609.1997
48	14	1955.161	4605.5703
48	16	1979.4135	4642.023
48	17	1974.4795	4604.4106
48	18	2021.6426	4665.3594
48	19	1983.4861	4629.7837
48	24	1983.3744	4594.7837
48	25	1979.8998	4592.4927
48	26	1932.2996	4609.023
48	27	1979.9954	4573.9434
48	28	1907.3376	4597.131
48	32	2025.9998	4654.1836
49	1	1966.5409	4599.71
49	2	1970.9061	4623.6973
49	3	1979.8152	4611.827
49	4	1946.4805	4612.995
49	5	1969.1545	4678.394
49	6	1965.8086	4635.979
49	7	1966.7965	4650.8057
49	8	1970.6752	4595.807
49	9	1970.379	4649.319
49	10	1966.0049	4664.044
49	12	1970.8553	4562.408
49	13	1953.2385	4609.205
49	14	1955.1659	4605.578
49	16	1979.4125	4643.3564
49	17	1974.4747	4604.4395
49	18	2021.6426	4665.3594
49	19	1983.4731	4630.819
49	24	1983.3651	4595.388
49	25	1979.8834	4593.3003
49	26	1932.8887	4609.029
49	27	1980.0107	4574.4824
49	28	1907.36	4597.1816
49	32	2025.9998	4654.1836
50	1	1966.559	4598.5063
50	2	1970.9187	4622.5347
50	3	1979.8025	4612.934
50	4	1946.8241	4612.9966
50	5	1969.2268	4677.5303
50	6	1965.7412	4635.3525
50	7	1966.7949	4650.312
50	8	1970.6732	4594.426
50	9	1970.3855	4648.5537
50	10	1965.9978	4663.6733
50	12	1970.8722	4560.613
50	13	1953.2705	4609.2046
50	14	1955.1581	4605.58
50	16	1979.402	4644.6846
50	17	1974.4791	4604.466
50	18	2021.6426	4665.3594
50	19	1983.4545	4631.866
50	24	1983.3629	4596.0205
50	25	1979.8787	4594.1196
50	26	1933.4456	4609.039
50	27	1980.0028	4575.0996
50	28	1907.3641	4597.2285
50	32	2025.9998	4654.1836
51	1	1966.5797	4597.2637
51	2	1970.9281	4621.382
51	3	1979.7872	4614.0293
51	4	1947.152	4612.9985
51	5	1969.2968	4676.6143
51	6	1965.6599	4634.725
51	7	1966.789	4649.7812
51	8	1970.6805	4593.0444
51	9	1970.3915	4647.7583
51	10	1965.9972	4663.3193
51	12	1970.8806	4558.7715
51	13	1953.3069	4609.2046
51	14	1955.1719	4605.5864
51	16	1979.4008	4646.036
51	17	1974.4824	4604.471
51	18	2021.6426	4665.3594
51	19	1983.4305	4632.9243
51	24	1983.3647	4596.6616
51	25	1979.864	4595.0005
51	26	1933.9896	4609.0425
51	27	1979.9924	4575.714
51	28	1907.3779	4597.2744
51	32	2025.9998	4654.1836
52	1	1966.6047	4596.0425
52	2	1970.9418	4620.1826
52	3	1979.7802	4615.1157
52	4	1947.4669	4613.0044
52	5	1969.364	4675.6494
52	6	1965.5636	4634.097
52	7	1966.7874	4649.2437
52	8	1970.6874	4591.6396
52	9	1970.3969	4646.922
52	10	1965.9797	4662.905
52	13	1953.3425	4609.203
52	14	1955.1707	4605.586
52	16	1979.388	4647.427
52	17	1974.4763	4604.498
52	18	2021.6426	4665.3594
52	19	1983.4143	4633.9663
52	24	1983.3535	4597.3237
52	25	1979.8546	4595.8003
52	26	1934.524	4609.0454
52	27	1979.9803	4576.327
52	28	1907.3939	4597.349
52	32	2025.9998	4654.1836
53	1	1966.6196	4594.823
53	2	1970.9541	4618.9897
53	3	1979.768	4616.217
53	4	1947.7556	4613.013
53	5	1969.4354	4674.6436
53	6	1965.4506	4633.4688
53	7	1966.7845	4648.6724
53	8	1970.6925	4590.228
53	9	1970.3972	4646.101
53	10	1965.9689	4662.493
53	13	1953.3716	4609.2056
53	14	1955.1669	4605.586
53	16	1979.3738	4648.805
53	17	1974.4777	4604.5127
53	18	2021.6426	4665.3594
53	19	1983.4094	4635.022
53	24	1983.3508	4597.995
53	25	1979.8455	4596.6973
53	26	1935.0352	4609.058
53	27	1979.9824	4576.906
53	28	1907.3934	4597.427
53	30	1975.0673	4564.5796
53	32	2025.9998	4654.1836
54	1	1966.6482	4593.5693
54	2	1970.9685	4617.763
54	3	1979.7491	4617.317
54	4	1948.0459	4613.018
54	5	1969.5168	4673.4146
54	6	1965.3213	4632.8433
54	7	1966.7769	4648.045
54	8	1970.7008	4588.823
54	9	1970.3977	4645.2515
54	10	1965.9729	4662.1113
54	13	1953.393	4609.209
54	14	1955.1653	4605.59
54	16	1979.3611	4650.2256
54	17	1974.4814	4604.5107
54	18	2021.6426	4665.3594
54	19	1983.3909	4636.0986
54	24	1983.3427	4598.6865
54	25	1979.857	4597.6113
54	26	1935.5657	4609.0596
54	27	1979.9712	4577.57
54	28	1907.406	4597.4966
54	29	1983.7418	4582.3345
54	30	1975.1017	4565.3496
54	32	2025.9998	4654.1836
55	1	1966.664	4592.2944
55	2	1970.9778	4616.535
55	3	1979.7386	4618.433
55	4	1948.3191	4613.0264
55	5	1969.5929	4672.1973
55	6	1965.1735	4632.221
55	7	1966.7759	4647.4478
55	8	1970.7134	4587.3813
55	9	1970.4083	4644.3926
55	10	1965.9683	4661.6772
55	13	1953.4066	4609.2095
55	14	1955.1738	4605.592
55	16	1979.3416	4651.6562
55	17	1974.4851	4604.4937
55	18	2021.6426	4665.3594
55	19	1983.3619	4637.1772
55	24	1983.3387	4599.383
55	25	1979.8379	4598.5244
55	26	1936.0521	4609.0635
55	27	1979.9703	4578.211
55	28	1907.3988	4597.501
55	29	1983.7479	4583.0913
55	30	1975.0846	4566.056
55	32	2025.9998	4654.1836
56	1	1966.6871	4591.0117
56	2	1970.9913	4615.292
56	3	1979.7242	4619.575
56	4	1948.5961	4613.0327
56	5	1969.6624	4671.1567
56	6	1965.005	4631.604
56	7	1966.7751	4646.8813
56	8	1970.7216	4585.9194
56	9	1970.4098	4643.515
56	10	1965.966	4661.266
56	13	1953.4254	4609.211
56	14	1955.167	4605.592
56	16	1979.3278	4653.0874
56	17	1974.4799	4604.51
56	19	1983.3381	4638.27
56	24	1983.3342	4600.107
56	25	1979.8245	4599.425
56	26	1936.5587	4609.0596
56	27	1979.9675	4578.882
56	28	1907.414	4597.558
56	29	1983.731	4583.491
56	30	1975.0812	4566.801
56	31	2041.0398	4619.9023
57	1	1966.7147	4589.706
57	2	1971.0001	4614.0537
57	3	1979.706	4620.7397
57	4	1948.8572	4613.036
57	5	1969.7305	4670.139
57	6	1964.8174	4630.9917
57	7	1966.7747	4646.3027
57	8	1970.7247	4584.4536
57	9	1970.407	4642.639
57	10	1965.9617	4660.8037
57	13	1953.4329	4609.2114
57	14	1955.1722	4605.5938
57	16	1979.318	4654.56
57	17	1974.4882	4604.536
57	19	1983.3148	4639.356
57	24	1983.3263	4600.887
57	25	1979.8135	4600.336
57	26	1937.051	4609.065
57	27	1979.9662	4579.56
57	28	1907.4211	4597.6016
57	29	1983.7352	4584.082
57	30	1975.0615	4567.567
57	31	2039.8704	4619.938
57	32	2025.9998	4654.1836
58	1	1966.7395	4588.412
58	2	1971.0099	4612.7866
58	3	1979.6927	4621.9023
58	4	1949.1241	4613.042
58	5	1969.7854	4669.079
58	6	1964.6094	4630.387
58	7	1966.7751	4645.728
58	8	1970.724	4582.9966
58	9	1970.4116	4641.7314
58	10	1965.9612	4660.343
58	13	1953.4457	4609.212
58	14	1955.177	4605.592
58	16	1979.2988	4656.068
58	17	1974.4956	4604.483
58	19	1983.2837	4640.464
58	24	1983.32	4601.625
58	25	1979.7993	4601.2397
58	26	1937.5638	4609.0674
58	27	1979.97	4580.272
58	28	1907.4255	4597.638
58	29	1983.758	4584.704
58	30	1975.0437	4568.3296
58	31	2038.6805	4619.9727
58	32	2025.9998	4654.1836
58	36	1967.0245	4567.833
59	1	1966.7632	4587.0933
59	2	1971.0177	4611.4956
59	3	1979.6782	4623.0894
59	4	1949.376	4613.0405
59	5	1969.8337	4668.1055
59	6	1964.3794	4629.791
59	7	1966.7694	4645.1553
59	8	1970.73	4581.493
59	9	1970.4137	4640.8247
59	10	1965.9624	4659.8696
59	13	1953.4446	4609.214
59	14	1955.1768	4605.595
59	16	1979.2869	4657.5796
59	17	1974.5013	4604.546
59	19	1983.2572	4641.573
59	24	1983.3191	4602.3076
59	25	1979.7866	4602.161
59	26	1938.0453	4609.071
59	27	1979.9751	4580.9785
59	28	1907.4226	4597.654
59	29	1983.7772	4585.2817
59	30	1975.0388	4569.073
59	31	2037.5577	4619.9663
59	32	2025.9998	4654.1836
59	36	1967.033	4566.321
60	1	1966.7876	4585.788
60	2	1971.0259	4610.202
60	3	1979.6588	4624.28
60	4	1949.6266	4613.0425
60	5	1969.8809	4667.071
60	6	1964.1255	4629.2017
60	7	1966.7701	4644.5757
60	8	1970.7344	4579.9727
60	9	1970.416	4639.8955
60	10	1965.9626	4659.3926
60	13	1953.4374	4609.214
60	14	1955.1792	4605.5957
60	16	1979.2762	4659.3027
60	17	1974.4884	4604.562
60	19	1983.227	4642.709
60	24	1983.3198	4602.9785
60	25	1979.7749	4603.096
60	26	1938.5237	4609.0723
60	27	1979.9813	4581.7046
60	28	1907.4308	4597.684
60	29	1983.8	4585.9004
60	30	1975.0273	4569.795
60	31	2036.3998	4619.9546
60	32	2025.9998	4654.1836
60	36	1967.0261	4564.856
61	1	1966.8137	4584.4644
61	2	1971.0355	4608.8945
61	3	1979.6418	4625.4336
61	4	1949.8676	4613.0444
61	5	1969.9268	4666.0513
61	6	1963.8505	4628.621
61	7	1966.7683	4643.981
61	8	1970.7388	4578.4556
61	9	1970.4119	4638.9546
61	10	1965.9617	4658.865
61	13	1953.4396	4609.2173
61	14	1955.1808	4605.598
61	16	1979.2759	4661.1553
61	17	1974.4935	4604.574
61	19	1983.1908	4643.8496
61	24	1983.3167	4603.7095
61	25	1979.7612	4604.0376
61	26	1939.0094	4609.0713
61	27	1979.9836	4582.4214
61	28	1907.4373	4597.739
61	29	1983.8174	4586.5073
61	30	1975.0245	4570.5557
61	31	2035.2949	4619.96
61	32	2025.9998	4654.1836
61	36	1967.0383	4563.3755
62	1	1966.8407	4583.1196
62	2	1971.0518	4607.561
62	3	1979.6293	4626.6587
62	4	1950.0975	4613.0483
62	5	1969.966	4664.9575
62	6	1963.5514	4628.0547
62	7	1966.765	4643.368
62	8	1970.7616	4576.9106
62	9	1970.4203	4637.9976
62	10	1965.9672	4658.3237
62	13	1953.4485	4609.216
62	14	1955.1772	4605.603
62	16	1979.2467	4663.442
62	17	1974.5022	4604.56
62	19	1983.162	4645.0054
62	24	1983.3174	4604.4624
62	25	1979.7504	4605.0303
62	26	1939.4619	4609.075
62	27	1979.9877	4583.1836
62	28	1907.427	4597.7383
62	29	1983.8242	4587.2163
62	30	1975.0107	4571.293
62	31	2034.1664	4619.9624
62	32	2025.9998	4654.1836
62	36	1967.053	4561.888
63	1	1966.8656	4581.7666
63	2	1971.0598	4606.229
63	3	1979.6119	4627.878
63	4	1950.3259	4613.0596
63	5	1970.0099	4663.931
63	6	1963.227	4627.5024
63	7	1966.7639	4642.728
63	8	1970.7681	4575.37
63	9	1970.4202	4637.034
63	10	1965.9669	4657.8022
63	13	1953.4425	4609.2183
63	14	1955.1787	4605.603
63	16	1979.2145	4665.145
63	17	1974.5033	4604.5303
63	19	1983.1278	4646.143
63	24	1983.3129	4605.2
63	25	1979.7351	4606.041
63	26	1939.9098	4609.079
63	27	1980.0009	4583.808
63	28	1907.4232	4597.7603
63	29	1983.8162	4587.8354
63	30	1974.9835	4572.034
63	31	2033.0894	4619.959
63	32	2025.9998	4654.1836
63	36	1967.0823	4560.3506
63	39	2024.1017	4659.805
64	1	1966.8871	4580.4194
64	2	1971.0658	4604.887
64	3	1979.6047	4629.1353
64	4	1950.533	4613.0537
64	5	1970.0485	4662.879
64	6	1962.8828	4626.965
64	7	1966.768	4642.079
64	8	1970.7762	4573.8335
64	9	1970.4221	4636.0513
64	10	1965.9716	4657.246
64	13	1953.4473	4609.22
64	14	1955.1779	4605.6035
64	16	1979.1923	4666.8184
64	17	1974.5043	4604.541
64	19	1983.1007	4647.3594
64	24	1983.312	4605.9883
64	25	1979.7172	4607.052
64	26	1940.3417	4609.0815
64	27	1980.0096	4584.5596
64	28	1907.4246	4597.7734
64	29	1983.8303	4588.495
64	30	1974.9778	4572.7485
64	31	2032.0011	4619.962
64	32	2025.9998	4654.1836
64	36	1967.1051	4558.843
64	39	2024.0815	4659.8374
65	1	1966.9215	4579.007
65	2	1971.069	4603.5225
65	3	1979.5951	4630.4087
65	4	1950.7329	4613.0527
65	5	1970.0845	4661.766
65	6	1962.4775	4626.3926
65	7	1966.7667	4641.434
65	8	1970.7814	4572.2476
65	9	1970.4233	4635.061
65	10	1965.9762	4656.6963
65	13	1953.4614	4609.219
65	14	1955.1832	4605.603
65	16	1979.1887	4668.4443
65	17	1974.5056	4604.5425
65	19	1983.0698	4648.558
65	24	1983.3124	4606.789
65	25	1979.7001	4608.0845
65	26	1940.7408	4609.0864
65	27	1979.9987	4585.3047
65	28	1907.427	4597.7876
65	29	1983.8464	4589.155
65	30	1974.9736	4573.443
65	31	2030.9481	4619.9536
65	32	2025.9998	4654.1836
65	36	1967.1327	4557.2544
65	39	2024.0807	4659.9287
66	1	1966.9525	4577.6245
66	2	1971.0814	4602.154
66	3	1979.586	4631.6807
66	4	1950.9407	4613.0547
66	5	1970.1171	4660.6807
66	6	1962.0842	4625.889
66	7	1966.7668	4640.769
66	8	1970.7942	4570.6973
66	9	1970.4314	4634.0645
66	10	1965.9767	4656.114
66	13	1953.4613	4609.224
66	14	1955.1685	4605.604
66	16	1979.1527	4670.0366
66	17	1974.5073	4604.555
66	19	1983.0221	4650.097
66	24	1983.3094	4607.57
66	25	1979.6818	4609.132
66	26	1941.1593	4609.087
66	27	1979.9866	4586.1445
66	28	1907.4353	4597.8228
66	29	1983.8618	4589.8223
66	30	1974.9666	4574.1304
66	31	2029.905	4619.9536
66	32	2025.9998	4654.1836
66	36	1967.1598	4555.664
66	39	2024.0896	4660.015
67	1	1966.9747	4576.1816
67	2	1971.095	4600.7725
67	3	1979.5803	4632.9824
67	4	1951.1134	4613.065
67	5	1970.1481	4659.579
67	6	1961.669	4625.402
67	7	1966.7645	4640.085
67	8	1970.8033	4569.0786
67	9	1970.4307	4633.0444
67	10	1965.9764	4655.548
67	13	1953.4475	4609.226
67	14	1955.152	4605.606
67	16	1979.1464	4671.6914
67	17	1974.5071	4604.5483
67	19	1982.9829	4651.491
67	24	1983.3032	4608.3745
67	25	1979.6658	4610.187
67	26	1941.557	4609.09
67	27	1979.994	4586.9263
67	28	1907.4404	4597.856
67	29	1983.8569	4590.54
67	30	1974.9574	4574.8486
67	31	2028.8864	4619.948
67	32	2025.9998	4654.1836
67	36	1967.1763	4554.0522
68	1	1967.0132	4574.7686
68	2	1971.1124	4599.3906
68	3	1979.5728	4634.3115
68	4	1951.307	4613.0713
68	5	1970.1744	4658.459
68	6	1961.2302	4624.9326
68	7	1966.768	4639.387
68	8	1970.8188	4567.48
68	9	1970.4325	4632.0264
68	10	1965.983	4654.924
68	13	1953.448	4609.229
68	14	1955.1439	4605.607
68	16	1979.1127	4673.31
68	17	1974.5054	4604.5547
68	19	1982.9417	4652.8516
68	24	1983.3009	4609.21
68	25	1979.6471	4611.2427
68	26	1941.9364	4609.0913
68	27	1979.9978	4587.765
68	28	1907.4413	4597.901
68	29	1983.852	4591.2266
68	30	1974.9572	4575.5244
68	31	2027.8591	4619.9536
68	32	2025.9998	4654.1836
68	36	1967.1875	4552.4204
69	1	1967.0255	4573.336
69	2	1971.1127	4597.979
69	3	1979.5652	4635.681
69	4	1951.4784	4613.069
69	5	1970.2021	4657.343
69	6	1960.7703	4624.4844
69	7	1966.7682	4638.6724
69	8	1970.8372	4565.8745
69	9	1970.4304	4630.9976
69	10	1965.982	4654.3257
69	13	1953.4454	4609.233
69	14	1955.1572	4605.609
69	16	1979.1025	4674.983
69	17	1974.5105	4604.552
69	19	1982.9047	4654.1147
69	24	1983.2574	4609.782
69	25	1979.6278	4612.324
69	26	1942.2887	4609.099
69	27	1979.9978	4588.6235
69	28	1907.448	4597.934
69	29	1983.8636	4591.95
69	30	1974.9504	4576.17
69	31	2026.9083	4619.9536
69	32	2025.9998	4654.1836
69	33	1899.3184	4581.4785
69	36	1967.2032	4550.7695
69	39	2024.0547	4659.997
70	1	1967.0505	4571.864
70	2	1971.1193	4596.5557
70	3	1979.5524	4637.132
70	4	1951.6385	4613.0835
70	5	1970.2192	4656.1904
70	6	1960.2902	4624.058
70	7	1966.7666	4637.947
70	8	1970.8575	4564.2334
70	9	1970.423	4629.9414
70	10	1965.9912	4653.709
70	13	1953.453	4609.237
70	14	1955.1571	4605.61
70	16	1979.0837	4676.6855
70	17	1974.5134	4604.5522
70	19	1982.8346	4655.793
70	24	1983.3031	4610.772
70	25	1979.6017	4613.4185
70	26	1942.6472	4609.1006
70	27	1979.9973	4589.443
70	28	1907.445	4597.9453
70	29	1983.8604	4592.6704
70	30	1974.9371	4576.821
70	31	2025.9698	4619.953
70	32	2025.9998	4654.1836
70	33	1899.3184	4581.4785
70	34	1984.0795	4579.457
70	36	1967.199	4549.14
70	39	2023.9961	4660.0806
71	1	1967.0747	4570.4014
71	2	1971.1304	4595.1177
71	3	1979.5768	4638.8423
71	4	1951.791	4613.0747
71	5	1970.24	4655.0146
71	6	1959.7875	4623.6567
71	7	1966.7664	4637.2065
71	8	1970.8728	4562.592
71	9	1970.4318	4628.8794
71	10	1965.99	4653.084
71	13	1953.4642	4609.24
71	14	1955.1553	4605.609
71	16	1979.0544	4678.4575
71	17	1974.5106	4604.557
71	19	1982.7972	4657.126
71	24	1983.2942	4611.5337
71	25	1979.5887	4614.4854
71	26	1942.9606	4609.107
71	27	1979.9954	4590.245
71	28	1907.4476	4597.962
71	29	1983.8662	4593.404
71	30	1974.9192	4577.4907
71	31	2025.0271	4619.9546
71	32	2025.9998	4654.1836
71	33	1899.3184	4581.4785
71	34	1984.098	4580.119
71	36	1967.2054	4547.4707
71	39	2023.9639	4660.141
72	1	1967.1108	4568.9014
72	2	1971.1356	4593.677
72	3	1979.5797	4640.88
72	4	1951.9421	4613.0786
72	5	1970.2573	4653.8823
72	6	1959.2668	4623.2773
72	7	1966.7637	4636.467
72	8	1970.8882	4560.937
72	9	1970.4323	4627.8125
72	10	1965.9899	4652.428
72	13	1953.464	4609.246
72	14	1955.1553	4605.613
72	17	1974.5063	4604.566
72	19	1982.7622	4658.45
72	24	1983.3033	4612.1934
72	25	1979.5664	4615.572
72	26	1943.2797	4609.107
72	27	1979.9883	4591.101
72	28	1907.4434	4597.974
72	29	1983.8695	4594.164
72	30	1974.9166	4578.1504
72	31	2024.122	4619.9585
72	32	2025.9998	4654.1836
72	33	1899.3184	4581.4785
72	34	1984.0765	4580.768
72	39	2023.9027	4660.1807
73	1	1967.1271	4567.4033
73	2	1971.144	4592.2324
73	3	1979.5637	4642.4385
73	4	1952.0619	4613.085
73	5	1970.2797	4652.715
73	6	1958.7284	4622.9175
73	7	1966.7617	4635.709
73	8	1970.8997	4559.2417
73	9	1970.4392	4626.743
73	10	1965.9929	4651.768
73	13	1953.4558	4609.2485
73	14	1955.1415	4605.613
73	16	1979.0459	4681.7417
73	17	1974.5045	4604.5596
73	19	1982.7343	4659.7573
73	24	1983.31	4613.0225
73	25	1979.5499	4616.68
73	26	1943.5906	4609.111
73	27	1979.9758	4591.9775
73	28	1907.4442	4597.9756
73	29	1983.8794	4594.8677
73	30	1974.9067	4578.7446
73	31	2023.2106	4619.959
73	32	2025.9998	4654.1836
73	33	1899.3184	4581.4785
73	34	1984.0874	4581.5615
73	39	2023.8762	4660.2295
74	1	1967.1533	4565.9165
74	2	1971.1527	4590.7607
74	3	1979.5483	4643.937
74	4	1952.185	4613.0884
74	5	1970.2847	4651.5244
74	6	1958.1681	4622.583
74	7	1966.7615	4634.9346
74	8	1970.9219	4557.5947
74	9	1970.4451	4625.6553
74	10	1965.9965	4651.0854
74	13	1953.4744	4609.253
74	14	1955.1503	4605.6123
74	16	1979.0276	4683.474
74	17	1974.4991	4604.552
74	19	1982.6993	4661.0127
74	24	1983.307	4613.9023
74	25	1979.5331	4617.8345
74	26	1943.863	4609.117
74	27	1979.9669	4592.8413
74	28	1907.4386	4597.9907
74	29	1983.881	4595.5806
74	30	1974.8912	4579.4
74	31	2022.359	4619.9546
74	32	2025.9998	4654.1836
74	33	1899.3184	4581.4785
74	34	1984.0802	4582.2964
75	1	1967.1742	4564.359
75	2	1971.1559	4589.3125
75	3	1979.5524	4645.404
75	4	1952.2914	4613.0938
75	5	1970.297	4650.316
75	6	1957.5907	4622.268
75	7	1966.7593	4634.1396
75	8	1970.9364	4555.8853
75	9	1970.457	4624.5527
75	10	1965.997	4650.409
75	13	1953.4795	4609.2573
75	14	1955.1554	4605.6157
75	16	1979.0239	4685.1597
75	17	1974.4977	4604.558
75	19	1982.6703	4662.3403
75	24	1983.3177	4614.779
75	25	1979.5125	4618.989
75	26	1944.119	4609.1187
75	27	1979.9642	4593.749
75	28	1907.4371	4597.9893
75	29	1983.8918	4596.329
75	31	2021.5133	4619.952
75	32	2025.9998	4654.1836
75	33	1899.3184	4581.4785
75	34	1984.0837	4583.114
76	1	1967.2059	4562.7954
76	2	1971.1661	4587.8228
76	3	1979.5385	4646.877
76	4	1952.3965	4613.1025
76	5	1970.3004	4649.0845
76	6	1956.9952	4621.9785
76	7	1966.7614	4633.3374
76	8	1970.9756	4554.158
76	9	1970.469	4623.4517
76	10	1965.9928	4649.7217
76	13	1953.4796	4609.2593
76	14	1955.1521	4605.618
76	16	1979.0024	4686.872
76	17	1974.4944	4604.5664
76	19	1982.6317	4663.6523
76	24	1983.3137	4615.656
76	25	1979.505	4620.1733
76	26	1944.3655	4609.117
76	27	1979.959	4594.6577
76	28	1907.4347	4597.992
76	29	1983.8945	4597.1084
76	31	2020.7278	4619.9614
76	32	2025.9998	4654.1836
76	33	1899.3184	4581.4785
76	34	1984.0724	4583.892
77	1	1967.2334	4561.2207
77	2	1971.1753	4586.337
77	3	1979.5349	4648.368
77	4	1952.492	4613.1016
77	5	1970.3094	4647.8745
77	6	1956.384	4621.71
77	7	1966.7573	4632.5195
77	8	1971.0074	4552.4624
77	9	1970.4911	4622.337
77	10	1965.9932	4649.0024
77	13	1953.4551	4609.2705
77	14	1955.1442	4605.618
77	16	1978.9686	4688.603
77	17	1974.4905	4604.566
77	19	1982.6018	4665.0527
77	24	1983.3024	4616.5703
77	25	1979.5012	4621.363
77	26	1944.5684	4609.125
77	27	1979.9446	4595.493
77	28	1907.4291	4598.014
77	29	1983.9017	4597.945
77	30	1974.8119	4581.1294
77	33	1899.3184	4581.4785
77	34	1984.0709	4584.641
78	1	1967.2335	4559.6553
78	2	1971.1886	4584.803
78	3	1979.5236	4649.852
78	4	1952.5742	4613.108
78	5	1970.3134	4646.6226
78	6	1955.7555	4621.462
78	7	1966.7574	4631.6934
78	8	1971.017	4550.7344
78	9	1970.4951	4621.202
78	10	1965.9854	4648.2383
78	13	1953.4465	4609.268
78	14	1955.1174	4605.609
78	16	1978.9385	4690.292
78	17	1974.4884	4604.573
78	19	1982.5778	4666.452
78	24	1983.3032	4617.478
78	25	1979.5044	4622.562
78	26	1944.7733	4609.1274
78	27	1979.9272	4596.426
78	28	1907.4365	4598.0396
78	29	1983.9093	4598.639
78	30	1974.8044	4581.6763
78	33	1899.3184	4581.4785
78	34	1984.0623	4585.3936
79	1	1967.2528	4558.073
79	2	1971.1823	4583.284
79	3	1979.526	4651.3364
79	4	1952.6516	4613.1064
79	5	1970.3197	4645.388
79	6	1955.0433	4621.2134
79	7	1966.7593	4630.855
79	8	1971.0574	4549.0625
79	9	1970.5099	4620.0405
79	10	1965.9827	4647.516
79	13	1953.4391	4609.2715
79	14	1955.1157	4605.6177
79	16	1978.9285	4692.057
79	17	1974.4773	4604.574
79	19	1982.5516	4667.5864
79	24	1983.3153	4618.5234
79	25	1979.493	4623.812
79	26	1944.96	4609.1294
79	27	1979.9093	4597.383
79	28	1907.4344	4598.0454
79	29	1983.917	4599.472
79	30	1974.7893	4582.208
79	31	2018.3514	4619.95
79	33	1899.3184	4581.4785
79	34	1984.0619	4586.1655
80	1	1967.2593	4556.4814
80	2	1971.189	4581.764
80	3	1979.5145	4652.9146
80	4	1952.7205	4613.1064
80	5	1970.3274	4644.1177
80	6	1954.3796	4621.0063
80	7	1966.7627	4629.9795
80	8	1971.0875	4547.2954
80	9	1970.5234	4618.905
80	10	1965.9812	4646.7886
80	13	1953.4324	4609.2812
80	14	1955.1204	4605.618
80	17	1974.4728	4604.5747
80	19	1982.5237	4668.9937
80	24	1983.3171	4619.516
80	25	1979.4827	4625.111
80	26	1945.141	4609.1333
80	27	1979.8976	4598.366
80	28	1907.4363	4598.046
80	29	1983.9158	4600.285
80	30	1974.7909	4582.727
80	31	2017.8142	4619.9497
80	33	1899.3184	4581.4785
80	34	1984.0529	4586.9463
81	1	1967.278	4554.873
81	2	1971.2062	4580.1978
81	3	1979.4922	4654.419
81	4	1952.7904	4613.1104
81	5	1970.3234	4642.8433
81	6	1953.6996	4620.8213
81	7	1966.7628	4629.1265
81	9	1970.537	4617.7285
81	10	1965.9794	4646.0327
81	13	1953.4305	4609.2944
81	14	1955.1136	4605.62
81	17	1974.4694	4604.5845
81	19	1982.5015	4670.3564
81	24	1983.3179	4620.495
81	25	1979.4852	4626.6104
81	26	1945.2915	4609.138
81	27	1979.8701	4599.286
81	28	1907.4385	4598.055
81	29	1983.9004	4601.113
81	30	1974.7734	4583.2373
81	33	1899.3184	4581.4785
81	34	1984.0353	4587.7275
82	1	1967.2863	4553.267
82	2	1971.2092	4578.6387
82	3	1979.4799	4655.8467
82	4	1952.817	4613.1177
82	5	1970.326	4641.5806
82	6	1953.0037	4620.654
82	7	1966.7562	4628.2725
82	9	1970.5485	4616.54
82	10	1965.9832	4645.272
82	13	1953.435	4609.3066
82	14	1955.1304	4605.6245
82	17	1974.462	4604.59
82	19	1982.4977	4671.8115
82	24	1983.3241	4621.496
82	25	1979.4711	4628.0913
82	26	1945.4316	4609.1416
82	27	1979.8619	4600.2544
82	28	1907.445	4598.081
82	29	1983.9001	4601.9644
82	30	1974.762	4583.7056
82	31	2016.2388	4619.932
82	33	1899.3184	4581.4785
82	34	1984.0151	4588.52
82	38	1877.1572	4604.766
83	1	1967.2948	4551.684
83	2	1971.2228	4577.0737
83	3	1979.4832	4657.4463
83	4	1952.8632	4613.1187
83	5	1970.3145	4640.2646
83	6	1952.2922	4620.5034
83	7	1966.7664	4627.3853
83	9	1970.5626	4615.333
83	10	1965.985	4644.54
83	13	1953.4556	4609.302
83	14	1955.0771	4605.6245
83	17	1974.4592	4604.59
83	19	1982.4883	4673.378
83	24	1983.3259	4622.5522
83	25	1979.461	4629.523
83	26	1945.5392	4609.1426
83	27	1979.8623	4601.21
83	28	1907.4359	4598.0776
83	29	1983.9014	4602.6855
83	30	1974.7559	4584.176
83	31	2015.5569	4619.9116
83	33	1899.3184	4581.4785
83	34	1984.004	4589.3228
83	38	1878.7712	4604.8896
84	1	1967.2935	4550.0283
84	2	1971.2175	4575.4673
84	3	1979.4641	4658.973
84	4	1952.9036	4613.1133
84	5	1970.3151	4638.953
84	6	1951.5643	4620.3716
84	7	1966.7677	4626.499
84	9	1970.5824	4614.1484
84	10	1965.989	4643.7695
84	14	1955.0808	4605.6255
84	17	1974.4583	4604.5864
84	19	1982.4637	4674.8145
84	24	1983.3492	4623.7993
84	25	1979.4388	4631.0215
84	26	1945.6375	4609.144
84	27	1979.8649	4602.1763
84	28	1907.4269	4598.057
84	29	1983.9125	4603.429
84	30	1974.7488	4584.6187
84	31	2014.7994	4619.916
84	33	1899.3184	4581.4785
84	34	1983.9985	4590.1377
84	38	1880.4816	4604.7837
85	1	1967.3079	4548.3594
85	2	1971.232	4573.906
85	3	1979.4598	4660.5435
85	4	1952.9442	4613.118
85	5	1970.3119	4637.6396
85	6	1950.8201	4620.2554
85	7	1966.7732	4625.6104
85	9	1970.5975	4612.9077
85	10	1965.9891	4642.9854
85	17	1974.455	4604.5957
85	24	1983.3606	4624.905
85	25	1979.4133	4632.6494
85	26	1945.7054	4609.1533
85	27	1979.8582	4603.158
85	28	1907.431	4598.074
85	29	1983.9161	4604.234
85	30	1974.7343	4585.0337
85	31	2014.1322	4619.9165
85	33	1899.3184	4581.4785
85	34	1983.993	4590.929
85	38	1882.1274	4604.7183
86	1	1967.3542	4546.6416
86	2	1971.2306	4572.3203
86	3	1979.4274	4662.1772
86	4	1952.977	4613.117
86	5	1970.2996	4636.324
86	6	1950.0598	4620.153
86	7	1966.775	4624.774
86	9	1970.6125	4611.673
86	10	1965.9927	4642.2007
86	17	1974.4508	4604.6025
86	19	1982.3761	4677.395
86	24	1983.3689	4626.028
86	25	1979.4103	4634.035
86	26	1945.7524	4609.1577
86	27	1979.8444	4604.1655
86	28	1907.4137	4598.0664
86	29	1983.9159	4605.1167
86	30	1974.7295	4585.431
86	31	2013.4567	4619.918
86	33	1899.3184	4581.4785
86	34	1983.9708	4591.7554
86	38	1883.5647	4604.696
87	2	1971.2476	4570.702
87	4	1953.0165	4613.115
87	5	1970.2977	4635.0063
87	6	1949.2831	4620.066
87	7	1966.7709	4623.9805
87	9	1970.6226	4610.4146
87	10	1965.9974	4641.3853
87	13	1953.2941	4609.2905
87	17	1974.4524	4604.617
87	19	1982.3453	4678.7188
87	24	1983.379	4627.1436
87	25	1979.4115	4635.415
87	26	1945.8088	4609.1655
87	27	1979.8344	4605.2017
87	28	1907.4153	4598.084
87	29	1983.9249	4605.892
87	30	1974.7184	4585.837
87	31	2012.835	4619.9087
87	33	1899.3184	4581.4785
87	34	1983.9575	4592.535
87	38	1885.1902	4604.635
88	2	1971.27	4569.0786
88	4	1953.0514	4613.1104
88	5	1970.3008	4633.6787
88	6	1948.489	4619.991
88	7	1966.771	4623.157
88	9	1970.6344	4609.1567
88	10	1965.997	4640.5527
88	13	1953.269	4609.288
88	14	1955.0115	4605.6055
88	17	1974.4492	4604.6094
88	19	1982.3333	4680.2227
88	24	1983.3718	4628.3384
88	25	1979.3916	4636.815
88	26	1945.84	4609.1636
88	27	1979.8206	4606.193
88	28	1907.4073	4598.083
88	29	1983.9097	4606.6924
88	30	1974.7054	4586.1904
88	31	2012.2252	4619.9053
88	33	1899.3184	4581.4785
88	34	1983.9432	4593.3906
88	38	1886.7174	4604.6123
89	2	1971.283	4567.4385
89	3	1979.3809	4666.9556
89	4	1953.0764	4613.115
89	5	1970.2993	4632.319
89	6	1947.6787	4619.9287
89	7	1966.7775	4622.309
89	9	1970.6476	4607.877
89	10	1965.9965	4639.709
89	13	1953.2628	4609.286
89	14	1954.915	4605.625
89	17	1974.4408	4604.5933
89	19	1982.3143	4681.599
89	24	1983.3722	4629.728
89	25	1979.3838	4638.141
89	26	1945.8555	4609.174
89	27	1979.8135	4607.206
89	28	1907.4119	4598.088
89	29	1983.9167	4607.542
89	30	1974.6927	4586.543
89	31	2011.6862	4619.8926
89	33	1899.3184	4581.4785
89	34	1983.9385	4594.2725
89	38	1888.268	4604.5654
90	2	1971.2782	4565.7256
90	3	1979.3489	4668.5083
90	4	1953.1127	4613.11
90	5	1970.2981	4630.998
90	6	1946.8507	4619.878
90	7	1966.7847	4621.4463
90	9	1970.6552	4606.602
90	10	1965.9974	4638.896
90	13	1953.2649	4609.284
90	14	1954.9048	4605.635
90	17	1974.439	4604.615
90	19	1982.2969	4683.054
90	24	1983.3792	4630.8813
90	25	1979.3961	4639.541
90	26	1945.8685	4609.173
90	27	1979.812	4608.208
90	28	1907.4052	4598.0884
90	29	1983.9209	4608.4023
90	30	1974.6935	4586.83
90	31	2011.1338	4619.901
90	33	1899.3184	4581.4785
90	34	1983.9156	4595.1597
90	38	1889.786	4604.518
90	42	1901.7246	4580.544
