0	1	-2596.4524	3120.3066
0	2	-2600.575	3138.3323
0	3	-2618.5786	3138.1426
0	4	-2594.1797	3146.6846
0	5	-2600.419	3110.902
0	6	-2631.538	3157.6807
0	7	-2586.9448	3109.18
0	8	-2637.9421	3172.0767
0	9	-2579.5632	3107.3345
0	10	-2640.1372	3174.0059
0	11	-2563.575	3154.6943
0	12	-2561.5593	3156.9866
0	13	-2559.6716	3159.304
0	14	-2557.895	3161.268
0	15	-2555.8193	3163.0635
1	1	-2596.0293	3119.9531
1	2	-2600.6584	3138.225
1	3	-2618.0413	3137.7104
1	4	-2594.3452	3146.4546
1	5	-2600.419	3110.902
1	6	-2631.538	3157.6807
1	7	-2586.9448	3109.18
1	8	-2637.9421	3172.0767
1	9	-2579.2542	3107.1113
1	10	-2640.1372	3174.0059
1	11	-2563.575	3154.6943
1	12	-2561.5593	3156.9866
1	13	-2559.6716	3159.304
1	14	-2557.895	3161.268
1	15	-2555.8193	3163.0635
2	1	-2595.5906	3119.5984
2	2	-2600.7417	3138.1165
2	3	-2617.5107	3137.2834
2	4	-2594.5203	3146.2314
2	5	-2600.419	3110.902
2	6	-2631.538	3157.6807
2	7	-2586.9448	3109.18
2	8	-2637.9421	3172.0767
2	9	-2578.994	3106.8892
2	10	-2640.1372	3174.0059
2	11	-2563.575	3154.6943
2	12	-2561.5593	3156.9866
2	13	-2559.6716	3159.304
2	14	-2557.895	3161.268
2	15	-2555.8193	3163.0635
3	1	-2595.1606	3119.2473
3	2	-2600.8088	3138.0266
3	3	-2616.9873	3136.8623
3	4	-2594.6885	3146.0063
3	5	-2600.419	3110.902
3	6	-2631.538	3157.6807
3	7	-2586.9448	3109.18
3	8	-2637.9421	3172.0767
3	9	-2578.7236	3106.6797
3	10	-2640.1372	3174.0059
3	11	-2563.575	3154.6943
3	12	-2561.5593	3156.9866
3	13	-2559.6716	3159.304
3	14	-2557.895	3161.268
4	1	-2594.7427	3118.915
4	2	-2600.8694	3137.9421
4	3	-2616.471	3136.4473
4	4	-2594.8638	3145.7922
4	5	-2600.419	3110.902
4	6	-2631.538	3157.6807
4	7	-2586.9448	3109.18
4	8	-2637.9421	3172.0767
4	9	-2578.469	3106.482
4	10	-2640.1372	3174.0059
4	11	-2563.575	3154.6943
4	12	-2561.5593	3156.9866
4	13	-2559.6716	3159.304
4	14	-2557.895	3161.268
4	15	-2555.8193	3163.0635
5	1	-2594.324	3118.5847
5	2	-2600.9236	3137.8704
5	3	-2615.9612	3136.036
5	4	-2595.0254	3145.5903
5	5	-2600.419	3110.902
5	6	-2631.538	3157.6807
5	7	-2586.9448	3109.18
5	8	-2637.9421	3172.0767
5	9	-2578.2192	3106.2866
5	10	-2640.1372	3174.0059
5	11	-2563.575	3154.6943
5	12	-2561.5593	3156.9866
5	13	-2559.6716	3159.304
5	14	-2557.895	3161.268
5	15	-2555.8193	3163.0635
6	1	-2593.899	3118.2463
6	2	-2600.969	3137.807
6	3	-2615.4568	3135.6309
6	4	-2595.164	3145.3975
6	5	-2600.419	3110.902
6	6	-2631.538	3157.6807
6	7	-2586.9448	3109.18
6	8	-2637.9421	3172.0767
6	9	-2578.0073	3106.1226
6	10	-2640.1372	3174.0059
6	11	-2563.575	3154.6943
6	12	-2561.5593	3156.9866
6	13	-2559.6716	3159.304
6	14	-2557.895	3161.268
6	15	-2555.8193	3163.0635
7	1	-2593.4714	3117.912
7	2	-2601.0059	3137.7634
7	3	-2614.9578	3135.2288
7	4	-2595.3125	3145.208
7	5	-2600.419	3110.902
7	6	-2631.538	3157.6807
7	7	-2586.9448	3109.18
7	8	-2637.9421	3172.0767
7	9	-2577.7793	3105.9358
7	10	-2640.1372	3174.0059
7	11	-2563.575	3154.6943
7	12	-2561.5593	3156.9866
7	13	-2559.6716	3159.304
7	14	-2557.895	3161.268
7	15	-2555.8193	3163.0635
8	1	-2593.056	3117.5833
8	2	-2601.0374	3137.714
8	3	-2614.4653	3134.831
8	4	-2595.4587	3145.0183
8	5	-2600.419	3110.902
8	6	-2631.538	3157.6807
8	7	-2586.9448	3109.18
8	8	-2637.9421	3172.0767
8	9	-2577.5886	3105.7832
8	10	-2640.1372	3174.0059
8	11	-2563.575	3154.6943
8	12	-2561.5593	3156.9866
8	13	-2559.6716	3159.304
8	14	-2557.895	3161.268
8	15	-2555.8193	3163.0635
9	1	-2592.638	3117.2532
9	2	-2601.0642	3137.6816
9	3	-2613.9783	3134.439
9	4	-2595.6064	3144.836
9	5	-2600.419	3110.902
9	6	-2631.538	3157.6807
9	7	-2586.9448	3109.18
9	8	-2637.9421	3172.0767
9	9	-2577.4014	3105.6375
9	10	-2640.1372	3174.0059
9	11	-2563.575	3154.6943
9	12	-2561.5593	3156.9866
9	13	-2559.6716	3159.304
9	14	-2557.895	3161.268
9	15	-2555.8193	3163.0635
10	1	-2592.218	3116.9233
10	2	-2601.075	3137.6592
10	3	-2613.4946	3134.0486
10	4	-2595.7412	3144.6587
10	5	-2600.419	3110.902
10	6	-2631.538	3157.6807
10	7	-2586.9448	3109.18
10	8	-2637.9421	3172.0767
10	9	-2577.224	3105.4983
10	10	-2640.1372	3174.0059
10	11	-2563.575	3154.6943
10	12	-2561.5593	3156.9866
10	13	-2559.6716	3159.304
10	14	-2557.895	3161.268
10	15	-2555.8193	3163.0635
11	1	-2591.817	3116.6038
11	2	-2601.0972	3137.6304
11	3	-2613.0144	3133.6624
11	4	-2595.8591	3144.5051
11	5	-2600.419	3110.902
11	6	-2631.538	3157.6807
11	7	-2586.9448	3109.18
11	8	-2637.9421	3172.0767
11	9	-2577.0537	3105.3591
11	10	-2640.1372	3174.0059
11	11	-2563.575	3154.6943
11	12	-2561.5593	3156.9866
11	13	-2559.6716	3159.304
11	14	-2557.895	3161.268
11	15	-2555.8193	3163.0635
12	1	-2591.413	3116.289
12	2	-2601.109	3137.6145
12	3	-2612.54	3133.2786
12	4	-2595.9756	3144.3625
12	5	-2600.419	3110.902
12	6	-2631.538	3157.6807
12	7	-2586.9448	3109.18
12	8	-2637.9421	3172.0767
12	9	-2576.91	3105.2485
12	10	-2640.1372	3174.0059
12	11	-2563.575	3154.6943
12	12	-2561.5593	3156.9866
12	13	-2559.6716	3159.304
12	14	-2557.895	3161.268
12	15	-2555.8193	3163.0635
13	1	-2591.0085	3115.967
13	2	-2601.1118	3137.6147
13	3	-2612.0676	3132.8997
13	4	-2596.0713	3144.2437
13	5	-2600.419	3110.902
13	6	-2631.538	3157.6807
13	7	-2586.9448	3109.18
13	8	-2637.9421	3172.0767
13	9	-2576.769	3105.14
13	10	-2640.1372	3174.0059
13	11	-2563.575	3154.6943
13	12	-2561.5593	3156.9866
13	13	-2559.6716	3159.304
13	14	-2557.895	3161.268
13	15	-2555.8193	3163.0635
14	1	-2590.6062	3115.6511
14	2	-2601.1177	3137.6055
14	3	-2611.5994	3132.524
14	4	-2596.1494	3144.1372
14	5	-2600.419	3110.902
14	6	-2631.538	3157.6807
14	7	-2586.9448	3109.18
14	8	-2637.9421	3172.0767
14	9	-2576.6345	3105.03
14	10	-2640.1372	3174.0059
14	11	-2563.575	3154.6943
14	12	-2561.5593	3156.9866
14	13	-2559.6716	3159.304
14	14	-2557.895	3161.268
14	15	-2555.8193	3163.0635
15	1	-2590.212	3115.3396
15	2	-2601.1235	3137.5981
15	3	-2611.1365	3132.151
15	4	-2596.216	3144.0532
15	5	-2600.419	3110.902
15	6	-2631.538	3157.6807
15	7	-2586.9448	3109.18
15	8	-2637.9421	3172.0767
15	9	-2576.5247	3104.941
15	10	-2640.1372	3174.0059
15	11	-2563.575	3154.6943
15	12	-2561.5593	3156.9866
15	13	-2559.6716	3159.304
15	14	-2557.895	3161.268
15	15	-2555.8193	3163.0635
16	1	-2589.82	3115.029
16	2	-2601.131	3137.5852
16	3	-2610.6746	3131.7817
16	4	-2596.2773	3143.9814
16	5	-2600.419	3110.902
16	6	-2631.538	3157.6807
16	7	-2586.9448	3109.18
16	8	-2637.9421	3172.0767
16	9	-2576.4429	3104.875
16	10	-2640.1372	3174.0059
16	11	-2563.575	3154.6943
16	12	-2561.5593	3156.9866
16	13	-2559.6716	3159.304
16	14	-2557.895	3161.268
16	15	-2555.8193	3163.0635
17	1	-2589.438	3114.7236
17	2	-2601.1357	3137.5798
17	3	-2610.2173	3131.4138
17	4	-2596.339	3143.9097
17	5	-2600.419	3110.902
17	6	-2631.538	3157.6807
17	7	-2586.9448	3109.18
17	8	-2637.9421	3172.0767
17	9	-2576.3633	3104.814
17	10	-2640.1372	3174.0059
17	11	-2563.575	3154.6943
17	12	-2561.5593	3156.9866
17	13	-2559.6716	3159.304
17	14	-2557.895	3161.268
17	15	-2555.8193	3163.0635
18	1	-2589.0757	3114.4297
18	2	-2601.1484	3137.5676
18	3	-2609.7625	3131.0496
18	4	-2596.3804	3143.8542
18	5	-2600.419	3110.902
18	6	-2631.538	3157.6807
18	7	-2586.9448	3109.18
18	8	-2637.9421	3172.0767
18	9	-2576.2817	3104.7432
18	10	-2640.1372	3174.0059
18	11	-2563.575	3154.6943
18	12	-2561.5593	3156.9866
18	13	-2559.6716	3159.304
18	14	-2557.895	3161.268
18	15	-2555.8193	3163.0635
19	1	-2588.7058	3114.1323
19	2	-2601.1567	3137.56
19	3	-2609.3103	3130.6887
19	4	-2596.4243	3143.8003
19	5	-2600.419	3110.902
19	6	-2631.538	3157.6807
19	7	-2586.9448	3109.18
19	8	-2637.9421	3172.0767
19	9	-2576.231	3104.698
19	10	-2640.1372	3174.0059
19	11	-2563.575	3154.6943
19	12	-2561.5593	3156.9866
19	13	-2559.6716	3159.304
19	14	-2557.895	3161.268
19	15	-2555.8193	3163.0635
20	1	-2588.342	3113.8413
20	2	-2601.1575	3137.5527
20	3	-2608.8608	3130.3281
20	4	-2596.4636	3143.771
20	5	-2600.419	3110.902
20	6	-2631.538	3157.6807
20	7	-2586.9448	3109.18
20	8	-2637.9421	3172.0767
20	9	-2576.1997	3104.6697
20	10	-2640.1372	3174.0059
20	11	-2563.575	3154.6943
20	12	-2561.5593	3156.9866
20	13	-2559.6716	3159.304
20	14	-2557.895	3161.268
20	15	-2555.8193	3163.0635
21	1	-2587.9966	3113.5603
21	2	-2601.161	3137.5476
21	3	-2608.415	3129.972
21	4	-2596.483	3143.753
21	5	-2600.419	3110.902
21	6	-2631.538	3157.6807
21	7	-2586.9448	3109.18
21	8	-2637.9421	3172.0767
21	9	-2576.171	3104.642
21	10	-2640.1372	3174.0059
21	11	-2563.575	3154.6943
21	12	-2561.5593	3156.9866
21	13	-2559.6716	3159.304
21	14	-2557.895	3161.268
21	15	-2555.8193	3163.0635
22	1	-2587.6536	3113.285
22	2	-2601.1682	3137.5378
22	3	-2607.9717	3129.621
22	4	-2596.5134	3143.682
22	5	-2600.419	3110.902
22	6	-2631.538	3157.6807
22	7	-2586.9448	3109.18
22	8	-2637.9421	3172.0767
22	9	-2576.1494	3104.625
22	10	-2640.1372	3174.0059
22	11	-2563.575	3154.6943
22	12	-2561.5593	3156.9866
22	13	-2559.6716	3159.304
22	14	-2557.895	3161.268
22	15	-2555.8193	3163.0635
23	1	-2587.319	3113.0105
23	2	-2601.186	3137.5164
23	3	-2607.534	3129.2686
23	4	-2596.531	3143.6401
23	5	-2600.419	3110.902
23	6	-2631.538	3157.6807
23	7	-2586.9448	3109.18
23	8	-2637.9421	3172.0767
23	9	-2576.1426	3104.6287
23	10	-2640.1372	3174.0059
23	11	-2563.575	3154.6943
23	12	-2561.5593	3156.9866
23	13	-2559.6716	3159.304
23	14	-2557.895	3161.268
23	15	-2555.8193	3163.0635
24	1	-2587.0002	3112.7559
24	2	-2601.2024	3137.4993
24	3	-2607.098	3128.9202
24	4	-2596.566	3143.5872
24	5	-2600.419	3110.902
24	6	-2631.538	3157.6807
24	7	-2586.9448	3109.18
24	8	-2637.9421	3172.0767
24	9	-2576.124	3104.6064
24	10	-2640.1372	3174.0059
24	11	-2563.575	3154.6943
24	12	-2561.5593	3156.9866
24	13	-2559.6716	3159.304
24	14	-2557.895	3161.268
24	15	-2555.8193	3163.0635
25	1	-2586.67	3112.4895
25	2	-2601.2275	3137.458
25	3	-2606.661	3128.5771
25	4	-2596.5981	3143.5398
25	5	-2600.419	3110.902
25	6	-2631.538	3157.6807
25	7	-2586.9448	3109.18
25	8	-2637.9421	3172.0767
25	9	-2576.1313	3104.6008
25	10	-2640.1372	3174.0059
25	11	-2563.575	3154.6943
25	12	-2561.5593	3156.9866
25	13	-2559.6716	3159.304
25	14	-2557.895	3161.268
25	15	-2555.8193	3163.0635
26	1	-2586.3577	3112.2349
26	2	-2601.2668	3137.4177
26	3	-2606.23	3128.23
26	4	-2596.664	3143.432
26	5	-2600.419	3110.902
26	6	-2631.538	3157.6807
26	7	-2586.9448	3109.18
26	8	-2637.9421	3172.0767
26	9	-2576.1372	3104.6116
26	10	-2640.1372	3174.0059
26	11	-2563.575	3154.6943
26	12	-2561.5593	3156.9866
26	13	-2559.6716	3159.304
26	14	-2557.895	3161.268
26	15	-2555.8193	3163.0635
27	1	-2586.07	3111.998
27	2	-2601.2993	3137.3718
27	3	-2605.7966	3127.8884
27	4	-2596.682	3143.4106
27	5	-2600.419	3110.902
27	6	-2631.538	3157.6807
27	7	-2586.9448	3109.18
27	8	-2637.9421	3172.0767
27	9	-2576.1362	3104.6152
27	10	-2640.1372	3174.0059
27	11	-2563.575	3154.6943
27	12	-2561.5593	3156.9866
27	13	-2559.6716	3159.304
27	14	-2557.895	3161.268
27	15	-2555.8193	3163.0635
28	1	-2585.7683	3111.7527
28	2	-2601.3494	3137.3137
28	3	-2605.3684	3127.5442
28	4	-2596.7305	3143.3628
28	5	-2600.419	3110.902
28	6	-2631.538	3157.6807
28	7	-2586.9448	3109.18
28	8	-2637.9421	3172.0767
28	9	-2576.1482	3104.6245
28	10	-2640.1372	3174.0059
28	11	-2563.575	3154.6943
28	12	-2561.5593	3156.9866
28	13	-2559.6716	3159.304
28	14	-2557.895	3161.268
28	15	-2555.8193	3163.0635
29	1	-2585.4832	3111.517
29	2	-2601.3965	3137.2405
29	3	-2604.935	3127.2021
29	4	-2596.7822	3143.3015
29	5	-2600.419	3110.902
29	6	-2631.538	3157.6807
29	7	-2586.9448	3109.18
29	8	-2637.9421	3172.0767
29	9	-2576.1362	3104.612
29	10	-2640.1372	3174.0059
29	11	-2563.575	3154.6943
29	12	-2561.5593	3156.9866
29	13	-2559.6716	3159.304
29	14	-2557.895	3161.268
29	15	-2555.8193	3163.0635
30	1	-2585.2112	3111.2979
30	2	-2601.453	3137.1672
30	3	-2604.5	3126.8606
30	4	-2596.823	3143.256
30	5	-2600.419	3110.902
30	6	-2631.538	3157.6807
30	7	-2586.9448	3109.18
30	8	-2637.9421	3172.0767
30	9	-2576.1301	3104.6025
30	10	-2640.1372	3174.0059
30	11	-2563.575	3154.6943
30	12	-2561.5593	3156.9866
30	13	-2559.6716	3159.304
30	14	-2557.895	3161.268
30	15	-2555.8193	3163.0635
31	1	-2584.9526	3111.0813
31	2	-2601.507	3137.077
31	3	-2604.0688	3126.5159
31	4	-2596.8594	3143.212
31	5	-2600.419	3110.902
31	6	-2631.538	3157.6807
31	7	-2586.9448	3109.18
31	8	-2637.9421	3172.0767
31	9	-2576.1213	3104.5999
31	10	-2640.1372	3174.0059
31	11	-2563.575	3154.6943
31	13	-2559.6716	3159.304
31	14	-2557.895	3161.268
31	16	-2555.5542	3088.17
32	1	-2584.709	3110.8823
32	2	-2601.577	3136.9841
32	3	-2603.6372	3126.1755
32	4	-2596.9053	3143.1592
32	5	-2600.419	3110.902
32	6	-2631.538	3157.6807
32	7	-2586.9448	3109.18
32	8	-2637.9421	3172.0767
32	9	-2576.1267	3104.5942
32	10	-2640.1372	3174.0059
32	11	-2563.575	3154.6943
32	13	-2559.6716	3159.304
32	14	-2557.895	3161.268
33	1	-2584.463	3110.6821
33	2	-2601.6565	3136.867
33	3	-2603.214	3125.8416
33	4	-2596.9414	3143.1064
33	5	-2600.419	3110.902
33	6	-2631.538	3157.6807
33	7	-2586.9448	3109.18
33	8	-2637.9421	3172.0767
33	9	-2576.127	3104.596
33	10	-2640.1372	3174.0059
33	11	-2563.575	3154.6943
33	12	-2561.5593	3156.9866
33	13	-2559.6716	3159.304
33	14	-2557.895	3161.268
34	1	-2584.2468	3110.5056
34	2	-2601.7473	3136.7444
34	3	-2602.795	3125.5103
34	4	-2596.9822	3143.0522
34	5	-2600.419	3110.902
34	6	-2631.538	3157.6807
34	7	-2586.9448	3109.18
34	8	-2637.9421	3172.0767
34	9	-2576.13	3104.6003
34	10	-2640.1372	3174.0059
34	11	-2563.575	3154.6943
34	13	-2559.6716	3159.304
35	1	-2584.0325	3110.3247
35	2	-2601.843	3136.6099
35	3	-2602.3755	3125.1792
35	4	-2597.027	3142.9863
35	5	-2600.419	3110.902
35	6	-2631.538	3157.6807
35	7	-2586.9448	3109.18
35	8	-2637.9421	3172.0767
35	9	-2576.1277	3104.6028
35	10	-2640.1372	3174.0059
35	11	-2563.575	3154.6943
35	12	-2561.5593	3156.9866
35	13	-2559.6716	3159.304
35	14	-2557.895	3161.268
36	1	-2583.8328	3110.1619
36	2	-2601.9458	3136.4683
36	3	-2601.959	3124.85
36	4	-2597.0928	3142.911
36	5	-2600.419	3110.902
36	6	-2631.538	3157.6807
36	7	-2586.9448	3109.18
36	8	-2637.9421	3172.0767
36	9	-2576.1257	3104.6035
36	10	-2640.1372	3174.0059
36	11	-2563.575	3154.6943
36	12	-2561.5593	3156.9866
36	13	-2559.6716	3159.304
36	14	-2557.895	3161.268
36	16	-2555.5542	3088.17
37	1	-2583.6484	3110.0063
37	2	-2602.0657	3136.3096
37	3	-2601.5479	3124.526
37	4	-2597.1448	3142.8423
37	5	-2600.419	3110.902
37	6	-2631.538	3157.6807
37	7	-2586.9448	3109.18
37	8	-2637.9421	3172.0767
37	9	-2576.1304	3104.609
37	10	-2640.1372	3174.0059
37	11	-2563.575	3154.6943
37	12	-2561.5593	3156.9866
37	13	-2559.6716	3159.304
38	1	-2583.467	3109.8625
38	2	-2602.1887	3136.1365
38	3	-2601.1409	3124.2058
38	4	-2597.2083	3142.7542
38	5	-2600.419	3110.902
38	6	-2631.538	3157.6807
38	7	-2586.9448	3109.18
38	8	-2637.9421	3172.0767
38	9	-2576.1243	3104.595
38	10	-2640.1372	3174.0059
38	11	-2563.575	3154.6943
38	12	-2561.5593	3156.9866
38	13	-2559.6716	3159.304
39	1	-2583.3005	3109.7227
39	2	-2602.331	3135.942
39	3	-2600.7375	3123.8875
39	4	-2597.2847	3142.656
39	5	-2600.419	3110.902
39	6	-2631.538	3157.6807
39	7	-2586.9448	3109.18
39	8	-2637.9421	3172.0767
39	9	-2576.1135	3104.5916
39	10	-2640.1372	3174.0059
39	11	-2563.575	3154.6943
39	13	-2559.6716	3159.304
39	14	-2557.895	3161.268
40	1	-2583.1487	3109.596
40	2	-2602.4668	3135.7507
40	3	-2600.3372	3123.5713
40	4	-2597.347	3142.5732
40	5	-2600.419	3110.902
40	6	-2631.538	3157.6807
40	7	-2586.9448	3109.18
40	8	-2637.9421	3172.0767
40	9	-2576.1265	3104.5857
40	10	-2640.1372	3174.0059
40	11	-2563.575	3154.6943
41	1	-2583.004	3109.4739
41	2	-2602.6025	3135.5422
41	3	-2599.9414	3123.2593
41	4	-2597.431	3142.451
41	5	-2600.419	3110.902
41	6	-2631.538	3157.6807
41	7	-2586.9448	3109.18
41	8	-2637.9421	3172.0767
41	9	-2576.1404	3104.5955
41	10	-2640.1372	3174.0059
41	11	-2563.575	3154.6943
41	13	-2559.6716	3159.304
41	16	-2555.5542	3088.17
42	1	-2582.8745	3109.365
42	2	-2602.7559	3135.3198
42	3	-2599.5498	3122.952
42	4	-2597.5083	3142.3584
42	5	-2600.419	3110.902
42	6	-2631.538	3157.6807
42	7	-2586.9448	3109.18
42	8	-2637.9421	3172.0767
42	9	-2576.154	3104.5994
42	10	-2640.1372	3174.0059
42	11	-2563.575	3154.6943
42	13	-2559.6716	3159.304
42	14	-2557.895	3161.268
43	1	-2582.7534	3109.2668
43	2	-2602.9072	3135.0793
43	3	-2599.163	3122.647
43	4	-2597.5833	3142.2532
43	5	-2600.419	3110.902
43	6	-2631.538	3157.6807
43	7	-2586.9448	3109.18
43	8	-2637.9421	3172.0767
43	9	-2576.1438	3104.5918
43	10	-2640.1372	3174.0059
43	11	-2563.575	3154.6943
43	13	-2559.6716	3159.304
43	14	-2557.895	3161.268
44	1	-2582.6409	3109.1753
44	2	-2603.0662	3134.823
44	3	-2598.7798	3122.3455
44	4	-2597.6594	3142.1523
44	5	-2600.419	3110.902
44	6	-2631.538	3157.6807
44	7	-2586.9448	3109.18
44	8	-2637.9421	3172.0767
44	9	-2576.1396	3104.585
44	10	-2640.1372	3174.0059
44	11	-2563.575	3154.6943
44	13	-2559.6716	3159.304
45	1	-2582.5442	3109.0935
45	2	-2603.2224	3134.5552
45	3	-2598.4016	3122.048
45	4	-2597.737	3142.0461
45	5	-2600.419	3110.902
45	6	-2631.538	3157.6807
45	7	-2586.9448	3109.18
45	8	-2637.9421	3172.0767
45	9	-2576.15	3104.6042
45	10	-2640.1372	3174.0059
45	11	-2563.575	3154.6943
45	13	-2559.6716	3159.304
46	1	-2582.463	3109.0276
46	2	-2603.3818	3134.266
46	3	-2598.0286	3121.7546
46	4	-2597.816	3141.943
46	5	-2600.419	3110.902
46	6	-2631.538	3157.6807
46	7	-2586.9448	3109.18
46	8	-2637.9421	3172.0767
46	9	-2576.1484	3104.5981
46	10	-2640.1372	3174.0059
46	11	-2563.575	3154.6943
46	13	-2559.6716	3159.304
46	16	-2555.5542	3088.17
47	1	-2582.3882	3108.9656
47	2	-2603.5374	3133.9705
47	3	-2597.6592	3121.465
47	4	-2597.887	3141.856
47	5	-2600.419	3110.902
47	6	-2631.538	3157.6807
47	7	-2586.9448	3109.18
47	8	-2637.9421	3172.0767
47	9	-2576.1494	3104.6055
47	10	-2640.1372	3174.0059
47	11	-2563.575	3154.6943
47	13	-2559.6716	3159.304
47	16	-2555.5542	3088.17
48	1	-2582.3242	3108.908
48	2	-2603.6855	3133.6611
48	3	-2597.2957	3121.1792
48	4	-2597.9675	3141.749
48	5	-2600.419	3110.902
48	6	-2631.538	3157.6807
48	7	-2586.9448	3109.18
48	8	-2637.9421	3172.0767
48	9	-2576.163	3104.6157
48	10	-2640.1372	3174.0059
48	11	-2563.575	3154.6943
48	13	-2559.6716	3159.304
48	16	-2555.5542	3088.17
49	1	-2582.2676	3108.8604
49	2	-2603.826	3133.34
49	3	-2596.938	3120.8972
49	4	-2598.0374	3141.6587
49	5	-2600.419	3110.902
49	6	-2631.538	3157.6807
49	7	-2586.9448	3109.18
49	8	-2637.9421	3172.0767
49	9	-2576.1562	3104.6123
49	10	-2640.1372	3174.0059
49	11	-2563.575	3154.6943
49	13	-2559.6716	3159.304
49	16	-2555.5542	3088.17
50	1	-2582.2273	3108.823
50	2	-2603.956	3133.0103
50	3	-2596.586	3120.6216
50	4	-2598.1174	3141.5657
50	5	-2600.419	3110.902
50	6	-2631.538	3157.6807
50	7	-2586.9448	3109.18
50	8	-2637.9421	3172.0767
50	9	-2576.1619	3104.6182
50	10	-2640.1372	3174.0059
50	11	-2563.575	3154.6943
50	16	-2555.5542	3088.17
51	1	-2582.1917	3108.7954
51	2	-2604.0818	3132.666
51	3	-2596.2405	3120.3508
51	4	-2598.2063	3141.4656
51	5	-2600.419	3110.902
51	6	-2631.538	3157.6807
51	7	-2586.9448	3109.18
51	8	-2637.9421	3172.0767
51	9	-2576.162	3104.6177
51	10	-2640.1372	3174.0059
51	11	-2563.575	3154.6943
51	16	-2555.5542	3088.17
52	1	-2582.164	3108.772
52	2	-2604.188	3132.3193
52	3	-2595.9016	3120.0847
52	4	-2598.2834	3141.3508
52	5	-2600.419	3110.902
52	6	-2631.538	3157.6807
52	7	-2586.9448	3109.18
52	8	-2637.9421	3172.0767
52	9	-2576.1675	3104.62
52	10	-2640.1372	3174.0059
52	16	-2555.5542	3088.17
53	1	-2582.135	3108.7476
53	2	-2604.2798	3131.96
53	3	-2595.5698	3119.8247
53	4	-2598.3528	3141.2502
53	5	-2600.419	3110.902
53	6	-2631.538	3157.6807
53	7	-2586.9448	3109.18
53	8	-2637.9421	3172.0767
53	9	-2576.1638	3104.6157
53	16	-2555.5542	3088.17
54	1	-2582.115	3108.7322
54	2	-2604.3584	3131.5974
54	3	-2595.2456	3119.5706
54	4	-2598.4375	3141.1455
54	5	-2600.419	3110.902
54	6	-2631.538	3157.6807
54	7	-2586.9448	3109.18
54	8	-2637.9421	3172.0767
54	9	-2576.1572	3104.6182
54	10	-2640.1372	3174.0059
54	16	-2555.5542	3088.17
55	1	-2582.1084	3108.7234
55	2	-2604.4197	3131.2244
55	3	-2594.9287	3119.3213
55	4	-2598.5208	3141.0415
55	5	-2600.419	3110.902
55	6	-2631.538	3157.6807
55	7	-2586.9448	3109.18
55	8	-2637.9421	3172.0767
55	9	-2576.1755	3104.6292
55	16	-2555.5542	3088.17
55	18	-2640.2595	3173.934
56	1	-2582.0994	3108.714
56	2	-2604.4658	3130.8447
56	3	-2594.6184	3119.0789
56	4	-2598.5989	3140.935
56	5	-2600.419	3110.902
56	6	-2631.538	3157.6807
56	7	-2586.9448	3109.18
56	8	-2637.9421	3172.0767
56	9	-2576.1619	3104.6191
56	16	-2555.5542	3088.17
56	17	-2541.708	3065.3242
56	18	-2640.2595	3173.934
57	1	-2582.098	3108.7087
57	2	-2604.4993	3130.4287
57	3	-2594.3167	3118.8408
57	4	-2598.6853	3140.829
57	5	-2600.419	3110.902
57	6	-2631.538	3157.6807
57	7	-2586.9448	3109.18
57	8	-2637.9421	3172.0767
57	9	-2576.167	3104.6208
57	16	-2555.5542	3088.17
57	17	-2541.6309	3065.387
57	18	-2640.2595	3173.934
58	1	-2582.0989	3108.7097
58	2	-2604.495	3130.016
58	3	-2594.0215	3118.6099
58	4	-2598.771	3140.723
58	5	-2600.419	3110.902
58	6	-2631.538	3157.6807
58	7	-2586.9448	3109.18
58	8	-2637.9421	3172.0767
58	9	-2576.1675	3104.6252
58	16	-2555.5542	3088.17
58	17	-2541.5852	3065.3992
58	18	-2640.2595	3173.934
59	1	-2582.093	3108.7046
59	2	-2604.4717	3129.6384
59	3	-2593.7344	3118.3845
59	4	-2598.869	3140.6055
59	5	-2600.419	3110.902
59	6	-2631.538	3157.6807
59	7	-2586.9448	3109.18
59	8	-2637.9421	3172.0767
59	9	-2576.1663	3104.626
59	16	-2555.5542	3088.17
59	17	-2541.5034	3065.4443
59	18	-2640.2595	3173.934
60	1	-2582.0984	3108.7087
60	2	-2604.4272	3129.228
60	3	-2593.454	3118.1648
60	4	-2598.9624	3140.4775
60	5	-2600.419	3110.902
60	6	-2631.538	3157.6807
60	7	-2586.9448	3109.18
60	8	-2637.9421	3172.0767
60	9	-2576.1565	3104.6162
60	16	-2555.5542	3088.17
60	17	-2541.2578	3065.6497
60	18	-2640.2595	3173.934
61	1	-2582.0994	3108.7095
61	2	-2604.355	3128.832
61	3	-2593.1807	3117.9514
61	4	-2599.0535	3140.3596
61	5	-2600.419	3110.902
61	6	-2631.538	3157.6807
61	7	-2586.9448	3109.18
61	8	-2637.9421	3172.0767
61	9	-2576.1616	3104.623
61	16	-2555.5542	3088.17
61	17	-2541.027	3065.8667
61	18	-2640.2595	3173.934
62	1	-2582.1033	3108.7117
62	2	-2604.2573	3128.424
62	3	-2592.9155	3117.7427
62	4	-2599.1487	3140.2393
62	5	-2600.419	3110.902
62	6	-2631.538	3157.6807
62	7	-2586.9448	3109.18
62	8	-2637.9421	3172.0767
62	9	-2576.1494	3104.6133
62	16	-2555.5542	3088.17
62	18	-2640.2595	3173.934
63	1	-2582.1016	3108.7097
63	2	-2604.142	3128.0454
63	3	-2592.6572	3117.5405
63	4	-2599.2415	3140.1118
63	5	-2600.419	3110.902
63	6	-2631.538	3157.6807
63	7	-2586.9448	3109.18
63	8	-2637.9421	3172.0767
63	9	-2576.155	3104.6174
63	16	-2555.5542	3088.17
63	18	-2640.2595	3173.934
64	1	-2582.1016	3108.7107
64	2	-2604.005	3127.6501
64	3	-2592.4062	3117.3445
64	4	-2599.3394	3139.989
64	5	-2600.419	3110.902
64	6	-2631.538	3157.6807
64	7	-2586.9448	3109.18
64	8	-2637.9421	3172.0767
64	9	-2576.1426	3104.6125
64	16	-2555.5542	3088.17
64	18	-2640.2595	3173.934
65	1	-2582.0984	3108.7063
65	2	-2603.827	3127.218
65	3	-2592.1667	3117.156
65	4	-2599.4407	3139.8628
65	5	-2600.419	3110.902
65	6	-2631.538	3157.6807
65	7	-2586.9448	3109.18
65	8	-2637.9421	3172.0767
65	9	-2576.1584	3104.622
65	16	-2555.5542	3088.17
65	17	-2539.9434	3066.63
65	18	-2640.2595	3173.934
66	1	-2582.094	3108.707
66	2	-2603.6284	3126.7969
66	3	-2591.937	3116.9766
66	4	-2599.539	3139.7307
66	5	-2600.419	3110.902
66	6	-2631.538	3157.6807
66	7	-2586.9448	3109.18
66	8	-2637.9421	3172.0767
66	9	-2576.1506	3104.6155
66	16	-2555.5542	3088.17
66	17	-2539.6946	3066.755
66	18	-2640.2595	3173.934
67	1	-2582.0906	3108.703
67	2	-2603.406	3126.416
67	3	-2591.7175	3116.8044
67	4	-2599.6458	3139.597
67	5	-2600.419	3110.902
67	6	-2631.538	3157.6807
67	7	-2586.9448	3109.18
67	8	-2637.9421	3172.0767
67	9	-2576.148	3104.613
67	16	-2555.5542	3088.17
67	17	-2539.3975	3066.9348
67	18	-2640.2595	3173.934
68	1	-2582.0896	3108.702
68	2	-2603.1812	3126.071
68	3	-2591.506	3116.6392
68	4	-2599.7393	3139.4722
68	5	-2600.419	3110.902
68	6	-2631.538	3157.6807
68	7	-2586.9448	3109.18
68	8	-2637.9421	3172.0767
68	9	-2576.152	3104.6152
68	16	-2555.5542	3088.17
68	17	-2539.152	3067.0532
68	18	-2640.2595	3173.934
69	1	-2582.0908	3108.7031
69	2	-2602.9285	3125.722
69	3	-2591.3037	3116.4812
69	4	-2599.8435	3139.3477
69	5	-2600.419	3110.902
69	6	-2631.538	3157.6807
69	7	-2586.9448	3109.18
69	8	-2637.9421	3172.0767
69	9	-2576.1484	3104.6155
69	16	-2555.5542	3088.17
69	17	-2538.8677	3067.189
69	18	-2640.2595	3173.934
70	1	-2582.089	3108.6982
70	2	-2602.6743	3125.4028
70	3	-2591.1113	3116.331
70	4	-2599.9426	3139.2283
70	5	-2600.419	3110.902
70	6	-2631.538	3157.6807
70	7	-2586.9448	3109.18
70	8	-2637.9421	3172.0767
70	9	-2576.1506	3104.6113
70	16	-2555.5542	3088.17
70	17	-2538.5652	3067.3035
70	18	-2640.2595	3173.934
71	1	-2582.0903	3108.697
71	2	-2602.3926	3125.0918
71	3	-2590.928	3116.188
71	4	-2600.0564	3139.0913
71	5	-2600.419	3110.902
71	6	-2631.538	3157.6807
71	7	-2586.9448	3109.18
71	8	-2637.9421	3172.0767
71	9	-2576.1453	3104.613
71	16	-2555.5542	3088.17
71	17	-2538.2432	3067.4375
71	18	-2640.2595	3173.934
72	1	-2582.0862	3108.6907
72	2	-2602.0662	3124.7458
72	3	-2590.7551	3116.0522
72	4	-2600.1667	3138.9478
72	5	-2600.419	3110.902
72	6	-2631.538	3157.6807
72	7	-2586.9448	3109.18
72	8	-2637.9421	3172.0767
72	9	-2576.1455	3104.6074
72	16	-2555.5542	3088.17
72	17	-2537.858	3067.6096
73	1	-2582.084	3108.6926
73	2	-2601.7595	3124.456
73	3	-2590.5918	3115.925
73	4	-2600.2673	3138.8127
73	5	-2600.419	3110.902
73	6	-2631.538	3157.6807
73	7	-2586.9448	3109.18
73	8	-2637.9421	3172.0767
73	9	-2576.1506	3104.6128
73	16	-2555.5542	3088.17
73	17	-2537.543	3067.67
74	1	-2582.0833	3108.6917
74	2	-2601.4246	3124.1587
74	3	-2590.438	3115.805
74	4	-2600.382	3138.6807
74	5	-2600.419	3110.902
74	6	-2631.538	3157.6807
74	7	-2586.9448	3109.18
74	8	-2637.9421	3172.0767
74	9	-2576.147	3104.61
74	16	-2555.5542	3088.17
74	17	-2537.2803	3067.7322
75	1	-2582.0786	3108.6868
75	2	-2601.1157	3123.898
75	3	-2590.294	3115.6926
75	4	-2600.4895	3138.5598
75	5	-2600.419	3110.902
75	6	-2631.538	3157.6807
75	7	-2586.9448	3109.18
75	8	-2637.9421	3172.0767
75	9	-2576.1472	3104.6104
75	16	-2555.5542	3088.17
75	17	-2536.9624	3067.823
76	1	-2582.0725	3108.684
76	2	-2600.8591	3123.7034
76	3	-2590.1592	3115.5872
76	4	-2600.6113	3138.4307
76	5	-2600.419	3110.902
76	6	-2631.538	3157.6807
76	7	-2586.9448	3109.18
76	8	-2637.9421	3172.0767
76	9	-2576.1355	3104.6016
76	16	-2555.5542	3088.17
76	17	-2536.5054	3067.9067
77	1	-2582.0742	3108.6836
77	2	-2600.5708	3123.4744
77	3	-2590.0344	3115.4893
77	4	-2600.7297	3138.3062
77	5	-2600.419	3110.902
77	6	-2631.538	3157.6807
77	7	-2586.9448	3109.18
77	8	-2637.9421	3172.0767
77	9	-2576.1462	3104.6072
77	16	-2555.5542	3088.17
77	17	-2536.2075	3067.9382
78	1	-2582.075	3108.6821
78	2	-2600.2683	3123.2422
78	3	-2589.9187	3115.3987
78	4	-2600.869	3138.1506
78	5	-2600.419	3110.902
78	6	-2631.538	3157.6807
78	7	-2586.9448	3109.18
78	8	-2637.9421	3172.0767
78	9	-2576.1558	3104.6128
78	16	-2555.5542	3088.17
78	17	-2535.789	3067.9473
79	1	-2582.0789	3108.6816
79	2	-2599.9578	3123.0046
79	3	-2589.8105	3115.3147
79	4	-2601.0027	3138.0217
79	5	-2600.419	3110.902
79	6	-2631.538	3157.6807
79	7	-2586.9448	3109.18
79	8	-2637.9421	3172.0767
79	9	-2576.1538	3104.6125
79	16	-2555.5542	3088.17
79	17	-2535.4583	3067.8713
80	1	-2582.0713	3108.6785
80	2	-2599.6572	3122.777
80	3	-2589.711	3115.2366
80	4	-2601.1677	3137.874
80	5	-2600.419	3110.902
80	6	-2631.538	3157.6807
80	7	-2586.9448	3109.18
80	8	-2637.9421	3172.0767
80	9	-2576.143	3104.6033
80	16	-2555.5542	3088.17
80	17	-2535.0984	3067.906
81	1	-2582.071	3108.6765
81	2	-2599.3748	3122.5544
81	3	-2589.6184	3115.165
81	4	-2601.3328	3137.7327
81	5	-2600.419	3110.902
81	6	-2631.538	3157.6807
81	7	-2586.9448	3109.18
81	8	-2637.9421	3172.0767
81	9	-2576.1462	3104.6006
81	16	-2555.5542	3088.17
81	17	-2534.6848	3067.8555
82	1	-2582.066	3108.6682
82	2	-2599.0967	3122.335
82	3	-2589.5334	3115.0984
82	4	-2601.5264	3137.583
82	5	-2600.419	3110.902
82	6	-2631.538	3157.6807
82	7	-2586.9448	3109.18
82	8	-2637.9421	3172.0767
82	9	-2576.148	3104.603
82	16	-2555.5542	3088.17
82	17	-2534.244	3067.7278
83	1	-2582.0671	3108.674
83	2	-2598.8003	3122.1162
83	3	-2589.4546	3115.0366
83	4	-2601.731	3137.4304
83	5	-2600.419	3110.902
83	6	-2631.538	3157.6807
83	7	-2586.9448	3109.18
83	8	-2637.9421	3172.0767
83	9	-2576.144	3104.6006
83	16	-2555.5542	3088.17
83	17	-2533.8445	3067.6584
84	1	-2582.0596	3108.6667
84	2	-2598.516	3121.9026
84	3	-2589.3813	3114.9797
84	4	-2601.9514	3137.281
84	5	-2600.419	3110.902
84	6	-2631.538	3157.6807
84	7	-2586.9448	3109.18
84	8	-2637.9421	3172.0767
84	9	-2576.1453	3104.6008
84	16	-2555.5542	3088.17
84	17	-2533.4167	3067.57
85	1	-2582.0586	3108.6653
85	2	-2598.2725	3121.7168
85	3	-2589.3142	3114.927
85	4	-2602.2095	3137.1082
85	5	-2600.419	3110.902
85	6	-2631.538	3157.6807
85	7	-2586.9448	3109.18
85	8	-2637.9421	3172.0767
85	9	-2576.1387	3104.595
85	16	-2555.5542	3088.17
85	17	-2533.022	3067.4517
86	1	-2582.0557	3108.6624
86	2	-2597.9973	3121.517
86	3	-2589.2537	3114.88
86	4	-2602.5	3136.9543
86	5	-2600.419	3110.902
86	6	-2631.538	3157.6807
86	7	-2586.9448	3109.18
86	8	-2637.9421	3172.0767
86	9	-2576.1367	3104.5935
86	16	-2555.5542	3088.17
86	17	-2532.6423	3067.245
87	1	-2582.0527	3108.6626
87	2	-2597.765	3121.3462
87	3	-2589.1985	3114.8374
87	4	-2602.7979	3136.7988
87	5	-2600.419	3110.902
87	6	-2631.538	3157.6807
87	7	-2586.9448	3109.18
87	8	-2637.9421	3172.0767
87	9	-2576.13	3104.5906
87	16	-2555.5542	3088.17
87	17	-2532.1199	3067.12
88	1	-2582.0542	3108.664
88	2	-2597.5317	3121.168
88	3	-2589.1492	3114.7983
88	4	-2603.1301	3136.64
88	5	-2600.419	3110.902
88	6	-2631.538	3157.6807
88	7	-2586.9448	3109.18
88	8	-2637.9421	3172.0767
88	9	-2576.135	3104.5938
88	16	-2555.5542	3088.17
88	17	-2531.6975	3066.9211
88	19	-2563.3079	3094.2043
89	1	-2582.0571	3108.6677
89	2	-2597.3228	3121.0073
89	3	-2589.1045	3114.7644
89	4	-2603.4814	3136.4902
89	5	-2600.419	3110.902
89	6	-2631.538	3157.6807
89	7	-2586.9448	3109.18
89	8	-2637.9421	3172.0767
89	9	-2576.1316	3104.591
89	16	-2555.5542	3088.17
89	19	-2563.3079	3094.2043
90	1	-2582.0557	3108.665
90	2	-2597.1177	3120.8499
90	3	-2589.0652	3114.734
90	4	-2603.8643	3136.3557
90	5	-2600.419	3110.902
90	6	-2631.538	3157.6807
90	7	-2586.9448	3109.18
90	8	-2637.9421	3172.0767
90	9	-2576.132	3104.593
90	16	-2555.5542	3088.17
90	19	-2563.3079	3094.2043
