0	1	4588.8184	-3169.033
0	2	4588.506	-3157.0327
0	3	4591.204	-3132.4329
0	4	4588.3516	-3129.0784
0	6	4562.0957	-3167.437
0	7	4559.5444	-3147.874
0	8	4592.7817	-3126.5442
0	9	4586.749	-3188.8464
0	10	4551.561	-3158.586
0	11	4619.0337	-3150.9563
0	12	4555.1294	-3138.2488
0	13	4621.5083	-3152.4553
0	14	4624.313	-3153.405
0	15	4585.638	-3194.579
0	16	4592.9595	-3112.155
0	17	4596.163	-3113.657
0	18	4612.3765	-3121.9207
0	19	4547.018	-3134.1252
0	20	4540.6177	-3158.4502
0	21	4606.708	-3113.8406
0	22	4632.427	-3164.5417
0	24	4629.754	-3174.8508
0	25	4582.458	-3205.476
0	26	4572.4736	-3203.9138
0	27	4534.789	-3147.9487
0	28	4614.3926	-3111.1548
0	29	4599.4976	-3102.356
0	30	4639.0264	-3167.6672
0	31	4614.858	-3108.1365
0	32	4565.633	-3209.4634
0	33	4527.7026	-3164.393
0	34	4524.7266	-3163.895
0	35	4644.475	-3170.9314
0	36	4610.7744	-3097.901
0	37	4579.2964	-3218.293
0	38	4521.9614	-3163.2007
0	39	4519.388	-3162.2844
0	40	4649.7725	-3173.6719
0	41	4517.004	-3161.2632
0	42	4577.6074	-3224.259
0	43	4514.461	-3154.2317
0	45	4613.993	-3086.4875
0	47	4573.2256	-3214.0144
0	58	4590.97	-3117.4355
0	72	4636.648	-3178.1438
0	78	4597.7993	-3093.3591
0	79	4597.804	-3107.7021
1	1	4588.884	-3168.7068
1	2	4588.223	-3156.805
1	3	4591.204	-3132.4329
1	4	4588.3115	-3129.2354
1	6	4562.0957	-3167.437
1	7	4559.5444	-3147.874
1	8	4592.7817	-3126.5442
1	9	4586.749	-3188.8464
1	10	4551.561	-3158.586
1	11	4619.0337	-3150.9563
1	12	4555.1294	-3138.2488
1	13	4621.5083	-3152.4553
1	14	4624.313	-3153.405
1	15	4585.638	-3194.579
1	16	4592.9287	-3112.2944
1	17	4596.163	-3113.657
1	18	4612.3765	-3121.9207
1	19	4547.018	-3134.1252
1	20	4540.6177	-3158.4502
1	21	4606.708	-3113.8406
1	22	4632.427	-3164.5417
1	24	4629.754	-3174.8508
1	25	4582.458	-3205.476
1	26	4572.4736	-3203.9138
1	27	4534.789	-3147.9487
1	28	4614.3926	-3111.1548
1	29	4599.4966	-3102.3772
1	30	4639.0264	-3167.6672
1	31	4614.858	-3108.1365
1	32	4565.633	-3209.4634
1	33	4527.7026	-3164.393
1	34	4524.7266	-3163.895
1	35	4644.475	-3170.9314
1	36	4610.7744	-3097.901
1	37	4579.2964	-3218.293
1	38	4521.9614	-3163.2007
1	39	4519.388	-3162.2844
1	40	4649.7725	-3173.6719
1	41	4517.004	-3161.2632
1	42	4577.6074	-3224.259
1	43	4514.461	-3154.2317
1	45	4613.993	-3086.4875
1	47	4572.8345	-3215.5093
1	58	4590.921	-3117.5798
1	72	4636.648	-3178.1438
1	78	4597.745	-3093.4983
1	79	4597.804	-3107.7021
2	1	4588.9414	-3168.3975
2	2	4587.9272	-3156.5864
2	3	4591.204	-3132.4329
2	4	4588.278	-3129.3833
2	6	4562.0957	-3167.437
2	7	4559.5444	-3147.874
2	8	4592.7817	-3126.5442
2	9	4586.749	-3188.8464
2	10	4551.561	-3158.586
2	11	4619.0337	-3150.9563
2	12	4555.1294	-3138.2488
2	13	4621.5083	-3152.4553
2	14	4624.313	-3153.405
2	15	4585.638	-3194.579
2	16	4592.8975	-3112.4473
2	17	4596.163	-3113.657
2	18	4612.3765	-3121.9207
2	19	4547.018	-3134.1252
2	20	4540.6177	-3158.4502
2	21	4606.708	-3113.8406
2	22	4632.427	-3164.5417
2	24	4629.754	-3174.8508
2	25	4582.458	-3205.476
2	26	4572.4736	-3203.9138
2	27	4534.789	-3147.9487
2	28	4614.3926	-3111.1548
2	29	4599.491	-3102.3757
2	30	4639.0264	-3167.6672
2	31	4614.858	-3108.1365
2	32	4565.633	-3209.4634
2	33	4527.7026	-3164.393
2	34	4524.7266	-3163.895
2	35	4644.475	-3170.9314
2	36	4610.7744	-3097.901
2	37	4579.2964	-3218.293
2	38	4521.9614	-3163.2007
2	39	4519.388	-3162.2844
2	40	4649.7725	-3173.6719
2	41	4517.004	-3161.2632
2	42	4577.6074	-3224.259
2	43	4514.461	-3154.2317
2	45	4613.993	-3086.4875
2	47	4572.4473	-3216.993
2	58	4590.907	-3117.7373
2	72	4636.648	-3178.1438
2	78	4597.706	-3093.636
2	79	4597.804	-3107.7021
3	1	4588.9976	-3168.0598
3	2	4587.62	-3156.3743
3	3	4591.204	-3132.4329
3	4	4588.252	-3129.4954
3	6	4562.0957	-3167.437
3	7	4559.5444	-3147.874
3	8	4592.7817	-3126.5442
3	9	4586.749	-3188.8464
3	10	4551.561	-3158.586
3	11	4619.0337	-3150.9563
3	12	4555.1294	-3138.2488
3	13	4621.5083	-3152.4553
3	14	4624.313	-3153.405
3	15	4585.638	-3194.579
3	16	4592.877	-3112.5798
3	17	4596.163	-3113.657
3	18	4612.3765	-3121.9207
3	19	4547.018	-3134.1252
3	20	4540.6177	-3158.4502
3	21	4606.708	-3113.8406
3	22	4632.427	-3164.5417
3	24	4629.754	-3174.8508
3	25	4582.458	-3205.476
3	26	4572.4736	-3203.9138
3	27	4534.789	-3147.9487
3	28	4614.3926	-3111.1548
3	29	4599.49	-3102.3843
3	30	4639.0264	-3167.6672
3	31	4614.858	-3108.1365
3	32	4565.633	-3209.4634
3	33	4527.7026	-3164.393
3	34	4524.7266	-3163.895
3	35	4644.475	-3170.9314
3	36	4610.7744	-3097.901
3	37	4579.2964	-3218.293
3	38	4521.9614	-3163.2007
3	39	4519.388	-3162.2844
3	40	4649.7725	-3173.6719
3	41	4517.004	-3161.2632
3	42	4577.6074	-3224.259
3	43	4514.461	-3154.2317
3	45	4613.993	-3086.4875
3	47	4572.0557	-3218.507
3	58	4590.8726	-3117.878
3	72	4636.648	-3178.1438
3	78	4597.6997	-3093.7507
3	79	4597.804	-3107.7021
4	1	4589.0356	-3167.744
4	2	4587.304	-3156.1665
4	3	4591.204	-3132.4329
4	4	4588.221	-3129.671
4	5	4589.111	-3180.5564
4	6	4562.0957	-3167.437
4	7	4559.5444	-3147.874
4	8	4592.7817	-3126.5442
4	9	4586.749	-3188.8464
4	10	4551.561	-3158.586
4	11	4619.0337	-3150.9563
4	12	4555.1294	-3138.2488
4	13	4621.5083	-3152.4553
4	14	4624.313	-3153.405
4	15	4585.638	-3194.579
4	17	4596.163	-3113.657
4	18	4612.3765	-3121.9207
4	19	4547.018	-3134.1252
4	20	4540.6177	-3158.4502
4	21	4606.708	-3113.8406
4	22	4632.427	-3164.5417
4	23	4590.157	-3203.0137
4	24	4629.754	-3174.8508
4	25	4582.458	-3205.476
4	26	4572.4736	-3203.9138
4	27	4534.789	-3147.9487
4	28	4614.3926	-3111.1548
4	29	4599.4937	-3102.3457
4	30	4639.0264	-3167.6672
4	31	4614.858	-3108.1365
4	32	4565.633	-3209.4634
4	33	4527.7026	-3164.393
4	34	4524.7266	-3163.895
4	35	4644.475	-3170.9314
4	36	4610.7744	-3097.901
4	37	4579.2964	-3218.293
4	38	4521.9614	-3163.2007
4	39	4519.388	-3162.2844
4	40	4649.7725	-3173.6719
4	41	4517.004	-3161.2632
4	42	4577.6074	-3224.259
4	43	4514.461	-3154.2317
4	45	4613.993	-3086.4875
4	47	4571.6743	-3219.973
4	58	4590.839	-3118.0332
4	72	4636.648	-3178.1438
4	79	4597.804	-3107.7021
5	1	4589.08	-3167.4033
5	2	4586.979	-3155.9644
5	3	4591.204	-3132.4329
5	4	4588.203	-3129.805
5	5	4589.111	-3180.5564
5	6	4562.0957	-3167.437
5	7	4559.5444	-3147.874
5	8	4592.7817	-3126.5442
5	9	4586.749	-3188.8464
5	10	4551.561	-3158.586
5	11	4619.0337	-3150.9563
5	12	4555.1294	-3138.2488
5	13	4621.5083	-3152.4553
5	14	4624.313	-3153.405
5	15	4585.638	-3194.579
5	17	4596.163	-3113.657
5	18	4612.3765	-3121.9207
5	19	4547.018	-3134.1252
5	20	4540.6177	-3158.4502
5	21	4606.708	-3113.8406
5	22	4632.427	-3164.5417
5	23	4590.157	-3203.0137
5	24	4629.754	-3174.8508
5	25	4582.458	-3205.476
5	26	4572.4736	-3203.9138
5	27	4534.789	-3147.9487
5	28	4614.3926	-3111.1548
5	29	4599.4946	-3102.3384
5	30	4639.0264	-3167.6672
5	31	4614.858	-3108.1365
5	32	4565.633	-3209.4634
5	33	4527.7026	-3164.393
5	34	4524.7266	-3163.895
5	35	4644.475	-3170.9314
5	36	4610.7744	-3097.901
5	37	4579.2964	-3218.293
5	38	4521.9614	-3163.2007
5	39	4519.388	-3162.2844
5	40	4649.7725	-3173.6719
5	41	4517.004	-3161.2632
5	42	4577.6074	-3224.259
5	43	4514.461	-3154.2317
5	44	4513.045	-3143.7114
5	45	4613.993	-3086.4875
5	47	4571.269	-3221.5166
5	58	4590.819	-3118.175
5	72	4636.648	-3178.1438
5	79	4597.804	-3107.7021
6	1	4589.1064	-3167.064
6	2	4586.644	-3155.7668
6	3	4591.204	-3132.4329
6	4	4588.1865	-3129.9404
6	5	4589.111	-3180.5564
6	6	4562.0957	-3167.437
6	7	4559.5444	-3147.874
6	8	4592.7817	-3126.5442
6	9	4586.749	-3188.8464
6	10	4551.561	-3158.586
6	11	4619.0337	-3150.9563
6	12	4555.1294	-3138.2488
6	13	4621.5083	-3152.4553
6	14	4624.313	-3153.405
6	15	4585.638	-3194.579
6	16	4592.792	-3113.013
6	17	4596.163	-3113.657
6	18	4612.3765	-3121.9207
6	19	4547.018	-3134.1252
6	20	4540.6177	-3158.4502
6	21	4606.708	-3113.8406
6	22	4632.427	-3164.5417
6	23	4590.157	-3203.0137
6	24	4629.754	-3174.8508
6	25	4582.458	-3205.476
6	26	4572.4736	-3203.9138
6	27	4534.789	-3147.9487
6	28	4614.3926	-3111.1548
6	29	4599.4966	-3102.3184
6	30	4639.0264	-3167.6672
6	31	4614.858	-3108.1365
6	32	4565.633	-3209.4634
6	33	4527.7026	-3164.393
6	34	4524.7266	-3163.895
6	35	4644.475	-3170.9314
6	36	4610.7744	-3097.901
6	37	4579.2964	-3218.293
6	38	4521.9614	-3163.2007
6	39	4519.388	-3162.2844
6	40	4649.7725	-3173.6719
6	41	4517.004	-3161.2632
6	42	4577.6074	-3224.259
6	43	4514.461	-3154.2317
6	45	4613.993	-3086.4875
6	47	4570.902	-3223.0247
6	58	4590.8105	-3118.301
6	72	4636.648	-3178.1438
6	79	4597.804	-3107.7021
7	1	4589.129	-3166.7244
7	2	4586.332	-3155.5962
7	3	4591.204	-3132.4329
7	4	4588.149	-3130.0725
7	5	4589.111	-3180.5564
7	6	4562.0957	-3167.437
7	7	4559.5444	-3147.874
7	8	4592.7817	-3126.5442
7	9	4586.749	-3188.8464
7	10	4551.561	-3158.586
7	11	4619.0337	-3150.9563
7	12	4555.1294	-3138.2488
7	13	4621.5083	-3152.4553
7	14	4624.313	-3153.405
7	15	4585.638	-3194.579
7	16	4592.745	-3113.1514
7	17	4596.163	-3113.657
7	18	4612.3765	-3121.9207
7	19	4547.018	-3134.1252
7	20	4540.6177	-3158.4502
7	21	4606.708	-3113.8406
7	22	4632.427	-3164.5417
7	23	4590.157	-3203.0137
7	24	4629.754	-3174.8508
7	25	4582.458	-3205.476
7	26	4572.4736	-3203.9138
7	27	4534.789	-3147.9487
7	28	4614.3926	-3111.1548
7	29	4599.494	-3102.31
7	30	4639.0264	-3167.6672
7	31	4614.858	-3108.1365
7	32	4565.633	-3209.4634
7	33	4527.7026	-3164.393
7	34	4524.7266	-3163.895
7	35	4644.475	-3170.9314
7	36	4610.7744	-3097.901
7	37	4579.2964	-3218.293
7	38	4521.9614	-3163.2007
7	39	4519.388	-3162.2844
7	40	4649.7725	-3173.6719
7	41	4517.004	-3161.2632
7	42	4577.6074	-3224.259
7	43	4514.461	-3154.2317
7	44	4513.045	-3143.7114
7	45	4613.993	-3086.4875
7	46	4509.5776	-3152.9556
7	47	4570.5205	-3224.5325
7	58	4590.7686	-3118.4429
7	72	4636.648	-3178.1438
7	78	4597.509	-3094.1853
7	79	4597.804	-3107.7021
8	1	4589.139	-3166.39
8	2	4585.98	-3155.4026
8	3	4591.204	-3132.4329
8	4	4588.11	-3130.2117
8	5	4589.111	-3180.5564
8	6	4562.0957	-3167.437
8	7	4559.5444	-3147.874
8	8	4592.7817	-3126.5442
8	9	4586.749	-3188.8464
8	10	4551.561	-3158.586
8	11	4619.0337	-3150.9563
8	12	4555.1294	-3138.2488
8	13	4621.5083	-3152.4553
8	14	4624.313	-3153.405
8	15	4585.638	-3194.579
8	16	4592.7256	-3113.304
8	17	4596.163	-3113.657
8	18	4612.3765	-3121.9207
8	19	4547.018	-3134.1252
8	20	4540.6177	-3158.4502
8	21	4606.708	-3113.8406
8	22	4632.427	-3164.5417
8	23	4590.157	-3203.0137
8	24	4629.754	-3174.8508
8	25	4582.458	-3205.476
8	26	4572.4736	-3203.9138
8	27	4534.789	-3147.9487
8	28	4614.3926	-3111.1548
8	29	4599.482	-3102.3503
8	30	4639.0264	-3167.6672
8	31	4614.858	-3108.1365
8	32	4565.633	-3209.4634
8	33	4527.7026	-3164.393
8	34	4524.7266	-3163.895
8	35	4644.475	-3170.9314
8	36	4610.7744	-3097.901
8	37	4579.2964	-3218.293
8	38	4521.9614	-3163.2007
8	39	4519.388	-3162.2844
8	40	4649.7725	-3173.6719
8	41	4517.004	-3161.2632
8	42	4577.6074	-3224.259
8	43	4514.461	-3154.2317
8	44	4513.045	-3143.7114
8	45	4613.993	-3086.4875
8	46	4509.5776	-3152.9556
8	47	4570.13	-3226.0403
8	72	4636.648	-3178.1438
8	78	4597.481	-3094.3186
9	1	4589.1455	-3166.0195
9	2	4585.6157	-3155.2163
9	3	4591.204	-3132.4329
9	4	4588.094	-3130.341
9	5	4589.111	-3180.5564
9	6	4562.0957	-3167.437
9	7	4559.5444	-3147.874
9	8	4592.7817	-3126.5442
9	9	4586.749	-3188.8464
9	10	4551.561	-3158.586
9	11	4619.0337	-3150.9563
9	12	4555.1294	-3138.2488
9	13	4621.5083	-3152.4553
9	14	4624.313	-3153.405
9	15	4585.638	-3194.579
9	16	4592.6743	-3113.4717
9	17	4596.163	-3113.657
9	18	4612.3765	-3121.9207
9	19	4547.018	-3134.1252
9	20	4540.6177	-3158.4502
9	21	4606.708	-3113.8406
9	22	4632.427	-3164.5417
9	23	4590.157	-3203.0137
9	24	4629.754	-3174.8508
9	25	4582.458	-3205.476
9	26	4572.4736	-3203.9138
9	27	4534.789	-3147.9487
9	28	4614.3926	-3111.1548
9	29	4599.4707	-3102.3823
9	30	4639.0264	-3167.6672
9	31	4614.858	-3108.1365
9	32	4565.633	-3209.4634
9	33	4527.7026	-3164.393
9	34	4524.7266	-3163.895
9	35	4644.475	-3170.9314
9	36	4610.7744	-3097.901
9	37	4579.2964	-3218.293
9	38	4521.9614	-3163.2007
9	39	4519.388	-3162.2844
9	40	4649.7725	-3173.6719
9	41	4517.004	-3161.2632
9	42	4577.6074	-3224.259
9	43	4514.461	-3154.2317
9	44	4513.045	-3143.7114
9	45	4613.993	-3086.4875
9	46	4509.5776	-3152.9556
9	47	4569.7456	-3227.5938
9	72	4636.648	-3178.1438
10	1	4589.135	-3165.6755
10	2	4585.2397	-3155.037
10	3	4591.204	-3132.4329
10	4	4588.061	-3130.4878
10	5	4589.111	-3180.5564
10	6	4562.0957	-3167.437
10	7	4559.5444	-3147.874
10	8	4592.7817	-3126.5442
10	9	4586.749	-3188.8464
10	10	4551.561	-3158.586
10	11	4619.0337	-3150.9563
10	12	4555.1294	-3138.2488
10	13	4621.5083	-3152.4553
10	14	4624.313	-3153.405
10	15	4585.638	-3194.579
10	16	4592.634	-3113.6165
10	17	4596.163	-3113.657
10	18	4612.3765	-3121.9207
10	19	4547.018	-3134.1252
10	20	4540.6177	-3158.4502
10	21	4606.708	-3113.8406
10	22	4632.427	-3164.5417
10	23	4590.157	-3203.0137
10	24	4629.754	-3174.8508
10	25	4582.458	-3205.476
10	26	4572.4736	-3203.9138
10	27	4534.789	-3147.9487
10	28	4614.3926	-3111.1548
10	29	4599.4844	-3102.2383
10	30	4639.0264	-3167.6672
10	31	4614.858	-3108.1365
10	32	4565.633	-3209.4634
10	33	4527.7026	-3164.393
10	34	4524.7266	-3163.895
10	35	4644.475	-3170.9314
10	36	4610.7744	-3097.901
10	37	4579.2964	-3218.293
10	38	4521.9614	-3163.2007
10	39	4519.388	-3162.2844
10	40	4649.7725	-3173.6719
10	41	4517.004	-3161.2632
10	42	4577.6074	-3224.259
10	43	4514.461	-3154.2317
10	44	4513.045	-3143.7114
10	45	4613.993	-3086.4875
10	46	4509.5776	-3152.9556
10	47	4569.36	-3229.1162
11	1	4589.116	-3165.328
11	2	4584.854	-3154.857
11	3	4591.204	-3132.4329
11	4	4588.0317	-3130.6555
11	5	4589.111	-3180.5564
11	6	4562.0957	-3167.437
11	7	4559.5444	-3147.874
11	8	4592.7817	-3126.5442
11	9	4586.749	-3188.8464
11	10	4551.561	-3158.586
11	11	4619.0337	-3150.9563
11	12	4555.1294	-3138.2488
11	13	4621.5083	-3152.4553
11	14	4624.313	-3153.405
11	15	4585.638	-3194.579
11	16	4592.6123	-3113.763
11	17	4596.163	-3113.657
11	18	4612.3765	-3121.9207
11	19	4547.018	-3134.1252
11	20	4540.6177	-3158.4502
11	21	4606.708	-3113.8406
11	22	4632.427	-3164.5417
11	23	4590.157	-3203.0137
11	24	4629.754	-3174.8508
11	25	4582.458	-3205.476
11	26	4572.4736	-3203.9138
11	27	4534.789	-3147.9487
11	28	4614.3926	-3111.1548
11	29	4599.5303	-3102.1064
11	30	4639.0264	-3167.6672
11	31	4614.858	-3108.1365
11	32	4565.633	-3209.4634
11	33	4527.7026	-3164.393
11	34	4524.7266	-3163.895
11	35	4644.475	-3170.9314
11	36	4610.7744	-3097.901
11	37	4579.2964	-3218.293
11	38	4521.9614	-3163.2007
11	39	4519.388	-3162.2844
11	40	4649.7725	-3173.6719
11	41	4517.004	-3161.2632
11	42	4577.6074	-3224.259
11	43	4514.461	-3154.2317
11	44	4513.045	-3143.7114
11	45	4613.993	-3086.4875
11	46	4509.5776	-3152.9556
11	78	4597.354	-3094.6711
12	1	4589.0845	-3164.959
12	2	4584.4565	-3154.6785
12	3	4591.204	-3132.4329
12	4	4587.986	-3130.7837
12	5	4589.111	-3180.5564
12	6	4562.0957	-3167.437
12	7	4559.5444	-3147.874
12	8	4592.7817	-3126.5442
12	9	4586.749	-3188.8464
12	10	4551.561	-3158.586
12	11	4619.0337	-3150.9563
12	12	4555.1294	-3138.2488
12	13	4621.5083	-3152.4553
12	14	4624.313	-3153.405
12	15	4585.638	-3194.579
12	17	4596.163	-3113.657
12	18	4612.3765	-3121.9207
12	19	4547.018	-3134.1252
12	20	4540.6177	-3158.4502
12	21	4606.708	-3113.8406
12	22	4632.427	-3164.5417
12	23	4590.157	-3203.0137
12	24	4629.754	-3174.8508
12	25	4582.458	-3205.476
12	26	4572.4736	-3203.9138
12	27	4534.789	-3147.9487
12	28	4614.3926	-3111.1548
12	29	4599.513	-3102.1296
12	30	4639.0264	-3167.6672
12	31	4614.858	-3108.1365
12	32	4565.633	-3209.4634
12	33	4527.7026	-3164.393
12	34	4524.7266	-3163.895
12	35	4644.475	-3170.9314
12	36	4610.7744	-3097.901
12	37	4579.2964	-3218.293
12	38	4521.9614	-3163.2007
12	39	4519.388	-3162.2844
12	40	4649.7725	-3173.6719
12	41	4517.004	-3161.2632
12	42	4577.6074	-3224.259
12	43	4514.461	-3154.2317
12	44	4513.045	-3143.7114
12	45	4613.993	-3086.4875
12	46	4509.5776	-3152.9556
12	58	4590.647	-3119.139
12	78	4597.317	-3094.8125
13	1	4589.037	-3164.6067
13	2	4584.046	-3154.502
13	3	4591.204	-3132.4329
13	4	4587.9497	-3130.9272
13	5	4589.111	-3180.5564
13	6	4562.0957	-3167.437
13	7	4559.5444	-3147.874
13	8	4592.7817	-3126.5442
13	9	4586.749	-3188.8464
13	10	4551.561	-3158.586
13	11	4619.0337	-3150.9563
13	12	4555.1294	-3138.2488
13	13	4621.5083	-3152.4553
13	14	4624.313	-3153.405
13	15	4585.638	-3194.579
13	17	4596.163	-3113.657
13	18	4612.3765	-3121.9207
13	19	4547.018	-3134.1252
13	20	4540.6177	-3158.4502
13	21	4606.708	-3113.8406
13	22	4632.427	-3164.5417
13	23	4590.157	-3203.0137
13	24	4629.754	-3174.8508
13	25	4582.458	-3205.476
13	26	4572.4736	-3203.9138
13	27	4534.789	-3147.9487
13	28	4614.3926	-3111.1548
13	29	4599.5063	-3102.1294
13	30	4639.0264	-3167.6672
13	31	4614.858	-3108.1365
13	32	4565.633	-3209.4634
13	33	4527.7026	-3164.393
13	34	4524.7266	-3163.895
13	35	4644.475	-3170.9314
13	36	4610.7744	-3097.901
13	37	4579.2964	-3218.293
13	38	4521.9614	-3163.2007
13	39	4519.388	-3162.2844
13	40	4649.7725	-3173.6719
13	41	4517.004	-3161.2632
13	42	4577.6074	-3224.259
13	43	4514.461	-3154.2317
13	44	4513.045	-3143.7114
13	45	4613.993	-3086.4875
13	46	4509.5776	-3152.9556
13	58	4590.6016	-3119.3179
14	1	4588.9854	-3164.24
14	2	4583.623	-3154.3262
14	3	4591.204	-3132.4329
14	4	4587.912	-3131.0684
14	5	4589.111	-3180.5564
14	6	4562.0957	-3167.437
14	7	4559.5444	-3147.874
14	8	4592.7817	-3126.5442
14	9	4586.749	-3188.8464
14	10	4551.561	-3158.586
14	11	4619.0337	-3150.9563
14	12	4555.1294	-3138.2488
14	13	4621.5083	-3152.4553
14	14	4624.313	-3153.405
14	15	4585.638	-3194.579
14	16	4592.545	-3114.1162
14	17	4596.163	-3113.657
14	18	4612.3765	-3121.9207
14	19	4547.018	-3134.1252
14	20	4540.6177	-3158.4502
14	21	4606.708	-3113.8406
14	22	4632.427	-3164.5417
14	23	4590.157	-3203.0137
14	24	4629.754	-3174.8508
14	25	4582.458	-3205.476
14	26	4572.4736	-3203.9138
14	27	4534.789	-3147.9487
14	28	4614.3926	-3111.1548
14	29	4599.477	-3102.0215
14	30	4639.0264	-3167.6672
14	31	4614.858	-3108.1365
14	32	4565.633	-3209.4634
14	33	4527.7026	-3164.393
14	34	4524.7266	-3163.895
14	35	4644.475	-3170.9314
14	36	4610.7744	-3097.901
14	37	4579.2964	-3218.293
14	38	4521.9614	-3163.2007
14	39	4519.388	-3162.2844
14	40	4649.7725	-3173.6719
14	41	4517.004	-3161.2632
14	42	4577.6074	-3224.259
14	43	4514.461	-3154.2317
14	44	4513.045	-3143.7114
14	45	4613.993	-3086.4875
14	46	4509.5776	-3152.9556
14	58	4590.575	-3119.447
15	1	4588.91	-3163.8792
15	2	4583.1895	-3154.1533
15	3	4591.204	-3132.4329
15	4	4587.894	-3131.238
15	5	4589.111	-3180.5564
15	6	4562.0957	-3167.437
15	7	4559.5444	-3147.874
15	8	4592.7817	-3126.5442
15	9	4586.749	-3188.8464
15	10	4551.561	-3158.586
15	11	4619.0337	-3150.9563
15	12	4555.1294	-3138.2488
15	13	4621.5083	-3152.4553
15	14	4624.313	-3153.405
15	15	4585.638	-3194.579
15	16	4592.507	-3114.2917
15	17	4596.163	-3113.657
15	18	4612.3765	-3121.9207
15	19	4547.018	-3134.1252
15	20	4540.6177	-3158.4502
15	21	4606.708	-3113.8406
15	22	4632.427	-3164.5417
15	23	4590.157	-3203.0137
15	24	4629.754	-3174.8508
15	25	4582.458	-3205.476
15	26	4572.4736	-3203.9138
15	27	4534.789	-3147.9487
15	28	4614.3926	-3111.1548
15	29	4599.4546	-3102.1614
15	30	4639.0264	-3167.6672
15	31	4614.858	-3108.1365
15	32	4565.633	-3209.4634
15	33	4527.7026	-3164.393
15	34	4524.7266	-3163.895
15	35	4644.475	-3170.9314
15	36	4610.7744	-3097.901
15	37	4579.2964	-3218.293
15	38	4521.9614	-3163.2007
15	39	4519.388	-3162.2844
15	40	4649.7725	-3173.6719
15	41	4517.004	-3161.2632
15	42	4577.6074	-3224.259
15	43	4514.461	-3154.2317
15	44	4513.045	-3143.7114
15	45	4613.993	-3086.4875
15	46	4509.5776	-3152.9556
15	48	4507.688	-3142.227
15	58	4590.5654	-3119.5889
16	1	4588.832	-3163.5015
16	2	4582.742	-3153.9788
16	3	4591.204	-3132.4329
16	4	4587.868	-3131.3762
16	5	4589.111	-3180.5564
16	6	4562.0957	-3167.437
16	7	4559.5444	-3147.874
16	8	4592.7817	-3126.5442
16	9	4586.749	-3188.8464
16	10	4551.561	-3158.586
16	11	4619.0337	-3150.9563
16	12	4555.1294	-3138.2488
16	13	4621.5083	-3152.4553
16	14	4624.313	-3153.405
16	15	4585.638	-3194.579
16	16	4592.446	-3114.4421
16	17	4596.163	-3113.657
16	18	4612.3765	-3121.9207
16	19	4547.018	-3134.1252
16	20	4540.6177	-3158.4502
16	21	4606.708	-3113.8406
16	22	4632.427	-3164.5417
16	23	4590.157	-3203.0137
16	24	4629.754	-3174.8508
16	25	4582.458	-3205.476
16	26	4572.4736	-3203.9138
16	27	4534.789	-3147.9487
16	28	4614.3926	-3111.1548
16	30	4639.0264	-3167.6672
16	31	4614.858	-3108.1365
16	32	4565.633	-3209.4634
16	33	4527.7026	-3164.393
16	34	4524.7266	-3163.895
16	35	4644.475	-3170.9314
16	36	4610.7744	-3097.901
16	37	4579.2964	-3218.293
16	38	4521.9614	-3163.2007
16	39	4519.388	-3162.2844
16	40	4649.7725	-3173.6719
16	41	4517.004	-3161.2632
16	42	4577.6074	-3224.259
16	43	4514.461	-3154.2317
16	44	4513.045	-3143.7114
16	45	4613.993	-3086.4875
16	46	4509.5776	-3152.9556
16	48	4507.688	-3142.227
16	58	4590.5103	-3119.7085
16	73	4599.296	-3102.2166
17	1	4588.738	-3163.1216
17	2	4582.2783	-3153.8035
17	3	4591.204	-3132.4329
17	4	4587.8164	-3131.5032
17	5	4589.111	-3180.5564
17	6	4562.0957	-3167.437
17	7	4559.5444	-3147.874
17	8	4592.7817	-3126.5442
17	9	4586.749	-3188.8464
17	10	4551.561	-3158.586
17	11	4619.0337	-3150.9563
17	12	4555.1294	-3138.2488
17	13	4621.5083	-3152.4553
17	14	4624.313	-3153.405
17	15	4585.638	-3194.579
17	16	4592.393	-3114.572
17	17	4596.163	-3113.657
17	18	4612.3765	-3121.9207
17	19	4547.018	-3134.1252
17	20	4540.6177	-3158.4502
17	21	4606.708	-3113.8406
17	22	4632.427	-3164.5417
17	23	4590.157	-3203.0137
17	24	4629.754	-3174.8508
17	25	4582.458	-3205.476
17	26	4572.4736	-3203.9138
17	27	4534.789	-3147.9487
17	28	4614.3926	-3111.1548
17	30	4639.0264	-3167.6672
17	31	4614.858	-3108.1365
17	32	4565.633	-3209.4634
17	33	4527.7026	-3164.393
17	34	4524.7266	-3163.895
17	35	4644.475	-3170.9314
17	36	4610.7744	-3097.901
17	37	4579.2964	-3218.293
17	38	4521.9614	-3163.2007
17	39	4519.388	-3162.2844
17	40	4649.7725	-3173.6719
17	41	4517.004	-3161.2632
17	42	4577.6074	-3224.259
17	43	4514.461	-3154.2317
17	44	4513.045	-3143.7114
17	45	4613.993	-3086.4875
17	46	4509.5776	-3152.9556
17	48	4507.688	-3142.227
17	58	4590.4756	-3119.8696
17	73	4599.296	-3102.2166
18	1	4588.627	-3162.7434
18	2	4581.7993	-3153.6304
18	3	4591.204	-3132.4329
18	4	4587.81	-3131.6418
18	5	4589.111	-3180.5564
18	6	4562.0957	-3167.437
18	7	4559.5444	-3147.874
18	8	4592.7817	-3126.5442
18	9	4586.749	-3188.8464
18	10	4551.561	-3158.586
18	11	4619.0337	-3150.9563
18	12	4555.1294	-3138.2488
18	13	4621.5083	-3152.4553
18	14	4624.313	-3153.405
18	15	4585.638	-3194.579
18	16	4592.3604	-3114.723
18	17	4596.163	-3113.657
18	18	4612.3765	-3121.9207
18	19	4547.018	-3134.1252
18	20	4540.6177	-3158.4502
18	21	4606.708	-3113.8406
18	22	4632.427	-3164.5417
18	23	4590.157	-3203.0137
18	24	4629.754	-3174.8508
18	25	4582.458	-3205.476
18	26	4572.4736	-3203.9138
18	27	4534.789	-3147.9487
18	28	4614.3926	-3111.1548
18	30	4639.0264	-3167.6672
18	31	4614.858	-3108.1365
18	32	4565.633	-3209.4634
18	33	4527.7026	-3164.393
18	34	4524.7266	-3163.895
18	35	4644.475	-3170.9314
18	36	4610.7744	-3097.901
18	37	4579.2964	-3218.293
18	38	4521.9614	-3163.2007
18	39	4519.388	-3162.2844
18	40	4649.7725	-3173.6719
18	41	4517.004	-3161.2632
18	42	4577.6074	-3224.259
18	43	4514.461	-3154.2317
18	44	4513.045	-3143.7114
18	45	4613.993	-3086.4875
18	46	4509.5776	-3152.9556
18	48	4507.688	-3142.227
19	1	4588.5024	-3162.3584
19	2	4581.3086	-3153.459
19	3	4591.204	-3132.4329
19	4	4587.751	-3131.7737
19	5	4589.111	-3180.5564
19	6	4562.0957	-3167.437
19	7	4559.5444	-3147.874
19	8	4592.7817	-3126.5442
19	9	4586.749	-3188.8464
19	10	4551.561	-3158.586
19	11	4619.0337	-3150.9563
19	12	4555.1294	-3138.2488
19	13	4621.5083	-3152.4553
19	14	4624.313	-3153.405
19	15	4585.638	-3194.579
19	16	4592.3203	-3114.8523
19	17	4596.163	-3113.657
19	18	4612.3765	-3121.9207
19	19	4547.018	-3134.1252
19	20	4540.6177	-3158.4502
19	21	4606.708	-3113.8406
19	22	4632.427	-3164.5417
19	23	4590.157	-3203.0137
19	24	4629.754	-3174.8508
19	25	4582.458	-3205.476
19	26	4572.4736	-3203.9138
19	27	4534.789	-3147.9487
19	28	4614.3926	-3111.1548
19	30	4639.0264	-3167.6672
19	31	4614.858	-3108.1365
19	32	4565.633	-3209.4634
19	33	4527.7026	-3164.393
19	34	4524.7266	-3163.895
19	35	4644.475	-3170.9314
19	36	4610.7744	-3097.901
19	37	4579.2964	-3218.293
19	38	4521.9614	-3163.2007
19	39	4519.388	-3162.2844
19	40	4649.7725	-3173.6719
19	41	4517.004	-3161.2632
19	42	4577.6074	-3224.259
19	43	4514.461	-3154.2317
19	44	4513.045	-3143.7114
19	45	4613.993	-3086.4875
19	46	4509.5776	-3152.9556
19	48	4507.688	-3142.227
19	58	4590.4185	-3120.1448
20	1	4588.37	-3161.9666
20	2	4580.806	-3153.29
20	3	4591.204	-3132.4329
20	4	4587.725	-3131.9294
20	5	4589.111	-3180.5564
20	6	4562.0957	-3167.437
20	7	4559.5444	-3147.874
20	8	4592.7817	-3126.5442
20	9	4586.749	-3188.8464
20	10	4551.561	-3158.586
20	11	4619.0337	-3150.9563
20	12	4555.1294	-3138.2488
20	13	4621.5083	-3152.4553
20	14	4624.313	-3153.405
20	15	4585.638	-3194.579
20	16	4592.279	-3114.9983
20	17	4596.163	-3113.657
20	18	4612.3765	-3121.9207
20	19	4547.018	-3134.1252
20	20	4540.6177	-3158.4502
20	21	4606.708	-3113.8406
20	22	4632.427	-3164.5417
20	23	4590.157	-3203.0137
20	24	4629.754	-3174.8508
20	25	4582.458	-3205.476
20	26	4572.4736	-3203.9138
20	27	4534.789	-3147.9487
20	28	4614.3926	-3111.1548
20	30	4639.0264	-3167.6672
20	31	4614.858	-3108.1365
20	32	4565.633	-3209.4634
20	33	4527.7026	-3164.393
20	34	4524.7266	-3163.895
20	35	4644.475	-3170.9314
20	36	4610.7744	-3097.901
20	37	4579.2964	-3218.293
20	38	4521.9614	-3163.2007
20	39	4519.388	-3162.2844
20	40	4649.7725	-3173.6719
20	41	4517.004	-3161.2632
20	42	4577.6074	-3224.259
20	43	4514.461	-3154.2317
20	44	4513.045	-3143.7114
20	45	4613.993	-3086.4875
20	46	4509.5776	-3152.9556
20	48	4507.688	-3142.227
20	58	4590.416	-3120.291
20	73	4599.296	-3102.2166
21	1	4588.211	-3161.5762
21	2	4580.2915	-3153.125
21	3	4591.204	-3132.4329
21	4	4587.689	-3132.0764
21	5	4589.111	-3180.5564
21	6	4562.0957	-3167.437
21	7	4559.5444	-3147.874
21	8	4592.7817	-3126.5442
21	9	4586.749	-3188.8464
21	10	4551.561	-3158.586
21	11	4619.0337	-3150.9563
21	12	4555.1294	-3138.2488
21	13	4621.5083	-3152.4553
21	14	4624.313	-3153.405
21	15	4585.638	-3194.579
21	16	4592.2266	-3115.144
21	17	4596.163	-3113.657
21	18	4612.3765	-3121.9207
21	19	4547.018	-3134.1252
21	20	4540.6177	-3158.4502
21	21	4606.708	-3113.8406
21	22	4632.427	-3164.5417
21	23	4590.157	-3203.0137
21	24	4629.754	-3174.8508
21	25	4582.458	-3205.476
21	26	4572.4736	-3203.9138
21	27	4534.789	-3147.9487
21	28	4614.3926	-3111.1548
21	30	4639.0264	-3167.6672
21	31	4614.858	-3108.1365
21	32	4565.633	-3209.4634
21	33	4527.7026	-3164.393
21	34	4524.7266	-3163.895
21	35	4644.475	-3170.9314
21	36	4610.7744	-3097.901
21	37	4579.2964	-3218.293
21	38	4521.9614	-3163.2007
21	39	4519.388	-3162.2844
21	40	4649.7725	-3173.6719
21	41	4517.004	-3161.2632
21	42	4577.6074	-3224.259
21	43	4514.461	-3154.2317
21	44	4513.045	-3143.7114
21	45	4613.993	-3086.4875
21	46	4509.5776	-3152.9556
21	48	4507.688	-3142.227
21	58	4590.395	-3120.4373
21	73	4599.296	-3102.2166
22	1	4588.0425	-3161.1929
22	2	4579.767	-3152.9607
22	3	4591.204	-3132.4329
22	4	4587.653	-3132.2397
22	5	4589.111	-3180.5564
22	6	4562.0957	-3167.437
22	7	4559.5444	-3147.874
22	8	4592.7817	-3126.5442
22	9	4586.749	-3188.8464
22	10	4551.561	-3158.586
22	11	4619.0337	-3150.9563
22	12	4555.1294	-3138.2488
22	13	4621.5083	-3152.4553
22	14	4624.313	-3153.405
22	15	4585.638	-3194.579
22	16	4592.178	-3115.27
22	17	4596.163	-3113.657
22	18	4612.3765	-3121.9207
22	19	4547.018	-3134.1252
22	20	4540.6177	-3158.4502
22	21	4606.708	-3113.8406
22	22	4632.427	-3164.5417
22	23	4590.157	-3203.0137
22	24	4629.754	-3174.8508
22	25	4582.458	-3205.476
22	26	4572.4736	-3203.9138
22	27	4534.789	-3147.9487
22	28	4614.3926	-3111.1548
22	30	4639.0264	-3167.6672
22	31	4614.858	-3108.1365
22	32	4565.633	-3209.4634
22	33	4527.7026	-3164.393
22	34	4524.7266	-3163.895
22	35	4644.475	-3170.9314
22	36	4610.7744	-3097.901
22	37	4579.2964	-3218.293
22	38	4521.9614	-3163.2007
22	39	4519.388	-3162.2844
22	40	4649.7725	-3173.6719
22	41	4517.004	-3161.2632
22	42	4577.6074	-3224.259
22	43	4514.461	-3154.2317
22	44	4513.045	-3143.7114
22	45	4613.993	-3086.4875
22	46	4509.5776	-3152.9556
22	48	4507.688	-3142.227
22	73	4599.296	-3102.2166
23	1	4587.8545	-3160.7915
23	2	4579.2324	-3152.8025
23	3	4591.204	-3132.4329
23	4	4587.627	-3132.385
23	5	4589.111	-3180.5564
23	6	4562.0957	-3167.437
23	7	4559.5444	-3147.874
23	8	4592.7817	-3126.5442
23	9	4586.749	-3188.8464
23	10	4551.561	-3158.586
23	11	4619.0337	-3150.9563
23	12	4555.1294	-3138.2488
23	13	4621.5083	-3152.4553
23	14	4624.313	-3153.405
23	15	4585.638	-3194.579
23	17	4596.163	-3113.657
23	18	4612.3765	-3121.9207
23	19	4547.018	-3134.1252
23	20	4540.6177	-3158.4502
23	21	4606.708	-3113.8406
23	22	4632.427	-3164.5417
23	23	4590.157	-3203.0137
23	24	4629.754	-3174.8508
23	25	4582.458	-3205.476
23	26	4572.4736	-3203.9138
23	27	4534.789	-3147.9487
23	28	4614.3926	-3111.1548
23	30	4639.0264	-3167.6672
23	31	4614.858	-3108.1365
23	32	4565.633	-3209.4634
23	33	4527.7026	-3164.393
23	34	4524.7266	-3163.895
23	35	4644.475	-3170.9314
23	36	4610.7744	-3097.901
23	37	4579.2964	-3218.293
23	38	4521.9614	-3163.2007
23	39	4519.388	-3162.2844
23	40	4649.7725	-3173.6719
23	41	4517.004	-3161.2632
23	42	4577.6074	-3224.259
23	43	4514.461	-3154.2317
23	44	4513.045	-3143.7114
23	45	4613.993	-3086.4875
23	46	4509.5776	-3152.9556
23	48	4507.688	-3142.227
23	73	4599.296	-3102.2166
23	80	4597.672	-3107.6326
24	1	4587.6616	-3160.4258
24	2	4578.6865	-3152.6492
24	3	4591.204	-3132.4329
24	4	4587.587	-3132.5283
24	5	4589.111	-3180.5564
24	6	4562.0957	-3167.437
24	7	4559.5444	-3147.874
24	8	4592.7817	-3126.5442
24	9	4586.749	-3188.8464
24	10	4551.561	-3158.586
24	11	4619.0337	-3150.9563
24	12	4555.1294	-3138.2488
24	13	4621.5083	-3152.4553
24	14	4624.313	-3153.405
24	15	4585.638	-3194.579
24	17	4596.163	-3113.657
24	18	4612.3765	-3121.9207
24	19	4547.018	-3134.1252
24	20	4540.6177	-3158.4502
24	21	4606.708	-3113.8406
24	22	4632.427	-3164.5417
24	23	4590.157	-3203.0137
24	24	4629.754	-3174.8508
24	25	4582.458	-3205.476
24	26	4572.4736	-3203.9138
24	27	4534.789	-3147.9487
24	28	4614.3926	-3111.1548
24	30	4639.0264	-3167.6672
24	31	4614.858	-3108.1365
24	32	4565.633	-3209.4634
24	33	4527.7026	-3164.393
24	34	4524.7266	-3163.895
24	35	4644.475	-3170.9314
24	36	4610.7744	-3097.901
24	37	4579.2964	-3218.293
24	38	4521.9614	-3163.2007
24	39	4519.388	-3162.2844
24	40	4649.7725	-3173.6719
24	41	4517.004	-3161.2632
24	42	4577.6074	-3224.259
24	43	4514.461	-3154.2317
24	44	4513.045	-3143.7114
24	45	4613.993	-3086.4875
24	46	4509.5776	-3152.9556
24	48	4507.688	-3142.227
24	73	4599.296	-3102.2166
24	80	4597.635	-3107.6975
25	1	4587.4375	-3160.0
25	2	4578.1323	-3152.499
25	3	4591.204	-3132.4329
25	4	4587.553	-3132.6584
25	5	4589.111	-3180.5564
25	6	4562.0957	-3167.437
25	7	4559.5444	-3147.874
25	8	4592.7817	-3126.5442
25	9	4586.749	-3188.8464
25	10	4551.561	-3158.586
25	11	4619.0337	-3150.9563
25	12	4555.1294	-3138.2488
25	13	4621.5083	-3152.4553
25	14	4624.313	-3153.405
25	15	4585.638	-3194.579
25	17	4596.163	-3113.657
25	18	4612.3765	-3121.9207
25	19	4547.018	-3134.1252
25	20	4540.6177	-3158.4502
25	21	4606.708	-3113.8406
25	22	4632.427	-3164.5417
25	23	4590.157	-3203.0137
25	24	4629.754	-3174.8508
25	25	4582.458	-3205.476
25	26	4572.4736	-3203.9138
25	27	4534.789	-3147.9487
25	28	4614.3926	-3111.1548
25	30	4639.0264	-3167.6672
25	31	4614.858	-3108.1365
25	32	4565.633	-3209.4634
25	33	4527.7026	-3164.393
25	34	4524.7266	-3163.895
25	35	4644.475	-3170.9314
25	36	4610.7744	-3097.901
25	37	4579.2964	-3218.293
25	38	4521.9614	-3163.2007
25	39	4519.388	-3162.2844
25	40	4649.7725	-3173.6719
25	41	4517.004	-3161.2632
25	42	4577.6074	-3224.259
25	43	4514.461	-3154.2317
25	44	4513.045	-3143.7114
25	45	4613.993	-3086.4875
25	46	4509.5776	-3152.9556
25	48	4507.688	-3142.227
25	73	4599.296	-3102.2166
25	80	4597.6304	-3107.631
26	1	4587.1978	-3159.613
26	2	4577.569	-3152.358
26	3	4591.204	-3132.4329
26	4	4587.5127	-3132.8042
26	5	4589.111	-3180.5564
26	6	4562.0957	-3167.437
26	7	4559.5444	-3147.874
26	8	4592.7817	-3126.5442
26	9	4586.749	-3188.8464
26	10	4551.561	-3158.586
26	11	4619.0337	-3150.9563
26	12	4555.1294	-3138.2488
26	13	4621.5083	-3152.4553
26	14	4624.313	-3153.405
26	15	4585.638	-3194.579
26	17	4596.163	-3113.657
26	18	4612.3765	-3121.9207
26	19	4547.018	-3134.1252
26	20	4540.6177	-3158.4502
26	21	4606.708	-3113.8406
26	22	4632.427	-3164.5417
26	23	4590.157	-3203.0137
26	24	4629.754	-3174.8508
26	25	4582.458	-3205.476
26	26	4572.4736	-3203.9138
26	27	4534.789	-3147.9487
26	28	4614.3926	-3111.1548
26	30	4639.0264	-3167.6672
26	31	4614.858	-3108.1365
26	33	4527.7026	-3164.393
26	34	4524.7266	-3163.895
26	35	4644.475	-3170.9314
26	36	4610.7744	-3097.901
26	37	4579.2964	-3218.293
26	38	4521.9614	-3163.2007
26	39	4519.388	-3162.2844
26	40	4649.7725	-3173.6719
26	41	4517.004	-3161.2632
26	42	4577.6074	-3224.259
26	43	4514.461	-3154.2317
26	44	4513.045	-3143.7114
26	46	4509.5776	-3152.9556
26	48	4507.688	-3142.227
26	73	4599.296	-3102.2166
26	80	4597.6533	-3107.5835
27	1	4586.9478	-3159.2266
27	2	4576.9985	-3152.2192
27	3	4591.204	-3132.4329
27	4	4587.478	-3132.9194
27	5	4589.111	-3180.5564
27	6	4562.0957	-3167.437
27	7	4559.5444	-3147.874
27	8	4592.7817	-3126.5442
27	9	4586.749	-3188.8464
27	10	4551.561	-3158.586
27	11	4619.0337	-3150.9563
27	12	4555.1294	-3138.2488
27	13	4621.5083	-3152.4553
27	14	4624.313	-3153.405
27	15	4585.638	-3194.579
27	17	4596.163	-3113.657
27	18	4612.3765	-3121.9207
27	19	4547.018	-3134.1252
27	20	4540.6177	-3158.4502
27	21	4606.708	-3113.8406
27	22	4632.427	-3164.5417
27	23	4590.157	-3203.0137
27	24	4629.754	-3174.8508
27	25	4582.458	-3205.476
27	26	4572.4736	-3203.9138
27	27	4534.789	-3147.9487
27	28	4614.3926	-3111.1548
27	30	4639.0264	-3167.6672
27	31	4614.858	-3108.1365
27	33	4527.7026	-3164.393
27	34	4524.7266	-3163.895
27	35	4644.475	-3170.9314
27	36	4610.7744	-3097.901
27	37	4579.2964	-3218.293
27	38	4521.9614	-3163.2007
27	39	4519.388	-3162.2844
27	40	4649.7725	-3173.6719
27	41	4517.004	-3161.2632
27	42	4577.6074	-3224.259
27	43	4514.461	-3154.2317
27	44	4513.045	-3143.7114
27	45	4613.993	-3086.4875
27	46	4509.5776	-3152.9556
27	48	4507.688	-3142.227
27	73	4599.296	-3102.2166
27	80	4597.7544	-3107.481
28	1	4586.6763	-3158.8254
28	2	4576.4204	-3152.0916
28	3	4591.204	-3132.4329
28	4	4587.4575	-3133.0557
28	5	4589.111	-3180.5564
28	6	4562.0957	-3167.437
28	7	4559.5444	-3147.874
28	8	4592.7817	-3126.5442
28	9	4586.749	-3188.8464
28	10	4551.561	-3158.586
28	11	4619.0337	-3150.9563
28	12	4555.1294	-3138.2488
28	13	4621.5083	-3152.4553
28	14	4624.313	-3153.405
28	15	4585.638	-3194.579
28	17	4596.163	-3113.657
28	18	4612.3765	-3121.9207
28	19	4547.018	-3134.1252
28	20	4540.6177	-3158.4502
28	21	4606.708	-3113.8406
28	22	4632.427	-3164.5417
28	23	4590.157	-3203.0137
28	24	4629.754	-3174.8508
28	25	4582.458	-3205.476
28	26	4572.4736	-3203.9138
28	27	4534.789	-3147.9487
28	28	4614.3926	-3111.1548
28	30	4639.0264	-3167.6672
28	31	4614.858	-3108.1365
28	33	4527.7026	-3164.393
28	34	4524.7266	-3163.895
28	35	4644.475	-3170.9314
28	36	4610.7744	-3097.901
28	37	4579.2964	-3218.293
28	38	4521.9614	-3163.2007
28	39	4519.388	-3162.2844
28	40	4649.7725	-3173.6719
28	41	4517.004	-3161.2632
28	42	4577.6074	-3224.259
28	43	4514.461	-3154.2317
28	44	4513.045	-3143.7114
28	45	4613.993	-3086.4875
28	46	4509.5776	-3152.9556
28	48	4507.688	-3142.227
29	1	4586.3906	-3158.436
29	2	4575.8345	-3151.97
29	3	4591.204	-3132.4329
29	4	4587.4077	-3133.1882
29	5	4589.111	-3180.5564
29	6	4562.0957	-3167.437
29	7	4559.5444	-3147.874
29	8	4592.7817	-3126.5442
29	9	4586.749	-3188.8464
29	10	4551.561	-3158.586
29	11	4619.0337	-3150.9563
29	12	4555.1294	-3138.2488
29	13	4621.5083	-3152.4553
29	14	4624.313	-3153.405
29	15	4585.638	-3194.579
29	17	4596.163	-3113.657
29	18	4612.3765	-3121.9207
29	19	4547.018	-3134.1252
29	20	4540.6177	-3158.4502
29	21	4606.708	-3113.8406
29	22	4632.427	-3164.5417
29	23	4590.157	-3203.0137
29	24	4629.754	-3174.8508
29	25	4582.458	-3205.476
29	26	4572.4736	-3203.9138
29	27	4534.789	-3147.9487
29	28	4614.3926	-3111.1548
29	30	4639.0264	-3167.6672
29	31	4614.858	-3108.1365
29	33	4527.7026	-3164.393
29	34	4524.7266	-3163.895
29	35	4644.475	-3170.9314
29	36	4610.7744	-3097.901
29	37	4579.2964	-3218.293
29	38	4521.9614	-3163.2007
29	39	4519.388	-3162.2844
29	40	4649.7725	-3173.6719
29	41	4517.004	-3161.2632
29	42	4577.6074	-3224.259
29	43	4514.461	-3154.2317
29	44	4513.045	-3143.7114
29	45	4613.993	-3086.4875
29	46	4509.5776	-3152.9556
29	48	4507.688	-3142.227
30	1	4586.0835	-3158.0598
30	2	4575.243	-3151.853
30	3	4591.204	-3132.4329
30	4	4587.3755	-3133.3416
30	5	4589.111	-3180.5564
30	6	4562.0957	-3167.437
30	7	4559.5444	-3147.874
30	8	4592.7817	-3126.5442
30	9	4586.749	-3188.8464
30	10	4551.561	-3158.586
30	11	4619.0337	-3150.9563
30	12	4555.1294	-3138.2488
30	13	4621.5083	-3152.4553
30	14	4624.313	-3153.405
30	15	4585.638	-3194.579
30	17	4596.163	-3113.657
30	18	4612.3765	-3121.9207
30	19	4547.018	-3134.1252
30	20	4540.6177	-3158.4502
30	21	4606.708	-3113.8406
30	22	4632.427	-3164.5417
30	23	4590.157	-3203.0137
30	24	4629.754	-3174.8508
30	25	4582.458	-3205.476
30	26	4572.4736	-3203.9138
30	27	4534.789	-3147.9487
30	28	4614.3926	-3111.1548
30	30	4639.0264	-3167.6672
30	31	4614.858	-3108.1365
30	33	4527.7026	-3164.393
30	34	4524.7266	-3163.895
30	35	4644.475	-3170.9314
30	36	4610.7744	-3097.901
30	37	4579.2964	-3218.293
30	38	4521.9614	-3163.2007
30	39	4519.388	-3162.2844
30	41	4517.004	-3161.2632
30	42	4577.6074	-3224.259
30	43	4514.461	-3154.2317
30	44	4513.045	-3143.7114
30	45	4613.993	-3086.4875
30	46	4509.5776	-3152.9556
30	48	4507.688	-3142.227
31	1	4585.7627	-3157.6787
31	2	4574.6426	-3151.748
31	3	4591.204	-3132.4329
31	4	4587.3325	-3133.4922
31	5	4589.111	-3180.5564
31	6	4562.0957	-3167.437
31	7	4559.5444	-3147.874
31	8	4592.7817	-3126.5442
31	9	4586.749	-3188.8464
31	10	4551.561	-3158.586
31	11	4619.0337	-3150.9563
31	12	4555.1294	-3138.2488
31	13	4621.5083	-3152.4553
31	14	4624.313	-3153.405
31	15	4585.638	-3194.579
31	18	4612.3765	-3121.9207
31	19	4547.018	-3134.1252
31	20	4540.6177	-3158.4502
31	22	4632.427	-3164.5417
31	23	4590.157	-3203.0137
31	24	4629.754	-3174.8508
31	25	4582.458	-3205.476
31	26	4572.4736	-3203.9138
31	27	4534.789	-3147.9487
31	28	4614.3926	-3111.1548
31	30	4639.0264	-3167.6672
31	31	4614.858	-3108.1365
31	33	4527.7026	-3164.393
31	34	4524.7266	-3163.895
31	35	4644.475	-3170.9314
31	36	4610.7744	-3097.901
31	37	4579.2964	-3218.293
31	38	4521.9614	-3163.2007
31	39	4519.388	-3162.2844
31	41	4517.004	-3161.2632
31	42	4577.6074	-3224.259
31	43	4514.461	-3154.2317
31	44	4513.045	-3143.7114
31	45	4613.993	-3086.4875
31	46	4509.5776	-3152.9556
31	48	4507.688	-3142.227
32	1	4585.4116	-3157.3027
32	2	4574.036	-3151.6482
32	3	4591.204	-3132.4329
32	4	4587.3022	-3133.6394
32	5	4589.111	-3180.5564
32	6	4562.0957	-3167.437
32	7	4559.5444	-3147.874
32	8	4592.7817	-3126.5442
32	9	4586.749	-3188.8464
32	10	4551.561	-3158.586
32	11	4619.0337	-3150.9563
32	12	4555.1294	-3138.2488
32	13	4621.5083	-3152.4553
32	14	4624.313	-3153.405
32	15	4585.638	-3194.579
32	18	4612.3765	-3121.9207
32	19	4547.018	-3134.1252
32	20	4540.6177	-3158.4502
32	21	4606.708	-3113.8406
32	22	4632.427	-3164.5417
32	23	4590.157	-3203.0137
32	25	4582.458	-3205.476
32	26	4572.4736	-3203.9138
32	27	4534.789	-3147.9487
32	28	4614.3926	-3111.1548
32	30	4639.0264	-3167.6672
32	31	4614.858	-3108.1365
32	33	4527.7026	-3164.393
32	34	4524.7266	-3163.895
32	35	4644.475	-3170.9314
32	36	4610.7744	-3097.901
32	37	4579.2964	-3218.293
32	38	4521.9614	-3163.2007
32	39	4519.388	-3162.2844
32	41	4517.004	-3161.2632
32	42	4577.6074	-3224.259
32	43	4514.461	-3154.2317
32	44	4513.045	-3143.7114
32	46	4509.5776	-3152.9556
32	48	4507.688	-3142.227
33	1	4585.075	-3156.9565
33	2	4573.4233	-3151.5579
33	3	4591.204	-3132.4329
33	4	4587.269	-3133.7827
33	5	4589.111	-3180.5564
33	6	4562.0957	-3167.437
33	7	4559.5444	-3147.874
33	8	4592.7817	-3126.5442
33	9	4586.749	-3188.8464
33	10	4551.561	-3158.586
33	11	4619.0337	-3150.9563
33	12	4555.1294	-3138.2488
33	13	4621.5083	-3152.4553
33	14	4624.313	-3153.405
33	15	4585.638	-3194.579
33	18	4612.3765	-3121.9207
33	19	4547.018	-3134.1252
33	20	4540.6177	-3158.4502
33	21	4606.708	-3113.8406
33	22	4632.427	-3164.5417
33	23	4590.157	-3203.0137
33	25	4582.458	-3205.476
33	27	4534.789	-3147.9487
33	28	4614.3926	-3111.1548
33	30	4639.0264	-3167.6672
33	31	4614.858	-3108.1365
33	33	4527.7026	-3164.393
33	34	4524.7266	-3163.895
33	35	4644.475	-3170.9314
33	36	4610.7744	-3097.901
33	37	4579.2964	-3218.293
33	38	4521.9614	-3163.2007
33	39	4519.388	-3162.2844
33	41	4517.004	-3161.2632
33	42	4577.6074	-3224.259
33	43	4514.461	-3154.2317
33	44	4513.045	-3143.7114
33	46	4509.5776	-3152.9556
33	48	4507.688	-3142.227
34	1	4584.6978	-3156.5981
34	2	4572.8057	-3151.4797
34	3	4591.204	-3132.4329
34	4	4587.245	-3133.9216
34	5	4589.111	-3180.5564
34	6	4562.0957	-3167.437
34	7	4559.5444	-3147.874
34	8	4592.7817	-3126.5442
34	9	4586.749	-3188.8464
34	10	4551.561	-3158.586
34	11	4619.0337	-3150.9563
34	12	4555.1294	-3138.2488
34	13	4621.5083	-3152.4553
34	14	4624.313	-3153.405
34	15	4585.638	-3194.579
34	18	4612.3765	-3121.9207
34	19	4547.018	-3134.1252
34	20	4540.6177	-3158.4502
34	21	4606.708	-3113.8406
34	22	4632.427	-3164.5417
34	23	4590.157	-3203.0137
34	25	4582.458	-3205.476
34	27	4534.789	-3147.9487
34	28	4614.3926	-3111.1548
34	30	4639.0264	-3167.6672
34	31	4614.858	-3108.1365
34	33	4527.7026	-3164.393
34	34	4524.7266	-3163.895
34	35	4644.475	-3170.9314
34	36	4610.7744	-3097.901
34	37	4579.2964	-3218.293
34	38	4521.9614	-3163.2007
34	39	4519.388	-3162.2844
34	41	4517.004	-3161.2632
34	42	4577.6074	-3224.259
34	43	4514.461	-3154.2317
34	44	4513.045	-3143.7114
34	46	4509.5776	-3152.9556
34	48	4507.688	-3142.227
35	1	4584.307	-3156.2595
35	2	4572.183	-3151.4062
35	3	4591.204	-3132.4329
35	4	4587.2305	-3134.0635
35	5	4589.111	-3180.5564
35	6	4562.0957	-3167.437
35	7	4559.5444	-3147.874
35	8	4592.7817	-3126.5442
35	9	4586.749	-3188.8464
35	10	4551.561	-3158.586
35	11	4619.0337	-3150.9563
35	12	4555.1294	-3138.2488
35	13	4621.5083	-3152.4553
35	14	4624.313	-3153.405
35	15	4585.638	-3194.579
35	18	4612.3765	-3121.9207
35	19	4547.018	-3134.1252
35	20	4540.6177	-3158.4502
35	21	4606.708	-3113.8406
35	22	4632.427	-3164.5417
35	23	4590.157	-3203.0137
35	25	4582.458	-3205.476
35	27	4534.789	-3147.9487
35	28	4614.3926	-3111.1548
35	30	4639.0264	-3167.6672
35	31	4614.858	-3108.1365
35	33	4527.7026	-3164.393
35	34	4524.7266	-3163.895
35	35	4644.475	-3170.9314
35	36	4610.7744	-3097.901
35	37	4579.2964	-3218.293
35	38	4521.9614	-3163.2007
35	39	4519.388	-3162.2844
35	41	4517.004	-3161.2632
35	42	4577.6074	-3224.259
35	43	4514.461	-3154.2317
35	44	4513.045	-3143.7114
35	46	4509.5776	-3152.9556
35	48	4507.688	-3142.227
36	1	4583.895	-3155.9272
36	2	4571.5566	-3151.3455
36	3	4591.204	-3132.4329
36	4	4587.175	-3134.2024
36	5	4589.111	-3180.5564
36	6	4562.0957	-3167.437
36	7	4559.5444	-3147.874
36	9	4586.749	-3188.8464
36	10	4551.561	-3158.586
36	11	4619.0337	-3150.9563
36	12	4555.1294	-3138.2488
36	13	4621.5083	-3152.4553
36	14	4624.313	-3153.405
36	15	4585.638	-3194.579
36	18	4612.3765	-3121.9207
36	19	4547.018	-3134.1252
36	20	4540.6177	-3158.4502
36	21	4606.708	-3113.8406
36	22	4632.427	-3164.5417
36	23	4590.157	-3203.0137
36	25	4582.458	-3205.476
36	27	4534.789	-3147.9487
36	28	4614.3926	-3111.1548
36	30	4639.0264	-3167.6672
36	31	4614.858	-3108.1365
36	33	4527.7026	-3164.393
36	34	4524.7266	-3163.895
36	35	4644.475	-3170.9314
36	36	4610.7744	-3097.901
36	37	4579.2964	-3218.293
36	38	4521.9614	-3163.2007
36	39	4519.388	-3162.2844
36	41	4517.004	-3161.2632
36	43	4514.461	-3154.2317
36	44	4513.045	-3143.7114
36	46	4509.5776	-3152.9556
36	48	4507.688	-3142.227
37	1	4583.478	-3155.6125
37	2	4570.925	-3151.2922
37	3	4591.204	-3132.4329
37	4	4587.148	-3134.3428
37	5	4589.111	-3180.5564
37	6	4562.0957	-3167.437
37	7	4559.5444	-3147.874
37	9	4586.749	-3188.8464
37	10	4551.561	-3158.586
37	11	4619.0337	-3150.9563
37	12	4555.1294	-3138.2488
37	13	4621.5083	-3152.4553
37	14	4624.313	-3153.405
37	15	4585.638	-3194.579
37	18	4612.3765	-3121.9207
37	19	4547.018	-3134.1252
37	20	4540.6177	-3158.4502
37	21	4606.708	-3113.8406
37	22	4632.427	-3164.5417
37	23	4590.157	-3203.0137
37	25	4582.458	-3205.476
37	27	4534.789	-3147.9487
37	28	4614.3926	-3111.1548
37	30	4639.0264	-3167.6672
37	31	4614.858	-3108.1365
37	33	4527.7026	-3164.393
37	34	4524.7266	-3163.895
37	37	4579.2964	-3218.293
37	38	4521.9614	-3163.2007
37	39	4519.388	-3162.2844
37	41	4517.004	-3161.2632
37	43	4514.461	-3154.2317
37	44	4513.045	-3143.7114
37	46	4509.5776	-3152.9556
37	48	4507.688	-3142.227
38	1	4583.0474	-3155.3035
38	2	4570.2876	-3151.2463
38	3	4591.204	-3132.4329
38	4	4587.118	-3134.4954
38	5	4589.111	-3180.5564
38	6	4562.0957	-3167.437
38	7	4559.5444	-3147.874
38	9	4586.749	-3188.8464
38	10	4551.561	-3158.586
38	11	4619.0337	-3150.9563
38	12	4555.1294	-3138.2488
38	13	4621.5083	-3152.4553
38	14	4624.313	-3153.405
38	15	4585.638	-3194.579
38	18	4612.3765	-3121.9207
38	19	4547.018	-3134.1252
38	20	4540.6177	-3158.4502
38	21	4606.708	-3113.8406
38	22	4632.427	-3164.5417
38	23	4590.157	-3203.0137
38	25	4582.458	-3205.476
38	27	4534.789	-3147.9487
38	28	4614.3926	-3111.1548
38	31	4614.858	-3108.1365
38	33	4527.7026	-3164.393
38	34	4524.7266	-3163.895
38	38	4521.9614	-3163.2007
38	39	4519.388	-3162.2844
38	41	4517.004	-3161.2632
38	43	4514.461	-3154.2317
38	44	4513.045	-3143.7114
38	46	4509.5776	-3152.9556
38	48	4507.688	-3142.227
38	49	4493.99	-3138.4805
39	1	4582.6064	-3155.002
39	2	4569.646	-3151.2095
39	3	4591.204	-3132.4329
39	4	4587.0596	-3134.6155
39	5	4589.111	-3180.5564
39	6	4562.0957	-3167.437
39	7	4559.5444	-3147.874
39	9	4586.749	-3188.8464
39	10	4551.561	-3158.586
39	11	4619.0337	-3150.9563
39	12	4555.1294	-3138.2488
39	13	4621.5083	-3152.4553
39	14	4624.313	-3153.405
39	15	4585.638	-3194.579
39	18	4612.3765	-3121.9207
39	19	4547.018	-3134.1252
39	20	4540.6177	-3158.4502
39	22	4632.427	-3164.5417
39	23	4590.157	-3203.0137
39	25	4582.458	-3205.476
39	27	4534.789	-3147.9487
39	28	4614.3926	-3111.1548
39	31	4614.858	-3108.1365
39	33	4527.7026	-3164.393
39	34	4524.7266	-3163.895
39	38	4521.9614	-3163.2007
39	39	4519.388	-3162.2844
39	41	4517.004	-3161.2632
39	43	4514.461	-3154.2317
39	44	4513.045	-3143.7114
39	46	4509.5776	-3152.9556
39	48	4507.688	-3142.227
39	49	4493.99	-3138.4805
40	1	4582.1313	-3154.6875
40	2	4569.002	-3151.1794
40	3	4591.204	-3132.4329
40	4	4587.0293	-3134.767
40	5	4589.111	-3180.5564
40	6	4562.0957	-3167.437
40	7	4559.5444	-3147.874
40	9	4586.749	-3188.8464
40	10	4551.561	-3158.586
40	11	4619.0337	-3150.9563
40	12	4555.1294	-3138.2488
40	13	4621.5083	-3152.4553
40	14	4624.313	-3153.405
40	15	4585.638	-3194.579
40	18	4612.3765	-3121.9207
40	19	4547.018	-3134.1252
40	20	4540.6177	-3158.4502
40	23	4590.157	-3203.0137
40	25	4582.458	-3205.476
40	27	4534.789	-3147.9487
40	28	4614.3926	-3111.1548
40	31	4614.858	-3108.1365
40	33	4527.7026	-3164.393
40	34	4524.7266	-3163.895
40	37	4579.2964	-3218.293
40	38	4521.9614	-3163.2007
40	39	4519.388	-3162.2844
40	41	4517.004	-3161.2632
40	43	4514.461	-3154.2317
40	44	4513.045	-3143.7114
40	46	4509.5776	-3152.9556
40	48	4507.688	-3142.227
40	49	4493.99	-3138.4805
40	56	4629.812	-3174.8667
41	1	4581.6562	-3154.4036
41	2	4568.353	-3151.1572
41	3	4591.204	-3132.4329
41	4	4587.001	-3134.9045
41	5	4589.111	-3180.5564
41	6	4562.0957	-3167.437
41	7	4559.5444	-3147.874
41	9	4586.749	-3188.8464
41	10	4551.561	-3158.586
41	11	4619.0337	-3150.9563
41	12	4555.1294	-3138.2488
41	13	4621.5083	-3152.4553
41	14	4624.313	-3153.405
41	15	4585.638	-3194.579
41	18	4612.3765	-3121.9207
41	19	4547.018	-3134.1252
41	20	4540.6177	-3158.4502
41	23	4590.157	-3203.0137
41	25	4582.458	-3205.476
41	27	4534.789	-3147.9487
41	28	4614.3926	-3111.1548
41	33	4527.7026	-3164.393
41	34	4524.7266	-3163.895
41	37	4579.2964	-3218.293
41	38	4521.9614	-3163.2007
41	39	4519.388	-3162.2844
41	41	4517.004	-3161.2632
41	43	4514.461	-3154.2317
41	44	4513.045	-3143.7114
41	46	4509.5776	-3152.9556
41	48	4507.688	-3142.227
41	49	4493.99	-3138.4805
41	56	4629.812	-3174.8667
42	1	4581.17	-3154.126
42	2	4567.701	-3151.1426
42	3	4591.204	-3132.4329
42	4	4586.954	-3135.047
42	5	4589.111	-3180.5564
42	6	4562.0957	-3167.437
42	7	4559.5444	-3147.874
42	9	4586.749	-3188.8464
42	10	4551.561	-3158.586
42	11	4619.0337	-3150.9563
42	12	4555.1294	-3138.2488
42	13	4621.5083	-3152.4553
42	14	4624.313	-3153.405
42	15	4585.638	-3194.579
42	18	4612.3765	-3121.9207
42	19	4547.018	-3134.1252
42	20	4540.6177	-3158.4502
42	23	4590.157	-3203.0137
42	25	4582.458	-3205.476
42	27	4534.789	-3147.9487
42	28	4614.3926	-3111.1548
42	33	4527.7026	-3164.393
42	34	4524.7266	-3163.895
42	38	4521.9614	-3163.2007
42	39	4519.388	-3162.2844
42	41	4517.004	-3161.2632
42	43	4514.461	-3154.2317
42	44	4513.045	-3143.7114
42	46	4509.5776	-3152.9556
42	48	4507.688	-3142.227
42	49	4493.99	-3138.4805
42	56	4629.812	-3174.8667
43	1	4580.682	-3153.8767
43	2	4567.044	-3151.132
43	3	4591.204	-3132.4329
43	4	4586.921	-3135.183
43	5	4589.111	-3180.5564
43	6	4562.0957	-3167.437
43	7	4559.5444	-3147.874
43	9	4586.749	-3188.8464
43	10	4551.561	-3158.586
43	11	4619.0337	-3150.9563
43	12	4555.1294	-3138.2488
43	13	4621.5083	-3152.4553
43	14	4624.313	-3153.405
43	15	4585.638	-3194.579
43	18	4612.3765	-3121.9207
43	19	4547.018	-3134.1252
43	20	4540.6177	-3158.4502
43	23	4590.157	-3203.0137
43	25	4582.458	-3205.476
43	27	4534.789	-3147.9487
43	28	4614.3926	-3111.1548
43	33	4527.7026	-3164.393
43	34	4524.7266	-3163.895
43	38	4521.9614	-3163.2007
43	39	4519.388	-3162.2844
43	41	4517.004	-3161.2632
43	43	4514.461	-3154.2317
43	44	4513.045	-3143.7114
43	46	4509.5776	-3152.9556
43	48	4507.688	-3142.227
43	49	4493.99	-3138.4805
43	56	4629.812	-3174.8667
44	1	4580.1353	-3153.6206
44	2	4566.381	-3151.1284
44	3	4591.204	-3132.4329
44	4	4586.881	-3135.3096
44	5	4589.111	-3180.5564
44	6	4562.0957	-3167.437
44	7	4559.5444	-3147.874
44	9	4586.749	-3188.8464
44	10	4551.561	-3158.586
44	11	4619.0337	-3150.9563
44	12	4555.1294	-3138.2488
44	13	4621.5083	-3152.4553
44	14	4624.313	-3153.405
44	18	4612.3765	-3121.9207
44	19	4547.018	-3134.1252
44	20	4540.6177	-3158.4502
44	23	4590.157	-3203.0137
44	25	4582.458	-3205.476
44	27	4534.789	-3147.9487
44	28	4614.3926	-3111.1548
44	33	4527.7026	-3164.393
44	34	4524.7266	-3163.895
44	38	4521.9614	-3163.2007
44	39	4519.388	-3162.2844
44	41	4517.004	-3161.2632
44	43	4514.461	-3154.2317
44	44	4513.045	-3143.7114
44	46	4509.5776	-3152.9556
44	48	4507.688	-3142.227
44	49	4493.99	-3138.4805
44	56	4629.812	-3174.8667
45	1	4579.6274	-3153.405
45	2	4565.713	-3151.13
45	3	4591.204	-3132.4329
45	4	4586.838	-3135.4336
45	5	4589.111	-3180.5564
45	6	4562.0957	-3167.437
45	7	4559.5444	-3147.874
45	9	4586.749	-3188.8464
45	10	4551.561	-3158.586
45	11	4619.0337	-3150.9563
45	12	4555.1294	-3138.2488
45	13	4621.5083	-3152.4553
45	14	4624.313	-3153.405
45	15	4585.638	-3194.579
45	18	4612.3765	-3121.9207
45	19	4547.018	-3134.1252
45	20	4540.6177	-3158.4502
45	23	4590.157	-3203.0137
45	25	4582.458	-3205.476
45	27	4534.789	-3147.9487
45	33	4527.7026	-3164.393
45	34	4524.7266	-3163.895
45	38	4521.9614	-3163.2007
45	39	4519.388	-3162.2844
45	41	4517.004	-3161.2632
45	43	4514.461	-3154.2317
45	44	4513.045	-3143.7114
45	46	4509.5776	-3152.9556
45	48	4507.688	-3142.227
45	49	4493.99	-3138.4805
45	56	4629.812	-3174.8667
46	1	4579.0317	-3153.163
46	2	4565.0396	-3151.1394
46	3	4591.204	-3132.4329
46	4	4586.781	-3135.5928
46	5	4589.111	-3180.5564
46	6	4562.0957	-3167.437
46	7	4559.5444	-3147.874
46	9	4586.749	-3188.8464
46	10	4551.561	-3158.586
46	11	4619.0337	-3150.9563
46	12	4555.1294	-3138.2488
46	13	4621.5083	-3152.4553
46	14	4624.313	-3153.405
46	15	4585.638	-3194.579
46	18	4612.3765	-3121.9207
46	19	4547.018	-3134.1252
46	20	4540.6177	-3158.4502
46	23	4590.157	-3203.0137
46	25	4582.458	-3205.476
46	27	4534.789	-3147.9487
46	33	4527.7026	-3164.393
46	34	4524.7266	-3163.895
46	38	4521.9614	-3163.2007
46	39	4519.388	-3162.2844
46	41	4517.004	-3161.2632
46	43	4514.461	-3154.2317
46	44	4513.045	-3143.7114
46	46	4509.5776	-3152.9556
46	48	4507.688	-3142.227
46	49	4493.99	-3138.4805
46	56	4629.812	-3174.8667
47	1	4578.4937	-3153.0098
47	2	4564.36	-3151.15
47	3	4591.204	-3132.4329
47	4	4586.742	-3135.7256
47	5	4589.111	-3180.5564
47	6	4562.0957	-3167.437
47	7	4559.5444	-3147.874
47	9	4586.749	-3188.8464
47	10	4551.561	-3158.586
47	11	4619.0337	-3150.9563
47	12	4555.1294	-3138.2488
47	13	4621.5083	-3152.4553
47	15	4585.638	-3194.579
47	18	4612.3765	-3121.9207
47	19	4547.018	-3134.1252
47	20	4540.6177	-3158.4502
47	23	4590.157	-3203.0137
47	27	4534.789	-3147.9487
47	33	4527.7026	-3164.393
47	34	4524.7266	-3163.895
47	38	4521.9614	-3163.2007
47	39	4519.388	-3162.2844
47	41	4517.004	-3161.2632
47	43	4514.461	-3154.2317
47	44	4513.045	-3143.7114
47	46	4509.5776	-3152.9556
47	48	4507.688	-3142.227
47	49	4493.99	-3138.4805
47	56	4629.812	-3174.8667
48	1	4577.8906	-3152.8035
48	2	4563.674	-3151.1687
48	3	4591.204	-3132.4329
48	4	4586.7246	-3135.8457
48	5	4589.111	-3180.5564
48	6	4562.0957	-3167.437
48	7	4559.5444	-3147.874
48	9	4586.749	-3188.8464
48	10	4551.561	-3158.586
48	11	4619.0337	-3150.9563
48	12	4555.1294	-3138.2488
48	13	4621.5083	-3152.4553
48	15	4585.638	-3194.579
48	18	4612.3765	-3121.9207
48	19	4547.018	-3134.1252
48	20	4540.6177	-3158.4502
48	23	4590.157	-3203.0137
48	27	4534.789	-3147.9487
48	33	4527.7026	-3164.393
48	34	4524.7266	-3163.895
48	38	4521.9614	-3163.2007
48	39	4519.388	-3162.2844
48	41	4517.004	-3161.2632
48	43	4514.461	-3154.2317
48	44	4513.045	-3143.7114
48	46	4509.5776	-3152.9556
48	48	4507.688	-3142.227
48	49	4493.99	-3138.4805
48	56	4629.812	-3174.8667
48	65	4632.299	-3164.4705
49	1	4577.3403	-3152.6328
49	2	4562.982	-3151.189
49	3	4591.204	-3132.4329
49	5	4589.111	-3180.5564
49	6	4562.0957	-3167.437
49	7	4559.5444	-3147.874
49	9	4586.749	-3188.8464
49	10	4551.561	-3158.586
49	11	4619.0337	-3150.9563
49	12	4555.1294	-3138.2488
49	13	4621.5083	-3152.4553
49	15	4585.638	-3194.579
49	18	4612.3765	-3121.9207
49	19	4547.018	-3134.1252
49	20	4540.6177	-3158.4502
49	23	4590.157	-3203.0137
49	27	4534.789	-3147.9487
49	33	4527.7026	-3164.393
49	34	4524.7266	-3163.895
49	38	4521.9614	-3163.2007
49	39	4519.388	-3162.2844
49	41	4517.004	-3161.2632
49	43	4514.461	-3154.2317
49	44	4513.045	-3143.7114
49	46	4509.5776	-3152.9556
49	48	4507.688	-3142.227
49	49	4493.99	-3138.4805
49	56	4629.812	-3174.8667
49	65	4632.299	-3164.4705
50	1	4576.7314	-3152.4692
50	2	4562.284	-3151.2122
50	5	4589.111	-3180.5564
50	6	4562.0957	-3167.437
50	7	4559.5444	-3147.874
50	9	4586.749	-3188.8464
50	10	4551.561	-3158.586
50	11	4619.0337	-3150.9563
50	12	4555.1294	-3138.2488
50	13	4621.5083	-3152.4553
50	15	4585.638	-3194.579
50	18	4612.3765	-3121.9207
50	19	4547.018	-3134.1252
50	20	4540.6177	-3158.4502
50	27	4534.789	-3147.9487
50	33	4527.7026	-3164.393
50	34	4524.7266	-3163.895
50	38	4521.9614	-3163.2007
50	39	4519.388	-3162.2844
50	41	4517.004	-3161.2632
50	43	4514.461	-3154.2317
50	44	4513.045	-3143.7114
50	46	4509.5776	-3152.9556
50	48	4507.688	-3142.227
50	49	4493.99	-3138.4805
50	56	4629.812	-3174.8667
50	65	4632.299	-3164.4705
51	1	4576.157	-3152.3245
51	2	4561.5786	-3151.2363
51	5	4589.111	-3180.5564
51	6	4562.0957	-3167.437
51	7	4559.5444	-3147.874
51	9	4586.749	-3188.8464
51	10	4551.561	-3158.586
51	11	4619.0337	-3150.9563
51	12	4555.1294	-3138.2488
51	13	4621.5083	-3152.4553
51	15	4585.638	-3194.579
51	18	4612.3765	-3121.9207
51	19	4547.018	-3134.1252
51	20	4540.6177	-3158.4502
51	27	4534.789	-3147.9487
51	33	4527.7026	-3164.393
51	34	4524.7266	-3163.895
51	38	4521.9614	-3163.2007
51	39	4519.388	-3162.2844
51	41	4517.004	-3161.2632
51	43	4514.461	-3154.2317
51	44	4513.045	-3143.7114
51	46	4509.5776	-3152.9556
51	48	4507.688	-3142.227
51	49	4493.99	-3138.4805
51	56	4629.812	-3174.8667
51	65	4632.299	-3164.4705
52	1	4575.5566	-3152.1821
52	2	4560.8677	-3151.261
52	5	4589.111	-3180.5564
52	6	4562.0957	-3167.437
52	7	4559.5444	-3147.874
52	9	4586.749	-3188.8464
52	10	4551.561	-3158.586
52	11	4619.0337	-3150.9563
52	12	4555.1294	-3138.2488
52	13	4621.5083	-3152.4553
52	15	4585.638	-3194.579
52	19	4547.018	-3134.1252
52	20	4540.6177	-3158.4502
52	23	4590.157	-3203.0137
52	27	4534.789	-3147.9487
52	33	4527.7026	-3164.393
52	34	4524.7266	-3163.895
52	38	4521.9614	-3163.2007
52	39	4519.388	-3162.2844
52	41	4517.004	-3161.2632
52	43	4514.461	-3154.2317
52	44	4513.045	-3143.7114
52	46	4509.5776	-3152.9556
52	48	4507.688	-3142.227
52	49	4493.99	-3138.4805
52	50	4485.4375	-3155.7864
52	56	4629.812	-3174.8667
52	65	4632.299	-3164.4705
53	1	4574.9717	-3152.0615
53	2	4560.152	-3151.2883
53	5	4589.111	-3180.5564
53	6	4562.0957	-3167.437
53	7	4559.5444	-3147.874
53	9	4586.749	-3188.8464
53	10	4551.561	-3158.586
53	12	4555.1294	-3138.2488
53	13	4621.5083	-3152.4553
53	15	4585.638	-3194.579
53	19	4547.018	-3134.1252
53	20	4540.6177	-3158.4502
53	23	4590.157	-3203.0137
53	27	4534.789	-3147.9487
53	33	4527.7026	-3164.393
53	34	4524.7266	-3163.895
53	38	4521.9614	-3163.2007
53	39	4519.388	-3162.2844
53	41	4517.004	-3161.2632
53	43	4514.461	-3154.2317
53	44	4513.045	-3143.7114
53	46	4509.5776	-3152.9556
53	48	4507.688	-3142.227
53	49	4493.99	-3138.4805
53	50	4485.4375	-3155.7864
53	56	4629.812	-3174.8667
53	65	4632.299	-3164.4705
54	1	4574.3423	-3151.9353
54	2	4559.4316	-3151.3145
54	5	4589.111	-3180.5564
54	6	4562.0957	-3167.437
54	7	4559.5444	-3147.874
54	9	4586.749	-3188.8464
54	10	4551.561	-3158.586
54	12	4555.1294	-3138.2488
54	13	4621.5083	-3152.4553
54	15	4585.638	-3194.579
54	19	4547.018	-3134.1252
54	20	4540.6177	-3158.4502
54	23	4590.157	-3203.0137
54	27	4534.789	-3147.9487
54	33	4527.7026	-3164.393
54	34	4524.7266	-3163.895
54	38	4521.9614	-3163.2007
54	39	4519.388	-3162.2844
54	41	4517.004	-3161.2632
54	43	4514.461	-3154.2317
54	44	4513.045	-3143.7114
54	46	4509.5776	-3152.9556
54	48	4507.688	-3142.227
54	49	4493.99	-3138.4805
54	50	4485.4375	-3155.7864
54	51	4484.2705	-3160.9517
54	56	4629.812	-3174.8667
54	65	4632.299	-3164.4705
55	1	4573.7285	-3151.8237
55	2	4558.7793	-3151.3396
55	5	4589.111	-3180.5564
55	6	4562.0957	-3167.437
55	7	4559.5444	-3147.874
55	9	4586.749	-3188.8464
55	10	4551.561	-3158.586
55	12	4555.1294	-3138.2488
55	15	4585.638	-3194.579
55	19	4547.018	-3134.1252
55	20	4540.6177	-3158.4502
55	23	4590.157	-3203.0137
55	27	4534.789	-3147.9487
55	33	4527.7026	-3164.393
55	34	4524.7266	-3163.895
55	38	4521.9614	-3163.2007
55	39	4519.388	-3162.2844
55	41	4517.004	-3161.2632
55	43	4514.461	-3154.2317
55	44	4513.045	-3143.7114
55	46	4509.5776	-3152.9556
55	48	4507.688	-3142.227
55	49	4493.99	-3138.4805
55	50	4485.4375	-3155.7864
55	51	4484.2705	-3160.9517
55	56	4629.812	-3174.8667
55	65	4632.299	-3164.4705
56	1	4573.1562	-3151.7378
56	2	4558.051	-3151.368
56	5	4589.111	-3180.5564
56	6	4562.0957	-3167.437
56	7	4559.5444	-3147.874
56	9	4586.749	-3188.8464
56	10	4551.561	-3158.586
56	12	4555.1294	-3138.2488
56	15	4585.638	-3194.579
56	19	4547.018	-3134.1252
56	20	4540.6177	-3158.4502
56	27	4534.789	-3147.9487
56	33	4527.7026	-3164.393
56	34	4524.7266	-3163.895
56	38	4521.9614	-3163.2007
56	39	4519.388	-3162.2844
56	41	4517.004	-3161.2632
56	43	4514.461	-3154.2317
56	44	4513.045	-3143.7114
56	46	4509.5776	-3152.9556
56	48	4507.688	-3142.227
56	49	4493.99	-3138.4805
56	50	4485.4375	-3155.7864
56	51	4484.2705	-3160.9517
56	56	4629.812	-3174.8667
56	65	4632.299	-3164.4705
57	1	4572.5234	-3151.6277
57	2	4557.318	-3151.398
57	5	4589.111	-3180.5564
57	6	4562.0957	-3167.437
57	7	4559.5444	-3147.874
57	9	4586.749	-3188.8464
57	10	4551.561	-3158.586
57	12	4555.1294	-3138.2488
57	19	4547.018	-3134.1252
57	20	4540.6177	-3158.4502
57	27	4534.789	-3147.9487
57	33	4527.7026	-3164.393
57	34	4524.7266	-3163.895
57	38	4521.9614	-3163.2007
57	39	4519.388	-3162.2844
57	41	4517.004	-3161.2632
57	43	4514.461	-3154.2317
57	44	4513.045	-3143.7114
57	46	4509.5776	-3152.9556
57	48	4507.688	-3142.227
57	49	4493.99	-3138.4805
57	50	4485.4375	-3155.7864
57	51	4484.2705	-3160.9517
57	56	4629.812	-3174.8667
57	65	4632.299	-3164.4705
58	1	4571.877	-3151.5442
58	2	4556.5806	-3151.428
58	5	4589.111	-3180.5564
58	6	4562.0957	-3167.437
58	7	4559.5444	-3147.874
58	9	4586.749	-3188.8464
58	10	4551.561	-3158.586
58	12	4555.1294	-3138.2488
58	19	4547.018	-3134.1252
58	20	4540.6177	-3158.4502
58	27	4534.789	-3147.9487
58	33	4527.7026	-3164.393
58	34	4524.7266	-3163.895
58	38	4521.9614	-3163.2007
58	39	4519.388	-3162.2844
58	41	4517.004	-3161.2632
58	43	4514.461	-3154.2317
58	46	4509.5776	-3152.9556
58	48	4507.688	-3142.227
58	49	4493.99	-3138.4805
58	50	4485.4375	-3155.7864
58	51	4484.2705	-3160.9517
58	56	4629.812	-3174.8667
58	65	4632.299	-3164.4705
59	1	4571.2427	-3151.4695
59	2	4555.8403	-3151.458
59	5	4589.111	-3180.5564
59	6	4562.0957	-3167.437
59	7	4559.5444	-3147.874
59	9	4586.749	-3188.8464
59	10	4551.561	-3158.586
59	12	4555.1294	-3138.2488
59	19	4547.018	-3134.1252
59	20	4540.6177	-3158.4502
59	27	4534.789	-3147.9487
59	33	4527.7026	-3164.393
59	34	4524.7266	-3163.895
59	38	4521.9614	-3163.2007
59	39	4519.388	-3162.2844
59	41	4517.004	-3161.2632
59	43	4514.461	-3154.2317
59	46	4509.5776	-3152.9556
59	48	4507.688	-3142.227
59	49	4493.99	-3138.4805
59	50	4485.4375	-3155.7864
59	51	4484.2705	-3160.9517
59	65	4632.299	-3164.4705
60	1	4570.5684	-3151.399
60	2	4555.0977	-3151.4888
60	5	4589.111	-3180.5564
60	6	4562.0957	-3167.437
60	7	4559.5444	-3147.874
60	9	4586.749	-3188.8464
60	10	4551.561	-3158.586
60	12	4555.1294	-3138.2488
60	19	4547.018	-3134.1252
60	20	4540.6177	-3158.4502
60	27	4534.789	-3147.9487
60	33	4527.7026	-3164.393
60	34	4524.7266	-3163.895
60	38	4521.9614	-3163.2007
60	39	4519.388	-3162.2844
60	41	4517.004	-3161.2632
60	43	4514.461	-3154.2317
60	46	4509.5776	-3152.9556
60	48	4507.688	-3142.227
60	49	4493.99	-3138.4805
60	50	4485.4375	-3155.7864
60	51	4484.2705	-3160.9517
61	1	4569.947	-3151.3416
61	2	4554.352	-3151.5178
61	5	4589.111	-3180.5564
61	6	4562.0957	-3167.437
61	7	4559.5444	-3147.874
61	9	4586.749	-3188.8464
61	10	4551.561	-3158.586
61	12	4555.1294	-3138.2488
61	19	4547.018	-3134.1252
61	20	4540.6177	-3158.4502
61	27	4534.789	-3147.9487
61	33	4527.7026	-3164.393
61	34	4524.7266	-3163.895
61	38	4521.9614	-3163.2007
61	39	4519.388	-3162.2844
61	41	4517.004	-3161.2632
61	43	4514.461	-3154.2317
61	46	4509.5776	-3152.9556
61	48	4507.688	-3142.227
61	49	4493.99	-3138.4805
61	50	4485.4375	-3155.7864
61	51	4484.2705	-3160.9517
61	74	4624.175	-3153.5632
62	1	4569.2876	-3151.295
62	2	4553.604	-3151.5486
62	5	4589.111	-3180.5564
62	6	4562.0957	-3167.437
62	7	4559.5444	-3147.874
62	9	4586.749	-3188.8464
62	10	4551.561	-3158.586
62	12	4555.1294	-3138.2488
62	19	4547.018	-3134.1252
62	20	4540.6177	-3158.4502
62	27	4534.789	-3147.9487
62	33	4527.7026	-3164.393
62	34	4524.7266	-3163.895
62	38	4521.9614	-3163.2007
62	39	4519.388	-3162.2844
62	41	4517.004	-3161.2632
62	43	4514.461	-3154.2317
62	46	4509.5776	-3152.9556
62	48	4507.688	-3142.227
62	49	4493.99	-3138.4805
62	50	4485.4375	-3155.7864
62	51	4484.2705	-3160.9517
62	60	4544.862	-3119.6711
62	74	4624.175	-3153.5632
63	1	4568.6255	-3151.2546
63	2	4552.853	-3151.5764
63	5	4589.111	-3180.5564
63	6	4562.0957	-3167.437
63	7	4559.5444	-3147.874
63	10	4551.561	-3158.586
63	12	4555.1294	-3138.2488
63	19	4547.018	-3134.1252
63	20	4540.6177	-3158.4502
63	27	4534.789	-3147.9487
63	33	4527.7026	-3164.393
63	34	4524.7266	-3163.895
63	38	4521.9614	-3163.2007
63	39	4519.388	-3162.2844
63	41	4517.004	-3161.2632
63	43	4514.461	-3154.2317
63	46	4509.5776	-3152.9556
63	48	4507.688	-3142.227
63	49	4493.99	-3138.4805
63	50	4485.4375	-3155.7864
63	51	4484.2705	-3160.9517
63	74	4624.175	-3153.5632
64	1	4567.944	-3151.2183
64	2	4552.0996	-3151.6062
64	5	4589.111	-3180.5564
64	6	4562.0957	-3167.437
64	7	4559.5444	-3147.874
64	10	4551.561	-3158.586
64	12	4555.1294	-3138.2488
64	19	4547.018	-3134.1252
64	20	4540.6177	-3158.4502
64	27	4534.789	-3147.9487
64	33	4527.7026	-3164.393
64	34	4524.7266	-3163.895
64	38	4521.9614	-3163.2007
64	39	4519.388	-3162.2844
64	41	4517.004	-3161.2632
64	43	4514.461	-3154.2317
64	46	4509.5776	-3152.9556
64	48	4507.688	-3142.227
64	49	4493.99	-3138.4805
64	50	4485.4375	-3155.7864
64	51	4484.2705	-3160.9517
64	74	4624.175	-3153.5632
65	1	4567.247	-3151.1763
65	2	4551.3438	-3151.634
65	5	4589.111	-3180.5564
65	6	4562.0957	-3167.437
65	7	4559.5444	-3147.874
65	10	4551.561	-3158.586
65	12	4555.1294	-3138.2488
65	19	4547.018	-3134.1252
65	20	4540.6177	-3158.4502
65	27	4534.789	-3147.9487
65	33	4527.7026	-3164.393
65	34	4524.7266	-3163.895
65	38	4521.9614	-3163.2007
65	39	4519.388	-3162.2844
65	41	4517.004	-3161.2632
65	43	4514.461	-3154.2317
65	46	4509.5776	-3152.9556
65	48	4507.688	-3142.227
65	49	4493.99	-3138.4805
65	50	4485.4375	-3155.7864
65	51	4484.2705	-3160.9517
65	74	4624.175	-3153.5632
66	1	4566.553	-3151.1553
66	2	4550.586	-3151.6619
66	5	4589.111	-3180.5564
66	6	4562.0957	-3167.437
66	7	4559.5444	-3147.874
66	10	4551.561	-3158.586
66	12	4555.1294	-3138.2488
66	19	4547.018	-3134.1252
66	20	4540.6177	-3158.4502
66	27	4534.789	-3147.9487
66	33	4527.7026	-3164.393
66	34	4524.7266	-3163.895
66	38	4521.9614	-3163.2007
66	39	4519.388	-3162.2844
66	41	4517.004	-3161.2632
66	43	4514.461	-3154.2317
66	46	4509.5776	-3152.9556
66	48	4507.688	-3142.227
66	49	4493.99	-3138.4805
66	50	4485.4375	-3155.7864
66	51	4484.2705	-3160.9517
66	52	4513.005	-3143.7266
66	53	4474.4463	-3143.7434
66	54	4528.963	-3147.0942
66	55	4556.076	-3132.0708
66	70	4542.4365	-3118.1301
66	74	4624.175	-3153.5632
67	1	4565.854	-3151.1357
67	2	4549.8247	-3151.6902
67	5	4589.111	-3180.5564
67	6	4562.0957	-3167.437
67	7	4559.5444	-3147.874
67	10	4551.561	-3158.586
67	12	4555.1294	-3138.2488
67	19	4547.018	-3134.1252
67	20	4540.6177	-3158.4502
67	27	4534.789	-3147.9487
67	33	4527.7026	-3164.393
67	34	4524.7266	-3163.895
67	38	4521.9614	-3163.2007
67	39	4519.388	-3162.2844
67	41	4517.004	-3161.2632
67	43	4514.461	-3154.2317
67	46	4509.5776	-3152.9556
67	48	4507.688	-3142.227
67	49	4493.99	-3138.4805
67	50	4485.4375	-3155.7864
67	51	4484.2705	-3160.9517
67	52	4513.005	-3143.7266
67	53	4474.4463	-3143.7434
67	54	4528.963	-3147.0942
67	55	4556.076	-3132.0708
67	70	4542.4365	-3118.1301
67	74	4624.175	-3153.5632
68	1	4565.134	-3151.106
68	2	4549.0605	-3151.7175
68	5	4589.111	-3180.5564
68	6	4562.0957	-3167.437
68	7	4559.5444	-3147.874
68	10	4551.561	-3158.586
68	12	4555.1294	-3138.2488
68	19	4547.018	-3134.1252
68	20	4540.6177	-3158.4502
68	27	4534.789	-3147.9487
68	33	4527.7026	-3164.393
68	34	4524.7266	-3163.895
68	38	4521.9614	-3163.2007
68	39	4519.388	-3162.2844
68	41	4517.004	-3161.2632
68	43	4514.461	-3154.2317
68	46	4509.5776	-3152.9556
68	48	4507.688	-3142.227
68	49	4493.99	-3138.4805
68	50	4485.4375	-3155.7864
68	51	4484.2705	-3160.9517
68	52	4513.005	-3143.7266
68	53	4474.4463	-3143.7434
68	54	4528.963	-3147.0942
68	55	4556.076	-3132.0708
68	70	4542.4365	-3118.1301
68	74	4624.175	-3153.5632
69	1	4564.355	-3151.0955
69	2	4548.297	-3151.7422
69	5	4589.111	-3180.5564
69	6	4562.0957	-3167.437
69	7	4559.5444	-3147.874
69	10	4551.561	-3158.586
69	12	4555.1294	-3138.2488
69	19	4547.018	-3134.1252
69	20	4540.6177	-3158.4502
69	27	4534.789	-3147.9487
69	33	4527.7026	-3164.393
69	34	4524.7266	-3163.895
69	38	4521.9614	-3163.2007
69	39	4519.388	-3162.2844
69	41	4517.004	-3161.2632
69	43	4514.461	-3154.2317
69	46	4509.5776	-3152.9556
69	48	4507.688	-3142.227
69	49	4493.99	-3138.4805
69	50	4485.4375	-3155.7864
69	51	4484.2705	-3160.9517
69	52	4513.005	-3143.7266
69	53	4474.4463	-3143.7434
69	54	4528.963	-3147.0942
69	55	4556.076	-3132.0708
69	70	4542.4365	-3118.1301
69	74	4624.175	-3153.5632
70	1	4563.605	-3151.0818
70	2	4547.533	-3151.7673
70	5	4589.111	-3180.5564
70	6	4562.0957	-3167.437
70	7	4559.5444	-3147.874
70	10	4551.561	-3158.586
70	12	4555.1294	-3138.2488
70	19	4547.018	-3134.1252
70	20	4540.6177	-3158.4502
70	27	4534.789	-3147.9487
70	33	4527.7026	-3164.393
70	34	4524.7266	-3163.895
70	38	4521.9614	-3163.2007
70	39	4519.388	-3162.2844
70	41	4517.004	-3161.2632
70	43	4514.461	-3154.2317
70	46	4509.5776	-3152.9556
70	48	4507.688	-3142.227
70	49	4493.99	-3138.4805
70	50	4485.4375	-3155.7864
70	51	4484.2705	-3160.9517
70	52	4513.005	-3143.7266
70	53	4474.4463	-3143.7434
70	54	4528.963	-3147.0942
70	55	4556.076	-3132.0708
70	60	4544.862	-3119.6711
70	69	4558.8315	-3121.1052
70	70	4542.4365	-3118.1301
71	1	4562.8896	-3151.074
71	2	4546.7676	-3151.788
71	5	4589.111	-3180.5564
71	6	4562.0957	-3167.437
71	7	4559.5444	-3147.874
71	10	4551.561	-3158.586
71	12	4555.1294	-3138.2488
71	19	4547.018	-3134.1252
71	20	4540.6177	-3158.4502
71	27	4534.789	-3147.9487
71	33	4527.7026	-3164.393
71	34	4524.7266	-3163.895
71	38	4521.9614	-3163.2007
71	39	4519.388	-3162.2844
71	41	4517.004	-3161.2632
71	43	4514.461	-3154.2317
71	46	4509.5776	-3152.9556
71	48	4507.688	-3142.227
71	49	4493.99	-3138.4805
71	50	4485.4375	-3155.7864
71	51	4484.2705	-3160.9517
71	52	4513.005	-3143.7266
71	53	4474.4463	-3143.7434
71	54	4528.963	-3147.0942
71	55	4556.076	-3132.0708
71	60	4544.862	-3119.6711
71	68	4558.5044	-3124.3057
71	69	4558.8315	-3121.1052
71	70	4542.4365	-3118.1301
72	1	4562.086	-3151.075
72	2	4545.9995	-3151.8083
72	5	4589.111	-3180.5564
72	6	4562.0957	-3167.437
72	7	4559.5444	-3147.874
72	10	4551.561	-3158.586
72	12	4555.1294	-3138.2488
72	19	4547.018	-3134.1252
72	20	4540.6177	-3158.4502
72	27	4534.789	-3147.9487
72	33	4527.7026	-3164.393
72	34	4524.7266	-3163.895
72	38	4521.9614	-3163.2007
72	39	4519.388	-3162.2844
72	41	4517.004	-3161.2632
72	43	4514.461	-3154.2317
72	46	4509.5776	-3152.9556
72	48	4507.688	-3142.227
72	49	4493.99	-3138.4805
72	50	4485.4375	-3155.7864
72	51	4484.2705	-3160.9517
72	52	4513.005	-3143.7266
72	53	4474.4463	-3143.7434
72	54	4528.963	-3147.0942
72	55	4556.076	-3132.0708
72	60	4544.862	-3119.6711
72	68	4558.5044	-3124.3057
72	69	4558.8315	-3121.1052
72	70	4542.4365	-3118.1301
73	1	4561.3594	-3151.0598
73	2	4545.228	-3151.8245
73	5	4589.111	-3180.5564
73	6	4562.0957	-3167.437
73	7	4559.5444	-3147.874
73	10	4551.561	-3158.586
73	12	4555.1294	-3138.2488
73	19	4547.018	-3134.1252
73	20	4540.6177	-3158.4502
73	27	4534.789	-3147.9487
73	33	4527.7026	-3164.393
73	34	4524.7266	-3163.895
73	38	4521.9614	-3163.2007
73	39	4519.388	-3162.2844
73	41	4517.004	-3161.2632
73	43	4514.461	-3154.2317
73	46	4509.5776	-3152.9556
73	48	4507.688	-3142.227
73	49	4493.99	-3138.4805
73	50	4485.4375	-3155.7864
73	51	4484.2705	-3160.9517
73	52	4513.005	-3143.7266
73	53	4474.4463	-3143.7434
73	54	4528.963	-3147.0942
73	55	4556.076	-3132.0708
73	57	4469.4746	-3142.4744
73	60	4544.862	-3119.6711
73	68	4558.5044	-3124.3057
73	69	4558.8315	-3121.1052
73	70	4542.4365	-3118.1301
74	1	4560.5664	-3151.058
74	2	4544.3784	-3151.8389
74	6	4562.0957	-3167.437
74	7	4559.5444	-3147.874
74	10	4551.561	-3158.586
74	12	4555.1294	-3138.2488
74	19	4547.018	-3134.1252
74	20	4540.6177	-3158.4502
74	27	4534.789	-3147.9487
74	33	4527.7026	-3164.393
74	34	4524.7266	-3163.895
74	38	4521.9614	-3163.2007
74	39	4519.388	-3162.2844
74	41	4517.004	-3161.2632
74	43	4514.461	-3154.2317
74	46	4509.5776	-3152.9556
74	48	4507.688	-3142.227
74	49	4493.99	-3138.4805
74	50	4485.4375	-3155.7864
74	51	4484.2705	-3160.9517
74	52	4513.005	-3143.7266
74	53	4474.4463	-3143.7434
74	54	4528.963	-3147.0942
74	55	4556.076	-3132.0708
74	57	4469.4746	-3142.4744
74	60	4544.862	-3119.6711
74	68	4558.5044	-3124.3057
74	69	4558.8315	-3121.1052
75	1	4559.901	-3151.071
75	2	4543.6064	-3151.8457
75	6	4562.0957	-3167.437
75	7	4559.5444	-3147.874
75	10	4551.561	-3158.586
75	12	4555.1294	-3138.2488
75	19	4547.018	-3134.1252
75	20	4540.6177	-3158.4502
75	27	4534.789	-3147.9487
75	33	4527.7026	-3164.393
75	34	4524.7266	-3163.895
75	38	4521.9614	-3163.2007
75	39	4519.388	-3162.2844
75	41	4517.004	-3161.2632
75	43	4514.461	-3154.2317
75	46	4509.5776	-3152.9556
75	48	4507.688	-3142.227
75	49	4493.99	-3138.4805
75	50	4485.4375	-3155.7864
75	51	4484.2705	-3160.9517
75	52	4513.005	-3143.7266
75	53	4474.4463	-3143.7434
75	54	4528.963	-3147.0942
75	55	4556.076	-3132.0708
75	57	4469.4746	-3142.4744
75	59	4473.979	-3133.5015
75	68	4558.5044	-3124.3057
75	69	4558.8315	-3121.1052
75	71	4547.452	-3119.8293
76	1	4559.085	-3151.081
76	2	4542.834	-3151.8481
76	6	4562.0957	-3167.437
76	7	4559.5444	-3147.874
76	10	4551.561	-3158.586
76	12	4555.1294	-3138.2488
76	19	4547.018	-3134.1252
76	20	4540.6177	-3158.4502
76	27	4534.789	-3147.9487
76	33	4527.7026	-3164.393
76	34	4524.7266	-3163.895
76	38	4521.9614	-3163.2007
76	39	4519.388	-3162.2844
76	41	4517.004	-3161.2632
76	43	4514.461	-3154.2317
76	46	4509.5776	-3152.9556
76	48	4507.688	-3142.227
76	49	4493.99	-3138.4805
76	50	4485.4375	-3155.7864
76	51	4484.2705	-3160.9517
76	52	4513.005	-3143.7266
76	53	4474.4463	-3143.7434
76	54	4528.963	-3147.0942
76	55	4556.076	-3132.0708
76	57	4469.4746	-3142.4744
76	59	4473.979	-3133.5015
76	68	4558.5044	-3124.3057
76	69	4558.8315	-3121.1052
77	1	4558.128	-3151.0845
77	2	4542.064	-3151.8462
77	6	4562.0957	-3167.437
77	7	4559.5444	-3147.874
77	10	4551.561	-3158.586
77	12	4555.1294	-3138.2488
77	19	4547.018	-3134.1252
77	20	4540.6177	-3158.4502
77	27	4534.789	-3147.9487
77	33	4527.7026	-3164.393
77	34	4524.7266	-3163.895
77	38	4521.9614	-3163.2007
77	39	4519.388	-3162.2844
77	41	4517.004	-3161.2632
77	43	4514.461	-3154.2317
77	46	4509.5776	-3152.9556
77	48	4507.688	-3142.227
77	49	4493.99	-3138.4805
77	50	4485.4375	-3155.7864
77	51	4484.2705	-3160.9517
77	52	4513.005	-3143.7266
77	53	4474.4463	-3143.7434
77	54	4528.963	-3147.0942
77	55	4556.076	-3132.0708
77	57	4469.4746	-3142.4744
77	59	4473.979	-3133.5015
77	61	4531.326	-3200.4636
77	68	4558.5044	-3124.3057
77	69	4558.8315	-3121.1052
77	70	4542.4365	-3118.1301
78	1	4557.4087	-3151.1235
78	2	4541.297	-3151.8364
78	6	4562.0957	-3167.437
78	7	4559.5444	-3147.874
78	10	4551.561	-3158.586
78	12	4555.1294	-3138.2488
78	19	4547.018	-3134.1252
78	20	4540.6177	-3158.4502
78	27	4534.789	-3147.9487
78	33	4527.7026	-3164.393
78	34	4524.7266	-3163.895
78	38	4521.9614	-3163.2007
78	39	4519.388	-3162.2844
78	41	4517.004	-3161.2632
78	43	4514.461	-3154.2317
78	46	4509.5776	-3152.9556
78	48	4507.688	-3142.227
78	49	4493.99	-3138.4805
78	50	4485.4375	-3155.7864
78	51	4484.2705	-3160.9517
78	52	4513.005	-3143.7266
78	53	4474.4463	-3143.7434
78	54	4528.963	-3147.0942
78	55	4556.076	-3132.0708
78	57	4469.4746	-3142.4744
78	59	4473.979	-3133.5015
78	60	4544.862	-3119.6711
78	61	4531.326	-3200.4636
78	62	4535.2383	-3190.2168
78	63	4534.5635	-3192.7573
78	64	4538.558	-3176.7622
78	68	4558.5044	-3124.3057
78	69	4558.8315	-3121.1052
78	70	4542.4365	-3118.1301
79	1	4556.6074	-3151.1504
79	2	4540.54	-3151.824
79	6	4562.0957	-3167.437
79	7	4559.5444	-3147.874
79	10	4551.561	-3158.586
79	12	4555.1294	-3138.2488
79	20	4540.6177	-3158.4502
79	27	4534.789	-3147.9487
79	33	4527.7026	-3164.393
79	34	4524.7266	-3163.895
79	38	4521.9614	-3163.2007
79	39	4519.388	-3162.2844
79	41	4517.004	-3161.2632
79	43	4514.461	-3154.2317
79	46	4509.5776	-3152.9556
79	48	4507.688	-3142.227
79	49	4493.99	-3138.4805
79	50	4485.4375	-3155.7864
79	51	4484.2705	-3160.9517
79	52	4513.005	-3143.7266
79	53	4474.4463	-3143.7434
79	54	4528.963	-3147.0942
79	55	4556.076	-3132.0708
79	57	4469.4746	-3142.4744
79	59	4473.979	-3133.5015
79	60	4544.862	-3119.6711
79	61	4531.326	-3200.4636
79	62	4535.2383	-3190.2168
79	63	4534.5635	-3192.7573
79	64	4538.558	-3176.7622
79	66	4540.328	-3171.0994
79	68	4558.5044	-3124.3057
79	69	4558.8315	-3121.1052
79	70	4542.4365	-3118.1301
79	71	4547.452	-3119.8293
80	1	4555.706	-3151.1775
80	2	4539.789	-3151.8047
80	6	4562.0957	-3167.437
80	7	4559.5444	-3147.874
80	10	4551.561	-3158.586
80	12	4555.1294	-3138.2488
80	20	4540.6177	-3158.4502
80	27	4534.789	-3147.9487
80	33	4527.7026	-3164.393
80	34	4524.7266	-3163.895
80	38	4521.9614	-3163.2007
80	39	4519.388	-3162.2844
80	41	4517.004	-3161.2632
80	43	4514.461	-3154.2317
80	46	4509.5776	-3152.9556
80	48	4507.688	-3142.227
80	49	4493.99	-3138.4805
80	50	4485.4375	-3155.7864
80	51	4484.2705	-3160.9517
80	52	4513.005	-3143.7266
80	53	4474.4463	-3143.7434
80	54	4528.963	-3147.0942
80	55	4556.076	-3132.0708
80	57	4469.4746	-3142.4744
80	59	4473.979	-3133.5015
80	60	4544.862	-3119.6711
80	61	4531.326	-3200.4636
80	62	4535.2383	-3190.2168
80	63	4534.5635	-3192.7573
80	64	4538.558	-3176.7622
80	66	4540.328	-3171.0994
80	67	4464.745	-3148.1965
80	68	4558.5044	-3124.3057
80	71	4547.452	-3119.8293
80	82	4557.2954	-3129.4888
81	1	4554.824	-3151.2156
81	2	4539.045	-3151.7783
81	6	4562.0957	-3167.437
81	7	4559.5444	-3147.874
81	10	4551.561	-3158.586
81	12	4555.1294	-3138.2488
81	20	4540.6177	-3158.4502
81	27	4534.789	-3147.9487
81	33	4527.7026	-3164.393
81	34	4524.7266	-3163.895
81	38	4521.9614	-3163.2007
81	39	4519.388	-3162.2844
81	41	4517.004	-3161.2632
81	43	4514.461	-3154.2317
81	46	4509.5776	-3152.9556
81	48	4507.688	-3142.227
81	49	4493.99	-3138.4805
81	50	4485.4375	-3155.7864
81	51	4484.2705	-3160.9517
81	52	4513.005	-3143.7266
81	53	4474.4463	-3143.7434
81	54	4528.963	-3147.0942
81	55	4556.076	-3132.0708
81	57	4469.4746	-3142.4744
81	59	4473.979	-3133.5015
81	60	4544.862	-3119.6711
81	61	4531.326	-3200.4636
81	62	4535.2383	-3190.2168
81	63	4534.5635	-3192.7573
81	64	4538.558	-3176.7622
81	66	4540.328	-3171.0994
81	67	4464.745	-3148.1965
81	68	4558.5044	-3124.3057
81	71	4547.452	-3119.8293
81	81	4556.1904	-3134.8281
81	82	4557.2954	-3129.4888
82	1	4553.9272	-3151.245
82	2	4538.3076	-3151.7473
82	6	4562.0957	-3167.437
82	7	4559.5444	-3147.874
82	10	4551.561	-3158.586
82	12	4555.1294	-3138.2488
82	20	4540.6177	-3158.4502
82	27	4534.789	-3147.9487
82	33	4527.7026	-3164.393
82	34	4524.7266	-3163.895
82	38	4521.9614	-3163.2007
82	39	4519.388	-3162.2844
82	41	4517.004	-3161.2632
82	43	4514.461	-3154.2317
82	46	4509.5776	-3152.9556
82	48	4507.688	-3142.227
82	49	4493.99	-3138.4805
82	50	4485.4375	-3155.7864
82	51	4484.2705	-3160.9517
82	52	4513.005	-3143.7266
82	53	4474.4463	-3143.7434
82	54	4528.963	-3147.0942
82	55	4556.076	-3132.0708
82	57	4469.4746	-3142.4744
82	59	4473.979	-3133.5015
82	60	4544.862	-3119.6711
82	61	4531.326	-3200.4636
82	62	4535.2383	-3190.2168
82	63	4534.5635	-3192.7573
82	64	4538.558	-3176.7622
82	66	4540.328	-3171.0994
82	67	4464.745	-3148.1965
82	71	4547.452	-3119.8293
82	81	4556.295	-3134.8726
82	82	4557.2954	-3129.4888
83	1	4553.0796	-3151.2812
83	2	4537.5796	-3151.7085
83	6	4562.0957	-3167.437
83	7	4559.5444	-3147.874
83	10	4551.561	-3158.586
83	12	4555.1294	-3138.2488
83	20	4540.6177	-3158.4502
83	27	4534.789	-3147.9487
83	33	4527.7026	-3164.393
83	34	4524.7266	-3163.895
83	38	4521.9614	-3163.2007
83	39	4519.388	-3162.2844
83	41	4517.004	-3161.2632
83	43	4514.461	-3154.2317
83	46	4509.5776	-3152.9556
83	48	4507.688	-3142.227
83	49	4493.99	-3138.4805
83	50	4485.4375	-3155.7864
83	51	4484.2705	-3160.9517
83	52	4513.005	-3143.7266
83	53	4474.4463	-3143.7434
83	54	4528.963	-3147.0942
83	55	4556.076	-3132.0708
83	57	4469.4746	-3142.4744
83	59	4473.979	-3133.5015
83	60	4544.862	-3119.6711
83	61	4531.326	-3200.4636
83	62	4535.2383	-3190.2168
83	63	4534.5635	-3192.7573
83	64	4538.558	-3176.7622
83	66	4540.328	-3171.0994
83	67	4464.745	-3148.1965
83	71	4547.452	-3119.8293
83	75	4539.8057	-3174.183
83	76	4546.948	-3134.3215
83	77	4538.33	-3179.7026
83	81	4556.2524	-3134.936
84	1	4552.2544	-3151.3164
84	2	4536.856	-3151.6638
84	6	4562.0957	-3167.437
84	7	4559.5444	-3147.874
84	10	4551.561	-3158.586
84	12	4555.1294	-3138.2488
84	20	4540.6177	-3158.4502
84	27	4534.789	-3147.9487
84	33	4527.7026	-3164.393
84	34	4524.7266	-3163.895
84	38	4521.9614	-3163.2007
84	39	4519.388	-3162.2844
84	41	4517.004	-3161.2632
84	43	4514.461	-3154.2317
84	46	4509.5776	-3152.9556
84	48	4507.688	-3142.227
84	49	4493.99	-3138.4805
84	50	4485.4375	-3155.7864
84	51	4484.2705	-3160.9517
84	52	4513.005	-3143.7266
84	53	4474.4463	-3143.7434
84	54	4528.963	-3147.0942
84	55	4556.076	-3132.0708
84	57	4469.4746	-3142.4744
84	59	4473.979	-3133.5015
84	60	4544.862	-3119.6711
84	61	4531.326	-3200.4636
84	62	4535.2383	-3190.2168
84	63	4534.5635	-3192.7573
84	64	4538.558	-3176.7622
84	66	4540.328	-3171.0994
84	67	4464.745	-3148.1965
84	71	4547.452	-3119.8293
84	75	4539.8057	-3174.183
84	76	4546.948	-3134.3215
84	77	4538.33	-3179.7026
84	81	4556.354	-3134.921
85	1	4551.34	-3151.3418
85	2	4536.134	-3151.611
85	6	4562.0957	-3167.437
85	7	4559.5444	-3147.874
85	10	4551.561	-3158.586
85	12	4555.1294	-3138.2488
85	20	4540.6177	-3158.4502
85	27	4534.789	-3147.9487
85	33	4527.7026	-3164.393
85	34	4524.7266	-3163.895
85	38	4521.9614	-3163.2007
85	39	4519.388	-3162.2844
85	41	4517.004	-3161.2632
85	43	4514.461	-3154.2317
85	46	4509.5776	-3152.9556
85	48	4507.688	-3142.227
85	49	4493.99	-3138.4805
85	50	4485.4375	-3155.7864
85	51	4484.2705	-3160.9517
85	52	4513.005	-3143.7266
85	53	4474.4463	-3143.7434
85	54	4528.963	-3147.0942
85	55	4556.076	-3132.0708
85	57	4469.4746	-3142.4744
85	59	4473.979	-3133.5015
85	60	4544.862	-3119.6711
85	61	4531.326	-3200.4636
85	62	4535.2383	-3190.2168
85	63	4534.5635	-3192.7573
85	64	4538.558	-3176.7622
85	66	4540.328	-3171.0994
85	67	4464.745	-3148.1965
85	71	4547.452	-3119.8293
85	75	4539.8057	-3174.183
85	76	4546.948	-3134.3215
85	77	4538.33	-3179.7026
85	81	4556.3647	-3134.9648
86	1	4550.501	-3151.3726
86	2	4535.4175	-3151.554
86	6	4562.0957	-3167.437
86	7	4559.5444	-3147.874
86	10	4551.561	-3158.586
86	12	4555.1294	-3138.2488
86	20	4540.6177	-3158.4502
86	27	4534.789	-3147.9487
86	33	4527.7026	-3164.393
86	34	4524.7266	-3163.895
86	38	4521.9614	-3163.2007
86	39	4519.388	-3162.2844
86	41	4517.004	-3161.2632
86	43	4514.461	-3154.2317
86	46	4509.5776	-3152.9556
86	48	4507.688	-3142.227
86	49	4493.99	-3138.4805
86	50	4485.4375	-3155.7864
86	51	4484.2705	-3160.9517
86	52	4513.005	-3143.7266
86	53	4474.4463	-3143.7434
86	54	4528.963	-3147.0942
86	57	4469.4746	-3142.4744
86	59	4473.979	-3133.5015
86	61	4531.326	-3200.4636
86	62	4535.2383	-3190.2168
86	63	4534.5635	-3192.7573
86	64	4538.558	-3176.7622
86	66	4540.328	-3171.0994
86	67	4464.745	-3148.1965
86	71	4547.452	-3119.8293
86	75	4539.8057	-3174.183
86	76	4546.948	-3134.3215
86	77	4538.33	-3179.7026
87	1	4549.6387	-3151.3953
87	2	4534.7026	-3151.4895
87	6	4562.0957	-3167.437
87	7	4559.5444	-3147.874
87	10	4551.561	-3158.586
87	12	4555.1294	-3138.2488
87	20	4540.6177	-3158.4502
87	27	4534.789	-3147.9487
87	33	4527.7026	-3164.393
87	34	4524.7266	-3163.895
87	38	4521.9614	-3163.2007
87	39	4519.388	-3162.2844
87	41	4517.004	-3161.2632
87	43	4514.461	-3154.2317
87	46	4509.5776	-3152.9556
87	48	4507.688	-3142.227
87	49	4493.99	-3138.4805
87	50	4485.4375	-3155.7864
87	51	4484.2705	-3160.9517
87	52	4513.005	-3143.7266
87	53	4474.4463	-3143.7434
87	54	4528.963	-3147.0942
87	57	4469.4746	-3142.4744
87	59	4473.979	-3133.5015
87	61	4531.326	-3200.4636
87	62	4535.2383	-3190.2168
87	63	4534.5635	-3192.7573
87	64	4538.558	-3176.7622
87	66	4540.328	-3171.0994
87	67	4464.745	-3148.1965
87	71	4547.452	-3119.8293
87	75	4539.8057	-3174.183
87	76	4546.948	-3134.3215
87	77	4538.33	-3179.7026
87	83	4558.4937	-3124.3323
88	1	4548.8066	-3151.4268
88	2	4533.99	-3151.4177
88	6	4562.0957	-3167.437
88	7	4559.5444	-3147.874
88	10	4551.561	-3158.586
88	12	4555.1294	-3138.2488
88	20	4540.6177	-3158.4502
88	27	4534.789	-3147.9487
88	33	4527.7026	-3164.393
88	34	4524.7266	-3163.895
88	38	4521.9614	-3163.2007
88	39	4519.388	-3162.2844
88	41	4517.004	-3161.2632
88	43	4514.461	-3154.2317
88	46	4509.5776	-3152.9556
88	48	4507.688	-3142.227
88	49	4493.99	-3138.4805
88	50	4485.4375	-3155.7864
88	51	4484.2705	-3160.9517
88	52	4513.005	-3143.7266
88	53	4474.4463	-3143.7434
88	54	4528.963	-3147.0942
88	57	4469.4746	-3142.4744
88	59	4473.979	-3133.5015
88	61	4531.326	-3200.4636
88	62	4535.2383	-3190.2168
88	63	4534.5635	-3192.7573
88	64	4538.558	-3176.7622
88	66	4540.328	-3171.0994
88	67	4464.745	-3148.1965
88	69	4558.8315	-3121.1052
88	71	4547.452	-3119.8293
88	75	4539.8057	-3174.183
88	76	4546.948	-3134.3215
88	77	4538.33	-3179.7026
88	83	4558.4937	-3124.3323
89	1	4547.996	-3151.445
89	2	4533.2793	-3151.3396
89	6	4562.0957	-3167.437
89	7	4559.5444	-3147.874
89	10	4551.561	-3158.586
89	12	4555.1294	-3138.2488
89	20	4540.6177	-3158.4502
89	27	4534.789	-3147.9487
89	33	4527.7026	-3164.393
89	34	4524.7266	-3163.895
89	38	4521.9614	-3163.2007
89	39	4519.388	-3162.2844
89	41	4517.004	-3161.2632
89	43	4514.461	-3154.2317
89	46	4509.5776	-3152.9556
89	48	4507.688	-3142.227
89	49	4493.99	-3138.4805
89	50	4485.4375	-3155.7864
89	51	4484.2705	-3160.9517
89	52	4513.005	-3143.7266
89	53	4474.4463	-3143.7434
89	54	4528.963	-3147.0942
89	57	4469.4746	-3142.4744
89	59	4473.979	-3133.5015
89	61	4531.326	-3200.4636
89	62	4535.2383	-3190.2168
89	63	4534.5635	-3192.7573
89	64	4538.558	-3176.7622
89	66	4540.328	-3171.0994
89	67	4464.745	-3148.1965
89	75	4539.8057	-3174.183
89	76	4546.948	-3134.3215
89	77	4538.33	-3179.7026
89	82	4557.2954	-3129.4888
89	83	4558.4937	-3124.3323
90	1	4547.2188	-3151.46
90	2	4532.5703	-3151.2554
90	6	4562.0957	-3167.437
90	7	4559.5444	-3147.874
90	10	4551.561	-3158.586
90	12	4555.1294	-3138.2488
90	20	4540.6177	-3158.4502
90	27	4534.789	-3147.9487
90	33	4527.7026	-3164.393
90	34	4524.7266	-3163.895
90	38	4521.9614	-3163.2007
90	39	4519.388	-3162.2844
90	41	4517.004	-3161.2632
90	43	4514.461	-3154.2317
90	46	4509.5776	-3152.9556
90	48	4507.688	-3142.227
90	49	4493.99	-3138.4805
90	50	4485.4375	-3155.7864
90	51	4484.2705	-3160.9517
90	52	4513.005	-3143.7266
90	53	4474.4463	-3143.7434
90	54	4528.963	-3147.0942
90	57	4469.4746	-3142.4744
90	59	4473.979	-3133.5015
90	61	4531.326	-3200.4636
90	62	4535.2383	-3190.2168
90	63	4534.5635	-3192.7573
90	64	4538.558	-3176.7622
90	66	4540.328	-3171.0994
90	67	4464.745	-3148.1965
90	75	4539.8057	-3174.183
90	76	4546.948	-3134.3215
90	77	4538.33	-3179.7026
90	82	4557.2954	-3129.4888
90	83	4558.4937	-3124.3323
90	84	4556.12	-3132.0464
