0	1	489.28357	1709.1565
0	2	417.5569	1671.7059
0	3	416.3372	1724.061
0	4	416.2139	1733.618
0	5	417.8577	1655.1887
0	6	416.41388	1742.2596
0	9	451.73294	1698.8273
0	10	447.71887	1705.2545
0	11	439.57895	1705.3492
0	12	461.0801	1708.7505
0	13	468.3069	1698.6666
0	14	439.13126	1714.3596
0	16	478.7849	1715.7374
0	17	421.11032	1669.2867
0	18	483.47577	1675.0657
0	20	417.5978	1663.2183
0	21	463.15262	1753.264
0	22	417.97333	1647.7305
0	23	445.66754	1757.4539
0	24	482.31	1649.1282
0	25	477.8706	1754.9694
0	27	476.07227	1765.275
0	28	484.4577	1632.9469
0	29	409.57587	1725.8303
0	40	474.90408	1728.9961
0	42	438.2476	1714.1984
0	44	516.34973	1688.9806
0	45	428.12112	1772.2864
1	1	487.76163	1709.1294
1	2	417.5591	1671.7766
1	3	416.3416	1723.8799
1	4	416.21582	1733.61
1	5	417.8488	1655.2631
1	6	416.4202	1742.3138
1	7	526.91754	1705.1514
1	9	451.24393	1698.8324
1	10	447.65414	1705.2527
1	11	439.57895	1705.3492
1	12	459.99237	1708.7596
1	13	467.64133	1698.6562
1	14	439.03598	1714.3427
1	15	438.44153	1714.1735
1	16	478.48526	1716.0225
1	17	421.10767	1669.3192
1	18	483.47955	1675.0658
1	20	417.5978	1663.2183
1	21	463.15262	1753.264
1	22	417.96542	1647.7764
1	23	445.66754	1757.4539
1	24	482.31	1649.1282
1	25	477.8706	1754.9694
1	27	476.07227	1765.275
1	28	484.4577	1632.9469
1	29	409.5724	1725.8373
1	40	475.07263	1729.4034
1	42	438.1134	1714.1628
1	44	518.011	1689.0468
1	45	428.07422	1772.6561
2	1	486.27112	1709.1096
2	2	417.55463	1671.8574
2	3	416.35223	1723.6874
2	4	416.21765	1733.6091
2	5	417.84998	1655.3022
2	6	416.38202	1742.2932
2	7	525.2352	1705.1636
2	9	450.76837	1698.8378
2	10	447.61423	1705.2515
2	11	439.57895	1705.3492
2	12	458.93137	1708.771
2	13	467.0023	1698.6571
2	14	438.94296	1714.3142
2	16	478.19635	1716.3383
2	17	421.1029	1669.364
2	18	483.4747	1675.0667
2	19	413.06265	1725.2117
2	20	417.5978	1663.2183
2	21	463.15262	1753.264
2	22	417.96573	1647.8307
2	23	445.66754	1757.4539
2	24	482.31	1649.1282
2	25	477.8706	1754.9694
2	27	476.07227	1765.275
2	28	484.4577	1632.9469
2	29	409.57162	1725.8499
2	40	475.23822	1729.7883
2	42	438.1022	1714.1667
2	44	519.69775	1689.1243
2	45	428.00342	1772.9596
3	1	484.75345	1709.0897
3	2	417.55896	1671.9563
3	3	416.35834	1723.4622
3	4	416.2204	1733.6072
3	5	417.84955	1655.3582
3	6	416.39563	1742.3403
3	7	523.59174	1705.1497
3	8	525.9732	1708.8917
3	9	450.3071	1698.842
3	10	447.56955	1705.2485
3	11	439.57895	1705.3492
3	12	457.889	1708.7803
3	13	466.36765	1698.654
3	14	438.85193	1714.2905
3	16	477.9269	1716.6445
3	17	421.10373	1669.3837
3	18	483.48257	1675.0623
3	20	417.5978	1663.2183
3	21	463.15262	1753.264
3	22	417.9685	1647.8987
3	23	445.66754	1757.4539
3	24	482.31	1649.1282
3	25	477.8706	1754.9694
3	27	476.07227	1765.275
3	28	484.4577	1632.9469
3	29	409.58936	1725.7828
3	40	475.4084	1730.1792
3	42	437.9589	1714.1508
3	44	521.3938	1689.2115
3	45	427.9372	1773.5126
4	1	483.25854	1709.0667
4	2	417.5591	1672.085
4	3	416.36945	1723.2432
4	4	416.21677	1733.6117
4	5	417.84982	1655.4019
4	6	416.41132	1742.3156
4	7	521.98236	1705.1475
4	8	524.5111	1708.8805
4	9	449.86005	1698.8473
4	10	447.5219	1705.2505
4	11	439.57895	1705.3492
4	12	456.924	1708.8019
4	13	465.78702	1698.6508
4	14	438.76184	1714.2738
4	16	477.68796	1716.946
4	17	421.10843	1669.4059
4	18	483.47638	1675.0664
4	20	417.5978	1663.2183
4	21	463.15262	1753.264
4	22	417.97006	1647.9475
4	23	445.66754	1757.4539
4	24	482.31	1649.1282
4	25	477.8706	1754.9694
4	27	476.07227	1765.275
4	28	484.4577	1632.9469
4	29	409.56946	1725.8544
4	40	475.57938	1730.5784
4	42	437.9441	1714.1483
4	44	523.1228	1689.2726
4	45	427.87787	1773.9954
5	1	481.8051	1709.052
5	2	417.55432	1672.2245
5	3	416.3684	1722.9573
5	4	416.2216	1733.617
5	5	417.8472	1655.453
5	6	416.4034	1742.3232
5	7	520.35345	1705.1483
5	8	523.1115	1708.8745
5	9	449.4265	1698.8522
5	10	447.49454	1705.2522
5	11	439.57895	1705.3492
5	12	455.9271	1708.8093
5	13	465.22433	1698.6407
5	14	438.66077	1714.2603
5	16	477.48682	1717.2534
5	17	421.11212	1669.431
5	18	483.4828	1675.0712
5	19	413.05908	1725.2142
5	20	417.5978	1663.2183
5	21	463.15262	1753.264
5	22	417.96725	1647.9972
5	23	445.66754	1757.4539
5	24	482.31	1649.1282
5	25	477.8706	1754.9694
5	26	467.1627	1766.5691
5	27	476.07227	1765.275
5	28	484.4577	1632.9469
5	29	409.5761	1725.8248
5	40	475.80838	1730.9546
5	42	438.21054	1714.1923
5	44	524.89716	1689.3408
6	1	480.36163	1709.0261
6	2	417.5505	1672.3793
6	3	416.37708	1722.6864
6	4	416.22015	1733.6117
6	5	417.85327	1655.5104
6	6	416.40524	1742.2864
6	7	518.76	1705.1539
6	8	521.7361	1708.8595
6	9	449.0066	1698.8568
6	10	447.47632	1705.251
6	11	439.57895	1705.3492
6	12	454.99973	1708.8312
6	13	464.65167	1698.6388
6	14	438.56546	1714.2395
6	15	437.76132	1714.1218
6	16	477.28647	1717.5829
6	17	421.1121	1669.4524
6	18	483.48523	1675.0587
6	19	413.06226	1725.228
6	20	417.5978	1663.2183
6	21	463.15262	1753.264
6	22	417.97134	1648.041
6	23	445.66754	1757.4539
6	24	482.31	1649.1282
6	25	477.8706	1754.9694
6	26	467.117	1766.2412
6	27	476.07227	1765.275
6	28	484.4577	1632.9469
6	29	409.57278	1725.8508
6	40	476.05457	1731.3287
7	1	478.92673	1709.0077
7	2	417.54926	1672.555
7	3	416.3712	1722.3898
7	4	416.22702	1733.6012
7	5	417.8554	1655.5452
7	6	416.40604	1742.2974
7	7	517.183	1705.1432
7	8	520.3525	1708.8552
7	9	448.59927	1698.8618
7	10	447.44995	1705.2556
7	11	439.57895	1705.3492
7	12	454.0802	1708.8413
7	13	464.10812	1698.6354
7	14	438.4668	1714.2256
7	15	437.5236	1714.1202
7	16	477.11307	1717.9001
7	17	421.11044	1669.4403
7	18	483.4947	1675.0609
7	19	413.05075	1725.2759
7	20	417.5978	1663.2183
7	21	463.15262	1753.264
7	22	417.96814	1648.1128
7	23	445.66754	1757.4539
7	24	482.31	1649.1282
7	25	477.8706	1754.9694
7	26	467.07745	1766.3739
7	27	476.07227	1765.275
7	28	484.4577	1632.9469
7	29	409.57172	1725.8805
7	40	476.2244	1731.7129
8	1	477.52664	1708.9998
8	2	417.55338	1672.734
8	3	416.37576	1722.0564
8	4	416.22913	1733.596
8	5	417.8608	1655.5938
8	6	416.41046	1742.2675
8	7	515.6385	1705.1798
8	8	518.9813	1708.8489
8	9	448.20474	1698.8652
8	10	447.43143	1705.2545
8	11	439.57895	1705.3492
8	12	453.1741	1708.8558
8	13	463.55856	1698.6254
8	14	438.3741	1714.2153
8	15	437.44394	1714.0785
8	16	476.95886	1718.222
8	17	421.1087	1669.4546
8	18	483.48538	1675.0737
8	19	413.06665	1725.3539
8	20	417.5978	1663.2183
8	21	463.15262	1753.264
8	22	417.97205	1648.1761
8	23	445.66754	1757.4539
8	24	482.31	1649.1282
8	25	477.8706	1754.9694
8	26	467.15607	1766.5345
8	27	476.07227	1765.275
8	28	484.4577	1632.9469
8	29	409.56976	1725.8501
8	40	476.41513	1732.1066
9	1	476.15945	1708.9955
9	2	417.54666	1672.9506
9	3	416.36414	1721.7455
9	4	416.22995	1733.5907
9	5	417.85785	1655.657
9	6	416.41885	1742.2885
9	7	514.079	1705.1852
9	8	517.663	1708.8545
9	9	447.8232	1698.87
9	10	447.41614	1705.2585
9	11	439.57895	1705.3492
9	12	452.32687	1708.8678
9	13	463.02908	1698.6272
9	14	438.28903	1714.213
9	15	437.3502	1714.0973
9	16	476.81418	1718.5342
9	17	421.11053	1669.4524
9	18	483.48227	1675.0583
9	19	413.06766	1725.3762
9	20	417.5978	1663.2183
9	21	463.15262	1753.264
9	22	417.96445	1648.2347
9	23	445.66754	1757.4539
9	24	482.31	1649.1282
9	25	477.8706	1754.9694
9	26	467.10834	1766.6498
9	27	476.07227	1765.275
9	28	484.4577	1632.9469
9	40	476.62665	1732.4163
10	1	474.81772	1708.9849
10	2	417.54492	1673.1868
10	3	416.3659	1721.3456
10	4	416.22766	1733.5817
10	5	417.85837	1655.7041
10	6	416.41174	1742.2711
10	7	512.5471	1705.1891
10	8	516.334	1708.8353
10	9	447.45618	1698.8735
10	10	447.4024	1705.2622
10	11	439.57895	1705.3492
10	12	451.48453	1708.8937
10	13	462.50482	1698.6234
10	14	438.20956	1714.2091
10	15	437.31085	1714.109
10	16	476.68646	1718.8429
10	17	421.10678	1669.464
10	18	483.47778	1675.0654
10	19	413.06134	1725.3999
10	20	417.5978	1663.2183
10	21	463.15262	1753.264
10	22	417.95932	1648.3036
10	23	445.66754	1757.4539
10	24	482.31	1649.1282
10	25	477.8706	1754.9694
10	26	467.17883	1766.6876
10	27	476.07227	1765.275
10	28	484.4577	1632.9469
11	1	473.4962	1708.986
11	2	417.5401	1673.4493
11	3	416.36984	1720.9546
11	4	416.23206	1733.5837
11	5	417.8569	1655.7723
11	6	416.41165	1742.2606
11	7	511.00375	1705.187
11	8	514.98865	1708.8379
11	9	447.10342	1698.8782
11	10	447.39145	1705.259
11	11	439.57895	1705.3492
11	12	450.69794	1708.9108
11	13	462.00497	1698.6229
11	14	438.14404	1714.2238
11	15	437.29172	1714.1187
11	16	476.57056	1719.1726
11	17	421.108	1669.4486
11	18	483.47824	1675.0555
11	19	413.06534	1725.3904
11	20	417.5978	1663.2183
11	21	463.15262	1753.264
11	22	417.95856	1648.373
11	23	445.66754	1757.4539
11	24	482.31	1649.1282
11	25	477.8706	1754.9694
11	27	476.07227	1765.275
11	28	484.4577	1632.9469
11	43	494.78094	1647.7196
12	1	472.2145	1708.9854
12	2	417.5349	1673.7217
12	3	416.37756	1720.5757
12	4	416.22342	1733.5684
12	5	417.85913	1655.8386
12	6	416.4132	1742.2574
12	7	509.4649	1705.2086
12	8	513.6484	1708.838
12	9	446.7642	1698.8807
12	10	447.39963	1705.2589
12	11	439.57895	1705.3492
12	12	449.88647	1708.9232
12	13	461.51852	1698.6235
12	14	438.0505	1714.2152
12	15	436.99136	1714.118
12	16	476.46213	1719.5211
12	17	421.10526	1669.4458
12	18	483.48593	1675.0652
12	19	413.07895	1725.3733
12	20	417.5978	1663.2183
12	21	463.15262	1753.264
12	22	417.96234	1648.4423
12	23	445.66754	1757.4539
12	24	482.31	1649.1282
12	25	477.8706	1754.9694
12	28	484.4577	1632.9469
12	43	494.8272	1647.7433
13	1	470.94824	1708.9865
13	2	417.5314	1674.0142
13	3	416.3852	1720.2261
13	4	416.22495	1733.576
13	5	417.8485	1655.9265
13	6	416.42377	1742.2397
13	7	507.9841	1705.2058
13	8	512.35254	1708.8241
13	9	446.43765	1698.8854
13	10	447.40002	1705.2627
13	11	439.57895	1705.3492
13	12	449.2775	1708.9211
13	13	461.04565	1698.6215
13	14	437.96545	1714.2035
13	15	437.01495	1714.0876
13	16	476.36624	1719.8778
13	17	421.10327	1669.4434
13	18	483.4829	1675.0474
13	19	413.06693	1725.4047
13	20	417.5978	1663.2183
13	21	463.15262	1753.264
13	22	417.95676	1648.5093
13	23	445.66754	1757.4539
13	24	482.31	1649.1282
13	25	477.8706	1754.9694
13	28	484.4577	1632.9469
13	29	409.63675	1725.9016
13	43	494.83588	1647.8402
14	1	469.70367	1708.993
14	2	417.52524	1674.3367
14	3	416.41965	1719.8497
14	4	416.22122	1733.5662
14	5	417.84802	1656.0065
14	6	416.42804	1742.1932
14	7	506.52774	1705.2214
14	8	511.05817	1708.811
14	9	446.12433	1698.8881
14	10	447.3905	1705.2556
14	11	439.57895	1705.3492
14	12	448.59305	1708.9727
14	13	460.5492	1698.6182
14	14	437.87488	1714.1909
14	15	436.92783	1714.1213
14	16	476.27896	1720.2292
14	17	421.1013	1669.4495
14	18	483.4974	1675.0515
14	19	413.06348	1725.4003
14	20	417.5978	1663.2183
14	21	463.15262	1753.264
14	22	417.9574	1648.5869
14	23	445.66754	1757.4539
14	24	482.31	1649.1282
14	25	477.8706	1754.9694
14	28	484.4577	1632.9469
14	29	409.6194	1725.9802
14	43	494.91785	1647.9557
15	1	468.48257	1708.9985
15	2	417.5227	1674.6765
15	3	416.45157	1719.3481
15	4	416.21707	1733.5715
15	5	417.8467	1656.1218
15	6	416.42273	1742.193
15	7	505.08862	1705.2174
15	8	509.77768	1708.7988
15	9	445.82227	1698.8906
15	10	447.3874	1705.2552
15	11	439.57895	1705.3492
15	12	447.78864	1708.9872
15	13	460.09116	1698.6188
15	14	437.79886	1714.1849
15	15	436.79208	1714.1041
15	16	476.21878	1720.5576
15	17	421.10532	1669.4496
15	18	483.4985	1675.0576
15	19	413.0705	1725.4012
15	20	417.5978	1663.2183
15	21	463.15262	1753.264
15	22	417.94308	1648.6482
15	23	445.66754	1757.4539
15	24	482.31	1649.1282
15	25	477.8706	1754.9694
15	28	484.4577	1632.9469
15	29	409.59622	1725.9883
15	43	494.91605	1647.8978
16	1	467.31152	1709.0006
16	2	417.50903	1675.0342
16	3	416.48807	1718.8281
16	4	416.218	1733.5605
16	5	417.84894	1656.2332
16	6	416.41098	1742.1764
16	7	503.67026	1705.2249
16	8	508.47427	1708.7844
16	9	445.53146	1698.8939
16	10	447.38287	1705.2545
16	11	439.57895	1705.3492
16	12	447.1676	1708.9883
16	13	459.65482	1698.6166
16	14	437.72702	1714.1724
16	15	436.77954	1714.0857
16	16	476.15884	1720.912
16	17	421.11014	1669.4504
16	18	483.5012	1675.0656
16	19	413.07504	1725.4409
16	21	463.15262	1753.264
16	22	417.94342	1648.7427
16	23	445.66754	1757.4539
16	24	482.31	1649.1282
16	25	477.8706	1754.9694
16	28	484.4577	1632.9469
16	29	409.58743	1726.0394
16	36	476.06372	1765.3245
17	1	466.1642	1709.0067
17	2	417.4983	1675.407
17	3	416.51953	1718.3561
17	4	416.2223	1733.5393
17	5	417.84927	1656.3523
17	6	416.41425	1742.177
17	7	502.24033	1705.2136
17	8	507.2132	1708.7788
17	9	445.25287	1698.8965
17	10	447.37366	1705.2588
17	11	439.57895	1705.3492
17	12	446.52124	1708.9863
17	13	459.2182	1698.6144
17	14	437.65137	1714.1749
17	15	436.92407	1714.075
17	16	476.11578	1721.2557
17	17	421.10233	1669.4542
17	18	483.49765	1675.0499
17	19	413.07498	1725.4257
17	22	417.94244	1648.8102
17	23	445.66754	1757.4539
17	24	482.31	1649.1282
17	25	477.8706	1754.9694
17	28	484.4577	1632.9469
17	29	409.5906	1726.1083
17	36	476.06372	1765.3245
18	1	465.05545	1709.0217
18	2	417.49182	1675.7946
18	3	416.56107	1717.859
18	4	416.22723	1733.5186
18	5	417.84613	1656.5132
18	6	416.41193	1742.1381
18	7	500.8141	1705.2101
18	8	505.98306	1708.778
18	9	444.98553	1698.8993
18	10	447.37634	1705.2561
18	11	439.57895	1705.3492
18	12	445.91696	1708.989
18	13	458.76685	1698.6127
18	14	437.5692	1714.172
18	15	436.847	1714.0682
18	16	476.0851	1721.5863
18	17	421.1031	1669.4594
18	18	483.49387	1675.0537
18	19	413.0653	1725.4249
18	22	417.93793	1648.8778
18	23	445.66754	1757.4539
18	24	482.31	1649.1282
18	25	477.8706	1754.9694
18	28	484.4577	1632.9469
18	29	409.58826	1726.1418
18	36	476.06372	1765.3245
18	41	396.4246	1651.4407
19	1	463.96918	1709.0298
19	2	417.48495	1676.2197
19	3	416.61795	1717.3248
19	4	416.2277	1733.4653
19	5	417.84445	1656.6874
19	6	416.41562	1742.0942
19	7	499.44284	1705.2119
19	8	504.6982	1708.7734
19	9	444.7304	1698.902
19	10	447.38095	1705.2587
19	11	439.57895	1705.3492
19	12	445.3378	1708.978
19	13	458.31674	1698.613
19	14	437.47983	1714.1744
19	15	436.74225	1714.0901
19	16	476.06262	1721.9358
19	17	421.10245	1669.4603
19	18	483.49063	1675.0571
19	19	413.0752	1725.4117
19	22	417.9328	1648.9448
19	23	445.66754	1757.4539
19	24	482.31	1649.1282
19	25	477.8706	1754.9694
19	28	484.4577	1632.9469
19	29	409.60486	1726.1378
19	36	476.06372	1765.3245
19	41	396.4032	1651.4541
20	1	462.90482	1709.0458
20	2	417.4591	1676.6018
20	3	416.67838	1716.7781
20	4	416.22827	1733.4148
20	5	417.84152	1656.9033
20	6	416.40695	1742.0509
20	7	498.10544	1705.211
20	8	503.46906	1708.7725
20	9	444.4861	1698.9044
20	10	447.37183	1705.2566
20	11	439.57895	1705.3492
20	12	444.8145	1708.9819
20	13	457.86902	1698.6124
20	14	437.38974	1714.1791
20	15	436.68307	1714.079
20	16	476.04764	1722.2756
20	17	421.1059	1669.4539
20	18	483.48502	1675.0612
20	19	413.06705	1725.4084
20	22	417.93246	1649.0074
20	23	445.66754	1757.4539
20	24	482.31	1649.1282
20	25	477.8706	1754.9694
20	28	484.4577	1632.9469
20	29	409.5826	1725.492
20	36	476.06372	1765.3245
20	41	396.38992	1651.4806
20	43	494.82904	1647.6152
21	1	461.8994	1709.0594
21	2	417.4405	1677.0228
21	3	416.7569	1716.2764
21	4	416.22873	1733.3591
21	5	417.8345	1657.1587
21	6	416.4042	1742.0336
21	7	496.80023	1705.2125
21	8	502.2498	1708.7817
21	9	444.25275	1698.9073
21	10	447.38278	1705.2566
21	11	439.57895	1705.3492
21	12	444.3164	1708.986
21	13	457.43552	1698.6128
21	14	437.32428	1714.1787
21	15	436.50275	1714.1249
21	16	476.0335	1722.6122
21	17	421.10376	1669.4755
21	18	483.4944	1675.0691
21	19	413.06433	1725.3983
21	22	417.9274	1649.0846
21	23	445.66754	1757.4539
21	24	482.31	1649.1282
21	25	477.8706	1754.9694
21	29	409.59128	1726.0623
21	36	476.06372	1765.3245
21	41	396.34338	1651.4541
22	1	460.92963	1709.0759
22	2	417.40894	1677.4863
22	3	416.8654	1715.6912
22	4	416.22467	1733.2112
22	5	417.83505	1657.4087
22	6	416.40454	1741.9906
22	7	495.45853	1705.2094
22	8	500.98883	1708.7822
22	9	444.02908	1698.9088
22	10	447.37738	1705.2584
22	11	439.57895	1705.3492
22	12	443.88376	1708.9928
22	13	457.02042	1698.6129
22	14	437.2542	1714.1865
22	16	476.02136	1722.947
22	17	421.10583	1669.4628
22	18	483.477	1675.0667
22	19	413.0581	1725.393
22	22	417.92444	1649.1497
22	23	445.66754	1757.4539
22	24	482.31	1649.1282
22	25	477.8706	1754.9694
22	29	409.5907	1725.9469
22	31	417.7005	1666.5754
22	36	476.06372	1765.3245
22	41	396.37573	1651.5698
23	1	459.97388	1709.0896
23	2	417.37714	1677.9365
23	3	416.97528	1715.1149
23	4	416.22345	1733.0786
23	5	417.82465	1657.7183
23	6	416.4101	1741.9194
23	7	494.1779	1705.216
23	8	499.7684	1708.776
23	9	443.81824	1698.9106
23	10	447.37564	1705.2639
23	11	439.57895	1705.3492
23	12	443.44873	1709.0039
23	13	456.59805	1698.6106
23	14	437.18155	1714.1956
23	15	436.8934	1714.0874
23	16	476.0173	1723.2773
23	17	421.1004	1669.475
23	18	483.49063	1675.0743
23	19	413.0613	1725.3964
23	22	417.9207	1649.2103
23	23	445.66754	1757.4539
23	24	482.31	1649.1282
23	25	477.8706	1754.9694
23	29	409.59326	1725.8848
23	30	519.8313	1705.1055
23	31	417.71597	1666.9854
23	36	476.06372	1765.3245
23	41	396.3289	1651.5323
24	1	459.0585	1709.1035
24	2	417.33313	1678.4141
24	3	417.09546	1714.5448
24	4	416.22852	1732.859
24	5	417.8234	1658.0156
24	6	416.40427	1741.8596
24	7	492.90915	1705.2113
24	8	498.5347	1708.7802
24	9	443.61755	1698.9133
24	10	447.3811	1705.2577
24	11	439.57895	1705.3492
24	12	443.06192	1709.0112
24	13	456.15863	1698.61
24	14	437.11124	1714.1989
24	15	436.36603	1714.1565
24	16	476.01923	1723.6315
24	17	421.10007	1669.4731
24	19	413.0575	1725.3977
24	22	417.91006	1649.2837
24	23	445.66754	1757.4539
24	24	482.31	1649.1282
24	25	477.8706	1754.9694
24	29	409.59863	1725.8936
24	30	518.4247	1705.146
24	31	417.70544	1667.3937
24	36	476.06372	1765.3245
24	41	396.3594	1651.4131
25	1	458.1779	1709.1145
25	2	417.28348	1678.9146
25	3	417.2368	1713.9608
25	4	416.22482	1732.6193
25	5	417.82663	1658.3707
25	6	416.41525	1741.7692
25	7	491.6351	1705.2197
25	8	497.30698	1708.7758
25	9	443.4271	1698.9144
25	10	447.37656	1705.2587
25	11	439.57895	1705.3492
25	12	442.72824	1709.0187
25	13	455.71738	1698.6063
25	14	437.04102	1714.2031
25	15	436.31506	1714.1793
25	16	476.0265	1723.9495
25	17	421.1011	1669.4807
25	18	483.4717	1675.0643
25	19	413.06027	1725.4032
25	22	417.90524	1649.387
25	23	445.66754	1757.4539
25	24	482.31	1649.1282
25	25	477.8706	1754.9694
25	29	409.5987	1725.8677
25	30	517.12006	1705.1523
25	31	417.6907	1667.8215
25	36	476.06372	1765.3245
25	41	396.43533	1651.5991
26	1	457.3433	1709.1251
26	2	417.22424	1679.4127
26	3	417.3838	1713.3522
26	4	416.22568	1732.3726
26	5	417.8247	1658.7369
26	6	416.41846	1741.6813
26	7	490.38498	1705.2222
26	8	496.11417	1708.7891
26	9	443.2462	1698.917
26	10	447.3748	1705.2628
26	11	439.57895	1705.3492
26	12	442.38196	1709.0271
26	13	455.31015	1698.606
26	14	436.96863	1714.2095
26	15	436.61548	1714.1442
26	16	476.03308	1724.277
26	17	421.10165	1669.4731
26	18	483.50952	1675.0447
26	19	413.05994	1725.3967
26	22	417.9038	1649.4822
26	23	445.66754	1757.4539
26	24	482.31	1649.1282
26	25	477.8706	1754.9694
26	29	409.59683	1725.8959
26	30	515.84045	1705.1465
26	31	417.67984	1668.2249
26	36	476.06372	1765.3245
26	41	396.3035	1651.5239
27	1	456.54868	1709.1359
27	2	417.15192	1679.9576
27	3	417.5548	1712.754
27	4	416.22452	1732.0646
27	5	417.81427	1659.1252
27	6	416.4145	1741.6078
27	7	489.17035	1705.2272
27	8	494.9121	1708.7982
27	9	443.07526	1698.9178
27	10	447.37997	1705.2615
27	11	439.57895	1705.3492
27	12	442.07935	1709.0319
27	13	454.90033	1698.6083
27	14	436.89908	1714.218
27	15	436.33722	1714.1426
27	16	476.0504	1724.6068
27	17	421.10483	1669.4774
27	18	483.48956	1675.0562
27	19	413.0636	1725.402
27	22	417.89282	1649.5854
27	23	445.66754	1757.4539
27	24	482.31	1649.1282
27	25	477.8706	1754.9694
27	29	409.59497	1725.9199
27	30	514.56604	1705.1499
27	31	417.66196	1668.6562
27	36	476.06372	1765.3245
28	1	455.7692	1709.1521
28	2	417.07016	1680.5109
28	3	417.73837	1712.1544
28	4	416.22482	1731.7488
28	5	417.81094	1659.5522
28	6	416.41873	1741.4995
28	7	487.95276	1705.2377
28	8	493.7378	1708.7891
28	9	442.914	1698.9194
28	10	447.3715	1705.2621
28	11	439.57895	1705.3492
28	12	441.7664	1709.0406
28	13	454.50296	1698.6074
28	14	436.83466	1714.2288
28	15	436.33862	1714.1318
28	16	476.0604	1724.9215
28	17	421.1077	1669.4751
28	18	483.4993	1675.0498
28	19	413.06094	1725.3972
28	22	417.8886	1649.689
28	23	445.66754	1757.4539
28	24	482.31	1649.1282
28	25	477.8706	1754.9694
28	29	409.60458	1725.9275
28	30	513.2896	1705.1566
28	31	417.68378	1669.0828
28	36	476.06372	1765.3245
29	1	455.04413	1709.1575
29	2	416.97897	1681.0748
29	3	417.92865	1711.5535
29	4	416.21985	1731.3934
29	5	417.80316	1660.002
29	6	416.41754	1741.3679
29	7	486.79605	1705.243
29	8	492.56155	1708.8083
29	9	442.76202	1698.9213
29	10	447.37167	1705.2665
29	11	439.57895	1705.3492
29	12	441.53015	1709.0442
29	13	454.0783	1698.5988
29	14	436.75916	1714.2325
29	15	436.05057	1714.1967
29	16	476.07147	1725.2394
29	17	421.1073	1669.4724
29	18	483.4948	1675.051
29	19	413.06403	1725.4022
29	22	417.88937	1649.8202
29	23	445.66754	1757.4539
29	24	482.31	1649.1282
29	25	477.8706	1754.9694
29	29	409.60867	1725.9336
29	30	511.99072	1705.1755
29	31	417.6656	1669.5205
29	36	476.06372	1765.3245
30	1	454.36172	1709.155
30	2	416.8705	1681.6432
30	3	418.16138	1710.9252
30	4	416.22067	1731.0095
30	5	417.80365	1660.4204
30	6	416.41492	1741.2367
30	7	485.6613	1705.2473
30	8	491.42322	1708.8148
30	9	442.61804	1698.9221
30	10	447.37405	1705.2683
30	11	439.57895	1705.3492
30	12	441.2931	1709.0417
30	13	453.70505	1698.5972
30	14	436.69794	1714.2408
30	16	476.07523	1725.528
30	17	421.11133	1669.466
30	18	483.49496	1675.0476
30	19	413.0621	1725.402
30	22	417.87857	1649.9565
30	23	445.66754	1757.4539
30	24	482.31	1649.1282
30	25	477.8706	1754.9694
30	29	409.60535	1725.9095
30	30	510.76645	1705.1868
30	31	417.65018	1669.953
30	36	476.06372	1765.3245
31	1	453.72827	1709.1586
31	2	416.7445	1682.2322
31	3	418.4061	1710.303
31	4	416.21768	1730.6035
31	5	417.80804	1660.8444
31	6	416.41306	1741.0696
31	7	484.52917	1705.2468
31	8	490.26132	1708.8015
31	9	442.48218	1698.9237
31	10	447.37088	1705.2671
31	11	439.57895	1705.3492
31	12	441.08374	1709.0459
31	13	453.352	1698.5944
31	14	436.63184	1714.2518
31	15	435.70386	1714.2262
31	16	476.09973	1725.8667
31	17	421.10452	1669.4696
31	18	483.50543	1675.0566
31	19	413.06262	1725.4045
31	22	417.87512	1650.1277
31	23	445.66754	1757.4539
31	24	482.31	1649.1282
31	25	477.8706	1754.9694
31	29	409.57382	1725.9163
31	30	509.49673	1705.1849
31	31	417.63898	1670.4128
31	36	476.06372	1765.3245
32	1	453.0989	1709.1663
32	2	416.60263	1682.8346
32	3	418.66827	1709.6821
32	4	416.20923	1730.1613
32	5	417.80478	1661.3494
32	6	416.4149	1740.8691
32	7	483.43155	1705.2443
32	8	489.11105	1708.8075
32	9	442.35294	1698.9248
32	10	447.37943	1705.2692
32	11	439.57895	1705.3492
32	12	440.89523	1709.0536
32	13	453.0116	1698.5955
32	14	436.5755	1714.2563
32	15	435.63898	1714.2438
32	16	476.11115	1726.1575
32	17	421.10355	1669.4622
32	18	483.51056	1675.0519
32	19	413.05994	1725.403
32	22	417.86603	1650.3152
32	23	445.66754	1757.4539
32	24	482.31	1649.1282
32	25	477.8706	1754.9694
32	29	409.5704	1725.9128
32	30	508.28314	1705.1799
32	31	417.62662	1670.8655
32	36	476.06372	1765.3245
33	1	452.52658	1709.1783
33	2	416.4412	1683.441
33	3	418.95352	1709.0604
33	4	416.2068	1729.6835
33	5	417.8013	1661.8184
33	6	416.41217	1740.6697
33	7	482.379	1705.2424
33	8	487.9763	1708.8063
33	9	442.23145	1698.9257
33	10	447.36404	1705.2672
33	11	439.57895	1705.3492
33	12	440.70834	1709.0596
33	13	452.67923	1698.591
33	14	436.49915	1714.2686
33	15	435.65884	1714.2263
33	16	476.129	1726.478
33	17	421.10397	1669.4558
33	18	483.50262	1675.0598
33	19	413.06015	1725.4044
33	22	417.8605	1650.5154
33	23	445.66754	1757.4539
33	24	482.31	1649.1282
33	25	477.8706	1754.9694
33	29	409.5725	1725.9211
33	30	507.09842	1705.1765
33	31	417.62582	1671.3467
33	36	476.06372	1765.3245
34	1	451.9404	1709.2012
34	2	416.26868	1684.0516
34	3	419.25308	1708.4373
34	4	416.20782	1729.1786
34	5	417.80902	1662.2859
34	6	416.4164	1740.4594
34	7	481.33353	1705.2439
34	8	486.86035	1708.819
34	9	442.11798	1698.927
34	10	447.3737	1705.2668
34	11	439.57895	1705.3492
34	12	440.54144	1709.0693
34	13	452.3252	1698.5906
34	14	436.4359	1714.2839
34	15	435.78256	1714.1981
34	16	476.1564	1726.7996
34	17	421.1004	1669.4495
34	18	483.48856	1675.04
34	19	413.05942	1725.3953
34	22	417.84763	1650.7332
34	24	482.31	1649.1282
34	25	477.8706	1754.9694
34	29	409.5703	1725.9143
34	30	505.92188	1705.1661
34	31	417.60855	1671.855
34	36	476.06372	1765.3245
35	1	451.20673	1709.2025
35	2	416.07553	1684.6556
35	3	419.56586	1707.8328
35	4	416.2066	1728.6482
35	5	417.81674	1662.7877
35	6	416.41873	1740.2201
35	7	480.3382	1705.2539
35	8	485.76788	1708.8173
35	9	442.01126	1698.9277
35	10	447.37076	1705.266
35	11	439.57895	1705.3492
35	12	440.37234	1709.0717
35	13	451.99356	1698.5891
35	14	436.37366	1714.2993
35	15	435.51733	1714.2114
35	16	476.16568	1727.0758
35	17	421.10034	1669.4556
35	18	483.49774	1675.0579
35	19	413.05884	1725.3973
35	22	417.83917	1650.991
35	24	482.31	1649.1282
35	25	477.8706	1754.9694
35	29	409.56796	1725.9133
35	30	504.75055	1705.171
35	31	417.596	1672.3842
35	36	476.06372	1765.3245
36	1	450.85068	1709.2124
36	2	415.86853	1685.2856
36	3	419.89816	1707.2239
36	4	416.20688	1728.0824
36	5	417.8195	1663.38
36	6	416.40906	1739.9647
36	7	479.36176	1705.2694
36	8	484.66092	1708.8201
36	9	441.91168	1698.9285
36	10	447.37076	1705.2692
36	11	439.57895	1705.3492
36	12	440.24744	1709.0762
36	13	451.68158	1698.585
36	14	436.31653	1714.3151
36	15	435.4471	1714.1926
36	16	476.18637	1727.3882
36	17	421.1015	1669.4471
36	19	413.05536	1725.4069
36	22	417.82184	1651.2594
36	24	482.31	1649.1282
36	25	477.8706	1754.9694
36	29	409.56253	1725.918
36	30	503.62833	1705.1597
36	31	417.57828	1672.9056
36	36	476.06372	1765.3245
37	1	450.35883	1709.218
37	2	415.63022	1685.9105
37	3	420.26556	1706.6171
37	4	416.20657	1727.4946
37	5	417.81384	1663.975
37	6	416.40686	1739.727
37	7	478.4152	1705.2728
37	8	483.6085	1708.822
37	9	441.81836	1698.9291
37	10	447.36743	1705.2683
37	11	439.57895	1705.3492
37	12	440.10883	1709.08
37	13	451.39377	1698.5839
37	14	436.25623	1714.3353
37	15	435.3652	1714.1519
37	16	476.1911	1727.6898
37	17	421.1037	1669.4423
37	18	483.49283	1675.043
37	19	413.0594	1725.4125
37	22	417.81354	1651.5511
37	24	482.31	1649.1282
37	25	477.8706	1754.9694
37	29	409.5805	1725.9141
37	30	502.48285	1705.1848
37	31	417.56485	1673.4595
37	36	476.06372	1765.3245
38	1	449.91812	1709.2233
38	2	415.38254	1686.5386
38	3	420.64474	1706.0156
38	4	416.2086	1726.9243
38	5	417.81192	1664.5725
38	6	416.41275	1739.428
38	7	477.48334	1705.2759
38	8	482.52255	1708.8324
38	9	441.73203	1698.9302
38	10	447.3711	1705.2668
38	11	439.57895	1705.3492
38	12	439.97162	1709.08
38	13	451.11563	1698.5845
38	14	436.19244	1714.3474
38	15	435.29944	1714.152
38	16	476.18338	1727.9893
38	17	421.10394	1669.453
38	18	483.50522	1675.0463
38	19	413.06073	1725.3905
38	22	417.8022	1651.8632
38	24	482.31	1649.1282
38	25	477.8706	1754.9694
38	29	409.5828	1725.9093
38	30	501.37415	1705.2108
38	31	417.5425	1674.03
38	32	413.3251	1766.396
38	36	476.06372	1765.3245
39	1	449.50903	1709.2069
39	2	415.1162	1687.1458
39	3	421.05698	1705.4089
39	4	416.2119	1726.275
39	5	417.8153	1665.213
39	6	416.40814	1739.1191
39	7	476.5963	1705.2825
39	8	481.4874	1708.8309
39	9	441.65198	1698.9309
39	10	447.3559	1705.2692
39	11	439.57895	1705.3492
39	12	439.86688	1709.083
39	13	450.8589	1698.5839
39	14	436.1277	1714.3567
39	15	435.2068	1714.139
39	16	476.1895	1728.2822
39	17	421.1024	1669.4558
39	18	483.48807	1675.0494
39	19	413.05457	1725.3862
39	22	417.78973	1652.2064
39	24	482.31	1649.1282
39	25	477.8706	1754.9694
39	29	409.57782	1725.9261
39	30	500.2492	1705.202
39	31	417.51447	1674.6051
39	32	413.31302	1765.6606
39	36	476.06372	1765.3245
40	1	449.15573	1709.2024
40	2	414.83133	1687.7518
40	3	421.48	1704.8112
40	4	416.2214	1725.6091
40	5	417.82184	1665.8143
40	6	416.39987	1738.7878
40	7	475.7064	1705.2894
40	8	480.4331	1708.8348
40	9	441.57837	1698.9316
40	10	447.36493	1705.2733
40	11	439.57895	1705.3492
40	12	439.78247	1709.0825
40	13	450.63538	1698.5856
40	14	436.05606	1714.3639
40	15	435.12006	1714.1266
40	16	476.17133	1728.5934
40	17	421.10568	1669.4447
40	18	483.4894	1675.044
40	19	413.05273	1725.4243
40	22	417.77396	1652.5825
40	24	482.31	1649.1282
40	25	477.8706	1754.9694
40	29	409.57907	1725.9022
40	30	499.17447	1705.1987
40	31	417.4833	1675.1776
40	32	413.35245	1765.0504
40	36	476.06372	1765.3245
41	1	448.83832	1709.2023
41	2	414.52905	1688.3328
41	3	421.94534	1704.2075
41	4	416.2338	1724.9478
41	5	417.83203	1666.4133
41	6	416.39484	1738.422
41	7	474.85928	1705.3007
41	8	479.3863	1708.8416
41	9	441.51184	1698.932
41	10	447.35852	1705.2686
41	11	439.57895	1705.3492
41	12	439.6823	1709.0847
41	13	450.42725	1698.5835
41	14	435.9851	1714.3782
41	15	435.0602	1714.131
41	16	476.19446	1728.8556
41	17	421.1	1669.4592
41	18	483.49576	1675.0432
41	19	413.04263	1725.4413
41	22	417.76273	1652.9622
41	24	482.31	1649.1282
41	25	477.8706	1754.9694
41	29	409.58115	1725.88
41	30	498.1093	1705.2057
41	31	417.44394	1675.7627
41	32	413.41385	1764.4431
42	1	448.56992	1709.208
42	2	414.20505	1688.9316
42	3	422.4085	1703.6453
42	4	416.25412	1724.2703
42	5	417.85065	1667.0066
42	6	416.39548	1738.019
42	7	474.049	1705.3077
42	8	478.3888	1708.8516
42	9	441.4515	1698.9326
42	10	447.36182	1705.2725
42	11	439.57895	1705.3492
42	12	439.6016	1709.0836
42	13	450.22852	1698.582
42	14	435.92206	1714.3884
42	15	434.9899	1714.0958
42	16	476.1824	1729.1425
42	17	421.10046	1669.443
42	18	483.4949	1675.0516
42	19	413.03983	1725.4491
42	22	417.75113	1653.3674
42	24	482.31	1649.1282
42	25	477.8706	1754.9694
42	29	409.5785	1725.872
42	30	497.0586	1705.2153
42	31	417.40073	1676.3522
42	32	413.46625	1763.8131
43	1	448.3143	1709.21
43	2	413.85474	1689.5322
43	3	422.91003	1703.069
43	4	416.26987	1723.6023
43	5	417.86255	1667.621
43	6	416.39212	1737.6116
43	7	473.25607	1705.3073
43	8	477.39948	1708.8594
43	9	441.39655	1698.9332
43	10	447.36267	1705.265
43	11	439.57895	1705.3492
43	12	439.53876	1709.0823
43	13	450.05002	1698.583
43	14	435.8681	1714.407
43	15	434.95538	1714.0746
43	16	476.21805	1729.4637
43	17	421.09854	1669.4448
43	18	483.48578	1675.0513
43	19	413.04254	1725.403
43	22	417.73724	1653.822
43	24	482.31	1649.1282
43	29	409.5785	1725.8961
43	30	496.0061	1705.2217
43	31	417.34372	1676.9326
43	32	413.5235	1763.1724
44	1	448.08658	1709.2117
44	2	413.48062	1690.1282
44	3	423.44888	1702.4916
44	4	416.28616	1722.9127
44	5	417.86374	1668.2172
44	6	416.39377	1737.1812
44	7	472.4733	1705.3203
44	8	476.42603	1708.8586
44	9	441.3464	1698.9335
44	10	447.3598	1705.2714
44	11	439.57895	1705.3492
44	12	439.50787	1709.0817
44	13	449.86615	1698.581
44	14	435.80032	1714.4126
44	15	434.95447	1714.056
44	17	421.09775	1669.4427
44	18	483.48242	1675.0656
44	19	413.05276	1725.3632
44	22	417.72186	1654.2861
44	24	482.31	1649.1282
44	29	409.5804	1725.8987
44	30	494.97766	1705.2206
44	31	417.2801	1677.5538
44	32	413.58865	1762.5729
45	1	447.88354	1709.2169
45	2	413.09567	1690.7068
45	3	424.00357	1701.9307
45	4	416.33435	1722.1842
45	5	417.87198	1668.8289
45	6	416.3919	1736.695
45	7	471.7304	1705.3329
45	8	475.46777	1708.8658
45	9	441.30063	1698.9341
45	10	447.3584	1705.2681
45	11	439.57895	1705.3492
45	12	439.4617	1709.0839
45	13	449.71463	1698.5784
45	14	435.74155	1714.4197
45	15	435.39304	1714.1951
45	17	421.09473	1669.4546
45	18	483.4808	1675.0488
45	19	413.05273	1725.3846
45	22	417.70578	1654.7805
45	24	482.31	1649.1282
45	29	409.5763	1725.9431
45	30	493.95667	1705.2378
45	31	417.20718	1678.1886
45	32	413.66275	1761.8967
46	1	447.71072	1709.2216
46	2	412.6798	1691.2992
46	3	424.57474	1701.3912
46	4	416.3913	1721.4338
46	5	417.88083	1669.446
46	6	416.38272	1736.219
46	7	470.99976	1705.3398
46	8	474.51462	1708.8718
46	9	441.26022	1698.9348
46	10	447.35928	1705.2732
46	11	439.57895	1705.3492
46	12	439.43076	1709.083
46	13	449.5769	1698.5847
46	14	435.6808	1714.4194
46	17	421.09366	1669.4719
46	18	483.4801	1675.0378
46	19	413.05417	1725.4315
46	22	417.68967	1655.2775
46	24	482.31	1649.1282
46	29	409.56342	1725.9596
46	30	492.9647	1705.2385
46	31	417.11996	1678.8169
46	32	413.73795	1761.2355
46	33	516.4693	1712.4506
47	1	447.54703	1709.2225
47	2	412.25775	1691.8701
47	3	425.17938	1700.8485
47	4	416.45175	1720.6904
47	5	417.88715	1670.0465
47	6	416.3876	1735.6895
47	7	470.30893	1705.3467
47	8	473.59644	1708.8739
47	9	441.22357	1698.9358
47	10	447.35486	1705.264
47	11	439.57895	1705.3492
47	12	439.40262	1709.079
47	13	449.44672	1698.58
47	14	435.62408	1714.4187
47	17	421.09637	1669.4702
47	19	413.04877	1725.4269
47	22	417.6702	1655.8119
47	24	482.31	1649.1282
47	30	492.0005	1705.2522
47	31	417.0331	1679.441
47	32	413.8289	1760.6588
47	33	515.31476	1712.4707
48	1	447.41736	1709.2292
48	2	411.8166	1692.431
48	3	425.7916	1700.3322
48	4	416.51996	1719.9565
48	5	417.88855	1670.6487
48	6	416.3872	1735.1377
48	7	469.64105	1705.3586
48	8	472.6618	1708.8689
48	9	441.19046	1698.9358
48	10	447.3532	1705.2716
48	11	439.57895	1705.3492
48	12	439.3614	1709.0824
48	13	449.35822	1698.5795
48	14	435.56152	1714.4131
48	17	421.09723	1669.4673
48	18	483.47864	1675.0398
48	19	413.03964	1725.448
48	22	417.65494	1656.3744
48	24	482.31	1649.1282
48	30	491.06165	1705.267
48	31	416.92776	1680.0808
48	32	413.90604	1760.0522
48	33	514.16614	1712.5277
49	1	447.3062	1709.2301
49	2	411.3431	1693.0007
49	3	426.42545	1699.8304
49	4	416.60788	1719.1777
49	5	417.88998	1671.2428
49	6	416.3911	1734.5895
49	7	468.99454	1705.367
49	8	471.78183	1708.879
49	9	441.16284	1698.9363
49	10	447.35022	1705.2767
49	11	439.57895	1705.3492
49	12	439.34048	1709.0745
49	13	449.21637	1698.577
49	14	435.5066	1714.4149
49	17	421.0998	1669.4672
49	19	413.05963	1725.4224
49	22	417.6371	1656.9492
49	24	482.31	1649.1282
49	29	409.56973	1725.9763
49	30	490.0985	1705.2596
49	31	416.80817	1680.7325
49	32	414.00204	1759.382
49	33	512.95013	1712.5797
50	1	447.2116	1709.236
50	2	410.86542	1693.5474
50	3	427.0879	1699.3347
50	4	416.70398	1718.4088
50	5	417.8856	1671.8595
50	6	416.39206	1734.0256
50	7	468.37607	1705.3767
50	8	470.8931	1708.8871
50	9	441.1381	1698.9366
50	10	447.35376	1705.2676
50	11	439.57895	1705.3492
50	12	439.33157	1709.0775
50	13	449.14206	1698.5796
50	14	435.4544	1714.42
50	17	421.10028	1669.4641
50	18	483.47302	1675.0417
50	19	413.0613	1725.4587
50	22	417.62314	1657.5187
50	24	482.31	1649.1282
50	29	409.56763	1725.9906
50	30	489.14365	1705.2627
50	31	416.67255	1681.4036
50	32	414.0968	1758.7191
50	33	511.7878	1712.6407
51	1	447.1451	1709.2368
51	2	410.37216	1694.1074
51	3	427.7584	1698.871
51	4	416.81717	1717.6609
51	5	417.87775	1672.4976
51	6	416.38956	1733.4515
51	7	467.755	1705.382
51	8	470.0324	1708.8922
51	9	441.1156	1698.9369
51	10	447.35522	1705.2716
51	11	439.57895	1705.3492
51	12	439.31592	1709.0848
51	13	449.02225	1698.5752
51	14	435.42026	1714.4247
51	17	421.09976	1669.4681
51	18	483.47263	1675.0503
51	19	413.0621	1725.4303
51	22	417.60632	1658.1353
51	24	482.31	1649.1282
51	29	409.5561	1726.0447
51	30	488.2543	1705.2697
51	31	416.5475	1682.0582
51	32	414.17764	1758.1082
51	33	510.6369	1712.703
52	1	447.08286	1709.238
52	2	409.8873	1694.6378
52	3	428.45157	1698.4117
52	4	416.9394	1716.8994
52	5	417.8577	1673.1407
52	6	416.38547	1732.8267
52	7	467.15433	1705.3885
52	8	469.20282	1708.8958
52	9	441.09744	1698.9369
52	10	447.34268	1705.2798
52	11	439.57895	1705.3492
52	12	439.30957	1709.0883
52	13	448.93216	1698.5741
52	14	435.38416	1714.4312
52	17	421.09833	1669.4669
52	18	483.46133	1675.0481
52	19	413.06168	1725.447
52	22	417.59296	1658.7634
52	24	482.31	1649.1282
52	29	409.5585	1726.1022
52	30	487.37515	1705.2726
52	31	416.39218	1682.7107
52	32	414.25696	1757.4456
52	33	509.46182	1712.7544
53	1	447.02856	1709.2429
53	2	409.2956	1695.2546
53	3	429.166	1697.977
53	4	417.08008	1716.1255
53	5	417.83682	1673.7563
53	6	416.38666	1732.2012
53	7	466.58536	1705.3889
53	8	468.39862	1708.8951
53	9	441.08185	1698.9376
53	10	447.3564	1705.2762
53	11	439.57895	1705.3492
53	12	439.30103	1709.0923
53	13	448.866	1698.5709
53	15	435.33154	1714.376
53	17	421.10007	1669.4601
53	18	483.47784	1675.0388
53	19	413.05884	1725.4274
53	22	417.58575	1659.3955
53	24	482.31	1649.1282
53	29	409.54358	1726.0928
53	30	486.4778	1705.2721
53	31	416.22977	1683.3625
53	32	414.35226	1756.7706
53	33	508.30905	1712.804
54	1	446.9933	1709.2411
54	2	408.8131	1695.6737
54	3	429.91025	1697.5554
54	4	417.23596	1715.3524
54	5	417.80692	1674.4082
54	6	416.37943	1731.5502
54	7	466.00925	1705.3923
54	8	467.62506	1708.8982
54	9	441.06885	1698.9385
54	10	447.35568	1705.2754
54	11	439.57895	1705.3492
54	12	439.31372	1709.0903
54	13	448.7906	1698.5741
54	14	435.30035	1714.4326
54	17	421.09924	1669.4626
54	18	483.4856	1675.024
54	19	413.05164	1725.4205
54	22	417.57904	1659.9838
54	24	482.31	1649.1282
54	29	409.5494	1725.9761
54	30	485.65216	1705.291
54	31	416.0619	1684.018
54	32	414.44193	1756.1112
54	33	507.19577	1712.8362
55	1	446.9588	1709.2428
55	2	408.19507	1696.1874
55	3	430.6781	1697.1437
55	4	417.39993	1714.5992
55	5	417.7702	1675.0516
55	6	416.37744	1730.9089
55	7	465.4437	1705.3982
55	8	466.84415	1708.9006
55	9	441.05695	1698.9397
55	10	447.35016	1705.275
55	11	439.57895	1705.3492
55	12	439.30426	1709.0911
55	13	448.80902	1698.5747
55	14	435.2626	1714.4358
55	17	421.0998	1669.455
55	18	483.486	1675.0312
55	19	413.05292	1725.4028
55	22	417.57715	1660.65
55	24	482.31	1649.1282
55	29	409.56195	1725.9128
55	30	484.83282	1705.3026
55	31	415.8723	1684.6791
55	32	414.51978	1755.4303
55	33	506.14612	1712.8745
55	34	406.05603	1767.1824
56	1	446.9256	1709.2477
56	2	407.54297	1696.6969
56	3	431.43408	1696.7659
56	4	417.57922	1713.8407
56	5	417.7167	1675.7101
56	6	416.37427	1730.2365
56	7	464.89734	1705.4044
56	8	466.10022	1708.9073
56	9	441.04727	1698.939
56	10	447.34726	1705.2734
56	11	439.57895	1705.3492
56	12	439.29935	1709.0928
56	13	448.73062	1698.5776
56	14	435.2223	1714.438
56	17	421.09717	1669.45
56	18	483.4925	1675.0298
56	19	413.04343	1725.4154
56	22	417.56195	1661.2488
56	24	482.31	1649.1282
56	29	409.55682	1725.9065
56	30	484.0177	1705.3075
56	31	415.6712	1685.3282
56	32	414.62006	1754.7284
56	33	505.04022	1712.9122
56	34	406.0583	1766.0101
57	1	446.90332	1709.2495
57	2	406.9628	1697.1339
57	3	432.19788	1696.405
57	4	417.77606	1713.0952
57	5	417.6629	1676.3976
57	6	416.37466	1729.5571
57	7	464.34888	1705.4098
57	8	465.39935	1708.915
57	9	441.04	1698.9388
57	10	447.35016	1705.2766
57	11	439.57895	1705.3492
57	12	439.29916	1709.0919
57	13	448.71643	1698.5757
57	14	435.1804	1714.4503
57	17	421.0924	1669.4508
57	18	483.48993	1675.0234
57	19	413.04633	1725.399
57	22	417.55627	1661.8895
57	24	482.31	1649.1282
57	29	409.55145	1725.9043
57	30	483.24548	1705.3046
57	31	415.44235	1686.0132
57	32	414.66324	1754.0676
57	33	504.0002	1712.9409
57	34	406.0528	1764.8165
57	35	365.7977	1687.17
58	1	446.88153	1709.254
58	2	406.33575	1697.5961
58	3	433.00668	1696.0573
58	4	417.99094	1712.346
58	5	417.59122	1677.0718
58	6	416.37302	1728.8654
58	7	463.84326	1705.4164
58	8	464.75012	1708.9193
58	9	441.0349	1698.939
58	10	447.35535	1705.2712
58	11	439.57895	1705.3492
58	12	439.30533	1709.0922
58	13	448.67996	1698.5712
58	14	435.13525	1714.4282
58	17	421.09558	1669.4474
58	18	483.49188	1675.0311
58	19	413.04285	1725.4088
58	22	417.53436	1662.5914
58	24	482.31	1649.1282
58	29	409.54633	1725.8916
58	30	482.49362	1705.313
58	31	415.22916	1686.6503
58	32	414.78085	1753.3497
58	33	502.96664	1712.9744
58	34	406.04153	1763.5273
58	35	366.491	1687.1638
59	1	446.86774	1709.2543
59	2	405.6837	1698.0505
59	3	433.84375	1695.7273
59	4	418.22754	1711.5923
59	5	417.5127	1677.7527
59	6	416.383	1728.1351
59	7	463.33524	1705.4174
59	8	464.11636	1708.9221
59	9	441.03238	1698.9391
59	10	447.3538	1705.2815
59	11	439.57895	1705.3492
59	12	439.29996	1709.0934
59	13	448.63586	1698.5681
59	14	435.10452	1714.4415
59	17	421.10315	1669.4565
59	18	483.48477	1675.0518
59	19	413.04462	1725.4158
59	22	417.51263	1663.2848
59	24	482.31	1649.1282
59	29	409.5506	1725.8872
59	30	481.73087	1705.3192
59	31	415.043	1687.3456
59	32	414.8572	1752.5859
59	33	501.92093	1713.0157
59	34	406.0506	1762.4391
59	35	367.09674	1687.1538
59	39	488.00485	1752.9733
60	1	446.85782	1709.2555
60	2	405.0144	1698.4736
60	3	434.66922	1695.4232
60	4	418.4768	1710.8533
60	5	417.4216	1678.4321
60	6	416.3798	1727.3788
60	7	462.8637	1705.4246
60	8	463.5319	1708.9285
60	9	441.031	1698.9387
60	10	447.359	1705.2821
60	11	439.57895	1705.3492
60	12	439.2991	1709.0917
60	13	448.63425	1698.5674
60	14	435.06915	1714.4642
60	17	421.09824	1669.44
60	18	483.49045	1675.0425
60	19	413.04825	1725.4132
60	22	417.5026	1664.0233
60	24	482.31	1649.1282
60	29	409.55157	1725.8848
60	30	481.0443	1705.3282
60	31	414.71686	1687.9169
60	32	414.9562	1751.8368
60	33	500.87497	1713.041
60	34	406.0578	1761.3514
60	35	367.7634	1687.1233
60	39	488.0043	1753.38
61	1	446.85474	1709.2539
61	2	404.2942	1698.8997
61	3	435.50125	1695.1448
61	4	418.73444	1710.1326
61	5	417.32135	1679.1362
61	6	416.39056	1726.6221
61	7	462.3866	1705.4305
61	8	462.95288	1708.9332
61	9	441.02936	1698.9387
61	10	447.36136	1705.2695
61	11	439.57895	1705.3492
61	12	439.29153	1709.0859
61	13	448.61658	1698.5698
61	14	435.0471	1714.4937
61	17	421.10538	1669.4475
61	18	483.49158	1675.0417
61	19	413.05423	1725.4042
61	22	417.48764	1664.7816
61	24	482.31	1649.1282
61	29	409.54846	1725.8881
61	30	480.31412	1705.3387
61	31	414.36777	1688.5997
61	32	415.03976	1751.062
61	33	499.8719	1713.0667
61	34	406.07288	1760.2992
61	35	368.30777	1687.1537
61	39	488.02133	1753.8431
62	1	446.84085	1709.2567
62	2	403.60193	1699.2913
62	3	436.33765	1694.8945
62	4	419.02338	1709.3828
62	5	417.2111	1679.814
62	6	416.39902	1725.8544
62	7	461.92365	1705.4401
62	8	462.39807	1708.9398
62	9	441.02872	1698.9386
62	10	447.35992	1705.2799
62	11	439.57895	1705.3492
62	12	439.29285	1709.0887
62	13	448.5995	1698.5676
62	14	435.02026	1714.4788
62	15	434.9844	1713.7301
62	17	421.10684	1669.4468
62	18	483.49277	1675.0481
62	19	413.0574	1725.373
62	22	417.47037	1665.481
62	24	482.31	1649.1282
62	29	409.5499	1725.8761
62	30	479.63242	1705.3517
62	31	414.03345	1689.2166
62	32	415.1293	1750.2777
62	33	498.87564	1713.0919
62	34	406.08624	1759.2073
62	35	368.93625	1687.1609
62	39	488.05524	1754.4604
63	1	446.83716	1709.2548
63	2	402.89685	1699.6714
63	3	437.20493	1694.6578
63	4	419.31662	1708.6687
63	5	417.08762	1680.4819
63	6	416.4183	1725.1007
63	7	461.49567	1705.4445
63	8	461.86902	1708.944
63	9	441.02936	1698.939
63	10	447.36685	1705.2788
63	11	439.57895	1705.3492
63	12	439.2988	1709.0857
63	13	448.6323	1698.5708
63	14	434.99222	1714.4795
63	15	434.90488	1713.8898
63	17	421.10306	1669.4706
63	18	483.49026	1675.0496
63	19	413.04913	1725.3812
63	22	417.46875	1666.1906
63	24	482.31	1649.1282
63	29	409.5475	1725.8923
63	30	478.9656	1705.3549
63	31	413.67847	1689.8519
63	32	415.19815	1749.5217
63	33	497.91232	1713.1252
63	34	406.08896	1758.1296
63	35	369.56113	1687.1711
63	38	473.109	1737.0037
63	39	488.08246	1754.9175
64	1	446.83084	1709.256
64	2	402.13397	1700.0323
64	3	438.05804	1694.442
64	4	419.6379	1707.9552
64	5	416.9323	1681.224
64	6	416.42917	1724.3207
64	7	461.08588	1705.4471
64	8	461.36963	1708.9435
64	9	441.03223	1698.9395
64	10	447.35635	1705.2795
64	11	439.57895	1705.3492
64	12	439.30377	1709.0928
64	13	448.62408	1698.5735
64	14	434.9767	1714.4764
64	17	421.1021	1669.4712
64	18	483.49176	1675.0571
64	19	413.04565	1725.3811
64	22	417.45923	1666.9169
64	24	482.31	1649.1282
64	29	409.55	1725.917
64	30	478.3291	1705.3591
64	31	413.29108	1690.5077
64	32	415.25687	1748.7335
64	33	496.97592	1713.1539
64	34	406.09155	1757.0597
64	35	370.17563	1687.1705
64	38	472.8796	1737.4745
64	39	488.10733	1755.4961
65	1	446.83124	1709.2535
65	2	401.3665	1700.3771
65	3	438.94553	1694.2448
65	4	419.97174	1707.2443
65	5	416.7786	1681.9263
65	6	416.45078	1723.5282
65	7	460.69424	1705.4525
65	8	460.89044	1708.9485
65	9	441.0329	1698.9396
65	10	447.36545	1705.2738
65	11	439.57895	1705.3492
65	12	439.2993	1709.0923
65	13	448.65	1698.5714
65	14	434.9729	1714.47
65	17	421.10495	1669.4517
65	18	483.50223	1675.0493
65	19	413.04987	1725.4092
65	22	417.4573	1667.6517
65	24	482.31	1649.1282
65	29	409.5485	1725.951
65	30	477.7045	1705.3654
65	31	412.87793	1691.1635
65	32	415.32532	1747.929
65	33	496.03815	1713.1729
65	34	406.10043	1755.9957
65	35	370.80893	1687.1787
65	38	472.76526	1737.7897
65	39	488.10773	1756.0635
66	1	446.81732	1709.2656
66	2	400.59714	1700.6844
66	3	439.8493	1694.0604
66	4	420.31607	1706.5461
66	5	416.61108	1682.6249
66	6	416.48163	1722.7452
66	7	460.31934	1705.4562
66	8	460.44775	1708.9507
66	9	441.03403	1698.9397
66	10	447.36325	1705.2743
66	11	439.57895	1705.3492
66	12	439.30515	1709.0957
66	13	448.59366	1698.5673
66	14	434.9682	1714.4786
66	17	421.10046	1669.4528
66	18	483.49857	1675.0487
66	19	413.0587	1725.3998
66	22	417.44308	1668.4237
66	24	482.31	1649.1282
66	29	409.55307	1725.9271
66	30	477.11072	1705.3765
66	31	412.44254	1691.808
66	32	415.38138	1747.135
66	33	495.12143	1713.1965
66	34	406.1101	1754.937
66	35	371.4208	1687.1763
66	38	472.5923	1738.225
66	39	488.12314	1756.6364
67	1	446.8099	1709.266
67	2	399.81882	1700.9763
67	3	440.7597	1693.9126
67	4	420.67435	1705.8501
67	5	416.4309	1683.3232
67	6	416.52042	1721.9607
67	7	459.97913	1705.4569
67	8	460.03778	1708.9475
67	9	441.03644	1698.9396
67	10	447.36768	1705.2782
67	11	439.57895	1705.3492
67	12	439.3086	1709.0955
67	13	448.61722	1698.568
67	14	434.96228	1714.4934
67	17	421.10764	1669.4557
67	18	483.49622	1675.0503
67	19	413.05566	1725.3888
67	22	417.4277	1669.1926
67	24	482.31	1649.1282
67	29	409.5603	1725.9336
67	30	476.50317	1705.3804
67	31	411.95676	1692.4766
67	32	415.44354	1746.3389
67	33	494.23926	1713.2074
67	34	406.11917	1753.8474
67	35	371.99673	1687.1519
67	38	472.43472	1738.5739
67	39	488.15164	1757.1923
68	1	446.79837	1709.2538
68	2	399.01953	1701.2565
68	3	441.68417	1693.7913
68	4	421.0571	1705.1489
68	5	416.23358	1684.017
68	6	416.57574	1721.1632
68	7	459.63852	1705.4594
68	8	459.64612	1708.9479
68	9	441.03876	1698.9396
68	10	447.36795	1705.272
68	11	439.57895	1705.3492
68	12	439.31415	1709.0983
68	13	448.60773	1698.569
68	14	434.97144	1714.4812
68	17	421.10898	1669.466
68	18	483.5019	1675.0507
68	19	413.05273	1725.4028
68	22	417.41757	1669.9628
68	24	482.31	1649.1282
68	29	409.56516	1725.9332
68	30	475.9364	1705.3912
68	31	411.4696	1693.1177
68	32	415.50262	1745.52
68	33	493.3743	1713.2246
68	34	406.13556	1752.8514
68	35	372.5566	1687.1768
68	39	488.11792	1757.6704
69	1	446.78467	1709.2599
69	2	398.20074	1701.5043
69	3	442.61945	1693.6924
69	4	421.44006	1704.4769
69	5	416.02335	1684.7047
69	6	416.63077	1720.3597
69	7	459.34332	1705.4647
69	8	459.2801	1708.9482
69	9	441.04105	1698.9398
69	10	447.36707	1705.2744
69	11	439.57895	1705.3492
69	12	439.31744	1709.0952
69	13	448.61063	1698.5669
69	14	434.97842	1714.4819
69	17	421.115	1669.4606
69	18	483.51358	1675.0361
69	19	413.0517	1725.4048
69	22	417.39688	1670.7161
69	24	482.31	1649.1282
69	29	409.57172	1725.8774
69	30	475.39587	1705.3994
69	31	410.95227	1693.7496
69	32	415.57056	1744.69
69	33	492.52695	1713.241
69	34	406.1492	1751.8253
69	39	488.1297	1758.2521
70	1	446.7713	1709.2533
70	2	397.41095	1701.7124
70	3	443.58713	1693.5896
70	4	421.84933	1703.7974
70	5	415.79178	1685.3956
70	6	416.70172	1719.5308
70	7	459.05798	1705.4622
70	8	458.90567	1708.9501
70	9	441.0427	1698.94
70	10	447.36853	1705.2725
70	11	439.57895	1705.3492
70	12	439.3157	1709.0957
70	13	448.57965	1698.5718
70	14	434.983	1714.4739
70	17	421.1188	1669.4576
70	18	483.50854	1675.0457
70	19	413.06128	1725.433
70	22	417.37006	1671.4648
70	24	482.31	1649.1282
70	29	409.5744	1725.9097
70	30	474.887	1705.4106
70	31	410.4203	1694.3683
70	32	415.62393	1743.8452
70	33	491.7239	1713.2491
70	34	406.1571	1750.8052
70	39	488.15906	1758.6847
71	1	446.74692	1709.2565
71	2	396.58444	1701.9149
71	3	444.5668	1693.5126
71	4	422.27692	1703.1293
71	5	415.5378	1686.0813
71	6	416.79593	1718.722
71	7	458.79022	1705.4662
71	8	458.58762	1708.9534
71	9	441.04565	1698.9402
71	10	447.36572	1705.2803
71	11	439.57895	1705.3492
71	12	439.3212	1709.0969
71	13	448.5893	1698.5663
71	14	434.98587	1714.4956
71	17	421.12088	1669.4614
71	18	483.51288	1675.0446
71	19	413.06528	1725.4608
71	22	417.327	1672.2208
71	24	482.31	1649.1282
71	29	409.5714	1725.9333
71	30	474.38177	1705.413
71	31	409.8481	1694.9769
71	32	415.68112	1742.9977
71	33	490.91083	1713.2734
71	34	406.1733	1749.8114
71	35	374.36737	1687.2043
71	38	472.00394	1740.09
72	1	446.72397	1709.2562
72	2	395.73642	1702.1011
72	3	445.5642	1693.4388
72	4	422.72406	1702.4761
72	5	415.26306	1686.7693
72	6	416.9078	1717.902
72	7	458.5411	1705.4673
72	8	458.2816	1708.952
72	9	441.0469	1698.9398
72	10	447.3778	1705.2734
72	11	439.57895	1705.3492
72	12	439.3185	1709.0978
72	13	448.65668	1698.562
72	14	434.99173	1714.4946
72	17	421.11945	1669.473
72	18	483.5267	1675.0526
72	19	413.066	1725.4633
72	22	417.2721	1672.9806
72	24	482.31	1649.1282
72	29	409.56866	1725.9258
72	30	473.8767	1705.421
72	31	409.2494	1695.583
72	32	415.74362	1742.1648
72	33	490.11975	1713.2897
72	34	406.1813	1748.8451
72	35	374.92322	1687.162
72	37	487.27484	1639.7019
72	38	471.872	1740.5372
73	1	446.7	1709.2529
73	2	394.93753	1702.2131
73	3	446.57263	1693.393
73	4	423.1757	1701.8446
73	5	414.96582	1687.441
73	6	417.04025	1717.0621
73	7	458.31604	1705.464
73	8	458.01306	1708.9581
73	9	441.0483	1698.9398
73	10	447.3766	1705.2772
73	11	439.57895	1705.3492
73	12	439.31924	1709.1007
73	13	448.6286	1698.5616
73	14	434.99118	1714.5001
73	17	421.12076	1669.4735
73	18	483.52936	1675.0497
73	19	413.0633	1725.4368
73	22	417.20447	1673.7433
73	24	482.31	1649.1282
73	29	409.5702	1725.9359
73	30	473.42786	1705.4254
73	31	408.63187	1696.168
73	32	415.80045	1741.3147
73	33	489.37625	1713.3057
73	34	406.18988	1747.8702
73	35	375.4952	1687.1417
73	37	486.86444	1639.6741
73	38	471.76794	1740.9521
74	1	446.67874	1709.2528
74	3	447.60547	1693.3433
74	4	423.66962	1701.1924
74	5	414.65164	1688.0874
74	6	417.20197	1716.229
74	7	458.08603	1705.4668
74	8	457.7442	1708.9586
74	9	441.04837	1698.9397
74	10	447.37433	1705.276
74	11	439.57895	1705.3492
74	12	439.3178	1709.0995
74	13	448.61066	1698.5663
74	14	434.9892	1714.495
74	17	421.12234	1669.461
74	18	483.52515	1675.0466
74	19	413.07147	1725.4069
74	22	417.14124	1674.4808
74	24	482.31	1649.1282
74	29	409.57785	1725.9742
74	30	472.98602	1705.4276
74	31	407.9725	1696.7463
74	32	415.85324	1740.4774
74	33	488.64548	1713.3267
74	34	406.204	1746.9465
74	35	376.04382	1687.1887
74	37	486.5569	1639.6792
74	38	471.65958	1741.3788
75	1	446.65533	1709.2533
75	3	448.64056	1693.3186
75	4	424.17596	1700.5619
75	5	414.30023	1688.7676
75	6	417.37506	1715.4095
75	7	457.87866	1705.472
75	8	457.5167	1708.9609
75	9	441.04877	1698.9396
75	10	447.37155	1705.2688
75	11	439.57895	1705.3492
75	12	439.31418	1709.0996
75	13	448.60913	1698.5642
75	14	435.001	1714.5155
75	17	421.1219	1669.4541
75	18	483.5197	1675.0497
75	19	413.06708	1725.4143
75	22	417.06055	1675.2429
75	24	482.31	1649.1282
75	29	409.57233	1725.9641
75	30	472.5304	1705.433
75	31	407.26617	1697.3152
75	32	415.9017	1739.6256
75	33	487.90546	1713.3541
75	34	406.21164	1745.9824
75	35	376.57675	1687.1764
75	37	486.26035	1639.6329
75	38	471.56635	1741.8208
76	1	446.63702	1709.2527
76	3	449.75735	1693.2916
76	4	424.66907	1699.9734
76	5	413.93784	1689.432
76	6	417.57556	1714.5876
76	7	457.67313	1705.4718
76	8	457.30142	1708.964
76	9	441.0488	1698.9392
76	10	447.37244	1705.2736
76	11	439.57895	1705.3492
76	12	439.31912	1709.0989
76	13	448.61765	1698.5676
76	14	434.99857	1714.5096
76	17	421.12225	1669.4547
76	18	483.508	1675.0547
76	19	413.06158	1725.3983
76	22	416.96942	1675.9675
76	24	482.31	1649.1282
76	29	409.56277	1725.9337
76	30	472.11844	1705.4368
76	31	406.58377	1697.8483
76	32	415.9374	1738.779
76	33	487.21262	1713.3655
76	34	406.22485	1745.0466
76	35	377.09247	1687.1736
76	37	485.83255	1639.5894
76	38	471.48123	1742.2826
77	1	446.6212	1709.2555
77	3	450.82214	1693.2802
77	4	425.21396	1699.358
77	5	413.5526	1690.106
77	6	417.801	1713.7788
77	7	457.47394	1705.4691
77	8	457.11322	1708.9645
77	9	441.04874	1698.9392
77	10	447.3772	1705.2739
77	11	439.57895	1705.3492
77	12	439.31213	1709.094
77	13	448.60217	1698.574
77	14	435.00708	1714.523
77	17	421.1265	1669.4543
77	18	483.50632	1675.0433
77	19	413.06235	1725.4066
77	22	416.87433	1676.7001
77	24	482.31	1649.1282
77	29	409.56366	1725.9169
77	30	471.72552	1705.4381
77	32	415.9734	1737.9224
77	33	486.57047	1713.3983
77	34	406.24194	1744.12
77	35	377.62787	1687.1626
77	37	485.33197	1639.5594
77	38	471.4327	1742.7926
78	1	446.60452	1709.2542
78	2	390.4633	1702.6571
78	3	451.92874	1693.3115
78	4	425.77603	1698.7626
78	5	413.13977	1690.76
78	6	418.04044	1712.9615
78	7	457.2872	1705.4683
78	8	456.95953	1708.9637
78	9	441.0487	1698.9391
78	10	447.36987	1705.2738
78	11	439.57895	1705.3492
78	12	439.3176	1709.0957
78	13	448.61176	1698.5726
78	14	435.01392	1714.5167
78	17	421.12408	1669.4589
78	19	413.06912	1725.3954
78	22	416.7654	1677.4519
78	24	482.31	1649.1282
78	29	409.56894	1725.9277
78	30	471.31155	1705.4359
78	32	416.00818	1737.0709
78	33	485.9546	1713.4308
78	34	406.2518	1743.2108
78	35	378.14465	1687.1669
78	37	484.83884	1639.5116
78	38	471.3659	1743.1111
79	1	446.5883	1709.2529
79	2	389.51068	1702.6726
79	3	453.07602	1693.3131
79	4	426.34662	1698.1873
79	5	412.70438	1691.42
79	6	418.30893	1712.1697
79	7	457.11288	1705.4735
79	8	456.81702	1708.9618
79	9	441.0487	1698.9387
79	10	447.37442	1705.2772
79	11	439.57895	1705.3492
79	12	439.3175	1709.0886
79	13	448.60852	1698.5725
79	14	435.00735	1714.5085
79	17	421.1263	1669.4503
79	18	483.53918	1675.044
79	19	413.0696	1725.3915
79	22	416.6452	1678.2002
79	24	482.31	1649.1282
79	29	409.57245	1725.9281
79	30	470.91742	1705.4401
79	32	416.04654	1736.2203
79	33	485.35876	1713.4814
79	34	406.26456	1742.3275
79	35	378.66913	1687.1536
79	37	484.3594	1639.47
79	38	471.31476	1743.5409
80	1	446.58994	1709.2585
80	2	388.51077	1702.697
80	3	454.25427	1693.3263
80	4	426.93878	1697.6252
80	5	412.2325	1692.086
80	6	418.60483	1711.3851
80	7	456.93613	1705.4752
80	8	456.67032	1708.9653
80	9	441.0486	1698.9386
80	10	447.38126	1705.2778
80	11	439.57895	1705.3492
80	12	439.3195	1709.0946
80	13	448.58585	1698.572
80	14	434.9981	1714.4984
80	17	421.1265	1669.4584
80	18	483.5461	1675.0504
80	19	413.0664	1725.391
80	22	416.51422	1678.947
80	24	482.31	1649.1282
80	29	409.57138	1725.9216
80	30	470.56482	1705.447
80	31	403.48758	1699.8978
80	32	416.08456	1735.3741
80	33	484.7934	1713.5295
80	34	406.2737	1741.4563
80	35	379.1889	1687.1506
80	37	483.9086	1639.4164
80	38	471.25497	1743.9365
81	1	446.57974	1709.2579
81	2	387.54816	1702.7249
81	3	455.4313	1693.3369
81	4	427.5419	1697.078
81	5	411.73355	1692.7389
81	6	418.93427	1710.5892
81	7	456.76318	1705.476
81	8	456.5714	1708.9696
81	9	441.04865	1698.9385
81	10	447.3754	1705.278
81	11	439.57895	1705.3492
81	12	439.30988	1709.0941
81	13	448.6023	1698.5698
81	14	434.99576	1714.4977
81	17	421.1289	1669.4569
81	18	483.53726	1675.0543
81	19	413.07056	1725.3842
81	22	416.37473	1679.6942
81	24	482.31	1649.1282
81	29	409.57443	1725.91
81	30	470.22607	1705.4473
81	31	402.6658	1700.3828
81	32	416.10535	1734.5557
81	33	484.2308	1713.6213
81	34	406.28955	1740.6047
81	37	483.49753	1639.3601
82	1	446.58282	1709.2544
82	2	386.55768	1702.7318
82	3	456.6297	1693.3613
82	4	428.14783	1696.5541
82	5	411.23294	1693.4014
82	6	419.27557	1709.8406
82	7	456.5903	1705.477
82	8	456.47168	1708.9697
82	9	441.04868	1698.9385
82	10	447.3727	1705.2788
82	11	439.57895	1705.3492
82	12	439.31714	1709.0953
82	13	448.65808	1698.5667
82	14	435.0009	1714.4858
82	17	421.12918	1669.4669
82	18	483.52615	1675.0731
82	19	413.07013	1725.3877
82	22	416.21713	1680.4475
82	24	482.31	1649.1282
82	29	409.57614	1725.9448
82	30	469.88873	1705.4506
82	31	401.83484	1700.829
82	32	416.13422	1733.7186
82	33	483.67123	1713.7258
82	34	406.31	1739.7902
82	37	483.04706	1639.2725
83	1	446.57654	1709.2595
83	2	385.56372	1702.7296
83	3	457.83752	1693.3777
83	4	428.79904	1696.0278
83	5	410.72766	1693.9471
83	6	419.6432	1709.0806
83	7	456.42477	1705.4764
83	8	456.3961	1708.9722
83	9	441.04883	1698.9384
83	10	447.37735	1705.2749
83	11	439.57895	1705.3492
83	12	439.32288	1709.0962
83	13	448.60608	1698.5717
83	14	435.00336	1714.4806
83	17	421.13	1669.4655
83	18	483.5258	1675.0654
83	19	413.06656	1725.3878
83	22	416.05475	1681.1893
83	24	482.31	1649.1282
83	29	409.57117	1725.9384
83	30	469.58075	1705.4565
83	31	400.9929	1701.266
83	32	416.155	1732.8593
83	33	483.12997	1713.854
83	34	406.31653	1738.9735
83	37	482.7619	1639.2085
84	1	446.57513	1709.2539
84	3	459.09125	1693.3987
84	4	429.47754	1695.5135
84	5	410.09595	1694.646
84	6	420.0459	1708.3253
84	7	456.26923	1705.4791
84	8	456.32947	1708.9797
84	9	441.04886	1698.9386
84	10	447.3711	1705.2717
84	11	439.57895	1705.3492
84	12	439.32016	1709.0974
84	13	448.6071	1698.5712
84	14	434.99307	1714.4761
84	17	421.12775	1669.4734
84	18	483.521	1675.0671
84	19	413.06906	1725.4032
84	22	415.87805	1681.9136
84	24	482.31	1649.1282
84	29	409.57776	1725.9381
84	30	469.26163	1705.459
84	31	400.12366	1701.6809
84	32	416.1784	1732.0387
84	33	482.64224	1714.0043
84	34	406.3354	1738.1926
84	37	482.31097	1639.1398
85	1	446.57187	1709.2568
85	3	460.3624	1693.4115
85	4	430.1469	1695.0223
85	5	409.48117	1695.2601
85	6	420.4693	1707.59
85	7	456.10474	1705.4769
85	8	456.27698	1708.9807
85	9	441.0489	1698.9384
85	10	447.37445	1705.2695
85	11	439.57895	1705.3492
85	12	439.32086	1709.0986
85	13	448.5921	1698.5715
85	14	434.99863	1714.4644
85	17	421.12933	1669.4772
85	18	483.52612	1675.0695
85	19	413.0677	1725.3971
85	22	415.68762	1682.6394
85	24	482.31	1649.1282
85	29	409.57095	1725.9454
85	30	468.9463	1705.463
85	31	399.26755	1702.0758
85	32	416.20132	1731.2126
85	33	482.1608	1714.1729
85	34	406.33752	1737.4171
85	35	381.5735	1687.13
85	37	482.03613	1639.0902
86	1	446.5737	1709.2571
86	2	382.63132	1702.7069
86	3	461.6236	1693.4237
86	4	430.82507	1694.567
86	5	408.86682	1695.841
86	6	420.9188	1706.8597
86	7	455.95514	1705.4761
86	8	456.23126	1708.9872
86	9	441.04886	1698.9385
86	10	447.37936	1705.2766
86	11	439.57895	1705.3492
86	12	439.31342	1709.0988
86	13	448.5981	1698.5706
86	14	434.9943	1714.4486
86	17	421.13135	1669.48
86	18	483.53552	1675.071
86	19	413.07367	1725.4034
86	22	415.49396	1683.3657
86	24	482.31	1649.1282
86	29	409.5713	1725.94
86	30	468.64282	1705.4628
86	31	398.35077	1702.4587
86	32	416.229	1730.352
86	33	481.69397	1714.3618
86	34	406.3659	1736.6936
86	35	382.08603	1687.1382
86	37	481.6693	1639.0154
87	1	446.57138	1709.2585
87	2	381.6857	1702.7101
87	3	462.9358	1693.4348
87	4	431.52875	1694.1184
87	5	408.1978	1696.4325
87	6	421.39145	1706.1449
87	7	455.82175	1705.4778
87	8	456.20923	1708.9896
87	9	441.04883	1698.9386
87	10	447.37534	1705.269
87	11	439.57895	1705.3492
87	12	439.31998	1709.098
87	13	448.6266	1698.5654
87	14	435.00082	1714.444
87	17	421.13004	1669.4779
87	18	483.5282	1675.07
87	19	413.07538	1725.3998
87	22	415.2809	1684.1045
87	24	482.31	1649.1282
87	29	409.57483	1725.9244
87	30	468.3532	1705.4639
87	31	397.43512	1702.8257
87	32	416.24716	1729.5032
87	33	481.22437	1714.5723
87	34	406.37305	1735.9216
87	35	382.41028	1687.1201
87	37	481.2067	1638.9148
88	1	446.5695	1709.2638
88	2	380.6559	1702.6948
88	3	464.23517	1693.4493
88	4	432.2578	1693.6824
88	5	407.53223	1696.9917
88	6	421.87885	1705.4454
88	7	455.6952	1705.4824
88	8	456.16898	1708.9907
88	9	441.04883	1698.9386
88	10	447.36578	1705.2722
88	11	439.57895	1705.3492
88	12	439.32303	1709.1002
88	13	448.61008	1698.5671
88	14	434.9856	1714.4454
88	17	421.13077	1669.4708
88	18	483.52905	1675.0583
88	19	413.07217	1725.3834
88	22	415.07782	1684.7507
88	24	482.31	1649.1282
88	29	409.5736	1725.9359
88	30	468.0718	1705.4633
88	31	396.50815	1703.1577
88	32	416.27264	1728.6749
88	33	480.80664	1714.7845
88	34	406.3808	1735.0938
88	35	382.8071	1687.1298
88	37	480.91034	1638.8826
89	1	446.58115	1709.2616
89	2	379.62363	1702.6969
89	3	465.56384	1693.4564
89	4	433.00784	1693.2666
89	5	406.824	1697.5419
89	6	422.39352	1704.7471
89	7	455.57413	1705.48
89	8	456.14728	1708.9867
89	9	441.04907	1698.9385
89	10	447.37415	1705.2756
89	11	439.57895	1705.3492
89	12	439.32404	1709.1003
89	13	448.5947	1698.5686
89	14	434.98322	1714.4253
89	17	421.1318	1669.471
89	18	483.51648	1675.0588
89	19	413.06998	1725.3956
89	22	414.82306	1685.4417
89	24	482.31	1649.1282
89	29	409.5688	1725.936
89	30	467.80374	1705.4625
89	31	395.51373	1703.4908
89	32	416.28934	1727.8191
89	33	480.38254	1715.03
89	34	406.3774	1734.3424
89	35	383.2191	1687.1189
89	37	480.5222	1638.7953
90	1	446.57645	1709.2626
90	2	378.60486	1702.7029
90	3	466.92102	1693.467
90	4	433.7256	1692.8811
90	5	406.09274	1698.0778
90	6	422.94366	1704.0665
90	7	455.45966	1705.4801
90	8	456.12473	1708.9862
90	9	441.04892	1698.9385
90	10	447.37378	1705.2723
90	11	439.57895	1705.3492
90	12	439.32492	1709.1001
90	13	448.58197	1698.5706
90	14	434.9868	1714.4188
90	17	421.13016	1669.4652
90	18	483.52338	1675.0605
90	19	413.0723	1725.3912
90	22	414.5755	1686.114
90	24	482.31	1649.1282
90	29	409.56906	1725.9321
90	30	467.54758	1705.4648
90	31	394.4977	1703.8125
90	32	416.31387	1727.0021
90	33	479.93082	1715.3165
90	34	406.37424	1733.5297
90	35	383.59494	1687.1132
90	37	480.08167	1638.659
