0	1	2865.8433	-3402.8035
0	2	2830.5073	-3381.737
0	3	2839.9734	-3418.8481
0	4	2854.9292	-3417.6033
0	5	2863.9656	-3419.92
0	6	2845.532	-3422.074
0	7	2869.224	-3397.0688
0	8	2849.775	-3454.5234
0	9	2854.0725	-3464.1096
0	10	2849.1558	-3464.237
0	11	2836.0615	-3376.5115
0	12	2853.7046	-3483.9426
0	13	2852.434	-3489.252
1	1	2865.8398	-3403.2485
1	2	2830.4375	-3381.4417
1	3	2840.2156	-3418.8433
1	4	2854.9497	-3417.8591
1	5	2863.8987	-3419.8438
1	6	2845.532	-3422.074
1	7	2869.2502	-3395.8657
1	8	2849.775	-3454.5234
1	9	2854.0725	-3464.1096
1	10	2849.1558	-3464.237
1	11	2836.0615	-3376.5115
1	12	2853.7046	-3483.9426
1	13	2852.434	-3489.252
2	1	2865.8462	-3403.7214
2	2	2830.3667	-3381.1738
2	3	2840.459	-3418.8474
2	4	2854.9778	-3418.101
2	5	2863.829	-3419.7664
2	6	2845.532	-3422.074
2	7	2869.2803	-3394.6702
2	8	2849.775	-3454.5234
2	9	2854.0725	-3464.1096
2	10	2849.1558	-3464.237
2	11	2836.0615	-3376.5115
2	12	2853.7046	-3483.9426
2	13	2852.434	-3489.252
3	1	2865.8604	-3404.2297
3	2	2830.3174	-3380.8928
3	3	2840.7185	-3418.84
3	4	2854.9985	-3418.3525
3	5	2863.7568	-3419.6882
3	6	2845.532	-3422.074
3	7	2869.309	-3393.4585
3	8	2849.775	-3454.5234
3	9	2854.0725	-3464.1096
3	10	2849.1558	-3464.237
3	11	2836.0615	-3376.5115
3	12	2853.7046	-3483.9426
3	13	2852.434	-3489.252
4	1	2865.8862	-3404.7107
4	2	2830.2612	-3380.629
4	3	2840.9412	-3418.835
4	4	2855.0068	-3418.5986
4	5	2863.6824	-3419.61
4	6	2845.532	-3422.074
4	7	2869.332	-3392.2612
4	8	2849.775	-3454.5234
4	9	2854.0725	-3464.1096
4	10	2849.1558	-3464.237
4	11	2836.0615	-3376.5115
4	12	2853.7046	-3483.9426
4	13	2852.434	-3489.252
5	1	2865.9238	-3405.2349
5	2	2830.2253	-3380.364
5	3	2841.1594	-3418.8372
5	4	2855.0364	-3418.8452
5	5	2863.604	-3419.53
5	6	2845.532	-3422.074
5	7	2869.3672	-3391.055
5	8	2849.775	-3454.5234
5	9	2854.0725	-3464.1096
5	10	2849.1558	-3464.237
5	11	2836.0615	-3376.5115
5	12	2853.7046	-3483.9426
5	13	2852.434	-3489.252
6	1	2865.9714	-3405.7646
6	2	2830.1892	-3380.1052
6	3	2841.3755	-3418.8342
6	4	2855.063	-3419.0972
6	5	2863.5193	-3419.447
6	6	2845.532	-3422.074
6	7	2869.3962	-3389.8132
6	8	2849.775	-3454.5234
6	9	2854.0725	-3464.1096
6	10	2849.1558	-3464.237
6	11	2836.0615	-3376.5115
6	12	2853.7046	-3483.9426
6	13	2852.434	-3489.252
7	1	2866.0317	-3406.2825
7	2	2830.1606	-3379.85
7	3	2841.6167	-3418.8333
7	4	2855.1	-3419.3804
7	5	2863.4277	-3419.36
7	6	2845.532	-3422.074
7	7	2869.4302	-3388.5806
7	8	2849.775	-3454.5234
7	9	2854.0725	-3464.1096
7	10	2849.1558	-3464.237
7	11	2836.0615	-3376.5115
7	12	2853.7046	-3483.9426
7	13	2852.434	-3489.252
8	1	2866.1047	-3406.802
8	2	2830.1416	-3379.6143
8	3	2841.8455	-3418.8247
8	4	2855.1287	-3419.6018
8	5	2863.3284	-3419.2688
8	6	2845.532	-3422.074
8	7	2869.443	-3387.3525
8	8	2849.775	-3454.5234
8	9	2854.0725	-3464.1096
8	10	2849.1558	-3464.237
8	11	2836.0615	-3376.5115
8	12	2853.7046	-3483.9426
8	13	2852.434	-3489.252
9	1	2866.1843	-3407.3254
9	2	2830.1265	-3379.3772
9	3	2842.056	-3418.8252
9	4	2855.1748	-3419.889
9	5	2863.2202	-3419.1724
9	6	2845.532	-3422.074
9	7	2869.4668	-3386.111
9	8	2849.775	-3454.5234
9	9	2854.0725	-3464.1096
9	10	2849.1558	-3464.237
9	11	2836.0615	-3376.5115
9	12	2853.7046	-3483.9426
9	13	2852.434	-3489.252
10	1	2866.2927	-3407.8909
10	2	2830.1206	-3379.1428
10	3	2842.2961	-3418.822
10	4	2855.1926	-3420.1377
10	5	2863.102	-3419.0703
10	6	2845.532	-3422.074
10	7	2869.4885	-3384.8657
10	8	2849.775	-3454.5234
10	9	2854.0725	-3464.1096
10	10	2849.1558	-3464.237
10	11	2836.0615	-3376.5115
10	12	2853.7046	-3483.9426
10	13	2852.434	-3489.252
11	1	2866.4011	-3408.4329
11	2	2830.1082	-3378.93
11	3	2842.5093	-3418.8208
11	4	2855.2244	-3420.389
11	5	2862.9722	-3418.9631
11	6	2845.532	-3422.074
11	7	2869.5056	-3383.608
11	8	2849.775	-3454.5234
11	9	2854.0725	-3464.1096
11	10	2849.1558	-3464.237
11	11	2836.0615	-3376.5115
11	12	2853.7046	-3483.9426
11	13	2852.434	-3489.252
12	1	2866.543	-3409.0093
12	2	2830.1052	-3378.727
12	3	2842.7288	-3418.818
12	4	2855.2646	-3420.6565
12	5	2862.8296	-3418.8494
12	6	2845.532	-3422.074
12	7	2869.5234	-3382.357
12	8	2849.775	-3454.5234
12	9	2854.0725	-3464.1096
12	10	2849.1558	-3464.237
12	11	2836.0615	-3376.5115
12	12	2853.7046	-3483.9426
12	13	2852.434	-3489.252
13	1	2866.6982	-3409.5806
13	2	2830.104	-3378.5403
13	3	2842.959	-3418.81
13	4	2855.2961	-3420.9038
13	5	2862.6743	-3418.73
13	6	2845.532	-3422.074
13	7	2869.5332	-3381.0994
13	8	2849.775	-3454.5234
13	9	2854.0725	-3464.1096
13	10	2849.1558	-3464.237
13	11	2836.0615	-3376.5115
13	12	2853.7046	-3483.9426
13	13	2852.434	-3489.252
14	1	2866.8745	-3410.1526
14	2	2830.1055	-3378.3547
14	3	2843.1707	-3418.8083
14	4	2855.3228	-3421.1616
14	5	2862.505	-3418.6064
14	6	2845.532	-3422.074
14	7	2869.5422	-3379.8235
14	8	2849.775	-3454.5234
14	9	2854.0725	-3464.1096
14	10	2849.1558	-3464.237
14	11	2836.0615	-3376.5115
14	12	2853.7046	-3483.9426
14	13	2852.434	-3489.252
15	1	2867.0764	-3410.7327
15	2	2830.1116	-3378.2073
15	3	2843.3772	-3418.808
15	4	2855.3494	-3421.4128
15	5	2862.3206	-3418.4773
15	6	2845.532	-3422.074
15	7	2869.5432	-3378.5503
15	8	2849.775	-3454.5234
15	9	2854.0725	-3464.1096
15	10	2849.1558	-3464.237
15	11	2836.0615	-3376.5115
15	12	2853.7046	-3483.9426
15	13	2852.434	-3489.252
16	1	2867.2974	-3411.2969
16	2	2830.1152	-3378.0496
16	3	2843.5745	-3418.8022
16	4	2855.383	-3421.6646
16	5	2862.1199	-3418.3428
16	6	2845.532	-3422.074
16	7	2869.5605	-3377.262
16	8	2849.775	-3454.5234
16	9	2854.0725	-3464.1096
16	10	2849.1558	-3464.237
16	11	2836.0615	-3376.5115
16	12	2853.7046	-3483.9426
16	13	2852.434	-3489.252
16	16	2836.7153	-3457.318
17	1	2867.542	-3411.877
17	2	2830.1135	-3377.8992
17	3	2843.7576	-3418.802
17	4	2855.417	-3421.9385
17	5	2861.901	-3418.2043
17	6	2845.532	-3422.074
17	7	2869.5735	-3375.9631
17	8	2849.775	-3454.5234
17	9	2854.0725	-3464.1096
17	10	2849.1558	-3464.237
17	11	2836.0615	-3376.5115
17	12	2853.7046	-3483.9426
17	13	2852.434	-3489.252
17	16	2836.883	-3457.334
18	1	2867.8064	-3412.4487
18	2	2830.1233	-3377.7769
18	3	2843.964	-3418.7998
18	4	2855.4404	-3422.2183
18	5	2861.6626	-3418.0623
18	6	2845.532	-3422.074
18	7	2869.5847	-3374.6785
18	8	2849.775	-3454.5234
18	9	2854.0725	-3464.1096
18	10	2849.1558	-3464.237
18	11	2836.0615	-3376.5115
18	12	2853.7046	-3483.9426
18	13	2852.434	-3489.252
18	16	2837.0713	-3457.3188
19	1	2868.098	-3413.0085
19	2	2830.1216	-3377.6575
19	3	2844.145	-3418.7986
19	4	2855.471	-3422.4492
19	5	2861.4067	-3417.9138
19	6	2845.532	-3422.074
19	7	2869.585	-3373.3748
19	8	2849.775	-3454.5234
19	9	2854.0725	-3464.1096
19	10	2849.1558	-3464.237
19	11	2836.0615	-3376.5115
19	12	2853.7046	-3483.9426
19	13	2852.434	-3489.252
19	16	2837.2842	-3457.3384
20	1	2868.407	-3413.5708
20	2	2830.1265	-3377.5352
20	3	2844.325	-3418.7903
20	4	2855.496	-3422.712
20	5	2861.1306	-3417.7651
20	6	2845.532	-3422.074
20	7	2869.5854	-3372.0745
20	8	2849.775	-3454.5234
20	9	2854.0725	-3464.1096
20	10	2849.1558	-3464.237
20	11	2836.0615	-3376.5115
20	12	2853.7046	-3483.9426
20	13	2852.434	-3489.252
20	16	2837.468	-3457.3315
21	1	2868.7412	-3414.0972
21	2	2830.1277	-3377.4324
21	3	2844.485	-3418.7832
21	4	2855.5273	-3422.993
21	5	2860.8645	-3417.6282
21	6	2845.532	-3422.074
21	7	2869.5913	-3370.7273
21	8	2849.775	-3454.5234
21	9	2854.0725	-3464.1096
21	10	2849.1558	-3464.237
21	11	2836.0615	-3376.5115
21	12	2853.7046	-3483.9426
21	13	2852.434	-3489.252
22	1	2869.0867	-3414.6091
22	2	2830.134	-3377.343
22	3	2844.6504	-3418.7766
22	4	2855.5618	-3423.2715
22	5	2860.548	-3417.4744
22	6	2845.532	-3422.074
22	7	2869.601	-3369.3914
22	8	2849.775	-3454.5234
22	9	2854.0725	-3464.1096
22	10	2849.1558	-3464.237
22	11	2836.0615	-3376.5115
22	12	2853.7046	-3483.9426
22	13	2852.434	-3489.252
23	1	2869.4895	-3415.141
23	2	2830.1392	-3377.2698
23	3	2844.7947	-3418.7734
23	4	2855.5974	-3423.5352
23	5	2860.2092	-3417.3176
23	6	2845.532	-3422.074
23	7	2869.5942	-3368.0447
23	8	2849.775	-3454.5234
23	9	2854.0725	-3464.1096
23	10	2849.1558	-3464.237
23	11	2836.0615	-3376.5115
23	12	2853.7046	-3483.9426
23	13	2852.434	-3489.252
24	1	2869.9116	-3415.645
24	2	2830.14	-3377.206
24	3	2844.9226	-3418.7678
24	4	2855.6233	-3423.811
24	5	2859.8489	-3417.1606
24	6	2845.532	-3422.074
24	7	2869.5928	-3366.7078
24	8	2849.775	-3454.5234
24	9	2854.0725	-3464.1096
24	10	2849.1558	-3464.237
24	11	2836.0615	-3376.5115
24	12	2853.7046	-3483.9426
24	13	2852.434	-3489.252
25	1	2870.3652	-3416.148
25	2	2830.14	-3377.161
25	3	2845.0676	-3418.7637
25	4	2855.6387	-3424.0686
25	5	2859.4668	-3417.0024
25	6	2845.532	-3422.074
25	7	2869.601	-3365.3494
25	8	2849.775	-3454.5234
25	9	2854.0725	-3464.1096
25	10	2849.1558	-3464.237
25	11	2836.0615	-3376.5115
25	12	2853.7046	-3483.9426
25	13	2852.434	-3489.252
26	1	2870.8486	-3416.6438
26	2	2830.139	-3377.104
26	3	2845.1868	-3418.7617
26	4	2855.6582	-3424.3547
26	5	2859.063	-3416.8447
26	6	2845.532	-3422.074
26	7	2869.592	-3363.987
26	8	2849.775	-3454.5234
26	9	2854.0725	-3464.1096
26	10	2849.1558	-3464.237
26	11	2836.0615	-3376.5115
26	12	2853.7046	-3483.9426
26	13	2852.434	-3489.252
27	1	2871.3481	-3417.1248
27	2	2830.1394	-3377.0732
27	3	2845.2842	-3418.7563
27	4	2855.6897	-3424.6338
27	5	2858.6382	-3416.6887
27	6	2845.532	-3422.074
27	7	2869.5974	-3362.6255
27	8	2849.775	-3454.5234
27	9	2854.0725	-3464.1096
27	10	2849.1558	-3464.237
27	11	2836.0615	-3376.5115
27	12	2853.7046	-3483.9426
27	13	2852.434	-3489.252
28	1	2871.873	-3417.582
28	2	2830.1392	-3377.0327
28	3	2845.4033	-3418.7546
28	4	2855.7305	-3424.887
28	5	2858.1929	-3416.5298
28	6	2845.532	-3422.074
28	7	2869.6006	-3361.2412
28	8	2849.775	-3454.5234
28	9	2854.0725	-3464.1096
28	10	2849.1558	-3464.237
28	11	2836.0615	-3376.5115
28	12	2853.7046	-3483.9426
28	13	2852.434	-3489.252
29	1	2872.4236	-3418.0273
29	2	2830.1375	-3377.0056
29	3	2845.4792	-3418.7522
29	4	2855.7693	-3425.1643
29	5	2857.7244	-3416.3743
29	6	2845.532	-3422.074
29	7	2869.5886	-3359.854
29	8	2849.775	-3454.5234
29	9	2854.0725	-3464.1096
29	10	2849.1558	-3464.237
29	11	2836.0615	-3376.5115
29	12	2853.7046	-3483.9426
29	13	2852.434	-3489.252
30	1	2873.0005	-3418.451
30	2	2830.1387	-3376.973
30	3	2845.5579	-3418.7458
30	4	2855.7932	-3425.4385
30	5	2857.2334	-3416.2185
30	6	2845.532	-3422.074
30	7	2869.5862	-3358.4575
30	8	2849.775	-3454.5234
30	9	2854.0725	-3464.1096
30	10	2849.1558	-3464.237
30	11	2836.0615	-3376.5115
30	12	2853.7046	-3483.9426
30	13	2852.434	-3489.252
31	1	2873.5806	-3418.8452
31	2	2830.1394	-3376.9504
31	3	2845.6396	-3418.7405
31	4	2855.8293	-3425.6836
31	5	2856.7212	-3416.0676
31	6	2845.532	-3422.074
31	7	2869.596	-3357.0059
31	8	2849.775	-3454.5234
31	9	2854.0725	-3464.1096
31	10	2849.1558	-3464.237
31	11	2836.0615	-3376.5115
31	12	2853.7046	-3483.9426
31	13	2852.434	-3489.252
32	1	2874.2	-3419.2366
32	2	2830.138	-3376.9258
32	3	2845.7053	-3418.738
32	4	2855.8552	-3425.8865
32	5	2856.188	-3415.916
32	6	2845.532	-3422.074
32	7	2869.5933	-3355.6206
32	8	2849.775	-3454.5234
32	9	2854.0725	-3464.1096
32	10	2849.1558	-3464.237
32	11	2836.0615	-3376.5115
32	12	2853.7046	-3483.9426
32	13	2852.434	-3489.252
33	1	2874.8342	-3419.5996
33	2	2830.1355	-3376.9182
33	3	2845.7507	-3418.7378
33	4	2855.8748	-3426.1338
33	5	2855.6306	-3415.769
33	6	2845.532	-3422.074
33	7	2869.5881	-3354.2026
33	8	2849.775	-3454.5234
33	9	2854.0725	-3464.1096
33	10	2849.1558	-3464.237
33	11	2836.0615	-3376.5115
33	12	2853.7046	-3483.9426
33	13	2852.434	-3489.252
34	1	2875.4646	-3419.9243
34	2	2830.133	-3376.8997
34	3	2845.8167	-3418.7324
34	4	2855.904	-3426.4343
34	5	2855.0503	-3415.6238
34	6	2845.532	-3422.074
34	7	2869.5974	-3352.7566
34	8	2849.775	-3454.5234
34	9	2854.0725	-3464.1096
34	10	2849.1558	-3464.237
34	11	2836.0615	-3376.5115
34	12	2853.7046	-3483.9426
34	13	2852.434	-3489.252
35	1	2876.0942	-3420.2249
35	2	2830.1245	-3376.874
35	3	2845.8762	-3418.7256
35	4	2855.9265	-3426.7043
35	5	2854.4485	-3415.482
35	6	2845.532	-3422.074
35	7	2869.6055	-3351.3032
35	8	2849.775	-3454.5234
35	9	2854.0725	-3464.1096
35	10	2849.1558	-3464.237
35	11	2836.0615	-3376.5115
35	12	2853.7046	-3483.9426
35	13	2852.434	-3489.252
36	1	2876.697	-3420.4958
36	2	2830.123	-3376.859
36	3	2845.9587	-3418.7197
36	4	2855.9465	-3426.9731
36	5	2853.8247	-3415.3467
36	6	2845.532	-3422.074
36	7	2869.6162	-3349.8562
36	8	2849.775	-3454.5234
36	9	2854.0725	-3464.1096
36	10	2849.1558	-3464.237
36	11	2836.0615	-3376.5115
36	12	2853.7046	-3483.9426
36	13	2852.434	-3489.252
37	1	2877.326	-3420.7405
37	2	2830.1267	-3376.8499
37	3	2846.0225	-3418.7122
37	4	2855.9866	-3427.3218
37	5	2853.179	-3415.216
37	6	2845.532	-3422.074
37	7	2869.63	-3348.419
37	8	2849.775	-3454.5234
37	9	2854.0725	-3464.1096
37	10	2849.1558	-3464.237
37	11	2836.0615	-3376.5115
37	12	2853.7046	-3483.9426
37	13	2852.434	-3489.252
38	1	2877.9473	-3420.9446
38	2	2830.1277	-3376.8408
38	3	2846.0825	-3418.7073
38	4	2856.029	-3427.6055
38	5	2852.5107	-3415.092
38	6	2845.532	-3422.074
38	7	2869.6443	-3346.9487
38	8	2849.775	-3454.5234
38	9	2854.0725	-3464.1096
38	10	2849.1558	-3464.237
38	11	2836.0615	-3376.5115
38	12	2853.7046	-3483.9426
38	13	2852.434	-3489.252
39	1	2878.4739	-3421.1062
39	2	2830.1252	-3376.8298
39	3	2846.1487	-3418.6965
39	4	2856.0613	-3427.8293
39	5	2851.8186	-3414.9763
39	6	2845.532	-3422.074
39	7	2869.6675	-3345.51
39	8	2849.775	-3454.5234
39	9	2854.0725	-3464.1096
39	10	2849.1558	-3464.237
39	11	2836.0615	-3376.5115
39	12	2853.7046	-3483.9426
39	13	2852.434	-3489.252
40	1	2879.1904	-3421.3
40	2	2830.126	-3376.8062
40	3	2846.212	-3418.6877
40	4	2856.0916	-3428.1023
40	5	2851.102	-3414.8655
40	6	2845.532	-3422.074
40	7	2869.6792	-3344.0557
40	8	2849.775	-3454.5234
40	9	2854.0725	-3464.1096
40	10	2849.1558	-3464.237
40	11	2836.0615	-3376.5115
40	12	2853.7046	-3483.9426
40	13	2852.434	-3489.252
41	1	2879.9644	-3421.4868
41	2	2830.1284	-3376.7944
41	3	2846.2727	-3418.6821
41	4	2856.1208	-3428.411
41	5	2850.3613	-3414.7654
41	6	2845.532	-3422.074
41	7	2869.6855	-3342.5388
41	8	2849.775	-3454.5234
41	9	2854.0725	-3464.1096
41	10	2849.1558	-3464.237
41	11	2836.0615	-3376.5115
41	12	2853.7046	-3483.9426
41	13	2852.434	-3489.252
42	1	2880.768	-3421.6426
42	2	2830.1257	-3376.7817
42	3	2846.334	-3418.6726
42	4	2856.154	-3428.7627
42	5	2849.5994	-3414.6743
42	6	2845.532	-3422.074
42	7	2869.6826	-3341.0818
42	8	2849.775	-3454.5234
42	9	2854.0725	-3464.1096
42	10	2849.1558	-3464.237
42	11	2836.0615	-3376.5115
42	12	2853.7046	-3483.9426
42	13	2852.434	-3489.252
43	1	2881.5828	-3421.7761
43	2	2830.117	-3376.7683
43	3	2846.408	-3418.6626
43	4	2856.18	-3429.0088
43	5	2848.815	-3414.5894
43	6	2845.532	-3422.074
43	8	2849.775	-3454.5234
43	9	2854.0725	-3464.1096
43	10	2849.1558	-3464.237
43	11	2836.0615	-3376.5115
43	12	2853.7046	-3483.9426
43	13	2852.434	-3489.252
44	1	2882.382	-3421.8962
44	2	2830.1133	-3376.7327
44	3	2846.506	-3418.6526
44	4	2856.194	-3429.2783
44	5	2848.0076	-3414.517
44	6	2845.532	-3422.074
44	8	2849.775	-3454.5234
44	9	2854.0725	-3464.1096
44	10	2849.1558	-3464.237
44	11	2836.0615	-3376.5115
44	12	2853.7046	-3483.9426
44	13	2852.434	-3489.252
45	1	2883.236	-3422.0034
45	2	2830.1106	-3376.7275
45	3	2846.6	-3418.6287
45	4	2856.1958	-3429.5554
45	5	2847.179	-3414.4473
45	6	2845.532	-3422.074
45	8	2849.775	-3454.5234
45	9	2854.0725	-3464.1096
45	10	2849.1558	-3464.237
45	11	2836.0615	-3376.5115
45	12	2853.7046	-3483.9426
45	13	2852.434	-3489.252
46	1	2884.0884	-3422.0889
46	2	2830.1099	-3376.7068
46	3	2846.687	-3418.5923
46	4	2856.2002	-3429.8457
46	5	2846.327	-3414.3882
46	6	2845.532	-3422.074
46	8	2849.775	-3454.5234
46	9	2854.0725	-3464.1096
46	10	2849.1558	-3464.237
46	11	2836.0615	-3376.5115
46	12	2853.7046	-3483.9426
46	13	2852.434	-3489.252
47	1	2884.9785	-3422.1724
47	2	2830.1094	-3376.6921
47	3	2846.7917	-3418.577
47	4	2856.2092	-3430.1716
47	5	2845.4521	-3414.338
47	6	2845.532	-3422.074
47	8	2849.775	-3454.5234
47	9	2854.0725	-3464.1096
47	10	2849.1558	-3464.237
47	11	2836.0615	-3376.5115
47	12	2853.7046	-3483.9426
47	13	2852.434	-3489.252
48	1	2885.8516	-3422.237
48	2	2830.1125	-3376.6804
48	3	2846.867	-3418.557
48	4	2856.2195	-3430.4138
48	5	2844.5562	-3414.2957
48	6	2845.532	-3422.074
48	8	2849.775	-3454.5234
48	9	2854.0725	-3464.1096
48	10	2849.1558	-3464.237
48	11	2836.0615	-3376.5115
48	12	2853.7046	-3483.9426
49	1	2886.7524	-3422.2927
49	2	2830.1116	-3376.6934
49	3	2846.9448	-3418.5312
49	4	2856.2134	-3430.7231
49	5	2843.6392	-3414.2583
49	6	2845.532	-3422.074
49	8	2849.775	-3454.5234
49	9	2854.0725	-3464.1096
49	10	2849.1558	-3464.237
49	11	2836.0615	-3376.5115
49	12	2853.7046	-3483.9426
49	13	2852.434	-3489.252
50	1	2887.672	-3422.344
50	2	2830.1155	-3376.6958
50	3	2847.0276	-3418.498
50	4	2856.167	-3431.0454
50	5	2842.703	-3414.231
50	6	2845.532	-3422.074
50	8	2849.775	-3454.5234
50	9	2854.0725	-3464.1096
50	10	2849.1558	-3464.237
50	11	2836.0615	-3376.5115
50	12	2853.7046	-3483.9426
51	1	2888.604	-3422.3884
51	2	2830.1096	-3376.7053
51	3	2847.1133	-3418.475
51	4	2856.1804	-3431.2798
51	5	2841.747	-3414.2073
51	6	2845.532	-3422.074
51	8	2849.775	-3454.5234
51	9	2854.0725	-3464.1096
51	11	2836.0615	-3376.5115
52	1	2889.566	-3422.433
52	2	2830.1123	-3376.7092
52	3	2847.1975	-3418.448
52	4	2856.128	-3431.551
52	5	2840.7705	-3414.1921
52	6	2845.532	-3422.074
52	8	2849.775	-3454.5234
52	9	2854.0725	-3464.1096
52	11	2836.0615	-3376.5115
53	1	2890.5422	-3422.464
53	2	2830.114	-3376.694
53	3	2847.3013	-3418.4077
53	4	2856.0383	-3431.8455
53	5	2839.7722	-3414.1807
53	6	2845.532	-3422.074
53	8	2849.775	-3454.5234
53	9	2854.0725	-3464.1096
53	11	2836.0615	-3376.5115
54	1	2891.5522	-3422.4902
54	2	2830.1104	-3376.6917
54	3	2847.4058	-3418.3655
54	4	2855.9338	-3431.9932
54	5	2838.7507	-3414.1753
54	6	2845.532	-3422.074
54	8	2849.775	-3454.5234
54	9	2854.0725	-3464.1096
54	11	2836.0615	-3376.5115
55	1	2892.5288	-3422.495
55	2	2830.1057	-3376.6597
55	3	2847.4983	-3418.3264
55	4	2855.7864	-3432.4143
55	5	2837.7092	-3414.1726
55	6	2845.532	-3422.074
55	9	2854.0725	-3464.1096
55	11	2836.0615	-3376.5115
56	1	2893.51	-3422.475
56	2	2830.0867	-3376.6943
56	3	2847.6094	-3418.244
56	4	2855.6042	-3432.5867
56	5	2836.6482	-3414.1736
56	6	2845.532	-3422.074
56	11	2836.0615	-3376.5115
57	1	2894.5698	-3422.4812
57	2	2830.0806	-3376.6875
57	3	2847.7405	-3418.192
57	4	2855.397	-3432.8428
57	5	2835.5671	-3414.1775
57	6	2845.532	-3422.074
57	11	2836.0615	-3376.5115
58	1	2895.554	-3422.494
58	2	2830.0803	-3376.6733
58	3	2847.8738	-3418.1267
58	4	2855.272	-3432.948
58	5	2834.4673	-3414.182
58	6	2845.532	-3422.074
58	11	2836.0615	-3376.5115
59	1	2896.6882	-3422.4836
59	2	2830.082	-3376.664
59	3	2848.0134	-3418.0413
59	4	2855.084	-3433.3274
59	5	2833.347	-3414.1892
59	6	2845.532	-3422.074
59	11	2836.0615	-3376.5115
60	1	2897.7974	-3422.486
60	2	2830.087	-3376.668
60	3	2848.1726	-3417.9524
60	4	2854.8623	-3433.5315
60	5	2832.2083	-3414.1965
60	6	2845.532	-3422.074
60	11	2836.0615	-3376.5115
61	1	2898.93	-3422.49
61	2	2830.0889	-3376.6694
61	3	2848.3433	-3417.8384
61	4	2854.6033	-3433.6892
61	5	2831.05	-3414.2053
61	6	2845.532	-3422.074
61	11	2836.0615	-3376.5115
62	1	2900.0488	-3422.4934
62	2	2830.0815	-3376.6675
62	3	2848.524	-3417.705
62	4	2854.397	-3433.7998
62	5	2829.8706	-3414.2131
62	6	2845.532	-3422.074
62	11	2836.0615	-3376.5115
62	14	2778.433	-3380.2869
63	1	2901.1677	-3422.5107
63	2	2830.0747	-3376.6704
63	3	2848.709	-3417.5605
63	4	2854.0938	-3433.8652
63	5	2828.6694	-3414.2234
63	6	2845.532	-3422.074
63	11	2836.0615	-3376.5115
63	14	2778.433	-3380.2869
63	15	2766.127	-3396.4785
64	1	2902.3193	-3422.5405
64	2	2830.0825	-3376.6821
64	3	2848.8967	-3417.379
64	4	2853.8486	-3433.9673
64	5	2827.4478	-3414.234
64	6	2845.532	-3422.074
64	11	2836.0615	-3376.5115
64	14	2778.433	-3380.2869
65	1	2903.4844	-3422.551
65	2	2830.0815	-3376.6736
65	3	2849.0886	-3417.1787
65	4	2853.6355	-3434.0032
65	5	2826.2068	-3414.2444
65	6	2845.532	-3422.074
65	11	2836.0615	-3376.5115
65	14	2778.433	-3380.2869
66	2	2830.083	-3376.6694
66	3	2849.267	-3416.9546
66	4	2853.419	-3434.0244
66	5	2824.9465	-3414.2576
66	6	2845.532	-3422.074
66	11	2836.0615	-3376.5115
66	14	2778.433	-3380.2869
66	15	2766.127	-3396.4785
67	2	2830.0813	-3376.6677
67	3	2849.452	-3416.71
67	4	2853.157	-3434.046
67	5	2823.668	-3414.2693
67	6	2845.532	-3422.074
67	11	2836.0615	-3376.5115
67	14	2778.433	-3380.2869
67	15	2766.127	-3396.4785
68	2	2830.0872	-3376.6597
68	3	2849.616	-3416.4468
68	4	2852.9365	-3434.0505
68	5	2822.3699	-3414.2805
68	6	2845.532	-3422.074
68	11	2836.0615	-3376.5115
68	14	2778.433	-3380.2869
68	15	2766.127	-3396.4785
69	2	2830.0813	-3376.6443
69	3	2849.7764	-3416.1401
69	4	2852.7026	-3434.0596
69	5	2821.053	-3414.2927
69	6	2845.532	-3422.074
69	11	2836.0615	-3376.5115
69	14	2778.433	-3380.2869
69	15	2766.127	-3396.4785
70	2	2830.0823	-3376.6118
70	3	2849.926	-3415.8154
70	4	2852.464	-3434.0603
70	5	2819.716	-3414.3042
70	6	2845.532	-3422.074
70	11	2836.0615	-3376.5115
70	14	2778.433	-3380.2869
70	15	2766.127	-3396.4785
71	3	2850.0505	-3415.4805
71	4	2852.211	-3434.06
71	5	2818.3608	-3414.3162
71	6	2845.532	-3422.074
71	11	2836.0615	-3376.5115
71	14	2778.433	-3380.2869
71	15	2766.127	-3396.4785
72	2	2830.0771	-3376.6787
72	3	2850.1458	-3415.1284
72	4	2851.9753	-3434.0613
72	5	2816.987	-3414.326
72	6	2845.532	-3422.074
72	11	2836.0615	-3376.5115
72	14	2778.433	-3380.2869
72	15	2766.127	-3396.4785
73	2	2830.0842	-3376.643
73	3	2850.2275	-3414.7717
73	4	2851.683	-3434.0713
73	5	2815.5942	-3414.3364
73	6	2845.532	-3422.074
73	11	2836.0615	-3376.5115
73	14	2778.433	-3380.2869
73	15	2766.127	-3396.4785
74	2	2830.0845	-3376.634
74	3	2850.2668	-3414.3809
74	4	2851.3987	-3434.039
74	5	2814.1824	-3414.3455
74	6	2845.532	-3422.074
74	11	2836.0615	-3376.5115
74	14	2778.433	-3380.2869
74	15	2766.127	-3396.4785
75	2	2830.0789	-3376.5962
75	3	2850.2778	-3414.005
75	4	2851.2034	-3434.0662
75	5	2812.7522	-3414.3528
75	6	2845.532	-3422.074
75	11	2836.0615	-3376.5115
75	14	2778.433	-3380.2869
75	15	2766.127	-3396.4785
76	2	2830.0757	-3376.5889
76	3	2850.2495	-3413.6174
76	4	2850.9436	-3434.0457
76	5	2811.3042	-3414.3599
76	6	2845.532	-3422.074
76	11	2836.0615	-3376.5115
76	14	2778.433	-3380.2869
77	2	2830.079	-3376.5518
77	3	2850.1995	-3413.2122
77	4	2850.7551	-3434.0276
77	5	2809.8384	-3414.3645
77	6	2845.532	-3422.074
77	11	2836.0615	-3376.5115
77	14	2778.433	-3380.2869
77	15	2766.127	-3396.4785
78	2	2830.0747	-3376.5598
78	3	2850.0972	-3412.7786
78	4	2850.4297	-3434.0369
78	5	2808.356	-3414.3726
78	6	2845.532	-3422.074
78	11	2836.0615	-3376.5115
78	14	2778.433	-3380.2869
78	15	2766.127	-3396.4785
79	2	2830.0735	-3376.5493
79	3	2849.949	-3412.3374
79	4	2850.2153	-3434.0337
79	5	2806.8555	-3414.378
79	6	2845.532	-3422.074
79	11	2836.0615	-3376.5115
79	14	2778.433	-3380.2869
79	15	2766.127	-3396.4785
80	2	2830.0767	-3376.5264
80	3	2849.7534	-3411.913
80	4	2849.906	-3434.0598
80	5	2805.3398	-3414.3804
80	6	2845.532	-3422.074
80	11	2836.0615	-3376.5115
80	14	2778.433	-3380.2869
80	15	2766.127	-3396.4785
81	2	2830.0806	-3376.5283
81	3	2849.5317	-3411.5295
81	4	2849.7405	-3434.035
81	5	2803.8071	-3414.3826
81	6	2845.532	-3422.074
81	11	2836.0615	-3376.5115
81	14	2778.433	-3380.2869
81	15	2766.127	-3396.4785
82	2	2830.0835	-3376.5059
82	3	2849.262	-3411.132
82	4	2849.2993	-3434.088
82	5	2802.2588	-3414.383
82	6	2845.532	-3422.074
82	11	2836.0615	-3376.5115
82	14	2778.433	-3380.2869
82	15	2766.127	-3396.4785
83	2	2830.0874	-3376.5513
83	3	2848.979	-3410.7656
83	4	2849.1514	-3434.0422
83	5	2800.6948	-3414.384
83	6	2845.532	-3422.074
83	11	2836.0615	-3376.5115
83	14	2778.433	-3380.2869
83	15	2766.127	-3396.4785
84	2	2830.0725	-3376.4763
84	3	2848.6428	-3410.3862
84	4	2848.902	-3434.0767
84	5	2799.1162	-3414.385
84	6	2845.532	-3422.074
84	11	2836.0615	-3376.5115
84	14	2778.433	-3380.2869
84	15	2766.127	-3396.4785
85	3	2848.2705	-3410.03
85	4	2848.643	-3434.0803
85	5	2797.522	-3414.3862
85	6	2845.532	-3422.074
85	11	2836.0615	-3376.5115
85	14	2778.433	-3380.2869
85	15	2766.127	-3396.4785
86	3	2847.877	-3409.725
86	4	2848.3796	-3434.0876
86	5	2795.9114	-3414.387
86	6	2845.532	-3422.074
86	11	2836.0615	-3376.5115
86	14	2778.433	-3380.2869
86	15	2766.127	-3396.4785
87	3	2847.425	-3409.401
87	4	2848.0974	-3434.0881
87	5	2794.2852	-3414.3882
87	6	2845.532	-3422.074
87	14	2778.433	-3380.2869
87	15	2766.127	-3396.4785
87	17	2741.385	-3358.4956
88	2	2830.081	-3376.6558
88	3	2846.969	-3409.1365
88	4	2847.83	-3434.0688
88	5	2792.812	-3414.3928
88	6	2845.532	-3422.074
88	14	2778.433	-3380.2869
88	15	2766.127	-3396.4785
88	17	2741.385	-3358.4956
89	2	2830.062	-3376.471
89	3	2846.49	-3408.9001
89	4	2847.5405	-3434.05
89	5	2791.1626	-3414.3943
89	6	2845.532	-3422.074
89	14	2778.433	-3380.2869
89	15	2766.127	-3396.4785
89	17	2741.385	-3358.4956
90	2	2830.067	-3376.5483
90	3	2845.959	-3408.6643
90	4	2847.2786	-3434.0835
90	5	2789.4976	-3414.3994
90	6	2845.532	-3422.074
90	14	2778.433	-3380.2869
90	15	2766.127	-3396.4785
90	17	2741.385	-3358.4956
