0	1	-1069.6918	10966.188
0	4	-1121.0343	10942.082
0	5	-1120.4391	10933.362
0	6	-1133.1036	10932.322
0	8	-1106.0695	10948.195
0	9	-1126.9736	10918.096
0	10	-1106.2548	10964.594
0	11	-1113.8544	10915.075
0	12	-1126.6992	10914.494
0	13	-1148.8936	10948.869
0	14	-1106.2687	10968.226
0	15	-1129.3086	10911.279
0	16	-1154.952	10948.664
0	17	-1089.1309	10964.967
0	18	-1126.0303	10907.621
0	19	-1094.3085	10968.078
0	20	-1135.2089	10976.498
0	21	-1140.6512	10967.157
0	22	-1097.6018	10972.595
0	23	-1125.7211	10903.857
0	24	-1109.444	10902.324
0	25	-1119.2701	10982.834
0	26	-1108.1682	10901.997
0	27	-1125.444	10899.899
0	28	-1090.8108	10972.697
0	29	-1127.4508	10987.121
0	30	-1133.3142	10987.058
0	31	-1077.0444	10972.888
0	32	-1160.2823	10963.778
0	33	-1073.8755	10972.429
0	35	-1179.8987	10965.842
0	36	-1187.5115	10970.116
0	74	-1085.1827	10972.805
0	75	-1172.7937	10946.126
0	77	-1063.0767	10973.531
1	1	-1070.6003	10966.206
1	2	-1116.7683	10920.821
1	4	-1121.0342	10942.082
1	5	-1120.4424	10933.366
1	6	-1133.1086	10932.476
1	8	-1106.0693	10948.197
1	9	-1126.9736	10918.096
1	10	-1106.4802	10964.587
1	11	-1113.8544	10915.075
1	12	-1126.6992	10914.494
1	13	-1148.8936	10948.869
1	14	-1106.5115	10968.213
1	15	-1129.2888	10911.29
1	16	-1154.952	10948.664
1	17	-1089.8044	10964.96
1	18	-1126.0303	10907.621
1	19	-1094.7805	10968.064
1	20	-1135.1892	10976.5
1	21	-1141.6234	10967.14
1	22	-1097.6018	10972.595
1	23	-1125.7211	10903.857
1	24	-1109.4349	10902.439
1	25	-1119.2701	10982.834
1	26	-1108.2018	10902.132
1	27	-1125.444	10899.899
1	28	-1090.8411	10972.702
1	29	-1127.4297	10986.924
1	30	-1133.3142	10987.058
1	31	-1077.0444	10972.888
1	32	-1161.4513	10963.742
1	33	-1073.8986	10972.394
1	35	-1180.4609	10965.828
1	36	-1187.5115	10970.116
1	74	-1085.1827	10972.805
1	75	-1172.9258	10946.102
1	77	-1063.0767	10973.531
2	1	-1071.477	10966.235
2	2	-1116.781	10921.34
2	3	-1139.4583	10972.07
2	4	-1121.0342	10942.082
2	5	-1120.4445	10933.37
2	6	-1133.0988	10932.636
2	8	-1106.0618	10948.195
2	9	-1126.9736	10918.096
2	10	-1106.6827	10964.59
2	11	-1113.8544	10915.075
2	12	-1126.6992	10914.494
2	13	-1148.8936	10948.869
2	14	-1106.7094	10968.202
2	15	-1129.2794	10911.297
2	16	-1154.952	10948.664
2	17	-1090.4739	10964.955
2	18	-1126.0303	10907.621
2	19	-1095.222	10968.054
2	20	-1135.178	10976.487
2	21	-1142.6046	10967.12
2	22	-1097.6018	10972.595
2	23	-1125.7211	10903.857
2	24	-1109.4412	10902.542
2	25	-1119.2701	10982.834
2	26	-1108.1921	10902.26
2	27	-1125.444	10899.899
2	28	-1090.8531	10972.715
2	29	-1127.4205	10986.783
2	30	-1133.3142	10987.058
2	31	-1077.0444	10972.888
2	32	-1162.5762	10963.7
2	33	-1073.9186	10972.38
2	35	-1180.9526	10965.823
2	36	-1187.5115	10970.116
2	74	-1085.1827	10972.805
2	75	-1173.0223	10946.068
2	77	-1063.0767	10973.531
3	1	-1072.3928	10966.257
3	2	-1116.7955	10921.817
3	3	-1139.432	10972.075
3	4	-1121.0342	10942.082
3	5	-1120.4458	10933.365
3	6	-1133.1398	10932.804
3	8	-1106.0741	10948.196
3	9	-1126.9736	10918.096
3	10	-1106.863	10964.591
3	11	-1113.8544	10915.075
3	12	-1126.6992	10914.494
3	13	-1148.8936	10948.869
3	14	-1106.8569	10968.195
3	15	-1129.3048	10911.295
3	16	-1154.952	10948.664
3	17	-1091.1072	10964.955
3	18	-1126.0303	10907.621
3	19	-1095.6409	10968.05
3	20	-1135.1571	10976.48
3	21	-1143.5735	10967.116
3	22	-1097.6018	10972.595
3	23	-1125.7211	10903.857
3	24	-1109.456	10902.655
3	25	-1119.2701	10982.834
3	26	-1108.2223	10902.367
3	27	-1125.444	10899.899
3	28	-1090.8369	10972.722
3	29	-1127.4105	10986.634
3	30	-1133.3142	10987.058
3	31	-1077.0444	10972.888
3	32	-1163.6974	10963.644
3	33	-1073.9498	10972.357
3	35	-1181.4354	10965.814
3	36	-1187.5115	10970.116
3	37	-1052.1306	10973.886
3	74	-1085.1827	10972.805
3	75	-1173.1368	10946.017
3	77	-1063.0767	10973.531
4	1	-1073.2933	10966.285
4	2	-1116.8298	10922.2705
4	3	-1139.4673	10972.065
4	4	-1121.0343	10942.082
4	5	-1120.4457	10933.363
4	6	-1133.1671	10932.986
4	7	-1106.0061	10947.764
4	8	-1106.0457	10948.177
4	9	-1126.9736	10918.096
4	10	-1107.026	10964.595
4	11	-1113.8544	10915.075
4	12	-1126.6992	10914.494
4	13	-1148.8936	10948.869
4	14	-1106.9973	10968.174
4	15	-1129.306	10911.294
4	16	-1154.952	10948.664
4	17	-1091.7285	10964.952
4	18	-1126.0303	10907.621
4	19	-1096.0298	10968.042
4	20	-1135.1523	10976.477
4	21	-1144.5896	10967.109
4	22	-1097.6018	10972.595
4	23	-1125.7211	10903.857
4	24	-1109.4757	10902.771
4	25	-1119.2701	10982.834
4	26	-1108.2238	10902.474
4	27	-1125.444	10899.899
4	28	-1090.8118	10972.716
4	29	-1127.4073	10986.485
4	30	-1133.3142	10987.058
4	31	-1077.0444	10972.888
4	32	-1164.8229	10963.597
4	33	-1073.9506	10972.353
4	35	-1181.9485	10965.8
4	36	-1187.5115	10970.116
4	37	-1052.1306	10973.886
4	74	-1085.1827	10972.805
4	75	-1173.2637	10945.963
4	77	-1063.0767	10973.531
5	1	-1074.1466	10966.325
5	2	-1116.8572	10922.716
5	3	-1139.4803	10972.0625
5	4	-1121.0343	10942.082
5	5	-1120.4442	10933.365
5	6	-1133.1748	10933.158
5	7	-1106.0131	10947.757
5	8	-1106.07	10948.188
5	9	-1126.9736	10918.096
5	10	-1107.1743	10964.592
5	11	-1113.8544	10915.075
5	12	-1126.6992	10914.494
5	13	-1148.8936	10948.869
5	14	-1107.1431	10968.158
5	15	-1129.2722	10911.305
5	16	-1154.952	10948.664
5	17	-1092.3223	10964.948
5	18	-1126.0303	10907.621
5	19	-1096.3718	10968.032
5	20	-1135.1357	10976.472
5	21	-1145.5552	10967.09
5	22	-1097.6018	10972.595
5	23	-1125.7211	10903.857
5	24	-1109.4763	10902.871
5	25	-1119.2701	10982.834
5	26	-1108.2426	10902.585
5	27	-1125.444	10899.899
5	28	-1090.8407	10972.69
5	29	-1127.3848	10986.303
5	30	-1133.3142	10987.058
5	31	-1077.0444	10972.888
5	32	-1165.9417	10963.553
5	33	-1073.9956	10972.315
5	35	-1182.4603	10965.799
5	36	-1187.5115	10970.116
5	37	-1052.1306	10973.886
5	74	-1085.1827	10972.805
5	75	-1173.3553	10945.928
5	77	-1063.0767	10973.531
6	1	-1075.0352	10966.358
6	2	-1116.8599	10923.1875
6	3	-1139.4894	10972.051
6	4	-1121.0342	10942.082
6	5	-1120.4462	10933.36
6	6	-1133.1626	10933.329
6	7	-1106.0165	10947.722
6	8	-1106.0668	10948.186
6	9	-1126.9736	10918.096
6	10	-1107.2931	10964.593
6	11	-1113.8544	10915.075
6	12	-1126.6992	10914.494
6	13	-1148.8936	10948.869
6	14	-1107.2572	10968.148
6	15	-1129.2972	10911.3
6	16	-1154.952	10948.664
6	17	-1092.8976	10964.944
6	18	-1126.0303	10907.621
6	19	-1096.7009	10968.025
6	20	-1135.141	10976.466
6	21	-1146.5073	10967.062
6	22	-1097.6018	10972.595
6	23	-1125.7211	10903.857
6	24	-1109.4805	10902.981
6	25	-1119.2701	10982.834
6	26	-1108.2654	10902.711
6	27	-1125.444	10899.899
6	28	-1090.8921	10972.707
6	29	-1127.372	10986.101
6	30	-1133.3142	10987.058
6	31	-1077.0444	10972.888
6	32	-1167.0251	10963.499
6	33	-1073.9915	10972.316
6	35	-1182.9594	10965.808
6	36	-1187.5115	10970.116
6	37	-1052.1306	10973.886
6	74	-1085.1827	10972.805
6	77	-1063.0767	10973.531
7	1	-1075.8656	10966.412
7	2	-1116.8558	10923.605
7	3	-1139.494	10972.043
7	4	-1121.0339	10942.082
7	5	-1120.4427	10933.36
7	6	-1133.2125	10933.513
7	7	-1106.0105	10947.736
7	8	-1106.0687	10948.187
7	9	-1126.9736	10918.096
7	10	-1107.4006	10964.593
7	11	-1113.8544	10915.075
7	12	-1126.6992	10914.494
7	13	-1148.8936	10948.869
7	14	-1107.3406	10968.136
7	15	-1129.2726	10911.284
7	16	-1154.952	10948.664
7	17	-1093.4497	10964.937
7	18	-1126.0303	10907.621
7	19	-1097.0117	10968.015
7	20	-1135.146	10976.48
7	21	-1147.4801	10967.033
7	22	-1097.6018	10972.595
7	23	-1125.7211	10903.857
7	24	-1109.4824	10903.081
7	25	-1119.2701	10982.834
7	26	-1108.2727	10902.837
7	27	-1125.444	10899.899
7	28	-1090.9354	10972.707
7	29	-1127.3712	10985.977
7	30	-1133.3142	10987.058
7	31	-1077.0444	10972.888
7	32	-1168.134	10963.444
7	33	-1073.9955	10972.302
7	35	-1183.4554	10965.793
7	36	-1187.5115	10970.116
7	37	-1052.1306	10973.886
7	74	-1085.1827	10972.805
7	75	-1173.5903	10945.854
8	1	-1076.6832	10966.454
8	2	-1116.8569	10924.007
8	3	-1139.4939	10972.042
8	4	-1121.034	10942.082
8	5	-1120.4434	10933.363
8	6	-1133.2487	10933.722
8	7	-1105.992	10947.732
8	8	-1106.0637	10948.177
8	9	-1126.9736	10918.096
8	10	-1107.4994	10964.596
8	11	-1113.8544	10915.075
8	12	-1126.6992	10914.494
8	13	-1148.8936	10948.869
8	14	-1107.4077	10968.126
8	15	-1129.2803	10911.276
8	16	-1154.952	10948.664
8	17	-1093.9681	10964.928
8	18	-1126.0303	10907.621
8	19	-1097.291	10968.011
8	20	-1135.1466	10976.48
8	21	-1148.462	10967.0
8	22	-1097.6018	10972.595
8	23	-1125.7211	10903.857
8	24	-1109.495	10903.185
8	25	-1119.2701	10982.834
8	26	-1108.3053	10902.959
8	27	-1125.444	10899.899
8	28	-1090.9451	10972.697
8	29	-1127.3651	10985.867
8	30	-1133.3142	10987.058
8	31	-1077.0444	10972.888
8	32	-1169.263	10963.395
8	33	-1074.027	10972.321
8	35	-1183.9503	10965.796
8	36	-1187.5115	10970.116
8	37	-1052.1306	10973.886
9	1	-1077.5012	10966.523
9	2	-1116.8584	10924.426
9	3	-1139.4926	10972.037
9	4	-1121.034	10942.082
9	5	-1120.4462	10933.378
9	6	-1133.253	10933.851
9	7	-1106.0239	10947.715
9	8	-1106.0741	10948.186
9	9	-1126.9736	10918.096
9	10	-1107.5549	10964.598
9	11	-1113.8544	10915.075
9	12	-1126.6992	10914.494
9	13	-1148.8936	10948.869
9	14	-1107.472	10968.133
9	15	-1129.2694	10911.255
9	16	-1154.952	10948.664
9	17	-1094.4727	10964.925
9	18	-1126.0303	10907.621
9	19	-1097.5367	10968.009
9	20	-1135.1405	10976.476
9	21	-1149.4095	10966.968
9	22	-1097.6018	10972.595
9	23	-1125.7211	10903.857
9	24	-1109.487	10903.296
9	25	-1119.2701	10982.834
9	26	-1108.3206	10903.069
9	27	-1125.444	10899.899
9	28	-1090.959	10972.692
9	29	-1127.3597	10985.774
9	30	-1133.3142	10987.058
9	31	-1077.0444	10972.888
9	32	-1170.3038	10963.34
9	33	-1074.0496	10972.343
9	35	-1184.4595	10965.808
9	36	-1187.5115	10970.116
9	37	-1052.1306	10973.886
10	1	-1078.2999	10966.579
10	2	-1116.8586	10924.841
10	3	-1139.4893	10972.03
10	4	-1121.0339	10942.082
10	5	-1120.4486	10933.365
10	6	-1133.2548	10933.991
10	7	-1106.0148	10947.777
10	8	-1106.0664	10948.187
10	9	-1126.9736	10918.096
10	10	-1107.6102	10964.6
10	11	-1113.8544	10915.075
10	12	-1126.6992	10914.494
10	13	-1148.8936	10948.869
10	14	-1107.5616	10968.094
10	15	-1129.2793	10911.258
10	16	-1154.952	10948.664
10	17	-1094.9598	10964.919
10	18	-1126.0303	10907.621
10	19	-1097.7395	10968.002
10	20	-1135.147	10976.484
10	21	-1150.371	10966.937
10	22	-1097.6018	10972.595
10	23	-1125.7211	10903.857
10	24	-1109.4908	10903.397
10	25	-1119.2701	10982.834
10	26	-1108.3176	10903.164
10	27	-1125.444	10899.899
10	28	-1090.9802	10972.688
10	29	-1127.3574	10985.691
10	30	-1133.3142	10987.058
10	31	-1077.0444	10972.888
10	32	-1171.3477	10963.276
10	33	-1074.0652	10972.333
10	34	-1063.1027	10973.554
10	35	-1184.9584	10965.822
10	36	-1187.5115	10970.116
10	37	-1052.1306	10973.886
11	1	-1079.1125	10966.652
11	2	-1116.8624	10925.227
11	3	-1139.4982	10972.028
11	4	-1121.034	10942.082
11	5	-1120.4546	10933.363
11	6	-1133.2783	10934.148
11	7	-1106.0089	10947.713
11	8	-1106.0675	10948.187
11	9	-1126.9736	10918.096
11	10	-1107.659	10964.598
11	11	-1113.8544	10915.075
11	12	-1126.6992	10914.494
11	13	-1148.8936	10948.869
11	14	-1107.6125	10968.092
11	15	-1129.2733	10911.242
11	16	-1154.952	10948.664
11	17	-1095.4032	10964.916
11	18	-1126.0303	10907.621
11	19	-1097.9474	10968.001
11	20	-1135.1351	10976.483
11	21	-1151.32	10966.902
11	22	-1097.6018	10972.595
11	23	-1125.7211	10903.857
11	24	-1109.5151	10903.482
11	25	-1119.2701	10982.834
11	26	-1108.3323	10903.282
11	27	-1125.444	10899.899
11	28	-1091.0042	10972.686
11	29	-1127.353	10985.615
11	30	-1133.3142	10987.058
11	31	-1077.0444	10972.888
11	32	-1172.4254	10963.233
11	33	-1074.094	10972.331
11	34	-1063.1027	10973.554
11	35	-1185.4496	10965.85
11	36	-1187.5115	10970.116
11	37	-1052.1306	10973.886
12	1	-1079.8151	10966.715
12	2	-1116.8624	10925.614
12	3	-1139.5084	10972.052
12	4	-1121.0339	10942.082
12	5	-1120.4539	10933.377
12	6	-1133.2789	10934.295
12	8	-1106.0629	10948.17
12	9	-1126.9736	10918.096
12	10	-1107.694	10964.602
12	11	-1113.8544	10915.075
12	12	-1126.6992	10914.494
12	13	-1148.8936	10948.869
12	14	-1107.6711	10968.092
12	15	-1129.2611	10911.264
12	16	-1154.952	10948.664
12	17	-1095.83	10964.914
12	18	-1126.0303	10907.621
12	19	-1098.1448	10967.994
12	20	-1135.1273	10976.477
12	21	-1152.2782	10966.874
12	22	-1097.6018	10972.595
12	23	-1125.7211	10903.857
12	24	-1109.5316	10903.581
12	25	-1119.2701	10982.834
12	26	-1108.345	10903.407
12	27	-1125.444	10899.899
12	28	-1091.036	10972.679
12	29	-1127.3524	10985.551
12	30	-1133.3142	10987.058
12	31	-1077.0444	10972.888
12	32	-1173.4432	10963.204
12	33	-1074.1188	10972.332
12	34	-1063.1027	10973.554
12	35	-1185.9321	10965.872
12	36	-1187.5115	10970.116
12	37	-1052.1306	10973.886
12	59	-1085.2616	10972.787
13	1	-1080.5712	10966.789
13	2	-1116.8684	10926.03
13	3	-1139.4805	10972.019
13	4	-1121.0339	10942.082
13	5	-1120.4585	10933.372
13	6	-1133.3107	10934.439
13	8	-1106.0642	10948.174
13	9	-1126.9736	10918.096
13	10	-1107.7188	10964.601
13	11	-1113.8544	10915.075
13	12	-1126.6992	10914.494
13	13	-1148.8936	10948.869
13	14	-1107.7091	10968.113
13	15	-1129.2634	10911.255
13	16	-1154.952	10948.664
13	17	-1096.2319	10964.911
13	18	-1126.0303	10907.621
13	19	-1098.2843	10967.991
13	20	-1135.1357	10976.466
13	21	-1153.2067	10966.839
13	22	-1097.6018	10972.595
13	23	-1125.7211	10903.857
13	24	-1109.53	10903.694
13	25	-1119.2701	10982.834
13	26	-1108.368	10903.504
13	27	-1125.444	10899.899
13	28	-1091.0364	10972.676
13	29	-1127.344	10985.493
13	30	-1133.3142	10987.058
13	31	-1077.0444	10972.888
13	32	-1174.4504	10963.176
13	33	-1074.1671	10972.334
13	34	-1063.1027	10973.554
13	35	-1186.482	10965.905
13	36	-1187.5115	10970.116
13	37	-1052.1306	10973.886
13	38	-1059.0615	10969.123
13	59	-1085.2616	10972.787
14	1	-1081.2883	10966.87
14	2	-1116.8894	10926.418
14	3	-1139.5137	10972.044
14	4	-1121.0339	10942.082
14	5	-1120.4629	10933.364
14	6	-1133.3334	10934.626
14	8	-1106.0632	10948.18
14	9	-1126.9736	10918.096
14	10	-1107.7301	10964.597
14	11	-1113.8544	10915.075
14	12	-1126.6992	10914.494
14	13	-1148.8936	10948.869
14	14	-1107.7542	10968.087
14	15	-1129.2689	10911.249
14	16	-1154.952	10948.664
14	17	-1096.607	10964.903
14	18	-1126.0303	10907.621
14	19	-1098.3901	10967.991
14	20	-1135.1405	10976.469
14	21	-1154.1364	10966.811
14	22	-1097.6018	10972.595
14	23	-1125.7211	10903.857
14	24	-1109.5562	10903.781
14	25	-1119.2701	10982.834
14	26	-1108.381	10903.617
14	27	-1125.444	10899.899
14	28	-1091.0302	10972.677
14	29	-1127.3438	10985.417
14	30	-1133.3142	10987.058
14	31	-1077.0444	10972.888
14	32	-1175.479	10963.109
14	34	-1063.1027	10973.554
14	35	-1186.9612	10965.941
14	36	-1187.5115	10970.116
14	37	-1052.1306	10973.886
14	38	-1059.9374	10969.021
14	59	-1085.2616	10972.787
15	1	-1081.9768	10966.95
15	2	-1116.898	10926.799
15	3	-1139.4797	10972.022
15	4	-1121.0339	10942.082
15	5	-1120.459	10933.367
15	6	-1133.3439	10934.786
15	8	-1106.0687	10948.154
15	9	-1126.9736	10918.096
15	10	-1107.7399	10964.597
15	11	-1113.8544	10915.075
15	12	-1126.6992	10914.494
15	13	-1148.8936	10948.869
15	14	-1107.7994	10968.082
15	15	-1129.2664	10911.25
15	16	-1154.952	10948.664
15	17	-1096.9618	10964.897
15	18	-1126.0303	10907.621
15	19	-1098.4801	10967.987
15	20	-1135.1514	10976.464
15	21	-1155.0596	10966.785
15	22	-1097.6018	10972.595
15	23	-1125.7211	10903.857
15	24	-1109.563	10903.888
15	25	-1119.2701	10982.834
15	26	-1108.419	10903.725
15	27	-1125.444	10899.899
15	28	-1091.0474	10972.676
15	29	-1127.3445	10985.375
15	30	-1133.3142	10987.058
15	31	-1077.0444	10972.888
15	32	-1176.3971	10963.112
15	34	-1063.1027	10973.554
15	36	-1187.5115	10970.116
15	37	-1052.1306	10973.886
15	38	-1060.6542	10968.95
15	59	-1085.2616	10972.787
16	1	-1082.6548	10967.032
16	2	-1116.9197	10927.149
16	3	-1139.5006	10972.037
16	4	-1121.0339	10942.082
16	5	-1120.4617	10933.371
16	6	-1133.3835	10934.944
16	8	-1106.0687	10948.149
16	9	-1126.9736	10918.096
16	10	-1107.7518	10964.596
16	11	-1113.8544	10915.075
16	12	-1126.6992	10914.494
16	13	-1148.8936	10948.869
16	14	-1107.8186	10968.082
16	15	-1129.2705	10911.25
16	16	-1154.952	10948.664
16	17	-1097.2721	10964.895
16	18	-1126.0303	10907.621
16	19	-1098.5753	10967.98
16	20	-1135.1447	10976.459
16	21	-1155.9648	10966.753
16	22	-1097.6018	10972.595
16	23	-1125.7211	10903.857
16	24	-1109.5718	10903.984
16	25	-1119.2701	10982.834
16	26	-1108.439	10903.843
16	27	-1125.444	10899.899
16	28	-1091.0651	10972.665
16	29	-1127.3423	10985.306
16	30	-1133.3142	10987.058
16	31	-1077.0444	10972.888
16	32	-1177.3536	10963.089
16	34	-1063.1027	10973.554
16	36	-1187.5115	10970.116
16	37	-1052.1306	10973.886
16	38	-1061.4528	10968.885
16	59	-1085.2616	10972.787
17	1	-1083.3232	10967.118
17	2	-1116.9454	10927.507
17	3	-1139.5139	10972.05
17	4	-1121.0342	10942.082
17	5	-1120.4575	10933.364
17	6	-1133.4016	10935.115
17	7	-1105.9749	10947.704
17	8	-1106.0642	10948.158
17	9	-1126.9736	10918.096
17	10	-1107.759	10964.594
17	11	-1113.8544	10915.075
17	12	-1126.6992	10914.494
17	13	-1148.8936	10948.869
17	14	-1107.8401	10968.079
17	15	-1129.2764	10911.259
17	16	-1154.952	10948.664
17	17	-1097.56	10964.887
17	18	-1126.0303	10907.621
17	19	-1098.632	10967.981
17	20	-1135.1488	10976.46
17	21	-1156.8484	10966.716
17	22	-1097.6018	10972.595
17	23	-1125.7211	10903.857
17	24	-1109.572	10904.08
17	25	-1119.2701	10982.834
17	26	-1108.4624	10903.949
17	27	-1125.444	10899.899
17	28	-1091.0618	10972.658
17	29	-1127.3303	10985.243
17	30	-1133.3142	10987.058
17	31	-1077.0444	10972.888
17	32	-1178.2966	10963.023
17	34	-1063.1027	10973.554
17	36	-1187.5115	10970.116
17	38	-1062.2373	10968.854
17	59	-1085.2616	10972.787
18	1	-1083.9619	10967.207
18	2	-1116.9608	10927.857
18	3	-1139.5271	10972.061
18	4	-1121.034	10942.082
18	5	-1120.467	10933.358
18	6	-1133.3918	10935.306
18	8	-1106.059	10948.149
18	9	-1126.9736	10918.096
18	10	-1107.7699	10964.591
18	11	-1113.8544	10915.075
18	12	-1126.6992	10914.494
18	13	-1148.8936	10948.869
18	14	-1107.8435	10968.102
18	15	-1129.2755	10911.251
18	16	-1154.952	10948.664
18	17	-1097.8186	10964.88
18	18	-1126.0303	10907.621
18	19	-1098.679	10967.9795
18	20	-1135.1448	10976.455
18	21	-1157.7332	10966.688
18	22	-1097.6018	10972.595
18	23	-1125.7211	10903.857
18	24	-1109.5826	10904.182
18	25	-1119.2701	10982.834
18	26	-1108.4695	10904.049
18	27	-1125.444	10899.899
18	28	-1091.0494	10972.661
18	29	-1127.3293	10985.229
18	30	-1133.3142	10987.058
18	31	-1077.0444	10972.888
18	32	-1179.1814	10963.122
18	34	-1063.1027	10973.554
18	36	-1187.5115	10970.116
18	38	-1062.9829	10968.848
18	39	-1067.6172	10965.364
18	59	-1085.2616	10972.787
19	1	-1084.5836	10967.302
19	2	-1116.9873	10928.227
19	3	-1139.5243	10972.09
19	4	-1121.0339	10942.082
19	5	-1120.4569	10933.36
19	6	-1133.3938	10935.435
19	8	-1106.0522	10948.14
19	9	-1126.9736	10918.096
19	10	-1107.7705	10964.591
19	11	-1113.8544	10915.075
19	12	-1126.6992	10914.494
19	13	-1148.8936	10948.869
19	14	-1107.8551	10968.081
19	15	-1129.2815	10911.252
19	16	-1154.952	10948.664
19	17	-1098.038	10964.882
19	18	-1126.0303	10907.621
19	19	-1098.717	10967.98
19	20	-1135.1517	10976.463
19	21	-1158.6034	10966.655
19	22	-1097.6018	10972.595
19	23	-1125.7211	10903.857
19	24	-1109.59	10904.263
19	25	-1119.2701	10982.834
19	26	-1108.4792	10904.155
19	27	-1125.444	10899.899
19	28	-1091.01	10972.656
19	29	-1127.3154	10985.184
19	30	-1133.3142	10987.058
19	32	-1180.1575	10963.236
19	34	-1063.1027	10973.554
19	36	-1187.5115	10970.116
19	38	-1063.6409	10968.785
19	39	-1068.4503	10965.348
19	59	-1085.2616	10972.787
20	1	-1085.1957	10967.398
20	2	-1117.0096	10928.582
20	3	-1139.493	10972.071
20	4	-1121.034	10942.082
20	5	-1120.4645	10933.364
20	6	-1133.4081	10935.607
20	8	-1106.0564	10948.151
20	9	-1126.9736	10918.096
20	10	-1107.767	10964.59
20	11	-1113.8544	10915.075
20	12	-1126.6992	10914.494
20	13	-1148.8936	10948.869
20	14	-1107.8846	10968.082
20	15	-1129.2563	10911.266
20	16	-1154.952	10948.664
20	17	-1098.2393	10964.877
20	18	-1126.0303	10907.621
20	19	-1098.7897	10967.975
20	20	-1135.1471	10976.47
20	21	-1159.4751	10966.626
20	22	-1097.6018	10972.595
20	23	-1125.7211	10903.857
20	24	-1109.601	10904.34
20	25	-1119.2701	10982.834
20	26	-1108.5101	10904.256
20	27	-1125.444	10899.899
20	28	-1090.9623	10972.655
20	29	-1127.3171	10985.156
20	30	-1133.3142	10987.058
20	34	-1063.1027	10973.554
20	36	-1187.5115	10970.116
20	38	-1064.3422	10968.766
20	39	-1069.1477	10965.308
20	59	-1085.2616	10972.787
21	1	-1085.7603	10967.482
21	2	-1117.0332	10928.96
21	3	-1139.4663	10972.057
21	4	-1121.034	10942.082
21	5	-1120.4624	10933.363
21	6	-1133.4379	10935.757
21	8	-1106.0591	10948.157
21	9	-1126.9736	10918.096
21	10	-1107.7688	10964.586
21	11	-1113.8544	10915.075
21	12	-1126.6992	10914.494
21	13	-1148.8936	10948.869
21	14	-1107.8892	10968.077
21	15	-1129.2805	10911.238
21	16	-1154.952	10948.664
21	17	-1098.4213	10964.873
21	18	-1126.0303	10907.621
21	19	-1098.8108	10967.978
21	20	-1135.1475	10976.476
21	21	-1160.302	10966.591
21	22	-1097.6018	10972.595
21	23	-1125.7211	10903.857
21	24	-1109.5406	10904.436
21	25	-1119.2701	10982.834
21	26	-1108.5209	10904.35
21	27	-1125.444	10899.899
21	28	-1090.9677	10972.656
21	29	-1127.3156	10985.16
21	30	-1133.3142	10987.058
21	34	-1063.1027	10973.554
21	36	-1187.5115	10970.116
21	38	-1064.9734	10968.731
21	39	-1069.8849	10965.281
21	50	-1074.1208	10972.401
21	59	-1085.2616	10972.787
22	1	-1086.3116	10967.562
22	2	-1117.0562	10929.298
22	3	-1139.4407	10972.044
22	4	-1121.0339	10942.082
22	5	-1120.4669	10933.369
22	6	-1133.445	10935.92
22	8	-1106.0552	10948.158
22	9	-1126.9736	10918.096
22	10	-1107.7782	10964.586
22	11	-1113.8544	10915.075
22	12	-1126.6992	10914.494
22	13	-1148.8936	10948.869
22	14	-1107.8917	10968.077
22	15	-1129.2639	10911.26
22	16	-1154.952	10948.664
22	17	-1098.5892	10964.869
22	18	-1126.0303	10907.621
22	19	-1098.8239	10967.981
22	20	-1135.1443	10976.472
22	21	-1161.0929	10966.556
22	22	-1097.6018	10972.595
22	23	-1125.7211	10903.857
22	24	-1109.5715	10904.516
22	25	-1119.2701	10982.834
22	26	-1108.5349	10904.46
22	27	-1125.444	10899.899
22	28	-1090.962	10972.659
22	29	-1127.3085	10985.125
22	30	-1133.3142	10987.058
22	34	-1063.1027	10973.554
22	36	-1187.5115	10970.116
22	38	-1065.6606	10968.719
22	39	-1070.6079	10965.245
22	42	-1076.9945	10972.892
22	50	-1074.0768	10972.414
22	59	-1085.2616	10972.787
23	1	-1086.861	10967.647
23	2	-1117.0759	10929.656
23	3	-1139.4001	10972.021
23	4	-1121.0339	10942.082
23	5	-1120.4647	10933.369
23	6	-1133.4635	10936.076
23	8	-1106.0524	10948.153
23	9	-1126.9736	10918.096
23	10	-1107.7759	10964.587
23	11	-1113.8544	10915.075
23	12	-1126.6992	10914.494
23	13	-1148.8936	10948.869
23	14	-1107.9064	10968.078
23	15	-1129.2648	10911.242
23	16	-1154.952	10948.664
23	17	-1098.74	10964.868
23	18	-1126.0303	10907.621
23	19	-1098.8556	10967.9795
23	20	-1135.148	10976.468
23	21	-1161.9329	10966.524
23	22	-1097.6018	10972.595
23	23	-1125.7211	10903.857
23	24	-1109.6558	10904.612
23	25	-1119.2701	10982.834
23	26	-1108.552	10904.579
23	27	-1125.444	10899.899
23	28	-1090.9448	10972.661
23	29	-1127.3068	10985.126
23	30	-1133.3142	10987.058
23	34	-1063.1027	10973.554
23	36	-1187.5115	10970.116
23	38	-1066.3303	10968.695
23	39	-1071.2632	10965.222
23	42	-1076.9945	10972.892
23	50	-1074.1057	10972.395
23	59	-1085.2616	10972.787
24	1	-1087.3816	10967.723
24	2	-1117.096	10930.028
24	3	-1139.3447	10971.993
24	4	-1121.0338	10942.082
24	5	-1120.4574	10933.386
24	6	-1133.4869	10936.231
24	8	-1106.0648	10948.16
24	9	-1126.9736	10918.096
24	10	-1107.7772	10964.588
24	11	-1113.8544	10915.075
24	12	-1126.6992	10914.494
24	13	-1148.8936	10948.869
24	14	-1107.8998	10968.079
24	15	-1129.2576	10911.241
24	16	-1154.952	10948.664
24	17	-1098.8862	10964.866
24	18	-1126.0303	10907.621
24	19	-1098.8802	10967.975
24	20	-1135.1471	10976.467
24	21	-1162.6776	10966.488
24	22	-1097.6018	10972.595
24	23	-1125.7211	10903.857
24	25	-1119.2701	10982.834
24	26	-1108.5675	10904.687
24	27	-1125.444	10899.899
24	28	-1090.9385	10972.662
24	29	-1127.3108	10985.117
24	30	-1133.3142	10987.058
24	34	-1063.1027	10973.554
24	36	-1187.5115	10970.116
24	38	-1066.9767	10968.668
24	39	-1071.9742	10965.189
24	42	-1076.9945	10972.892
24	50	-1074.1257	10972.351
24	59	-1085.2616	10972.787
25	1	-1087.8729	10967.805
25	2	-1117.1165	10930.383
25	3	-1139.301	10971.971
25	4	-1121.0339	10942.082
25	5	-1120.4572	10933.386
25	6	-1133.5151	10936.395
25	8	-1106.06	10948.168
25	9	-1126.9736	10918.096
25	10	-1107.7782	10964.588
25	11	-1113.8544	10915.075
25	12	-1126.6992	10914.494
25	13	-1148.8936	10948.869
25	14	-1107.9011	10968.079
25	15	-1129.2727	10911.224
25	16	-1154.952	10948.664
25	17	-1099.0159	10964.868
25	18	-1126.0303	10907.621
25	19	-1098.8783	10967.975
25	20	-1135.1573	10976.479
25	21	-1163.4286	10966.455
25	22	-1097.6018	10972.595
25	23	-1125.7211	10903.857
25	25	-1119.2701	10982.834
25	26	-1108.5803	10904.799
25	27	-1125.444	10899.899
25	28	-1090.955	10972.666
25	29	-1127.3116	10985.137
25	30	-1133.3142	10987.058
25	34	-1063.1027	10973.554
25	36	-1187.5115	10970.116
25	38	-1067.5868	10968.639
25	39	-1072.6354	10965.172
25	42	-1076.9945	10972.892
25	50	-1074.1196	10972.328
25	59	-1085.2616	10972.787
26	1	-1088.3367	10967.874
26	2	-1117.1366	10930.728
26	3	-1139.243	10971.923
26	4	-1121.0339	10942.082
26	5	-1120.4568	10933.375
26	6	-1133.5352	10936.555
26	8	-1106.0613	10948.173
26	9	-1126.9736	10918.096
26	10	-1107.7737	10964.59
26	11	-1113.8544	10915.075
26	12	-1126.6992	10914.494
26	13	-1148.8936	10948.869
26	14	-1107.8964	10968.082
26	15	-1129.2714	10911.23
26	16	-1154.952	10948.664
26	17	-1099.1406	10964.864
26	18	-1126.0303	10907.621
26	19	-1098.8195	10967.973
26	20	-1135.147	10976.476
26	21	-1164.1404	10966.422
26	22	-1097.6018	10972.595
26	23	-1125.7211	10903.857
26	25	-1119.2701	10982.834
26	26	-1108.6005	10904.928
26	27	-1125.444	10899.899
26	28	-1090.9576	10972.671
26	29	-1127.3145	10985.118
26	30	-1133.3142	10987.058
26	34	-1063.1027	10973.554
26	36	-1187.5115	10970.116
26	38	-1068.1827	10968.625
26	39	-1073.3102	10965.147
26	42	-1076.9945	10972.892
26	50	-1074.131	10972.306
26	59	-1085.2616	10972.787
26	63	-1106.0343	10947.737
27	1	-1088.7858	10967.938
27	2	-1117.1609	10931.069
27	3	-1139.1787	10971.851
27	4	-1121.034	10942.082
27	5	-1120.4585	10933.374
27	6	-1133.5459	10936.724
27	8	-1106.0665	10948.175
27	9	-1126.9736	10918.096
27	10	-1107.7665	10964.587
27	11	-1113.8544	10915.075
27	12	-1126.6992	10914.494
27	13	-1148.8936	10948.869
27	14	-1107.8976	10968.083
27	15	-1129.2816	10911.221
27	16	-1154.952	10948.664
27	17	-1099.2543	10964.863
27	18	-1126.0303	10907.621
27	19	-1098.8208	10967.974
27	20	-1135.1516	10976.466
27	21	-1164.9213	10966.39
27	22	-1097.6018	10972.595
27	23	-1125.7211	10903.857
27	25	-1119.2701	10982.834
27	26	-1108.62	10905.051
27	27	-1125.444	10899.899
27	28	-1090.9292	10972.672
27	29	-1127.3179	10985.117
27	30	-1133.3142	10987.058
27	34	-1063.1027	10973.554
27	36	-1187.5115	10970.116
27	38	-1068.8005	10968.624
27	39	-1073.9579	10965.133
27	42	-1076.9945	10972.892
27	50	-1074.1263	10972.261
27	53	-1052.1011	10973.87
27	59	-1085.2616	10972.787
28	1	-1089.2131	10967.993
28	2	-1117.1942	10931.435
28	3	-1139.1018	10971.78
28	4	-1121.0339	10942.082
28	5	-1120.459	10933.377
28	6	-1133.5709	10936.882
28	8	-1106.0695	10948.176
28	9	-1126.9736	10918.096
28	10	-1107.7705	10964.588
28	11	-1113.8544	10915.075
28	12	-1126.6992	10914.494
28	13	-1148.8936	10948.869
28	14	-1107.9077	10968.085
28	15	-1129.2621	10911.221
28	16	-1154.952	10948.664
28	17	-1099.3591	10964.86
28	18	-1126.0303	10907.621
28	19	-1098.8616	10967.981
28	20	-1135.1504	10976.47
28	21	-1165.5956	10966.353
28	22	-1097.6018	10972.595
28	23	-1125.7211	10903.857
28	25	-1119.2701	10982.834
28	26	-1108.6426	10905.1455
28	27	-1125.444	10899.899
28	28	-1090.9404	10972.676
28	29	-1127.3167	10985.11
28	30	-1133.3142	10987.058
28	34	-1063.1027	10973.554
28	36	-1187.5115	10970.116
28	38	-1069.3833	10968.633
28	39	-1074.5797	10965.112
28	40	-1108.9773	10905.174
28	42	-1076.9945	10972.892
28	50	-1074.1549	10972.251
28	53	-1052.1011	10973.87
28	59	-1085.2616	10972.787
28	63	-1106.0648	10947.774
29	1	-1089.6014	10968.035
29	2	-1117.2194	10931.792
29	3	-1139.0349	10971.71
29	4	-1121.0338	10942.082
29	5	-1120.4572	10933.37
29	6	-1133.5939	10937.033
29	8	-1106.0836	10948.185
29	9	-1126.9736	10918.096
29	10	-1107.7692	10964.586
29	11	-1113.8544	10915.075
29	12	-1126.6992	10914.494
29	13	-1148.8936	10948.869
29	14	-1107.9043	10968.082
29	15	-1129.2666	10911.232
29	16	-1154.952	10948.664
29	17	-1099.4493	10964.857
29	18	-1126.0303	10907.621
29	19	-1098.8707	10967.982
29	20	-1135.1547	10976.473
29	21	-1166.2542	10966.326
29	22	-1097.6018	10972.595
29	23	-1125.7211	10903.857
29	25	-1119.2701	10982.834
29	26	-1108.6631	10905.268
29	27	-1125.444	10899.899
29	28	-1090.9286	10972.677
29	29	-1127.3221	10985.126
29	30	-1133.3142	10987.058
29	34	-1063.1027	10973.554
29	36	-1187.5115	10970.116
29	38	-1069.9175	10968.642
29	39	-1075.1741	10965.088
29	42	-1076.9945	10972.892
29	50	-1074.1508	10972.212
29	53	-1052.1011	10973.87
29	59	-1085.2616	10972.787
29	63	-1106.0648	10947.703
30	1	-1089.9529	10968.066
30	2	-1117.2463	10932.137
30	3	-1138.9492	10971.626
30	4	-1121.0339	10942.082
30	5	-1120.4608	10933.371
30	6	-1133.6285	10937.178
30	8	-1106.0774	10948.175
30	9	-1126.9736	10918.096
30	10	-1107.7668	10964.588
30	11	-1113.8544	10915.075
30	12	-1126.6992	10914.494
30	13	-1148.8936	10948.869
30	14	-1107.9146	10968.077
30	15	-1129.2765	10911.219
30	16	-1154.952	10948.664
30	17	-1099.5304	10964.856
30	18	-1126.0303	10907.621
30	19	-1098.8849	10967.9795
30	20	-1135.1404	10976.472
30	21	-1166.936	10966.297
30	22	-1097.6018	10972.595
30	23	-1125.7211	10903.857
30	25	-1119.2701	10982.834
30	26	-1108.6721	10905.373
30	27	-1125.444	10899.899
30	28	-1090.9255	10972.685
30	29	-1127.3219	10985.132
30	30	-1133.3142	10987.058
30	34	-1063.1027	10973.554
30	36	-1187.5115	10970.116
30	38	-1070.5336	10968.634
30	39	-1075.8383	10965.08
30	40	-1109.1935	10905.361
30	42	-1076.9945	10972.892
30	50	-1074.2108	10972.174
30	53	-1052.1011	10973.87
30	63	-1106.0569	10947.709
31	1	-1090.2668	10968.085
31	2	-1117.2722	10932.494
31	3	-1138.8828	10971.534
31	4	-1121.0339	10942.082
31	5	-1120.4579	10933.377
31	6	-1133.6472	10937.342
31	8	-1106.074	10948.173
31	9	-1126.9736	10918.096
31	10	-1107.7653	10964.587
31	11	-1113.8544	10915.075
31	12	-1126.6992	10914.494
31	13	-1148.8936	10948.869
31	14	-1107.9146	10968.081
31	15	-1129.2632	10911.225
31	16	-1154.952	10948.664
31	17	-1099.604	10964.856
31	18	-1126.0303	10907.621
31	19	-1098.86	10967.978
31	20	-1135.1473	10976.479
31	21	-1167.5906	10966.2705
31	22	-1097.6018	10972.595
31	23	-1125.7211	10903.857
31	25	-1119.2701	10982.834
31	26	-1108.6747	10905.476
31	27	-1125.444	10899.899
31	28	-1090.9227	10972.69
31	29	-1127.3197	10985.111
31	30	-1133.3142	10987.058
31	34	-1063.1027	10973.554
31	36	-1187.5115	10970.116
31	38	-1071.0527	10968.605
31	39	-1076.4513	10965.063
31	42	-1076.9945	10972.892
31	50	-1074.2144	10972.106
31	53	-1052.1011	10973.87
31	63	-1106.0339	10947.698
32	1	-1090.544	10968.102
32	2	-1117.3005	10932.799
32	3	-1138.801	10971.446
32	4	-1121.0339	10942.082
32	5	-1120.4579	10933.378
32	6	-1133.6781	10937.483
32	8	-1106.0815	10948.179
32	9	-1126.9736	10918.096
32	10	-1107.7682	10964.589
32	11	-1113.8544	10915.075
32	12	-1126.6992	10914.494
32	13	-1148.8936	10948.869
32	14	-1107.9159	10968.08
32	15	-1129.264	10911.232
32	16	-1154.952	10948.664
32	17	-1099.6716	10964.854
32	18	-1126.0303	10907.621
32	19	-1098.852	10967.977
32	20	-1135.1451	10976.473
32	21	-1168.2302	10966.241
32	22	-1097.6018	10972.595
32	23	-1125.7211	10903.857
32	25	-1119.2701	10982.834
32	26	-1108.697	10905.593
32	27	-1125.444	10899.899
32	28	-1090.9053	10972.692
32	29	-1127.3226	10985.124
32	30	-1133.3142	10987.058
32	34	-1063.1027	10973.554
32	36	-1187.5115	10970.116
32	38	-1071.5743	10968.591
32	39	-1077.053	10965.046
32	40	-1109.2361	10905.635
32	42	-1076.9945	10972.892
32	50	-1074.2384	10972.06
32	53	-1052.1011	10973.87
33	1	-1090.8033	10968.106
33	2	-1117.329	10933.119
33	3	-1138.7333	10971.341
33	4	-1121.0339	10942.082
33	5	-1120.4578	10933.383
33	6	-1133.706	10937.626
33	8	-1106.0756	10948.174
33	9	-1126.9736	10918.096
33	10	-1107.7712	10964.586
33	11	-1113.8544	10915.075
33	12	-1126.6992	10914.494
33	13	-1148.8936	10948.869
33	14	-1107.9072	10968.081
33	15	-1129.2747	10911.216
33	16	-1154.952	10948.664
33	17	-1099.7289	10964.8545
33	18	-1126.0303	10907.621
33	19	-1098.8658	10967.984
33	20	-1135.1422	10976.466
33	21	-1168.8595	10966.212
33	22	-1097.6018	10972.595
33	23	-1125.7211	10903.857
33	25	-1119.2701	10982.834
33	26	-1108.6941	10905.697
33	27	-1125.444	10899.899
33	28	-1090.9066	10972.696
33	29	-1127.3215	10985.132
33	30	-1133.3142	10987.058
33	36	-1187.5115	10970.116
33	38	-1072.034	10968.569
33	39	-1077.5786	10965.038
33	42	-1076.9945	10972.892
33	50	-1074.2993	10972.015
33	53	-1052.1011	10973.87
33	63	-1106.0114	10947.718
34	1	-1091.0443	10968.113
34	2	-1117.3546	10933.497
34	3	-1138.6492	10971.237
34	4	-1121.0339	10942.082
34	5	-1120.4529	10933.391
34	6	-1133.7379	10937.779
34	8	-1106.0673	10948.175
34	9	-1126.9736	10918.096
34	10	-1107.7699	10964.588
34	11	-1113.8544	10915.075
34	12	-1126.6992	10914.494
34	13	-1148.8936	10948.869
34	14	-1107.9115	10968.08
34	15	-1129.2727	10911.233
34	16	-1154.952	10948.664
34	17	-1099.7782	10964.852
34	18	-1126.0303	10907.621
34	19	-1098.8779	10967.987
34	20	-1135.1373	10976.468
34	21	-1169.4485	10966.184
34	22	-1097.6018	10972.595
34	23	-1125.7211	10903.857
34	25	-1119.2701	10982.834
34	26	-1108.7045	10905.803
34	27	-1125.444	10899.899
34	28	-1090.9235	10972.698
34	29	-1127.3217	10985.121
34	30	-1133.3142	10987.058
34	36	-1187.5115	10970.116
34	38	-1072.4326	10968.541
34	39	-1078.1516	10965.023
34	40	-1109.3038	10905.931
34	42	-1076.9945	10972.892
34	50	-1074.3363	10971.973
34	53	-1052.1011	10973.87
34	63	-1106.0151	10947.739
34	70	-1089.8076	10952.1
35	1	-1091.2639	10968.116
35	2	-1117.3785	10933.844
35	3	-1138.5592	10971.12
35	4	-1121.034	10942.082
35	5	-1120.4553	10933.389
35	6	-1133.7744	10937.92
35	8	-1106.0482	10948.154
35	9	-1126.9736	10918.096
35	10	-1107.7692	10964.586
35	11	-1113.8544	10915.075
35	12	-1126.6992	10914.494
35	13	-1148.8936	10948.869
35	14	-1107.9033	10968.085
35	15	-1129.2722	10911.233
35	16	-1154.952	10948.664
35	17	-1099.8333	10964.852
35	18	-1126.0303	10907.621
35	19	-1098.8584	10967.99
35	20	-1135.1768	10976.487
35	21	-1170.0409	10966.159
35	22	-1097.6018	10972.595
35	23	-1125.7211	10903.857
35	25	-1119.2701	10982.834
35	26	-1108.7092	10905.917
35	27	-1125.444	10899.899
35	28	-1090.9176	10972.703
35	29	-1127.3102	10985.127
35	30	-1133.3142	10987.058
35	36	-1187.5115	10970.116
35	38	-1072.8563	10968.533
35	39	-1078.7094	10965.01
35	40	-1109.3524	10906.047
35	42	-1076.9945	10972.892
35	50	-1074.3822	10971.933
35	53	-1052.1011	10973.87
35	70	-1089.8054	10951.957
36	1	-1091.4786	10968.108
36	2	-1117.4042	10934.184
36	3	-1138.4707	10971.022
36	4	-1121.034	10942.082
36	5	-1120.4542	10933.38
36	6	-1133.7897	10938.09
36	8	-1106.0417	10948.149
36	9	-1126.9736	10918.096
36	10	-1107.7657	10964.584
36	11	-1113.8544	10915.075
36	12	-1126.6992	10914.494
36	13	-1148.8936	10948.869
36	14	-1107.8994	10968.085
36	15	-1129.2574	10911.245
36	16	-1154.952	10948.664
36	17	-1099.8778	10964.85
36	18	-1126.0303	10907.621
36	19	-1098.8662	10967.985
36	20	-1135.1567	10976.484
36	21	-1170.5973	10966.134
36	22	-1097.6018	10972.595
36	23	-1125.7211	10903.857
36	25	-1119.2701	10982.834
36	26	-1108.7197	10906.035
36	27	-1125.444	10899.899
36	28	-1090.9244	10972.704
36	29	-1127.2971	10985.097
36	30	-1133.3142	10987.058
36	36	-1187.5115	10970.116
36	38	-1073.3218	10968.509
36	39	-1079.2426	10964.997
36	40	-1109.3835	10906.148
36	42	-1076.9945	10972.892
36	45	-1085.0233	10972.764
36	50	-1074.425	10971.884
36	53	-1052.1011	10973.87
36	63	-1106.0272	10947.7
36	70	-1089.8624	10951.942
37	1	-1091.6439	10968.104
37	2	-1117.4325	10934.547
37	3	-1138.3784	10970.87
37	4	-1121.034	10942.082
37	5	-1120.456	10933.383
37	6	-1133.8088	10938.2295
37	8	-1106.0436	10948.139
37	9	-1126.9736	10918.096
37	10	-1107.771	10964.588
37	11	-1113.8544	10915.075
37	12	-1126.6992	10914.494
37	13	-1148.8936	10948.869
37	14	-1107.8832	10968.089
37	15	-1129.2532	10911.242
37	16	-1154.952	10948.664
37	17	-1099.9174	10964.849
37	18	-1126.0303	10907.621
37	19	-1098.8679	10967.983
37	20	-1135.1576	10976.476
37	21	-1171.1234	10966.115
37	22	-1097.6018	10972.595
37	23	-1125.7211	10903.857
37	25	-1119.2701	10982.834
37	26	-1108.7264	10906.146
37	27	-1125.444	10899.899
37	28	-1090.9323	10972.714
37	29	-1127.3071	10985.097
37	30	-1133.3142	10987.058
37	36	-1187.5115	10970.116
37	38	-1073.7576	10968.496
37	39	-1079.7548	10964.985
37	40	-1109.4117	10906.281
37	42	-1076.9945	10972.892
37	45	-1085.0233	10972.764
37	50	-1074.4958	10971.847
37	53	-1052.1011	10973.87
37	63	-1105.9657	10948.554
37	70	-1089.7985	10951.865
38	1	-1091.7959	10968.098
38	2	-1117.4567	10934.916
38	3	-1138.2875	10970.718
38	4	-1121.034	10942.082
38	5	-1120.4565	10933.379
38	6	-1133.8447	10938.381
38	8	-1106.0382	10948.138
38	9	-1126.9736	10918.096
38	10	-1107.7731	10964.59
38	11	-1113.8544	10915.075
38	12	-1126.6992	10914.494
38	13	-1148.8936	10948.869
38	14	-1107.9037	10968.086
38	15	-1129.2568	10911.241
38	16	-1154.952	10948.664
38	17	-1099.9504	10964.849
38	18	-1126.0303	10907.621
38	19	-1098.8606	10967.984
38	20	-1135.1428	10976.476
38	21	-1171.6946	10966.093
38	22	-1097.6018	10972.595
38	23	-1125.7211	10903.857
38	25	-1119.2701	10982.834
38	26	-1108.7372	10906.266
38	27	-1125.444	10899.899
38	28	-1090.9633	10972.718
38	29	-1127.3137	10985.097
38	30	-1133.3142	10987.058
38	36	-1187.5115	10970.116
38	38	-1074.2432	10968.496
38	39	-1080.261	10964.973
38	40	-1109.4419	10906.379
38	42	-1076.9945	10972.892
38	45	-1085.0233	10972.764
38	50	-1074.5625	10971.816
38	53	-1052.1011	10973.87
38	63	-1106.0208	10947.732
38	70	-1089.7516	10951.865
39	1	-1091.9204	10968.089
39	2	-1117.4976	10935.273
39	3	-1138.1785	10970.556
39	4	-1121.0339	10942.082
39	5	-1120.4562	10933.373
39	6	-1133.889	10938.532
39	8	-1106.0669	10948.174
39	9	-1126.9736	10918.096
39	10	-1107.7712	10964.586
39	11	-1113.8544	10915.075
39	12	-1126.6992	10914.494
39	13	-1148.8936	10948.869
39	14	-1107.899	10968.087
39	15	-1129.248	10911.236
39	16	-1154.952	10948.664
39	17	-1099.9827	10964.849
39	18	-1126.0303	10907.621
39	19	-1098.8676	10967.985
39	20	-1135.145	10976.475
39	21	-1172.228	10966.071
39	22	-1097.6018	10972.595
39	23	-1125.7211	10903.857
39	25	-1119.2701	10982.834
39	26	-1108.7521	10906.379
39	27	-1125.444	10899.899
39	28	-1090.9442	10972.726
39	29	-1127.3077	10985.105
39	30	-1133.3142	10987.058
39	36	-1187.5115	10970.116
39	38	-1074.6602	10968.482
39	39	-1080.7805	10964.96
39	40	-1109.4725	10906.463
39	41	-1063.08	10973.524
39	42	-1076.9945	10972.892
39	45	-1085.0233	10972.764
39	50	-1074.6361	10971.783
39	53	-1052.1011	10973.87
39	63	-1105.9945	10947.734
40	1	-1092.0312	10968.08
40	2	-1117.5253	10935.623
40	3	-1138.0553	10970.385
40	4	-1121.0339	10942.082
40	5	-1120.4631	10933.364
40	6	-1133.9309	10938.6875
40	8	-1106.0568	10948.148
40	9	-1126.9736	10918.096
40	10	-1107.7717	10964.587
40	11	-1113.8544	10915.075
40	12	-1126.6992	10914.494
40	13	-1148.8936	10948.869
40	14	-1107.907	10968.084
40	15	-1129.2539	10911.241
40	16	-1154.952	10948.664
40	17	-1100.0181	10964.848
40	18	-1126.0303	10907.621
40	19	-1098.86	10967.982
40	20	-1135.1521	10976.477
40	21	-1172.7782	10966.042
40	22	-1097.6018	10972.595
40	23	-1125.7211	10903.857
40	25	-1119.2701	10982.834
40	26	-1108.7588	10906.491
40	27	-1125.444	10899.899
40	28	-1090.9408	10972.724
40	29	-1127.3073	10985.106
40	30	-1133.3142	10987.058
40	36	-1187.5115	10970.116
40	38	-1075.0995	10968.475
40	39	-1081.2164	10964.948
40	40	-1109.5126	10906.597
40	41	-1063.08	10973.524
40	42	-1076.9945	10972.892
40	45	-1085.0233	10972.764
40	50	-1074.6987	10971.753
40	53	-1052.1011	10973.87
40	63	-1105.9921	10947.742
40	70	-1089.7024	10951.717
41	1	-1092.1149	10968.075
41	2	-1117.5496	10935.952
41	3	-1137.969	10970.232
41	4	-1121.0339	10942.082
41	5	-1120.4613	10933.368
41	6	-1133.959	10938.841
41	8	-1106.0646	10948.153
41	9	-1126.9736	10918.096
41	10	-1107.7686	10964.589
41	11	-1113.8544	10915.075
41	12	-1126.6992	10914.494
41	13	-1148.8936	10948.869
41	14	-1107.9052	10968.084
41	15	-1129.256	10911.2295
41	16	-1154.952	10948.664
41	17	-1100.056	10964.845
41	18	-1126.0303	10907.621
41	19	-1098.86	10967.98
41	20	-1135.1556	10976.476
41	21	-1173.2606	10966.018
41	22	-1097.6018	10972.595
41	23	-1125.7211	10903.857
41	25	-1119.2701	10982.834
41	26	-1108.7546	10906.594
41	27	-1125.444	10899.899
41	28	-1090.9408	10972.728
41	29	-1127.3083	10985.12
41	30	-1133.3142	10987.058
41	36	-1187.5115	10970.116
41	38	-1075.4266	10968.466
41	39	-1081.6917	10964.935
41	40	-1109.5416	10906.703
41	41	-1063.08	10973.524
41	42	-1076.9945	10972.892
41	45	-1085.0233	10972.764
41	50	-1074.7882	10971.712
41	53	-1052.1011	10973.87
41	63	-1105.9977	10947.748
41	70	-1089.7745	10951.642
42	1	-1092.1681	10968.072
42	2	-1117.5781	10936.29
42	3	-1137.9047	10970.086
42	4	-1121.0339	10942.082
42	5	-1120.4525	10933.375
42	6	-1133.9869	10938.992
42	8	-1106.0673	10948.151
42	9	-1126.9736	10918.096
42	10	-1107.771	10964.587
42	11	-1113.8544	10915.075
42	12	-1126.6992	10914.494
42	13	-1148.8936	10948.869
42	14	-1107.9142	10968.084
42	15	-1129.2632	10911.229
42	16	-1154.952	10948.664
42	17	-1100.0938	10964.845
42	18	-1126.0303	10907.621
42	19	-1098.8569	10967.974
42	20	-1135.1576	10976.4795
42	21	-1173.822	10965.991
42	22	-1097.6018	10972.595
42	23	-1125.7211	10903.857
42	25	-1119.2701	10982.834
42	26	-1108.761	10906.706
42	27	-1125.444	10899.899
42	28	-1090.9277	10972.73
42	29	-1127.3131	10985.113
42	30	-1133.3142	10987.058
42	38	-1075.9167	10968.421
42	39	-1082.1118	10964.923
42	40	-1109.5753	10906.704
42	41	-1063.08	10973.524
42	42	-1076.9945	10972.892
42	45	-1085.0233	10972.764
42	50	-1074.8601	10971.673
42	53	-1052.1011	10973.87
43	1	-1092.2277	10968.067
43	2	-1117.6091	10936.661
43	3	-1137.8448	10969.934
43	4	-1121.0338	10942.082
43	5	-1120.4509	10933.37
43	6	-1133.998	10939.137
43	8	-1106.0717	10948.166
43	9	-1126.9736	10918.096
43	10	-1107.765	10964.583
43	11	-1113.8544	10915.075
43	12	-1126.6992	10914.494
43	13	-1148.8936	10948.869
43	14	-1107.9192	10968.087
43	15	-1129.2734	10911.233
43	16	-1154.952	10948.664
43	17	-1100.142	10964.842
43	18	-1126.0303	10907.621
43	19	-1098.8447	10967.972
43	20	-1135.153	10976.481
43	21	-1174.3508	10965.974
43	22	-1097.6018	10972.595
43	23	-1125.7211	10903.857
43	25	-1119.2701	10982.834
43	26	-1108.755	10906.815
43	27	-1125.444	10899.899
43	28	-1090.8942	10972.735
43	29	-1127.3123	10985.122
43	30	-1133.3142	10987.058
43	38	-1076.2367	10968.418
43	39	-1082.4797	10964.911
43	40	-1109.6329	10906.912
43	41	-1063.08	10973.524
43	42	-1076.9945	10972.892
43	45	-1085.0233	10972.764
43	50	-1074.962	10971.671
43	53	-1052.1011	10973.87
44	1	-1092.2683	10968.065
44	2	-1117.6437	10937.028
44	3	-1137.8046	10969.785
44	4	-1121.034	10942.082
44	5	-1120.4596	10933.364
44	6	-1134.0624	10939.291
44	8	-1106.0653	10948.151
44	9	-1126.9736	10918.096
44	10	-1107.7683	10964.585
44	11	-1113.8544	10915.075
44	12	-1126.6992	10914.494
44	13	-1148.8936	10948.869
44	14	-1107.9108	10968.084
44	15	-1129.2565	10911.249
44	16	-1154.952	10948.664
44	17	-1100.1942	10964.84
44	18	-1126.0303	10907.621
44	19	-1098.8407	10967.967
44	20	-1135.1473	10976.481
44	21	-1174.822	10965.953
44	22	-1097.6018	10972.595
44	23	-1125.7211	10903.857
44	25	-1119.2701	10982.834
44	26	-1108.7682	10906.935
44	27	-1125.444	10899.899
44	28	-1090.9042	10972.734
44	29	-1127.315	10985.109
44	30	-1133.3142	10987.058
44	38	-1076.5593	10968.414
44	39	-1082.8817	10964.902
44	40	-1109.6628	10907.024
44	41	-1063.08	10973.524
44	42	-1076.9945	10972.892
44	43	-1116.5818	10920.005
44	45	-1085.0233	10972.764
44	50	-1075.0104	10971.631
44	53	-1052.1011	10973.87
44	70	-1089.6925	10951.422
45	1	-1092.2913	10968.065
45	2	-1117.6699	10937.388
45	3	-1137.757	10969.636
45	4	-1121.034	10942.082
45	5	-1120.4562	10933.371
45	6	-1134.0933	10939.439
45	8	-1106.0681	10948.151
45	9	-1126.9736	10918.096
45	10	-1107.7769	10964.585
45	11	-1113.8544	10915.075
45	12	-1126.6992	10914.494
45	13	-1148.8936	10948.869
45	14	-1107.9128	10968.108
45	15	-1129.2648	10911.242
45	16	-1154.952	10948.664
45	17	-1100.2518	10964.84
45	18	-1126.0303	10907.621
45	19	-1098.8365	10967.97
45	20	-1135.1539	10976.482
45	21	-1175.3304	10965.938
45	22	-1097.6018	10972.595
45	23	-1125.7211	10903.857
45	25	-1119.2701	10982.834
45	26	-1108.775	10907.032
45	27	-1125.444	10899.899
45	28	-1090.8813	10972.74
45	29	-1127.3115	10985.098
45	30	-1133.3142	10987.058
45	38	-1076.8665	10968.408
45	39	-1083.283	10964.893
45	40	-1109.6792	10907.125
45	41	-1063.08	10973.524
45	42	-1076.9945	10972.892
45	43	-1116.5868	10920.627
45	44	-1059.8218	10968.655
45	45	-1085.0233	10972.764
45	50	-1075.1116	10971.614
45	53	-1052.1011	10973.87
45	70	-1089.7551	10950.887
46	1	-1092.3151	10968.063
46	2	-1117.7036	10937.74
46	3	-1137.7031	10969.481
46	4	-1121.034	10942.082
46	5	-1120.4525	10933.368
46	6	-1134.1097	10939.582
46	8	-1106.0619	10948.143
46	9	-1126.9736	10918.096
46	10	-1107.7695	10964.589
46	11	-1113.8544	10915.075
46	12	-1126.6992	10914.494
46	13	-1148.8936	10948.869
46	14	-1107.9075	10968.086
46	15	-1129.2495	10911.254
46	16	-1154.952	10948.664
46	17	-1100.3024	10964.84
46	18	-1126.0303	10907.621
46	19	-1098.83	10967.967
46	20	-1135.154	10976.491
46	21	-1175.8445	10965.919
46	22	-1097.6018	10972.595
46	23	-1125.7211	10903.857
46	25	-1119.2701	10982.834
46	26	-1108.7888	10907.15
46	27	-1125.444	10899.899
46	28	-1090.8737	10972.738
46	29	-1127.3176	10985.115
46	30	-1133.3142	10987.058
46	38	-1077.1449	10968.396
46	39	-1083.6603	10964.888
46	40	-1109.6897	10907.223
46	41	-1063.08	10973.524
46	42	-1076.9945	10972.892
46	43	-1116.597	10921.216
46	44	-1060.4181	10968.671
46	45	-1085.0233	10972.764
46	48	-1089.6461	10950.391
46	50	-1075.1875	10971.566
46	53	-1052.1011	10973.87
46	63	-1105.9425	10947.734
47	1	-1092.3234	10968.0625
47	2	-1117.7448	10938.104
47	3	-1137.6653	10969.342
47	4	-1121.0342	10942.082
47	5	-1120.4633	10933.375
47	6	-1134.1476	10939.731
47	8	-1106.0647	10948.149
47	9	-1126.9736	10918.096
47	10	-1107.772	10964.588
47	11	-1113.8544	10915.075
47	12	-1126.6992	10914.494
47	13	-1148.8936	10948.869
47	14	-1107.8864	10968.09
47	15	-1129.2538	10911.239
47	16	-1154.952	10948.664
47	17	-1100.358	10964.835
47	18	-1126.0303	10907.621
47	19	-1098.83	10967.966
47	20	-1135.1489	10976.494
47	21	-1176.3313	10965.909
47	22	-1097.6018	10972.595
47	23	-1125.7211	10903.857
47	25	-1119.2701	10982.834
47	26	-1108.7987	10907.284
47	27	-1125.444	10899.899
47	28	-1090.8755	10972.738
47	29	-1127.3129	10985.123
47	30	-1133.3142	10987.058
47	38	-1077.4486	10968.377
47	39	-1084.0269	10964.877
47	40	-1109.7155	10907.328
47	41	-1063.08	10973.524
47	42	-1076.9945	10972.892
47	43	-1116.6089	10921.831
47	44	-1060.9498	10968.667
47	45	-1085.0233	10972.764
47	46	-1133.6162	10992.716
47	47	-1095.9268	10951.572
47	50	-1075.2843	10971.561
47	53	-1052.1011	10973.87
47	70	-1089.6022	10950.691
48	1	-1092.346	10968.056
48	2	-1117.7719	10938.489
48	3	-1137.6371	10969.204
48	4	-1121.0343	10942.082
48	5	-1120.4607	10933.376
48	6	-1134.1719	10939.88
48	8	-1106.0398	10948.111
48	9	-1126.9736	10918.096
48	10	-1107.7812	10964.587
48	11	-1113.8544	10915.075
48	12	-1126.6992	10914.494
48	13	-1148.8936	10948.869
48	14	-1107.8792	10968.092
48	15	-1129.2515	10911.243
48	16	-1154.952	10948.664
48	17	-1100.412	10964.833
48	18	-1126.0303	10907.621
48	19	-1098.8313	10967.965
48	20	-1135.1449	10976.49
48	21	-1176.8373	10965.891
48	22	-1097.6018	10972.595
48	23	-1125.7211	10903.857
48	25	-1119.2701	10982.834
48	26	-1108.8131	10907.406
48	27	-1125.444	10899.899
48	28	-1090.8792	10972.737
48	29	-1127.3181	10985.135
48	30	-1133.3142	10987.058
48	38	-1077.7474	10968.365
48	39	-1084.3802	10964.872
48	40	-1109.7384	10907.444
48	41	-1063.08	10973.524
48	42	-1076.9945	10972.892
48	43	-1116.6056	10922.397
48	44	-1061.5171	10968.656
48	45	-1085.0233	10972.764
48	46	-1133.6162	10992.716
48	47	-1095.9268	10951.572
48	48	-1089.6461	10950.391
48	50	-1075.3739	10971.533
48	53	-1052.1011	10973.87
49	1	-1092.3491	10968.058
49	2	-1117.7985	10938.831
49	3	-1137.582	10969.053
49	4	-1121.0342	10942.082
49	5	-1120.4612	10933.375
49	6	-1134.2047	10940.022
49	8	-1106.0367	10948.11
49	9	-1126.9736	10918.096
49	10	-1107.7834	10964.587
49	11	-1113.8544	10915.075
49	12	-1126.6992	10914.494
49	13	-1148.8936	10948.869
49	14	-1107.8689	10968.114
49	15	-1129.2451	10911.24
49	16	-1154.952	10948.664
49	17	-1100.4723	10964.832
49	18	-1126.0303	10907.621
49	19	-1098.8289	10967.962
49	20	-1135.1539	10976.484
49	21	-1177.2853	10965.883
49	22	-1097.6018	10972.595
49	23	-1125.7211	10903.857
49	25	-1119.2701	10982.834
49	26	-1108.8286	10907.513
49	27	-1125.444	10899.899
49	28	-1090.8798	10972.729
49	29	-1127.3315	10985.122
49	30	-1133.3142	10987.058
49	38	-1078.0114	10968.349
49	39	-1084.7518	10964.859
49	40	-1109.762	10907.551
49	41	-1063.08	10973.524
49	42	-1076.9945	10972.892
49	43	-1116.6049	10922.973
49	44	-1061.9883	10968.657
49	45	-1085.0233	10972.764
49	46	-1133.6162	10992.716
49	47	-1095.9268	10951.572
49	53	-1052.1011	10973.87
49	70	-1089.7041	10950.694
50	1	-1092.3546	10968.055
50	2	-1117.8245	10939.224
50	3	-1137.5667	10968.926
50	4	-1121.034	10942.082
50	5	-1120.4594	10933.374
50	6	-1134.2355	10940.172
50	8	-1106.0438	10948.134
50	9	-1126.9736	10918.096
50	10	-1107.7767	10964.589
50	11	-1113.8544	10915.075
50	12	-1126.6992	10914.494
50	13	-1148.8936	10948.869
50	14	-1107.8578	10968.096
50	15	-1129.2438	10911.24
50	16	-1154.952	10948.664
50	17	-1100.5284	10964.833
50	18	-1126.0303	10907.621
50	19	-1098.8282	10967.959
50	20	-1135.1494	10976.485
50	21	-1177.6969	10965.872
50	22	-1097.6018	10972.595
50	23	-1125.7211	10903.857
50	25	-1119.2701	10982.834
50	26	-1108.8335	10907.622
50	27	-1125.444	10899.899
50	28	-1090.8922	10972.733
50	29	-1127.3186	10985.124
50	30	-1133.3142	10987.058
50	38	-1078.218	10968.354
50	39	-1085.0852	10964.852
50	40	-1109.8054	10907.645
50	41	-1063.08	10973.524
50	42	-1076.9945	10972.892
50	43	-1116.5886	10923.553
50	44	-1062.4534	10968.632
50	45	-1085.0233	10972.764
50	46	-1133.6162	10992.716
50	47	-1095.9268	10951.572
50	48	-1089.6461	10950.391
50	53	-1052.1011	10973.87
51	1	-1092.361	10968.056
51	2	-1117.8489	10939.598
51	3	-1137.5408	10968.794
51	4	-1121.0342	10942.082
51	5	-1120.4567	10933.375
51	6	-1134.255	10940.328
51	8	-1106.0499	10948.135
51	9	-1126.9736	10918.096
51	10	-1107.7811	10964.587
51	11	-1113.8544	10915.075
51	12	-1126.6992	10914.494
51	13	-1148.8936	10948.869
51	14	-1107.8699	10968.099
51	15	-1129.2255	10911.2295
51	16	-1154.952	10948.664
51	17	-1100.5807	10964.828
51	18	-1126.0303	10907.621
51	19	-1098.8287	10967.96
51	20	-1135.1532	10976.487
51	21	-1178.1392	10965.859
51	22	-1097.6018	10972.595
51	23	-1125.7211	10903.857
51	25	-1119.2701	10982.834
51	26	-1108.8473	10907.724
51	27	-1125.444	10899.899
51	28	-1090.889	10972.733
51	29	-1127.3192	10985.119
51	30	-1133.3142	10987.058
51	38	-1078.402	10968.347
51	39	-1085.4194	10964.845
51	40	-1109.83	10907.753
51	41	-1063.08	10973.524
51	42	-1076.9945	10972.892
51	43	-1116.5908	10924.107
51	44	-1062.9514	10968.625
51	45	-1085.0233	10972.764
51	46	-1133.6162	10992.716
51	47	-1095.9268	10951.572
51	48	-1089.6461	10950.391
52	1	-1092.3649	10968.057
52	2	-1117.8593	10939.98
52	3	-1137.5137	10968.652
52	4	-1121.0342	10942.082
52	5	-1120.4503	10933.372
52	6	-1134.2809	10940.481
52	8	-1106.0476	10948.143
52	9	-1126.9736	10918.096
52	10	-1107.7799	10964.589
52	11	-1113.8544	10915.075
52	12	-1126.6992	10914.494
52	13	-1148.8936	10948.869
52	14	-1107.875	10968.099
52	15	-1129.2283	10911.234
52	16	-1154.952	10948.664
52	17	-1100.6277	10964.826
52	18	-1126.0303	10907.621
52	19	-1098.8315	10967.956
52	20	-1135.1512	10976.49
52	21	-1178.5466	10965.851
52	22	-1097.6018	10972.595
52	23	-1125.7211	10903.857
52	25	-1119.2701	10982.834
52	26	-1108.8396	10907.835
52	27	-1125.444	10899.899
52	28	-1090.8745	10972.721
52	29	-1127.3088	10985.125
52	30	-1133.3142	10987.058
52	38	-1078.5375	10968.345
52	39	-1085.7396	10964.835
52	40	-1109.8658	10907.876
52	41	-1063.08	10973.524
52	42	-1076.9945	10972.892
52	43	-1116.5948	10924.641
52	44	-1063.3923	10968.604
52	45	-1085.0233	10972.764
52	46	-1133.6162	10992.716
52	47	-1095.9268	10951.572
52	48	-1089.6461	10950.391
53	1	-1092.3698	10968.057
53	2	-1117.8794	10940.295
53	3	-1137.5042	10968.504
53	4	-1121.0339	10942.082
53	5	-1120.4553	10933.382
53	6	-1134.3035	10940.631
53	8	-1106.0372	10948.156
53	9	-1126.9736	10918.096
53	10	-1107.7742	10964.59
53	11	-1113.8544	10915.075
53	12	-1126.6992	10914.494
53	13	-1148.8936	10948.869
53	14	-1107.8687	10968.122
53	15	-1129.2467	10911.208
53	16	-1154.952	10948.664
53	17	-1100.6691	10964.827
53	18	-1126.0303	10907.621
53	19	-1098.8274	10967.957
53	20	-1135.153	10976.489
53	21	-1178.9093	10965.839
53	22	-1097.6018	10972.595
53	23	-1125.7211	10903.857
53	25	-1119.2701	10982.834
53	26	-1108.8484	10907.95
53	27	-1125.444	10899.899
53	28	-1090.8756	10972.719
53	29	-1127.3134	10985.148
53	30	-1133.3142	10987.058
53	38	-1078.8374	10968.341
53	39	-1086.0382	10964.825
53	40	-1109.8884	10907.986
53	41	-1063.08	10973.524
53	42	-1076.9945	10972.892
53	43	-1116.6067	10925.1875
53	44	-1063.8535	10968.607
53	45	-1085.0233	10972.764
53	46	-1133.6162	10992.716
53	47	-1095.9268	10951.572
53	48	-1089.6461	10950.391
54	1	-1092.3685	10968.052
54	2	-1117.9176	10940.628
54	3	-1137.4941	10968.359
54	4	-1121.0342	10942.082
54	5	-1120.4609	10933.389
54	6	-1134.3284	10940.784
54	8	-1106.0142	10948.128
54	9	-1126.9736	10918.096
54	10	-1107.77	10964.596
54	11	-1113.8544	10915.075
54	12	-1126.6992	10914.494
54	13	-1148.8936	10948.869
54	14	-1107.8541	10968.104
54	15	-1129.2323	10911.218
54	16	-1154.952	10948.664
54	17	-1100.7085	10964.83
54	18	-1126.0303	10907.621
54	19	-1098.8368	10967.95
54	20	-1135.1567	10976.501
54	21	-1179.3629	10965.831
54	22	-1097.6018	10972.595
54	23	-1125.7211	10903.857
54	25	-1119.2701	10982.834
54	26	-1108.8519	10908.053
54	27	-1125.444	10899.899
54	28	-1090.8809	10972.717
54	29	-1127.3185	10985.129
54	30	-1133.3142	10987.058
54	38	-1078.9707	10968.333
54	39	-1086.3282	10964.824
54	40	-1109.8983	10908.095
54	41	-1063.08	10973.524
54	42	-1076.9945	10972.892
54	43	-1116.6295	10925.718
54	44	-1064.3046	10968.601
54	45	-1085.0233	10972.764
54	46	-1133.6162	10992.716
54	47	-1095.9268	10951.572
54	48	-1089.6461	10950.391
54	49	-1187.4655	10970.106
55	1	-1092.3756	10968.053
55	2	-1117.9243	10940.994
55	3	-1137.4792	10968.199
55	4	-1121.0345	10942.084
55	5	-1120.4584	10933.389
55	6	-1134.3428	10940.932
55	8	-1105.9985	10948.146
55	9	-1126.9736	10918.096
55	10	-1107.7769	10964.596
55	11	-1113.8544	10915.075
55	12	-1126.6992	10914.494
55	13	-1148.8936	10948.869
55	14	-1107.8315	10968.1045
55	15	-1129.2411	10911.23
55	16	-1154.952	10948.664
55	17	-1100.7544	10964.831
55	18	-1126.0303	10907.621
55	19	-1098.8364	10967.949
55	20	-1135.1619	10976.498
55	21	-1179.804	10965.811
55	22	-1097.6018	10972.595
55	23	-1125.7211	10903.857
55	25	-1119.2701	10982.834
55	26	-1108.8593	10908.176
55	27	-1125.444	10899.899
55	28	-1090.8873	10972.716
55	29	-1127.3224	10985.119
55	30	-1133.3142	10987.058
55	38	-1079.2644	10968.331
55	39	-1086.6193	10964.814
55	40	-1109.9146	10908.205
55	41	-1063.08	10973.524
55	42	-1076.9945	10972.892
55	43	-1116.6649	10926.205
55	44	-1064.7747	10968.592
55	45	-1085.0233	10972.764
55	46	-1133.6162	10992.716
55	47	-1095.9268	10951.572
55	48	-1089.6461	10950.391
56	1	-1092.3859	10968.052
56	2	-1117.9568	10941.378
56	3	-1137.4556	10968.059
56	4	-1121.0349	10942.09
56	5	-1120.4575	10933.404
56	6	-1134.3694	10941.075
56	8	-1105.9912	10948.198
56	9	-1126.9736	10918.096
56	10	-1107.7803	10964.595
56	11	-1113.8544	10915.075
56	12	-1126.6992	10914.494
56	13	-1148.8936	10948.869
56	14	-1107.8301	10968.132
56	15	-1129.2363	10911.231
56	16	-1154.952	10948.664
56	17	-1100.792	10964.829
56	18	-1126.0303	10907.621
56	19	-1098.8501	10967.947
56	20	-1135.1547	10976.501
56	21	-1180.1818	10965.793
56	22	-1097.6018	10972.595
56	23	-1125.7211	10903.857
56	25	-1119.2701	10982.834
56	26	-1108.8557	10908.264
56	27	-1125.444	10899.899
56	28	-1090.9104	10972.708
56	29	-1127.3119	10985.112
56	30	-1133.3142	10987.058
56	38	-1079.3726	10968.335
56	39	-1086.8947	10964.804
56	40	-1109.9144	10908.319
56	41	-1063.08	10973.524
56	42	-1076.9945	10972.892
56	43	-1116.7101	10926.691
56	44	-1065.235	10968.58
56	45	-1085.0233	10972.764
56	46	-1133.6162	10992.716
56	47	-1095.9268	10951.572
56	48	-1089.6461	10950.391
57	1	-1092.3793	10968.055
57	2	-1117.9663	10941.759
57	3	-1137.4479	10967.922
57	4	-1121.0363	10942.099
57	5	-1120.4584	10933.415
57	6	-1134.3839	10941.223
57	9	-1126.9736	10918.096
57	10	-1107.7832	10964.593
57	11	-1113.8544	10915.075
57	12	-1126.6992	10914.494
57	13	-1148.8936	10948.869
57	14	-1107.8195	10968.142
57	15	-1129.2573	10911.227
57	16	-1154.952	10948.664
57	17	-1100.8254	10964.828
57	18	-1126.0303	10907.621
57	19	-1098.839	10967.947
57	20	-1135.1549	10976.501
57	21	-1180.623	10965.783
57	22	-1097.6018	10972.595
57	23	-1125.7211	10903.857
57	25	-1119.2701	10982.834
57	26	-1108.876	10908.381
57	27	-1125.444	10899.899
57	28	-1090.9016	10972.7
57	29	-1127.3228	10985.102
57	30	-1133.3142	10987.058
57	38	-1079.477	10968.347
57	39	-1087.1525	10964.801
57	40	-1109.9242	10908.446
57	41	-1063.08	10973.524
57	42	-1076.9945	10972.892
57	43	-1116.758	10927.129
57	44	-1065.6864	10968.572
57	45	-1085.0233	10972.764
57	46	-1133.6162	10992.716
57	47	-1095.9268	10951.572
57	48	-1089.6461	10950.391
57	49	-1187.4655	10970.106
58	1	-1092.3738	10968.054
58	2	-1117.9691	10942.163
58	3	-1137.428	10967.768
58	4	-1121.0378	10942.12
58	5	-1120.4565	10933.435
58	6	-1134.4012	10941.357
58	9	-1126.9736	10918.096
58	10	-1107.7878	10964.592
58	11	-1113.8544	10915.075
58	12	-1126.6992	10914.494
58	13	-1148.8936	10948.869
58	14	-1107.7782	10968.145
58	15	-1129.2313	10911.225
58	16	-1154.952	10948.664
58	17	-1100.8508	10964.831
58	18	-1126.0303	10907.621
58	19	-1098.8513	10967.949
58	20	-1135.1654	10976.505
58	21	-1181.1218	10965.771
58	22	-1097.6018	10972.595
58	23	-1125.7211	10903.857
58	25	-1119.2701	10982.834
58	26	-1108.8899	10908.507
58	27	-1125.444	10899.899
58	28	-1090.9092	10972.696
58	29	-1127.3202	10985.106
58	30	-1133.3142	10987.058
58	38	-1079.6423	10968.344
58	39	-1087.4104	10964.799
58	40	-1109.9388	10908.564
58	41	-1063.08	10973.524
58	42	-1076.9945	10972.892
58	43	-1116.8015	10927.577
58	44	-1066.0872	10968.572
58	45	-1085.0233	10972.764
58	46	-1133.6162	10992.716
58	47	-1095.9268	10951.572
58	48	-1089.6461	10950.391
58	49	-1187.4655	10970.106
59	1	-1092.3665	10968.053
59	2	-1117.976	10942.593
59	3	-1137.3988	10967.627
59	4	-1121.0399	10942.151
59	5	-1120.4554	10933.476
59	6	-1134.4282	10941.498
59	9	-1126.9736	10918.096
59	10	-1107.7897	10964.591
59	11	-1113.8544	10915.075
59	12	-1126.6992	10914.494
59	13	-1148.8936	10948.869
59	14	-1107.7789	10968.149
59	15	-1129.2327	10911.214
59	16	-1154.952	10948.664
59	17	-1100.8778	10964.83
59	18	-1126.0303	10907.621
59	19	-1098.8564	10967.952
59	20	-1135.1473	10976.5
59	21	-1181.6837	10965.76
59	22	-1097.6018	10972.595
59	23	-1125.7211	10903.857
59	25	-1119.2701	10982.834
59	26	-1108.9054	10908.619
59	27	-1125.444	10899.899
59	28	-1090.914	10972.697
59	29	-1127.3232	10985.129
59	30	-1133.3142	10987.058
59	38	-1079.7601	10968.345
59	39	-1087.6549	10964.794
59	40	-1109.961	10908.705
59	41	-1063.08	10973.524
59	42	-1076.9945	10972.892
59	43	-1116.8473	10928.027
59	44	-1066.435	10968.573
59	45	-1085.0233	10972.764
59	46	-1133.6162	10992.716
59	47	-1095.9268	10951.572
59	48	-1089.6461	10950.391
59	49	-1187.4655	10970.106
59	57	-1051.9326	10973.734
60	1	-1092.3646	10968.056
60	2	-1117.976	10943.068
60	3	-1137.397	10967.475
60	4	-1121.0422	10942.19
60	5	-1120.455	10933.476
60	6	-1134.4574	10941.646
60	9	-1126.9736	10918.096
60	10	-1107.783	10964.59
60	11	-1113.8544	10915.075
60	12	-1126.6992	10914.494
60	13	-1148.8936	10948.869
60	14	-1107.7758	10968.156
60	15	-1129.2269	10911.21
60	16	-1154.952	10948.664
60	17	-1100.8993	10964.825
60	18	-1126.0303	10907.621
60	19	-1098.8643	10967.952
60	20	-1135.1606	10976.497
60	21	-1182.2217	10965.747
60	22	-1097.6018	10972.595
60	23	-1125.7211	10903.857
60	25	-1119.2701	10982.834
60	26	-1108.9215	10908.723
60	27	-1125.444	10899.899
60	28	-1090.9174	10972.6875
60	29	-1127.33	10985.157
60	30	-1133.3142	10987.058
60	38	-1079.8857	10968.353
60	39	-1087.8804	10964.786
60	40	-1109.9779	10908.823
60	41	-1063.08	10973.524
60	42	-1076.9945	10972.892
60	43	-1116.885	10928.469
60	44	-1066.7659	10968.574
60	45	-1085.0233	10972.764
60	46	-1133.6162	10992.716
60	47	-1095.9268	10951.572
60	48	-1089.6461	10950.391
60	49	-1187.4655	10970.106
60	52	-1113.3809	10910.6
60	57	-1051.9326	10973.734
61	1	-1092.3673	10968.061
61	2	-1117.975	10943.48
61	3	-1137.3783	10967.344
61	4	-1121.0453	10942.241
61	5	-1120.4594	10933.502
61	6	-1134.4738	10941.788
61	9	-1126.9736	10918.096
61	10	-1107.7866	10964.593
61	11	-1113.8544	10915.075
61	12	-1126.6992	10914.494
61	13	-1148.8936	10948.869
61	14	-1107.774	10968.156
61	15	-1129.2338	10911.242
61	16	-1154.952	10948.664
61	17	-1100.9236	10964.83
61	18	-1126.0303	10907.621
61	19	-1098.8745	10967.954
61	20	-1135.1581	10976.505
61	21	-1182.672	10965.724
61	22	-1097.6018	10972.595
61	23	-1125.7211	10903.857
61	25	-1119.2701	10982.834
61	26	-1108.9274	10908.836
61	27	-1125.444	10899.899
61	28	-1090.9229	10972.679
61	29	-1127.3334	10985.176
61	30	-1133.3142	10987.058
61	38	-1079.9955	10968.345
61	39	-1088.1002	10964.784
61	40	-1109.9984	10908.937
61	41	-1063.08	10973.524
61	42	-1076.9945	10972.892
61	43	-1116.9388	10928.895
61	44	-1067.1378	10968.565
61	45	-1085.0233	10972.764
61	46	-1133.6162	10992.716
61	47	-1095.9268	10951.572
61	48	-1089.6461	10950.391
61	49	-1187.4655	10970.106
61	52	-1113.3809	10910.6
61	57	-1051.9326	10973.734
62	1	-1092.3702	10968.059
62	2	-1117.9792	10943.913
62	3	-1137.3641	10967.16
62	4	-1121.0499	10942.306
62	5	-1120.4592	10933.495
62	6	-1134.5065	10941.935
62	9	-1126.9736	10918.096
62	10	-1107.7848	10964.593
62	11	-1113.8544	10915.075
62	12	-1126.6992	10914.494
62	13	-1148.8936	10948.869
62	14	-1107.7642	10968.158
62	15	-1129.237	10911.211
62	16	-1154.952	10948.664
62	17	-1100.9462	10964.83
62	18	-1126.0303	10907.621
62	19	-1098.8829	10967.951
62	20	-1135.1561	10976.526
62	21	-1183.0618	10965.704
62	22	-1097.6018	10972.595
62	23	-1125.7211	10903.857
62	25	-1119.2701	10982.834
62	26	-1108.9363	10908.948
62	27	-1125.444	10899.899
62	28	-1090.9042	10972.683
62	29	-1127.3236	10985.173
62	30	-1133.3142	10987.058
62	38	-1080.0713	10968.346
62	39	-1088.3293	10964.778
62	40	-1110.0083	10909.058
62	41	-1063.08	10973.524
62	42	-1076.9945	10972.892
62	43	-1116.9854	10929.395
62	44	-1067.4825	10968.58
62	45	-1085.0233	10972.764
62	46	-1133.6162	10992.716
62	47	-1095.9268	10951.572
62	48	-1089.6461	10950.391
62	49	-1187.4655	10970.106
62	52	-1113.3809	10910.6
62	57	-1051.9326	10973.734
63	1	-1092.3694	10968.066
63	2	-1117.9688	10944.359
63	3	-1137.3525	10967.036
63	4	-1121.0553	10942.384
63	5	-1120.4552	10933.541
63	6	-1134.5083	10942.082
63	9	-1126.9736	10918.096
63	10	-1107.7863	10964.598
63	11	-1113.8544	10915.075
63	12	-1126.6992	10914.494
63	13	-1148.8936	10948.869
63	14	-1107.7473	10968.161
63	15	-1129.2504	10911.253
63	16	-1154.952	10948.664
63	17	-1100.9658	10964.831
63	18	-1126.0303	10907.621
63	19	-1098.8799	10967.95
63	20	-1135.1554	10976.525
63	21	-1183.4518	10965.697
63	22	-1097.6018	10972.595
63	23	-1125.7211	10903.857
63	25	-1119.2701	10982.834
63	26	-1108.9302	10909.068
63	27	-1125.444	10899.899
63	28	-1090.9042	10972.681
63	29	-1127.3185	10985.196
63	30	-1133.3142	10987.058
63	38	-1080.1519	10968.35
63	39	-1088.541	10964.771
63	40	-1110.0154	10909.17
63	41	-1063.08	10973.524
63	42	-1076.9945	10972.892
63	43	-1117.0239	10929.808
63	44	-1067.8029	10968.574
63	45	-1085.0233	10972.764
63	46	-1133.6162	10992.716
63	47	-1095.9268	10951.572
63	48	-1089.6461	10950.391
63	49	-1187.4655	10970.106
63	57	-1051.9326	10973.734
63	69	-1057.0424	10969.235
64	1	-1092.38	10968.065
64	2	-1117.9492	10944.804
64	3	-1137.3309	10966.915
64	4	-1121.0624	10942.477
64	5	-1120.457	10933.563
64	6	-1134.5355	10942.218
64	9	-1126.9736	10918.096
64	10	-1107.7917	10964.598
64	11	-1113.8544	10915.075
64	12	-1126.6992	10914.494
64	13	-1148.8936	10948.869
64	14	-1107.731	10968.168
64	15	-1129.2466	10911.263
64	16	-1154.952	10948.664
64	17	-1100.9774	10964.83
64	18	-1126.0303	10907.621
64	19	-1098.8778	10967.952
64	20	-1135.1337	10976.5205
64	21	-1183.7781	10965.695
64	22	-1097.6018	10972.595
64	23	-1125.7211	10903.857
64	25	-1119.2701	10982.834
64	26	-1108.9402	10909.179
64	27	-1125.444	10899.899
64	28	-1090.8723	10972.666
64	29	-1127.3146	10985.161
64	30	-1133.3142	10987.058
64	38	-1080.2217	10968.337
64	39	-1088.7273	10964.769
64	40	-1110.0304	10909.297
64	41	-1063.08	10973.524
64	42	-1076.9945	10972.892
64	43	-1117.0737	10930.265
64	44	-1068.1378	10968.578
64	45	-1085.0233	10972.764
64	46	-1133.6162	10992.716
64	47	-1095.9268	10951.572
64	48	-1089.6461	10950.391
64	49	-1187.4655	10970.106
64	51	-1134.13	10998.077
64	52	-1113.3809	10910.6
64	57	-1051.9326	10973.734
64	69	-1057.5583	10969.124
65	1	-1092.3774	10968.066
65	2	-1117.9156	10945.212
65	3	-1137.3071	10966.773
65	4	-1121.0707	10942.585
65	5	-1120.4642	10933.591
65	6	-1134.5555	10942.353
65	9	-1126.9736	10918.096
65	10	-1107.7806	10964.602
65	11	-1113.8544	10915.075
65	12	-1126.6992	10914.494
65	13	-1148.8936	10948.869
65	14	-1107.725	10968.169
65	15	-1129.2234	10911.261
65	16	-1154.952	10948.664
65	17	-1100.9873	10964.834
65	18	-1126.0303	10907.621
65	19	-1098.8711	10967.954
65	20	-1135.1499	10976.537
65	21	-1184.1824	10965.664
65	22	-1097.6018	10972.595
65	23	-1125.7211	10903.857
65	25	-1119.2701	10982.834
65	26	-1108.9634	10909.289
65	27	-1125.444	10899.899
65	28	-1090.8733	10972.662
65	29	-1127.3177	10985.188
65	30	-1133.3142	10987.058
65	38	-1080.2792	10968.334
65	39	-1088.9163	10964.764
65	40	-1110.0317	10909.422
65	41	-1063.08	10973.524
65	42	-1076.9945	10972.892
65	43	-1117.1251	10930.729
65	44	-1068.4744	10968.578
65	45	-1085.0233	10972.764
65	46	-1133.6162	10992.716
65	47	-1095.9268	10951.572
65	48	-1089.6461	10950.391
65	49	-1187.4655	10970.106
65	51	-1134.13	10998.077
65	52	-1113.3809	10910.6
65	57	-1051.9326	10973.734
65	69	-1057.9862	10969.064
66	1	-1092.3823	10968.069
66	2	-1117.8668	10945.616
66	3	-1137.2953	10966.656
66	4	-1121.0801	10942.711
66	5	-1120.4645	10933.64
66	6	-1134.5747	10942.484
66	9	-1126.9736	10918.096
66	10	-1107.78	10964.6045
66	11	-1113.8544	10915.075
66	12	-1126.6992	10914.494
66	13	-1148.8936	10948.869
66	14	-1107.7239	10968.173
66	15	-1129.2325	10911.256
66	16	-1154.952	10948.664
66	17	-1101.0006	10964.835
66	18	-1126.0303	10907.621
66	19	-1098.8741	10967.955
66	20	-1135.1243	10976.528
66	21	-1184.5336	10965.647
66	22	-1097.6018	10972.595
66	23	-1125.7211	10903.857
66	25	-1119.2701	10982.834
66	26	-1108.9678	10909.418
66	27	-1125.444	10899.899
66	28	-1090.8965	10972.668
66	29	-1127.3241	10985.203
66	30	-1133.3142	10987.058
66	38	-1080.3109	10968.346
66	39	-1089.0978	10964.755
66	40	-1110.0308	10909.537
66	41	-1063.08	10973.524
66	42	-1076.9945	10972.892
66	43	-1117.1727	10931.189
66	44	-1068.8003	10968.569
66	45	-1085.0233	10972.764
66	46	-1133.6162	10992.716
66	47	-1095.9268	10951.572
66	48	-1089.6461	10950.391
66	49	-1187.4655	10970.106
66	51	-1134.13	10998.077
66	52	-1113.3809	10910.6
66	57	-1051.9326	10973.734
66	69	-1058.3141	10969.037
67	1	-1092.3834	10968.071
67	2	-1117.804	10946.058
67	3	-1137.2863	10966.488
67	4	-1121.092	10942.856
67	5	-1120.4598	10933.657
67	6	-1134.6045	10942.615
67	9	-1126.9736	10918.096
67	10	-1107.7908	10964.6
67	11	-1113.8544	10915.075
67	12	-1126.6992	10914.494
67	13	-1148.8936	10948.869
67	14	-1107.7395	10968.165
67	15	-1129.2272	10911.26
67	16	-1154.952	10948.664
67	17	-1101.0116	10964.832
67	18	-1126.0303	10907.621
67	19	-1098.8735	10967.953
67	20	-1135.1316	10976.54
67	21	-1184.8284	10965.642
67	22	-1097.6018	10972.595
67	23	-1125.7211	10903.857
67	25	-1119.2701	10982.834
67	26	-1108.9877	10909.53
67	27	-1125.444	10899.899
67	28	-1090.9001	10972.671
67	29	-1127.3271	10985.183
67	30	-1133.3142	10987.058
67	38	-1080.356	10968.342
67	39	-1089.2671	10964.752
67	40	-1110.0469	10909.653
67	41	-1063.08	10973.524
67	42	-1076.9945	10972.892
67	43	-1117.2269	10931.618
67	44	-1069.0751	10968.568
67	45	-1085.0233	10972.764
67	46	-1133.6162	10992.716
67	47	-1095.9268	10951.572
67	48	-1089.6461	10950.391
67	49	-1187.4655	10970.106
67	51	-1134.13	10998.077
67	52	-1113.3809	10910.6
67	54	-1064.6772	10965.489
67	57	-1051.9326	10973.734
67	69	-1058.6323	10969.038
68	1	-1092.3838	10968.072
68	2	-1117.7278	10946.482
68	3	-1137.2623	10966.336
68	4	-1121.1058	10943.02
68	5	-1120.4583	10933.722
68	6	-1134.6234	10942.745
68	9	-1126.9736	10918.096
68	10	-1107.7856	10964.599
68	11	-1113.8544	10915.075
68	12	-1126.6992	10914.494
68	13	-1148.8936	10948.869
68	14	-1107.7096	10968.168
68	15	-1129.2128	10911.264
68	16	-1154.952	10948.664
68	17	-1101.0228	10964.833
68	18	-1126.0303	10907.621
68	19	-1098.8668	10967.96
68	20	-1135.1525	10976.55
68	21	-1185.2373	10965.653
68	22	-1097.6018	10972.595
68	23	-1125.7211	10903.857
68	25	-1119.2701	10982.834
68	26	-1108.9889	10909.663
68	27	-1125.444	10899.899
68	28	-1090.9059	10972.669
68	29	-1127.324	10985.175
68	30	-1133.3142	10987.058
68	38	-1080.4376	10968.345
68	39	-1089.4343	10964.747
68	40	-1110.059	10909.77
68	41	-1063.08	10973.524
68	42	-1076.9945	10972.892
68	43	-1117.2788	10932.08
68	44	-1069.3748	10968.5625
68	45	-1085.0233	10972.764
68	46	-1133.6162	10992.716
68	47	-1095.9268	10951.572
68	48	-1089.6461	10950.391
68	49	-1187.4655	10970.106
68	51	-1134.13	10998.077
68	52	-1113.3809	10910.6
68	54	-1065.352	10965.453
68	55	-1134.7179	11004.4
68	57	-1051.9326	10973.734
68	69	-1058.9773	10969.058
69	1	-1092.3806	10968.069
69	2	-1117.6342	10946.882
69	3	-1137.2267	10966.187
69	4	-1121.1213	10943.2
69	5	-1120.4637	10933.783
69	6	-1134.6509	10942.87
69	9	-1126.9736	10918.096
69	10	-1107.7855	10964.597
69	11	-1113.8544	10915.075
69	12	-1126.6992	10914.494
69	13	-1148.8936	10948.869
69	14	-1107.726	10968.164
69	15	-1129.215	10911.281
69	16	-1154.952	10948.664
69	17	-1101.026	10964.836
69	18	-1126.0303	10907.621
69	19	-1098.8618	10967.963
69	20	-1135.1478	10976.55
69	21	-1185.4664	10965.622
69	22	-1097.6018	10972.595
69	23	-1125.7211	10903.857
69	25	-1119.2701	10982.834
69	26	-1109.002	10909.78
69	27	-1125.444	10899.899
69	28	-1090.8674	10972.675
69	29	-1127.3381	10985.282
69	30	-1133.3142	10987.058
69	38	-1080.4681	10968.348
69	39	-1089.6146	10964.745
69	40	-1110.063	10909.885
69	41	-1063.08	10973.524
69	42	-1076.9945	10972.892
69	43	-1117.3344	10932.562
69	44	-1069.611	10968.569
69	45	-1085.0233	10972.764
69	46	-1133.6162	10992.716
69	47	-1095.9268	10951.572
69	48	-1089.6461	10950.391
69	49	-1187.4655	10970.106
69	51	-1134.13	10998.077
69	52	-1113.3809	10910.6
69	54	-1066.0062	10965.425
69	55	-1134.7179	11004.4
69	56	-1120.6875	11001.364
69	57	-1051.9326	10973.734
69	69	-1059.2832	10969.054
70	1	-1092.3783	10968.074
70	2	-1117.5128	10947.32
70	3	-1137.22	10966.054
70	4	-1121.1388	10943.397
70	5	-1120.4608	10933.855
70	6	-1134.6853	10942.996
70	9	-1126.9736	10918.096
70	10	-1107.7852	10964.595
70	11	-1113.8544	10915.075
70	12	-1126.6992	10914.494
70	13	-1148.8936	10948.869
70	14	-1107.7301	10968.164
70	15	-1129.2235	10911.286
70	16	-1154.952	10948.664
70	17	-1101.024	10964.837
70	18	-1126.0303	10907.621
70	19	-1098.871	10967.969
70	20	-1135.1542	10976.553
70	21	-1185.7571	10965.61
70	22	-1097.6018	10972.595
70	23	-1125.7211	10903.857
70	25	-1119.2701	10982.834
70	26	-1109.0208	10909.896
70	27	-1125.444	10899.899
70	28	-1090.9069	10972.675
70	29	-1127.3625	10985.266
70	30	-1133.3142	10987.058
70	38	-1080.5095	10968.343
70	39	-1089.7825	10964.735
70	40	-1110.0824	10910.013
70	41	-1063.08	10973.524
70	43	-1117.3887	10933.021
70	44	-1069.8586	10968.57
70	45	-1085.0233	10972.764
70	46	-1133.6162	10992.716
70	47	-1095.9268	10951.572
70	48	-1089.6461	10950.391
70	49	-1187.4655	10970.106
70	51	-1134.13	10998.077
70	52	-1113.3809	10910.6
70	54	-1066.6516	10965.424
70	55	-1134.7179	11004.4
70	56	-1120.6875	11001.364
70	57	-1051.9326	10973.734
70	69	-1059.5575	10969.119
71	1	-1092.3782	10968.073
71	2	-1117.382	10947.755
71	3	-1137.1975	10965.9
71	4	-1121.159	10943.611
71	5	-1120.4684	10934.027
71	6	-1134.7083	10943.131
71	9	-1126.9736	10918.096
71	10	-1107.7877	10964.593
71	11	-1113.8544	10915.075
71	12	-1126.6992	10914.494
71	14	-1107.7455	10968.164
71	15	-1129.2274	10911.306
71	16	-1154.952	10948.664
71	17	-1101.0311	10964.836
71	18	-1126.0303	10907.621
71	19	-1098.879	10967.974
71	20	-1135.1625	10976.557
71	21	-1186.0144	10965.607
71	22	-1097.6018	10972.595
71	23	-1125.7211	10903.857
71	25	-1119.2701	10982.834
71	26	-1109.0387	10910.013
71	27	-1125.444	10899.899
71	28	-1090.9028	10972.677
71	29	-1127.3649	10985.236
71	30	-1133.3142	10987.058
71	38	-1080.5481	10968.344
71	39	-1089.9319	10964.739
71	40	-1110.0922	10910.134
71	41	-1063.08	10973.524
71	43	-1117.4469	10933.502
71	44	-1070.1045	10968.564
71	45	-1085.0233	10972.764
71	46	-1133.6162	10992.716
71	47	-1095.9268	10951.572
71	48	-1089.6461	10950.391
71	49	-1187.4655	10970.106
71	51	-1134.13	10998.077
71	52	-1113.3809	10910.6
71	54	-1067.3425	10965.341
71	55	-1134.7179	11004.4
71	56	-1120.6875	11001.364
71	57	-1051.9326	10973.734
71	58	-1074.7286	10950.808
71	69	-1059.8378	10969.062
71	71	-1181.3906	10945.326
72	1	-1092.3696	10968.076
72	2	-1117.2264	10948.217
72	3	-1137.1891	10965.747
72	4	-1121.1812	10943.839
72	5	-1120.4713	10934.108
72	6	-1134.7281	10943.268
72	9	-1126.9736	10918.096
72	10	-1107.7823	10964.592
72	11	-1113.8544	10915.075
72	12	-1126.6992	10914.494
72	14	-1107.7168	10968.169
72	15	-1129.2439	10911.321
72	16	-1154.952	10948.664
72	17	-1101.0375	10964.838
72	18	-1126.0303	10907.621
72	19	-1098.8851	10967.977
72	20	-1135.1465	10976.563
72	21	-1186.0876	10965.595
72	22	-1097.6018	10972.595
72	23	-1125.7211	10903.857
72	25	-1119.2701	10982.834
72	26	-1109.04	10910.116
72	27	-1125.444	10899.899
72	28	-1090.8738	10972.683
72	29	-1127.3224	10985.163
72	30	-1133.3142	10987.058
72	38	-1080.5964	10968.349
72	39	-1090.0696	10964.734
72	40	-1110.0917	10910.246
72	41	-1063.08	10973.524
72	43	-1117.4902	10933.99
72	44	-1070.3002	10968.572
72	45	-1085.0233	10972.764
72	46	-1133.6162	10992.716
72	47	-1095.9268	10951.572
72	48	-1089.6461	10950.391
72	49	-1187.4655	10970.106
72	51	-1134.13	10998.077
72	52	-1113.3809	10910.6
72	54	-1067.9747	10965.315
72	55	-1134.7179	11004.4
72	56	-1120.6875	11001.364
72	57	-1051.9326	10973.734
72	58	-1074.7286	10950.808
72	69	-1060.099	10969.063
72	72	-1064.398	10951.163
73	1	-1092.3672	10968.081
73	2	-1117.0447	10948.659
73	3	-1137.1589	10965.614
73	4	-1121.2072	10944.082
73	5	-1120.4695	10934.203
73	6	-1134.76	10943.389
73	9	-1126.9736	10918.096
73	10	-1107.784	10964.592
73	11	-1113.8544	10915.075
73	12	-1126.6992	10914.494
73	14	-1107.7511	10968.163
73	15	-1129.2515	10911.3125
73	16	-1154.952	10948.664
73	17	-1101.0426	10964.839
73	18	-1126.0303	10907.621
73	19	-1098.8864	10967.979
73	20	-1135.1539	10976.552
73	21	-1186.3295	10965.591
73	22	-1097.6018	10972.595
73	23	-1125.7211	10903.857
73	25	-1119.2701	10982.834
73	26	-1109.0449	10910.227
73	27	-1125.444	10899.899
73	28	-1090.8993	10972.687
73	29	-1127.3245	10985.176
73	30	-1133.3142	10987.058
73	38	-1080.6226	10968.349
73	39	-1090.2278	10964.735
73	40	-1110.1091	10910.367
73	41	-1063.08	10973.524
73	43	-1117.5444	10934.467
73	44	-1070.4956	10968.581
73	45	-1085.0233	10972.764
73	46	-1133.6162	10992.716
73	47	-1095.9268	10951.572
73	48	-1089.6461	10950.391
73	49	-1187.4655	10970.106
73	51	-1134.13	10998.077
73	52	-1113.3809	10910.6
73	54	-1068.6381	10965.277
73	55	-1134.7179	11004.4
73	56	-1120.6875	11001.364
73	57	-1051.9326	10973.734
73	58	-1074.7286	10950.808
73	60	-1128.8577	11004.801
73	69	-1060.3123	10969.05
73	72	-1064.398	10951.163
74	1	-1092.3634	10968.087
74	2	-1116.8469	10949.113
74	3	-1137.1193	10965.462
74	4	-1121.2344	10944.34
74	5	-1120.484	10934.28
74	6	-1134.7838	10943.516
74	9	-1126.9736	10918.096
74	10	-1107.7888	10964.592
74	11	-1113.8544	10915.075
74	12	-1126.6992	10914.494
74	14	-1107.7345	10968.166
74	15	-1129.2576	10911.325
74	16	-1154.952	10948.664
74	17	-1101.0494	10964.842
74	18	-1126.0303	10907.621
74	19	-1098.8873	10967.985
74	20	-1135.149	10976.553
74	21	-1186.5331	10965.584
74	22	-1097.6018	10972.595
74	23	-1125.7211	10903.857
74	25	-1119.2701	10982.834
74	26	-1109.0314	10910.341
74	27	-1125.444	10899.899
74	28	-1090.9233	10972.688
74	29	-1127.3201	10985.154
74	30	-1133.3142	10987.058
74	38	-1080.6595	10968.35
74	39	-1090.3677	10964.733
74	40	-1110.1104	10910.5
74	41	-1063.08	10973.524
74	43	-1117.5916	10934.963
74	44	-1070.6794	10968.587
74	45	-1085.0233	10972.764
74	46	-1133.6162	10992.716
74	47	-1095.9268	10951.572
74	48	-1089.6461	10950.391
74	49	-1187.4655	10970.106
74	51	-1134.13	10998.077
74	52	-1113.3809	10910.6
74	54	-1069.2603	10965.249
74	55	-1134.7179	11004.4
74	56	-1120.6875	11001.364
74	57	-1051.9326	10973.734
74	58	-1074.7286	10950.808
74	60	-1128.8457	11004.229
74	61	-1121.402	11010.074
74	62	-1135.3518	11011.919
74	71	-1181.7388	10945.354
74	72	-1064.398	10951.163
75	1	-1092.3616	10968.09
75	2	-1116.6294	10949.557
75	3	-1137.0946	10965.331
75	4	-1121.2645	10944.611
75	5	-1120.4863	10934.377
75	6	-1134.845	10943.648
75	9	-1126.9736	10918.096
75	10	-1107.7864	10964.591
75	11	-1113.8544	10915.075
75	12	-1126.6992	10914.494
75	14	-1107.7507	10968.164
75	15	-1129.2479	10911.335
75	16	-1154.952	10948.664
75	17	-1101.0459	10964.846
75	18	-1126.0303	10907.621
75	19	-1098.8811	10967.984
75	20	-1135.1426	10976.561
75	21	-1186.7365	10965.579
75	22	-1097.6018	10972.595
75	23	-1125.7211	10903.857
75	25	-1119.2701	10982.834
75	26	-1109.0457	10910.464
75	27	-1125.444	10899.899
75	28	-1090.9072	10972.695
75	29	-1127.3168	10985.138
75	30	-1133.3142	10987.058
75	38	-1080.6715	10968.35
75	39	-1090.5017	10964.7295
75	40	-1110.1178	10910.623
75	41	-1063.08	10973.524
75	43	-1117.6431	10935.461
75	44	-1070.8638	10968.583
75	45	-1085.0233	10972.764
75	46	-1133.6162	10992.716
75	47	-1095.9268	10951.572
75	48	-1089.6461	10950.391
75	49	-1187.4655	10970.106
75	51	-1134.13	10998.077
75	52	-1113.3809	10910.6
75	54	-1069.8384	10965.219
75	55	-1134.7179	11004.4
75	56	-1120.6875	11001.364
75	57	-1051.9326	10973.734
75	58	-1074.7286	10950.808
75	60	-1128.8678	11003.596
75	61	-1121.402	11010.074
75	62	-1135.3518	11011.919
75	66	-1160.156	10945.353
75	71	-1181.8763	10945.316
75	72	-1064.398	10951.163
76	1	-1092.354	10968.093
76	2	-1116.385	10950.001
76	3	-1137.1017	10965.1875
76	4	-1121.2971	10944.894
76	5	-1120.5106	10934.586
76	6	-1134.8917	10943.767
76	9	-1126.9736	10918.096
76	10	-1107.7913	10964.594
76	11	-1113.8544	10915.075
76	12	-1126.6992	10914.494
76	14	-1107.7496	10968.168
76	15	-1129.2859	10911.346
76	16	-1154.952	10948.664
76	17	-1101.0414	10964.847
76	18	-1126.0303	10907.621
76	19	-1098.8816	10967.983
76	20	-1135.1527	10976.563
76	21	-1186.9314	10965.57
76	22	-1097.6018	10972.595
76	23	-1125.7211	10903.857
76	25	-1119.2701	10982.834
76	26	-1109.0491	10910.59
76	27	-1125.444	10899.899
76	28	-1090.926	10972.699
76	29	-1127.3094	10985.098
76	30	-1133.3142	10987.058
76	38	-1080.7079	10968.351
76	39	-1090.6255	10964.727
76	40	-1110.127	10910.726
76	41	-1063.08	10973.524
76	43	-1117.6956	10935.972
76	44	-1071.0345	10968.589
76	45	-1085.0233	10972.764
76	46	-1133.6162	10992.716
76	47	-1095.9268	10951.572
76	48	-1089.6461	10950.391
76	49	-1187.4655	10970.106
76	51	-1134.13	10998.077
76	52	-1113.3809	10910.6
76	54	-1070.4486	10965.205
76	55	-1134.7179	11004.4
76	56	-1120.6875	11001.364
76	57	-1051.9326	10973.734
76	58	-1074.7286	10950.808
76	60	-1128.8451	11003.021
76	61	-1121.402	11010.074
76	62	-1135.3518	11011.919
76	65	-1160.0709	10944.99
76	66	-1160.3215	10945.62
76	71	-1181.997	10945.339
76	72	-1064.398	10951.163
77	1	-1092.3444	10968.096
77	2	-1116.1149	10950.452
77	3	-1137.0685	10965.034
77	4	-1121.331	10945.1875
77	5	-1120.5197	10934.671
77	6	-1134.924	10943.908
77	9	-1126.9736	10918.096
77	10	-1107.7836	10964.595
77	11	-1113.8544	10915.075
77	12	-1126.6992	10914.494
77	14	-1107.7848	10968.162
77	15	-1129.2988	10911.358
77	16	-1154.952	10948.664
77	17	-1101.0367	10964.848
77	18	-1126.0303	10907.621
77	19	-1098.8903	10967.99
77	20	-1135.143	10976.559
77	21	-1186.9987	10965.563
77	22	-1097.6018	10972.595
77	23	-1125.7211	10903.857
77	25	-1119.2701	10982.834
77	26	-1109.0662	10910.706
77	27	-1125.444	10899.899
77	28	-1090.9346	10972.704
77	29	-1127.3102	10985.037
77	30	-1133.3142	10987.058
77	38	-1080.7252	10968.352
77	39	-1090.7839	10964.728
77	40	-1110.1422	10910.849
77	41	-1063.08	10973.524
77	43	-1117.7463	10936.462
77	44	-1071.196	10968.587
77	45	-1085.0233	10972.764
77	46	-1133.6162	10992.716
77	47	-1095.9268	10951.572
77	48	-1089.6461	10950.391
77	49	-1187.4655	10970.106
77	51	-1134.13	10998.077
77	52	-1113.3809	10910.6
77	54	-1071.0438	10965.182
77	55	-1134.7179	11004.4
77	56	-1120.6875	11001.364
77	57	-1051.9326	10973.734
77	58	-1074.7286	10950.808
77	60	-1128.8312	11002.438
77	61	-1121.402	11010.074
77	62	-1135.3518	11011.919
77	64	-1135.8037	11017.439
77	65	-1159.9601	10944.932
77	66	-1160.1835	10945.616
77	71	-1182.1372	10945.335
77	72	-1064.398	10951.163
78	1	-1092.3463	10968.101
78	2	-1115.8235	10950.901
78	3	-1137.0336	10964.909
78	4	-1121.3685	10945.493
78	5	-1120.521	10934.765
78	6	-1134.9806	10944.012
78	9	-1126.9736	10918.096
78	10	-1107.7917	10964.596
78	11	-1113.8544	10915.075
78	12	-1126.6992	10914.494
78	14	-1107.7682	10968.168
78	15	-1129.3179	10911.382
78	17	-1101.0411	10964.847
78	18	-1126.0303	10907.621
78	19	-1098.8833	10967.991
78	20	-1135.1321	10976.572
78	21	-1186.9698	10965.564
78	22	-1097.6018	10972.595
78	23	-1125.7211	10903.857
78	25	-1119.2701	10982.834
78	26	-1109.0936	10910.828
78	27	-1125.444	10899.899
78	28	-1090.9441	10972.708
78	29	-1127.3055	10984.976
78	30	-1133.3142	10987.058
78	38	-1080.7634	10968.347
78	39	-1090.9083	10964.725
78	40	-1110.1646	10910.985
78	41	-1063.08	10973.524
78	43	-1117.7964	10937.006
78	44	-1071.3339	10968.587
78	45	-1085.0233	10972.764
78	46	-1133.6162	10992.716
78	47	-1095.9268	10951.572
78	48	-1089.6461	10950.391
78	49	-1187.4655	10970.106
78	51	-1134.13	10998.077
78	52	-1113.3809	10910.6
78	54	-1071.6117	10965.157
78	55	-1134.7179	11004.4
78	56	-1120.6875	11001.364
78	57	-1051.9326	10973.734
78	58	-1074.7286	10950.808
78	60	-1128.7881	11001.802
78	61	-1121.402	11010.074
78	62	-1135.3518	11011.919
78	64	-1135.8037	11017.439
78	65	-1159.8468	10944.944
78	66	-1160.0555	10945.625
78	71	-1182.2415	10945.348
78	72	-1064.398	10951.163
79	1	-1092.3428	10968.1045
79	2	-1115.5127	10951.324
79	3	-1137.0153	10964.757
79	4	-1121.4087	10945.812
79	5	-1120.5597	10934.956
79	6	-1135.0336	10944.144
79	9	-1126.9736	10918.096
79	10	-1107.7894	10964.6
79	11	-1113.8544	10915.075
79	12	-1126.6992	10914.494
79	14	-1107.7904	10968.165
79	15	-1129.3566	10911.368
79	17	-1101.04	10964.845
79	18	-1126.0303	10907.621
79	19	-1098.8965	10967.991
79	20	-1135.1176	10976.571
79	21	-1187.2845	10965.55
79	22	-1097.6018	10972.595
79	23	-1125.7211	10903.857
79	25	-1119.2701	10982.834
79	26	-1109.1239	10910.952
79	27	-1125.444	10899.899
79	28	-1090.9528	10972.714
79	29	-1127.3052	10984.937
79	30	-1133.3142	10987.058
79	38	-1080.7837	10968.348
79	39	-1091.0306	10964.72
79	40	-1110.173	10911.102
79	41	-1063.08	10973.524
79	43	-1117.8406	10937.504
79	44	-1071.4463	10968.577
79	45	-1085.0233	10972.764
79	46	-1133.6162	10992.716
79	47	-1095.9268	10951.572
79	48	-1089.6461	10950.391
79	49	-1187.4655	10970.106
79	51	-1134.13	10998.077
79	52	-1113.3809	10910.6
79	54	-1072.1986	10965.128
79	55	-1134.7179	11004.4
79	56	-1120.6875	11001.364
79	57	-1051.9326	10973.734
79	58	-1074.7286	10950.808
79	60	-1128.749	11001.274
79	61	-1121.402	11010.074
79	62	-1135.3518	11011.919
79	64	-1135.8037	11017.439
79	65	-1159.7313	10944.93
79	66	-1159.9348	10945.625
79	72	-1064.398	10951.163
80	1	-1092.3239	10968.104
80	2	-1115.1747	10951.734
80	3	-1136.9794	10964.611
80	4	-1121.4506	10946.143
80	5	-1120.579	10935.102
80	6	-1135.069	10944.265
80	9	-1126.9736	10918.096
80	10	-1107.7894	10964.597
80	11	-1113.8544	10915.075
80	12	-1126.6992	10914.494
80	14	-1107.8015	10968.164
80	15	-1129.3794	10911.362
80	17	-1101.0411	10964.844
80	18	-1126.0303	10907.621
80	19	-1098.9054	10967.991
80	20	-1135.1162	10976.575
80	21	-1187.3682	10965.549
80	22	-1097.6018	10972.595
80	23	-1125.7211	10903.857
80	25	-1119.2701	10982.834
80	26	-1109.1465	10911.078
80	27	-1125.444	10899.899
80	28	-1090.9718	10972.717
80	29	-1127.2933	10984.831
80	30	-1133.3142	10987.058
80	38	-1080.8373	10968.353
80	39	-1091.1539	10964.717
80	40	-1110.1934	10911.217
80	41	-1063.08	10973.524
80	43	-1117.8916	10938.059
80	44	-1071.5692	10968.576
80	46	-1133.6162	10992.716
80	47	-1095.9268	10951.572
80	48	-1089.6461	10950.391
80	49	-1187.4655	10970.106
80	51	-1134.13	10998.077
80	52	-1113.3809	10910.6
80	54	-1072.7252	10965.103
80	55	-1134.7179	11004.4
80	56	-1120.6875	11001.364
80	58	-1074.7286	10950.808
80	60	-1128.714	11000.808
80	61	-1121.402	11010.074
80	62	-1135.3518	11011.919
80	64	-1135.8037	11017.439
80	65	-1159.5973	10944.94
80	66	-1159.7965	10945.635
80	67	-1082.469	10945.205
80	68	-1148.9182	10948.944
80	71	-1182.481	10945.323
80	72	-1064.398	10951.163
81	1	-1092.3274	10968.107
81	2	-1114.8116	10952.135
81	3	-1136.9587	10964.462
81	4	-1121.4982	10946.485
81	5	-1120.6063	10935.298
81	6	-1135.1372	10944.397
81	9	-1126.9736	10918.096
81	10	-1107.7909	10964.599
81	11	-1113.8544	10915.075
81	12	-1126.6992	10914.494
81	14	-1107.8123	10968.165
81	15	-1129.4194	10911.3955
81	17	-1101.0435	10964.842
81	18	-1126.0303	10907.621
81	19	-1098.8872	10967.998
81	20	-1135.1096	10976.577
81	21	-1187.4025	10965.547
81	22	-1097.6018	10972.595
81	23	-1125.7211	10903.857
81	25	-1119.2701	10982.834
81	26	-1109.1584	10911.194
81	27	-1125.444	10899.899
81	28	-1090.9252	10972.728
81	29	-1127.2883	10984.741
81	30	-1133.3142	10987.058
81	38	-1080.889	10968.356
81	39	-1091.2687	10964.72
81	40	-1110.2112	10911.335
81	41	-1063.08	10973.524
81	43	-1117.9423	10938.595
81	44	-1071.655	10968.573
81	46	-1133.6162	10992.716
81	47	-1095.9268	10951.572
81	48	-1089.6461	10950.391
81	49	-1187.4655	10970.106
81	51	-1134.13	10998.077
81	52	-1113.3809	10910.6
81	54	-1073.2656	10965.082
81	55	-1134.7179	11004.4
81	56	-1120.6875	11001.364
81	58	-1074.7286	10950.808
81	60	-1128.6943	11000.29
81	61	-1121.402	11010.074
81	62	-1135.3518	11011.919
81	64	-1135.8037	11017.439
81	65	-1159.4778	10944.916
81	66	-1159.6519	10945.622
81	67	-1082.469	10945.205
81	68	-1148.9182	10948.944
81	71	-1182.5857	10945.354
82	1	-1092.3129	10968.106
82	2	-1114.4033	10952.52
82	3	-1136.946	10964.329
82	4	-1121.5475	10946.837
82	5	-1120.6254	10935.474
82	6	-1135.1841	10944.523
82	9	-1126.9736	10918.096
82	10	-1107.7936	10964.597
82	11	-1113.8544	10915.075
82	12	-1126.6992	10914.494
82	14	-1107.8065	10968.168
82	15	-1129.4619	10911.421
82	17	-1101.0448	10964.841
82	18	-1126.0303	10907.621
82	19	-1098.9108	10967.995
82	20	-1135.1106	10976.576
82	21	-1187.445	10965.548
82	22	-1097.6018	10972.595
82	23	-1125.7211	10903.857
82	25	-1119.2701	10982.834
82	26	-1109.1797	10911.318
82	27	-1125.444	10899.899
82	28	-1090.9696	10972.726
82	29	-1127.2809	10984.61
82	30	-1133.3142	10987.058
82	38	-1080.9158	10968.353
82	39	-1091.386	10964.709
82	40	-1110.2018	10911.46
82	41	-1063.08	10973.524
82	43	-1117.991	10939.182
82	44	-1071.7526	10968.586
82	46	-1133.6162	10992.716
82	47	-1095.9268	10951.572
82	48	-1089.6461	10950.391
82	49	-1187.4655	10970.106
82	51	-1134.13	10998.077
82	52	-1113.3809	10910.6
82	54	-1073.7584	10965.0625
82	55	-1134.7179	11004.4
82	56	-1120.6875	11001.364
82	60	-1128.6517	10999.762
82	61	-1121.402	11010.074
82	62	-1135.3518	11011.919
82	64	-1135.8037	11017.439
82	65	-1159.346	10944.92
82	66	-1159.5278	10945.621
82	67	-1082.469	10945.205
82	68	-1148.9182	10948.944
82	71	-1182.7095	10945.329
82	73	-1130.2675	11021.503
83	1	-1092.3223	10968.113
83	2	-1113.9689	10952.89
83	3	-1136.9308	10964.1875
83	4	-1121.5995	10947.197
83	5	-1120.662	10935.646
83	6	-1135.2439	10944.645
83	9	-1126.9736	10918.096
83	10	-1107.7866	10964.602
83	11	-1113.8544	10915.075
83	12	-1126.6992	10914.494
83	14	-1107.8375	10968.164
83	15	-1129.4603	10911.374
83	17	-1101.046	10964.841
83	18	-1126.0303	10907.621
83	19	-1098.9026	10967.999
83	20	-1135.0935	10976.575
83	21	-1187.4646	10965.552
83	22	-1097.6018	10972.595
83	23	-1125.7211	10903.857
83	25	-1119.2701	10982.834
83	26	-1109.1641	10911.42
83	27	-1125.444	10899.899
83	28	-1090.9705	10972.728
83	29	-1127.2671	10984.503
83	30	-1133.3142	10987.058
83	38	-1080.9463	10968.352
83	39	-1091.4894	10964.707
83	40	-1110.1782	10911.571
83	41	-1063.08	10973.524
83	43	-1118.0381	10939.753
83	44	-1071.8098	10968.583
83	46	-1133.6162	10992.716
83	47	-1095.9268	10951.572
83	48	-1089.6461	10950.391
83	49	-1187.4655	10970.106
83	51	-1134.13	10998.077
83	52	-1113.3809	10910.6
83	54	-1074.3184	10965.043
83	55	-1134.7179	11004.4
83	56	-1120.6875	11001.364
83	58	-1074.7286	10950.808
83	60	-1128.627	10999.334
83	61	-1121.402	11010.074
83	62	-1135.3518	11011.919
83	64	-1135.8037	11017.439
83	65	-1159.2269	10944.918
83	66	-1159.3882	10945.63
83	67	-1082.469	10945.205
83	68	-1148.9182	10948.944
83	73	-1130.1372	11020.776
84	1	-1092.302	10968.108
84	2	-1113.5212	10953.231
84	3	-1136.9067	10964.034
84	4	-1121.6562	10947.567
84	5	-1120.6794	10935.853
84	6	-1135.2944	10944.743
84	9	-1126.9736	10918.096
84	10	-1107.7872	10964.606
84	11	-1113.8544	10915.075
84	12	-1126.6992	10914.494
84	14	-1107.8339	10968.167
84	15	-1129.5028	10911.417
84	17	-1101.0416	10964.846
84	18	-1126.0303	10907.621
84	19	-1098.8884	10968.0
84	20	-1135.0905	10976.568
84	21	-1187.4927	10965.543
84	22	-1097.6018	10972.595
84	23	-1125.7211	10903.857
84	25	-1119.2701	10982.834
84	26	-1109.1755	10911.523
84	27	-1125.444	10899.899
84	28	-1090.9921	10972.728
84	29	-1127.2664	10984.423
84	30	-1133.3142	10987.058
84	38	-1080.9612	10968.3545
84	39	-1091.6082	10964.703
84	40	-1110.1743	10911.7
84	41	-1063.08	10973.524
84	43	-1118.0858	10940.347
84	44	-1071.8844	10968.584
84	46	-1133.6162	10992.716
84	47	-1095.9268	10951.572
84	48	-1089.6461	10950.391
84	49	-1187.4655	10970.106
84	51	-1134.13	10998.077
84	52	-1113.3809	10910.6
84	54	-1074.8445	10965.0205
84	55	-1134.7179	11004.4
84	56	-1120.6875	11001.364
84	58	-1074.7286	10950.808
84	60	-1128.6047	10998.947
84	61	-1121.402	11010.074
84	62	-1135.3518	11011.919
84	64	-1135.8037	11017.439
84	65	-1159.0935	10944.922
84	66	-1159.2642	10945.63
84	67	-1082.469	10945.205
84	68	-1148.9182	10948.944
84	73	-1129.9902	11019.954
84	76	-1120.0024	11010.943
85	1	-1092.3135	10968.108
85	2	-1113.0508	10953.56
85	3	-1136.8868	10963.901
85	4	-1121.7158	10947.944
85	5	-1120.7118	10936.066
85	6	-1135.3505	10944.856
85	9	-1126.9736	10918.096
85	10	-1107.7926	10964.608
85	11	-1113.8544	10915.075
85	12	-1126.6992	10914.494
85	14	-1107.8478	10968.163
85	15	-1129.5198	10911.437
85	17	-1101.0353	10964.846
85	18	-1126.0303	10907.621
85	19	-1098.903	10968.001
85	20	-1135.0841	10976.572
85	21	-1187.5659	10965.545
85	22	-1097.6018	10972.595
85	23	-1125.7211	10903.857
85	25	-1119.2701	10982.834
85	26	-1109.1937	10911.638
85	27	-1125.444	10899.899
85	28	-1091.0034	10972.735
85	29	-1127.2592	10984.288
85	30	-1133.3142	10987.058
85	38	-1080.9879	10968.361
85	39	-1091.6876	10964.705
85	40	-1110.2135	10911.812
85	41	-1063.08	10973.524
85	43	-1118.1405	10940.9795
85	44	-1071.9248	10968.586
85	46	-1133.6162	10992.716
85	47	-1095.9268	10951.572
85	48	-1089.6461	10950.391
85	49	-1187.4655	10970.106
85	51	-1134.13	10998.077
85	52	-1113.3809	10910.6
85	54	-1075.3202	10965.005
85	55	-1134.7179	11004.4
85	56	-1120.6875	11001.364
85	58	-1074.7286	10950.808
85	60	-1128.573	10998.583
85	61	-1121.402	11010.074
85	62	-1135.3518	11011.919
85	64	-1135.8037	11017.439
85	65	-1158.9647	10944.916
85	66	-1159.1168	10945.635
85	67	-1082.469	10945.205
85	68	-1148.9182	10948.944
85	73	-1129.8872	11019.242
85	76	-1119.9988	11011.047
85	78	-1136.1082	11023.3125
86	1	-1092.3059	10968.107
86	2	-1112.5538	10953.869
86	3	-1136.8578	10963.737
86	4	-1121.7804	10948.325
86	5	-1120.7518	10936.286
86	6	-1135.4192	10944.959
86	9	-1126.9736	10918.096
86	10	-1107.7925	10964.604
86	11	-1113.8544	10915.075
86	12	-1126.6992	10914.494
86	14	-1107.8525	10968.168
86	17	-1101.0323	10964.845
86	18	-1126.0303	10907.621
86	19	-1098.909	10968.008
86	20	-1135.0664	10976.565
86	21	-1187.5588	10965.544
86	22	-1097.6018	10972.595
86	23	-1125.7211	10903.857
86	25	-1119.2701	10982.834
86	26	-1109.2346	10911.748
86	27	-1125.444	10899.899
86	28	-1091.0192	10972.736
86	29	-1127.2509	10984.176
86	30	-1133.3142	10987.058
86	38	-1081.0073	10968.363
86	39	-1091.7853	10964.696
86	40	-1110.236	10911.925
86	41	-1063.08	10973.524
86	43	-1118.19	10941.652
86	44	-1071.9713	10968.587
86	46	-1133.6162	10992.716
86	47	-1095.9268	10951.572
86	48	-1089.6461	10950.391
86	49	-1187.4655	10970.106
86	51	-1134.13	10998.077
86	52	-1113.3809	10910.6
86	54	-1075.7626	10964.992
86	55	-1134.7179	11004.4
86	56	-1120.6875	11001.364
86	58	-1074.7286	10950.808
86	60	-1128.5293	10998.165
86	61	-1121.402	11010.074
86	62	-1135.3518	11011.919
86	64	-1135.8037	11017.439
86	65	-1158.831	10944.928
86	67	-1082.469	10945.205
86	68	-1148.9182	10948.944
86	73	-1129.803	11018.513
86	76	-1120.0093	11011.136
86	78	-1136.1082	11023.3125
86	79	-1155.1532	10948.605
86	80	-1116.7689	10918.871
87	1	-1092.3003	10968.109
87	2	-1112.0356	10954.161
87	3	-1136.83	10963.586
87	4	-1121.8499	10948.71
87	5	-1120.7911	10936.506
87	6	-1135.4823	10945.055
87	9	-1126.9736	10918.096
87	10	-1107.7896	10964.606
87	11	-1113.8544	10915.075
87	12	-1126.6992	10914.494
87	14	-1107.8544	10968.169
87	15	-1129.6656	10911.323
87	17	-1101.0336	10964.842
87	18	-1126.0303	10907.621
87	19	-1098.8999	10968.013
87	20	-1135.0707	10976.5625
87	21	-1187.5281	10965.546
87	22	-1097.6018	10972.595
87	23	-1125.7211	10903.857
87	25	-1119.2701	10982.834
87	26	-1109.2563	10911.867
87	27	-1125.444	10899.899
87	28	-1091.0215	10972.741
87	29	-1127.2422	10984.043
87	30	-1133.3142	10987.058
87	38	-1081.0359	10968.362
87	39	-1091.8785	10964.696
87	40	-1110.265	10912.041
87	41	-1063.08	10973.524
87	43	-1118.2372	10942.299
87	44	-1071.9875	10968.585
87	46	-1133.6162	10992.716
87	47	-1095.9268	10951.572
87	48	-1089.6461	10950.391
87	49	-1187.4655	10970.106
87	51	-1134.13	10998.077
87	52	-1113.3809	10910.6
87	54	-1076.2258	10964.978
87	55	-1134.7179	11004.4
87	56	-1120.6875	11001.364
87	58	-1074.7286	10950.808
87	60	-1128.5059	10997.792
87	61	-1121.402	11010.074
87	62	-1135.3518	11011.919
87	64	-1135.8037	11017.439
87	65	-1158.713	10944.902
87	67	-1082.469	10945.205
87	68	-1148.9182	10948.944
87	73	-1129.7025	11017.742
87	76	-1120.019	11011.21
87	78	-1136.1082	11023.3125
87	79	-1155.1532	10948.605
87	80	-1116.7604	10919.375
87	81	-1187.9788	10948.494
87	82	-1181.151	10947.976
88	1	-1092.2786	10968.108
88	2	-1111.4834	10954.43
88	3	-1136.8092	10963.453
88	4	-1121.9243	10949.099
88	5	-1120.8099	10936.68
88	6	-1135.5587	10945.148
88	9	-1126.9736	10918.096
88	10	-1107.7921	10964.609
88	11	-1113.8544	10915.075
88	12	-1126.6992	10914.494
88	14	-1107.849	10968.167
88	15	-1129.746	10911.286
88	17	-1101.0421	10964.848
88	18	-1126.0303	10907.621
88	19	-1098.9027	10968.008
88	20	-1135.0616	10976.556
88	21	-1187.5326	10965.553
88	22	-1097.6018	10972.595
88	23	-1125.7211	10903.857
88	25	-1119.2701	10982.834
88	26	-1109.2523	10911.989
88	27	-1125.444	10899.899
88	28	-1091.0322	10972.74
88	29	-1127.2311	10983.8955
88	30	-1133.3142	10987.058
88	38	-1081.1084	10968.356
88	39	-1091.9581	10964.698
88	40	-1110.2734	10912.155
88	41	-1063.08	10973.524
88	43	-1118.2839	10942.969
88	44	-1072.0181	10968.577
88	46	-1133.6162	10992.716
88	47	-1095.9268	10951.572
88	48	-1089.6461	10950.391
88	49	-1187.4655	10970.106
88	51	-1134.13	10998.077
88	54	-1076.6991	10964.955
88	55	-1134.7179	11004.4
88	56	-1120.6875	11001.364
88	58	-1074.7286	10950.808
88	60	-1128.4756	10997.38
88	61	-1121.402	11010.074
88	62	-1135.3518	11011.919
88	64	-1135.8037	11017.439
88	67	-1082.469	10945.205
88	68	-1148.9182	10948.944
88	73	-1129.6338	11017.012
88	76	-1119.9935	11011.277
88	78	-1136.1082	11023.3125
88	79	-1155.1532	10948.605
88	80	-1116.7847	10919.973
88	81	-1187.9788	10948.494
88	82	-1181.151	10947.976
88	83	-1172.3555	10948.397
89	1	-1092.2684	10968.112
89	2	-1110.8887	10954.677
89	3	-1136.7842	10963.315
89	4	-1122.0026	10949.493
89	5	-1120.857	10936.943
89	6	-1135.6453	10945.252
89	9	-1126.9736	10918.096
89	10	-1107.8053	10964.602
89	11	-1113.8544	10915.075
89	12	-1126.6992	10914.494
89	14	-1107.8651	10968.168
89	15	-1129.8472	10911.253
89	17	-1101.0431	10964.851
89	18	-1126.0303	10907.621
89	19	-1098.8922	10968.009
89	20	-1135.049	10976.533
89	21	-1187.4758	10965.557
89	22	-1097.6018	10972.595
89	23	-1125.7211	10903.857
89	25	-1119.2701	10982.834
89	26	-1109.2545	10912.11
89	27	-1125.444	10899.899
89	28	-1091.0698	10972.729
89	29	-1127.222	10983.78
89	30	-1133.3142	10987.058
89	38	-1081.1556	10968.354
89	39	-1092.0378	10964.694
89	40	-1110.2858	10912.267
89	43	-1118.338	10943.639
89	44	-1072.0555	10968.584
89	46	-1133.6162	10992.716
89	47	-1095.9268	10951.572
89	48	-1089.6461	10950.391
89	49	-1187.4655	10970.106
89	51	-1134.13	10998.077
89	54	-1077.1309	10964.94
89	55	-1134.7179	11004.4
89	56	-1120.6875	11001.364
89	58	-1074.7286	10950.808
89	60	-1128.4402	10997.001
89	61	-1121.402	11010.074
89	62	-1135.3518	11011.919
89	64	-1135.8037	11017.439
89	67	-1082.469	10945.205
89	68	-1148.9182	10948.944
89	73	-1129.5905	11016.337
89	76	-1119.9937	11011.364
89	78	-1136.1082	11023.3125
89	79	-1155.1532	10948.605
89	80	-1116.8307	10920.61
89	81	-1187.9788	10948.494
89	82	-1181.151	10947.976
89	83	-1172.3555	10948.397
90	1	-1092.2657	10968.113
90	2	-1110.2769	10954.902
90	3	-1136.766	10963.145
90	4	-1122.0844	10949.89
90	5	-1120.8817	10937.105
90	6	-1135.732	10945.3545
90	9	-1126.9736	10918.096
90	10	-1107.7971	10964.602
90	11	-1113.8544	10915.075
90	12	-1126.6992	10914.494
90	14	-1107.8715	10968.166
90	15	-1129.9513	10911.226
90	17	-1101.0446	10964.8545
90	18	-1126.0303	10907.621
90	19	-1098.8783	10968.018
90	20	-1135.0402	10976.532
90	21	-1187.5088	10965.558
90	22	-1097.6018	10972.595
90	23	-1125.7211	10903.857
90	25	-1119.2701	10982.834
90	26	-1109.2842	10912.221
90	27	-1125.444	10899.899
90	28	-1091.0786	10972.724
90	29	-1127.2074	10983.601
90	30	-1133.3142	10987.058
90	38	-1081.2019	10968.345
90	39	-1092.1018	10964.691
90	40	-1110.3036	10912.411
90	41	-1063.08	10973.524
90	43	-1118.3859	10944.372
90	44	-1072.0688	10968.584
90	46	-1133.6162	10992.716
90	47	-1095.9268	10951.572
90	48	-1089.6461	10950.391
90	49	-1187.4655	10970.106
90	51	-1134.13	10998.077
90	54	-1077.5452	10964.924
90	55	-1134.7179	11004.4
90	56	-1120.6875	11001.364
90	60	-1128.4045	10996.633
90	61	-1121.402	11010.074
90	62	-1135.3518	11011.919
90	64	-1135.8037	11017.439
90	67	-1082.469	10945.205
90	68	-1148.9182	10948.944
90	73	-1129.5614	11015.623
90	76	-1119.9829	11011.441
90	78	-1136.1082	11023.3125
90	79	-1155.1532	10948.605
90	80	-1116.8347	10921.057
90	81	-1187.9788	10948.494
90	82	-1181.151	10947.976
90	84	-1196.2074	10969.824
