0	1	1958.9701	-8264.76
0	2	1976.4395	-8259.031
0	3	1920.0837	-8292.494
0	4	1920.2837	-8280.16
0	5	2011.6099	-8264.87
0	7	1949.6096	-8268.4
0	8	1980.2869	-8268.576
0	9	1899.0647	-8240.637
0	10	1951.0966	-8322.189
0	11	1949.8356	-8322.683
0	12	1891.7113	-8272.397
0	13	1895.4716	-8278.83
0	14	1929.7795	-8329.1875
0	15	1931.2823	-8329.717
0	16	1877.8442	-8278.281
0	17	1898.458	-8299.404
0	18	1879.0242	-8289.14
0	25	2019.1359	-8281.499
0	26	1971.313	-8210.711
0	27	1951.4127	-8323.31
1	1	1958.1954	-8264.764
1	2	1975.1008	-8258.961
1	3	1920.0817	-8292.502
1	4	1921.0924	-8280.319
1	5	2010.0796	-8264.878
1	6	1920.2097	-8222.011
1	7	1948.9589	-8268.403
1	8	1979.2042	-8268.592
1	9	1899.056	-8242.593
1	10	1951.103	-8322.196
1	11	1949.8356	-8322.683
1	12	1891.7333	-8274.166
1	13	1895.4622	-8280.806
1	14	1929.7997	-8329.174
1	15	1931.2823	-8329.717
1	16	1877.8442	-8278.281
1	17	1898.4296	-8301.194
1	18	1878.9606	-8289.157
1	25	2020.7943	-8281.477
1	27	1951.4138	-8323.332
2	1	1957.4327	-8264.767
2	2	1973.8102	-8258.897
2	3	1920.0815	-8292.491
2	4	1921.9016	-8280.468
2	5	2007.4542	-8264.824
2	6	1920.1902	-8222.112
2	7	1948.3207	-8268.407
2	8	1978.0828	-8268.584
2	9	1899.0312	-8244.515
2	10	1951.1038	-8322.182
2	11	1949.8356	-8322.683
2	12	1891.7386	-8276.004
2	13	1895.4425	-8282.816
2	14	1929.8445	-8329.166
2	15	1931.2823	-8329.717
2	17	1898.4033	-8303.004
2	18	1878.965	-8289.165
2	25	2022.45	-8281.48
2	27	1951.3735	-8323.349
3	1	1956.6791	-8264.775
3	2	1972.5999	-8258.837
3	3	1920.0768	-8292.486
3	4	1922.7465	-8280.613
3	5	2005.4811	-8264.834
3	6	1920.2029	-8222.247
3	7	1947.6954	-8268.41
3	8	1977.0027	-8268.591
3	9	1899.0063	-8246.479
3	10	1951.0999	-8322.176
3	11	1949.8356	-8322.683
3	12	1891.7721	-8277.75
3	13	1895.4172	-8284.756
3	14	1929.8625	-8329.161
3	15	1931.2823	-8329.717
3	17	1898.3888	-8304.768
3	18	1878.9244	-8289.172
4	1	1955.9579	-8264.784
4	2	1971.3425	-8258.77
4	3	1920.08	-8292.479
4	4	1923.627	-8280.745
4	5	2003.7499	-8264.811
4	6	1920.2006	-8222.356
4	7	1947.0831	-8268.413
4	8	1975.9147	-8268.598
4	9	1898.9915	-8248.452
4	10	1951.0944	-8322.155
4	11	1949.8356	-8322.683
4	12	1891.7802	-8279.527
4	13	1895.3983	-8286.794
4	14	1929.8586	-8329.138
4	15	1931.2823	-8329.717
4	16	1877.8442	-8278.281
4	17	1898.3677	-8306.543
4	18	1878.9407	-8289.181
4	26	1971.313	-8210.711
5	1	1955.219	-8264.794
5	2	1970.1315	-8258.701
5	3	1920.0785	-8292.477
5	4	1924.519	-8280.872
5	5	2002.0437	-8264.786
5	6	1920.1941	-8222.476
5	7	1946.4838	-8268.416
5	8	1974.8435	-8268.603
5	9	1898.9556	-8250.438
5	10	1951.1339	-8322.173
5	11	1949.8356	-8322.683
5	12	1891.7993	-8281.357
5	13	1895.3762	-8288.766
5	14	1929.8427	-8329.1045
5	15	1931.2823	-8329.717
5	16	1877.8442	-8278.281
5	17	1898.3241	-8308.341
5	18	1878.9467	-8289.185
5	26	1971.313	-8210.711
6	1	1954.5066	-8264.799
6	2	1968.9677	-8258.638
6	3	1920.0863	-8292.455
6	4	1925.4291	-8280.989
6	5	2000.3469	-8264.778
6	6	1920.1818	-8222.602
6	7	1945.8961	-8268.419
6	8	1973.7941	-8268.607
6	9	1898.9213	-8252.355
6	10	1951.1278	-8322.151
6	11	1949.8356	-8322.683
6	12	1891.8226	-8283.164
6	13	1895.3651	-8290.7705
6	14	1929.8503	-8329.102
6	15	1931.2823	-8329.717
6	16	1877.8442	-8278.281
6	17	1898.3206	-8310.147
6	18	1878.9318	-8289.185
7	1	1953.8214	-8264.807
7	2	1967.7654	-8258.58
7	3	1920.0907	-8292.433
7	4	1926.3833	-8281.103
7	5	1998.6641	-8264.765
7	6	1920.1924	-8222.741
7	7	1945.3218	-8268.422
7	8	1972.7834	-8268.613
7	9	1898.8967	-8254.347
7	10	1951.1007	-8322.177
7	11	1949.8356	-8322.683
7	12	1891.8198	-8285.018
7	13	1895.3568	-8292.796
7	14	1929.8463	-8329.077
7	15	1931.2823	-8329.717
7	16	1877.8442	-8278.281
7	17	1898.298	-8311.933
7	18	1878.9719	-8289.186
8	1	1953.1393	-8264.813
8	2	1966.5941	-8258.521
8	3	1920.0941	-8292.426
8	4	1927.3583	-8281.204
8	5	1997.0171	-8264.763
8	6	1920.1743	-8222.852
8	7	1944.7599	-8268.425
8	8	1971.7649	-8268.624
8	9	1898.8761	-8256.276
8	10	1951.1241	-8322.121
8	11	1949.8356	-8322.683
8	12	1891.8114	-8286.851
8	13	1895.3312	-8294.797
8	14	1929.8462	-8329.075
8	15	1931.2823	-8329.717
8	16	1877.8442	-8278.281
8	17	1898.2927	-8313.735
8	18	1878.955	-8289.188
9	1	1952.4784	-8264.822
9	2	1965.4445	-8258.472
9	3	1920.0902	-8292.419
9	4	1928.3401	-8281.289
9	5	1995.3491	-8264.7295
9	7	1944.2107	-8268.429
9	8	1970.7523	-8268.626
9	9	1898.8715	-8258.248
9	10	1951.123	-8322.179
9	11	1949.8356	-8322.683
9	12	1891.813	-8288.683
9	13	1895.3121	-8296.814
9	14	1929.8617	-8329.052
9	15	1931.2823	-8329.717
9	16	1877.8442	-8278.281
9	17	1898.2859	-8315.588
9	18	1878.95	-8289.187
10	1	1951.8209	-8264.828
10	2	1964.2871	-8258.421
10	3	1920.0889	-8292.391
10	4	1929.3589	-8281.372
10	5	1993.7297	-8264.725
10	6	1920.1661	-8223.098
10	7	1943.6743	-8268.43
10	8	1969.8099	-8268.638
10	9	1898.8586	-8260.22
10	10	1951.1317	-8322.166
10	11	1949.8356	-8322.683
10	12	1891.8114	-8290.554
10	13	1895.2802	-8298.837
10	14	1929.8566	-8329.039
10	15	1931.2823	-8329.717
10	16	1877.8442	-8278.281
10	17	1898.2704	-8317.363
10	18	1878.9534	-8289.187
11	1	1951.168	-8264.835
11	2	1963.1775	-8258.376
11	3	1920.1033	-8292.319
11	4	1930.4045	-8281.448
11	5	1992.162	-8264.691
11	6	1920.1655	-8223.197
11	7	1943.1498	-8268.433
11	8	1968.8701	-8268.643
11	9	1898.837	-8262.101
11	10	1951.1365	-8322.171
11	11	1949.8356	-8322.683
11	12	1891.8184	-8292.414
11	13	1895.2415	-8300.845
11	14	1929.8658	-8329.03
11	15	1931.2823	-8329.717
11	16	1877.8442	-8278.281
11	17	1898.2489	-8319.172
11	18	1878.9401	-8289.194
12	1	1950.5449	-8264.846
12	2	1962.0577	-8258.33
12	4	1931.466	-8281.515
12	5	1990.6011	-8264.686
12	6	1920.166	-8223.338
12	7	1942.6377	-8268.436
12	8	1967.9183	-8268.645
12	9	1898.8281	-8264.061
12	10	1951.1271	-8322.165
12	11	1949.8356	-8322.683
12	12	1891.8235	-8294.236
12	13	1895.2152	-8302.87
12	14	1929.8699	-8328.999
12	15	1931.2823	-8329.717
12	16	1877.8442	-8278.281
12	17	1898.2837	-8320.881
12	18	1878.9209	-8289.201
13	1	1949.9281	-8264.847
13	2	1960.964	-8258.29
13	3	1920.1035	-8292.295
13	4	1932.5327	-8281.573
13	5	1989.0409	-8264.669
13	6	1920.1696	-8223.451
13	7	1942.1383	-8268.4375
13	8	1967.0061	-8268.659
13	9	1898.8068	-8266.003
13	10	1951.1318	-8322.164
13	11	1949.8356	-8322.683
13	12	1891.8207	-8296.108
13	13	1895.203	-8304.916
13	14	1929.8802	-8328.991
13	15	1931.2823	-8329.717
13	16	1877.8442	-8278.281
13	17	1898.2721	-8322.699
13	18	1878.9305	-8289.199
13	19	1899.3945	-8205.165
14	1	1949.3251	-8264.858
14	2	1959.896	-8258.254
14	3	1920.1173	-8292.234
14	4	1933.6349	-8281.627
14	5	1987.4956	-8264.66
14	6	1920.1611	-8223.587
14	7	1941.6506	-8268.439
14	8	1966.0856	-8268.666
14	9	1898.7964	-8267.983
14	10	1951.1298	-8322.153
14	11	1949.8356	-8322.683
14	12	1891.8303	-8298.003
14	13	1895.1836	-8306.919
14	14	1929.8845	-8328.968
14	15	1931.2823	-8329.717
14	16	1877.8442	-8278.281
14	17	1898.2844	-8324.461
14	18	1878.9211	-8289.191
14	19	1899.4019	-8206.93
15	1	1948.735	-8264.86
15	2	1958.8417	-8258.222
15	3	1920.1344	-8292.183
15	4	1934.7587	-8281.67
15	5	1985.9786	-8264.648
15	6	1920.1654	-8223.704
15	7	1941.1749	-8268.441
15	8	1965.2019	-8268.666
15	9	1898.7799	-8269.92
15	10	1951.1375	-8322.153
15	11	1949.8356	-8322.683
15	12	1891.8359	-8299.889
15	13	1895.1615	-8308.962
15	14	1929.9016	-8328.959
15	15	1931.2823	-8329.717
15	16	1877.8442	-8278.281
15	17	1898.2675	-8326.318
15	18	1878.9213	-8289.194
15	19	1899.3889	-8208.703
16	1	1948.1545	-8264.867
16	2	1957.8021	-8258.189
16	3	1920.1498	-8292.12
16	4	1935.9124	-8281.709
16	5	1984.4751	-8264.656
16	6	1920.1652	-8223.8125
16	7	1940.7113	-8268.444
16	8	1964.3474	-8268.663
16	9	1898.7689	-8271.862
16	10	1951.1467	-8322.148
16	11	1949.8356	-8322.683
16	12	1891.8169	-8301.784
16	13	1895.1401	-8310.976
16	14	1929.9077	-8328.938
16	15	1931.2823	-8329.717
16	16	1877.8442	-8278.281
16	17	1898.2917	-8328.058
16	18	1878.9333	-8289.184
16	19	1899.356	-8210.496
17	1	1947.5872	-8264.874
17	2	1956.8031	-8258.165
17	3	1920.161	-8292.055
17	4	1937.0945	-8281.74
17	5	1982.9774	-8264.641
17	6	1920.1615	-8223.947
17	7	1940.26	-8268.446
17	8	1963.509	-8268.674
17	9	1898.7537	-8273.852
17	10	1951.1653	-8322.162
17	11	1949.8356	-8322.683
17	12	1891.8064	-8303.661
17	13	1895.0994	-8313.042
17	14	1929.9169	-8328.925
17	15	1931.2823	-8329.717
17	16	1877.8442	-8278.281
17	17	1898.296	-8329.882
17	18	1878.9182	-8289.179
17	19	1899.3452	-8212.285
18	1	1947.0374	-8264.877
18	2	1955.8058	-8258.138
18	3	1920.1788	-8291.978
18	4	1938.2739	-8281.77
18	5	1981.4998	-8264.634
18	6	1920.1754	-8224.059
18	7	1939.8212	-8268.449
18	8	1962.6763	-8268.6875
18	9	1898.7368	-8275.798
18	10	1951.1658	-8322.168
18	11	1949.8356	-8322.683
18	12	1891.7964	-8305.563
18	13	1895.095	-8315.115
18	14	1929.916	-8328.901
18	15	1931.2823	-8329.717
18	17	1898.2748	-8331.706
18	18	1878.9454	-8289.19
18	19	1899.3143	-8214.084
19	1	1946.5103	-8264.879
19	2	1954.839	-8258.112
19	3	1920.1997	-8291.896
19	4	1939.4846	-8281.786
19	5	1980.0468	-8264.624
19	6	1920.1587	-8224.182
19	7	1939.3931	-8268.452
19	8	1961.8713	-8268.692
19	9	1898.7228	-8277.739
19	10	1951.157	-8322.148
19	11	1949.8356	-8322.683
19	12	1891.7942	-8307.463
19	13	1895.0708	-8317.206
19	14	1929.93	-8328.889
19	15	1931.2823	-8329.717
19	16	1877.8442	-8278.281
19	17	1898.2733	-8333.443
19	18	1878.9435	-8289.191
19	19	1899.3091	-8215.858
20	1	1945.9601	-8264.884
20	2	1953.8578	-8258.095
20	3	1920.2244	-8291.8125
20	4	1940.709	-8281.815
20	5	1978.6062	-8264.618
20	6	1920.1599	-8224.298
20	7	1938.9761	-8268.453
20	8	1961.0685	-8268.7
20	9	1898.7039	-8279.702
20	10	1951.1727	-8322.147
20	11	1949.8356	-8322.683
20	12	1891.7832	-8309.372
20	13	1895.0696	-8319.321
20	14	1929.9315	-8328.872
20	15	1931.2823	-8329.717
20	16	1877.8442	-8278.281
20	18	1878.9464	-8289.2
20	19	1899.3013	-8217.656
21	1	1945.4423	-8264.887
21	2	1952.92	-8258.078
21	3	1920.2448	-8291.72
21	4	1941.9475	-8281.825
21	5	1977.1913	-8264.617
21	6	1920.169	-8224.421
21	7	1938.571	-8268.456
21	8	1960.2865	-8268.71
21	9	1898.6837	-8281.719
21	10	1951.1876	-8322.151
21	11	1949.8356	-8322.683
21	12	1891.7941	-8311.284
21	13	1895.0569	-8321.336
21	14	1929.9485	-8328.868
21	15	1931.2823	-8329.717
21	16	1877.8442	-8278.281
21	18	1878.8987	-8289.1875
21	19	1899.2418	-8219.49
21	22	1929.3375	-8309.54
22	1	1944.9108	-8264.89
22	2	1951.9744	-8258.064
22	3	1920.2633	-8291.642
22	4	1943.2421	-8281.838
22	5	1975.793	-8264.611
22	6	1920.1515	-8224.526
22	7	1938.1768	-8268.458
22	8	1959.5165	-8268.715
22	9	1898.6652	-8283.645
22	10	1951.1715	-8322.151
22	11	1949.8356	-8322.683
22	12	1891.7953	-8313.192
22	13	1895.0442	-8323.401
22	14	1929.944	-8328.844
22	15	1931.2823	-8329.717
22	16	1877.8442	-8278.281
22	18	1878.8892	-8289.186
22	19	1899.2527	-8221.307
23	1	1944.408	-8264.8955
23	2	1951.0667	-8258.048
23	3	1920.2894	-8291.55
23	4	1944.5426	-8281.847
23	5	1974.4462	-8264.598
23	6	1920.1482	-8224.662
23	7	1937.7942	-8268.461
23	8	1958.7903	-8268.722
23	9	1898.669	-8285.623
23	10	1951.1937	-8322.174
23	11	1949.8356	-8322.683
23	12	1891.7914	-8315.102
23	13	1895.0071	-8325.485
23	14	1929.964	-8328.83
23	15	1931.2823	-8329.717
23	16	1877.8442	-8278.281
23	18	1878.9207	-8289.188
23	19	1899.2166	-8223.143
23	20	1911.8142	-8339.331
23	22	1928.9935	-8309.786
24	1	1943.9315	-8264.901
24	2	1950.1642	-8258.039
24	3	1920.3226	-8291.443
24	4	1945.8507	-8281.843
24	5	1973.1393	-8264.6
24	6	1920.1489	-8224.782
24	7	1937.4218	-8268.463
24	8	1958.0641	-8268.728
24	9	1898.6611	-8287.562
24	10	1951.1996	-8322.171
24	11	1949.8356	-8322.683
24	12	1891.79	-8316.989
24	13	1895.0149	-8327.557
24	14	1929.9551	-8328.797
24	15	1931.2823	-8329.717
24	16	1877.8442	-8278.281
24	18	1878.887	-8289.183
24	19	1899.1924	-8224.995
24	20	1911.7731	-8337.327
24	22	1929.4312	-8309.055
25	1	1943.4362	-8264.908
25	2	1949.2809	-8258.036
25	3	1920.3545	-8291.326
25	4	1947.1952	-8281.853
25	5	1971.8562	-8264.595
25	6	1920.1642	-8224.9
25	7	1937.0598	-8268.465
25	8	1957.3604	-8268.736
25	9	1898.6492	-8289.531
25	10	1951.1964	-8322.159
25	11	1949.8356	-8322.683
25	12	1891.7822	-8318.898
25	13	1894.9688	-8329.682
25	14	1929.9648	-8328.789
25	15	1931.2823	-8329.717
25	16	1877.8442	-8278.281
25	18	1878.89	-8289.185
25	19	1899.1646	-8226.871
25	20	1911.7706	-8335.288
26	1	1942.9514	-8264.912
26	2	1948.4198	-8258.033
26	3	1920.385	-8291.222
26	4	1948.5548	-8281.8545
26	5	1970.6055	-8264.59
26	6	1920.1709	-8225.004
26	7	1936.7091	-8268.467
26	8	1956.6448	-8268.748
26	9	1898.6489	-8291.51
26	10	1951.187	-8322.177
26	11	1949.8356	-8322.683
26	12	1891.7726	-8320.793
26	13	1894.9149	-8331.732
26	14	1929.9662	-8328.767
26	15	1931.2823	-8329.717
26	16	1877.8442	-8278.281
26	18	1878.8993	-8289.186
26	19	1899.148	-8228.728
26	20	1911.8021	-8333.249
26	22	1929.2777	-8310.324
27	1	1942.4879	-8264.917
27	2	1947.5575	-8258.024
27	3	1920.4197	-8291.104
27	4	1949.9171	-8281.853
27	5	1969.3998	-8264.593
27	6	1920.2163	-8225.1045
27	7	1936.3688	-8268.468
27	8	1955.9668	-8268.745
27	9	1898.641	-8293.486
27	11	1949.8356	-8322.683
27	12	1891.7838	-8322.772
27	14	1929.9883	-8328.763
27	15	1931.2823	-8329.717
27	16	1877.8442	-8278.281
27	18	1878.8939	-8289.184
27	19	1899.1343	-8230.611
27	20	1911.843	-8331.239
27	22	1929.4631	-8309.479
28	1	1942.0237	-8264.922
28	2	1946.7377	-8258.023
28	3	1920.4583	-8290.974
28	4	1951.2296	-8281.831
28	5	1968.2272	-8264.584
28	7	1936.0382	-8268.47
28	8	1955.3099	-8268.743
28	9	1898.6389	-8295.495
28	10	1951.1956	-8322.147
28	11	1949.8356	-8322.683
28	12	1891.7919	-8324.674
28	14	1929.9867	-8328.756
28	15	1931.2823	-8329.717
28	16	1877.8442	-8278.281
28	18	1878.9044	-8289.183
28	19	1899.1138	-8232.475
28	20	1911.8701	-8329.219
29	1	1941.5898	-8264.935
29	2	1945.9005	-8258.025
29	3	1920.4996	-8290.85
29	4	1952.6398	-8281.82
29	5	1967.0889	-8264.587
29	7	1935.7177	-8268.472
29	8	1954.6619	-8268.744
29	9	1898.6404	-8297.454
29	10	1951.6003	-8321.56
29	11	1949.8356	-8322.683
29	12	1891.8239	-8326.56
29	14	1929.9979	-8328.756
29	15	1931.2823	-8329.717
29	16	1877.8442	-8278.281
29	18	1878.8989	-8289.178
29	19	1899.0945	-8234.358
29	20	1911.8783	-8327.193
29	22	1928.9384	-8310.442
30	1	1941.1366	-8264.936
30	2	1945.1167	-8258.022
30	3	1920.5436	-8290.714
30	4	1954.0648	-8281.822
30	5	1965.9686	-8264.588
30	7	1935.4069	-8268.472
30	8	1954.0339	-8268.745
30	9	1898.6348	-8299.46
30	10	1951.1871	-8322.154
30	11	1949.8356	-8322.683
30	12	1891.8688	-8328.466
30	14	1929.9895	-8328.756
30	15	1931.2823	-8329.717
30	16	1877.8442	-8278.281
30	18	1878.9006	-8289.18
30	19	1899.0731	-8236.228
30	20	1911.8943	-8325.154
30	22	1928.8695	-8310.446
31	1	1940.7062	-8264.942
31	2	1944.3129	-8258.022
31	3	1920.5918	-8290.578
31	4	1955.4878	-8281.815
31	5	1964.8947	-8264.583
31	7	1935.106	-8268.475
31	8	1953.4248	-8268.747
31	9	1898.6407	-8301.426
31	10	1951.1936	-8322.166
31	11	1949.8356	-8322.683
31	12	1891.9312	-8330.431
31	14	1929.9889	-8328.755
31	15	1931.2823	-8329.717
31	16	1877.8442	-8278.281
31	18	1878.9032	-8289.18
31	19	1899.0586	-8238.143
31	20	1911.911	-8323.116
31	22	1928.9883	-8310.507
32	1	1940.2793	-8264.951
32	2	1943.5537	-8258.019
32	3	1920.6423	-8290.443
32	4	1956.922	-8281.799
32	5	1963.8533	-8264.58
32	6	1920.1517	-8225.741
32	7	1934.8158	-8268.475
32	8	1952.8348	-8268.748
32	9	1898.6434	-8303.368
32	10	1951.183	-8322.132
32	11	1949.8356	-8322.683
32	12	1891.9829	-8332.345
32	14	1929.9836	-8328.752
32	15	1931.2823	-8329.717
32	16	1877.8442	-8278.281
32	18	1878.9156	-8289.184
32	19	1899.0378	-8240.032
32	20	1911.9282	-8321.098
32	22	1928.9775	-8310.468
33	1	1939.8666	-8264.956
33	2	1942.7871	-8258.027
33	3	1920.7083	-8290.302
33	4	1958.3856	-8281.78
33	5	1962.867	-8264.576
33	7	1934.536	-8268.477
33	8	1952.2566	-8268.744
33	9	1898.6367	-8305.348
33	10	1951.1862	-8322.143
33	11	1949.8356	-8322.683
33	14	1929.985	-8328.768
33	15	1931.2823	-8329.717
33	16	1877.8442	-8278.281
33	18	1878.8967	-8289.185
33	19	1899.0264	-8241.934
33	20	1911.9269	-8319.076
34	1	1939.4497	-8264.962
34	2	1942.0537	-8258.019
34	3	1920.773	-8290.141
34	4	1959.8588	-8281.773
34	5	1961.9033	-8264.577
34	6	1920.1301	-8226.013
34	7	1934.2662	-8268.478
34	8	1951.6971	-8268.744
34	9	1898.6385	-8307.331
34	11	1949.8356	-8322.683
34	14	1930.003	-8328.765
34	15	1931.2823	-8329.717
34	16	1877.8442	-8278.281
34	18	1878.9017	-8289.188
34	19	1898.999	-8243.855
34	20	1911.9344	-8317.026
34	22	1928.9758	-8310.45
35	1	1939.061	-8264.967
35	2	1941.3724	-8258.015
35	3	1920.8484	-8289.98
35	4	1961.3446	-8281.76
35	5	1960.9417	-8264.576
35	6	1920.128	-8226.111
35	7	1934.0059	-8268.479
35	8	1951.148	-8268.741
35	9	1898.6372	-8309.262
35	10	1951.1711	-8322.141
35	11	1949.8356	-8322.683
35	14	1930.0074	-8328.761
35	15	1931.2823	-8329.717
35	16	1877.8442	-8278.281
35	18	1878.8942	-8289.192
35	19	1898.9774	-8245.7705
35	20	1911.9409	-8314.995
35	22	1928.9484	-8309.257
36	1	1938.6871	-8264.972
36	2	1940.6233	-8258.023
36	3	1920.933	-8289.793
36	4	1962.8607	-8281.745
36	5	1960.0308	-8264.584
36	6	1920.1375	-8226.247
36	7	1933.7555	-8268.4795
36	8	1950.6016	-8268.731
36	9	1898.6312	-8311.25
36	11	1949.8356	-8322.683
36	14	1930.0083	-8328.75
36	15	1931.2823	-8329.717
36	16	1877.8442	-8278.281
36	18	1878.8871	-8289.191
36	19	1898.9581	-8247.67
36	20	1911.9576	-8312.99
37	1	1938.303	-8264.974
37	2	1939.9276	-8258.021
37	3	1921.0283	-8289.615
37	4	1964.3777	-8281.735
37	5	1959.1348	-8264.592
37	6	1920.1193	-8226.337
37	7	1933.5149	-8268.4795
37	8	1950.0901	-8268.728
37	9	1898.6327	-8313.226
37	10	1951.1077	-8322.239
37	11	1949.8356	-8322.683
37	14	1929.9945	-8328.755
37	15	1931.2823	-8329.717
37	16	1877.8442	-8278.281
37	18	1878.8824	-8289.19
37	19	1898.9414	-8249.572
37	20	1911.9646	-8310.986
37	21	1895.8547	-8203.083
37	22	1928.9674	-8310.457
38	1	1937.9221	-8264.9795
38	2	1939.2471	-8258.023
38	3	1921.1356	-8289.431
38	4	1965.8848	-8281.726
38	5	1958.2659	-8264.596
38	6	1920.1124	-8226.473
38	7	1933.284	-8268.48
38	8	1949.5726	-8268.724
38	9	1898.6317	-8315.236
38	10	1951.0375	-8322.128
38	11	1949.8356	-8322.683
38	14	1930.003	-8328.748
38	15	1931.2823	-8329.717
38	16	1877.8442	-8278.281
38	18	1878.9033	-8289.189
38	19	1898.9261	-8251.511
38	20	1911.974	-8309.051
38	21	1895.8052	-8205.062
38	22	1928.9908	-8310.401
39	1	1937.5569	-8264.986
39	2	1938.6038	-8258.022
39	3	1921.2576	-8289.244
39	4	1967.4415	-8281.703
39	5	1957.3867	-8264.604
39	6	1920.1251	-8226.589
39	7	1933.0627	-8268.48
39	8	1949.0784	-8268.722
39	9	1898.6262	-8317.132
39	10	1951.1641	-8322.075
39	11	1949.8356	-8322.683
39	14	1930.0056	-8328.747
39	15	1931.2823	-8329.717
39	16	1877.8442	-8278.281
39	18	1878.9019	-8289.185
39	19	1898.9203	-8253.403
39	20	1911.9943	-8307.002
39	21	1895.7771	-8206.966
39	22	1929.1595	-8309.947
40	1	1937.1912	-8264.986
40	2	1937.9568	-8258.016
40	3	1921.3864	-8289.057
40	4	1968.9879	-8281.684
40	5	1956.5518	-8264.613
40	6	1920.1144	-8226.71
40	7	1932.8511	-8268.481
40	8	1948.6129	-8268.72
40	9	1898.619	-8319.148
40	10	1951.1233	-8322.055
40	11	1949.8356	-8322.683
40	14	1930.0145	-8328.76
40	15	1931.2823	-8329.717
40	16	1877.8442	-8278.281
40	18	1878.906	-8289.186
40	19	1898.9005	-8255.321
40	20	1911.987	-8304.982
40	21	1895.7592	-8208.886
40	22	1929.2412	-8309.595
41	1	1936.8484	-8264.99
41	2	1937.3342	-8258.016
41	3	1921.5304	-8288.8545
41	4	1970.5398	-8281.672
41	5	1955.7506	-8264.622
41	6	1920.1311	-8226.839
41	7	1932.648	-8268.482
41	8	1948.1572	-8268.717
41	9	1898.6261	-8321.041
41	10	1951.1777	-8322.022
41	11	1949.8356	-8322.683
41	14	1930.0039	-8328.753
41	15	1931.2823	-8329.717
41	16	1877.8442	-8278.281
41	18	1878.9053	-8289.182
41	19	1898.8837	-8257.252
41	20	1912.0042	-8302.882
41	21	1895.7184	-8210.844
41	22	1929.0734	-8310.361
42	1	1936.4917	-8264.99
42	2	1936.7247	-8258.013
42	3	1921.679	-8288.672
42	4	1972.113	-8281.648
42	5	1954.95	-8264.63
42	6	1920.1179	-8226.952
42	7	1932.4532	-8268.482
42	8	1947.7167	-8268.71
42	9	1898.6284	-8323.038
42	10	1951.0972	-8322.224
42	11	1949.8356	-8322.683
42	14	1930.0353	-8328.751
42	15	1931.2823	-8329.717
42	16	1877.8442	-8278.281
42	18	1878.9224	-8289.183
42	19	1898.8729	-8259.16
42	20	1911.9835	-8300.843
42	21	1895.6886	-8212.742
42	24	1928.367	-8309.517
43	1	1936.1686	-8264.996
43	2	1936.1056	-8258.009
43	3	1921.831	-8288.485
43	4	1973.7048	-8281.64
43	5	1954.1644	-8264.643
43	6	1920.1222	-8227.083
43	7	1932.267	-8268.484
43	8	1947.2815	-8268.709
43	9	1898.6278	-8324.991
43	10	1951.0762	-8322.162
43	11	1949.8356	-8322.683
43	14	1930.0427	-8328.751
43	15	1931.2823	-8329.717
43	16	1877.8442	-8278.281
43	18	1878.9106	-8289.184
43	19	1898.8676	-8261.079
43	20	1911.9854	-8298.856
43	21	1895.6558	-8214.664
44	1	1935.8485	-8265.003
44	2	1935.5347	-8258.006
44	3	1922.0221	-8288.268
44	4	1975.283	-8281.609
44	5	1953.4155	-8264.653
44	6	1920.1152	-8227.193
44	7	1932.0896	-8268.484
44	8	1946.8622	-8268.707
44	9	1898.6284	-8326.896
44	10	1951.0675	-8322.297
44	11	1949.8356	-8322.683
44	14	1930.066	-8328.735
44	15	1931.2823	-8329.717
44	16	1877.8442	-8278.281
44	18	1878.9257	-8289.184
44	19	1898.8533	-8262.988
44	20	1911.9945	-8296.826
44	21	1895.6422	-8216.564
44	22	1928.7878	-8309.885
44	24	1928.9543	-8310.56
45	1	1935.5226	-8265.007
45	2	1934.9788	-8258.004
45	3	1922.2367	-8288.048
45	4	1976.8958	-8281.588
45	5	1952.702	-8264.664
45	6	1920.1094	-8227.315
45	7	1931.9208	-8268.485
45	8	1946.4489	-8268.705
45	9	1898.6407	-8328.878
45	10	1951.0421	-8322.216
45	11	1949.8356	-8322.683
45	14	1930.0693	-8328.723
45	15	1931.2823	-8329.717
45	16	1877.8442	-8278.281
45	18	1878.9187	-8289.182
45	19	1898.8362	-8264.916
45	20	1912.0078	-8294.812
45	21	1895.6044	-8218.474
45	22	1928.5734	-8309.479
45	24	1929.1033	-8310.7
46	1	1935.2115	-8265.01
46	2	1934.4124	-8258.002
46	3	1922.476	-8287.81
46	4	1978.5319	-8281.571
46	5	1951.9908	-8264.672
46	6	1920.1029	-8227.449
46	7	1931.76	-8268.486
46	8	1946.037	-8268.7
46	9	1898.637	-8330.798
46	10	1951.068	-8322.359
46	11	1949.8356	-8322.683
46	14	1930.0656	-8328.745
46	15	1931.2823	-8329.717
46	16	1877.8442	-8278.281
46	18	1878.9216	-8289.18
46	19	1898.8262	-8266.807
46	20	1912.0166	-8292.782
46	21	1895.5769	-8220.389
46	22	1928.9426	-8310.422
46	24	1929.1119	-8310.803
47	1	1934.9003	-8265.012
47	2	1933.8938	-8257.993
47	3	1922.7327	-8287.575
47	4	1980.1335	-8281.546
47	5	1951.2932	-8264.685
47	6	1920.1023	-8227.565
47	7	1931.6068	-8268.487
47	8	1945.6635	-8268.707
47	9	1898.6508	-8332.702
47	11	1949.8356	-8322.683
47	14	1930.0702	-8328.746
47	15	1931.2823	-8329.717
47	16	1877.8442	-8278.281
47	18	1878.9209	-8289.18
47	19	1898.8115	-8268.721
47	20	1912.022	-8290.754
47	21	1895.5449	-8222.316
47	22	1929.0884	-8309.532
47	24	1929.1599	-8310.514
48	1	1934.6123	-8265.014
48	2	1933.3856	-8257.983
48	3	1923.025	-8287.331
48	4	1981.7554	-8281.526
48	5	1950.6136	-8264.695
48	6	1920.1106	-8227.675
48	7	1931.4606	-8268.487
48	8	1945.2853	-8268.708
48	9	1898.627	-8334.629
48	11	1949.8356	-8322.683
48	14	1930.0979	-8328.724
48	15	1931.2823	-8329.717
48	16	1877.8442	-8278.281
48	18	1878.9086	-8289.18
48	19	1898.8007	-8270.641
48	20	1912.0294	-8288.702
48	21	1895.513	-8224.249
48	22	1929.0022	-8310.382
48	24	1929.099	-8310.707
49	1	1934.3153	-8265.0205
49	2	1932.9087	-8257.978
49	3	1923.3336	-8287.086
49	4	1983.3619	-8281.509
49	5	1949.9775	-8264.706
49	6	1920.1091	-8227.8
49	7	1931.3208	-8268.488
49	8	1944.9323	-8268.71
49	9	1898.6158	-8336.623
49	11	1949.8356	-8322.683
49	14	1930.1016	-8328.734
49	15	1931.2823	-8329.717
49	16	1877.8442	-8278.281
49	18	1878.9209	-8289.174
49	19	1898.785	-8272.566
49	20	1912.0304	-8286.649
49	21	1895.485	-8226.151
49	22	1929.0786	-8309.495
49	24	1928.5125	-8309.727
50	1	1934.0463	-8265.026
50	2	1932.4174	-8257.965
50	3	1923.6682	-8286.848
50	4	1985.0164	-8281.486
50	5	1949.3585	-8264.717
50	6	1920.1055	-8227.924
50	7	1931.1892	-8268.49
50	8	1944.573	-8268.707
50	11	1949.8356	-8322.683
50	14	1930.1344	-8328.707
50	15	1931.2823	-8329.717
50	16	1877.8442	-8278.281
50	18	1878.919	-8289.175
50	19	1898.7673	-8274.512
50	20	1912.0333	-8284.636
50	21	1895.461	-8228.074
50	22	1929.0201	-8310.449
51	1	1933.7834	-8265.029
51	2	1931.9677	-8257.956
51	3	1924.033	-8286.602
51	4	1986.6453	-8281.465
51	5	1948.7499	-8264.729
51	6	1920.1124	-8228.046
51	7	1931.0642	-8268.49
51	8	1944.2336	-8268.705
51	11	1949.8356	-8322.683
51	14	1930.1755	-8328.706
51	15	1931.2823	-8329.717
51	16	1877.8442	-8278.281
51	18	1878.9219	-8289.178
51	19	1898.7502	-8276.443
51	20	1912.0388	-8282.592
51	21	1895.4341	-8229.992
51	22	1929.2577	-8309.974
52	1	1933.5474	-8265.03
52	2	1931.5216	-8257.935
52	3	1924.4086	-8286.375
52	4	1988.2675	-8281.458
52	5	1948.1654	-8264.737
52	6	1920.1047	-8228.168
52	7	1930.945	-8268.49
52	8	1943.918	-8268.706
52	11	1949.8356	-8322.683
52	14	1930.181	-8328.667
52	15	1931.2823	-8329.717
52	16	1877.8442	-8278.281
52	18	1878.9193	-8289.181
52	19	1898.7295	-8278.367
52	20	1912.0463	-8280.5205
52	21	1895.4084	-8231.918
52	22	1929.1124	-8310.33
53	1	1933.2805	-8265.035
53	2	1931.0977	-8257.93
53	3	1924.8174	-8286.145
53	4	1989.9521	-8281.441
53	5	1947.5999	-8264.747
53	6	1920.0966	-8228.315
53	7	1930.833	-8268.491
53	8	1943.6073	-8268.703
53	11	1949.8356	-8322.683
53	15	1931.2823	-8329.717
53	16	1877.8442	-8278.281
53	18	1878.9159	-8289.176
53	19	1898.7158	-8280.322
53	20	1912.0465	-8278.497
53	21	1895.3833	-8233.827
53	22	1929.0333	-8310.368
54	1	1933.0337	-8265.037
54	2	1930.6873	-8257.909
54	3	1925.2444	-8285.929
54	4	1991.6073	-8281.456
54	5	1947.0413	-8264.754
54	6	1920.0908	-8228.433
54	7	1930.7274	-8268.492
54	8	1943.2926	-8268.701
54	11	1949.8356	-8322.683
54	15	1931.2823	-8329.717
54	16	1877.8442	-8278.281
54	18	1878.9213	-8289.175
54	19	1898.7042	-8282.26
54	20	1912.0477	-8276.439
54	21	1895.3529	-8235.765
54	22	1929.0702	-8310.44
55	1	1932.8046	-8265.039
55	2	1930.3	-8257.9
55	3	1925.6958	-8285.721
55	4	1993.2692	-8281.44
55	5	1946.5093	-8264.761
55	6	1920.0797	-8228.549
55	7	1930.6276	-8268.492
55	8	1942.9893	-8268.701
55	11	1949.8356	-8322.683
55	15	1931.2823	-8329.717
55	16	1877.8442	-8278.281
55	18	1878.9136	-8289.176
55	19	1898.6764	-8284.216
55	20	1912.0553	-8274.389
55	21	1895.3402	-8237.67
56	1	1932.5907	-8265.046
56	2	1929.9294	-8257.883
56	3	1926.1755	-8285.528
56	4	1994.93	-8281.433
56	5	1945.9772	-8264.768
56	6	1920.0728	-8228.662
56	7	1930.5334	-8268.493
56	8	1942.6891	-8268.701
56	11	1949.8356	-8322.683
56	14	1930.0167	-8328.736
56	15	1931.2823	-8329.717
56	16	1877.8442	-8278.281
56	18	1878.8988	-8289.175
56	19	1898.6589	-8286.194
56	20	1912.0638	-8272.342
56	21	1895.321	-8239.592
56	22	1929.3866	-8309.904
57	1	1932.3743	-8265.044
57	2	1929.5873	-8257.867
57	3	1926.6735	-8285.34
57	4	1996.6447	-8281.436
57	5	1945.4651	-8264.776
57	6	1920.0857	-8228.769
57	7	1930.4457	-8268.493
57	8	1942.4073	-8268.707
57	11	1949.8356	-8322.683
57	14	1930.0924	-8328.733
57	15	1931.2823	-8329.717
57	16	1877.8442	-8278.281
57	18	1878.9257	-8289.172
57	19	1898.6472	-8288.164
57	20	1912.0709	-8270.286
57	21	1895.3019	-8241.515
57	22	1929.5365	-8309.729
58	1	1932.1556	-8265.049
58	2	1929.2505	-8257.852
58	3	1927.205	-8285.159
58	4	1998.3269	-8281.434
58	5	1944.9579	-8264.782
58	6	1920.0651	-8228.89
58	7	1930.3634	-8268.494
58	8	1942.1249	-8268.708
58	11	1949.8356	-8322.683
58	14	1930.074	-8328.746
58	15	1931.2823	-8329.717
58	16	1877.8442	-8278.281
58	18	1878.9186	-8289.173
58	19	1898.6344	-8290.132
58	20	1912.0787	-8268.247
58	21	1895.2905	-8243.443
58	22	1929.407	-8309.57
59	1	1931.944	-8265.055
59	2	1928.9292	-8257.839
59	3	1927.7559	-8285.0
59	4	1999.9998	-8281.4
59	5	1944.4786	-8264.786
59	6	1920.0593	-8229.004
59	7	1930.286	-8268.494
59	8	1941.8495	-8268.712
59	11	1949.8356	-8322.683
59	14	1930.0973	-8328.713
59	15	1931.2823	-8329.717
59	16	1877.8442	-8278.281
59	18	1878.9238	-8289.177
59	19	1898.6223	-8292.142
59	20	1912.0791	-8266.19
59	21	1895.2766	-8245.339
59	22	1929.3439	-8309.681
60	1	1931.7529	-8265.059
60	2	1928.6417	-8257.824
60	3	1928.3422	-8284.845
60	4	2001.8007	-8281.344
60	5	1944.0104	-8264.79
60	6	1920.0582	-8229.126
60	7	1930.2145	-8268.494
60	8	1941.5892	-8268.713
60	11	1949.8356	-8322.683
60	14	1930.1176	-8328.714
60	15	1931.2823	-8329.717
60	16	1877.8442	-8278.281
60	18	1878.9264	-8289.174
60	19	1898.6095	-8294.119
60	20	1912.071	-8264.114
60	21	1895.2677	-8247.246
60	22	1929.6576	-8309.285
61	1	1931.557	-8265.064
61	2	1928.3728	-8257.808
61	3	1928.9475	-8284.704
61	4	2003.4928	-8281.333
61	5	1943.5665	-8264.795
61	6	1920.0604	-8229.259
61	7	1930.1484	-8268.494
61	8	1941.3478	-8268.713
61	11	1949.8356	-8322.683
61	14	1930.1302	-8328.677
61	15	1931.2823	-8329.717
61	16	1877.8442	-8278.281
61	18	1878.9302	-8289.175
61	19	1898.5942	-8296.105
61	20	1912.0741	-8262.038
61	21	1895.261	-8249.176
61	22	1929.2563	-8310.016
62	1	1931.3706	-8265.072
62	2	1928.1041	-8257.79
62	3	1929.5734	-8284.5625
62	4	2005.2273	-8281.36
62	5	1943.1257	-8264.795
62	6	1920.057	-8229.369
62	7	1930.0879	-8268.495
62	8	1941.1108	-8268.712
62	11	1949.8356	-8322.683
62	14	1930.1431	-8328.672
62	15	1931.2823	-8329.717
62	16	1877.8442	-8278.281
62	18	1878.9247	-8289.174
62	19	1898.5806	-8298.122
62	20	1912.0591	-8259.991
62	21	1895.2509	-8251.082
62	22	1929.2908	-8310.023
63	1	1931.189	-8265.069
63	2	1927.8586	-8257.776
63	3	1930.2198	-8284.432
63	5	1942.7201	-8264.797
63	6	1920.0457	-8229.4795
63	7	1930.0319	-8268.496
63	8	1940.8436	-8268.72
63	11	1949.8356	-8322.683
63	14	1930.096	-8328.673
63	15	1931.2823	-8329.717
63	16	1877.8442	-8278.281
63	18	1878.9298	-8289.177
63	19	1898.5586	-8300.128
63	20	1912.0594	-8257.919
63	21	1895.2429	-8253.013
63	22	1929.1053	-8310.323
64	1	1930.992	-8265.077
64	2	1927.6107	-8257.749
64	3	1930.8853	-8284.312
64	5	1942.2993	-8264.805
64	6	1920.0298	-8229.607
64	7	1929.981	-8268.495
64	8	1940.6324	-8268.714
64	11	1949.8356	-8322.683
64	14	1930.0924	-8328.669
64	15	1931.2823	-8329.717
64	16	1877.8442	-8278.281
64	18	1878.9333	-8289.18
64	19	1898.5388	-8302.134
64	20	1912.0505	-8255.844
64	21	1895.2439	-8254.943
64	22	1929.4867	-8309.714
65	1	1930.8335	-8265.081
65	2	1927.3802	-8257.735
65	3	1931.5891	-8284.197
65	5	1941.9021	-8264.807
65	6	1920.0405	-8229.73
65	7	1929.9341	-8268.496
65	8	1940.3982	-8268.716
65	11	1949.8356	-8322.683
65	14	1930.1273	-8328.614
65	15	1931.2823	-8329.717
65	16	1877.8442	-8278.281
65	18	1878.9369	-8289.182
65	19	1898.5244	-8304.159
65	20	1912.0575	-8253.785
65	21	1895.2465	-8256.866
65	22	1929.13	-8310.466
66	1	1930.6711	-8265.088
66	2	1927.1385	-8257.707
66	3	1932.3054	-8284.091
66	5	1941.5303	-8264.81
66	6	1920.0195	-8229.846
66	7	1929.8915	-8268.496
66	8	1940.1909	-8268.717
66	11	1949.8356	-8322.683
66	14	1930.1263	-8328.614
66	15	1931.2823	-8329.717
66	16	1877.8442	-8278.281
66	18	1878.9333	-8289.182
66	19	1898.5184	-8306.185
66	20	1912.0665	-8251.743
66	21	1895.249	-8258.802
66	22	1929.1091	-8310.461
67	1	1930.51	-8265.093
67	2	1926.89	-8257.681
67	3	1933.0344	-8283.993
67	5	1941.1631	-8264.8125
67	6	1920.029	-8229.962
67	7	1929.8547	-8268.496
67	8	1939.9692	-8268.718
67	11	1949.8356	-8322.683
67	14	1930.1202	-8328.6045
67	15	1931.2823	-8329.717
67	16	1877.8442	-8278.281
67	18	1878.9333	-8289.184
67	19	1898.5009	-8308.231
67	20	1912.077	-8249.698
67	21	1895.2445	-8260.717
67	22	1929.1106	-8310.449
68	1	1930.3687	-8265.101
68	2	1926.6562	-8257.651
68	3	1933.7899	-8283.907
68	5	1940.813	-8264.814
68	6	1920.0269	-8230.067
68	7	1929.8209	-8268.496
68	8	1939.7611	-8268.72
68	11	1949.8356	-8322.683
68	14	1930.1031	-8328.601
68	15	1931.2823	-8329.717
68	16	1877.8442	-8278.281
68	18	1878.9559	-8289.183
68	19	1898.4872	-8310.262
68	20	1912.0865	-8247.621
68	21	1895.2484	-8262.646
68	22	1929.4274	-8309.849
69	1	1930.2303	-8265.103
69	2	1926.4277	-8257.623
69	3	1934.5647	-8283.826
69	5	1940.4541	-8264.82
69	6	1920.0273	-8230.19
69	7	1929.7909	-8268.496
69	8	1939.5686	-8268.722
69	11	1949.8356	-8322.683
69	14	1930.0911	-8328.61
69	15	1931.2823	-8329.717
69	16	1877.8442	-8278.281
69	18	1878.9646	-8289.184
69	19	1898.4731	-8312.322
69	20	1912.1012	-8245.5625
69	21	1895.2471	-8264.558
69	22	1929.623	-8309.252
70	1	1930.0927	-8265.111
70	2	1926.2172	-8257.59
70	3	1935.369	-8283.751
70	5	1940.1305	-8264.822
70	6	1920.0149	-8230.298
70	7	1929.7635	-8268.496
70	8	1939.3768	-8268.722
70	11	1949.8356	-8322.683
70	14	1930.0602	-8328.581
70	15	1931.2823	-8329.717
70	16	1877.8442	-8278.281
70	18	1878.9708	-8289.183
70	19	1898.4703	-8314.371
70	20	1912.1099	-8243.526
70	21	1895.2473	-8266.486
70	22	1929.4774	-8309.55
71	1	1929.9656	-8265.115
71	2	1926.0228	-8257.555
71	3	1936.1782	-8283.682
71	5	1939.8215	-8264.824
71	6	1920.0046	-8230.42
71	7	1929.7384	-8268.496
71	8	1939.2035	-8268.725
71	11	1949.8356	-8322.683
71	14	1930.0643	-8328.57
71	15	1931.2823	-8329.717
71	16	1877.8442	-8278.281
71	18	1878.9841	-8289.184
71	19	1898.4634	-8316.435
71	20	1912.111	-8241.462
71	21	1895.2455	-8268.422
71	22	1929.456	-8309.446
72	1	1929.8317	-8265.114
72	2	1925.8109	-8257.514
72	3	1937.0187	-8283.613
72	5	1939.5308	-8264.821
72	6	1919.9934	-8230.535
72	7	1929.7157	-8268.496
72	8	1939.028	-8268.723
72	11	1949.8356	-8322.683
72	14	1930.0432	-8328.569
72	15	1931.2823	-8329.717
72	16	1877.8442	-8278.281
72	18	1879.0292	-8289.181
72	19	1898.4547	-8318.496
72	20	1912.1193	-8239.371
72	21	1895.2427	-8270.315
72	22	1929.2981	-8309.756
73	1	1929.7177	-8265.115
73	2	1925.5802	-8257.47
73	3	1937.8793	-8283.547
73	5	1939.2588	-8264.826
73	6	1919.9692	-8230.638
73	7	1929.6948	-8268.496
73	8	1938.8597	-8268.734
73	11	1949.8356	-8322.683
73	14	1930.0472	-8328.575
73	15	1931.2823	-8329.717
73	16	1877.8442	-8278.281
73	18	1879.0486	-8289.184
73	19	1898.4629	-8320.54
73	20	1912.127	-8237.316
73	21	1895.237	-8272.241
73	22	1929.1796	-8310.009
74	1	1929.6183	-8265.119
74	2	1925.3368	-8257.429
74	3	1938.7565	-8283.48
74	5	1938.9808	-8264.828
74	6	1919.9595	-8230.746
74	7	1929.6774	-8268.496
74	8	1938.7009	-8268.736
74	11	1949.8356	-8322.683
74	14	1930.0447	-8328.566
74	15	1931.2823	-8329.717
74	16	1877.8442	-8278.281
74	18	1879.0745	-8289.192
74	19	1898.454	-8322.614
74	20	1912.138	-8235.26
74	21	1895.2292	-8274.176
74	22	1929.2098	-8309.982
75	1	1929.5095	-8265.118
75	2	1925.1155	-8257.374
75	3	1939.639	-8283.415
75	5	1938.7428	-8264.833
75	6	1919.9474	-8230.878
75	7	1929.663	-8268.496
75	8	1938.5477	-8268.737
75	11	1949.8356	-8322.683
75	14	1930.0149	-8328.564
75	15	1931.2823	-8329.717
75	18	1879.121	-8289.193
75	19	1898.4667	-8324.698
75	20	1912.1616	-8233.221
75	21	1895.2222	-8276.089
75	22	1929.1626	-8310.486
76	1	1929.4113	-8265.127
76	2	1924.8633	-8257.313
76	3	1940.5629	-8283.351
76	5	1938.4957	-8264.835
76	6	1919.9386	-8231.001
76	7	1929.6489	-8268.496
76	8	1938.4025	-8268.742
76	11	1949.8356	-8322.683
76	14	1930.0127	-8328.563
76	15	1931.2823	-8329.717
76	16	1877.8442	-8278.281
76	18	1879.1715	-8289.197
76	19	1898.4893	-8326.777
76	20	1912.1718	-8231.162
76	21	1895.213	-8278.023
76	22	1929.2125	-8310.306
76	23	1902.3049	-8197.871
77	1	1929.3239	-8265.136
77	2	1924.6049	-8257.252
77	3	1941.4955	-8283.291
77	5	1938.2557	-8264.839
77	6	1919.9143	-8231.115
77	7	1929.6373	-8268.496
77	8	1938.2434	-8268.742
77	11	1949.8356	-8322.683
77	14	1930.0393	-8328.567
77	15	1931.2823	-8329.717
77	16	1877.8442	-8278.281
77	18	1879.2347	-8289.204
77	19	1898.4865	-8328.874
77	20	1912.173	-8229.125
77	21	1895.2238	-8279.943
77	22	1929.5319	-8309.691
77	23	1902.3864	-8199.353
78	1	1929.2413	-8265.135
78	2	1924.3693	-8257.188
78	3	1942.4536	-8283.234
78	5	1938.0222	-8264.836
78	6	1919.9066	-8231.243
78	7	1929.6265	-8268.495
78	8	1938.0831	-8268.743
78	11	1949.8356	-8322.683
78	14	1930.0347	-8328.562
78	15	1931.2823	-8329.717
78	16	1877.8442	-8278.281
78	18	1879.2976	-8289.203
78	19	1898.499	-8330.965
78	20	1912.1715	-8227.076
78	21	1895.2157	-8281.871
78	23	1902.4105	-8200.862
79	1	1929.173	-8265.133
79	2	1924.1074	-8257.114
79	3	1943.4324	-8283.175
79	5	1937.8097	-8264.841
79	6	1919.8877	-8231.36
79	7	1929.6173	-8268.493
79	8	1937.9509	-8268.741
79	11	1949.8356	-8322.683
79	14	1930.0217	-8328.571
79	15	1931.2823	-8329.717
79	16	1877.8442	-8278.281
79	18	1879.367	-8289.208
79	19	1898.5115	-8332.996
79	20	1912.1647	-8225.028
79	21	1895.2079	-8283.807
79	22	1929.5782	-8309.813
79	23	1902.4397	-8202.346
80	1	1929.1033	-8265.138
80	2	1923.8282	-8257.025
80	3	1944.4194	-8283.127
80	5	1937.6149	-8264.84
80	6	1919.8822	-8231.491
80	7	1929.6105	-8268.493
80	8	1937.8158	-8268.74
80	11	1949.8356	-8322.683
80	14	1930.0074	-8328.581
80	15	1931.2823	-8329.717
80	16	1877.8442	-8278.281
80	18	1879.4694	-8289.214
80	19	1898.5156	-8335.139
80	20	1912.1678	-8222.994
80	21	1895.2003	-8285.747
80	22	1929.1879	-8310.271
80	23	1902.4539	-8203.893
81	1	1929.0132	-8265.135
81	2	1923.5581	-8256.932
81	3	1945.4205	-8283.078
81	5	1937.4122	-8264.842
81	6	1919.8772	-8231.613
81	7	1929.6072	-8268.492
81	8	1937.7126	-8268.745
81	11	1949.8356	-8322.683
81	14	1930.0029	-8328.557
81	15	1931.2823	-8329.717
81	16	1877.8442	-8278.281
81	18	1879.5876	-8289.224
81	19	1898.5388	-8337.2705
81	20	1912.1577	-8220.923
81	21	1895.1919	-8287.672
81	23	1902.4602	-8205.442
82	1	1928.9498	-8265.132
82	2	1923.285	-8256.836
82	3	1946.4668	-8283.023
82	5	1937.2324	-8264.841
82	6	1919.8677	-8231.734
82	7	1929.606	-8268.492
82	8	1937.5947	-8268.746
82	11	1949.8356	-8322.683
82	14	1930.0057	-8328.5625
82	15	1931.2823	-8329.717
82	16	1877.8442	-8278.281
82	18	1879.7207	-8289.227
82	20	1912.1737	-8218.926
82	21	1895.1815	-8289.643
82	23	1902.4644	-8206.993
83	1	1928.8848	-8265.125
83	2	1922.961	-8256.713
83	3	1947.5317	-8282.967
83	5	1937.0468	-8264.841
83	6	1919.8649	-8231.844
83	7	1929.6053	-8268.492
83	8	1937.4866	-8268.745
83	11	1949.8356	-8322.683
83	14	1930.0092	-8328.567
83	15	1931.2823	-8329.717
83	16	1877.8442	-8278.281
83	18	1879.856	-8289.238
83	20	1912.177	-8216.848
83	21	1895.1726	-8291.571
83	22	1929.181	-8310.451
83	23	1902.47	-8208.496
84	1	1928.8208	-8265.122
84	2	1922.6646	-8256.587
84	3	1948.5927	-8282.922
84	5	1936.8906	-8264.841
84	6	1919.8676	-8231.959
84	7	1929.6049	-8268.492
84	8	1937.3997	-8268.746
84	11	1949.8356	-8322.683
84	14	1930.0039	-8328.5625
84	15	1931.2823	-8329.717
84	16	1877.8442	-8278.281
84	18	1879.9966	-8289.245
84	20	1912.1667	-8214.782
84	21	1895.1487	-8293.528
84	22	1929.1484	-8310.434
84	23	1902.464	-8209.995
85	1	1928.7847	-8265.13
85	2	1922.3408	-8256.445
85	3	1949.6947	-8282.869
85	5	1936.7374	-8264.838
85	6	1919.8491	-8232.079
85	7	1929.6072	-8268.492
85	8	1937.3174	-8268.743
85	11	1949.8356	-8322.683
85	14	1930.0017	-8328.562
85	15	1931.2823	-8329.717
85	16	1877.8442	-8278.281
85	18	1880.138	-8289.255
85	20	1912.159	-8212.726
85	21	1895.1376	-8295.469
85	23	1902.4623	-8211.46
86	1	1928.7328	-8265.134
86	2	1922.03	-8256.287
86	3	1950.803	-8282.819
86	5	1936.5867	-8264.839
86	6	1919.8486	-8232.197
86	7	1929.6075	-8268.492
86	8	1937.2405	-8268.742
86	11	1949.8356	-8322.683
86	14	1929.9935	-8328.558
86	15	1931.2823	-8329.717
86	16	1877.8442	-8278.281
86	18	1880.3334	-8289.275
86	20	1912.1771	-8210.665
86	21	1895.1312	-8297.414
86	23	1902.4524	-8212.929
87	1	1928.6909	-8265.139
87	2	1921.6774	-8256.112
87	3	1951.9364	-8282.7705
87	5	1936.4496	-8264.846
87	6	1919.8544	-8232.315
87	7	1929.6085	-8268.492
87	8	1937.1761	-8268.741
87	11	1949.8356	-8322.683
87	14	1930.0065	-8328.561
87	15	1931.2823	-8329.717
87	16	1877.8442	-8278.281
87	18	1880.5297	-8289.295
87	20	1912.1742	-8208.634
87	21	1895.1191	-8299.377
87	23	1902.4333	-8214.373
88	1	1928.6385	-8265.13
88	2	1921.3666	-8255.939
88	3	1953.0911	-8282.721
88	5	1936.3342	-8264.841
88	6	1919.8599	-8232.434
88	7	1929.611	-8268.492
88	8	1937.1084	-8268.742
88	11	1949.8356	-8322.683
88	14	1930.0101	-8328.56
88	15	1931.2823	-8329.717
88	16	1877.8442	-8278.281
88	18	1880.7628	-8289.323
88	20	1912.1875	-8206.575
88	21	1895.1183	-8301.315
88	23	1902.4196	-8215.846
89	1	1928.6073	-8265.131
89	2	1921.0044	-8255.729
89	3	1954.2642	-8282.671
89	5	1936.2294	-8264.838
89	6	1919.8546	-8232.549
89	7	1929.6122	-8268.492
89	8	1937.0538	-8268.742
89	11	1949.8356	-8322.683
89	14	1930.0176	-8328.559
89	15	1931.2823	-8329.717
89	16	1877.8442	-8278.281
89	18	1880.9637	-8289.347
89	20	1912.1965	-8204.469
89	21	1895.1227	-8303.246
89	23	1902.4095	-8217.303
90	1	1928.5778	-8265.132
90	2	1920.7092	-8255.529
90	3	1955.4685	-8282.624
90	5	1936.1439	-8264.837
90	6	1919.8596	-8232.675
90	7	1929.6132	-8268.492
90	8	1937.0118	-8268.74
90	11	1949.8356	-8322.683
90	14	1930.0167	-8328.553
90	15	1931.2823	-8329.717
90	16	1877.8442	-8278.281
90	18	1881.2123	-8289.385
90	20	1912.2058	-8202.359
90	21	1895.1265	-8305.225
90	23	1902.393	-8218.748
