0	1	9099.226	10269.765
0	2	9142.381	10266.94
0	3	9153.228	10268.52
0	4	9113.058	10271.331
0	5	9120.95	10267.705
0	6	9118.099	10278.593
0	7	9085.524	10274.938
0	8	9081.268	10282.7705
0	9	9079.9795	10290.0625
0	10	9137.937	10275.285
0	11	9134.531	10282.494
0	12	9075.65	10268.199
0	16	9058.051	10286.0205
0	17	9131.892	10307.566
0	18	9057.18	10282.331
0	19	9169.201	10318.684
0	21	9164.815	10271.622
0	22	9154.554	10282.281
0	24	9152.515	10289.94
0	26	9048.073	10275.257
0	27	9163.063	10278.872
0	29	9169.945	10275.472
0	30	9181.234	10268.2705
0	32	9179.215	10286.115
0	49	9069.286	10311.0205
1	1	9101.247	10269.818
1	2	9144.147	10266.943
1	3	9154.941	10268.57
1	4	9115.076	10271.335
1	5	9122.897	10267.717
1	6	9120.755	10278.584
1	7	9088.217	10274.949
1	8	9084.024	10282.749
1	9	9083.103	10290.065
1	10	9140.37	10275.304
1	11	9137.307	10282.506
1	12	9077.637	10268.215
1	16	9061.022	10286.018
1	17	9128.59	10307.557
1	18	9060.041	10282.314
1	19	9166.956	10318.722
1	21	9166.575	10271.631
1	22	9157.425	10282.308
1	24	9155.683	10289.959
1	26	9050.783	10275.285
1	27	9165.697	10278.917
1	29	9172.299	10275.476
1	30	9182.968	10268.318
1	31	9038.49	10271.338
1	32	9182.1455	10286.128
1	49	9067.787	10311.258
2	1	9103.289	10269.879
2	2	9145.887	10266.95
2	3	9156.616	10268.612
2	4	9117.089	10271.34
2	5	9124.829	10267.716
2	6	9123.363	10278.61
2	7	9090.954	10274.966
2	8	9086.8125	10282.731
2	9	9086.262	10290.062
2	10	9142.729	10275.31
2	11	9140.037	10282.509
2	12	9079.657	10268.256
2	13	9182.111	10303.995
2	14	9147.986	10311.675
2	15	9140.659	10311.559
2	16	9064.069	10286.009
2	17	9125.516	10307.552
2	18	9062.961	10282.32
2	19	9163.755	10318.71
2	20	9175.145	10315.27
2	21	9168.272	10271.623
2	22	9160.181	10282.329
2	24	9158.841	10289.9795
2	26	9053.595	10275.293
2	27	9168.494	10278.941
2	29	9174.686	10275.49
2	30	9184.727	10268.329
2	31	9040.703	10271.287
2	32	9185.092	10286.156
2	49	9065.342	10311.003
3	1	9105.098	10269.945
3	2	9147.616	10266.957
3	3	9158.281	10268.663
3	4	9119.093	10271.342
3	5	9126.726	10267.715
3	6	9126.012	10278.629
3	7	9093.656	10274.992
3	8	9089.632	10282.727
3	9	9089.379	10290.05
3	10	9145.121	10275.324
3	11	9142.781	10282.516
3	12	9081.599	10268.321
3	13	9178.466	10303.985
3	14	9145.609	10311.657
3	15	9138.092	10311.564
3	16	9067.1	10286.012
3	17	9122.397	10307.558
3	18	9065.773	10282.327
3	19	9161.072	10318.716
3	20	9172.577	10315.228
3	21	9170.13	10271.621
3	22	9163.011	10282.354
3	24	9161.921	10289.982
3	26	9056.346	10275.298
3	27	9171.223	10278.977
3	29	9177.05	10275.511
3	30	9186.458	10268.352
3	31	9042.9	10271.283
3	32	9188.004	10286.172
3	48	9080.979	10311.179
3	49	9062.722	10310.98
4	1	9107.111	10270.004
4	2	9149.37	10266.955
4	3	9159.951	10268.716
4	4	9121.093	10271.344
4	5	9128.623	10267.726
4	6	9128.638	10278.644
4	7	9096.381	10275.013
4	8	9092.427	10282.71
4	9	9092.525	10290.047
4	10	9147.534	10275.338
4	11	9145.516	10282.517
4	12	9083.417	10268.396
4	13	9175.252	10303.977
4	14	9142.973	10311.651
4	15	9135.735	10311.539
4	16	9070.162	10286.017
4	17	9119.45	10307.541
4	18	9068.665	10282.331
4	19	9158.386	10318.689
4	20	9169.98	10315.2
4	21	9171.901	10271.621
4	22	9165.799	10282.37
4	24	9165.053	10289.992
4	26	9059.118	10275.334
4	27	9173.954	10279.016
4	29	9179.433	10275.532
4	30	9188.252	10268.406
4	31	9045.097	10271.28
4	32	9190.831	10286.165
4	48	9078.26	10311.182
4	49	9060.304	10310.983
5	1	9108.937	10270.067
5	2	9151.1	10266.949
5	3	9161.579	10268.769
5	4	9123.084	10271.345
5	5	9130.529	10267.73
5	6	9131.271	10278.661
5	7	9099.052	10275.041
5	8	9095.221	10282.7
5	9	9095.663	10290.048
5	10	9149.92	10275.35
5	11	9148.258	10282.5205
5	12	9085.1875	10268.455
5	13	9171.787	10303.97
5	14	9140.327	10311.613
5	15	9133.096	10311.554
5	16	9073.235	10286.007
5	17	9116.301	10307.528
5	18	9071.596	10282.3545
5	19	9155.63	10318.694
5	20	9167.351	10315.19
5	21	9173.632	10271.615
5	22	9168.544	10282.388
5	23	9118.671	10318.668
5	24	9168.259	10290.014
5	26	9061.962	10275.346
5	27	9176.619	10279.021
5	29	9181.826	10275.547
5	30	9190.014	10268.441
5	31	9047.3545	10271.287
5	32	9193.794	10286.162
5	48	9075.854	10311.191
5	49	9057.663	10311.031
6	1	9110.213	10270.125
6	2	9152.825	10266.957
6	3	9163.225	10268.823
6	4	9125.069	10271.347
6	5	9132.403	10267.726
6	6	9133.894	10278.672
6	7	9101.736	10275.0625
6	8	9097.988	10282.689
6	9	9098.821	10290.049
6	10	9152.303	10275.36
6	11	9150.992	10282.527
6	12	9086.867	10268.505
6	13	9168.481	10303.984
6	14	9137.891	10311.6
6	15	9130.534	10311.528
6	16	9076.238	10286.006
6	17	9113.329	10307.513
6	18	9074.45	10282.373
6	19	9152.746	10318.694
6	20	9164.732	10315.188
6	21	9175.233	10271.601
6	22	9171.392	10282.405
6	24	9171.357	10290.027
6	26	9064.701	10275.38
6	27	9179.21	10279.0205
6	29	9184.1875	10275.563
6	30	9191.803	10268.472
6	31	9049.577	10271.309
6	32	9196.583	10286.15
6	48	9073.405	10311.203
7	1	9112.04	10270.163
7	2	9154.537	10266.949
7	3	9164.859	10268.873
7	4	9127.048	10271.347
7	5	9134.284	10267.729
7	6	9136.505	10278.6875
7	7	9104.433	10275.091
7	8	9100.791	10282.694
7	9	9101.933	10290.054
7	10	9154.7	10275.372
7	11	9153.739	10282.534
7	12	9088.673	10268.573
7	13	9165.092	10303.966
7	14	9135.396	10311.549
7	15	9127.97	10311.524
7	16	9079.3	10285.999
7	17	9110.103	10307.475
7	18	9077.363	10282.371
7	19	9150.153	10318.689
7	20	9162.107	10315.176
7	21	9177.099	10271.6
7	22	9174.154	10282.429
7	23	9117.861	10318.716
7	24	9174.565	10290.055
7	25	9108.344	10315.175
7	26	9067.473	10275.395
7	27	9181.902	10279.042
7	28	9093.617	10303.294
7	29	9186.606	10275.57
7	30	9193.497	10268.494
7	31	9051.703	10271.324
7	32	9199.601	10286.176
7	48	9070.827	10311.175
8	1	9113.601	10270.227
8	2	9156.278	10266.947
8	3	9166.514	10268.936
8	4	9129.022	10271.347
8	5	9136.1455	10267.731
8	6	9139.135	10278.699
8	7	9107.138	10275.109
8	8	9103.579	10282.679
8	9	9105.066	10290.049
8	10	9157.118	10275.389
8	11	9156.476	10282.541
8	12	9090.666	10268.64
8	13	9161.686	10303.85
8	14	9132.699	10311.556
8	15	9125.825	10311.502
8	16	9082.418	10286.002
8	17	9107.243	10307.46
8	18	9080.262	10282.376
8	19	9147.704	10318.667
8	20	9159.502	10315.169
8	21	9178.803	10271.59
8	22	9177.0205	10282.455
8	24	9177.654	10290.071
8	25	9105.528	10315.064
8	26	9070.277	10275.415
8	27	9184.636	10279.037
8	28	9090.825	10303.373
8	29	9188.983	10275.583
8	30	9195.299	10268.55
8	31	9053.886	10271.334
8	32	9202.368	10286.18
8	48	9068.213	10311.116
9	1	9115.366	10270.296
9	2	9158.008	10266.945
9	3	9168.184	10268.998
9	4	9130.989	10271.346
9	5	9138.021	10267.734
9	6	9141.755	10278.716
9	7	9109.832	10275.121
9	8	9106.373	10282.668
9	9	9108.197	10290.032
9	10	9159.527	10275.397
9	11	9159.235	10282.553
9	12	9092.39	10268.702
9	13	9158.612	10303.823
9	14	9130.412	10311.514
9	15	9123.289	10311.535
9	16	9085.443	10286.009
9	17	9104.387	10307.406
9	18	9083.132	10282.394
9	19	9144.969	10318.668
9	20	9156.958	10315.149
9	21	9180.573	10271.586
9	22	9179.875	10282.485
9	23	9116.41	10318.565
9	24	9180.828	10290.095
9	25	9102.476	10315.176
9	26	9073.083	10275.4
9	27	9187.456	10279.043
9	28	9087.372	10303.336
9	29	9191.3955	10275.59
9	30	9197.092	10268.591
9	31	9056.066	10271.342
9	32	9205.313	10286.173
10	1	9117.306	10270.345
10	2	9159.773	10266.939
10	3	9169.834	10269.055
10	4	9132.95	10271.345
10	5	9139.888	10267.734
10	6	9144.387	10278.736
10	7	9112.518	10275.134
10	8	9109.163	10282.645
10	9	9111.3125	10290.018
10	10	9161.973	10275.41
10	11	9161.995	10282.549
10	12	9094.238	10268.77
10	13	9155.139	10303.81
10	14	9127.906	10311.546
10	15	9120.744	10311.516
10	16	9088.515	10286.006
10	17	9101.784	10307.426
10	18	9086.064	10282.412
10	19	9141.926	10318.695
10	20	9154.352	10315.134
10	21	9182.368	10271.581
10	22	9182.657	10282.499
10	23	9111.055	10318.657
10	24	9183.978	10290.103
10	25	9098.873	10315.177
10	26	9075.808	10275.407
10	27	9190.15	10279.036
10	28	9084.241	10303.299
10	29	9193.833	10275.609
10	30	9198.908	10268.638
10	31	9058.278	10271.371
10	32	9208.289	10286.135
11	1	9119.274	10270.397
11	2	9161.518	10266.942
11	3	9171.504	10269.121
11	4	9134.904	10271.345
11	5	9141.72	10267.734
11	6	9147.019	10278.751
11	7	9115.202	10275.157
11	8	9111.957	10282.634
11	9	9114.4795	10290.019
11	10	9164.406	10275.419
11	11	9164.754	10282.562
11	12	9096.141	10268.844
11	13	9151.732	10303.776
11	14	9125.45	10311.528
11	15	9117.98	10311.502
11	16	9091.552	10286.005
11	17	9099.179	10307.438
11	18	9088.914	10282.431
11	19	9139.239	10318.667
11	20	9151.686	10315.167
11	21	9184.143	10271.568
11	22	9185.537	10282.52
11	23	9111.317	10318.565
11	24	9187.072	10290.122
11	25	9096.613	10315.114
11	26	9078.607	10275.431
11	27	9192.757	10279.052
11	28	9080.916	10303.205
11	29	9196.31	10275.611
11	30	9200.675	10268.678
11	31	9060.405	10271.368
12	1	9121.283	10270.443
12	2	9163.28	10266.949
12	3	9173.107	10269.18
12	4	9136.853	10271.345
12	5	9143.546	10267.752
12	6	9149.644	10278.767
12	7	9117.866	10275.171
12	8	9114.748	10282.619
12	9	9117.584	10290.018
12	10	9166.863	10275.425
12	11	9167.513	10282.566
12	12	9097.897	10268.917
12	13	9148.38	10303.76
12	14	9123.095	10311.497
12	15	9115.369	10311.492
12	16	9094.598	10285.997
12	17	9096.28	10307.416
12	18	9091.776	10282.434
12	19	9136.694	10318.659
12	20	9149.152	10315.121
12	21	9185.952	10271.555
12	22	9188.386	10282.543
12	23	9105.261	10318.656
12	24	9190.2295	10290.138
12	25	9093.592	10315.1
12	26	9081.391	10275.426
12	27	9195.5205	10279.054
12	28	9077.641	10303.295
12	29	9198.752	10275.628
12	30	9202.48	10268.732
12	31	9062.537	10271.364
13	1	9123.235	10270.487
13	2	9165.057	10266.94
13	3	9174.765	10269.243
13	4	9138.793	10271.346
13	5	9145.358	10267.757
13	6	9152.269	10278.781
13	7	9120.56	10275.184
13	8	9117.539	10282.607
13	9	9120.706	10290.016
13	10	9169.312	10275.431
13	11	9170.277	10282.562
13	12	9099.75	10268.989
13	13	9145.335	10303.736
13	14	9120.212	10311.453
13	15	9112.787	10311.463
13	16	9097.653	10286.004
13	17	9093.17	10307.373
13	18	9094.643	10282.446
13	19	9134.064	10318.631
13	20	9146.615	10315.127
13	21	9187.743	10271.537
13	22	9191.219	10282.573
13	23	9102.318	10318.642
13	24	9193.353	10290.16
13	25	9090.228	10314.957
13	26	9084.156	10275.43
13	27	9198.21	10279.108
13	29	9201.238	10275.64
13	30	9204.32	10268.801
13	31	9064.709	10271.41
14	1	9125.197	10270.523
14	2	9166.844	10266.941
14	3	9176.3955	10269.309
14	4	9140.726	10271.347
14	5	9147.191	10267.769
14	6	9154.861	10278.799
14	7	9123.234	10275.202
14	8	9120.312	10282.594
14	9	9123.812	10290.017
14	10	9171.7705	10275.434
14	11	9173.065	10282.575
14	12	9101.614	10269.066
14	13	9141.904	10303.745
14	14	9118.227	10311.4375
14	15	9110.415	10311.426
14	16	9100.725	10286.002
14	17	9090.168	10307.379
14	18	9097.621	10282.428
14	19	9131.511	10318.603
14	20	9144.047	10315.088
14	21	9189.53	10271.515
14	22	9194.008	10282.6045
14	23	9099.273	10318.638
14	24	9196.499	10290.194
14	25	9087.709	10314.88
14	26	9086.887	10275.429
14	27	9200.8125	10279.108
14	29	9203.692	10275.642
14	30	9206.101	10268.87
14	31	9066.842	10271.421
15	1	9127.168	10270.559
15	2	9168.634	10266.925
15	3	9178.024	10269.378
15	4	9142.651	10271.349
15	5	9148.981	10267.771
15	6	9157.469	10278.817
15	7	9125.887	10275.22
15	8	9123.114	10282.586
15	9	9126.957	10290.013
15	10	9174.278	10275.44
15	11	9175.828	10282.599
15	12	9103.427	10269.142
15	13	9138.576	10303.691
15	14	9115.731	10311.422
15	15	9108.057	10311.36
15	16	9103.801	10285.999
15	17	9087.244	10307.354
15	18	9100.627	10282.41
15	19	9128.836	10318.57
15	20	9141.739	10315.053
15	21	9191.288	10271.475
15	22	9196.817	10282.631
15	23	9096.643	10318.605
15	24	9199.633	10290.207
15	25	9084.637	10314.913
15	26	9089.638	10275.424
15	27	9203.486	10279.127
15	29	9206.134	10275.633
15	30	9207.893	10268.933
15	31	9068.913	10271.416
16	1	9129.132	10270.584
16	2	9170.426	10266.937
16	3	9179.639	10269.445
16	4	9144.569	10271.351
16	5	9150.781	10267.785
16	6	9160.084	10278.837
16	7	9128.54	10275.2295
16	8	9125.8955	10282.576
16	9	9130.083	10290.007
16	10	9176.766	10275.452
16	11	9178.612	10282.602
16	12	9105.223	10269.203
16	13	9135.594	10303.678
16	14	9113.054	10311.398
16	15	9105.689	10311.339
16	16	9106.882	10286.011
16	17	9084.155	10307.332
16	18	9103.496	10282.427
16	19	9126.047	10318.545
16	20	9139.022	10315.039
16	21	9193.106	10271.463
16	22	9199.751	10282.67
16	23	9093.607	10318.606
16	24	9202.813	10290.233
16	25	9082.226	10314.739
16	26	9092.405	10275.416
16	27	9206.188	10279.135
16	29	9208.664	10275.645
16	30	9209.728	10269.013
16	31	9071.024	10271.437
17	1	9131.091	10270.612
17	2	9172.234	10266.933
17	3	9181.273	10269.508
17	4	9146.4795	10271.353
17	5	9152.585	10267.787
17	6	9162.664	10278.861
17	7	9131.21	10275.238
17	8	9128.68	10282.563
17	9	9133.193	10290.007
17	10	9179.242	10275.452
17	11	9181.399	10282.61
17	12	9107.074	10269.275
17	13	9132.52	10303.66
17	14	9110.513	10311.37
17	15	9103.653	10311.235
17	16	9109.946	10286.021
17	17	9081.109	10307.308
17	18	9106.155	10282.434
17	19	9123.288	10318.522
17	20	9136.555	10315.039
17	21	9194.972	10271.446
17	22	9202.551	10282.691
17	23	9091.809	10318.537
17	24	9205.872	10290.222
17	26	9095.146	10275.407
17	27	9208.807	10279.162
17	29	9211.099	10275.64
17	30	9211.579	10269.081
17	31	9073.103	10271.446
17	44	9177.225	10318.745
18	1	9133.036	10270.641
18	2	9174.0625	10266.915
18	3	9182.877	10269.571
18	4	9148.381	10271.356
18	5	9154.373	10267.799
18	6	9165.281	10278.88
18	7	9133.855	10275.251
18	8	9131.47	10282.555
18	9	9136.288	10290.008
18	10	9181.736	10275.456
18	11	9184.176	10282.617
18	12	9108.722	10269.34
18	13	9129.353	10303.638
18	14	9108.086	10311.33
18	15	9101.262	10311.149
18	16	9113.052	10286.019
18	18	9108.98	10282.421
18	19	9120.649	10318.51
18	20	9134.015	10315.046
18	21	9196.653	10271.455
18	22	9205.384	10282.711
18	23	9090.523	10318.499
18	24	9208.987	10290.224
18	26	9097.936	10275.431
18	29	9213.59	10275.64
18	30	9213.4375	10269.125
18	31	9075.141	10271.464
18	33	9081.189	10285.997
18	44	9174.203	10318.722
19	1	9134.978	10270.665
19	2	9175.918	10266.91
19	3	9184.502	10269.632
19	4	9150.277	10271.36
19	5	9156.179	10267.811
19	6	9167.88	10278.904
19	7	9136.523	10275.265
19	8	9134.263	10282.539
19	9	9139.403	10290.015
19	10	9184.215	10275.462
19	11	9186.968	10282.632
19	12	9110.74	10269.425
19	13	9125.957	10303.596
19	14	9105.518	10311.309
19	15	9098.515	10311.05
19	16	9116.129	10286.026
19	18	9111.542	10282.412
19	19	9117.911	10318.525
19	20	9131.467	10315.062
19	21	9198.513	10271.467
19	22	9208.353	10282.74
19	23	9089.062	10318.411
19	24	9212.106	10290.236
19	26	9100.717	10275.418
19	29	9216.111	10275.633
19	30	9215.25	10269.191
19	31	9077.219	10271.484
19	33	9084.392	10286.045
19	38	9211.562	10307.837
19	44	9171.418	10318.707
20	1	9136.912	10270.691
20	2	9177.745	10266.901
20	3	9186.115	10269.693
20	4	9152.164	10271.365
20	5	9157.964	10267.822
20	6	9170.448	10278.925
20	7	9139.1875	10275.271
20	8	9137.047	10282.535
20	9	9142.521	10290.021
20	10	9186.732	10275.473
20	11	9189.749	10282.644
20	12	9112.619	10269.49
20	13	9122.726	10303.537
20	14	9102.56	10311.309
20	15	9095.741	10311.014
20	16	9119.189	10286.037
20	18	9114.677	10282.441
20	19	9115.091	10318.522
20	20	9128.981	10315.066
20	21	9200.364	10271.484
20	22	9211.17	10282.758
20	24	9215.239	10290.257
20	26	9103.394	10275.402
20	29	9218.656	10275.623
20	30	9217.062	10269.252
20	31	9079.267	10271.5
20	33	9087.451	10286.047
20	38	9208.698	10307.812
20	44	9168.61	10318.711
21	1	9138.843	10270.71
21	2	9179.591	10266.892
21	3	9187.719	10269.758
21	4	9154.044	10271.371
21	5	9159.758	10267.83
21	6	9173.067	10278.938
21	7	9141.831	10275.283
21	8	9139.837	10282.527
21	9	9145.637	10290.024
21	10	9189.282	10275.482
21	11	9192.547	10282.6455
21	12	9114.392	10269.542
21	13	9119.13	10303.55
21	14	9100.08	10311.244
21	15	9093.086	10310.982
21	16	9122.301	10286.035
21	18	9117.115	10282.474
21	19	9112.385	10318.506
21	20	9126.556	10315.049
21	21	9202.192	10271.49
21	22	9214.051	10282.781
21	24	9218.401	10290.295
21	26	9106.103	10275.399
21	29	9221.15	10275.626
21	30	9218.981	10269.34
21	31	9081.285	10271.52
21	33	9090.553	10286.054
21	38	9205.81	10307.817
21	44	9166.006	10318.69
22	1	9140.793	10270.7295
22	2	9181.442	10266.89
22	3	9189.329	10269.823
22	4	9155.917	10271.375
22	5	9161.534	10267.846
22	6	9175.636	10278.966
22	7	9144.465	10275.293
22	8	9142.645	10282.521
22	9	9148.746	10290.02
22	10	9191.808	10275.487
22	11	9195.323	10282.659
22	12	9116.361	10269.613
22	13	9116.133	10303.556
22	14	9097.982	10311.202
22	15	9091.051	10310.976
22	16	9125.37	10286.044
22	18	9119.974	10282.487
22	19	9109.714	10318.503
22	20	9123.947	10315.058
22	21	9203.995	10271.492
22	22	9216.851	10282.798
22	24	9221.457	10290.329
22	26	9108.877	10275.397
22	29	9223.666	10275.633
22	30	9220.792	10269.399
22	31	9083.273	10271.557
22	33	9093.638	10286.043
22	34	9080.359	10266.332
22	38	9202.821	10307.807
22	44	9163.834	10318.677
23	1	9142.707	10270.745
23	2	9183.3	10266.888
23	3	9190.931	10269.887
23	4	9157.782	10271.38
23	5	9163.317	10267.848
23	6	9178.232	10278.992
23	7	9147.11	10275.302
23	8	9145.436	10282.514
23	9	9151.857	10290.026
23	10	9194.343	10275.491
23	11	9198.138	10282.676
23	12	9118.089	10269.668
23	13	9112.676	10303.535
23	14	9095.513	10311.1875
23	16	9128.499	10286.067
23	18	9122.815	10282.484
23	19	9107.077	10318.484
23	20	9121.58	10315.039
23	21	9205.852	10271.492
23	22	9219.792	10282.815
23	24	9224.449	10290.327
23	26	9111.55	10275.393
23	29	9226.257	10275.641
23	30	9222.746	10269.491
23	31	9085.262	10271.556
23	33	9096.722	10286.041
23	34	9082.251	10266.38
23	38	9199.866	10307.8
23	44	9161.052	10318.676
24	1	9144.601	10270.76
24	2	9185.168	10266.884
24	3	9192.5205	10269.945
24	4	9159.64	10271.385
24	5	9165.09	10267.868
24	6	9180.802	10279.019
24	7	9149.765	10275.307
24	8	9148.24	10282.505
24	9	9154.972	10290.026
24	10	9196.894	10275.494
24	11	9200.947	10282.683
24	12	9120.083	10269.746
24	13	9109.632	10303.506
24	16	9131.568	10286.07
24	18	9125.724	10282.501
24	19	9104.332	10318.474
24	20	9119.104	10315.046
24	21	9207.658	10271.508
24	22	9222.665	10282.834
24	24	9227.628	10290.355
24	26	9114.249	10275.386
24	29	9228.781	10275.632
24	30	9224.725	10269.53
24	31	9087.223	10271.563
24	33	9099.743	10286.055
24	34	9084.215	10266.395
24	38	9196.825	10307.763
25	1	9146.516	10270.771
25	2	9187.036	10266.884
25	3	9194.126	10270.0
25	4	9161.488	10271.391
25	5	9166.853	10267.878
25	6	9183.395	10279.041
25	7	9152.379	10275.314
25	8	9151.042	10282.5
25	9	9158.078	10290.021
25	10	9199.428	10275.501
25	11	9203.748	10282.702
25	12	9122.032	10269.828
25	13	9106.438	10303.431
25	16	9134.659	10286.086
25	18	9128.587	10282.514
25	19	9102.222	10318.341
25	20	9116.717	10315.052
25	21	9209.5	10271.501
25	22	9225.559	10282.8545
25	24	9230.676	10290.411
25	26	9116.974	10275.381
25	29	9231.311	10275.62
25	30	9226.67	10269.583
25	31	9089.211	10271.552
25	33	9102.854	10286.058
25	34	9086.074	10266.434
25	38	9193.937	10307.77
25	44	9155.578	10318.53
26	1	9148.409	10270.787
26	2	9188.952	10266.873
26	3	9195.741	10270.056
26	4	9163.331	10271.395
26	5	9168.617	10267.892
26	6	9185.961	10279.0625
26	7	9155.022	10275.326
26	8	9153.845	10282.491
26	9	9161.178	10290.022
26	10	9201.996	10275.502
26	11	9206.569	10282.714
26	12	9123.915	10269.893
26	13	9101.9375	10303.44
26	16	9137.786	10286.097
26	18	9131.428	10282.542
26	20	9114.234	10315.063
26	21	9211.336	10271.504
26	22	9228.499	10282.872
26	24	9233.772	10290.498
26	26	9119.647	10275.354
26	29	9233.887	10275.614
26	30	9228.584	10269.616
26	31	9091.212	10271.5625
26	33	9105.893	10286.065
26	34	9087.987	10266.471
26	38	9191.043	10307.716
26	44	9153.177	10318.559
27	1	9150.299	10270.8
27	2	9190.849	10266.882
27	3	9197.356	10270.116
27	4	9165.166	10271.397
27	5	9170.39	10267.898
27	6	9188.497	10279.085
27	7	9157.687	10275.338
27	8	9156.655	10282.482
27	9	9164.268	10290.021
27	10	9204.608	10275.503
27	11	9209.392	10282.724
27	12	9125.857	10269.953
27	13	9099.645	10303.398
27	16	9140.954	10286.103
27	18	9134.259	10282.554
27	20	9111.833	10315.064
27	21	9213.243	10271.488
27	22	9231.439	10282.878
27	24	9236.817	10290.561
27	26	9122.352	10275.336
27	29	9236.468	10275.605
27	30	9230.433	10269.675
27	31	9093.153	10271.608
27	33	9108.925	10286.063
27	34	9089.9	10266.51
27	38	9188.106	10307.703
27	44	9150.313	10318.615
28	1	9152.175	10270.814
28	2	9192.772	10266.902
28	3	9198.982	10270.171
28	4	9166.995	10271.4
28	5	9172.163	10267.908
28	6	9191.061	10279.111
28	7	9160.312	10275.343
28	8	9159.464	10282.4795
28	9	9167.347	10290.021
28	10	9207.195	10275.512
28	11	9212.223	10282.745
28	12	9127.849	10270.004
28	13	9096.606	10303.303
28	16	9144.015	10286.1
28	18	9137.042	10282.561
28	20	9109.352	10315.071
28	21	9215.098	10271.476
28	22	9234.356	10282.9
28	24	9239.835	10290.556
28	26	9125.063	10275.332
28	29	9239.067	10275.6045
28	31	9095.158	10271.6455
28	33	9111.905	10286.066
28	34	9091.825	10266.514
28	38	9185.173	10307.682
28	44	9147.642	10318.55
28	51	9176.591	10303.853
29	1	9154.031	10270.822
29	2	9194.717	10266.913
29	3	9200.588	10270.225
29	4	9168.818	10271.402
29	5	9173.9375	10267.919
29	6	9193.634	10279.137
29	7	9162.964	10275.34
29	8	9162.282	10282.471
29	9	9170.438	10290.0205
29	10	9209.786	10275.5205
29	11	9215.068	10282.752
29	12	9129.806	10270.065
29	16	9147.045	10286.1045
29	18	9139.834	10282.574
29	20	9107.023	10315.02
29	21	9216.949	10271.452
29	22	9237.205	10282.917
29	24	9242.897	10290.585
29	26	9127.776	10275.336
29	29	9241.714	10275.603
29	30	9233.97	10269.759
29	31	9097.048	10271.64
29	33	9115.074	10286.072
29	34	9093.764	10266.53
29	38	9182.2	10307.685
29	51	9173.361	10303.876
30	1	9155.908	10270.831
30	2	9196.679	10266.917
30	3	9202.231	10270.273
30	4	9170.633	10271.404
30	5	9175.711	10267.928
30	6	9196.204	10279.153
30	7	9165.606	10275.331
30	8	9165.113	10282.468
30	9	9173.5205	10290.017
30	10	9212.417	10275.527
30	11	9217.902	10282.751
30	12	9131.812	10270.118
30	16	9150.117	10286.113
30	18	9142.634	10282.595
30	21	9218.916	10271.444
30	22	9240.106	10282.926
30	26	9130.465	10275.33
30	29	9244.364	10275.626
30	30	9236.051	10269.774
30	31	9099.054	10271.666
30	33	9118.149	10286.072
30	34	9095.648	10266.527
30	38	9179.269	10307.667
30	44	9142.764	10318.516
30	51	9169.916	10303.807
31	1	9157.776	10270.854
31	2	9198.631	10266.93
31	3	9203.872	10270.321
31	4	9172.441	10271.405
31	5	9177.496	10267.933
31	6	9198.761	10279.175
31	7	9168.257	10275.329
31	8	9167.997	10282.449
31	9	9176.6045	10290.016
31	10	9215.013	10275.531
31	11	9220.77	10282.765
31	12	9133.757	10270.188
31	16	9153.116	10286.117
31	18	9145.411	10282.607
31	21	9220.823	10271.447
31	22	9243.052	10282.939
31	26	9133.163	10275.317
31	29	9246.95	10275.639
31	31	9101.042	10271.663
31	33	9121.162	10286.098
31	34	9097.584	10266.54
31	38	9176.393	10307.618
31	44	9139.623	10318.506
31	51	9166.344	10303.682
32	1	9159.639	10270.858
32	2	9200.591	10266.936
32	3	9205.513	10270.371
32	4	9174.245	10271.407
32	5	9179.262	10267.941
32	6	9201.307	10279.195
32	7	9170.914	10275.33
32	8	9170.806	10282.434
32	9	9179.669	10290.005
32	10	9217.64	10275.543
32	11	9223.642	10282.772
32	12	9135.807	10270.238
32	16	9156.279	10286.132
32	18	9148.257	10282.614
32	21	9222.739	10271.452
32	22	9246.017	10282.946
32	26	9135.829	10275.308
32	29	9249.547	10275.639
32	31	9103.007	10271.673
32	33	9124.192	10286.124
32	34	9099.551	10266.555
32	38	9173.445	10307.601
32	44	9136.951	10318.558
32	51	9163.437	10303.805
33	1	9161.4795	10270.869
33	2	9202.636	10266.953
33	3	9207.169	10270.416
33	4	9176.043	10271.409
33	5	9181.089	10267.948
33	6	9203.873	10279.223
33	7	9173.552	10275.325
33	8	9173.628	10282.44
33	9	9182.741	10290.002
33	10	9220.273	10275.548
33	11	9226.509	10282.787
33	12	9137.871	10270.297
33	16	9159.37	10286.139
33	18	9151.015	10282.631
33	21	9224.663	10271.453
33	22	9248.962	10282.957
33	26	9138.506	10275.303
33	29	9252.198	10275.644
33	31	9104.982	10271.696
33	33	9127.299	10286.12
33	34	9101.416	10266.545
33	38	9170.502	10307.574
33	51	9159.976	10303.615
34	1	9163.323	10270.885
34	2	9204.584	10266.97
34	3	9208.797	10270.46
34	4	9177.836	10271.411
34	5	9182.877	10267.958
34	6	9206.422	10279.238
34	7	9176.185	10275.309
34	8	9176.367	10282.446
34	9	9185.81	10289.989
34	10	9222.931	10275.579
34	11	9229.388	10282.792
34	12	9139.89	10270.351
34	16	9162.507	10286.154
34	18	9153.816	10282.64
34	21	9226.593	10271.467
34	22	9251.929	10282.962
34	26	9141.192	10275.301
34	29	9254.851	10275.615
34	31	9106.937	10271.7
34	33	9130.363	10286.128
34	34	9103.334	10266.561
34	38	9167.625	10307.574
35	1	9165.166	10270.895
35	2	9206.539	10266.996
35	3	9210.458	10270.516
35	4	9179.626	10271.413
35	5	9184.662	10267.959
35	6	9208.9795	10279.256
35	7	9178.811	10275.31
35	8	9178.669	10282.414
35	9	9188.888	10289.985
35	10	9225.531	10275.588
35	11	9232.266	10282.806
35	12	9141.803	10270.399
35	16	9165.634	10286.164
35	18	9156.595	10282.646
35	21	9228.495	10271.476
35	22	9254.844	10282.927
35	26	9143.857	10275.286
35	31	9108.855	10271.723
35	33	9133.44	10286.128
35	34	9105.224	10266.572
35	38	9164.652	10307.575
36	1	9167.0	10270.906
36	2	9208.488	10267.022
36	3	9212.101	10270.562
36	4	9181.413	10271.416
36	5	9186.474	10267.962
36	6	9211.532	10279.266
36	7	9181.44	10275.313
36	8	9181.589	10282.417
36	9	9191.961	10289.978
36	10	9228.145	10275.588
36	11	9235.153	10282.816
36	12	9143.781	10270.446
36	16	9168.766	10286.183
36	18	9159.407	10282.658
36	21	9230.446	10271.473
36	22	9257.802	10282.924
36	26	9146.527	10275.274
36	31	9110.744	10271.731
36	33	9136.501	10286.154
36	34	9107.172	10266.597
36	38	9161.678	10307.58
37	1	9168.819	10270.915
37	2	9210.532	10267.021
37	3	9213.747	10270.606
37	4	9183.196	10271.421
37	5	9188.3125	10267.959
37	6	9214.112	10279.283
37	7	9184.08	10275.324
37	8	9184.348	10282.457
37	9	9195.072	10289.979
37	10	9230.785	10275.6
37	11	9238.064	10282.822
37	12	9145.703	10270.482
37	16	9171.895	10286.194
37	18	9162.169	10282.665
37	21	9232.353	10271.465
37	26	9149.211	10275.266
37	31	9112.639	10271.763
37	33	9139.583	10286.17
37	34	9109.086	10266.619
37	38	9158.698	10307.576
37	50	9199.6455	10303.742
38	1	9170.622	10270.925
38	2	9212.55	10267.061
38	3	9215.404	10270.646
38	4	9184.977	10271.425
38	5	9190.137	10267.953
38	6	9216.647	10279.292
38	7	9186.723	10275.322
38	8	9187.25	10282.498
38	9	9198.144	10289.9795
38	10	9233.42	10275.616
38	11	9240.945	10282.832
38	12	9147.336	10270.532
38	16	9175.049	10286.193
38	18	9164.937	10282.677
38	21	9234.218	10271.471
38	26	9151.871	10275.263
38	31	9114.591	10271.781
38	33	9142.621	10286.195
38	34	9111.054	10266.626
38	38	9155.699	10307.595
38	50	9196.944	10303.676
39	1	9172.421	10270.943
39	2	9214.549	10267.082
39	3	9217.066	10270.683
39	4	9186.755	10271.43
39	5	9191.983	10267.958
39	6	9219.219	10279.312
39	7	9189.333	10275.328
39	8	9190.131	10282.528
39	9	9201.183	10289.968
39	10	9236.075	10275.638
39	11	9243.837	10282.839
39	12	9149.22	10270.578
39	16	9178.184	10286.2
39	18	9167.705	10282.702
39	21	9236.137	10271.477
39	26	9154.529	10275.272
39	31	9116.549	10271.822
39	33	9145.679	10286.205
39	34	9112.977	10266.623
39	38	9152.757	10307.591
39	50	9193.448	10303.773
40	1	9174.197	10270.953
40	2	9216.613	10267.094
40	3	9218.749	10270.713
40	4	9188.532	10271.436
40	5	9193.819	10267.954
40	6	9221.779	10279.313
40	7	9191.974	10275.346
40	8	9192.959	10282.568
40	9	9204.184	10289.968
40	10	9238.739	10275.649
40	11	9246.791	10282.849
40	12	9151.34	10270.633
40	16	9181.319	10286.218
40	18	9170.505	10282.706
40	21	9238.045	10271.477
40	26	9157.156	10275.26
40	33	9148.752	10286.216
40	34	9114.86	10266.61
40	38	9149.821	10307.583
40	50	9190.103	10303.726
41	1	9175.98	10270.965
41	2	9218.676	10267.125
41	3	9220.391	10270.748
41	4	9190.308	10271.441
41	5	9195.671	10267.952
41	6	9224.345	10279.326
41	7	9194.603	10275.352
41	8	9195.773	10282.609
41	9	9207.385	10289.974
41	10	9241.403	10275.664
41	11	9249.662	10282.844
41	12	9153.191	10270.6875
41	16	9184.46	10286.231
41	18	9173.269	10282.714
41	21	9240.003	10271.483
41	26	9159.808	10275.259
41	31	9120.847	10271.799
41	33	9151.812	10286.216
41	34	9116.781	10266.631
41	38	9146.74	10307.528
41	50	9186.731	10303.806
42	1	9177.756	10270.976
42	2	9220.723	10267.149
42	3	9222.108	10270.775
42	4	9192.08	10271.447
42	5	9197.522	10267.949
42	6	9226.928	10279.33
42	7	9197.225	10275.356
42	8	9198.578	10282.638
42	9	9210.464	10289.985
42	10	9244.097	10275.673
42	11	9252.628	10282.849
42	12	9154.8545	10270.739
42	16	9187.612	10286.241
42	18	9176.033	10282.72
42	21	9242.011	10271.497
42	26	9162.471	10275.248
42	31	9124.015	10271.835
42	33	9154.872	10286.242
42	34	9118.716	10266.639
42	38	9143.8125	10307.5205
43	1	9179.49	10270.981
43	2	9222.83	10267.17
43	3	9223.792	10270.808
43	4	9193.853	10271.454
43	5	9199.388	10267.947
43	6	9229.517	10279.345
43	7	9199.818	10275.367
43	8	9201.413	10282.669
43	9	9213.581	10289.994
43	10	9246.782	10275.685
43	11	9255.58	10282.8545
43	12	9156.69	10270.79
43	16	9190.771	10286.247
43	18	9178.8	10282.737
43	21	9243.927	10271.502
43	26	9165.107	10275.257
43	33	9157.911	10286.258
43	34	9120.631	10266.633
43	38	9140.773	10307.505
44	1	9181.245	10270.994
44	2	9224.91	10267.19
44	3	9225.476	10270.84
44	4	9195.627	10271.461
44	5	9201.232	10267.948
44	6	9232.058	10279.351
44	7	9202.384	10275.378
44	8	9204.2	10282.687
44	9	9216.619	10289.994
44	10	9249.45	10275.705
44	11	9258.5205	10282.847
44	12	9158.782	10270.831
44	16	9193.923	10286.252
44	18	9181.554	10282.75
44	21	9246.064	10271.515
44	26	9167.745	10275.254
44	33	9160.991	10286.297
44	34	9122.532	10266.646
44	38	9137.774	10307.497
44	39	9253.008	10300.499
44	50	9177.145	10303.676
45	1	9182.967	10271.008
45	2	9226.983	10267.215
45	3	9227.1875	10270.867
45	4	9197.402	10271.468
45	5	9203.092	10267.945
45	6	9234.64	10279.365
45	7	9204.968	10275.39
45	8	9206.996	10282.708
45	9	9219.766	10290.013
45	10	9252.129	10275.725
45	11	9261.466	10282.851
45	12	9161.0	10270.883
45	16	9197.076	10286.297
45	18	9184.316	10282.758
45	21	9248.02	10271.5205
45	26	9170.335	10275.254
45	33	9164.06	10286.289
45	34	9124.416	10266.671
45	38	9135.012	10307.461
45	39	9249.172	10300.473
46	1	9184.699	10271.017
46	2	9229.129	10267.238
46	3	9228.913	10270.896
46	4	9199.182	10271.476
46	5	9204.964	10267.942
46	6	9237.252	10279.367
46	7	9207.552	10275.409
46	8	9209.788	10282.728
46	9	9222.844	10290.011
46	10	9254.828	10275.747
46	11	9264.449	10282.865
46	12	9163.0625	10270.935
46	16	9200.258	10286.303
46	18	9187.08	10282.77
46	21	9249.984	10271.524
46	26	9172.977	10275.252
46	33	9167.086	10286.294
46	34	9126.303	10266.684
46	38	9132.081	10307.404
46	39	9245.433	10300.478
47	1	9186.404	10271.026
47	2	9231.222	10267.276
47	3	9230.605	10270.917
47	4	9200.964	10271.48
47	5	9206.833	10267.939
47	6	9239.841	10279.372
47	7	9210.112	10275.422
47	8	9212.594	10282.747
47	9	9225.93	10290.02
47	10	9257.509	10275.765
47	11	9267.441	10282.878
47	12	9164.729	10270.997
47	16	9203.419	10286.324
47	18	9189.847	10282.767
47	21	9251.938	10271.537
47	26	9175.592	10275.251
47	33	9170.106	10286.292
47	34	9128.209	10266.691
47	39	9242.061	10300.482
48	1	9188.104	10271.03
48	2	9233.357	10267.293
48	3	9232.291	10270.939
48	4	9202.75	10271.484
48	5	9208.707	10267.935
48	6	9242.422	10279.38
48	7	9212.692	10275.435
48	8	9215.392	10282.768
48	9	9229.034	10290.049
48	10	9260.255	10275.771
48	11	9270.406	10282.863
48	12	9166.696	10271.049
48	16	9206.596	10286.335
48	18	9192.611	10282.773
48	21	9253.888	10271.555
48	26	9178.211	10275.259
48	33	9173.187	10286.318
48	34	9130.068	10266.686
48	39	9238.638	10300.457
49	1	9189.844	10271.044
49	2	9235.479	10267.32
49	3	9234.004	10270.971
49	4	9204.54	10271.486
49	5	9210.582	10267.926
49	6	9245.029	10279.378
49	7	9215.266	10275.452
49	8	9218.189	10282.782
49	9	9232.144	10290.058
49	10	9262.975	10275.787
49	11	9273.374	10282.829
49	12	9168.646	10271.105
49	16	9209.787	10286.363
49	18	9195.362	10282.786
49	21	9255.945	10271.569
49	26	9180.833	10275.268
49	33	9176.28	10286.34
49	34	9131.968	10266.694
49	39	9235.074	10300.447
50	1	9191.543	10271.053
50	2	9237.665	10267.33
50	3	9235.723	10270.987
50	4	9206.332	10271.489
50	5	9212.465	10267.93
50	6	9247.629	10279.377
50	7	9217.851	10275.468
50	8	9220.971	10282.794
50	9	9235.261	10290.068
50	10	9265.697	10275.802
50	11	9276.376	10282.861
50	12	9170.599	10271.156
50	16	9212.97	10286.39
50	18	9198.118	10282.796
50	21	9257.926	10271.58
50	26	9183.424	10275.266
50	33	9179.318	10286.345
50	34	9133.8545	10266.69
50	39	9231.547	10300.454
51	1	9193.263	10271.056
51	2	9239.819	10267.372
51	3	9237.443	10271.001
51	4	9208.128	10271.493
51	5	9214.365	10267.927
51	6	9250.2295	10279.381
51	7	9220.419	10275.483
51	8	9223.748	10282.809
51	9	9238.387	10290.085
51	10	9268.425	10275.794
51	11	9279.304	10282.843
51	12	9172.532	10271.202
51	16	9216.157	10286.412
51	18	9200.886	10282.81
51	21	9259.974	10271.593
51	26	9186.015	10275.267
51	33	9182.392	10286.36
51	34	9135.746	10266.69
51	39	9227.934	10300.431
51	46	9202.192	10311.884
52	1	9194.979	10271.06
52	2	9241.986	10267.38
52	3	9239.183	10271.019
52	4	9209.927	10271.495
52	5	9216.25	10267.92
52	6	9252.837	10279.382
52	7	9223.001	10275.502
52	8	9226.528	10282.826
52	9	9241.512	10290.086
52	10	9271.199	10275.798
52	11	9282.356	10282.846
52	12	9174.434	10271.252
52	16	9219.339	10286.434
52	18	9203.647	10282.815
52	21	9261.972	10271.595
52	26	9188.613	10275.266
52	33	9185.445	10286.375
52	34	9137.643	10266.711
52	35	9133.074	10278.663
52	39	9224.441	10300.409
52	46	9199.673	10311.996
53	1	9196.679	10271.064
53	2	9244.14	10267.411
53	3	9240.931	10271.031
53	4	9211.729	10271.497
53	5	9218.178	10267.92
53	6	9255.448	10279.387
53	7	9225.599	10275.516
53	8	9229.311	10282.838
53	9	9244.671	10290.105
53	10	9273.977	10275.8
53	11	9285.296	10282.864
53	12	9176.572	10271.31
53	16	9222.504	10286.455
53	18	9206.404	10282.828
53	21	9264.002	10271.603
53	26	9191.203	10275.269
53	33	9188.483	10286.386
53	34	9139.546	10266.716
53	35	9135.735	10278.668
53	39	9221.015	10300.405
53	46	9196.821	10312.026
54	1	9198.391	10271.074
54	2	9246.327	10267.443
54	3	9242.694	10271.042
54	4	9213.532	10271.498
54	5	9220.071	10267.914
54	6	9258.09	10279.381
54	7	9228.173	10275.535
54	8	9232.09	10282.855
54	9	9247.825	10290.113
54	10	9276.734	10275.81
54	11	9288.274	10282.834
54	12	9178.596	10271.352
54	16	9225.698	10286.477
54	18	9209.173	10282.829
54	21	9266.057	10271.616
54	26	9193.815	10275.274
54	33	9191.553	10286.3955
54	34	9141.424	10266.715
54	35	9138.489	10278.658
54	36	9137.213	10282.694
54	39	9217.677	10300.425
54	46	9194.281	10311.963
55	1	9200.097	10271.077
55	2	9248.5205	10267.444
55	3	9244.499	10271.058
55	4	9215.335	10271.501
55	5	9221.996	10267.906
55	6	9260.699	10279.365
55	7	9230.743	10275.54
55	8	9234.864	10282.872
55	9	9250.918	10290.129
55	10	9279.48	10275.811
55	11	9291.235	10282.771
55	12	9180.265	10271.397
55	16	9228.876	10286.494
55	18	9211.933	10282.839
55	21	9268.156	10271.617
55	26	9196.387	10275.272
55	33	9194.601	10286.412
55	34	9143.335	10266.735
55	35	9141.147	10278.658
55	36	9140.176	10282.67
55	39	9214.143	10300.395
55	46	9192.242	10312.059
56	1	9201.806	10271.088
56	2	9250.735	10267.473
56	3	9246.294	10271.065
56	4	9217.138	10271.503
56	5	9223.909	10267.912
56	6	9263.278	10279.355
56	7	9233.35	10275.546
56	8	9237.622	10282.88
56	9	9254.068	10290.142
56	10	9282.258	10275.799
56	12	9182.046	10271.425
56	16	9232.057	10286.509
56	18	9214.692	10282.851
56	21	9270.198	10271.617
56	26	9198.9795	10275.269
56	33	9197.693	10286.428
56	34	9145.263	10266.747
56	35	9143.836	10278.645
56	36	9143.215	10282.659
56	39	9210.637	10300.382
56	46	9189.395	10312.12
57	1	9203.507	10271.09
57	2	9252.968	10267.463
57	3	9248.095	10271.075
57	4	9218.941	10271.505
57	5	9225.839	10267.912
57	6	9265.928	10279.353
57	7	9235.941	10275.567
57	8	9240.41	10282.883
57	9	9257.224	10290.114
57	10	9285.045	10275.807
57	12	9183.891	10271.458
57	16	9235.254	10286.522
57	18	9217.464	10282.857
57	21	9272.283	10271.614
57	26	9201.561	10275.27
57	33	9200.764	10286.434
57	34	9147.17	10266.758
57	35	9146.554	10278.607
57	36	9146.15	10282.699
57	39	9207.196	10300.369
58	1	9205.1875	10271.098
58	2	9255.19	10267.487
58	3	9249.911	10271.088
58	4	9220.744	10271.508
58	5	9227.784	10267.91
58	6	9268.559	10279.346
58	7	9238.529	10275.586
58	8	9243.1875	10282.909
58	9	9260.393	10290.176
58	10	9287.78	10275.822
58	12	9185.831	10271.481
58	16	9238.41	10286.535
58	18	9220.227	10282.859
58	21	9274.343	10271.614
58	26	9204.138	10275.272
58	33	9203.869	10286.435
58	34	9149.066	10266.7705
58	35	9149.235	10278.6045
58	36	9149.109	10282.683
58	39	9203.407	10300.302
58	46	9183.906	10312.179
59	1	9206.871	10271.107
59	2	9257.395	10267.508
59	3	9251.709	10271.11
59	4	9222.547	10271.513
59	5	9229.724	10267.913
59	6	9271.179	10279.344
59	7	9241.129	10275.595
59	8	9245.959	10282.924
59	9	9263.486	10290.208
59	10	9290.546	10275.817
59	12	9187.721	10271.513
59	16	9241.587	10286.549
59	18	9223.0	10282.865
59	21	9276.419	10271.615
59	26	9206.704	10275.273
59	33	9206.909	10286.456
59	34	9150.974	10266.784
59	35	9151.91	10278.586
59	36	9152.069	10282.692
59	37	9146.144	10286.247
59	39	9199.92	10300.27
60	1	9208.554	10271.116
60	2	9259.641	10267.517
60	3	9253.523	10271.124
60	4	9224.351	10271.517
60	5	9231.67	10267.916
60	6	9273.837	10279.323
60	7	9243.74	10275.609
60	8	9248.736	10282.941
60	9	9266.535	10290.215
60	10	9293.323	10275.831
60	12	9189.642	10271.545
60	16	9244.781	10286.556
60	18	9225.772	10282.873
60	21	9278.471	10271.615
60	26	9209.262	10275.275
60	33	9210.025	10286.448
60	34	9152.8545	10266.8125
60	35	9154.583	10278.576
60	36	9154.974	10282.686
60	37	9149.543	10286.186
60	39	9196.248	10300.25
60	46	9178.629	10312.3125
61	1	9210.249	10271.131
61	2	9261.892	10267.529
61	3	9255.38	10271.14
61	4	9226.156	10271.521
61	5	9233.634	10267.916
61	6	9276.531	10279.345
61	7	9246.34	10275.62
61	8	9251.504	10282.95
61	9	9269.685	10290.235
61	10	9296.069	10275.834
61	12	9191.545	10271.561
61	16	9247.962	10286.564
61	18	9228.542	10282.893
61	21	9280.551	10271.618
61	26	9211.854	10275.279
61	33	9213.103	10286.467
61	34	9154.744	10266.845
61	35	9157.233	10278.564
61	36	9157.891	10282.675
61	37	9153.081	10286.146
61	39	9192.769	10300.246
62	1	9211.936	10271.135
62	2	9264.184	10267.533
62	3	9257.222	10271.154
62	4	9227.964	10271.524
62	5	9235.6	10267.921
62	6	9279.124	10279.309
62	7	9248.933	10275.625
62	8	9254.307	10282.957
62	9	9272.722	10290.269
62	10	9298.872	10275.809
62	12	9193.514	10271.582
62	16	9251.134	10286.578
62	18	9231.31	10282.899
62	21	9282.691	10271.638
62	26	9214.398	10275.273
62	33	9216.206	10286.474
62	34	9156.579	10266.872
62	35	9159.925	10278.572
62	36	9160.833	10282.676
62	37	9156.538	10286.147
62	39	9189.183	10300.258
63	1	9213.641	10271.144
63	2	9266.438	10267.539
63	3	9259.07	10271.161
63	4	9229.774	10271.529
63	5	9237.51	10267.926
63	6	9281.699	10279.31
63	7	9251.549	10275.634
63	8	9257.07	10282.961
63	10	9301.645	10275.8
63	12	9195.49	10271.596
63	16	9254.341	10286.585
63	18	9234.096	10282.924
63	21	9284.807	10271.652
63	26	9216.973	10275.28
63	33	9219.278	10286.477
63	34	9158.4375	10266.881
63	35	9162.602	10278.571
63	36	9163.755	10282.694
63	37	9160.009	10286.151
63	39	9185.633	10300.235
64	1	9215.327	10271.151
64	2	9268.716	10267.545
64	3	9260.928	10271.179
64	4	9231.589	10271.533
64	5	9239.481	10267.9375
64	6	9284.356	10279.307
64	7	9254.124	10275.645
64	8	9259.842	10282.973
64	10	9304.423	10275.781
64	12	9197.387	10271.605
64	16	9257.487	10286.587
64	18	9236.869	10282.9375
64	21	9286.933	10271.652
64	26	9219.5	10275.276
64	33	9222.384	10286.49
64	34	9160.27	10266.902
64	35	9165.307	10278.557
64	36	9166.63	10282.716
64	37	9163.484	10286.151
64	39	9182.078	10300.21
65	1	9217.051	10271.155
65	2	9270.97	10267.559
65	3	9262.781	10271.195
65	4	9233.407	10271.536
65	5	9241.426	10267.942
65	6	9286.991	10279.314
65	7	9256.742	10275.657
65	8	9262.606	10282.989
65	10	9307.179	10275.801
65	12	9199.249	10271.618
65	16	9260.691	10286.599
65	18	9239.633	10282.943
65	21	9289.029	10271.643
65	26	9222.045	10275.286
65	33	9225.514	10286.504
65	34	9162.107	10266.902
65	35	9167.997	10278.534
65	36	9169.521	10282.72
65	37	9166.9795	10286.124
65	39	9178.518	10300.205
65	42	9263.575	10303.945
66	1	9218.759	10271.166
66	2	9273.29	10267.548
66	3	9264.653	10271.209
66	4	9235.231	10271.54
66	5	9243.3955	10267.947
66	6	9289.771	10279.293
66	7	9259.358	10275.67
66	8	9265.3955	10282.993
66	10	9309.9795	10275.794
66	12	9201.275	10271.63
66	16	9263.907	10286.6
66	18	9242.408	10282.958
66	21	9291.102	10271.637
66	26	9224.586	10275.294
66	33	9228.606	10286.514
66	34	9163.936	10266.933
66	35	9170.657	10278.518
66	36	9172.42	10282.704
66	37	9170.398	10286.119
66	39	9174.927	10300.194
66	40	9300.606	10308.013
66	42	9260.165	10303.93
67	1	9220.466	10271.173
67	2	9275.596	10267.555
67	3	9266.551	10271.228
67	4	9237.062	10271.542
67	5	9245.333	10267.958
67	6	9292.493	10279.309
67	7	9261.972	10275.691
67	8	9268.171	10282.995
67	10	9312.773	10275.772
67	12	9203.158	10271.637
67	16	9267.065	10286.614
67	18	9245.191	10282.957
67	21	9293.166	10271.642
67	26	9227.107	10275.294
67	33	9231.723	10286.531
67	34	9165.78	10266.96
67	35	9173.318	10278.529
67	36	9175.34	10282.715
67	37	9173.863	10286.136
67	39	9171.383	10300.184
67	40	9299.507	10308.117
67	41	9291.222	10303.999
67	42	9256.495	10303.896
68	1	9222.154	10271.169
68	2	9277.913	10267.549
68	3	9268.464	10271.24
68	4	9238.897	10271.546
68	5	9247.289	10267.975
68	6	9295.157	10279.308
68	7	9264.605	10275.71
68	8	9270.932	10283.006
68	10	9315.53	10275.752
68	12	9205.034	10271.652
68	16	9270.254	10286.625
68	18	9247.96	10282.96
68	21	9295.337	10271.6455
68	26	9229.644	10275.292
68	33	9234.838	10286.534
68	34	9167.578	10266.967
68	35	9175.9375	10278.532
68	36	9178.213	10282.712
68	37	9177.335	10286.158
68	39	9167.775	10300.225
68	40	9296.716	10308.141
68	41	9287.66	10303.99
68	42	9253.723	10303.74
68	45	9210.332	10308.212
69	1	9223.864	10271.172
69	2	9280.228	10267.552
69	3	9270.357	10271.243
69	4	9240.739	10271.549
69	5	9249.253	10267.987
69	7	9267.198	10275.723
69	8	9273.69	10283.015
69	12	9206.902	10271.654
69	16	9273.473	10286.632
69	18	9250.728	10282.961
69	21	9297.494	10271.653
69	26	9232.171	10275.31
69	33	9237.977	10286.55
69	34	9169.41	10266.989
69	35	9178.614	10278.537
69	36	9181.087	10282.731
69	37	9180.78	10286.18
69	40	9293.936	10308.089
69	41	9284.253	10303.986
69	42	9250.5625	10303.788
69	45	9207.095	10308.158
70	1	9225.569	10271.182
70	2	9282.543	10267.546
70	3	9272.296	10271.251
70	4	9242.588	10271.552
70	5	9251.227	10268.011
70	6	9300.743	10279.257
70	7	9269.807	10275.738
70	8	9276.434	10283.012
70	12	9208.777	10271.661
70	16	9276.656	10286.642
70	18	9253.483	10282.958
70	21	9299.591	10271.656
70	26	9234.744	10275.317
70	33	9241.11	10286.558
70	34	9171.246	10267.003
70	35	9181.324	10278.538
70	36	9183.98	10282.732
70	37	9184.29	10286.157
70	40	9291.118	10308.051
70	41	9281.006	10303.961
70	42	9246.717	10303.896
70	45	9203.845	10308.209
71	1	9227.272	10271.185
71	2	9284.875	10267.562
71	3	9274.2295	10271.257
71	4	9244.444	10271.555
71	5	9253.196	10268.024
71	7	9272.42	10275.752
71	8	9279.219	10283.021
71	12	9210.603	10271.658
71	16	9279.829	10286.6455
71	18	9256.268	10282.97
71	21	9301.719	10271.637
71	26	9237.289	10275.33
71	33	9244.243	10286.57
71	34	9173.014	10267.042
71	35	9183.956	10278.529
71	36	9186.856	10282.733
71	37	9187.725	10286.157
71	40	9288.38	10308.048
71	41	9277.475	10303.953
71	42	9243.69	10303.869
71	45	9200.926	10308.1875
72	1	9229.008	10271.19
72	2	9287.233	10267.5625
72	3	9276.162	10271.281
72	4	9246.31	10271.557
72	5	9255.16	10268.052
72	7	9275.034	10275.756
72	8	9281.994	10283.025
72	12	9212.488	10271.656
72	16	9282.995	10286.659
72	18	9259.039	10282.974
72	21	9303.879	10271.626
72	26	9239.836	10275.347
72	33	9247.353	10286.566
72	34	9174.813	10267.058
72	35	9186.64	10278.555
72	36	9189.739	10282.734
72	37	9191.207	10286.159
72	40	9285.21	10308.031
72	41	9274.062	10303.934
72	42	9240.29	10303.877
72	45	9197.885	10308.194
72	47	9304.721	10290.511
73	1	9230.708	10271.19
73	2	9289.578	10267.575
73	3	9278.109	10271.293
73	4	9248.182	10271.559
73	5	9257.131	10268.077
73	7	9277.675	10275.76
73	8	9284.772	10283.024
73	12	9214.3	10271.662
73	16	9286.144	10286.66
73	18	9261.791	10282.975
73	21	9306.009	10271.606
73	26	9242.411	10275.361
73	33	9250.486	10286.582
73	34	9176.577	10267.066
73	35	9189.332	10278.573
73	36	9192.628	10282.753
73	37	9194.652	10286.173
73	40	9282.558	10308.033
73	41	9270.744	10303.927
73	42	9236.991	10303.819
73	45	9194.7705	10308.181
73	47	9307.81	10290.549
74	1	9232.411	10271.193
74	2	9291.936	10267.576
74	3	9280.092	10271.308
74	4	9250.062	10271.561
74	5	9259.119	10268.107
74	7	9280.298	10275.77
74	8	9287.553	10283.023
74	12	9216.127	10271.661
74	16	9289.32	10286.66
74	18	9264.573	10282.971
74	21	9308.163	10271.604
74	26	9244.941	10275.373
74	33	9253.624	10286.6
74	34	9178.351	10267.117
74	35	9192.006	10278.562
74	36	9195.4795	10282.766
74	37	9198.119	10286.206
74	40	9279.728	10308.017
74	41	9267.439	10303.93
74	42	9233.439	10303.75
74	45	9191.852	10308.191
74	47	9310.986	10290.602
75	1	9234.17	10271.201
75	2	9294.313	10267.596
75	3	9282.069	10271.318
75	4	9251.949	10271.5625
75	5	9261.084	10268.141
75	7	9282.9375	10275.778
75	8	9290.315	10283.033
75	12	9217.905	10271.67
75	16	9292.521	10286.652
75	18	9267.337	10282.966
75	21	9310.338	10271.62
75	26	9247.482	10275.38
75	33	9256.7705	10286.616
75	34	9180.146	10267.12
75	35	9194.65	10278.549
75	36	9198.342	10282.77
75	37	9201.565	10286.231
75	40	9276.945	10307.992
75	41	9264.275	10303.941
75	42	9230.502	10303.759
75	43	9284.014	10307.98
75	45	9188.62	10308.128
75	47	9314.251	10290.629
76	1	9235.8955	10271.206
76	2	9296.692	10267.601
76	3	9284.04	10271.335
76	4	9253.845	10271.564
76	5	9263.09	10268.173
76	7	9285.582	10275.776
76	8	9293.101	10283.026
76	12	9219.705	10271.673
76	16	9295.698	10286.658
76	18	9270.095	10282.964
76	21	9312.468	10271.647
76	26	9250.054	10275.397
76	33	9259.917	10286.625
76	34	9181.926	10267.135
76	35	9197.293	10278.579
76	36	9201.204	10282.784
76	37	9205.031	10286.242
76	40	9274.405	10307.982
76	41	9261.06	10303.932
76	42	9227.392	10303.767
76	43	9281.251	10307.967
76	45	9185.639	10308.08
76	47	9317.412	10290.6875
77	1	9237.621	10271.207
77	2	9299.107	10267.608
77	3	9286.003	10271.342
77	4	9255.748	10271.565
77	5	9265.078	10268.215
77	7	9288.173	10275.7705
77	8	9295.864	10283.029
77	12	9221.465	10271.676
77	16	9298.86	10286.656
77	18	9272.862	10282.964
77	21	9314.591	10271.655
77	26	9252.596	10275.409
77	33	9263.073	10286.636
77	34	9183.749	10267.13
77	35	9199.988	10278.562
77	36	9204.051	10282.79
77	37	9208.468	10286.248
77	40	9271.482	10307.987
77	41	9257.598	10303.956
77	42	9224.45	10303.762
77	43	9278.562	10307.966
77	47	9320.661	10290.737
78	1	9239.346	10271.202
78	2	9301.497	10267.624
78	3	9288.0205	10271.351
78	4	9257.658	10271.567
78	5	9267.069	10268.252
78	7	9290.786	10275.769
78	8	9298.642	10283.027
78	12	9223.209	10271.665
78	16	9301.977	10286.649
78	18	9275.624	10282.962
78	21	9316.7	10271.666
78	26	9255.181	10275.423
78	33	9266.203	10286.642
78	34	9185.519	10267.152
78	35	9202.648	10278.584
78	36	9206.919	10282.793
78	37	9211.968	10286.257
78	40	9268.637	10307.956
78	41	9254.282	10303.971
78	42	9221.096	10303.752
78	43	9275.886	10307.915
78	47	9323.727	10290.732
79	1	9241.088	10271.21
79	2	9303.922	10267.643
79	3	9290.028	10271.362
79	4	9259.577	10271.567
79	5	9269.067	10268.292
79	7	9293.44	10275.772
79	8	9301.457	10283.039
79	12	9224.989	10271.664
79	16	9305.125	10286.669
79	18	9278.401	10282.956
79	21	9319.032	10271.665
79	26	9257.79	10275.451
79	33	9269.315	10286.658
79	34	9187.308	10267.145
79	35	9205.306	10278.584
79	36	9209.764	10282.817
79	37	9215.3955	10286.293
79	40	9266.067	10307.903
79	41	9250.851	10303.929
79	42	9217.838	10303.739
79	43	9272.846	10307.895
80	1	9242.829	10271.208
80	2	9306.311	10267.643
80	3	9292.045	10271.37
80	4	9261.502	10271.568
80	5	9271.087	10268.341
80	7	9296.055	10275.766
80	8	9304.205	10283.033
80	12	9226.813	10271.656
80	16	9308.281	10286.662
80	18	9281.167	10282.953
80	21	9321.138	10271.679
80	26	9260.3955	10275.445
80	33	9272.468	10286.662
80	34	9189.08	10267.161
80	35	9207.952	10278.616
80	36	9212.63	10282.844
80	37	9218.866	10286.324
80	40	9262.964	10307.918
80	41	9247.523	10303.884
80	42	9214.492	10303.715
80	43	9269.925	10307.886
81	1	9244.561	10271.222
81	2	9308.736	10267.646
81	3	9294.104	10271.38
81	4	9263.433	10271.569
81	5	9273.112	10268.384
81	7	9298.702	10275.767
81	8	9306.981	10283.045
81	12	9228.543	10271.668
81	16	9311.445	10286.659
81	18	9283.917	10282.95
81	21	9323.302	10271.663
81	26	9262.979	10275.464
81	33	9275.624	10286.674
81	34	9190.812	10267.177
81	35	9210.576	10278.638
81	36	9215.453	10282.858
81	37	9222.246	10286.336
81	40	9260.477	10307.965
81	41	9244.36	10303.849
81	42	9211.28	10303.59
81	43	9267.299	10307.888
82	1	9246.349	10271.225
82	2	9311.1455	10267.681
82	3	9296.1045	10271.379
82	4	9265.367	10271.57
82	5	9275.134	10268.432
82	7	9301.343	10275.768
82	8	9309.762	10283.051
82	12	9230.318	10271.665
82	16	9314.566	10286.663
82	18	9286.681	10282.947
82	21	9325.669	10271.637
82	26	9265.577	10275.484
82	33	9278.763	10286.6875
82	34	9192.531	10267.186
82	35	9213.235	10278.674
82	36	9218.286	10282.858
82	37	9225.704	10286.357
82	40	9257.545	10307.926
82	41	9241.502	10303.855
82	42	9207.881	10303.661
82	43	9264.395	10307.874
83	1	9248.114	10271.23
83	2	9313.584	10267.689
83	3	9298.166	10271.3955
83	4	9267.308	10271.573
83	5	9277.157	10268.481
83	7	9303.977	10275.763
83	8	9312.553	10283.059
83	12	9232.025	10271.669
83	16	9317.687	10286.658
83	18	9289.466	10282.9375
83	21	9327.968	10271.64
83	26	9268.151	10275.49
83	33	9281.895	10286.703
83	34	9194.269	10267.217
83	35	9215.9	10278.694
83	36	9221.143	10282.867
83	37	9229.176	10286.381
83	40	9254.821	10307.922
83	41	9238.313	10303.895
83	42	9204.439	10303.685
83	43	9261.555	10307.82
84	1	9249.894	10271.235
84	2	9316.039	10267.694
84	3	9300.203	10271.418
84	4	9269.253	10271.575
84	5	9279.184	10268.532
84	7	9306.621	10275.755
84	8	9315.322	10283.052
84	12	9233.77	10271.664
84	16	9320.852	10286.643
84	18	9292.25	10282.93
84	21	9330.122	10271.61
84	26	9270.733	10275.493
84	33	9285.047	10286.714
84	34	9196.016	10267.235
84	35	9218.533	10278.714
84	36	9223.999	10282.877
84	37	9232.573	10286.406
84	40	9251.891	10307.914
84	41	9235.193	10303.905
84	42	9201.334	10303.678
84	43	9259.499	10307.82
85	1	9251.673	10271.238
85	2	9318.497	10267.697
85	3	9302.248	10271.434
85	4	9271.199	10271.579
85	5	9281.227	10268.583
85	7	9309.243	10275.748
85	8	9318.122	10283.054
85	12	9235.456	10271.666
85	16	9323.962	10286.653
85	18	9295.006	10282.928
85	21	9332.288	10271.601
85	26	9273.299	10275.498
85	33	9288.197	10286.723
85	34	9197.787	10267.26
85	35	9221.207	10278.736
85	36	9226.831	10282.891
85	37	9236.044	10286.399
85	40	9249.094	10307.922
85	41	9231.945	10303.896
85	43	9256.47	10307.833
86	1	9253.469	10271.247
86	2	9320.975	10267.7
86	3	9304.393	10271.439
86	4	9273.136	10271.583
86	5	9283.302	10268.64
86	7	9311.875	10275.729
86	8	9320.86	10283.054
86	12	9237.237	10271.655
86	16	9327.024	10286.646
86	18	9297.79	10282.92
86	21	9334.524	10271.592
86	26	9275.891	10275.518
86	33	9291.361	10286.73
86	34	9199.469	10267.288
86	35	9223.896	10278.758
86	36	9229.666	10282.908
86	37	9239.433	10286.412
86	40	9246.185	10307.923
86	41	9228.682	10303.874
87	1	9255.259	10271.257
87	2	9323.419	10267.718
87	3	9306.422	10271.455
87	4	9275.065	10271.587
87	5	9285.326	10268.696
87	7	9314.515	10275.724
87	8	9323.645	10283.062
87	12	9238.9795	10271.653
87	16	9330.129	10286.671
87	18	9300.588	10282.918
87	21	9336.85	10271.567
87	26	9278.486	10275.535
87	33	9294.506	10286.743
87	34	9201.146	10267.296
87	35	9226.539	10278.773
87	36	9232.478	10282.909
87	37	9242.869	10286.421
87	40	9243.38	10307.916
87	41	9225.333	10303.87
87	43	9250.775	10307.863
88	1	9257.049	10271.263
88	2	9325.92	10267.718
88	3	9308.517	10271.477
88	4	9276.986	10271.591
88	5	9287.379	10268.752
88	7	9317.189	10275.722
88	8	9326.454	10283.067
88	12	9240.738	10271.6455
88	16	9333.192	10286.674
88	18	9303.354	10282.914
88	21	9338.98	10271.556
88	26	9281.0625	10275.55
88	33	9297.647	10286.741
88	34	9202.823	10267.301
88	35	9229.203	10278.8
88	36	9235.344	10282.905
88	37	9246.3	10286.425
88	40	9240.66	10307.925
88	41	9222.054	10303.813
88	43	9247.952	10307.916
89	1	9258.858	10271.271
89	2	9328.42	10267.734
89	3	9310.6045	10271.487
89	4	9278.9	10271.594
89	5	9289.462	10268.807
89	7	9319.841	10275.718
89	8	9329.279	10283.079
89	12	9242.545	10271.64
89	16	9336.364	10286.68
89	18	9306.117	10282.905
89	21	9341.178	10271.557
89	26	9283.661	10275.574
89	33	9300.8	10286.742
89	34	9204.591	10267.352
89	35	9231.882	10278.825
89	36	9238.173	10282.899
89	37	9249.731	10286.444
89	40	9237.755	10307.913
89	41	9218.819	10303.831
89	43	9245.024	10307.931
90	1	9260.653	10271.281
90	2	9330.939	10267.735
90	3	9312.721	10271.49
90	4	9280.804	10271.597
90	5	9291.554	10268.873
90	7	9322.5	10275.698
90	8	9332.076	10283.085
90	12	9244.309	10271.648
90	16	9339.45	10286.701
90	18	9308.904	10282.898
90	21	9343.585	10271.534
90	26	9286.239	10275.591
90	33	9303.96	10286.745
90	34	9206.285	10267.361
90	35	9234.574	10278.859
90	36	9241.003	10282.903
90	37	9253.144	10286.466
90	40	9234.941	10307.91
90	41	9215.441	10303.835
90	43	9242.354	10307.933
