0	1	3976.0464	-1955.0452
0	2	3959.6543	-1951.9614
0	3	3979.6177	-1915.5135
0	4	3967.0012	-1913.4918
0	5	3964.7349	-1915.3523
0	6	3962.2273	-1917.7982
0	7	3971.1013	-1906.0635
0	8	3959.0613	-1919.0231
0	9	3956.1968	-1920.8348
0	10	3976.0325	-1899.4747
0	12	3977.8533	-1897.1252
0	13	3979.1804	-1894.9652
0	14	3982.6057	-1890.6667
0	15	3984.1157	-1887.963
0	16	3987.1077	-1883.7094
0	17	3988.709	-1881.6907
0	18	3932.773	-1919.4747
0	19	3993.5784	-1874.8386
0	20	3996.2883	-1870.0737
0	21	3981.8193	-1866.0529
0	22	3922.6274	-1906.4167
0	23	3983.646	-1864.3435
0	24	3998.0654	-1868.1227
0	25	3919.96	-1907.3025
0	26	3917.1453	-1907.569
0	27	4001.9858	-1864.3607
0	28	3914.2449	-1908.2334
0	29	3911.8735	-1909.1622
0	30	3908.9817	-1910.4158
0	31	3905.889	-1911.3384
0	81	3923.2927	-1920.2441
0	94	3938.3804	-1919.793
0	97	3943.576	-1920.7681
0	108	3929.081	-1919.288
0	109	3952.467	-1920.4044
1	1	3976.096	-1954.6117
1	2	3959.7278	-1951.8346
1	3	3979.2458	-1916.0625
1	4	3967.0012	-1913.4918
1	5	3964.7349	-1915.3523
1	6	3962.2273	-1917.7982
1	7	3971.1013	-1906.0635
1	8	3959.0613	-1919.0231
1	9	3956.1968	-1920.8348
1	10	3976.0325	-1899.4747
1	11	3952.677	-1921.1816
1	12	3977.8533	-1897.1252
1	13	3979.1804	-1894.9652
1	14	3982.6057	-1890.6667
1	15	3984.1157	-1887.963
1	16	3987.1077	-1883.7094
1	17	3988.709	-1881.6907
1	18	3932.773	-1919.4747
1	19	3993.5784	-1874.8386
1	20	3996.2883	-1870.0737
1	21	3981.8193	-1866.0529
1	22	3922.6274	-1906.4167
1	24	3998.0654	-1868.1227
1	25	3919.96	-1907.3025
1	26	3917.1453	-1907.569
1	27	4001.9858	-1864.3607
1	28	3914.2449	-1908.2334
1	29	3911.8735	-1909.1622
1	30	3908.9817	-1910.4158
1	31	3905.889	-1911.3384
1	81	3923.2927	-1920.2441
1	94	3938.3804	-1919.793
1	97	3943.576	-1920.7681
2	1	3976.1353	-1954.1583
2	2	3959.7883	-1951.7524
2	3	3978.8787	-1916.6002
2	4	3967.0012	-1913.4918
2	5	3964.7349	-1915.3523
2	6	3962.2273	-1917.7982
2	7	3971.1013	-1906.0635
2	8	3959.0613	-1919.0231
2	9	3956.1968	-1920.8348
2	10	3976.0325	-1899.4747
2	12	3977.8533	-1897.1252
2	13	3979.1804	-1894.9652
2	14	3982.6057	-1890.6667
2	15	3984.1157	-1887.963
2	16	3987.1077	-1883.7094
2	17	3988.709	-1881.6907
2	18	3932.773	-1919.4747
2	19	3993.5784	-1874.8386
2	20	3996.2883	-1870.0737
2	21	3981.8193	-1866.0529
2	22	3922.6274	-1906.4167
2	23	3983.646	-1864.3435
2	24	3998.0654	-1868.1227
2	25	3919.96	-1907.3025
2	26	3917.1453	-1907.569
2	27	4001.9858	-1864.3607
2	28	3914.2449	-1908.2334
2	29	3911.8735	-1909.1622
2	30	3908.9817	-1910.4158
2	31	3905.889	-1911.3384
2	81	3923.2927	-1920.2441
2	94	3938.3804	-1919.793
2	97	3943.576	-1920.7681
3	1	3976.1685	-1953.7036
3	2	3959.855	-1951.6432
3	3	3978.5137	-1917.1307
3	4	3967.0012	-1913.4918
3	5	3964.7349	-1915.3523
3	6	3962.2273	-1917.7982
3	7	3971.1013	-1906.0635
3	8	3959.0613	-1919.0231
3	9	3956.1968	-1920.8348
3	10	3976.0325	-1899.4747
3	12	3977.8533	-1897.1252
3	13	3979.1804	-1894.9652
3	14	3982.6057	-1890.6667
3	15	3984.1157	-1887.963
3	16	3987.1077	-1883.7094
3	17	3988.709	-1881.6907
3	18	3932.773	-1919.4747
3	19	3993.5784	-1874.8386
3	20	3996.2883	-1870.0737
3	21	3981.8193	-1866.0529
3	22	3922.6274	-1906.4167
3	23	3983.646	-1864.3435
3	24	3998.0654	-1868.1227
3	25	3919.96	-1907.3025
3	26	3917.1453	-1907.569
3	27	4001.9858	-1864.3607
3	28	3914.2449	-1908.2334
3	29	3911.8735	-1909.1622
3	30	3908.9817	-1910.4158
3	31	3905.889	-1911.3384
3	81	3923.2927	-1920.2441
3	94	3938.3804	-1919.793
3	97	3943.576	-1920.7681
4	1	3976.1755	-1953.2328
4	2	3959.9104	-1951.536
4	3	3978.151	-1917.6556
4	4	3967.0012	-1913.4918
4	5	3964.7349	-1915.3523
4	6	3962.2273	-1917.7982
4	7	3971.1013	-1906.0635
4	8	3959.0613	-1919.0231
4	9	3956.1968	-1920.8348
4	10	3976.0325	-1899.4747
4	12	3977.8533	-1897.1252
4	13	3979.1804	-1894.9652
4	14	3982.6057	-1890.6667
4	15	3984.1157	-1887.963
4	16	3987.1077	-1883.7094
4	17	3988.709	-1881.6907
4	18	3932.773	-1919.4747
4	19	3993.5784	-1874.8386
4	20	3996.2883	-1870.0737
4	21	3981.8193	-1866.0529
4	22	3922.6274	-1906.4167
4	23	3983.646	-1864.3435
4	24	3998.0654	-1868.1227
4	25	3919.96	-1907.3025
4	26	3917.1453	-1907.569
4	27	4001.9858	-1864.3607
4	28	3914.2449	-1908.2334
4	29	3911.8735	-1909.1622
4	30	3908.9817	-1910.4158
4	31	3905.889	-1911.3384
4	81	3923.2927	-1920.2441
4	94	3938.3804	-1919.793
4	97	3943.576	-1920.7681
5	1	3976.1812	-1952.784
5	2	3959.973	-1951.4219
5	3	3977.788	-1918.1725
5	4	3967.0012	-1913.4918
5	5	3964.7349	-1915.3523
5	6	3962.2273	-1917.7982
5	7	3971.1013	-1906.0635
5	8	3959.0613	-1919.0231
5	9	3956.1968	-1920.8348
5	10	3976.0325	-1899.4747
5	12	3977.8533	-1897.1252
5	13	3979.1804	-1894.9652
5	14	3982.6057	-1890.6667
5	15	3984.1157	-1887.963
5	16	3987.1077	-1883.7094
5	17	3988.709	-1881.6907
5	18	3932.773	-1919.4747
5	19	3993.5784	-1874.8386
5	20	3996.2883	-1870.0737
5	21	3981.8193	-1866.0529
5	22	3922.6274	-1906.4167
5	23	3983.646	-1864.3435
5	24	3998.0654	-1868.1227
5	25	3919.96	-1907.3025
5	26	3917.1453	-1907.569
5	27	4001.9858	-1864.3607
5	28	3914.2449	-1908.2334
5	29	3911.8735	-1909.1622
5	30	3908.9817	-1910.4158
5	31	3905.889	-1911.3384
5	81	3923.2927	-1920.2441
5	94	3938.3804	-1919.793
5	97	3943.576	-1920.7681
6	1	3976.1687	-1952.2708
6	2	3960.0269	-1951.3151
6	3	3977.4285	-1918.6802
6	4	3967.0012	-1913.4918
6	5	3964.7349	-1915.3523
6	6	3962.2273	-1917.7982
6	7	3971.1013	-1906.0635
6	8	3959.0613	-1919.0231
6	9	3956.1968	-1920.8348
6	10	3976.0325	-1899.4747
6	12	3977.8533	-1897.1252
6	13	3979.1804	-1894.9652
6	14	3982.6057	-1890.6667
6	15	3984.1157	-1887.963
6	16	3987.1077	-1883.7094
6	17	3988.709	-1881.6907
6	18	3932.773	-1919.4747
6	19	3993.5784	-1874.8386
6	20	3996.2883	-1870.0737
6	21	3981.8193	-1866.0529
6	22	3922.6274	-1906.4167
6	23	3983.646	-1864.3435
6	24	3998.0654	-1868.1227
6	25	3919.96	-1907.3025
6	26	3917.1453	-1907.569
6	27	4001.9858	-1864.3607
6	28	3914.2449	-1908.2334
6	29	3911.8735	-1909.1622
6	30	3908.9817	-1910.4158
6	31	3905.889	-1911.3384
6	81	3923.2927	-1920.2441
6	94	3938.3804	-1919.793
7	1	3976.1504	-1951.7532
7	2	3960.0847	-1951.2041
7	3	3977.07	-1919.1768
7	4	3967.0012	-1913.4918
7	5	3964.7349	-1915.3523
7	6	3962.2273	-1917.7982
7	7	3971.1013	-1906.0635
7	8	3959.0613	-1919.0231
7	9	3956.1968	-1920.8348
7	10	3976.0325	-1899.4747
7	11	3952.677	-1921.1816
7	12	3977.8533	-1897.1252
7	13	3979.1804	-1894.9652
7	14	3982.6057	-1890.6667
7	15	3984.1157	-1887.963
7	16	3987.1077	-1883.7094
7	17	3988.709	-1881.6907
7	18	3932.773	-1919.4747
7	19	3993.5784	-1874.8386
7	20	3996.2883	-1870.0737
7	21	3981.8193	-1866.0529
7	22	3922.6274	-1906.4167
7	23	3983.646	-1864.3435
7	24	3998.0654	-1868.1227
7	25	3919.96	-1907.3025
7	26	3917.1453	-1907.569
7	27	4001.9858	-1864.3607
7	28	3914.2449	-1908.2334
7	29	3911.8735	-1909.1622
7	30	3908.9817	-1910.4158
7	31	3905.889	-1911.3384
7	81	3923.2927	-1920.2441
7	94	3938.3804	-1919.793
8	1	3976.103	-1951.2773
8	2	3960.1416	-1951.0975
8	3	3976.713	-1919.6648
8	4	3967.0012	-1913.4918
8	5	3964.7349	-1915.3523
8	6	3962.2273	-1917.7982
8	7	3971.1013	-1906.0635
8	8	3959.0613	-1919.0231
8	9	3956.1968	-1920.8348
8	10	3976.0325	-1899.4747
8	11	3952.677	-1921.1816
8	12	3977.8533	-1897.1252
8	13	3979.1804	-1894.9652
8	14	3982.6057	-1890.6667
8	15	3984.1157	-1887.963
8	16	3987.1077	-1883.7094
8	17	3988.709	-1881.6907
8	18	3932.773	-1919.4747
8	19	3993.5784	-1874.8386
8	20	3996.2883	-1870.0737
8	21	3981.8193	-1866.0529
8	22	3922.6274	-1906.4167
8	23	3983.646	-1864.3435
8	24	3998.0654	-1868.1227
8	25	3919.96	-1907.3025
8	26	3917.1453	-1907.569
8	27	4001.9858	-1864.3607
8	28	3914.2449	-1908.2334
8	29	3911.8735	-1909.1622
8	30	3908.9817	-1910.4158
8	31	3905.889	-1911.3384
8	81	3923.2927	-1920.2441
8	94	3938.3804	-1919.793
9	1	3976.0293	-1950.7427
9	2	3960.202	-1950.9832
9	3	3976.3567	-1920.1434
9	4	3967.0012	-1913.4918
9	5	3964.7349	-1915.3523
9	6	3962.2273	-1917.7982
9	7	3971.1013	-1906.0635
9	8	3959.0613	-1919.0231
9	9	3956.1968	-1920.8348
9	10	3976.0325	-1899.4747
9	11	3952.677	-1921.1816
9	12	3977.8533	-1897.1252
9	13	3979.1804	-1894.9652
9	14	3982.6057	-1890.6667
9	15	3984.1157	-1887.963
9	16	3987.1077	-1883.7094
9	17	3988.709	-1881.6907
9	18	3932.773	-1919.4747
9	19	3993.5784	-1874.8386
9	20	3996.2883	-1870.0737
9	21	3981.8193	-1866.0529
9	22	3922.6274	-1906.4167
9	23	3983.646	-1864.3435
9	24	3998.0654	-1868.1227
9	25	3919.96	-1907.3025
9	26	3917.1453	-1907.569
9	27	4001.9858	-1864.3607
9	28	3914.2449	-1908.2334
9	29	3911.8735	-1909.1622
9	30	3908.9817	-1910.4158
9	31	3905.889	-1911.3384
9	81	3923.2927	-1920.2441
10	1	3975.9438	-1950.201
10	2	3960.2627	-1950.8767
10	3	3976.0012	-1920.6115
10	4	3967.0012	-1913.4918
10	5	3964.7349	-1915.3523
10	6	3962.2273	-1917.7982
10	7	3971.1013	-1906.0635
10	8	3959.0613	-1919.0231
10	9	3956.1968	-1920.8348
10	10	3976.0325	-1899.4747
10	11	3952.677	-1921.1816
10	12	3977.8533	-1897.1252
10	13	3979.1804	-1894.9652
10	14	3982.6057	-1890.6667
10	15	3984.1157	-1887.963
10	16	3987.1077	-1883.7094
10	17	3988.709	-1881.6907
10	18	3932.773	-1919.4747
10	19	3993.5784	-1874.8386
10	20	3996.2883	-1870.0737
10	21	3981.8193	-1866.0529
10	22	3922.6274	-1906.4167
10	23	3983.646	-1864.3435
10	24	3998.0654	-1868.1227
10	25	3919.96	-1907.3025
10	26	3917.1453	-1907.569
10	27	4001.9858	-1864.3607
10	28	3914.2449	-1908.2334
10	29	3911.8735	-1909.1622
10	30	3908.9817	-1910.4158
10	31	3905.889	-1911.3384
11	1	3975.8398	-1949.6508
11	2	3960.324	-1950.7727
11	3	3975.6477	-1921.071
11	4	3967.0012	-1913.4918
11	5	3964.7349	-1915.3523
11	6	3962.2273	-1917.7982
11	7	3971.1013	-1906.0635
11	8	3959.0613	-1919.0231
11	9	3956.1968	-1920.8348
11	10	3976.0325	-1899.4747
11	11	3952.677	-1921.1816
11	12	3977.8533	-1897.1252
11	13	3979.1804	-1894.9652
11	14	3982.6057	-1890.6667
11	15	3984.1157	-1887.963
11	16	3987.1077	-1883.7094
11	19	3993.5784	-1874.8386
11	20	3996.2883	-1870.0737
11	21	3981.8193	-1866.0529
11	22	3922.6274	-1906.4167
11	23	3983.646	-1864.3435
11	24	3998.0654	-1868.1227
11	25	3919.96	-1907.3025
11	26	3917.1453	-1907.569
11	27	4001.9858	-1864.3607
11	28	3914.2449	-1908.2334
11	29	3911.8735	-1909.1622
11	30	3908.9817	-1910.4158
11	31	3905.889	-1911.3384
11	81	3923.2927	-1920.2441
11	97	3943.576	-1920.7681
11	100	3988.5662	-1881.5876
12	1	3975.7102	-1949.0698
12	2	3960.4004	-1950.6665
12	3	3975.2944	-1921.5178
12	4	3967.0012	-1913.4918
12	5	3964.7349	-1915.3523
12	6	3962.2273	-1917.7982
12	7	3971.1013	-1906.0635
12	8	3959.0613	-1919.0231
12	9	3956.1968	-1920.8348
12	10	3976.0325	-1899.4747
12	11	3952.677	-1921.1816
12	12	3977.8533	-1897.1252
12	13	3979.1804	-1894.9652
12	14	3982.6057	-1890.6667
12	15	3984.1157	-1887.963
12	16	3987.1077	-1883.7094
12	18	3932.773	-1919.4747
12	19	3993.5784	-1874.8386
12	20	3996.2883	-1870.0737
12	21	3981.8193	-1866.0529
12	22	3922.6274	-1906.4167
12	23	3983.646	-1864.3435
12	24	3998.0654	-1868.1227
12	25	3919.96	-1907.3025
12	26	3917.1453	-1907.569
12	27	4001.9858	-1864.3607
12	28	3914.2449	-1908.2334
12	29	3911.8735	-1909.1622
12	30	3908.9817	-1910.4158
12	31	3905.889	-1911.3384
12	81	3923.2927	-1920.2441
12	97	3943.576	-1920.7681
12	100	3988.5122	-1881.5574
12	102	3926.3523	-1920.106
13	1	3975.549	-1948.4952
13	2	3960.4688	-1950.5558
13	3	3974.9414	-1921.9509
13	4	3967.0012	-1913.4918
13	5	3964.7349	-1915.3523
13	6	3962.2273	-1917.7982
13	7	3971.1013	-1906.0635
13	8	3959.0613	-1919.0231
13	9	3956.1968	-1920.8348
13	10	3976.0325	-1899.4747
13	11	3952.677	-1921.1816
13	12	3977.8533	-1897.1252
13	13	3979.1804	-1894.9652
13	14	3982.6057	-1890.6667
13	15	3984.1157	-1887.963
13	16	3987.1077	-1883.7094
13	18	3932.773	-1919.4747
13	19	3993.5784	-1874.8386
13	20	3996.2883	-1870.0737
13	21	3981.8193	-1866.0529
13	22	3922.6274	-1906.4167
13	23	3983.646	-1864.3435
13	24	3998.0654	-1868.1227
13	25	3919.96	-1907.3025
13	26	3917.1453	-1907.569
13	27	4001.9858	-1864.3607
13	28	3914.2449	-1908.2334
13	29	3911.8735	-1909.1622
13	30	3908.9817	-1910.4158
13	81	3923.2927	-1920.2441
13	94	3938.3804	-1919.793
13	100	3988.5896	-1881.5935
13	101	3943.7034	-1920.6832
13	102	3926.4683	-1919.9722
14	1	3975.3691	-1947.8967
14	2	3960.524	-1950.4493
14	3	3974.5933	-1922.3765
14	4	3967.0012	-1913.4918
14	5	3964.7349	-1915.3523
14	6	3962.2273	-1917.7982
14	7	3971.1013	-1906.0635
14	8	3959.0613	-1919.0231
14	9	3956.1968	-1920.8348
14	10	3976.0325	-1899.4747
14	11	3952.677	-1921.1816
14	12	3977.8533	-1897.1252
14	13	3979.1804	-1894.9652
14	14	3982.6057	-1890.6667
14	15	3984.1157	-1887.963
14	16	3987.1077	-1883.7094
14	18	3932.773	-1919.4747
14	19	3993.5784	-1874.8386
14	20	3996.2883	-1870.0737
14	21	3981.8193	-1866.0529
14	22	3922.6274	-1906.4167
14	23	3983.646	-1864.3435
14	24	3998.0654	-1868.1227
14	25	3919.96	-1907.3025
14	26	3917.1453	-1907.569
14	27	4001.9858	-1864.3607
14	28	3914.2449	-1908.2334
14	81	3923.2927	-1920.2441
14	100	3988.6313	-1881.578
14	101	3943.6008	-1920.8726
14	102	3926.498	-1919.9276
15	1	3975.1646	-1947.3328
15	2	3960.588	-1950.3436
15	3	3974.2476	-1922.7908
15	4	3967.0012	-1913.4918
15	5	3964.7349	-1915.3523
15	6	3962.2273	-1917.7982
15	7	3971.1013	-1906.0635
15	8	3959.0613	-1919.0231
15	9	3956.1968	-1920.8348
15	10	3976.0325	-1899.4747
15	11	3952.677	-1921.1816
15	12	3977.8533	-1897.1252
15	13	3979.1804	-1894.9652
15	14	3982.6057	-1890.6667
15	15	3984.1157	-1887.963
15	16	3987.1077	-1883.7094
15	18	3932.773	-1919.4747
15	19	3993.5784	-1874.8386
15	20	3996.2883	-1870.0737
15	21	3981.8193	-1866.0529
15	22	3922.6274	-1906.4167
15	23	3983.646	-1864.3435
15	24	3998.0654	-1868.1227
15	25	3919.96	-1907.3025
15	27	4001.9858	-1864.3607
15	31	3905.889	-1911.3384
15	81	3923.2927	-1920.2441
15	100	3988.6467	-1881.5862
15	101	3943.5642	-1920.8519
15	102	3926.4902	-1919.9716
16	1	3974.9492	-1946.7798
16	2	3960.6572	-1950.2466
16	3	3973.903	-1923.1888
16	4	3967.0012	-1913.4918
16	5	3964.7349	-1915.3523
16	6	3962.2273	-1917.7982
16	7	3971.1013	-1906.0635
16	8	3959.0613	-1919.0231
16	9	3956.1968	-1920.8348
16	10	3976.0325	-1899.4747
16	11	3952.677	-1921.1816
16	12	3977.8533	-1897.1252
16	13	3979.1804	-1894.9652
16	14	3982.6057	-1890.6667
16	15	3984.1157	-1887.963
16	16	3987.1077	-1883.7094
16	18	3932.773	-1919.4747
16	19	3993.5784	-1874.8386
16	20	3996.2883	-1870.0737
16	21	3981.8193	-1866.0529
16	22	3922.6274	-1906.4167
16	23	3983.646	-1864.3435
16	24	3998.0654	-1868.1227
16	27	4001.9858	-1864.3607
16	30	3908.9817	-1910.4158
16	31	3905.889	-1911.3384
16	81	3923.2927	-1920.2441
16	100	3988.6802	-1881.6105
16	101	3943.582	-1920.6355
16	102	3926.524	-1919.9321
17	1	3974.6887	-1946.2012
17	2	3960.7285	-1950.1392
17	3	3973.564	-1923.5763
17	4	3967.0012	-1913.4918
17	5	3964.7349	-1915.3523
17	6	3962.2273	-1917.7982
17	7	3971.1013	-1906.0635
17	8	3959.0613	-1919.0231
17	9	3956.1968	-1920.8348
17	10	3976.0325	-1899.4747
17	11	3952.677	-1921.1816
17	12	3977.8533	-1897.1252
17	13	3979.1804	-1894.9652
17	14	3982.6057	-1890.6667
17	15	3984.1157	-1887.963
17	16	3987.1077	-1883.7094
17	18	3932.773	-1919.4747
17	19	3993.5784	-1874.8386
17	20	3996.2883	-1870.0737
17	21	3981.8193	-1866.0529
17	22	3922.6274	-1906.4167
17	23	3983.646	-1864.3435
17	24	3998.0654	-1868.1227
17	27	4001.9858	-1864.3607
17	30	3908.9817	-1910.4158
17	31	3905.889	-1911.3384
17	81	3923.2927	-1920.2441
17	101	3943.534	-1920.9106
18	1	3974.4072	-1945.641
18	2	3960.8005	-1950.0376
18	3	3973.2253	-1923.951
18	4	3967.0012	-1913.4918
18	5	3964.7349	-1915.3523
18	6	3962.2273	-1917.7982
18	7	3971.1013	-1906.0635
18	8	3959.0613	-1919.0231
18	9	3956.1968	-1920.8348
18	10	3976.0325	-1899.4747
18	11	3952.677	-1921.1816
18	12	3977.8533	-1897.1252
18	13	3979.1804	-1894.9652
18	14	3982.6057	-1890.6667
18	15	3984.1157	-1887.963
18	16	3987.1077	-1883.7094
18	18	3932.773	-1919.4747
18	19	3993.5784	-1874.8386
18	20	3996.2883	-1870.0737
18	21	3981.8193	-1866.0529
18	22	3922.6274	-1906.4167
18	23	3983.646	-1864.3435
18	24	3998.0654	-1868.1227
18	27	4001.9858	-1864.3607
18	31	3905.889	-1911.3384
18	35	3938.3484	-1919.936
19	1	3974.1223	-1945.1122
19	2	3960.875	-1949.9443
19	3	3972.889	-1924.3109
19	4	3967.0012	-1913.4918
19	5	3964.7349	-1915.3523
19	6	3962.2273	-1917.7982
19	7	3971.1013	-1906.0635
19	8	3959.0613	-1919.0231
19	9	3956.1968	-1920.8348
19	10	3976.0325	-1899.4747
19	11	3952.677	-1921.1816
19	12	3977.8533	-1897.1252
19	13	3979.1804	-1894.9652
19	14	3982.6057	-1890.6667
19	15	3984.1157	-1887.963
19	16	3987.1077	-1883.7094
19	19	3993.5784	-1874.8386
19	20	3996.2883	-1870.0737
19	21	3981.8193	-1866.0529
19	22	3922.6274	-1906.4167
19	23	3983.646	-1864.3435
19	24	3998.0654	-1868.1227
19	27	4001.9858	-1864.3607
19	31	3905.889	-1911.3384
19	33	3910.3154	-1926.9467
20	1	3973.7844	-1944.5603
20	2	3960.9446	-1949.8336
20	3	3972.561	-1924.6606
20	4	3967.0012	-1913.4918
20	5	3964.7349	-1915.3523
20	6	3962.2273	-1917.7982
20	7	3971.1013	-1906.0635
20	8	3959.0613	-1919.0231
20	9	3956.1968	-1920.8348
20	10	3976.0325	-1899.4747
20	12	3977.8533	-1897.1252
20	13	3979.1804	-1894.9652
20	14	3982.6057	-1890.6667
20	15	3984.1157	-1887.963
20	16	3987.1077	-1883.7094
20	19	3993.5784	-1874.8386
20	20	3996.2883	-1870.0737
20	21	3981.8193	-1866.0529
20	22	3922.6274	-1906.4167
20	23	3983.646	-1864.3435
20	24	3998.0654	-1868.1227
20	27	4001.9858	-1864.3607
20	54	3960.1504	-1899.8904
21	1	3973.4434	-1944.0469
21	2	3961.0117	-1949.7509
21	3	3972.2312	-1924.9957
21	4	3967.0012	-1913.4918
21	5	3964.7349	-1915.3523
21	6	3962.2273	-1917.7982
21	7	3971.1013	-1906.0635
21	8	3959.0613	-1919.0231
21	9	3956.1968	-1920.8348
21	10	3976.0325	-1899.4747
21	12	3977.8533	-1897.1252
21	13	3979.1804	-1894.9652
21	14	3982.6057	-1890.6667
21	15	3984.1157	-1887.963
21	16	3987.1077	-1883.7094
21	19	3993.5784	-1874.8386
21	20	3996.2883	-1870.0737
21	21	3981.8193	-1866.0529
21	22	3922.6274	-1906.4167
21	23	3983.646	-1864.3435
21	24	3998.0654	-1868.1227
21	27	4001.9858	-1864.3607
21	32	3943.533	-1920.841
21	34	3913.21	-1924.9657
21	41	3915.7651	-1922.885
21	54	3960.1504	-1899.8904
22	1	3973.0513	-1943.5267
22	2	3961.076	-1949.6597
22	3	3971.9036	-1925.3219
22	4	3967.0012	-1913.4918
22	5	3964.7349	-1915.3523
22	6	3962.2273	-1917.7982
22	7	3971.1013	-1906.0635
22	8	3959.0613	-1919.0231
22	9	3956.1968	-1920.8348
22	10	3976.0325	-1899.4747
22	12	3977.8533	-1897.1252
22	13	3979.1804	-1894.9652
22	14	3982.6057	-1890.6667
22	15	3984.1157	-1887.963
22	16	3987.1077	-1883.7094
22	19	3993.5784	-1874.8386
22	20	3996.2883	-1870.0737
22	21	3981.8193	-1866.0529
22	22	3922.6274	-1906.4167
22	23	3983.646	-1864.3435
22	24	3998.0654	-1868.1227
22	27	4001.9858	-1864.3607
22	54	3960.1504	-1899.8904
23	1	3972.6545	-1943.0331
23	2	3961.1433	-1949.5652
23	3	3971.583	-1925.6376
23	4	3967.0012	-1913.4918
23	5	3964.7349	-1915.3523
23	6	3962.2273	-1917.7982
23	7	3971.1013	-1906.0635
23	8	3959.0613	-1919.0231
23	9	3956.1968	-1920.8348
23	10	3976.0325	-1899.4747
23	12	3977.8533	-1897.1252
23	13	3979.1804	-1894.9652
23	14	3982.6057	-1890.6667
23	15	3984.1157	-1887.963
23	16	3987.1077	-1883.7094
23	19	3993.5784	-1874.8386
23	20	3996.2883	-1870.0737
23	21	3981.8193	-1866.0529
23	23	3983.646	-1864.3435
23	27	4001.9858	-1864.3607
23	32	3943.533	-1920.841
23	33	3910.3154	-1926.9467
23	36	3932.7493	-1919.5887
23	37	3926.5579	-1919.998
23	38	3923.3022	-1920.2311
23	54	3960.1504	-1899.8904
24	1	3972.2131	-1942.5428
24	2	3961.2083	-1949.478
24	3	3971.2642	-1925.9388
24	4	3967.0012	-1913.4918
24	5	3964.7349	-1915.3523
24	6	3962.2273	-1917.7982
24	7	3971.1013	-1906.0635
24	8	3959.0613	-1919.0231
24	9	3956.1968	-1920.8348
24	10	3976.0325	-1899.4747
24	12	3977.8533	-1897.1252
24	13	3979.1804	-1894.9652
24	14	3982.6057	-1890.6667
24	15	3984.1157	-1887.963
24	16	3987.1077	-1883.7094
24	19	3993.5784	-1874.8386
24	21	3981.8193	-1866.0529
24	23	3983.646	-1864.3435
24	24	3998.0654	-1868.1227
24	27	4001.9858	-1864.3607
24	32	3943.533	-1920.841
24	33	3910.3154	-1926.9467
24	34	3913.21	-1924.9657
24	35	3938.3484	-1919.936
24	36	3932.7493	-1919.5887
24	37	3926.5579	-1919.998
24	38	3923.3022	-1920.2311
24	39	3949.5593	-1921.1152
24	45	3920.9543	-1921.6099
24	54	3960.1504	-1899.8904
25	1	3971.7715	-1942.0872
25	2	3961.2783	-1949.4033
25	3	3970.9502	-1926.2279
25	4	3967.0012	-1913.4918
25	5	3964.7349	-1915.3523
25	6	3962.2273	-1917.7982
25	7	3971.1013	-1906.0635
25	8	3959.0613	-1919.0231
25	9	3956.1968	-1920.8348
25	10	3976.0325	-1899.4747
25	12	3977.8533	-1897.1252
25	13	3979.1804	-1894.9652
25	14	3982.6057	-1890.6667
25	15	3984.1157	-1887.963
25	16	3987.1077	-1883.7094
25	19	3993.5784	-1874.8386
25	21	3981.8193	-1866.0529
25	23	3983.646	-1864.3435
25	24	3998.0654	-1868.1227
25	27	4001.9858	-1864.3607
25	32	3943.533	-1920.841
25	33	3910.3154	-1926.9467
25	34	3913.21	-1924.9657
25	35	3938.3484	-1919.936
25	36	3932.7493	-1919.5887
25	37	3926.5579	-1919.998
25	38	3923.3022	-1920.2311
25	39	3949.5593	-1921.1152
25	40	3952.6326	-1921.2518
25	54	3960.1504	-1899.8904
25	77	3929.0815	-1919.3871
26	1	3971.2957	-1941.6348
26	2	3961.3447	-1949.3207
26	3	3970.641	-1926.5024
26	4	3967.0012	-1913.4918
26	5	3964.7349	-1915.3523
26	6	3962.2273	-1917.7982
26	7	3971.1013	-1906.0635
26	8	3959.0613	-1919.0231
26	10	3976.0325	-1899.4747
26	12	3977.8533	-1897.1252
26	13	3979.1804	-1894.9652
26	14	3982.6057	-1890.6667
26	15	3984.1157	-1887.963
26	16	3987.1077	-1883.7094
26	19	3993.5784	-1874.8386
26	20	3996.2883	-1870.0737
26	21	3981.8193	-1866.0529
26	23	3983.646	-1864.3435
26	24	3998.0654	-1868.1227
26	27	4001.9858	-1864.3607
26	32	3943.533	-1920.841
26	33	3910.3154	-1926.9467
26	34	3913.21	-1924.9657
26	35	3938.3484	-1919.936
26	36	3932.7493	-1919.5887
26	37	3926.5579	-1919.998
26	38	3923.3022	-1920.2311
26	39	3949.5593	-1921.1152
26	40	3952.6326	-1921.2518
26	54	3960.1504	-1899.8904
26	77	3929.0815	-1919.3871
27	1	3970.778	-1941.2078
27	2	3961.418	-1949.239
27	3	3970.3381	-1926.7684
27	4	3967.0012	-1913.4918
27	5	3964.7349	-1915.3523
27	6	3962.2273	-1917.7982
27	7	3971.1013	-1906.0635
27	8	3959.0613	-1919.0231
27	9	3956.1968	-1920.8348
27	10	3976.0325	-1899.4747
27	12	3977.8533	-1897.1252
27	13	3979.1804	-1894.9652
27	14	3982.6057	-1890.6667
27	15	3984.1157	-1887.963
27	16	3987.1077	-1883.7094
27	19	3993.5784	-1874.8386
27	21	3981.8193	-1866.0529
27	23	3983.646	-1864.3435
27	24	3998.0654	-1868.1227
27	27	4001.9858	-1864.3607
27	32	3943.533	-1920.841
27	33	3910.3154	-1926.9467
27	34	3913.21	-1924.9657
27	35	3938.3484	-1919.936
27	36	3932.7493	-1919.5887
27	37	3926.5579	-1919.998
27	38	3923.3022	-1920.2311
27	39	3949.5593	-1921.1152
27	40	3952.6326	-1921.2518
27	54	3960.1504	-1899.8904
27	63	3967.2356	-1910.1866
27	77	3929.0815	-1919.3871
28	1	3970.2485	-1940.7936
28	2	3961.4797	-1949.1577
28	3	3970.0386	-1927.0205
28	4	3967.0012	-1913.4918
28	5	3964.7349	-1915.3523
28	6	3962.2273	-1917.7982
28	7	3971.1013	-1906.0635
28	8	3959.0613	-1919.0231
28	9	3956.1968	-1920.8348
28	10	3976.0325	-1899.4747
28	12	3977.8533	-1897.1252
28	13	3979.1804	-1894.9652
28	14	3982.6057	-1890.6667
28	15	3984.1157	-1887.963
28	16	3987.1077	-1883.7094
28	19	3993.5784	-1874.8386
28	21	3981.8193	-1866.0529
28	23	3983.646	-1864.3435
28	24	3998.0654	-1868.1227
28	27	4001.9858	-1864.3607
28	32	3943.533	-1920.841
28	33	3910.3154	-1926.9467
28	34	3913.21	-1924.9657
28	35	3938.3484	-1919.936
28	36	3932.7493	-1919.5887
28	37	3926.5579	-1919.998
28	38	3923.3022	-1920.2311
28	39	3949.5593	-1921.1152
28	40	3952.6326	-1921.2518
28	41	3915.7651	-1922.885
28	54	3960.1504	-1899.8904
28	63	3967.2356	-1910.1866
28	77	3929.0815	-1919.3871
29	1	3969.7017	-1940.4261
29	2	3961.5476	-1949.0831
29	3	3969.7444	-1927.2616
29	4	3967.0012	-1913.4918
29	5	3964.7349	-1915.3523
29	6	3962.2273	-1917.7982
29	7	3971.1013	-1906.0635
29	8	3959.0613	-1919.0231
29	9	3956.1968	-1920.8348
29	10	3976.0325	-1899.4747
29	12	3977.8533	-1897.1252
29	13	3979.1804	-1894.9652
29	14	3982.6057	-1890.6667
29	15	3984.1157	-1887.963
29	16	3987.1077	-1883.7094
29	19	3993.5784	-1874.8386
29	21	3981.8193	-1866.0529
29	23	3983.646	-1864.3435
29	32	3943.533	-1920.841
29	33	3910.3154	-1926.9467
29	34	3913.21	-1924.9657
29	35	3938.3484	-1919.936
29	36	3932.7493	-1919.5887
29	37	3926.5579	-1919.998
29	38	3923.3022	-1920.2311
29	39	3949.5593	-1921.1152
29	40	3952.6326	-1921.2518
29	41	3915.7651	-1922.885
29	54	3960.1504	-1899.8904
29	63	3967.2356	-1910.1866
29	74	3917.3242	-1907.4845
29	77	3929.0815	-1919.3871
30	1	3969.1333	-1940.0582
30	2	3961.6177	-1949.0082
30	3	3969.4514	-1927.4924
30	4	3967.0012	-1913.4918
30	5	3964.7349	-1915.3523
30	6	3962.2273	-1917.7982
30	7	3971.1013	-1906.0635
30	8	3959.0613	-1919.0231
30	10	3976.0325	-1899.4747
30	12	3977.8533	-1897.1252
30	13	3979.1804	-1894.9652
30	14	3982.6057	-1890.6667
30	15	3984.1157	-1887.963
30	16	3987.1077	-1883.7094
30	21	3981.8193	-1866.0529
30	23	3983.646	-1864.3435
30	27	4001.9858	-1864.3607
30	32	3943.533	-1920.841
30	33	3910.3154	-1926.9467
30	34	3913.21	-1924.9657
30	35	3938.3484	-1919.936
30	36	3932.7493	-1919.5887
30	37	3926.5579	-1919.998
30	38	3923.3022	-1920.2311
30	39	3949.5593	-1921.1152
30	40	3952.6326	-1921.2518
30	41	3915.7651	-1922.885
30	42	3956.13	-1920.7784
30	44	3918.1309	-1921.7617
30	54	3960.1504	-1899.8904
30	55	3993.4946	-1874.7063
30	63	3967.2356	-1910.1866
30	70	3920.0044	-1907.133
30	74	3917.3242	-1907.4845
31	1	3968.5425	-1939.717
31	2	3961.685	-1948.935
31	3	3969.1658	-1927.716
31	4	3967.0012	-1913.4918
31	5	3964.7349	-1915.3523
31	6	3962.2273	-1917.7982
31	7	3971.1013	-1906.0635
31	8	3959.0613	-1919.0231
31	10	3976.0325	-1899.4747
31	12	3977.8533	-1897.1252
31	13	3979.1804	-1894.9652
31	14	3982.6057	-1890.6667
31	15	3984.1157	-1887.963
31	16	3987.1077	-1883.7094
31	21	3981.8193	-1866.0529
31	23	3983.646	-1864.3435
31	27	4001.9858	-1864.3607
31	32	3943.533	-1920.841
31	33	3910.3154	-1926.9467
31	34	3913.21	-1924.9657
31	35	3938.3484	-1919.936
31	36	3932.7493	-1919.5887
31	37	3926.5579	-1919.998
31	38	3923.3022	-1920.2311
31	39	3949.5593	-1921.1152
31	40	3952.6326	-1921.2518
31	41	3915.7651	-1922.885
31	42	3956.13	-1920.7784
31	43	3922.6238	-1906.4535
31	54	3960.1504	-1899.8904
31	55	3993.4946	-1874.7063
31	63	3967.2356	-1910.1866
32	1	3967.9365	-1939.3948
32	2	3961.7527	-1948.8597
32	3	3968.8848	-1927.9283
32	4	3967.0012	-1913.4918
32	5	3964.7349	-1915.3523
32	6	3962.2273	-1917.7982
32	7	3971.1013	-1906.0635
32	8	3959.0613	-1919.0231
32	10	3976.0325	-1899.4747
32	12	3977.8533	-1897.1252
32	13	3979.1804	-1894.9652
32	14	3982.6057	-1890.6667
32	15	3984.1157	-1887.963
32	16	3987.1077	-1883.7094
32	21	3981.8193	-1866.0529
32	23	3983.646	-1864.3435
32	27	4001.9858	-1864.3607
32	32	3943.533	-1920.841
32	33	3910.3154	-1926.9467
32	34	3913.21	-1924.9657
32	35	3938.3484	-1919.936
32	36	3932.7493	-1919.5887
32	37	3926.5579	-1919.998
32	38	3923.3022	-1920.2311
32	39	3949.5593	-1921.1152
32	40	3952.6326	-1921.2518
32	41	3915.7651	-1922.885
32	42	3956.13	-1920.7784
32	43	3922.6238	-1906.4535
32	44	3918.1309	-1921.7617
32	54	3960.1504	-1899.8904
32	55	3993.4946	-1874.7063
32	63	3967.2356	-1910.1866
32	74	3917.3242	-1907.4845
32	77	3929.0815	-1919.3871
33	1	3967.3276	-1939.0939
33	2	3961.8198	-1948.7882
33	3	3968.6045	-1928.1337
33	4	3967.0012	-1913.4918
33	5	3964.7349	-1915.3523
33	6	3962.2273	-1917.7982
33	7	3971.1013	-1906.0635
33	8	3959.0613	-1919.0231
33	10	3976.0325	-1899.4747
33	12	3977.8533	-1897.1252
33	13	3979.1804	-1894.9652
33	14	3982.6057	-1890.6667
33	15	3984.1157	-1887.963
33	16	3987.1077	-1883.7094
33	21	3981.8193	-1866.0529
33	23	3983.646	-1864.3435
33	32	3943.533	-1920.841
33	33	3910.3154	-1926.9467
33	34	3913.21	-1924.9657
33	35	3938.3484	-1919.936
33	36	3932.7493	-1919.5887
33	37	3926.5579	-1919.998
33	38	3923.3022	-1920.2311
33	39	3949.5593	-1921.1152
33	40	3952.6326	-1921.2518
33	41	3915.7651	-1922.885
33	42	3956.13	-1920.7784
33	43	3922.6238	-1906.4535
33	44	3918.1309	-1921.7617
33	54	3960.1504	-1899.8904
33	55	3993.4946	-1874.7063
33	63	3967.2356	-1910.1866
33	70	3920.0044	-1907.133
33	74	3917.3242	-1907.4845
33	77	3929.0815	-1919.3871
34	1	3966.7036	-1938.8043
34	2	3961.8801	-1948.7273
34	3	3968.3254	-1928.3325
34	4	3967.0012	-1913.4918
34	5	3964.7349	-1915.3523
34	6	3962.2273	-1917.7982
34	7	3971.1013	-1906.0635
34	10	3976.0325	-1899.4747
34	12	3977.8533	-1897.1252
34	13	3979.1804	-1894.9652
34	14	3982.6057	-1890.6667
34	15	3984.1157	-1887.963
34	16	3987.1077	-1883.7094
34	21	3981.8193	-1866.0529
34	23	3983.646	-1864.3435
34	32	3943.533	-1920.841
34	33	3910.3154	-1926.9467
34	34	3913.21	-1924.9657
34	35	3938.3484	-1919.936
34	36	3932.7493	-1919.5887
34	37	3926.5579	-1919.998
34	38	3923.3022	-1920.2311
34	39	3949.5593	-1921.1152
34	40	3952.6326	-1921.2518
34	41	3915.7651	-1922.885
34	42	3956.13	-1920.7784
34	43	3922.6238	-1906.4535
34	44	3918.1309	-1921.7617
34	45	3920.9543	-1921.6099
34	54	3960.1504	-1899.8904
34	55	3993.4946	-1874.7063
34	63	3967.2356	-1910.1866
34	70	3920.0044	-1907.133
34	74	3917.3242	-1907.4845
34	77	3929.0815	-1919.3871
35	1	3966.0552	-1938.5308
35	2	3961.9426	-1948.6683
35	3	3968.0496	-1928.5262
35	4	3967.0012	-1913.4918
35	5	3964.7349	-1915.3523
35	6	3962.2273	-1917.7982
35	7	3971.1013	-1906.0635
35	10	3976.0325	-1899.4747
35	12	3977.8533	-1897.1252
35	13	3979.1804	-1894.9652
35	14	3982.6057	-1890.6667
35	15	3984.1157	-1887.963
35	16	3987.1077	-1883.7094
35	21	3981.8193	-1866.0529
35	23	3983.646	-1864.3435
35	32	3943.533	-1920.841
35	33	3910.3154	-1926.9467
35	34	3913.21	-1924.9657
35	35	3938.3484	-1919.936
35	36	3932.7493	-1919.5887
35	37	3926.5579	-1919.998
35	38	3923.3022	-1920.2311
35	39	3949.5593	-1921.1152
35	40	3952.6326	-1921.2518
35	41	3915.7651	-1922.885
35	42	3956.13	-1920.7784
35	43	3922.6238	-1906.4535
35	44	3918.1309	-1921.7617
35	45	3920.9543	-1921.6099
35	54	3960.1504	-1899.8904
35	55	3993.4946	-1874.7063
35	63	3967.2356	-1910.1866
35	70	3920.0044	-1907.133
35	74	3917.3242	-1907.4845
35	77	3929.0815	-1919.3871
36	1	3965.4336	-1938.276
36	2	3961.996	-1948.632
36	3	3967.7744	-1928.7123
36	4	3967.0012	-1913.4918
36	5	3964.7349	-1915.3523
36	6	3962.2273	-1917.7982
36	7	3971.1013	-1906.0635
36	10	3976.0325	-1899.4747
36	12	3977.8533	-1897.1252
36	13	3979.1804	-1894.9652
36	14	3982.6057	-1890.6667
36	15	3984.1157	-1887.963
36	16	3987.1077	-1883.7094
36	21	3981.8193	-1866.0529
36	23	3983.646	-1864.3435
36	32	3943.533	-1920.841
36	33	3910.3154	-1926.9467
36	34	3913.21	-1924.9657
36	35	3938.3484	-1919.936
36	36	3932.7493	-1919.5887
36	37	3926.5579	-1919.998
36	38	3923.3022	-1920.2311
36	39	3949.5593	-1921.1152
36	40	3952.6326	-1921.2518
36	41	3915.7651	-1922.885
36	42	3956.13	-1920.7784
36	43	3922.6238	-1906.4535
36	44	3918.1309	-1921.7617
36	45	3920.9543	-1921.6099
36	54	3960.1504	-1899.8904
36	55	3993.4946	-1874.7063
36	63	3967.2356	-1910.1866
36	70	3920.0044	-1907.133
36	74	3917.3242	-1907.4845
36	77	3929.0815	-1919.3871
37	1	3964.7551	-1937.9974
37	2	3962.0425	-1948.5826
37	3	3967.4998	-1928.8933
37	4	3967.0012	-1913.4918
37	5	3964.7349	-1915.3523
37	6	3962.2273	-1917.7982
37	7	3971.1013	-1906.0635
37	10	3976.0325	-1899.4747
37	12	3977.8533	-1897.1252
37	13	3979.1804	-1894.9652
37	14	3982.6057	-1890.6667
37	15	3984.1157	-1887.963
37	16	3987.1077	-1883.7094
37	21	3981.8193	-1866.0529
37	23	3983.646	-1864.3435
37	32	3943.533	-1920.841
37	33	3910.3154	-1926.9467
37	34	3913.21	-1924.9657
37	35	3938.3484	-1919.936
37	36	3932.7493	-1919.5887
37	37	3926.5579	-1919.998
37	38	3923.3022	-1920.2311
37	39	3949.5593	-1921.1152
37	40	3952.6326	-1921.2518
37	41	3915.7651	-1922.885
37	42	3956.13	-1920.7784
37	43	3922.6238	-1906.4535
37	44	3918.1309	-1921.7617
37	45	3920.9543	-1921.6099
37	54	3960.1504	-1899.8904
37	55	3993.4946	-1874.7063
37	63	3967.2356	-1910.1866
37	70	3920.0044	-1907.133
37	77	3929.0815	-1919.3871
38	1	3964.102	-1937.7374
38	2	3962.074	-1948.5475
38	3	3967.2236	-1929.0696
38	4	3967.0012	-1913.4918
38	5	3964.7349	-1915.3523
38	6	3962.2273	-1917.7982
38	7	3971.1013	-1906.0635
38	10	3976.0325	-1899.4747
38	12	3977.8533	-1897.1252
38	13	3979.1804	-1894.9652
38	14	3982.6057	-1890.6667
38	15	3984.1157	-1887.963
38	16	3987.1077	-1883.7094
38	21	3981.8193	-1866.0529
38	23	3983.646	-1864.3435
38	32	3943.533	-1920.841
38	33	3910.3154	-1926.9467
38	34	3913.21	-1924.9657
38	35	3938.3484	-1919.936
38	36	3932.7493	-1919.5887
38	37	3926.5579	-1919.998
38	38	3923.3022	-1920.2311
38	39	3949.5593	-1921.1152
38	40	3952.6326	-1921.2518
38	41	3915.7651	-1922.885
38	42	3956.13	-1920.7784
38	43	3922.6238	-1906.4535
38	44	3918.1309	-1921.7617
38	45	3920.9543	-1921.6099
38	54	3960.1504	-1899.8904
38	55	3993.4946	-1874.7063
38	63	3967.2356	-1910.1866
38	70	3920.0044	-1907.133
38	77	3929.0815	-1919.3871
39	1	3963.4697	-1937.4911
39	2	3962.1233	-1948.508
39	3	3966.9478	-1929.24
39	4	3967.0012	-1913.4918
39	5	3964.7349	-1915.3523
39	6	3962.2273	-1917.7982
39	7	3971.1013	-1906.0635
39	10	3976.0325	-1899.4747
39	12	3977.8533	-1897.1252
39	13	3979.1804	-1894.9652
39	14	3982.6057	-1890.6667
39	15	3984.1157	-1887.963
39	16	3987.1077	-1883.7094
39	21	3981.8193	-1866.0529
39	23	3983.646	-1864.3435
39	32	3943.533	-1920.841
39	33	3910.3154	-1926.9467
39	34	3913.21	-1924.9657
39	35	3938.3484	-1919.936
39	36	3932.7493	-1919.5887
39	37	3926.5579	-1919.998
39	38	3923.3022	-1920.2311
39	39	3949.5593	-1921.1152
39	40	3952.6326	-1921.2518
39	41	3915.7651	-1922.885
39	42	3956.13	-1920.7784
39	43	3922.6238	-1906.4535
39	44	3918.1309	-1921.7617
39	45	3920.9543	-1921.6099
39	46	3902.183	-1934.5382
39	54	3960.1504	-1899.8904
39	55	3993.4946	-1874.7063
39	63	3967.2356	-1910.1866
39	77	3929.0815	-1919.3871
40	1	3962.8196	-1937.2557
40	2	3962.147	-1948.4622
40	3	3966.669	-1929.409
40	4	3967.0012	-1913.4918
40	5	3964.7349	-1915.3523
40	6	3962.2273	-1917.7982
40	7	3971.1013	-1906.0635
40	10	3976.0325	-1899.4747
40	12	3977.8533	-1897.1252
40	13	3979.1804	-1894.9652
40	14	3982.6057	-1890.6667
40	15	3984.1157	-1887.963
40	16	3987.1077	-1883.7094
40	21	3981.8193	-1866.0529
40	23	3983.646	-1864.3435
40	32	3943.533	-1920.841
40	33	3910.3154	-1926.9467
40	34	3913.21	-1924.9657
40	35	3938.3484	-1919.936
40	36	3932.7493	-1919.5887
40	37	3926.5579	-1919.998
40	38	3923.3022	-1920.2311
40	39	3949.5593	-1921.1152
40	40	3952.6326	-1921.2518
40	41	3915.7651	-1922.885
40	42	3956.13	-1920.7784
40	43	3922.6238	-1906.4535
40	44	3918.1309	-1921.7617
40	45	3920.9543	-1921.6099
40	46	3902.183	-1934.5382
40	54	3960.1504	-1899.8904
40	55	3993.4946	-1874.7063
40	63	3967.2356	-1910.1866
40	74	3917.3242	-1907.4845
40	77	3929.0815	-1919.3871
41	1	3962.1501	-1937.0106
41	2	3962.1934	-1948.4363
41	3	3966.386	-1929.5751
41	4	3967.0012	-1913.4918
41	5	3964.7349	-1915.3523
41	6	3962.2273	-1917.7982
41	7	3971.1013	-1906.0635
41	10	3976.0325	-1899.4747
41	12	3977.8533	-1897.1252
41	13	3979.1804	-1894.9652
41	14	3982.6057	-1890.6667
41	15	3984.1157	-1887.963
41	16	3987.1077	-1883.7094
41	21	3981.8193	-1866.0529
41	23	3983.646	-1864.3435
41	32	3943.533	-1920.841
41	33	3910.3154	-1926.9467
41	34	3913.21	-1924.9657
41	35	3938.3484	-1919.936
41	36	3932.7493	-1919.5887
41	37	3926.5579	-1919.998
41	38	3923.3022	-1920.2311
41	39	3949.5593	-1921.1152
41	40	3952.6326	-1921.2518
41	41	3915.7651	-1922.885
41	42	3956.13	-1920.7784
41	43	3922.6238	-1906.4535
41	44	3918.1309	-1921.7617
41	45	3920.9543	-1921.6099
41	46	3902.183	-1934.5382
41	54	3960.1504	-1899.8904
41	55	3993.4946	-1874.7063
41	63	3967.2356	-1910.1866
41	70	3920.0044	-1907.133
41	74	3917.3242	-1907.4845
41	77	3929.0815	-1919.3871
42	1	3961.479	-1936.7764
42	2	3962.205	-1948.3864
42	3	3966.0994	-1929.7389
42	4	3967.0012	-1913.4918
42	5	3964.7349	-1915.3523
42	6	3962.2273	-1917.7982
42	7	3971.1013	-1906.0635
42	10	3976.0325	-1899.4747
42	12	3977.8533	-1897.1252
42	13	3979.1804	-1894.9652
42	14	3982.6057	-1890.6667
42	15	3984.1157	-1887.963
42	16	3987.1077	-1883.7094
42	21	3981.8193	-1866.0529
42	23	3983.646	-1864.3435
42	32	3943.533	-1920.841
42	33	3910.3154	-1926.9467
42	34	3913.21	-1924.9657
42	35	3938.3484	-1919.936
42	36	3932.7493	-1919.5887
42	37	3926.5579	-1919.998
42	38	3923.3022	-1920.2311
42	39	3949.5593	-1921.1152
42	40	3952.6326	-1921.2518
42	41	3915.7651	-1922.885
42	42	3956.13	-1920.7784
42	43	3922.6238	-1906.4535
42	44	3918.1309	-1921.7617
42	45	3920.9543	-1921.6099
42	46	3902.183	-1934.5382
42	54	3960.1504	-1899.8904
42	55	3993.4946	-1874.7063
42	63	3967.2356	-1910.1866
42	70	3920.0044	-1907.133
42	74	3917.3242	-1907.4845
42	77	3929.0815	-1919.3871
43	1	3960.8176	-1936.551
43	2	3962.2031	-1948.3364
43	3	3965.8083	-1929.8994
43	4	3967.0012	-1913.4918
43	5	3964.7349	-1915.3523
43	6	3962.2273	-1917.7982
43	7	3971.1013	-1906.0635
43	10	3976.0325	-1899.4747
43	12	3977.8533	-1897.1252
43	13	3979.1804	-1894.9652
43	14	3982.6057	-1890.6667
43	15	3984.1157	-1887.963
43	16	3987.1077	-1883.7094
43	21	3981.8193	-1866.0529
43	23	3983.646	-1864.3435
43	32	3943.533	-1920.841
43	33	3910.3154	-1926.9467
43	34	3913.21	-1924.9657
43	35	3938.3484	-1919.936
43	36	3932.7493	-1919.5887
43	37	3926.5579	-1919.998
43	38	3923.3022	-1920.2311
43	39	3949.5593	-1921.1152
43	40	3952.6326	-1921.2518
43	41	3915.7651	-1922.885
43	42	3956.13	-1920.7784
43	43	3922.6238	-1906.4535
43	44	3918.1309	-1921.7617
43	45	3920.9543	-1921.6099
43	46	3902.183	-1934.5382
43	54	3960.1504	-1899.8904
43	55	3993.4946	-1874.7063
43	63	3967.2356	-1910.1866
43	70	3920.0044	-1907.133
43	74	3917.3242	-1907.4845
43	77	3929.0815	-1919.3871
44	1	3960.125	-1936.3297
44	2	3962.23	-1948.2844
44	3	3965.5125	-1930.0574
44	4	3967.0012	-1913.4918
44	5	3964.7349	-1915.3523
44	6	3962.2273	-1917.7982
44	7	3971.1013	-1906.0635
44	10	3976.0325	-1899.4747
44	12	3977.8533	-1897.1252
44	13	3979.1804	-1894.9652
44	14	3982.6057	-1890.6667
44	15	3984.1157	-1887.963
44	16	3987.1077	-1883.7094
44	21	3981.8193	-1866.0529
44	23	3983.646	-1864.3435
44	32	3943.533	-1920.841
44	33	3910.3154	-1926.9467
44	34	3913.21	-1924.9657
44	35	3938.3484	-1919.936
44	36	3932.7493	-1919.5887
44	37	3926.5579	-1919.998
44	38	3923.3022	-1920.2311
44	39	3949.5593	-1921.1152
44	40	3952.6326	-1921.2518
44	41	3915.7651	-1922.885
44	42	3956.13	-1920.7784
44	43	3922.6238	-1906.4535
44	44	3918.1309	-1921.7617
44	45	3920.9543	-1921.6099
44	46	3902.183	-1934.5382
44	47	3888.762	-1926.4551
44	54	3960.1504	-1899.8904
44	55	3993.4946	-1874.7063
44	63	3967.2356	-1910.1866
44	70	3920.0044	-1907.133
44	74	3917.3242	-1907.4845
44	77	3929.0815	-1919.3871
45	1	3959.43	-1936.1025
45	2	3962.2239	-1948.2877
45	3	3965.2122	-1930.2114
45	4	3967.0012	-1913.4918
45	5	3964.7349	-1915.3523
45	6	3962.2273	-1917.7982
45	7	3971.1013	-1906.0635
45	10	3976.0325	-1899.4747
45	12	3977.8533	-1897.1252
45	13	3979.1804	-1894.9652
45	14	3982.6057	-1890.6667
45	15	3984.1157	-1887.963
45	16	3987.1077	-1883.7094
45	21	3981.8193	-1866.0529
45	23	3983.646	-1864.3435
45	32	3943.533	-1920.841
45	33	3910.3154	-1926.9467
45	34	3913.21	-1924.9657
45	35	3938.3484	-1919.936
45	36	3932.7493	-1919.5887
45	37	3926.5579	-1919.998
45	38	3923.3022	-1920.2311
45	39	3949.5593	-1921.1152
45	40	3952.6326	-1921.2518
45	41	3915.7651	-1922.885
45	42	3956.13	-1920.7784
45	43	3922.6238	-1906.4535
45	44	3918.1309	-1921.7617
45	45	3920.9543	-1921.6099
45	46	3902.183	-1934.5382
45	48	3892.8452	-1922.6948
45	54	3960.1504	-1899.8904
45	55	3993.4946	-1874.7063
45	63	3967.2356	-1910.1866
45	70	3920.0044	-1907.133
45	74	3917.3242	-1907.4845
45	77	3929.0815	-1919.3871
46	1	3958.7336	-1935.8853
46	2	3962.234	-1948.2135
46	3	3964.9111	-1930.3627
46	4	3967.0012	-1913.4918
46	5	3964.7349	-1915.3523
46	6	3962.2273	-1917.7982
46	7	3971.1013	-1906.0635
46	10	3976.0325	-1899.4747
46	12	3977.8533	-1897.1252
46	13	3979.1804	-1894.9652
46	14	3982.6057	-1890.6667
46	15	3984.1157	-1887.963
46	16	3987.1077	-1883.7094
46	21	3981.8193	-1866.0529
46	23	3983.646	-1864.3435
46	32	3943.533	-1920.841
46	33	3910.3154	-1926.9467
46	34	3913.21	-1924.9657
46	35	3938.3484	-1919.936
46	36	3932.7493	-1919.5887
46	37	3926.5579	-1919.998
46	38	3923.3022	-1920.2311
46	39	3949.5593	-1921.1152
46	40	3952.6326	-1921.2518
46	41	3915.7651	-1922.885
46	42	3956.13	-1920.7784
46	43	3922.6238	-1906.4535
46	44	3918.1309	-1921.7617
46	45	3920.9543	-1921.6099
46	46	3902.183	-1934.5382
46	47	3888.762	-1926.4551
46	48	3892.8452	-1922.6948
46	54	3960.1504	-1899.8904
46	55	3993.4946	-1874.7063
46	63	3967.2356	-1910.1866
46	70	3920.0044	-1907.133
46	74	3917.3242	-1907.4845
47	1	3958.0295	-1935.6614
47	2	3962.2412	-1948.1967
47	3	3964.6047	-1930.5114
47	4	3967.0012	-1913.4918
47	5	3964.7349	-1915.3523
47	6	3962.2273	-1917.7982
47	7	3971.1013	-1906.0635
47	10	3976.0325	-1899.4747
47	12	3977.8533	-1897.1252
47	13	3979.1804	-1894.9652
47	14	3982.6057	-1890.6667
47	15	3984.1157	-1887.963
47	16	3987.1077	-1883.7094
47	21	3981.8193	-1866.0529
47	23	3983.646	-1864.3435
47	32	3943.533	-1920.841
47	33	3910.3154	-1926.9467
47	34	3913.21	-1924.9657
47	35	3938.3484	-1919.936
47	36	3932.7493	-1919.5887
47	37	3926.5579	-1919.998
47	38	3923.3022	-1920.2311
47	39	3949.5593	-1921.1152
47	40	3952.6326	-1921.2518
47	41	3915.7651	-1922.885
47	42	3956.13	-1920.7784
47	43	3922.6238	-1906.4535
47	44	3918.1309	-1921.7617
47	45	3920.9543	-1921.6099
47	46	3902.183	-1934.5382
47	47	3888.762	-1926.4551
47	54	3960.1504	-1899.8904
47	55	3993.4946	-1874.7063
47	63	3967.2356	-1910.1866
47	70	3920.0044	-1907.133
47	74	3917.3242	-1907.4845
48	1	3957.311	-1935.4402
48	2	3962.254	-1948.1577
48	3	3964.2573	-1930.6724
48	4	3967.0012	-1913.4918
48	5	3964.7349	-1915.3523
48	6	3962.2273	-1917.7982
48	7	3971.1013	-1906.0635
48	10	3976.0325	-1899.4747
48	12	3977.8533	-1897.1252
48	13	3979.1804	-1894.9652
48	14	3982.6057	-1890.6667
48	15	3984.1157	-1887.963
48	16	3987.1077	-1883.7094
48	21	3981.8193	-1866.0529
48	23	3983.646	-1864.3435
48	32	3943.533	-1920.841
48	33	3910.3154	-1926.9467
48	34	3913.21	-1924.9657
48	35	3938.3484	-1919.936
48	36	3932.7493	-1919.5887
48	37	3926.5579	-1919.998
48	38	3923.3022	-1920.2311
48	39	3949.5593	-1921.1152
48	40	3952.6326	-1921.2518
48	41	3915.7651	-1922.885
48	42	3956.13	-1920.7784
48	43	3922.6238	-1906.4535
48	44	3918.1309	-1921.7617
48	45	3920.9543	-1921.6099
48	46	3902.183	-1934.5382
48	47	3888.762	-1926.4551
48	48	3892.8452	-1922.6948
48	49	3929.1646	-1919.3995
48	51	3958.9744	-1918.9377
48	54	3960.1504	-1899.8904
48	55	3993.4946	-1874.7063
48	63	3967.2356	-1910.1866
48	70	3920.0044	-1907.133
48	74	3917.3242	-1907.4845
49	1	3956.607	-1935.2335
49	2	3962.2583	-1948.1173
49	3	3963.9326	-1930.8181
49	4	3967.0012	-1913.4918
49	5	3964.7349	-1915.3523
49	6	3962.2273	-1917.7982
49	7	3971.1013	-1906.0635
49	10	3976.0325	-1899.4747
49	12	3977.8533	-1897.1252
49	13	3979.1804	-1894.9652
49	14	3982.6057	-1890.6667
49	15	3984.1157	-1887.963
49	16	3987.1077	-1883.7094
49	21	3981.8193	-1866.0529
49	23	3983.646	-1864.3435
49	32	3943.533	-1920.841
49	33	3910.3154	-1926.9467
49	34	3913.21	-1924.9657
49	35	3938.3484	-1919.936
49	36	3932.7493	-1919.5887
49	37	3926.5579	-1919.998
49	38	3923.3022	-1920.2311
49	39	3949.5593	-1921.1152
49	40	3952.6326	-1921.2518
49	41	3915.7651	-1922.885
49	42	3956.13	-1920.7784
49	43	3922.6238	-1906.4535
49	44	3918.1309	-1921.7617
49	45	3920.9543	-1921.6099
49	46	3902.183	-1934.5382
49	47	3888.762	-1926.4551
49	48	3892.8452	-1922.6948
49	49	3929.1646	-1919.3995
49	50	3887.2688	-1928.8204
49	51	3958.9744	-1918.9377
49	54	3960.1504	-1899.8904
49	55	3993.4946	-1874.7063
49	63	3967.2356	-1910.1866
49	70	3920.0044	-1907.133
50	1	3955.8918	-1935.0159
50	2	3962.2646	-1948.072
50	3	3963.597	-1930.9608
50	4	3967.0012	-1913.4918
50	5	3964.7349	-1915.3523
50	6	3962.2273	-1917.7982
50	7	3971.1013	-1906.0635
50	10	3976.0325	-1899.4747
50	12	3977.8533	-1897.1252
50	13	3979.1804	-1894.9652
50	14	3982.6057	-1890.6667
50	15	3984.1157	-1887.963
50	16	3987.1077	-1883.7094
50	21	3981.8193	-1866.0529
50	23	3983.646	-1864.3435
50	32	3943.533	-1920.841
50	33	3910.3154	-1926.9467
50	34	3913.21	-1924.9657
50	35	3938.3484	-1919.936
50	36	3932.7493	-1919.5887
50	37	3926.5579	-1919.998
50	38	3923.3022	-1920.2311
50	39	3949.5593	-1921.1152
50	40	3952.6326	-1921.2518
50	41	3915.7651	-1922.885
50	42	3956.13	-1920.7784
50	43	3922.6238	-1906.4535
50	44	3918.1309	-1921.7617
50	45	3920.9543	-1921.6099
50	46	3902.183	-1934.5382
50	47	3888.762	-1926.4551
50	49	3929.1646	-1919.3995
50	50	3887.2688	-1928.8204
50	51	3958.9744	-1918.9377
50	54	3960.1504	-1899.8904
50	55	3993.4946	-1874.7063
50	63	3967.2356	-1910.1866
50	70	3920.0044	-1907.133
51	1	3955.167	-1934.8064
51	2	3962.269	-1948.0435
51	3	3963.2515	-1931.1042
51	4	3967.0012	-1913.4918
51	5	3964.7349	-1915.3523
51	6	3962.2273	-1917.7982
51	7	3971.1013	-1906.0635
51	10	3976.0325	-1899.4747
51	12	3977.8533	-1897.1252
51	13	3979.1804	-1894.9652
51	14	3982.6057	-1890.6667
51	15	3984.1157	-1887.963
51	16	3987.1077	-1883.7094
51	21	3981.8193	-1866.0529
51	23	3983.646	-1864.3435
51	32	3943.533	-1920.841
51	33	3910.3154	-1926.9467
51	34	3913.21	-1924.9657
51	35	3938.3484	-1919.936
51	36	3932.7493	-1919.5887
51	37	3926.5579	-1919.998
51	38	3923.3022	-1920.2311
51	39	3949.5593	-1921.1152
51	40	3952.6326	-1921.2518
51	41	3915.7651	-1922.885
51	42	3956.13	-1920.7784
51	43	3922.6238	-1906.4535
51	44	3918.1309	-1921.7617
51	45	3920.9543	-1921.6099
51	46	3902.183	-1934.5382
51	47	3888.762	-1926.4551
51	48	3892.8452	-1922.6948
51	49	3929.1646	-1919.3995
51	50	3887.2688	-1928.8204
51	51	3958.9744	-1918.9377
51	54	3960.1504	-1899.8904
51	55	3993.4946	-1874.7063
51	63	3967.2356	-1910.1866
51	70	3920.0044	-1907.133
51	74	3917.3242	-1907.4845
52	1	3954.4592	-1934.5918
52	2	3962.284	-1948.0115
52	3	3962.8933	-1931.2435
52	4	3967.0012	-1913.4918
52	5	3964.7349	-1915.3523
52	7	3971.1013	-1906.0635
52	10	3976.0325	-1899.4747
52	12	3977.8533	-1897.1252
52	13	3979.1804	-1894.9652
52	14	3982.6057	-1890.6667
52	15	3984.1157	-1887.963
52	16	3987.1077	-1883.7094
52	21	3981.8193	-1866.0529
52	23	3983.646	-1864.3435
52	32	3943.533	-1920.841
52	33	3910.3154	-1926.9467
52	34	3913.21	-1924.9657
52	35	3938.3484	-1919.936
52	36	3932.7493	-1919.5887
52	37	3926.5579	-1919.998
52	38	3923.3022	-1920.2311
52	39	3949.5593	-1921.1152
52	40	3952.6326	-1921.2518
52	41	3915.7651	-1922.885
52	42	3956.13	-1920.7784
52	43	3922.6238	-1906.4535
52	44	3918.1309	-1921.7617
52	45	3920.9543	-1921.6099
52	46	3902.183	-1934.5382
52	47	3888.762	-1926.4551
52	48	3892.8452	-1922.6948
52	49	3929.1646	-1919.3995
52	50	3887.2688	-1928.8204
52	51	3958.9744	-1918.9377
52	54	3960.1504	-1899.8904
52	55	3993.4946	-1874.7063
52	63	3967.2356	-1910.1866
52	70	3920.0044	-1907.133
53	1	3953.7417	-1934.3842
53	2	3962.2952	-1947.9794
53	3	3962.5205	-1931.3824
53	4	3967.0012	-1913.4918
53	5	3964.7349	-1915.3523
53	7	3971.1013	-1906.0635
53	10	3976.0325	-1899.4747
53	12	3977.8533	-1897.1252
53	13	3979.1804	-1894.9652
53	14	3982.6057	-1890.6667
53	15	3984.1157	-1887.963
53	16	3987.1077	-1883.7094
53	21	3981.8193	-1866.0529
53	23	3983.646	-1864.3435
53	32	3943.533	-1920.841
53	33	3910.3154	-1926.9467
53	34	3913.21	-1924.9657
53	35	3938.3484	-1919.936
53	36	3932.7493	-1919.5887
53	37	3926.5579	-1919.998
53	38	3923.3022	-1920.2311
53	39	3949.5593	-1921.1152
53	40	3952.6326	-1921.2518
53	41	3915.7651	-1922.885
53	42	3956.13	-1920.7784
53	43	3922.6238	-1906.4535
53	44	3918.1309	-1921.7617
53	45	3920.9543	-1921.6099
53	46	3902.183	-1934.5382
53	47	3888.762	-1926.4551
53	48	3892.8452	-1922.6948
53	49	3929.1646	-1919.3995
53	50	3887.2688	-1928.8204
53	51	3958.9744	-1918.9377
53	52	3895.1917	-1947.04
53	53	3885.9978	-1931.8658
53	54	3960.1504	-1899.8904
53	55	3993.4946	-1874.7063
53	59	3914.3137	-1908.2278
53	63	3967.2356	-1910.1866
53	70	3920.0044	-1907.133
53	74	3917.3242	-1907.4845
54	1	3953.0142	-1934.18
54	2	3962.3147	-1947.947
54	3	3962.1313	-1931.5201
54	4	3967.0012	-1913.4918
54	5	3964.7349	-1915.3523
54	7	3971.1013	-1906.0635
54	10	3976.0325	-1899.4747
54	12	3977.8533	-1897.1252
54	13	3979.1804	-1894.9652
54	14	3982.6057	-1890.6667
54	15	3984.1157	-1887.963
54	16	3987.1077	-1883.7094
54	21	3981.8193	-1866.0529
54	23	3983.646	-1864.3435
54	32	3943.533	-1920.841
54	33	3910.3154	-1926.9467
54	34	3913.21	-1924.9657
54	35	3938.3484	-1919.936
54	36	3932.7493	-1919.5887
54	37	3926.5579	-1919.998
54	38	3923.3022	-1920.2311
54	39	3949.5593	-1921.1152
54	40	3952.6326	-1921.2518
54	41	3915.7651	-1922.885
54	42	3956.13	-1920.7784
54	43	3922.6238	-1906.4535
54	44	3918.1309	-1921.7617
54	45	3920.9543	-1921.6099
54	46	3902.183	-1934.5382
54	47	3888.762	-1926.4551
54	48	3892.8452	-1922.6948
54	49	3929.1646	-1919.3995
54	50	3887.2688	-1928.8204
54	51	3958.9744	-1918.9377
54	52	3895.1917	-1947.04
54	53	3885.9978	-1931.8658
54	54	3960.1504	-1899.8904
54	55	3993.4946	-1874.7063
54	59	3914.3137	-1908.2278
54	63	3967.2356	-1910.1866
54	74	3917.3242	-1907.4845
55	1	3952.272	-1933.9745
55	2	3962.328	-1947.9166
55	3	3961.7258	-1931.6556
55	4	3967.0012	-1913.4918
55	5	3964.7349	-1915.3523
55	7	3971.1013	-1906.0635
55	10	3976.0325	-1899.4747
55	12	3977.8533	-1897.1252
55	13	3979.1804	-1894.9652
55	14	3982.6057	-1890.6667
55	15	3984.1157	-1887.963
55	16	3987.1077	-1883.7094
55	21	3981.8193	-1866.0529
55	23	3983.646	-1864.3435
55	32	3943.533	-1920.841
55	33	3910.3154	-1926.9467
55	34	3913.21	-1924.9657
55	35	3938.3484	-1919.936
55	36	3932.7493	-1919.5887
55	37	3926.5579	-1919.998
55	38	3923.3022	-1920.2311
55	39	3949.5593	-1921.1152
55	40	3952.6326	-1921.2518
55	41	3915.7651	-1922.885
55	42	3956.13	-1920.7784
55	43	3922.6238	-1906.4535
55	44	3918.1309	-1921.7617
55	45	3920.9543	-1921.6099
55	46	3902.183	-1934.5382
55	47	3888.762	-1926.4551
55	48	3892.8452	-1922.6948
55	49	3929.1646	-1919.3995
55	50	3887.2688	-1928.8204
55	51	3958.9744	-1918.9377
55	52	3895.1917	-1947.04
55	53	3885.9978	-1931.8658
55	55	3993.4946	-1874.7063
55	59	3914.3137	-1908.2278
55	70	3920.0044	-1907.133
55	74	3917.3242	-1907.4845
56	1	3951.5386	-1933.7747
56	2	3962.342	-1947.8912
56	3	3961.3027	-1931.7875
56	4	3967.0012	-1913.4918
56	5	3964.7349	-1915.3523
56	7	3971.1013	-1906.0635
56	10	3976.0325	-1899.4747
56	12	3977.8533	-1897.1252
56	13	3979.1804	-1894.9652
56	14	3982.6057	-1890.6667
56	15	3984.1157	-1887.963
56	16	3987.1077	-1883.7094
56	21	3981.8193	-1866.0529
56	23	3983.646	-1864.3435
56	32	3943.533	-1920.841
56	33	3910.3154	-1926.9467
56	34	3913.21	-1924.9657
56	35	3938.3484	-1919.936
56	36	3932.7493	-1919.5887
56	37	3926.5579	-1919.998
56	38	3923.3022	-1920.2311
56	39	3949.5593	-1921.1152
56	40	3952.6326	-1921.2518
56	41	3915.7651	-1922.885
56	42	3956.13	-1920.7784
56	43	3922.6238	-1906.4535
56	44	3918.1309	-1921.7617
56	45	3920.9543	-1921.6099
56	46	3902.183	-1934.5382
56	47	3888.762	-1926.4551
56	48	3892.8452	-1922.6948
56	49	3929.1646	-1919.3995
56	50	3887.2688	-1928.8204
56	51	3958.9744	-1918.9377
56	52	3895.1917	-1947.04
56	53	3885.9978	-1931.8658
56	55	3993.4946	-1874.7063
57	1	3950.8132	-1933.5767
57	2	3962.3604	-1947.8666
57	3	3960.8633	-1931.9167
57	4	3967.0012	-1913.4918
57	5	3964.7349	-1915.3523
57	7	3971.1013	-1906.0635
57	10	3976.0325	-1899.4747
57	12	3977.8533	-1897.1252
57	13	3979.1804	-1894.9652
57	14	3982.6057	-1890.6667
57	15	3984.1157	-1887.963
57	16	3987.1077	-1883.7094
57	21	3981.8193	-1866.0529
57	23	3983.646	-1864.3435
57	32	3943.533	-1920.841
57	33	3910.3154	-1926.9467
57	34	3913.21	-1924.9657
57	35	3938.3484	-1919.936
57	36	3932.7493	-1919.5887
57	37	3926.5579	-1919.998
57	38	3923.3022	-1920.2311
57	39	3949.5593	-1921.1152
57	40	3952.6326	-1921.2518
57	41	3915.7651	-1922.885
57	42	3956.13	-1920.7784
57	43	3922.6238	-1906.4535
57	44	3918.1309	-1921.7617
57	45	3920.9543	-1921.6099
57	46	3902.183	-1934.5382
57	47	3888.762	-1926.4551
57	48	3892.8452	-1922.6948
57	49	3929.1646	-1919.3995
57	50	3887.2688	-1928.8204
57	51	3958.9744	-1918.9377
57	52	3895.1917	-1947.04
57	53	3885.9978	-1931.8658
57	55	3993.4946	-1874.7063
57	59	3914.3137	-1908.2278
58	1	3950.0508	-1933.3757
58	2	3962.3704	-1947.8511
58	3	3960.4062	-1932.0397
58	4	3967.0012	-1913.4918
58	5	3964.7349	-1915.3523
58	7	3971.1013	-1906.0635
58	10	3976.0325	-1899.4747
58	12	3977.8533	-1897.1252
58	13	3979.1804	-1894.9652
58	14	3982.6057	-1890.6667
58	15	3984.1157	-1887.963
58	16	3987.1077	-1883.7094
58	23	3983.646	-1864.3435
58	32	3943.533	-1920.841
58	33	3910.3154	-1926.9467
58	34	3913.21	-1924.9657
58	35	3938.3484	-1919.936
58	36	3932.7493	-1919.5887
58	37	3926.5579	-1919.998
58	38	3923.3022	-1920.2311
58	39	3949.5593	-1921.1152
58	40	3952.6326	-1921.2518
58	41	3915.7651	-1922.885
58	42	3956.13	-1920.7784
58	43	3922.6238	-1906.4535
58	44	3918.1309	-1921.7617
58	45	3920.9543	-1921.6099
58	46	3902.183	-1934.5382
58	47	3888.762	-1926.4551
58	48	3892.8452	-1922.6948
58	49	3929.1646	-1919.3995
58	50	3887.2688	-1928.8204
58	51	3958.9744	-1918.9377
58	52	3895.1917	-1947.04
58	53	3885.9978	-1931.8658
58	55	3993.4946	-1874.7063
58	56	3962.1833	-1917.7056
58	57	3898.0164	-1939.057
58	58	3890.891	-1963.611
59	1	3949.3057	-1933.177
59	2	3962.3823	-1947.8331
59	3	3959.9304	-1932.1577
59	4	3967.0012	-1913.4918
59	5	3964.7349	-1915.3523
59	7	3971.1013	-1906.0635
59	10	3976.0325	-1899.4747
59	12	3977.8533	-1897.1252
59	13	3979.1804	-1894.9652
59	14	3982.6057	-1890.6667
59	15	3984.1157	-1887.963
59	16	3987.1077	-1883.7094
59	32	3943.533	-1920.841
59	33	3910.3154	-1926.9467
59	34	3913.21	-1924.9657
59	35	3938.3484	-1919.936
59	36	3932.7493	-1919.5887
59	37	3926.5579	-1919.998
59	38	3923.3022	-1920.2311
59	39	3949.5593	-1921.1152
59	40	3952.6326	-1921.2518
59	41	3915.7651	-1922.885
59	42	3956.13	-1920.7784
59	43	3922.6238	-1906.4535
59	44	3918.1309	-1921.7617
59	45	3920.9543	-1921.6099
59	46	3902.183	-1934.5382
59	47	3888.762	-1926.4551
59	48	3892.8452	-1922.6948
59	49	3929.1646	-1919.3995
59	50	3887.2688	-1928.8204
59	51	3958.9744	-1918.9377
59	52	3895.1917	-1947.04
59	53	3885.9978	-1931.8658
59	55	3993.4946	-1874.7063
59	56	3962.1833	-1917.7056
59	57	3898.0164	-1939.057
59	58	3890.891	-1963.611
59	60	3890.67	-1924.4642
59	70	3920.0044	-1907.133
60	1	3948.4785	-1932.9775
60	2	3962.4019	-1947.807
60	3	3959.436	-1932.2689
60	4	3967.0012	-1913.4918
60	7	3971.1013	-1906.0635
60	10	3976.0325	-1899.4747
60	12	3977.8533	-1897.1252
60	13	3979.1804	-1894.9652
60	14	3982.6057	-1890.6667
60	15	3984.1157	-1887.963
60	16	3987.1077	-1883.7094
60	32	3943.533	-1920.841
60	33	3910.3154	-1926.9467
60	34	3913.21	-1924.9657
60	35	3938.3484	-1919.936
60	36	3932.7493	-1919.5887
60	37	3926.5579	-1919.998
60	38	3923.3022	-1920.2311
60	39	3949.5593	-1921.1152
60	40	3952.6326	-1921.2518
60	41	3915.7651	-1922.885
60	42	3956.13	-1920.7784
60	43	3922.6238	-1906.4535
60	44	3918.1309	-1921.7617
60	45	3920.9543	-1921.6099
60	46	3902.183	-1934.5382
60	47	3888.762	-1926.4551
60	48	3892.8452	-1922.6948
60	49	3929.1646	-1919.3995
60	50	3887.2688	-1928.8204
60	51	3958.9744	-1918.9377
60	52	3895.1917	-1947.04
60	53	3885.9978	-1931.8658
60	55	3993.4946	-1874.7063
60	56	3962.1833	-1917.7056
60	57	3898.0164	-1939.057
60	58	3890.891	-1963.611
61	1	3947.7002	-1932.7856
61	2	3962.4023	-1947.8008
61	3	3958.9233	-1932.3743
61	4	3967.0012	-1913.4918
61	7	3971.1013	-1906.0635
61	10	3976.0325	-1899.4747
61	12	3977.8533	-1897.1252
61	13	3979.1804	-1894.9652
61	14	3982.6057	-1890.6667
61	16	3987.1077	-1883.7094
61	32	3943.533	-1920.841
61	33	3910.3154	-1926.9467
61	34	3913.21	-1924.9657
61	35	3938.3484	-1919.936
61	36	3932.7493	-1919.5887
61	37	3926.5579	-1919.998
61	38	3923.3022	-1920.2311
61	39	3949.5593	-1921.1152
61	40	3952.6326	-1921.2518
61	41	3915.7651	-1922.885
61	42	3956.13	-1920.7784
61	43	3922.6238	-1906.4535
61	44	3918.1309	-1921.7617
61	45	3920.9543	-1921.6099
61	46	3902.183	-1934.5382
61	47	3888.762	-1926.4551
61	48	3892.8452	-1922.6948
61	49	3929.1646	-1919.3995
61	50	3887.2688	-1928.8204
61	51	3958.9744	-1918.9377
61	52	3895.1917	-1947.04
61	53	3885.9978	-1931.8658
61	55	3993.4946	-1874.7063
61	56	3962.1833	-1917.7056
61	57	3898.0164	-1939.057
61	58	3890.891	-1963.611
62	1	3946.9167	-1932.6075
62	2	3962.399	-1947.7975
62	3	3958.3923	-1932.4703
62	4	3967.0012	-1913.4918
62	7	3971.1013	-1906.0635
62	10	3976.0325	-1899.4747
62	12	3977.8533	-1897.1252
62	13	3979.1804	-1894.9652
62	14	3982.6057	-1890.6667
62	16	3987.1077	-1883.7094
62	32	3943.533	-1920.841
62	33	3910.3154	-1926.9467
62	34	3913.21	-1924.9657
62	35	3938.3484	-1919.936
62	36	3932.7493	-1919.5887
62	37	3926.5579	-1919.998
62	38	3923.3022	-1920.2311
62	39	3949.5593	-1921.1152
62	40	3952.6326	-1921.2518
62	41	3915.7651	-1922.885
62	42	3956.13	-1920.7784
62	43	3922.6238	-1906.4535
62	44	3918.1309	-1921.7617
62	45	3920.9543	-1921.6099
62	46	3902.183	-1934.5382
62	47	3888.762	-1926.4551
62	48	3892.8452	-1922.6948
62	49	3929.1646	-1919.3995
62	50	3887.2688	-1928.8204
62	51	3958.9744	-1918.9377
62	52	3895.1917	-1947.04
62	53	3885.9978	-1931.8658
62	55	3993.4946	-1874.7063
62	56	3962.1833	-1917.7056
62	57	3898.0164	-1939.057
62	58	3890.891	-1963.611
63	1	3946.1199	-1932.4258
63	2	3962.404	-1947.7816
63	3	3957.8438	-1932.5577
63	10	3976.0325	-1899.4747
63	12	3977.8533	-1897.1252
63	13	3979.1804	-1894.9652
63	14	3982.6057	-1890.6667
63	16	3987.1077	-1883.7094
63	32	3943.533	-1920.841
63	33	3910.3154	-1926.9467
63	34	3913.21	-1924.9657
63	35	3938.3484	-1919.936
63	36	3932.7493	-1919.5887
63	37	3926.5579	-1919.998
63	38	3923.3022	-1920.2311
63	39	3949.5593	-1921.1152
63	40	3952.6326	-1921.2518
63	41	3915.7651	-1922.885
63	42	3956.13	-1920.7784
63	43	3922.6238	-1906.4535
63	44	3918.1309	-1921.7617
63	45	3920.9543	-1921.6099
63	46	3902.183	-1934.5382
63	47	3888.762	-1926.4551
63	48	3892.8452	-1922.6948
63	49	3929.1646	-1919.3995
63	50	3887.2688	-1928.8204
63	51	3958.9744	-1918.9377
63	52	3895.1917	-1947.04
63	53	3885.9978	-1931.8658
63	55	3993.4946	-1874.7063
63	56	3962.1833	-1917.7056
63	57	3898.0164	-1939.057
63	58	3890.891	-1963.611
63	59	3914.3137	-1908.2278
63	60	3890.67	-1924.4642
63	61	3890.8699	-1966.58
63	62	3881.8872	-1939.2574
64	1	3945.3274	-1932.2589
64	2	3962.3984	-1947.788
64	3	3957.2778	-1932.6393
64	4	3967.0012	-1913.4918
64	32	3943.533	-1920.841
64	33	3910.3154	-1926.9467
64	34	3913.21	-1924.9657
64	35	3938.3484	-1919.936
64	36	3932.7493	-1919.5887
64	37	3926.5579	-1919.998
64	38	3923.3022	-1920.2311
64	39	3949.5593	-1921.1152
64	40	3952.6326	-1921.2518
64	41	3915.7651	-1922.885
64	42	3956.13	-1920.7784
64	43	3922.6238	-1906.4535
64	44	3918.1309	-1921.7617
64	45	3920.9543	-1921.6099
64	46	3902.183	-1934.5382
64	47	3888.762	-1926.4551
64	48	3892.8452	-1922.6948
64	49	3929.1646	-1919.3995
64	50	3887.2688	-1928.8204
64	51	3958.9744	-1918.9377
64	52	3895.1917	-1947.04
64	53	3885.9978	-1931.8658
64	56	3962.1833	-1917.7056
64	57	3898.0164	-1939.057
64	58	3890.891	-1963.611
64	59	3914.3137	-1908.2278
64	60	3890.67	-1924.4642
64	61	3890.8699	-1966.58
64	62	3881.8872	-1939.2574
64	64	3880.9043	-1941.9252
64	65	3964.6455	-1915.2793
65	1	3944.5356	-1932.1019
65	2	3962.4016	-1947.7651
65	3	3956.693	-1932.7081
65	32	3943.533	-1920.841
65	33	3910.3154	-1926.9467
65	34	3913.21	-1924.9657
65	35	3938.3484	-1919.936
65	36	3932.7493	-1919.5887
65	37	3926.5579	-1919.998
65	38	3923.3022	-1920.2311
65	39	3949.5593	-1921.1152
65	40	3952.6326	-1921.2518
65	41	3915.7651	-1922.885
65	42	3956.13	-1920.7784
65	43	3922.6238	-1906.4535
65	44	3918.1309	-1921.7617
65	45	3920.9543	-1921.6099
65	46	3902.183	-1934.5382
65	47	3888.762	-1926.4551
65	48	3892.8452	-1922.6948
65	49	3929.1646	-1919.3995
65	50	3887.2688	-1928.8204
65	51	3958.9744	-1918.9377
65	52	3895.1917	-1947.04
65	53	3885.9978	-1931.8658
65	56	3962.1833	-1917.7056
65	57	3898.0164	-1939.057
65	58	3890.891	-1963.611
65	59	3914.3137	-1908.2278
65	60	3890.67	-1924.4642
65	61	3890.8699	-1966.58
65	62	3881.8872	-1939.2574
65	64	3880.9043	-1941.9252
65	65	3964.6455	-1915.2793
65	88	3981.7695	-1865.8817
66	1	3943.7634	-1931.9698
66	2	3962.401	-1947.7598
66	3	3956.0913	-1932.7686
66	32	3943.533	-1920.841
66	33	3910.3154	-1926.9467
66	34	3913.21	-1924.9657
66	35	3938.3484	-1919.936
66	36	3932.7493	-1919.5887
66	37	3926.5579	-1919.998
66	38	3923.3022	-1920.2311
66	39	3949.5593	-1921.1152
66	40	3952.6326	-1921.2518
66	41	3915.7651	-1922.885
66	42	3956.13	-1920.7784
66	43	3922.6238	-1906.4535
66	44	3918.1309	-1921.7617
66	45	3920.9543	-1921.6099
66	46	3902.183	-1934.5382
66	47	3888.762	-1926.4551
66	48	3892.8452	-1922.6948
66	49	3929.1646	-1919.3995
66	50	3887.2688	-1928.8204
66	51	3958.9744	-1918.9377
66	52	3895.1917	-1947.04
66	53	3885.9978	-1931.8658
66	56	3962.1833	-1917.7056
66	57	3898.0164	-1939.057
66	58	3890.891	-1963.611
66	59	3914.3137	-1908.2278
66	60	3890.67	-1924.4642
66	61	3890.8699	-1966.58
66	62	3881.8872	-1939.2574
66	64	3880.9043	-1941.9252
66	65	3964.6455	-1915.2793
66	66	3903.7961	-1931.5654
66	88	3981.7695	-1865.8817
67	1	3942.9346	-1931.8492
67	2	3962.3955	-1947.7438
67	3	3955.4714	-1932.8209
67	23	3983.646	-1864.3435
67	32	3943.533	-1920.841
67	33	3910.3154	-1926.9467
67	34	3913.21	-1924.9657
67	35	3938.3484	-1919.936
67	36	3932.7493	-1919.5887
67	37	3926.5579	-1919.998
67	38	3923.3022	-1920.2311
67	39	3949.5593	-1921.1152
67	40	3952.6326	-1921.2518
67	41	3915.7651	-1922.885
67	42	3956.13	-1920.7784
67	43	3922.6238	-1906.4535
67	44	3918.1309	-1921.7617
67	45	3920.9543	-1921.6099
67	46	3902.183	-1934.5382
67	47	3888.762	-1926.4551
67	48	3892.8452	-1922.6948
67	49	3929.1646	-1919.3995
67	50	3887.2688	-1928.8204
67	51	3958.9744	-1918.9377
67	52	3895.1917	-1947.04
67	53	3885.9978	-1931.8658
67	56	3962.1833	-1917.7056
67	57	3898.0164	-1939.057
67	58	3890.891	-1963.611
67	59	3914.3137	-1908.2278
67	60	3890.67	-1924.4642
67	61	3890.8699	-1966.58
67	62	3881.8872	-1939.2574
67	64	3880.9043	-1941.9252
67	65	3964.6455	-1915.2793
67	66	3903.7961	-1931.5654
67	67	3897.493	-1941.8179
67	69	3884.1326	-1933.9567
67	88	3981.7695	-1865.8817
68	1	3942.0837	-1931.7357
68	2	3962.3882	-1947.7285
68	3	3954.8315	-1932.862
68	32	3943.533	-1920.841
68	33	3910.3154	-1926.9467
68	34	3913.21	-1924.9657
68	35	3938.3484	-1919.936
68	36	3932.7493	-1919.5887
68	37	3926.5579	-1919.998
68	38	3923.3022	-1920.2311
68	39	3949.5593	-1921.1152
68	40	3952.6326	-1921.2518
68	41	3915.7651	-1922.885
68	42	3956.13	-1920.7784
68	43	3922.6238	-1906.4535
68	44	3918.1309	-1921.7617
68	45	3920.9543	-1921.6099
68	46	3902.183	-1934.5382
68	47	3888.762	-1926.4551
68	48	3892.8452	-1922.6948
68	49	3929.1646	-1919.3995
68	50	3887.2688	-1928.8204
68	51	3958.9744	-1918.9377
68	52	3895.1917	-1947.04
68	53	3885.9978	-1931.8658
68	56	3962.1833	-1917.7056
68	57	3898.0164	-1939.057
68	58	3890.891	-1963.611
68	59	3914.3137	-1908.2278
68	60	3890.67	-1924.4642
68	61	3890.8699	-1966.58
68	62	3881.8872	-1939.2574
68	64	3880.9043	-1941.9252
68	65	3964.6455	-1915.2793
68	66	3903.7961	-1931.5654
68	67	3897.493	-1941.8179
68	68	3879.5618	-1947.1287
68	69	3884.1326	-1933.9567
68	79	3905.9795	-1911.2767
68	88	3981.7695	-1865.8817
68	99	3983.576	-1864.0332
69	1	3941.241	-1931.6284
69	2	3962.3777	-1947.7064
69	3	3954.1714	-1932.8966
69	32	3943.533	-1920.841
69	33	3910.3154	-1926.9467
69	34	3913.21	-1924.9657
69	35	3938.3484	-1919.936
69	36	3932.7493	-1919.5887
69	37	3926.5579	-1919.998
69	38	3923.3022	-1920.2311
69	39	3949.5593	-1921.1152
69	40	3952.6326	-1921.2518
69	41	3915.7651	-1922.885
69	42	3956.13	-1920.7784
69	43	3922.6238	-1906.4535
69	44	3918.1309	-1921.7617
69	45	3920.9543	-1921.6099
69	46	3902.183	-1934.5382
69	47	3888.762	-1926.4551
69	48	3892.8452	-1922.6948
69	49	3929.1646	-1919.3995
69	50	3887.2688	-1928.8204
69	51	3958.9744	-1918.9377
69	52	3895.1917	-1947.04
69	53	3885.9978	-1931.8658
69	56	3962.1833	-1917.7056
69	57	3898.0164	-1939.057
69	58	3890.891	-1963.611
69	59	3914.3137	-1908.2278
69	60	3890.67	-1924.4642
69	61	3890.8699	-1966.58
69	62	3881.8872	-1939.2574
69	64	3880.9043	-1941.9252
69	65	3964.6455	-1915.2793
69	66	3903.7961	-1931.5654
69	67	3897.493	-1941.8179
69	68	3879.5618	-1947.1287
69	69	3884.1326	-1933.9567
69	72	3975.922	-1899.3395
69	79	3905.9795	-1911.2767
69	86	3920.0432	-1907.1794
69	87	3967.0112	-1913.4841
69	88	3981.7695	-1865.8817
69	99	3983.558	-1864.0968
70	1	3940.3777	-1931.5309
70	2	3962.3672	-1947.693
70	3	3953.4912	-1932.9227
70	12	3977.8533	-1897.1252
70	14	3982.6057	-1890.6667
70	32	3943.533	-1920.841
70	33	3910.3154	-1926.9467
70	34	3913.21	-1924.9657
70	35	3938.3484	-1919.936
70	36	3932.7493	-1919.5887
70	37	3926.5579	-1919.998
70	38	3923.3022	-1920.2311
70	39	3949.5593	-1921.1152
70	40	3952.6326	-1921.2518
70	41	3915.7651	-1922.885
70	42	3956.13	-1920.7784
70	43	3922.6238	-1906.4535
70	44	3918.1309	-1921.7617
70	45	3920.9543	-1921.6099
70	46	3902.183	-1934.5382
70	47	3888.762	-1926.4551
70	48	3892.8452	-1922.6948
70	49	3929.1646	-1919.3995
70	50	3887.2688	-1928.8204
70	51	3958.9744	-1918.9377
70	52	3895.1917	-1947.04
70	53	3885.9978	-1931.8658
70	55	3993.4946	-1874.7063
70	56	3962.1833	-1917.7056
70	57	3898.0164	-1939.057
70	58	3890.891	-1963.611
70	59	3914.3137	-1908.2278
70	60	3890.67	-1924.4642
70	61	3890.8699	-1966.58
70	62	3881.8872	-1939.2574
70	64	3880.9043	-1941.9252
70	65	3964.6455	-1915.2793
70	66	3903.7961	-1931.5654
70	67	3897.493	-1941.8179
70	68	3879.5618	-1947.1287
70	69	3884.1326	-1933.9567
70	71	3883.353	-1936.5918
70	72	3975.922	-1899.3395
70	73	3893.9639	-1949.4407
70	75	3899.6196	-1936.4214
70	80	3986.8967	-1883.3989
70	85	3917.1196	-1907.4913
70	86	3920.0432	-1907.1794
70	87	3967.0112	-1913.4841
70	88	3981.7695	-1865.8817
70	99	3983.6123	-1864.0333
71	1	3939.5427	-1931.4513
71	2	3962.372	-1947.6748
71	3	3952.7927	-1932.9357
71	14	3982.6057	-1890.6667
71	32	3943.533	-1920.841
71	33	3910.3154	-1926.9467
71	34	3913.21	-1924.9657
71	35	3938.3484	-1919.936
71	36	3932.7493	-1919.5887
71	37	3926.5579	-1919.998
71	38	3923.3022	-1920.2311
71	39	3949.5593	-1921.1152
71	40	3952.6326	-1921.2518
71	41	3915.7651	-1922.885
71	42	3956.13	-1920.7784
71	43	3922.6238	-1906.4535
71	44	3918.1309	-1921.7617
71	45	3920.9543	-1921.6099
71	46	3902.183	-1934.5382
71	47	3888.762	-1926.4551
71	48	3892.8452	-1922.6948
71	49	3929.1646	-1919.3995
71	50	3887.2688	-1928.8204
71	51	3958.9744	-1918.9377
71	52	3895.1917	-1947.04
71	53	3885.9978	-1931.8658
71	56	3962.1833	-1917.7056
71	57	3898.0164	-1939.057
71	58	3890.891	-1963.611
71	59	3914.3137	-1908.2278
71	60	3890.67	-1924.4642
71	61	3890.8699	-1966.58
71	62	3881.8872	-1939.2574
71	64	3880.9043	-1941.9252
71	65	3964.6455	-1915.2793
71	66	3903.7961	-1931.5654
71	67	3897.493	-1941.8179
71	68	3879.5618	-1947.1287
71	71	3883.353	-1936.5918
71	72	3975.922	-1899.3395
71	73	3893.9639	-1949.4407
71	75	3899.6196	-1936.4214
71	76	3879.02	-1949.7864
71	80	3986.8967	-1883.3989
71	87	3967.0112	-1913.4841
71	88	3981.7695	-1865.8817
71	99	3983.5676	-1864.0485
72	1	3938.7036	-1931.3885
72	2	3962.3774	-1947.6396
72	3	3952.0762	-1932.9403
72	12	3977.8533	-1897.1252
72	14	3982.6057	-1890.6667
72	32	3943.533	-1920.841
72	33	3910.3154	-1926.9467
72	34	3913.21	-1924.9657
72	35	3938.3484	-1919.936
72	36	3932.7493	-1919.5887
72	37	3926.5579	-1919.998
72	38	3923.3022	-1920.2311
72	39	3949.5593	-1921.1152
72	40	3952.6326	-1921.2518
72	41	3915.7651	-1922.885
72	42	3956.13	-1920.7784
72	43	3922.6238	-1906.4535
72	44	3918.1309	-1921.7617
72	45	3920.9543	-1921.6099
72	46	3902.183	-1934.5382
72	47	3888.762	-1926.4551
72	48	3892.8452	-1922.6948
72	49	3929.1646	-1919.3995
72	50	3887.2688	-1928.8204
72	51	3958.9744	-1918.9377
72	52	3895.1917	-1947.04
72	53	3885.9978	-1931.8658
72	56	3962.1833	-1917.7056
72	57	3898.0164	-1939.057
72	58	3890.891	-1963.611
72	59	3914.3137	-1908.2278
72	60	3890.67	-1924.4642
72	61	3890.8699	-1966.58
72	62	3881.8872	-1939.2574
72	64	3880.9043	-1941.9252
72	65	3964.6455	-1915.2793
72	66	3903.7961	-1931.5654
72	67	3897.493	-1941.8179
72	68	3879.5618	-1947.1287
72	69	3884.1326	-1933.9567
72	71	3883.353	-1936.5918
72	72	3975.922	-1899.3395
72	73	3893.9639	-1949.4407
72	75	3899.6196	-1936.4214
72	76	3879.02	-1949.7864
72	78	3890.8877	-1972.0149
72	80	3986.8967	-1883.3989
72	82	3890.758	-1977.6292
72	87	3967.0112	-1913.4841
72	88	3981.7695	-1865.8817
72	99	3983.5393	-1864.0516
73	1	3937.8594	-1931.3309
73	2	3962.3909	-1947.6044
73	3	3951.344	-1932.9359
73	12	3977.8533	-1897.1252
73	32	3943.533	-1920.841
73	33	3910.3154	-1926.9467
73	34	3913.21	-1924.9657
73	35	3938.3484	-1919.936
73	36	3932.7493	-1919.5887
73	37	3926.5579	-1919.998
73	38	3923.3022	-1920.2311
73	39	3949.5593	-1921.1152
73	40	3952.6326	-1921.2518
73	41	3915.7651	-1922.885
73	42	3956.13	-1920.7784
73	43	3922.6238	-1906.4535
73	44	3918.1309	-1921.7617
73	45	3920.9543	-1921.6099
73	46	3902.183	-1934.5382
73	47	3888.762	-1926.4551
73	48	3892.8452	-1922.6948
73	49	3929.1646	-1919.3995
73	50	3887.2688	-1928.8204
73	51	3958.9744	-1918.9377
73	52	3895.1917	-1947.04
73	53	3885.9978	-1931.8658
73	56	3962.1833	-1917.7056
73	57	3898.0164	-1939.057
73	58	3890.891	-1963.611
73	59	3914.3137	-1908.2278
73	60	3890.67	-1924.4642
73	61	3890.8699	-1966.58
73	62	3881.8872	-1939.2574
73	64	3880.9043	-1941.9252
73	65	3964.6455	-1915.2793
73	66	3903.7961	-1931.5654
73	67	3897.493	-1941.8179
73	68	3879.5618	-1947.1287
73	69	3884.1326	-1933.9567
73	71	3883.353	-1936.5918
73	72	3975.922	-1899.3395
73	73	3893.9639	-1949.4407
73	75	3899.6196	-1936.4214
73	76	3879.02	-1949.7864
73	78	3890.8877	-1972.0149
73	80	3986.8967	-1883.3989
73	82	3890.758	-1977.6292
73	87	3967.0112	-1913.4841
73	88	3981.7695	-1865.8817
73	90	3982.3362	-1890.4436
73	99	3983.5703	-1864.0637
74	1	3937.034	-1931.3046
74	2	3962.3965	-1947.561
74	3	3950.598	-1932.9231
74	32	3943.533	-1920.841
74	33	3910.3154	-1926.9467
74	34	3913.21	-1924.9657
74	35	3938.3484	-1919.936
74	36	3932.7493	-1919.5887
74	37	3926.5579	-1919.998
74	38	3923.3022	-1920.2311
74	39	3949.5593	-1921.1152
74	40	3952.6326	-1921.2518
74	41	3915.7651	-1922.885
74	42	3956.13	-1920.7784
74	43	3922.6238	-1906.4535
74	44	3918.1309	-1921.7617
74	45	3920.9543	-1921.6099
74	46	3902.183	-1934.5382
74	47	3888.762	-1926.4551
74	48	3892.8452	-1922.6948
74	49	3929.1646	-1919.3995
74	50	3887.2688	-1928.8204
74	51	3958.9744	-1918.9377
74	52	3895.1917	-1947.04
74	53	3885.9978	-1931.8658
74	56	3962.1833	-1917.7056
74	57	3898.0164	-1939.057
74	58	3890.891	-1963.611
74	59	3914.3137	-1908.2278
74	60	3890.67	-1924.4642
74	61	3890.8699	-1966.58
74	62	3881.8872	-1939.2574
74	64	3880.9043	-1941.9252
74	65	3964.6455	-1915.2793
74	66	3903.7961	-1931.5654
74	67	3897.493	-1941.8179
74	68	3879.5618	-1947.1287
74	69	3884.1326	-1933.9567
74	71	3883.353	-1936.5918
74	72	3975.922	-1899.3395
74	73	3893.9639	-1949.4407
74	76	3879.02	-1949.7864
74	78	3890.8877	-1972.0149
74	80	3986.8967	-1883.3989
74	83	4002.9822	-1884.6686
74	84	3877.8499	-1957.9661
74	86	3920.0432	-1907.1794
74	87	3967.0112	-1913.4841
74	88	3981.7695	-1865.8817
74	89	3877.681	-1955.3704
74	92	3984.0322	-1887.6703
75	1	3936.188	-1931.2946
75	2	3962.4153	-1947.5468
75	3	3949.8376	-1932.9032
75	32	3943.533	-1920.841
75	33	3910.3154	-1926.9467
75	34	3913.21	-1924.9657
75	35	3938.3484	-1919.936
75	36	3932.7493	-1919.5887
75	37	3926.5579	-1919.998
75	38	3923.3022	-1920.2311
75	39	3949.5593	-1921.1152
75	40	3952.6326	-1921.2518
75	41	3915.7651	-1922.885
75	42	3956.13	-1920.7784
75	43	3922.6238	-1906.4535
75	44	3918.1309	-1921.7617
75	45	3920.9543	-1921.6099
75	46	3902.183	-1934.5382
75	47	3888.762	-1926.4551
75	48	3892.8452	-1922.6948
75	49	3929.1646	-1919.3995
75	50	3887.2688	-1928.8204
75	51	3958.9744	-1918.9377
75	52	3895.1917	-1947.04
75	53	3885.9978	-1931.8658
75	56	3962.1833	-1917.7056
75	57	3898.0164	-1939.057
75	58	3890.891	-1963.611
75	59	3914.3137	-1908.2278
75	60	3890.67	-1924.4642
75	61	3890.8699	-1966.58
75	62	3881.8872	-1939.2574
75	64	3880.9043	-1941.9252
75	65	3964.6455	-1915.2793
75	66	3903.7961	-1931.5654
75	67	3897.493	-1941.8179
75	68	3879.5618	-1947.1287
75	69	3884.1326	-1933.9567
75	71	3883.353	-1936.5918
75	72	3975.922	-1899.3395
75	73	3893.9639	-1949.4407
75	75	3899.6196	-1936.4214
75	76	3879.02	-1949.7864
75	78	3890.8877	-1972.0149
75	79	3905.9795	-1911.2767
75	80	3986.8967	-1883.3989
75	82	3890.758	-1977.6292
75	83	4002.0854	-1885.941
75	84	3877.8499	-1957.9661
75	85	3917.1196	-1907.4913
75	87	3967.0112	-1913.4841
75	88	3981.7695	-1865.8817
75	89	3877.681	-1955.3704
75	90	3982.3362	-1890.4436
75	92	3984.0322	-1887.6703
76	1	3935.338	-1931.3002
76	2	3962.4277	-1947.4642
76	3	3949.067	-1932.8757
76	32	3943.533	-1920.841
76	33	3910.3154	-1926.9467
76	34	3913.21	-1924.9657
76	35	3938.3484	-1919.936
76	36	3932.7493	-1919.5887
76	37	3926.5579	-1919.998
76	38	3923.3022	-1920.2311
76	39	3949.5593	-1921.1152
76	40	3952.6326	-1921.2518
76	41	3915.7651	-1922.885
76	42	3956.13	-1920.7784
76	43	3922.6238	-1906.4535
76	44	3918.1309	-1921.7617
76	45	3920.9543	-1921.6099
76	46	3902.183	-1934.5382
76	47	3888.762	-1926.4551
76	48	3892.8452	-1922.6948
76	49	3929.1646	-1919.3995
76	50	3887.2688	-1928.8204
76	51	3958.9744	-1918.9377
76	52	3895.1917	-1947.04
76	53	3885.9978	-1931.8658
76	56	3962.1833	-1917.7056
76	57	3898.0164	-1939.057
76	58	3890.891	-1963.611
76	59	3914.3137	-1908.2278
76	60	3890.67	-1924.4642
76	61	3890.8699	-1966.58
76	62	3881.8872	-1939.2574
76	64	3880.9043	-1941.9252
76	65	3964.6455	-1915.2793
76	66	3903.7961	-1931.5654
76	67	3897.493	-1941.8179
76	68	3879.5618	-1947.1287
76	69	3884.1326	-1933.9567
76	71	3883.353	-1936.5918
76	72	3975.922	-1899.3395
76	73	3893.9639	-1949.4407
76	75	3899.6196	-1936.4214
76	76	3879.02	-1949.7864
76	78	3890.8877	-1972.0149
76	79	3905.9795	-1911.2767
76	80	3986.8967	-1883.3989
76	82	3890.758	-1977.6292
76	83	4001.247	-1887.1797
76	84	3877.8499	-1957.9661
76	85	3917.1196	-1907.4913
76	87	3967.0112	-1913.4841
76	88	3981.7695	-1865.8817
76	89	3877.681	-1955.3704
76	90	3982.3362	-1890.4436
76	92	3984.0322	-1887.6703
76	95	3878.0415	-1952.3624
77	1	3934.5002	-1931.3402
77	2	3962.4329	-1947.4043
77	3	3948.2886	-1932.8438
77	32	3943.533	-1920.841
77	33	3910.3154	-1926.9467
77	34	3913.21	-1924.9657
77	35	3938.3484	-1919.936
77	36	3932.7493	-1919.5887
77	37	3926.5579	-1919.998
77	38	3923.3022	-1920.2311
77	39	3949.5593	-1921.1152
77	40	3952.6326	-1921.2518
77	41	3915.7651	-1922.885
77	42	3956.13	-1920.7784
77	43	3922.6238	-1906.4535
77	44	3918.1309	-1921.7617
77	45	3920.9543	-1921.6099
77	46	3902.183	-1934.5382
77	47	3888.762	-1926.4551
77	48	3892.8452	-1922.6948
77	49	3929.1646	-1919.3995
77	50	3887.2688	-1928.8204
77	51	3958.9744	-1918.9377
77	52	3895.1917	-1947.04
77	53	3885.9978	-1931.8658
77	56	3962.1833	-1917.7056
77	57	3898.0164	-1939.057
77	58	3890.891	-1963.611
77	59	3914.3137	-1908.2278
77	60	3890.67	-1924.4642
77	61	3890.8699	-1966.58
77	62	3881.8872	-1939.2574
77	64	3880.9043	-1941.9252
77	65	3964.6455	-1915.2793
77	66	3903.7961	-1931.5654
77	67	3897.493	-1941.8179
77	68	3879.5618	-1947.1287
77	69	3884.1326	-1933.9567
77	71	3883.353	-1936.5918
77	72	3975.922	-1899.3395
77	73	3893.9639	-1949.4407
77	75	3899.6196	-1936.4214
77	76	3879.02	-1949.7864
77	78	3890.8877	-1972.0149
77	79	3905.9795	-1911.2767
77	80	3986.8967	-1883.3989
77	83	4000.4182	-1888.3623
77	84	3877.8499	-1957.9661
77	85	3917.1196	-1907.4913
77	87	3967.0112	-1913.4841
77	88	3981.7695	-1865.8817
77	89	3877.681	-1955.3704
77	90	3982.3362	-1890.4436
77	91	3890.5503	-1974.6926
77	92	3984.0322	-1887.6703
77	93	3970.908	-1905.8496
77	95	3878.0415	-1952.3624
78	1	3933.64	-1931.3839
78	2	3962.4482	-1947.3065
78	3	3947.505	-1932.8053
78	32	3943.533	-1920.841
78	33	3910.3154	-1926.9467
78	34	3913.21	-1924.9657
78	35	3938.3484	-1919.936
78	36	3932.7493	-1919.5887
78	37	3926.5579	-1919.998
78	38	3923.3022	-1920.2311
78	39	3949.5593	-1921.1152
78	40	3952.6326	-1921.2518
78	41	3915.7651	-1922.885
78	42	3956.13	-1920.7784
78	43	3922.6238	-1906.4535
78	44	3918.1309	-1921.7617
78	45	3920.9543	-1921.6099
78	46	3902.183	-1934.5382
78	47	3888.762	-1926.4551
78	48	3892.8452	-1922.6948
78	49	3929.1646	-1919.3995
78	50	3887.2688	-1928.8204
78	51	3958.9744	-1918.9377
78	52	3895.1917	-1947.04
78	53	3885.9978	-1931.8658
78	56	3962.1833	-1917.7056
78	57	3898.0164	-1939.057
78	58	3890.891	-1963.611
78	59	3914.3137	-1908.2278
78	60	3890.67	-1924.4642
78	61	3890.8699	-1966.58
78	62	3881.8872	-1939.2574
78	64	3880.9043	-1941.9252
78	65	3964.6455	-1915.2793
78	66	3903.7961	-1931.5654
78	67	3897.493	-1941.8179
78	68	3879.5618	-1947.1287
78	69	3884.1326	-1933.9567
78	71	3883.353	-1936.5918
78	72	3975.922	-1899.3395
78	73	3893.9639	-1949.4407
78	75	3899.6196	-1936.4214
78	76	3879.02	-1949.7864
78	78	3890.8877	-1972.0149
78	79	3905.9795	-1911.2767
78	80	3986.8967	-1883.3989
78	82	3890.758	-1977.6292
78	83	3999.6033	-1889.5201
78	84	3877.8499	-1957.9661
78	85	3917.1196	-1907.4913
78	86	3920.0432	-1907.1794
78	87	3967.0112	-1913.4841
78	88	3981.7695	-1865.8817
78	89	3877.681	-1955.3704
78	90	3982.3362	-1890.4436
78	91	3890.5503	-1974.6926
78	92	3984.0322	-1887.6703
78	93	3970.908	-1905.8496
79	1	3932.8318	-1931.4579
79	2	3962.466	-1947.2258
79	3	3946.7175	-1932.7639
79	32	3943.533	-1920.841
79	33	3910.3154	-1926.9467
79	34	3913.21	-1924.9657
79	35	3938.3484	-1919.936
79	36	3932.7493	-1919.5887
79	37	3926.5579	-1919.998
79	38	3923.3022	-1920.2311
79	39	3949.5593	-1921.1152
79	40	3952.6326	-1921.2518
79	41	3915.7651	-1922.885
79	42	3956.13	-1920.7784
79	43	3922.6238	-1906.4535
79	44	3918.1309	-1921.7617
79	45	3920.9543	-1921.6099
79	46	3902.183	-1934.5382
79	47	3888.762	-1926.4551
79	48	3892.8452	-1922.6948
79	49	3929.1646	-1919.3995
79	50	3887.2688	-1928.8204
79	51	3958.9744	-1918.9377
79	52	3895.1917	-1947.04
79	53	3885.9978	-1931.8658
79	56	3962.1833	-1917.7056
79	57	3898.0164	-1939.057
79	58	3890.891	-1963.611
79	59	3914.3137	-1908.2278
79	60	3890.67	-1924.4642
79	61	3890.8699	-1966.58
79	62	3881.8872	-1939.2574
79	64	3880.9043	-1941.9252
79	65	3964.6455	-1915.2793
79	66	3903.7961	-1931.5654
79	67	3897.493	-1941.8179
79	68	3879.5618	-1947.1287
79	69	3884.1326	-1933.9567
79	71	3883.353	-1936.5918
79	72	3975.922	-1899.3395
79	73	3893.9639	-1949.4407
79	75	3899.6196	-1936.4214
79	76	3879.02	-1949.7864
79	78	3890.8877	-1972.0149
79	79	3905.9795	-1911.2767
79	80	3986.8967	-1883.3989
79	82	3890.758	-1977.6292
79	83	3998.7622	-1890.772
79	84	3877.8499	-1957.9661
79	85	3917.1196	-1907.4913
79	86	3920.0432	-1907.1794
79	87	3967.0112	-1913.4841
79	88	3981.7695	-1865.8817
79	89	3877.681	-1955.3704
79	90	3982.3362	-1890.4436
79	91	3890.5503	-1974.6926
79	92	3984.0322	-1887.6703
79	93	3970.908	-1905.8496
80	1	3932.0015	-1931.5479
80	2	3962.4814	-1947.1531
80	3	3945.927	-1932.719
80	32	3943.533	-1920.841
80	33	3910.3154	-1926.9467
80	34	3913.21	-1924.9657
80	35	3938.3484	-1919.936
80	36	3932.7493	-1919.5887
80	37	3926.5579	-1919.998
80	38	3923.3022	-1920.2311
80	39	3949.5593	-1921.1152
80	40	3952.6326	-1921.2518
80	41	3915.7651	-1922.885
80	42	3956.13	-1920.7784
80	43	3922.6238	-1906.4535
80	44	3918.1309	-1921.7617
80	45	3920.9543	-1921.6099
80	46	3902.183	-1934.5382
80	47	3888.762	-1926.4551
80	48	3892.8452	-1922.6948
80	49	3929.1646	-1919.3995
80	50	3887.2688	-1928.8204
80	51	3958.9744	-1918.9377
80	52	3895.1917	-1947.04
80	53	3885.9978	-1931.8658
80	56	3962.1833	-1917.7056
80	57	3898.0164	-1939.057
80	58	3890.891	-1963.611
80	59	3914.3137	-1908.2278
80	60	3890.67	-1924.4642
80	61	3890.8699	-1966.58
80	62	3881.8872	-1939.2574
80	64	3880.9043	-1941.9252
80	65	3964.6455	-1915.2793
80	66	3903.7961	-1931.5654
80	67	3897.493	-1941.8179
80	68	3879.5618	-1947.1287
80	69	3884.1326	-1933.9567
80	71	3883.353	-1936.5918
80	72	3975.922	-1899.3395
80	73	3893.9639	-1949.4407
80	75	3899.6196	-1936.4214
80	76	3879.02	-1949.7864
80	78	3890.8877	-1972.0149
80	79	3905.9795	-1911.2767
80	80	3986.8967	-1883.3989
80	82	3890.758	-1977.6292
80	83	3997.9736	-1891.908
80	84	3877.8499	-1957.9661
80	85	3917.1196	-1907.4913
80	86	3920.0432	-1907.1794
80	87	3967.0112	-1913.4841
80	89	3877.681	-1955.3704
80	90	3982.3362	-1890.4436
80	91	3890.5503	-1974.6926
80	92	3984.0322	-1887.6703
80	93	3970.908	-1905.8496
80	98	3978.9788	-1894.6268
81	1	3931.1787	-1931.6512
81	2	3962.5051	-1947.0641
81	3	3945.133	-1932.6707
81	32	3943.533	-1920.841
81	33	3910.3154	-1926.9467
81	34	3913.21	-1924.9657
81	35	3938.3484	-1919.936
81	36	3932.7493	-1919.5887
81	37	3926.5579	-1919.998
81	38	3923.3022	-1920.2311
81	39	3949.5593	-1921.1152
81	40	3952.6326	-1921.2518
81	41	3915.7651	-1922.885
81	42	3956.13	-1920.7784
81	43	3922.6238	-1906.4535
81	44	3918.1309	-1921.7617
81	45	3920.9543	-1921.6099
81	46	3902.183	-1934.5382
81	47	3888.762	-1926.4551
81	48	3892.8452	-1922.6948
81	49	3929.1646	-1919.3995
81	50	3887.2688	-1928.8204
81	51	3958.9744	-1918.9377
81	52	3895.1917	-1947.04
81	53	3885.9978	-1931.8658
81	56	3962.1833	-1917.7056
81	57	3898.0164	-1939.057
81	58	3890.891	-1963.611
81	59	3914.3137	-1908.2278
81	60	3890.67	-1924.4642
81	61	3890.8699	-1966.58
81	62	3881.8872	-1939.2574
81	64	3880.9043	-1941.9252
81	65	3964.6455	-1915.2793
81	66	3903.7961	-1931.5654
81	67	3897.493	-1941.8179
81	68	3879.5618	-1947.1287
81	69	3884.1326	-1933.9567
81	71	3883.353	-1936.5918
81	72	3975.922	-1899.3395
81	73	3893.9639	-1949.4407
81	75	3899.6196	-1936.4214
81	76	3879.02	-1949.7864
81	78	3890.8877	-1972.0149
81	79	3905.9795	-1911.2767
81	80	3986.8967	-1883.3989
81	82	3890.758	-1977.6292
81	83	3997.1716	-1893.0948
81	84	3877.8499	-1957.9661
81	85	3917.1196	-1907.4913
81	86	3920.0432	-1907.1794
81	87	3967.0112	-1913.4841
81	89	3877.681	-1955.3704
81	90	3982.3362	-1890.4436
81	91	3890.5503	-1974.6926
81	92	3984.0322	-1887.6703
81	93	3970.908	-1905.8496
82	1	3930.3662	-1931.783
82	2	3962.5288	-1946.9691
82	3	3944.3345	-1932.62
82	32	3943.533	-1920.841
82	33	3910.3154	-1926.9467
82	34	3913.21	-1924.9657
82	35	3938.3484	-1919.936
82	36	3932.7493	-1919.5887
82	37	3926.5579	-1919.998
82	38	3923.3022	-1920.2311
82	39	3949.5593	-1921.1152
82	40	3952.6326	-1921.2518
82	41	3915.7651	-1922.885
82	42	3956.13	-1920.7784
82	43	3922.6238	-1906.4535
82	44	3918.1309	-1921.7617
82	45	3920.9543	-1921.6099
82	46	3902.183	-1934.5382
82	47	3888.762	-1926.4551
82	48	3892.8452	-1922.6948
82	49	3929.1646	-1919.3995
82	50	3887.2688	-1928.8204
82	51	3958.9744	-1918.9377
82	52	3895.1917	-1947.04
82	53	3885.9978	-1931.8658
82	56	3962.1833	-1917.7056
82	57	3898.0164	-1939.057
82	58	3890.891	-1963.611
82	59	3914.3137	-1908.2278
82	60	3890.67	-1924.4642
82	61	3890.8699	-1966.58
82	62	3881.8872	-1939.2574
82	64	3880.9043	-1941.9252
82	65	3964.6455	-1915.2793
82	66	3903.7961	-1931.5654
82	67	3897.493	-1941.8179
82	68	3879.5618	-1947.1287
82	69	3884.1326	-1933.9567
82	71	3883.353	-1936.5918
82	72	3975.922	-1899.3395
82	73	3893.9639	-1949.4407
82	75	3899.6196	-1936.4214
82	76	3879.02	-1949.7864
82	78	3890.8877	-1972.0149
82	79	3905.9795	-1911.2767
82	82	3890.758	-1977.6292
82	83	3996.338	-1894.2803
82	84	3877.8499	-1957.9661
82	85	3917.1196	-1907.4913
82	86	3920.0432	-1907.1794
82	87	3967.0112	-1913.4841
82	89	3877.681	-1955.3704
82	90	3982.3362	-1890.4436
82	91	3890.5503	-1974.6926
82	93	3970.908	-1905.8496
82	96	3876.765	-1968.716
82	98	3978.9788	-1894.6268
83	1	3929.5503	-1931.9333
83	2	3962.5579	-1946.8623
83	3	3943.533	-1932.5717
83	32	3943.533	-1920.841
83	33	3910.3154	-1926.9467
83	34	3913.21	-1924.9657
83	35	3938.3484	-1919.936
83	36	3932.7493	-1919.5887
83	37	3926.5579	-1919.998
83	38	3923.3022	-1920.2311
83	39	3949.5593	-1921.1152
83	40	3952.6326	-1921.2518
83	41	3915.7651	-1922.885
83	42	3956.13	-1920.7784
83	43	3922.6238	-1906.4535
83	44	3918.1309	-1921.7617
83	45	3920.9543	-1921.6099
83	46	3902.183	-1934.5382
83	47	3888.762	-1926.4551
83	48	3892.8452	-1922.6948
83	49	3929.1646	-1919.3995
83	50	3887.2688	-1928.8204
83	51	3958.9744	-1918.9377
83	52	3895.1917	-1947.04
83	53	3885.9978	-1931.8658
83	56	3962.1833	-1917.7056
83	57	3898.0164	-1939.057
83	58	3890.891	-1963.611
83	59	3914.3137	-1908.2278
83	60	3890.67	-1924.4642
83	61	3890.8699	-1966.58
83	62	3881.8872	-1939.2574
83	64	3880.9043	-1941.9252
83	65	3964.6455	-1915.2793
83	66	3903.7961	-1931.5654
83	67	3897.493	-1941.8179
83	68	3879.5618	-1947.1287
83	69	3884.1326	-1933.9567
83	71	3883.353	-1936.5918
83	73	3893.9639	-1949.4407
83	75	3899.6196	-1936.4214
83	76	3879.02	-1949.7864
83	78	3890.8877	-1972.0149
83	79	3905.9795	-1911.2767
83	82	3890.758	-1977.6292
83	83	3995.54	-1895.4235
83	84	3877.8499	-1957.9661
83	85	3917.1196	-1907.4913
83	86	3920.0432	-1907.1794
83	87	3967.0112	-1913.4841
83	89	3877.681	-1955.3704
83	91	3890.5503	-1974.6926
83	96	3876.765	-1968.716
84	1	3928.7349	-1932.0957
84	2	3962.587	-1946.7494
84	3	3942.7314	-1932.5219
84	32	3943.533	-1920.841
84	33	3910.3154	-1926.9467
84	34	3913.21	-1924.9657
84	35	3938.3484	-1919.936
84	36	3932.7493	-1919.5887
84	37	3926.5579	-1919.998
84	38	3923.3022	-1920.2311
84	39	3949.5593	-1921.1152
84	40	3952.6326	-1921.2518
84	41	3915.7651	-1922.885
84	42	3956.13	-1920.7784
84	43	3922.6238	-1906.4535
84	44	3918.1309	-1921.7617
84	45	3920.9543	-1921.6099
84	46	3902.183	-1934.5382
84	47	3888.762	-1926.4551
84	48	3892.8452	-1922.6948
84	49	3929.1646	-1919.3995
84	50	3887.2688	-1928.8204
84	51	3958.9744	-1918.9377
84	52	3895.1917	-1947.04
84	53	3885.9978	-1931.8658
84	56	3962.1833	-1917.7056
84	57	3898.0164	-1939.057
84	58	3890.891	-1963.611
84	59	3914.3137	-1908.2278
84	60	3890.67	-1924.4642
84	61	3890.8699	-1966.58
84	62	3881.8872	-1939.2574
84	64	3880.9043	-1941.9252
84	65	3964.6455	-1915.2793
84	66	3903.7961	-1931.5654
84	67	3897.493	-1941.8179
84	68	3879.5618	-1947.1287
84	69	3884.1326	-1933.9567
84	71	3883.353	-1936.5918
84	72	3975.922	-1899.3395
84	73	3893.9639	-1949.4407
84	75	3899.6196	-1936.4214
84	76	3879.02	-1949.7864
84	78	3890.8877	-1972.0149
84	79	3905.9795	-1911.2767
84	80	3986.8967	-1883.3989
84	82	3890.758	-1977.6292
84	83	3994.7236	-1896.5677
84	84	3877.8499	-1957.9661
84	85	3917.1196	-1907.4913
84	86	3920.0432	-1907.1794
84	89	3877.681	-1955.3704
84	90	3982.3362	-1890.4436
84	91	3890.5503	-1974.6926
84	92	3984.0322	-1887.6703
84	95	3878.0415	-1952.3624
84	96	3876.765	-1968.716
84	98	3978.9788	-1894.6268
84	104	3877.0745	-1960.4856
85	1	3927.9353	-1932.2805
85	2	3962.616	-1946.6373
85	3	3941.9324	-1932.4762
85	32	3943.533	-1920.841
85	33	3910.3154	-1926.9467
85	34	3913.21	-1924.9657
85	35	3938.3484	-1919.936
85	36	3932.7493	-1919.5887
85	37	3926.5579	-1919.998
85	38	3923.3022	-1920.2311
85	39	3949.5593	-1921.1152
85	40	3952.6326	-1921.2518
85	41	3915.7651	-1922.885
85	42	3956.13	-1920.7784
85	43	3922.6238	-1906.4535
85	44	3918.1309	-1921.7617
85	45	3920.9543	-1921.6099
85	46	3902.183	-1934.5382
85	47	3888.762	-1926.4551
85	48	3892.8452	-1922.6948
85	49	3929.1646	-1919.3995
85	50	3887.2688	-1928.8204
85	52	3895.1917	-1947.04
85	53	3885.9978	-1931.8658
85	56	3962.1833	-1917.7056
85	57	3898.0164	-1939.057
85	58	3890.891	-1963.611
85	59	3914.3137	-1908.2278
85	60	3890.67	-1924.4642
85	61	3890.8699	-1966.58
85	62	3881.8872	-1939.2574
85	64	3880.9043	-1941.9252
85	65	3964.6455	-1915.2793
85	66	3903.7961	-1931.5654
85	67	3897.493	-1941.8179
85	68	3879.5618	-1947.1287
85	69	3884.1326	-1933.9567
85	71	3883.353	-1936.5918
85	72	3975.922	-1899.3395
85	73	3893.9639	-1949.4407
85	75	3899.6196	-1936.4214
85	76	3879.02	-1949.7864
85	78	3890.8877	-1972.0149
85	79	3905.9795	-1911.2767
85	80	3986.8967	-1883.3989
85	82	3890.758	-1977.6292
85	83	3993.9153	-1897.7068
85	84	3877.8499	-1957.9661
85	85	3917.1196	-1907.4913
85	86	3920.0432	-1907.1794
85	89	3877.681	-1955.3704
85	90	3982.3362	-1890.4436
85	91	3890.5503	-1974.6926
85	92	3984.0322	-1887.6703
85	93	3970.908	-1905.8496
85	95	3878.0415	-1952.3624
85	96	3876.765	-1968.716
85	98	3978.9788	-1894.6268
85	105	3911.8281	-1908.9485
86	1	3927.143	-1932.4877
86	2	3962.6443	-1946.5283
86	3	3941.1394	-1932.4319
86	32	3943.533	-1920.841
86	33	3910.3154	-1926.9467
86	34	3913.21	-1924.9657
86	35	3938.3484	-1919.936
86	36	3932.7493	-1919.5887
86	37	3926.5579	-1919.998
86	38	3923.3022	-1920.2311
86	39	3949.5593	-1921.1152
86	40	3952.6326	-1921.2518
86	41	3915.7651	-1922.885
86	42	3956.13	-1920.7784
86	43	3922.6238	-1906.4535
86	44	3918.1309	-1921.7617
86	45	3920.9543	-1921.6099
86	46	3902.183	-1934.5382
86	47	3888.762	-1926.4551
86	48	3892.8452	-1922.6948
86	49	3929.1646	-1919.3995
86	50	3887.2688	-1928.8204
86	51	3958.9744	-1918.9377
86	52	3895.1917	-1947.04
86	53	3885.9978	-1931.8658
86	56	3962.1833	-1917.7056
86	57	3898.0164	-1939.057
86	58	3890.891	-1963.611
86	59	3914.3137	-1908.2278
86	60	3890.67	-1924.4642
86	61	3890.8699	-1966.58
86	62	3881.8872	-1939.2574
86	64	3880.9043	-1941.9252
86	65	3964.6455	-1915.2793
86	66	3903.7961	-1931.5654
86	67	3897.493	-1941.8179
86	68	3879.5618	-1947.1287
86	69	3884.1326	-1933.9567
86	71	3883.353	-1936.5918
86	72	3975.922	-1899.3395
86	73	3893.9639	-1949.4407
86	75	3899.6196	-1936.4214
86	76	3879.02	-1949.7864
86	78	3890.8877	-1972.0149
86	79	3905.9795	-1911.2767
86	80	3986.8967	-1883.3989
86	82	3890.758	-1977.6292
86	83	3993.1028	-1898.8428
86	84	3877.8499	-1957.9661
86	85	3917.1196	-1907.4913
86	86	3920.0432	-1907.1794
86	90	3982.3362	-1890.4436
86	91	3890.5503	-1974.6926
86	92	3984.0322	-1887.6703
86	93	3970.908	-1905.8496
86	95	3878.0415	-1952.3624
86	96	3876.765	-1968.716
86	98	3978.9788	-1894.6268
86	103	3876.3591	-1971.6428
86	105	3911.8281	-1908.9485
86	107	3977.87	-1897.0693
87	1	3926.3618	-1932.6975
87	2	3962.6692	-1946.4218
87	3	3940.352	-1932.3917
87	32	3943.533	-1920.841
87	33	3910.3154	-1926.9467
87	34	3913.21	-1924.9657
87	35	3938.3484	-1919.936
87	36	3932.7493	-1919.5887
87	37	3926.5579	-1919.998
87	38	3923.3022	-1920.2311
87	39	3949.5593	-1921.1152
87	40	3952.6326	-1921.2518
87	41	3915.7651	-1922.885
87	42	3956.13	-1920.7784
87	43	3922.6238	-1906.4535
87	44	3918.1309	-1921.7617
87	45	3920.9543	-1921.6099
87	46	3902.183	-1934.5382
87	47	3888.762	-1926.4551
87	48	3892.8452	-1922.6948
87	49	3929.1646	-1919.3995
87	50	3887.2688	-1928.8204
87	51	3958.9744	-1918.9377
87	52	3895.1917	-1947.04
87	53	3885.9978	-1931.8658
87	56	3962.1833	-1917.7056
87	57	3898.0164	-1939.057
87	58	3890.891	-1963.611
87	59	3914.3137	-1908.2278
87	60	3890.67	-1924.4642
87	61	3890.8699	-1966.58
87	62	3881.8872	-1939.2574
87	64	3880.9043	-1941.9252
87	65	3964.6455	-1915.2793
87	66	3903.7961	-1931.5654
87	67	3897.493	-1941.8179
87	68	3879.5618	-1947.1287
87	69	3884.1326	-1933.9567
87	71	3883.353	-1936.5918
87	72	3975.922	-1899.3395
87	73	3893.9639	-1949.4407
87	75	3899.6196	-1936.4214
87	76	3879.02	-1949.7864
87	78	3890.8877	-1972.0149
87	79	3905.9795	-1911.2767
87	80	3986.8967	-1883.3989
87	82	3890.758	-1977.6292
87	83	3992.322	-1899.9884
87	84	3877.8499	-1957.9661
87	85	3917.1196	-1907.4913
87	86	3920.0432	-1907.1794
87	89	3877.681	-1955.3704
87	90	3982.3362	-1890.4436
87	91	3890.5503	-1974.6926
87	92	3984.0322	-1887.6703
87	93	3970.908	-1905.8496
87	95	3878.0415	-1952.3624
87	96	3876.765	-1968.716
87	98	3978.9788	-1894.6268
88	1	3925.5857	-1932.9318
88	2	3962.7007	-1946.3066
88	3	3939.5686	-1932.3567
88	32	3943.533	-1920.841
88	33	3910.3154	-1926.9467
88	34	3913.21	-1924.9657
88	35	3938.3484	-1919.936
88	36	3932.7493	-1919.5887
88	37	3926.5579	-1919.998
88	38	3923.3022	-1920.2311
88	39	3949.5593	-1921.1152
88	40	3952.6326	-1921.2518
88	41	3915.7651	-1922.885
88	42	3956.13	-1920.7784
88	43	3922.6238	-1906.4535
88	44	3918.1309	-1921.7617
88	45	3920.9543	-1921.6099
88	46	3902.183	-1934.5382
88	47	3888.762	-1926.4551
88	48	3892.8452	-1922.6948
88	49	3929.1646	-1919.3995
88	50	3887.2688	-1928.8204
88	52	3895.1917	-1947.04
88	53	3885.9978	-1931.8658
88	56	3962.1833	-1917.7056
88	57	3898.0164	-1939.057
88	58	3890.891	-1963.611
88	59	3914.3137	-1908.2278
88	60	3890.67	-1924.4642
88	61	3890.8699	-1966.58
88	62	3881.8872	-1939.2574
88	64	3880.9043	-1941.9252
88	65	3964.6455	-1915.2793
88	66	3903.7961	-1931.5654
88	67	3897.493	-1941.8179
88	68	3879.5618	-1947.1287
88	69	3884.1326	-1933.9567
88	71	3883.353	-1936.5918
88	72	3975.922	-1899.3395
88	73	3893.9639	-1949.4407
88	75	3899.6196	-1936.4214
88	76	3879.02	-1949.7864
88	78	3890.8877	-1972.0149
88	79	3905.9795	-1911.2767
88	80	3986.8967	-1883.3989
88	82	3890.758	-1977.6292
88	83	3991.5337	-1901.1049
88	84	3877.8499	-1957.9661
88	85	3917.1196	-1907.4913
88	86	3920.0432	-1907.1794
88	90	3982.3362	-1890.4436
88	91	3890.5503	-1974.6926
88	92	3984.0322	-1887.6703
88	93	3970.908	-1905.8496
88	95	3878.0415	-1952.3624
88	96	3876.765	-1968.716
88	98	3978.9788	-1894.6268
88	103	3876.3591	-1971.6428
88	104	3877.0745	-1960.4856
88	105	3911.8281	-1908.9485
88	106	3908.9866	-1910.2848
89	1	3924.7993	-1933.1876
89	2	3962.7217	-1946.2002
89	3	3938.7893	-1932.328
89	32	3943.533	-1920.841
89	33	3910.3154	-1926.9467
89	34	3913.21	-1924.9657
89	35	3938.3484	-1919.936
89	36	3932.7493	-1919.5887
89	37	3926.5579	-1919.998
89	38	3923.3022	-1920.2311
89	39	3949.5593	-1921.1152
89	40	3952.6326	-1921.2518
89	41	3915.7651	-1922.885
89	42	3956.13	-1920.7784
89	43	3922.6238	-1906.4535
89	44	3918.1309	-1921.7617
89	45	3920.9543	-1921.6099
89	46	3902.183	-1934.5382
89	47	3888.762	-1926.4551
89	48	3892.8452	-1922.6948
89	49	3929.1646	-1919.3995
89	50	3887.2688	-1928.8204
89	52	3895.1917	-1947.04
89	53	3885.9978	-1931.8658
89	56	3962.1833	-1917.7056
89	57	3898.0164	-1939.057
89	58	3890.891	-1963.611
89	59	3914.3137	-1908.2278
89	60	3890.67	-1924.4642
89	61	3890.8699	-1966.58
89	62	3881.8872	-1939.2574
89	64	3880.9043	-1941.9252
89	65	3964.6455	-1915.2793
89	66	3903.7961	-1931.5654
89	67	3897.493	-1941.8179
89	68	3879.5618	-1947.1287
89	69	3884.1326	-1933.9567
89	71	3883.353	-1936.5918
89	72	3975.922	-1899.3395
89	73	3893.9639	-1949.4407
89	75	3899.6196	-1936.4214
89	76	3879.02	-1949.7864
89	78	3890.8877	-1972.0149
89	79	3905.9795	-1911.2767
89	80	3986.8967	-1883.3989
89	82	3890.758	-1977.6292
89	83	3990.775	-1902.249
89	84	3877.8499	-1957.9661
89	85	3917.1196	-1907.4913
89	86	3920.0432	-1907.1794
89	89	3877.681	-1955.3704
89	91	3890.5503	-1974.6926
89	92	3984.0322	-1887.6703
89	93	3970.908	-1905.8496
89	95	3878.0415	-1952.3624
89	96	3876.765	-1968.716
89	103	3876.3591	-1971.6428
89	104	3877.0745	-1960.4856
89	105	3911.8281	-1908.9485
89	106	3908.9866	-1910.2848
90	1	3924.019	-1933.4646
90	2	3962.7627	-1946.0765
90	3	3938.0142	-1932.3053
90	32	3943.533	-1920.841
90	33	3910.3154	-1926.9467
90	34	3913.21	-1924.9657
90	35	3938.3484	-1919.936
90	36	3932.7493	-1919.5887
90	37	3926.5579	-1919.998
90	38	3923.3022	-1920.2311
90	39	3949.5593	-1921.1152
90	40	3952.6326	-1921.2518
90	41	3915.7651	-1922.885
90	42	3956.13	-1920.7784
90	43	3922.6238	-1906.4535
90	44	3918.1309	-1921.7617
90	45	3920.9543	-1921.6099
90	46	3902.183	-1934.5382
90	47	3888.762	-1926.4551
90	48	3892.8452	-1922.6948
90	49	3929.1646	-1919.3995
90	50	3887.2688	-1928.8204
90	52	3895.1917	-1947.04
90	53	3885.9978	-1931.8658
90	56	3962.1833	-1917.7056
90	57	3898.0164	-1939.057
90	58	3890.891	-1963.611
90	59	3914.3137	-1908.2278
90	60	3890.67	-1924.4642
90	61	3890.8699	-1966.58
90	62	3881.8872	-1939.2574
90	64	3880.9043	-1941.9252
90	65	3964.6455	-1915.2793
90	66	3903.7961	-1931.5654
90	67	3897.493	-1941.8179
90	68	3879.5618	-1947.1287
90	69	3884.1326	-1933.9567
90	71	3883.353	-1936.5918
90	72	3975.922	-1899.3395
90	73	3893.9639	-1949.4407
90	75	3899.6196	-1936.4214
90	76	3879.02	-1949.7864
90	78	3890.8877	-1972.0149
90	79	3905.9795	-1911.2767
90	82	3890.758	-1977.6292
90	83	3989.9912	-1903.2994
90	84	3877.8499	-1957.9661
90	85	3917.1196	-1907.4913
90	86	3920.0432	-1907.1794
90	87	3967.0112	-1913.4841
90	89	3877.681	-1955.3704
90	90	3982.3362	-1890.4436
90	91	3890.5503	-1974.6926
90	93	3970.908	-1905.8496
90	95	3878.0415	-1952.3624
90	96	3876.765	-1968.716
90	98	3978.9788	-1894.6268
90	103	3876.3591	-1971.6428
90	104	3877.0745	-1960.4856
90	106	3908.9866	-1910.2848
90	107	3977.87	-1897.0693
