0	1	1473.716	-1812.9708
0	2	1466.953	-1808.034
0	3	1492.2181	-1814.5547
0	4	1479.5093	-1805.9009
0	5	1530.013	-1806.5052
0	6	1482.3729	-1791.8259
0	7	1484.9818	-1811.3136
0	8	1489.0394	-1807.0911
0	9	1503.3031	-1815.0472
0	10	1515.3401	-1815.1989
0	11	1484.0975	-1839.235
0	12	1516.378	-1819.1694
0	13	1473.7632	-1789.2554
0	14	1472.0402	-1790.5806
0	15	1455.1564	-1818.541
0	16	1471.378	-1790.0643
0	17	1477.9382	-1781.0817
0	18	1481.916	-1778.8132
0	19	1505.8855	-1780.2458
0	20	1514.3185	-1779.5288
0	21	1519.8315	-1780.0621
0	22	1458.0638	-1803.1954
0	23	1527.8866	-1779.3931
0	24	1533.0807	-1779.467
0	25	1535.9807	-1779.182
0	26	1528.8379	-1768.0685
0	28	1516.9259	-1863.6522
0	29	1532.0662	-1767.6423
0	30	1525.6112	-1863.6415
0	31	1418.2687	-1809.7167
0	32	1458.4635	-1867.1619
0	33	1517.141	-1875.876
0	34	1428.4625	-1803.8611
0	75	1537.9313	-1767.627
0	81	1409.2743	-1803.7092
0	82	1424.6708	-1858.1139
1	1	1474.5485	-1812.874
1	2	1467.138	-1808.0345
1	3	1492.2153	-1814.5574
1	4	1479.7252	-1805.7643
1	5	1529.3162	-1806.604
1	6	1482.674	-1791.8118
1	7	1485.6956	-1811.3047
1	8	1489.015	-1807.0928
1	9	1503.3031	-1815.0472
1	10	1515.3545	-1815.2001
1	11	1484.0953	-1838.6954
1	12	1516.4614	-1819.145
1	13	1473.6752	-1789.2938
1	14	1471.9589	-1790.6526
1	15	1456.0702	-1818.5563
1	16	1471.2858	-1790.0928
1	17	1477.9371	-1781.0815
1	18	1481.9196	-1778.9362
1	19	1505.8855	-1780.2458
1	20	1514.3185	-1779.5288
1	21	1519.8315	-1780.0621
1	22	1456.8201	-1803.1779
1	23	1527.8866	-1779.3931
1	24	1533.0807	-1779.467
1	25	1535.9807	-1779.182
1	26	1528.8379	-1768.0685
1	28	1516.9259	-1863.6522
1	29	1532.0662	-1767.6423
1	30	1525.6112	-1863.6415
1	31	1419.3553	-1809.6542
1	32	1458.4635	-1867.1619
1	33	1517.141	-1875.876
1	34	1427.2234	-1803.8662
1	75	1537.9313	-1767.627
1	79	1544.2596	-1780.3137
1	81	1407.9296	-1803.6499
2	1	1475.3662	-1812.7817
2	2	1467.3187	-1808.0273
2	3	1492.2462	-1814.5632
2	4	1479.9486	-1805.617
2	5	1528.6016	-1806.6923
2	6	1482.9655	-1791.7798
2	7	1486.4032	-1811.2992
2	8	1489.0116	-1807.0922
2	9	1503.3031	-1815.0472
2	10	1515.3329	-1815.1997
2	11	1484.1014	-1838.1772
2	12	1516.5387	-1819.1119
2	13	1473.596	-1789.3362
2	14	1471.8682	-1790.704
2	15	1456.985	-1818.5634
2	16	1471.1997	-1790.1344
2	17	1477.9366	-1781.0771
2	18	1481.9209	-1779.0492
2	19	1505.8855	-1780.2458
2	20	1514.3185	-1779.5288
2	21	1519.8315	-1780.0621
2	22	1455.5735	-1803.1805
2	23	1527.8866	-1779.3931
2	24	1533.0807	-1779.467
2	25	1535.9807	-1779.182
2	26	1528.8379	-1768.0685
2	28	1516.9259	-1863.6522
2	29	1532.0662	-1767.6423
2	30	1525.6112	-1863.6415
2	31	1420.3538	-1809.601
2	32	1458.4635	-1867.1619
2	33	1517.141	-1875.876
2	34	1425.9958	-1803.8579
2	75	1537.9313	-1767.627
2	79	1544.2776	-1780.3085
2	81	1407.5511	-1803.809
3	1	1476.1906	-1812.6875
3	2	1467.5148	-1808.0267
3	3	1492.2682	-1814.5625
3	4	1480.1665	-1805.4675
3	5	1527.9012	-1806.7789
3	6	1483.2634	-1791.7627
3	7	1487.1062	-1811.2931
3	8	1488.9917	-1807.0886
3	9	1503.3031	-1815.0472
3	10	1515.3209	-1815.1992
3	11	1484.102	-1837.698
3	12	1516.6284	-1819.09
3	13	1473.5186	-1789.3826
3	14	1471.7864	-1790.7496
3	15	1457.8882	-1818.5762
3	16	1471.132	-1790.1809
3	17	1477.9375	-1781.0862
3	18	1481.9167	-1779.1285
3	19	1505.8855	-1780.2458
3	20	1514.3185	-1779.5288
3	21	1519.8315	-1780.0621
3	22	1454.3104	-1803.1746
3	23	1527.8866	-1779.3931
3	24	1533.0807	-1779.467
3	25	1535.9807	-1779.182
3	26	1528.8379	-1768.0685
3	28	1516.9259	-1863.6522
3	29	1532.0662	-1767.6423
3	30	1525.6112	-1863.6415
3	31	1421.4003	-1809.5415
3	32	1458.4635	-1867.1619
3	33	1517.141	-1875.876
3	34	1424.7651	-1803.8655
3	79	1544.332	-1780.4305
3	80	1550.3761	-1772.21
4	1	1476.9772	-1812.5994
4	2	1467.7184	-1808.0216
4	3	1492.2974	-1814.5668
4	4	1480.3849	-1805.3065
4	5	1527.2256	-1806.847
4	6	1483.5582	-1791.7104
4	7	1487.8038	-1811.2875
4	8	1488.9785	-1807.0863
4	9	1503.3031	-1815.0472
4	10	1515.3164	-1815.1969
4	11	1484.1034	-1837.2256
4	12	1516.73	-1819.075
4	13	1473.4257	-1789.444
4	14	1471.6974	-1790.787
4	15	1458.7651	-1818.588
4	16	1471.043	-1790.2123
4	17	1477.9352	-1781.0808
4	18	1481.9062	-1779.2018
4	19	1505.8855	-1780.2458
4	20	1514.3185	-1779.5288
4	21	1519.8315	-1780.0621
4	22	1453.0614	-1803.1733
4	23	1527.8866	-1779.3931
4	24	1533.0807	-1779.467
4	25	1535.9807	-1779.182
4	26	1528.8379	-1768.0685
4	28	1516.9259	-1863.6522
4	29	1532.0662	-1767.6423
4	30	1525.6112	-1863.6415
4	31	1422.4058	-1809.4908
4	32	1458.4635	-1867.1619
4	33	1517.141	-1875.876
4	34	1423.5319	-1803.8654
4	79	1544.3171	-1780.2245
4	80	1550.3154	-1771.8912
5	1	1477.7477	-1812.5121
5	2	1467.9171	-1808.0157
5	3	1492.3184	-1814.5726
5	4	1480.5927	-1805.1365
5	5	1526.5225	-1806.9172
5	6	1483.8539	-1791.6996
5	7	1488.4973	-1811.2816
5	8	1488.9624	-1807.086
5	9	1503.3031	-1815.0472
5	10	1515.3378	-1815.1951
5	11	1484.1091	-1836.7911
5	12	1516.8182	-1819.0658
5	13	1473.3429	-1789.4938
5	14	1471.6229	-1790.8438
5	15	1459.6364	-1818.6023
5	16	1470.9836	-1790.2479
5	17	1477.9369	-1781.0656
5	18	1481.9016	-1779.2672
5	19	1505.8855	-1780.2458
5	20	1514.3185	-1779.5288
5	21	1519.8315	-1780.0621
5	22	1451.8053	-1803.17
5	23	1527.8866	-1779.3931
5	24	1533.0807	-1779.467
5	25	1535.9807	-1779.182
5	26	1528.8379	-1768.0685
5	28	1516.9259	-1863.6522
5	29	1532.0662	-1767.6423
5	30	1525.6112	-1863.6415
5	31	1423.4059	-1809.442
5	32	1458.4635	-1867.1619
5	33	1517.141	-1875.876
5	34	1422.2894	-1803.872
5	75	1537.9313	-1767.627
5	79	1544.4138	-1780.1364
5	80	1550.1398	-1771.5933
6	1	1478.4906	-1812.432
6	2	1468.1403	-1808.0073
6	3	1492.3296	-1814.5779
6	4	1480.8081	-1804.9667
6	5	1525.8351	-1806.9703
6	6	1484.182	-1791.6453
6	7	1489.1877	-1811.2788
6	8	1488.9297	-1807.1005
6	9	1503.3031	-1815.0472
6	10	1515.3148	-1815.1974
6	11	1484.1093	-1836.3655
6	12	1516.9056	-1819.0426
6	13	1473.2612	-1789.5515
6	14	1471.5325	-1790.9071
6	15	1460.5004	-1818.611
6	16	1470.9381	-1790.2653
6	17	1477.9333	-1781.0714
6	18	1481.8975	-1779.298
6	19	1505.8855	-1780.2458
6	20	1514.3185	-1779.5288
6	21	1519.8315	-1780.0621
6	22	1450.5546	-1803.1646
6	23	1527.8866	-1779.3931
6	24	1533.0807	-1779.467
6	25	1535.9807	-1779.182
6	26	1528.8379	-1768.0685
6	28	1516.9259	-1863.6522
6	29	1532.0662	-1767.6423
6	30	1525.6112	-1863.6415
6	31	1424.4058	-1809.3939
6	32	1458.4635	-1867.1619
6	33	1517.141	-1875.876
6	34	1421.092	-1803.9011
6	75	1537.9313	-1767.627
6	80	1550.0549	-1771.2068
7	1	1479.1862	-1812.351
7	2	1468.3639	-1808.0059
7	3	1492.3384	-1814.5778
7	4	1481.0265	-1804.7887
7	5	1525.0952	-1807.027
7	6	1484.4819	-1791.6122
7	7	1489.876	-1811.2753
7	8	1488.911	-1807.1089
7	9	1503.3031	-1815.0472
7	10	1515.286	-1815.199
7	11	1484.1129	-1835.9893
7	12	1516.9835	-1819.006
7	13	1473.1781	-1789.6053
7	14	1471.4432	-1790.9758
7	15	1461.3646	-1818.6232
7	16	1470.8868	-1790.2811
7	17	1477.9357	-1781.0706
7	18	1481.9001	-1779.3467
7	19	1505.8855	-1780.2458
7	20	1514.3185	-1779.5288
7	21	1519.8315	-1780.0621
7	22	1449.3025	-1803.1663
7	23	1527.8866	-1779.3931
7	24	1533.0807	-1779.467
7	25	1535.9807	-1779.182
7	26	1528.8379	-1768.0685
7	27	1526.7775	-1765.7719
7	28	1516.9259	-1863.6522
7	29	1532.0662	-1767.6423
7	30	1525.6112	-1863.6415
7	31	1425.415	-1809.3474
7	32	1458.4635	-1867.1619
7	33	1517.141	-1875.876
7	34	1419.8219	-1803.9042
7	75	1537.9313	-1767.627
7	80	1549.9819	-1770.6096
8	1	1479.8894	-1812.274
8	2	1468.5951	-1807.9944
8	3	1492.349	-1814.5756
8	4	1481.2383	-1804.6072
8	5	1524.4136	-1807.0586
8	6	1484.7954	-1791.5782
8	7	1490.563	-1811.2728
8	8	1488.8855	-1807.1129
8	9	1503.3031	-1815.0472
8	10	1515.2814	-1815.2039
8	11	1484.1206	-1835.6237
8	12	1517.0748	-1818.9972
8	13	1473.1029	-1789.6599
8	14	1471.351	-1791.0289
8	15	1462.2147	-1818.6482
8	16	1470.8329	-1790.289
8	17	1477.9312	-1781.0729
8	18	1481.8958	-1779.3605
8	19	1505.8855	-1780.2458
8	20	1514.3185	-1779.5288
8	21	1519.8315	-1780.0621
8	22	1448.0441	-1803.1688
8	23	1527.8866	-1779.3931
8	24	1533.0807	-1779.467
8	25	1535.9807	-1779.182
8	26	1528.8379	-1768.0685
8	27	1526.7227	-1765.6943
8	28	1516.9259	-1863.6522
8	29	1532.0662	-1767.6423
8	30	1525.6112	-1863.6415
8	31	1426.3615	-1809.3137
8	32	1458.4635	-1867.1619
8	33	1517.141	-1875.876
8	34	1418.6165	-1803.8638
9	1	1480.5327	-1812.2029
9	2	1468.8339	-1807.9845
9	3	1492.3524	-1814.5911
9	4	1481.4489	-1804.413
9	5	1523.7185	-1807.0946
9	6	1485.1101	-1791.5552
9	7	1491.2506	-1811.2727
9	8	1488.8807	-1807.1194
9	9	1503.3031	-1815.0472
9	10	1515.2643	-1815.1982
9	11	1484.1232	-1835.294
9	12	1517.1576	-1818.9817
9	13	1473.0114	-1789.7207
9	14	1471.2726	-1791.0905
9	15	1463.0338	-1818.6719
9	16	1470.7515	-1790.3479
9	17	1477.9308	-1781.075
9	18	1481.8988	-1779.3854
9	19	1505.8855	-1780.2458
9	20	1514.3185	-1779.5288
9	21	1519.8315	-1780.0621
9	22	1446.8173	-1803.1652
9	23	1527.8866	-1779.3931
9	24	1533.0807	-1779.467
9	25	1535.9807	-1779.182
9	26	1528.8379	-1768.0685
9	27	1526.6732	-1765.6279
9	28	1516.9259	-1863.6522
9	29	1532.0662	-1767.6423
9	30	1525.6112	-1863.6415
9	31	1427.3273	-1809.2864
9	32	1458.4635	-1867.1619
9	33	1517.141	-1875.876
9	34	1417.4381	-1803.8699
9	75	1537.9313	-1767.627
10	1	1481.2229	-1812.1262
10	2	1469.0809	-1807.9778
10	3	1492.3662	-1814.6035
10	4	1481.6561	-1804.2151
10	5	1523.0336	-1807.1211
10	6	1485.4617	-1791.5387
10	7	1491.9397	-1811.2745
10	8	1488.8756	-1807.1257
10	9	1503.3031	-1815.0472
10	10	1515.2668	-1815.1951
10	11	1484.1298	-1834.9751
10	12	1517.2517	-1818.968
10	13	1472.932	-1789.8007
10	14	1471.1913	-1791.167
10	15	1463.8467	-1818.7068
10	16	1470.6538	-1790.3612
10	17	1477.9291	-1781.0791
10	18	1481.8971	-1779.3999
10	19	1505.8855	-1780.2458
10	20	1514.3185	-1779.5288
10	21	1519.8315	-1780.0621
10	22	1445.5386	-1803.1669
10	23	1527.8866	-1779.3931
10	24	1533.0807	-1779.467
10	25	1535.9807	-1779.182
10	26	1528.8379	-1768.0685
10	27	1526.618	-1765.5454
10	28	1516.9259	-1863.6522
10	29	1532.0662	-1767.6423
10	30	1525.6112	-1863.6415
10	31	1428.2479	-1809.2482
10	32	1458.4635	-1867.1619
10	33	1517.141	-1875.876
10	34	1416.1232	-1803.9097
10	35	1546.1277	-1864.817
11	1	1481.9043	-1812.0513
11	2	1469.3225	-1807.9672
11	3	1492.3733	-1814.6136
11	4	1481.8585	-1804.0052
11	5	1522.331	-1807.1455
11	6	1485.741	-1791.5175
11	7	1492.6342	-1811.2794
11	8	1488.8701	-1807.1343
11	9	1503.3031	-1815.0472
11	10	1515.2845	-1815.1927
11	11	1484.1339	-1834.6843
11	12	1517.3698	-1819.0117
11	13	1472.8602	-1789.8553
11	14	1471.0936	-1791.2302
11	15	1464.6139	-1818.7457
11	16	1470.5514	-1790.422
11	17	1477.9279	-1781.079
11	18	1481.8922	-1779.418
11	19	1505.8855	-1780.2458
11	20	1514.3185	-1779.5288
11	21	1519.8315	-1780.0621
11	22	1444.2738	-1803.1669
11	23	1527.8866	-1779.3931
11	24	1533.0807	-1779.467
11	25	1535.9807	-1779.182
11	27	1526.5605	-1765.4773
11	28	1516.9259	-1863.6522
11	29	1532.0662	-1767.6423
11	30	1525.6112	-1863.6415
11	31	1429.1881	-1809.2181
11	32	1458.4635	-1867.1619
11	33	1517.141	-1875.876
11	35	1547.4177	-1863.52
12	1	1482.6112	-1811.9766
12	2	1469.5718	-1807.957
12	3	1492.3817	-1814.6165
12	4	1482.0485	-1803.8058
12	5	1521.6528	-1807.1636
12	6	1486.0272	-1791.4718
12	7	1493.3345	-1811.2864
12	8	1488.8513	-1807.1376
12	9	1503.3031	-1815.0472
12	10	1515.2643	-1815.1919
12	11	1484.137	-1834.4166
12	13	1472.7827	-1789.9208
12	14	1471.001	-1791.2836
12	15	1465.3872	-1818.7959
12	16	1470.4569	-1790.4447
12	17	1477.9292	-1781.0847
12	18	1481.889	-1779.4095
12	19	1505.8855	-1780.2458
12	20	1514.3185	-1779.5288
12	21	1519.8315	-1780.0621
12	22	1443.1102	-1803.2087
12	23	1527.8866	-1779.3931
12	24	1533.0807	-1779.467
12	25	1535.9807	-1779.182
12	27	1526.4929	-1765.3931
12	28	1516.9259	-1863.6522
12	29	1532.0662	-1767.6423
12	30	1525.6112	-1863.6415
12	31	1430.0717	-1809.1797
12	32	1458.4635	-1867.1619
12	33	1517.141	-1875.876
12	35	1547.268	-1863.5115
12	52	1528.8699	-1768.016
13	1	1483.284	-1811.908
13	2	1469.8151	-1807.9431
13	3	1492.3806	-1814.6168
13	4	1482.2561	-1803.5793
13	5	1520.9807	-1807.1777
13	6	1486.3691	-1791.4149
13	7	1494.0427	-1811.2938
13	8	1488.8429	-1807.1357
13	9	1503.3031	-1815.0472
13	10	1515.272	-1815.1909
13	11	1484.145	-1834.1743
13	13	1472.7032	-1789.9902
13	14	1470.9233	-1791.34
13	15	1466.1178	-1818.8671
13	16	1470.3556	-1790.4911
13	17	1477.9305	-1781.0765
13	18	1481.8856	-1779.4131
13	19	1505.8855	-1780.2458
13	20	1514.3185	-1779.5288
13	21	1519.8315	-1780.0621
13	22	1441.8221	-1803.2319
13	23	1527.8866	-1779.3931
13	24	1533.0807	-1779.467
13	25	1535.9807	-1779.182
13	27	1526.4141	-1765.2892
13	28	1516.9259	-1863.6522
13	29	1532.0662	-1767.6423
13	30	1525.6112	-1863.6415
13	31	1431.011	-1809.1589
13	32	1458.4635	-1867.1619
13	33	1517.141	-1875.876
13	35	1547.3247	-1863.523
13	62	1417.9006	-1816.1086
14	1	1483.9508	-1811.8441
14	2	1470.0726	-1807.933
14	3	1492.3955	-1814.614
14	4	1482.4565	-1803.3411
14	5	1520.315	-1807.1841
14	6	1486.6998	-1791.3723
14	7	1494.7593	-1811.3044
14	8	1488.8456	-1807.1442
14	9	1503.3031	-1815.0472
14	10	1515.259	-1815.1873
14	11	1484.1464	-1833.9396
14	13	1472.6183	-1790.0669
14	14	1470.8344	-1791.4055
14	15	1466.8402	-1818.951
14	16	1470.2571	-1790.5221
14	17	1477.9287	-1781.0957
14	18	1481.8853	-1779.4153
14	19	1505.8855	-1780.2458
14	20	1514.3185	-1779.5288
14	21	1519.8315	-1780.0621
14	22	1440.5896	-1803.2354
14	23	1527.8866	-1779.3931
14	24	1533.0807	-1779.467
14	25	1535.9807	-1779.182
14	27	1526.3693	-1765.2174
14	28	1516.9259	-1863.6522
14	29	1532.0662	-1767.6423
14	30	1525.6112	-1863.6415
14	31	1431.8993	-1809.124
14	32	1458.4635	-1867.1619
14	33	1517.141	-1875.876
14	35	1547.3752	-1863.5063
14	62	1419.2563	-1816.2015
15	1	1484.6256	-1811.7816
15	2	1470.324	-1807.9161
15	3	1492.3823	-1814.6138
15	4	1482.6473	-1803.105
15	5	1519.6642	-1807.1901
15	6	1487.0034	-1791.3428
15	7	1495.4861	-1811.316
15	8	1488.8268	-1807.1414
15	9	1503.3031	-1815.0472
15	10	1515.2549	-1815.1919
15	11	1484.1514	-1833.739
15	13	1472.5343	-1790.1179
15	14	1470.7524	-1791.4624
15	15	1467.5176	-1819.0377
15	16	1470.1525	-1790.5732
15	17	1477.9332	-1781.0858
15	18	1481.8901	-1779.4507
15	19	1505.8855	-1780.2458
15	20	1514.3185	-1779.5288
15	21	1519.8315	-1780.0621
15	22	1439.3685	-1803.2393
15	23	1527.8866	-1779.3931
15	24	1533.0807	-1779.467
15	25	1535.9807	-1779.182
15	27	1526.2916	-1765.1274
15	28	1516.9259	-1863.6522
15	29	1532.0662	-1767.6423
15	30	1525.6112	-1863.6415
15	31	1432.8181	-1809.0898
15	32	1458.4635	-1867.1619
15	33	1517.141	-1875.876
15	35	1547.451	-1863.5247
15	62	1420.5867	-1816.2346
16	1	1485.2798	-1811.7249
16	2	1470.6034	-1807.8956
16	3	1492.385	-1814.6193
16	4	1482.8617	-1802.8362
16	5	1519.0231	-1807.193
16	6	1487.2975	-1791.3091
16	7	1496.2262	-1811.331
16	8	1488.8138	-1807.1436
16	9	1503.3031	-1815.0472
16	10	1515.2506	-1815.1929
16	11	1484.1559	-1833.548
16	13	1472.4551	-1790.192
16	14	1470.6643	-1791.5289
16	15	1468.1963	-1819.1228
16	16	1470.0454	-1790.6118
16	17	1477.93	-1781.0948
16	18	1481.8916	-1779.4487
16	19	1505.8855	-1780.2458
16	20	1514.3185	-1779.5288
16	21	1519.8315	-1780.0621
16	22	1438.1354	-1803.2441
16	23	1527.8866	-1779.3931
16	24	1533.0807	-1779.467
16	25	1535.9807	-1779.182
16	27	1526.2151	-1765.0535
16	28	1516.9259	-1863.6522
16	29	1532.0662	-1767.6423
16	30	1525.6112	-1863.6415
16	31	1433.7212	-1809.0499
16	32	1458.4635	-1867.1619
16	33	1517.141	-1875.876
16	35	1547.5237	-1863.5367
16	36	1565.7887	-1781.4242
16	62	1421.9357	-1816.2675
17	1	1485.9373	-1811.672
17	2	1470.8727	-1807.8789
17	3	1492.3774	-1814.6283
17	4	1483.053	-1802.5643
17	5	1518.3944	-1807.1947
17	6	1487.62	-1791.2667
17	7	1496.9781	-1811.3453
17	8	1488.7942	-1807.1515
17	9	1503.3031	-1815.0472
17	10	1515.2626	-1815.2036
17	11	1484.1571	-1833.3694
17	13	1472.401	-1790.2646
17	14	1470.5851	-1791.5754
17	15	1468.8073	-1819.2294
17	16	1469.9287	-1790.6449
17	17	1477.9337	-1781.1035
17	18	1481.8922	-1779.4453
17	19	1505.8855	-1780.2458
17	20	1514.3185	-1779.5288
17	21	1519.8315	-1780.0621
17	22	1436.8807	-1803.2568
17	23	1527.8866	-1779.3931
17	24	1533.0807	-1779.467
17	25	1535.9807	-1779.182
17	27	1526.1676	-1764.9635
17	28	1516.9259	-1863.6522
17	29	1532.0662	-1767.6423
17	30	1525.6112	-1863.6415
17	31	1434.5577	-1809.019
17	32	1458.4635	-1867.1619
17	33	1517.141	-1875.876
17	35	1547.5277	-1863.5271
17	36	1565.7887	-1781.4242
17	52	1528.8699	-1768.016
17	62	1423.2601	-1816.3218
17	71	1536.4199	-1759.3552
18	1	1486.6111	-1811.6233
18	2	1471.1528	-1807.8527
18	3	1492.3768	-1814.6213
18	4	1483.2499	-1802.2827
18	5	1517.7673	-1807.1963
18	6	1487.9502	-1791.2383
18	7	1497.7444	-1811.3628
18	8	1488.7822	-1807.1559
18	9	1503.3031	-1815.0472
18	10	1515.2524	-1815.2046
18	11	1484.1638	-1833.2324
18	13	1472.3389	-1790.3334
18	14	1470.4879	-1791.64
18	15	1469.4286	-1819.3682
18	16	1469.8682	-1790.702
18	17	1477.9344	-1781.1105
18	18	1481.8896	-1779.489
18	19	1505.8855	-1780.2458
18	20	1514.3185	-1779.5288
18	21	1519.8315	-1780.0621
18	22	1435.5958	-1803.2766
18	23	1527.8866	-1779.3931
18	24	1533.0807	-1779.467
18	25	1535.9807	-1779.182
18	27	1526.0985	-1764.8643
18	28	1516.9259	-1863.6522
18	29	1532.0662	-1767.6423
18	30	1525.6112	-1863.6415
18	31	1435.4219	-1808.9927
18	32	1458.4635	-1867.1619
18	33	1517.141	-1875.876
18	35	1547.5299	-1863.5256
18	36	1565.7887	-1781.4242
18	52	1528.8699	-1768.016
18	62	1424.5881	-1816.3394
18	71	1536.3453	-1759.4113
19	1	1487.2697	-1811.5789
19	2	1471.4413	-1807.8192
19	3	1492.3892	-1814.6206
19	4	1483.4515	-1801.9851
19	5	1517.1575	-1807.1979
19	6	1488.2423	-1791.223
19	7	1498.5253	-1811.3796
19	8	1488.7656	-1807.1564
19	9	1503.3031	-1815.0472
19	10	1515.2141	-1815.2048
19	11	1484.1594	-1833.0961
19	13	1472.2684	-1790.4264
19	14	1470.4113	-1791.7036
19	15	1470.0361	-1819.512
19	16	1469.7802	-1790.7703
19	17	1477.9337	-1781.1157
19	18	1481.89	-1779.4906
19	19	1505.8855	-1780.2458
19	20	1514.3185	-1779.5288
19	21	1519.8315	-1780.0621
19	22	1434.3511	-1803.2694
19	23	1527.8866	-1779.3931
19	24	1533.0807	-1779.467
19	25	1535.9807	-1779.182
19	27	1526.0942	-1764.7819
19	28	1516.9259	-1863.6522
19	29	1532.0662	-1767.6423
19	30	1525.6112	-1863.6415
19	31	1436.2864	-1808.9681
19	32	1458.4635	-1867.1619
19	33	1517.141	-1875.876
19	35	1547.5056	-1863.5275
19	36	1565.7887	-1781.4242
19	37	1575.0571	-1804.2784
19	52	1528.8699	-1768.016
19	62	1425.8912	-1816.4116
19	71	1536.2771	-1759.4525
20	1	1487.957	-1811.5375
20	2	1471.7416	-1807.7836
20	3	1492.4021	-1814.6232
20	4	1483.644	-1801.6823
20	5	1516.5559	-1807.1921
20	6	1488.543	-1791.1748
20	7	1499.3201	-1811.3987
20	8	1488.7611	-1807.161
20	9	1503.3031	-1815.0472
20	10	1515.2214	-1815.2004
20	11	1484.1638	-1832.9727
20	13	1472.2026	-1790.4926
20	14	1470.3188	-1791.7599
20	15	1470.6147	-1819.6917
20	16	1469.6824	-1790.8141
20	17	1477.9331	-1781.128
20	18	1481.889	-1779.4951
20	19	1505.8855	-1780.2458
20	20	1514.3185	-1779.5288
20	21	1519.8315	-1780.0621
20	22	1433.062	-1803.2775
20	23	1527.8866	-1779.3931
20	24	1533.0807	-1779.467
20	25	1535.9807	-1779.182
20	28	1516.9259	-1863.6522
20	29	1532.0662	-1767.6423
20	30	1525.6112	-1863.6415
20	31	1437.0784	-1808.9408
20	32	1458.4635	-1867.1619
20	33	1517.141	-1875.876
20	35	1547.5261	-1863.5178
20	36	1565.7887	-1781.4242
20	37	1573.689	-1804.3907
20	52	1528.8699	-1768.016
20	62	1427.1444	-1816.4282
20	71	1536.1874	-1759.5161
21	1	1488.6199	-1811.4996
21	2	1472.0447	-1807.7407
21	3	1492.3983	-1814.6333
21	4	1483.8281	-1801.3599
21	5	1515.9739	-1807.1934
21	6	1488.8625	-1791.1287
21	7	1500.1298	-1811.4153
21	8	1488.735	-1807.1638
21	9	1503.3031	-1815.0472
21	10	1515.2666	-1815.2087
21	11	1484.1676	-1832.8666
21	13	1472.132	-1790.5839
21	14	1470.2289	-1791.8105
21	15	1471.1671	-1819.8995
21	16	1469.6013	-1790.8989
21	17	1477.9357	-1781.1558
21	18	1481.8945	-1779.5137
21	19	1505.8855	-1780.2458
21	20	1514.3185	-1779.5288
21	21	1519.8315	-1780.0621
21	22	1431.7902	-1803.2958
21	23	1527.8866	-1779.3931
21	24	1533.0807	-1779.467
21	25	1535.9807	-1779.182
21	28	1516.9259	-1863.6522
21	29	1532.0662	-1767.6423
21	30	1525.6112	-1863.6415
21	31	1437.8976	-1808.9003
21	32	1458.4635	-1867.1619
21	33	1517.141	-1875.876
21	35	1547.5038	-1863.4999
21	36	1565.7887	-1781.4242
21	37	1572.295	-1804.4846
21	52	1528.8699	-1768.016
21	62	1428.412	-1816.4541
21	71	1536.0748	-1759.5656
21	74	1543.1198	-1875.4259
22	1	1489.3179	-1811.4745
22	2	1472.3749	-1807.6797
22	3	1492.4059	-1814.6295
22	4	1484.0155	-1801.027
22	5	1515.3992	-1807.1914
22	6	1489.1857	-1791.0979
22	7	1500.9553	-1811.4335
22	8	1488.7144	-1807.1675
22	9	1503.3031	-1815.0472
22	10	1515.243	-1815.2029
22	11	1484.1685	-1832.7902
22	13	1472.0585	-1790.6522
22	14	1470.1328	-1791.8708
22	15	1471.6458	-1820.1042
22	16	1469.521	-1790.966
22	17	1477.939	-1781.1332
22	18	1481.896	-1779.5221
22	19	1505.8855	-1780.2458
22	20	1514.3185	-1779.5288
22	21	1519.8315	-1780.0621
22	22	1430.5323	-1803.3064
22	23	1527.8866	-1779.3931
22	24	1533.0807	-1779.467
22	25	1535.9807	-1779.182
22	27	1525.8959	-1764.5254
22	28	1516.9259	-1863.6522
22	29	1532.0662	-1767.6423
22	30	1525.6112	-1863.6415
22	31	1438.6824	-1808.8768
22	32	1458.4635	-1867.1619
22	33	1517.141	-1875.876
22	35	1547.5164	-1863.5107
22	36	1565.7887	-1781.4242
22	37	1570.9323	-1804.5785
22	39	1537.8955	-1767.9856
22	52	1528.8699	-1768.016
22	62	1429.6864	-1816.4926
22	71	1535.9829	-1759.6062
22	74	1543.1198	-1875.4259
23	1	1489.9789	-1811.4464
23	2	1472.6974	-1807.6184
23	3	1492.4141	-1814.6339
23	4	1484.1943	-1800.688
23	5	1514.8344	-1807.1913
23	6	1489.4583	-1791.0704
23	7	1501.7991	-1811.4493
23	8	1488.6677	-1807.1733
23	9	1503.3031	-1815.0472
23	10	1515.2307	-1815.2124
23	11	1484.177	-1832.7277
23	13	1471.9812	-1790.7391
23	14	1470.0674	-1791.9128
23	16	1469.4338	-1791.0544
23	17	1477.9392	-1781.1676
23	18	1481.896	-1779.5406
23	19	1505.8855	-1780.2458
23	20	1514.3185	-1779.5288
23	21	1519.8315	-1780.0621
23	22	1429.2585	-1803.3365
23	23	1527.8866	-1779.3931
23	24	1533.0807	-1779.467
23	25	1535.9807	-1779.182
23	27	1525.846	-1764.4447
23	28	1516.9259	-1863.6522
23	29	1532.0662	-1767.6423
23	30	1525.6112	-1863.6415
23	31	1439.4869	-1808.8582
23	32	1458.4635	-1867.1619
23	33	1517.141	-1875.876
23	35	1547.5393	-1863.4982
23	36	1565.7887	-1781.4242
23	37	1569.5713	-1804.6722
23	39	1537.8955	-1767.9856
23	52	1528.8699	-1768.016
23	62	1430.8955	-1816.5093
23	71	1535.8607	-1759.6573
23	74	1543.1198	-1875.4259
24	1	1490.6562	-1811.4211
24	2	1473.0443	-1807.5392
24	3	1492.4276	-1814.6421
24	4	1484.3861	-1800.3207
24	5	1514.2996	-1807.2015
24	6	1489.7119	-1791.0425
24	7	1502.6624	-1811.4644
24	8	1488.6672	-1807.18
24	9	1503.3031	-1815.0472
24	10	1515.2391	-1815.2117
24	11	1484.1818	-1832.6792
24	13	1471.9144	-1790.8137
24	14	1469.9807	-1791.9677
24	17	1477.9387	-1781.1776
24	18	1481.8959	-1779.5632
24	19	1505.8855	-1780.2458
24	20	1514.3185	-1779.5288
24	21	1519.8315	-1780.0621
24	22	1428.0132	-1803.338
24	23	1527.8866	-1779.3931
24	24	1533.0807	-1779.467
24	25	1535.9807	-1779.182
24	27	1525.7781	-1764.364
24	28	1516.9259	-1863.6522
24	29	1532.0662	-1767.6423
24	30	1525.6112	-1863.6415
24	31	1440.2389	-1808.8278
24	32	1458.4635	-1867.1619
24	33	1517.141	-1875.876
24	35	1547.5535	-1863.5067
24	36	1565.7887	-1781.4242
24	37	1568.2285	-1804.7781
24	39	1537.8955	-1767.9856
24	52	1528.8699	-1768.016
24	62	1432.0741	-1816.5468
24	71	1535.7572	-1759.7039
24	74	1543.1198	-1875.4259
25	1	1491.3418	-1811.4064
25	2	1473.399	-1807.4548
25	3	1492.4424	-1814.6346
25	4	1484.574	-1799.9331
25	5	1513.7776	-1807.2008
25	6	1490.0236	-1791.0106
25	7	1503.5438	-1811.4767
25	8	1488.6259	-1807.1827
25	9	1503.3031	-1815.0472
25	10	1515.2363	-1815.2108
25	11	1484.1832	-1832.6208
25	13	1471.8257	-1790.9037
25	14	1469.8778	-1791.9979
25	17	1477.9357	-1781.2023
25	18	1481.8966	-1779.5807
25	19	1505.8855	-1780.2458
25	20	1514.3185	-1779.5288
25	21	1519.8315	-1780.0621
25	22	1426.7377	-1803.3398
25	23	1527.8866	-1779.3931
25	24	1533.0807	-1779.467
25	25	1535.9807	-1779.182
25	27	1525.7288	-1764.313
25	28	1516.9259	-1863.6522
25	29	1532.0662	-1767.6423
25	30	1525.6112	-1863.6415
25	31	1441.022	-1808.8022
25	32	1458.4635	-1867.1619
25	33	1517.141	-1875.876
25	35	1547.5553	-1863.51
25	36	1565.7887	-1781.4242
25	37	1566.8696	-1804.8806
25	39	1537.8955	-1767.9856
25	52	1528.8699	-1768.016
25	62	1433.2439	-1816.5693
25	71	1535.6569	-1759.7488
25	74	1543.1198	-1875.4259
26	1	1492.0286	-1811.3921
26	2	1473.7654	-1807.3535
26	3	1492.4364	-1814.6366
26	4	1484.7458	-1799.555
26	5	1513.2568	-1807.1927
26	6	1490.2946	-1790.9979
26	7	1504.4413	-1811.4875
26	8	1488.6261	-1807.1912
26	9	1503.3031	-1815.0472
26	10	1515.2477	-1815.2106
26	11	1484.1892	-1832.5793
26	13	1471.7311	-1791.0001
26	14	1469.7976	-1792.0468
26	15	1473.619	-1821.2358
26	17	1477.9341	-1781.2289
26	18	1481.9012	-1779.6029
26	19	1505.8855	-1780.2458
26	20	1514.3185	-1779.5288
26	21	1519.8315	-1780.0621
26	23	1527.8866	-1779.3931
26	24	1533.0807	-1779.467
26	25	1535.9807	-1779.182
26	27	1525.6481	-1764.2339
26	28	1516.9259	-1863.6522
26	29	1532.0662	-1767.6423
26	30	1525.6112	-1863.6415
26	31	1441.7838	-1808.7792
26	32	1458.4635	-1867.1619
26	33	1517.141	-1875.876
26	35	1547.5415	-1863.5078
26	36	1565.7887	-1781.4242
26	37	1565.5513	-1804.9713
26	38	1573.9706	-1781.3533
26	52	1528.8699	-1768.016
26	62	1434.4161	-1816.5822
26	71	1535.5532	-1759.8137
26	74	1543.1198	-1875.4259
27	1	1492.6965	-1811.3802
27	2	1474.133	-1807.241
27	3	1492.462	-1814.6337
27	4	1484.919	-1799.1445
27	5	1512.7712	-1807.1936
27	6	1490.6007	-1790.9805
27	7	1505.3563	-1811.4987
27	8	1488.6125	-1807.1921
27	9	1503.3031	-1815.0472
27	10	1515.2545	-1815.2123
27	11	1484.1882	-1832.556
27	13	1471.6641	-1791.0785
27	14	1469.7202	-1792.0793
27	15	1473.9874	-1821.5836
27	17	1477.9393	-1781.2892
27	18	1481.9109	-1779.6145
27	19	1505.8855	-1780.2458
27	20	1514.3185	-1779.5288
27	21	1519.8315	-1780.0621
27	23	1527.8866	-1779.3931
27	24	1533.0807	-1779.467
27	25	1535.9807	-1779.182
27	27	1525.5952	-1764.167
27	28	1516.9259	-1863.6522
27	29	1532.0662	-1767.6423
27	30	1525.6112	-1863.6415
27	31	1442.5415	-1808.7684
27	32	1458.4635	-1867.1619
27	33	1517.141	-1875.876
27	36	1565.7887	-1781.4242
27	37	1564.2803	-1805.0747
27	38	1573.9706	-1781.3533
27	52	1528.8699	-1768.016
27	62	1435.4895	-1816.5897
27	71	1535.5089	-1759.8948
27	74	1543.1198	-1875.4259
28	1	1493.3658	-1811.3694
28	2	1474.5093	-1807.12
28	3	1492.4738	-1814.6339
28	4	1485.099	-1798.714
28	5	1512.2925	-1807.1932
28	6	1490.898	-1790.9578
28	7	1506.2883	-1811.5045
28	8	1488.5876	-1807.1953
28	9	1503.3031	-1815.0472
28	10	1515.2233	-1815.2085
28	11	1484.185	-1832.5338
28	13	1471.5774	-1791.1556
28	14	1469.6215	-1792.1276
28	15	1474.3395	-1821.9205
28	16	1469.0814	-1791.332
28	17	1477.9388	-1781.336
28	18	1481.9047	-1779.6548
28	19	1505.8855	-1780.2458
28	20	1514.3185	-1779.5288
28	21	1519.8315	-1780.0621
28	23	1527.8866	-1779.3931
28	24	1533.0807	-1779.467
28	25	1535.9807	-1779.182
28	27	1525.5067	-1764.1057
28	28	1516.9259	-1863.6522
28	29	1532.0662	-1767.6423
28	30	1525.6112	-1863.6415
28	31	1443.2943	-1808.7422
28	32	1458.4635	-1867.1619
28	33	1517.141	-1875.876
28	36	1565.7887	-1781.4242
28	37	1563.02	-1805.1644
28	38	1573.9706	-1781.3533
28	52	1528.8699	-1768.016
28	62	1436.6313	-1816.6176
28	71	1535.3887	-1759.9381
28	74	1543.1198	-1875.4259
29	1	1494.0714	-1811.3804
29	2	1474.9093	-1806.9846
29	3	1492.499	-1814.6342
29	4	1485.2731	-1798.2921
29	5	1511.8613	-1807.1943
29	6	1491.1909	-1790.9312
29	7	1507.2415	-1811.513
29	8	1488.568	-1807.2003
29	9	1503.3031	-1815.0472
29	10	1515.2491	-1815.2101
29	11	1484.1876	-1832.5226
29	13	1471.4885	-1791.2449
29	14	1469.533	-1792.1666
29	15	1474.6969	-1822.2944
29	16	1468.9902	-1791.3771
29	17	1477.9382	-1781.3914
29	18	1481.9069	-1779.6761
29	19	1505.8855	-1780.2458
29	20	1514.3185	-1779.5288
29	21	1519.8315	-1780.0621
29	23	1527.8866	-1779.3931
29	24	1533.0807	-1779.467
29	25	1535.9807	-1779.182
29	27	1525.4746	-1764.0226
29	28	1516.9259	-1863.6522
29	29	1532.0662	-1767.6423
29	30	1525.6112	-1863.6415
29	31	1444.0068	-1808.7227
29	32	1458.4635	-1867.1619
29	33	1517.141	-1875.876
29	36	1565.7887	-1781.4242
29	37	1561.7748	-1805.2542
29	38	1573.9706	-1781.3533
29	52	1528.8699	-1768.016
29	62	1437.8024	-1816.6228
29	71	1535.3026	-1759.9902
30	1	1494.7709	-1811.3802
30	2	1475.2847	-1806.8479
30	3	1492.5245	-1814.6327
30	4	1485.4406	-1797.857
30	5	1511.4437	-1807.1952
30	6	1491.4528	-1790.9126
30	7	1508.2126	-1811.5203
30	8	1488.5486	-1807.2026
30	9	1503.3031	-1815.0472
30	10	1515.2365	-1815.2091
30	11	1484.1831	-1832.5084
30	13	1471.4103	-1791.3347
30	14	1469.4496	-1792.2067
30	15	1475.0135	-1822.6808
30	16	1468.8856	-1791.4547
30	17	1477.929	-1781.4448
30	18	1481.9081	-1779.7028
30	19	1505.8855	-1780.2458
30	20	1514.3185	-1779.5288
30	21	1519.8315	-1780.0621
30	23	1527.8866	-1779.3931
30	24	1533.0807	-1779.467
30	25	1535.9807	-1779.182
30	27	1525.4144	-1763.9514
30	28	1516.9259	-1863.6522
30	29	1532.0662	-1767.6423
30	31	1444.7147	-1808.7029
30	32	1458.4635	-1867.1619
30	33	1517.141	-1875.876
30	36	1565.7887	-1781.4242
30	37	1560.5203	-1805.3475
30	38	1573.9706	-1781.3533
30	39	1537.8955	-1767.9856
30	40	1576.556	-1780.6986
30	52	1528.8699	-1768.016
30	62	1438.8662	-1816.6393
30	71	1535.1979	-1760.0641
31	1	1495.4501	-1811.3876
31	2	1475.6412	-1806.704
31	3	1492.5574	-1814.6294
31	4	1485.6036	-1797.3917
31	5	1511.0095	-1807.1952
31	6	1491.6951	-1790.8999
31	7	1509.2028	-1811.5205
31	8	1488.5199	-1807.2078
31	9	1503.3031	-1815.0472
31	10	1515.2911	-1815.2125
31	11	1484.1805	-1832.5104
31	13	1471.338	-1791.4009
31	14	1469.3475	-1792.2314
31	15	1475.3171	-1823.1066
31	16	1468.8392	-1791.5245
31	17	1477.9269	-1781.5344
31	18	1481.9047	-1779.7236
31	19	1505.8855	-1780.2458
31	20	1514.3185	-1779.5288
31	21	1519.8315	-1780.0621
31	23	1527.8866	-1779.3931
31	24	1533.0807	-1779.467
31	25	1535.9807	-1779.182
31	27	1525.3622	-1763.895
31	29	1532.0662	-1767.6423
31	31	1445.4697	-1808.6902
31	32	1458.4635	-1867.1619
31	36	1565.7887	-1781.4242
31	37	1559.2837	-1805.4369
31	38	1573.9706	-1781.3533
31	39	1537.8955	-1767.9856
31	40	1576.556	-1780.6986
31	52	1528.8699	-1768.016
31	62	1439.9956	-1816.6434
32	1	1496.1589	-1811.3925
32	2	1476.0201	-1806.5524
32	3	1492.5974	-1814.6215
32	4	1485.7667	-1796.9131
32	5	1510.5884	-1807.2109
32	6	1491.9149	-1790.9008
32	7	1510.2114	-1811.5253
32	8	1488.4984	-1807.2144
32	9	1503.3031	-1815.0472
32	10	1515.276	-1815.2231
32	11	1484.1757	-1832.5239
32	13	1471.2612	-1791.4733
32	14	1469.2566	-1792.2832
32	15	1475.6135	-1823.5608
32	16	1468.7654	-1791.5922
32	17	1477.9254	-1781.6194
32	18	1481.9006	-1779.7383
32	19	1505.8855	-1780.2458
32	20	1514.3185	-1779.5288
32	21	1519.8315	-1780.0621
32	23	1527.8866	-1779.3931
32	24	1533.0807	-1779.467
32	25	1535.9807	-1779.182
32	27	1525.3138	-1763.846
32	29	1532.0662	-1767.6423
32	31	1446.1882	-1808.6709
32	36	1565.7887	-1781.4242
32	37	1558.0698	-1805.5304
32	38	1573.9706	-1781.3533
32	39	1537.8955	-1767.9856
32	40	1576.556	-1780.6986
32	52	1528.8699	-1768.016
32	62	1441.0822	-1816.6288
33	1	1496.8438	-1811.4009
33	2	1476.4187	-1806.3701
33	3	1492.6663	-1814.6207
33	4	1485.9229	-1796.4169
33	5	1510.169	-1807.212
33	6	1492.2009	-1790.8917
33	7	1511.2365	-1811.5266
33	8	1488.4698	-1807.218
33	9	1503.3031	-1815.0472
33	10	1515.2412	-1815.2349
33	11	1484.1794	-1832.524
33	13	1471.1937	-1791.5302
33	14	1469.1642	-1792.3131
33	15	1475.8713	-1823.9987
33	16	1468.6704	-1791.6677
33	17	1477.9213	-1781.7146
33	18	1481.9001	-1779.7585
33	19	1505.8855	-1780.2458
33	20	1514.3185	-1779.5288
33	21	1519.8315	-1780.0621
33	23	1527.8866	-1779.3931
33	24	1533.0807	-1779.467
33	25	1535.9807	-1779.182
33	27	1525.2578	-1763.7545
33	29	1532.0662	-1767.6423
33	31	1446.918	-1808.6676
33	36	1565.7887	-1781.4242
33	37	1556.8561	-1805.616
33	38	1573.9706	-1781.3533
33	39	1537.8955	-1767.9856
33	40	1576.556	-1780.6986
33	52	1528.8699	-1768.016
33	62	1442.1255	-1816.6067
34	1	1497.5361	-1811.4163
34	2	1476.8612	-1806.1521
34	3	1492.738	-1814.6128
34	4	1486.0637	-1795.9192
34	5	1509.7689	-1807.216
34	6	1492.4497	-1790.903
34	7	1512.2825	-1811.5278
34	8	1488.4431	-1807.226
34	9	1503.3031	-1815.0472
34	10	1515.2119	-1815.2384
34	11	1484.1901	-1832.4856
34	13	1471.1199	-1791.6183
34	14	1469.0516	-1792.3647
34	15	1476.1136	-1824.4572
34	16	1468.5839	-1791.7308
34	17	1477.92	-1781.826
34	18	1481.9014	-1779.7885
34	19	1505.8855	-1780.2458
34	20	1514.3185	-1779.5288
34	21	1519.8315	-1780.0621
34	23	1527.8866	-1779.3931
34	24	1533.0807	-1779.467
34	25	1535.9807	-1779.182
34	27	1525.1725	-1763.7032
34	29	1532.0662	-1767.6423
34	31	1447.6504	-1808.6622
34	36	1565.7887	-1781.4242
34	37	1555.6492	-1805.6992
34	38	1573.9706	-1781.3533
34	39	1537.8955	-1767.9856
34	40	1576.556	-1780.6986
34	41	1581.9951	-1781.132
34	52	1528.8699	-1768.016
34	62	1443.1569	-1816.5879
35	1	1498.2555	-1811.4319
35	2	1477.3177	-1805.9122
35	3	1492.854	-1814.6038
35	4	1486.2001	-1795.4161
35	5	1509.3975	-1807.209
35	6	1492.6736	-1790.9067
35	7	1513.3485	-1811.5292
35	8	1488.4108	-1807.2268
35	9	1503.3031	-1815.0472
35	10	1515.2112	-1815.2377
35	13	1471.0569	-1791.6648
35	14	1468.9644	-1792.3972
35	15	1476.3473	-1824.945
35	16	1468.4952	-1791.753
35	17	1477.9167	-1781.9408
35	18	1481.9076	-1779.7952
35	19	1505.8855	-1780.2458
35	20	1514.3185	-1779.5288
35	21	1519.8315	-1780.0621
35	23	1527.8866	-1779.3931
35	24	1533.0807	-1779.467
35	25	1535.9807	-1779.182
35	27	1525.0992	-1763.6517
35	29	1532.0662	-1767.6423
35	31	1448.3608	-1808.6428
35	36	1565.7887	-1781.4242
35	37	1554.4553	-1805.7743
35	38	1573.9706	-1781.3533
35	39	1537.8955	-1767.9856
35	40	1576.556	-1780.6986
35	41	1581.9951	-1781.132
35	43	1568.7292	-1781.2166
35	47	1534.7205	-1767.9734
35	52	1528.8699	-1768.016
35	62	1444.2002	-1816.5653
36	1	1498.9552	-1811.4414
36	2	1477.7523	-1805.6652
36	3	1493.0272	-1814.5836
36	4	1486.3195	-1794.88
36	5	1509.0608	-1807.2126
36	6	1492.9323	-1790.9105
36	7	1514.4365	-1811.5309
36	8	1488.3839	-1807.2356
36	9	1503.3031	-1815.0472
36	10	1515.2197	-1815.2454
36	13	1470.9795	-1791.7329
36	14	1468.8629	-1792.4515
36	15	1476.5515	-1825.4043
36	16	1468.3969	-1791.7936
36	17	1477.9141	-1782.0599
36	18	1481.9012	-1779.8304
36	19	1505.8855	-1780.2458
36	20	1514.3185	-1779.5288
36	21	1519.8315	-1780.0621
36	23	1527.8866	-1779.3931
36	24	1533.0807	-1779.467
36	25	1535.9807	-1779.182
36	27	1525.0265	-1763.6005
36	31	1449.0938	-1808.6324
36	36	1565.7887	-1781.4242
36	37	1553.2899	-1805.8486
36	38	1573.9706	-1781.3533
36	39	1537.8955	-1767.9856
36	40	1576.556	-1780.6986
36	41	1581.9951	-1781.132
36	47	1534.7205	-1767.9734
36	52	1528.8699	-1768.016
36	62	1445.1516	-1816.5386
37	1	1499.6768	-1811.4532
37	2	1478.2482	-1805.3478
37	3	1493.2664	-1814.5656
37	4	1486.439	-1794.3364
37	5	1508.7314	-1807.2253
37	6	1493.1433	-1790.918
37	7	1515.5435	-1811.5325
37	8	1488.3551	-1807.2443
37	9	1503.3031	-1815.0472
37	10	1515.2274	-1815.2448
37	13	1470.8798	-1791.8019
37	14	1468.7644	-1792.4749
37	15	1476.8158	-1825.9788
37	16	1468.2965	-1791.8418
37	17	1477.9155	-1782.2181
37	18	1481.909	-1779.8306
37	19	1505.8855	-1780.2458
37	20	1514.3185	-1779.5288
37	21	1519.8315	-1780.0621
37	23	1527.8866	-1779.3931
37	24	1533.0807	-1779.467
37	25	1535.9807	-1779.182
37	27	1524.9434	-1763.5282
37	31	1449.8339	-1808.6066
37	36	1565.7887	-1781.4242
37	37	1552.1542	-1805.9221
37	38	1573.9706	-1781.3533
37	39	1537.8955	-1767.9856
37	40	1576.556	-1780.6986
37	41	1581.9951	-1781.132
37	42	1569.0039	-1832.5818
37	43	1568.7292	-1781.2166
37	44	1584.833	-1781.1805
37	47	1534.7205	-1767.9734
37	52	1528.8699	-1768.016
37	62	1446.125	-1816.5173
37	76	1508.4751	-1820.6627
38	1	1500.414	-1811.4701
38	2	1478.7007	-1805.0353
38	3	1493.5062	-1814.5134
38	4	1486.5538	-1793.7738
38	5	1508.3865	-1807.2295
38	6	1493.3599	-1790.9438
38	7	1516.6693	-1811.5348
38	8	1488.3239	-1807.2484
38	9	1503.3031	-1815.0472
38	10	1515.1438	-1815.2568
38	13	1470.7952	-1791.8773
38	14	1468.6517	-1792.5115
38	17	1477.9147	-1782.355
38	18	1481.9089	-1779.8857
38	19	1505.8855	-1780.2458
38	20	1514.3185	-1779.5288
38	21	1519.8315	-1780.0621
38	23	1527.8866	-1779.3931
38	24	1533.0807	-1779.467
38	25	1535.9807	-1779.182
38	27	1524.8378	-1763.4718
38	31	1450.569	-1808.5792
38	36	1565.7887	-1781.4242
38	37	1551.0093	-1805.9915
38	38	1573.9706	-1781.3533
38	39	1537.8955	-1767.9856
38	40	1576.556	-1780.6986
38	41	1581.9951	-1781.132
38	42	1569.0039	-1832.5818
38	44	1584.833	-1781.1805
38	45	1579.1079	-1847.0282
38	47	1534.7205	-1767.9734
38	52	1528.8699	-1768.016
38	62	1447.0894	-1816.4696
38	76	1508.1486	-1820.666
39	1	1501.148	-1811.4855
39	2	1479.1465	-1804.72
39	3	1493.6796	-1814.4744
39	4	1486.6624	-1793.1797
39	5	1508.0729	-1807.2345
39	6	1493.5647	-1790.9739
39	7	1517.8137	-1811.5348
39	8	1488.2942	-1807.2543
39	9	1503.3031	-1815.0472
39	10	1515.1135	-1815.2571
39	13	1470.7196	-1791.9607
39	14	1468.5679	-1792.5583
39	17	1477.913	-1782.4889
39	18	1481.908	-1779.8925
39	19	1505.8855	-1780.2458
39	20	1514.3185	-1779.5288
39	21	1519.8315	-1780.0621
39	23	1527.8866	-1779.3931
39	24	1533.0807	-1779.467
39	25	1535.9807	-1779.182
39	27	1524.7836	-1763.416
39	29	1532.0662	-1767.6423
39	31	1451.2661	-1808.5762
39	36	1565.7887	-1781.4242
39	37	1549.8907	-1806.057
39	38	1573.9706	-1781.3533
39	39	1537.8955	-1767.9856
39	40	1576.556	-1780.6986
39	41	1581.9951	-1781.132
39	42	1569.0039	-1832.5818
39	43	1568.7292	-1781.2166
39	44	1584.833	-1781.1805
39	45	1579.1079	-1847.0282
39	46	1543.1868	-1767.9955
39	47	1534.7205	-1767.9734
39	52	1528.8699	-1768.016
39	62	1448.0236	-1816.4498
39	76	1507.849	-1820.6558
40	1	1501.8904	-1811.5006
40	2	1479.5562	-1804.3995
40	3	1493.8812	-1814.4222
40	4	1486.759	-1792.6074
40	5	1507.7378	-1807.2246
40	6	1493.7838	-1790.9934
40	7	1518.9806	-1811.5359
40	8	1488.2625	-1807.2578
40	9	1503.3031	-1815.0472
40	10	1515.1189	-1815.2638
40	13	1470.6337	-1792.027
40	14	1468.4568	-1792.5856
40	17	1477.9132	-1782.7042
40	18	1481.91	-1779.9052
40	19	1505.8855	-1780.2458
40	20	1514.3185	-1779.5288
40	21	1519.8315	-1780.0621
40	23	1527.8866	-1779.3931
40	24	1533.0807	-1779.467
40	25	1535.9807	-1779.182
40	27	1524.7238	-1763.3639
40	29	1532.0662	-1767.6423
40	31	1452.0172	-1808.5653
40	36	1565.7887	-1781.4242
40	37	1548.7755	-1806.1234
40	38	1573.9706	-1781.3533
40	39	1537.8955	-1767.9856
40	40	1576.556	-1780.6986
40	41	1581.9951	-1781.132
40	42	1569.0039	-1832.5818
40	43	1568.7292	-1781.2166
40	44	1584.833	-1781.1805
40	45	1579.1079	-1847.0282
40	46	1543.1868	-1767.9955
40	47	1534.7205	-1767.9734
40	48	1561.623	-1860.7518
40	52	1528.8699	-1768.016
40	62	1448.8798	-1816.4043
40	76	1507.5356	-1820.6364
41	1	1502.6378	-1811.5096
41	2	1479.9631	-1804.0675
41	3	1494.073	-1814.3864
41	4	1486.8553	-1791.9935
41	5	1507.4924	-1807.2365
41	6	1493.9766	-1791.0372
41	7	1520.1698	-1811.535
41	8	1488.2241	-1807.2684
41	9	1503.3031	-1815.0472
41	10	1515.1633	-1815.263
41	13	1470.5303	-1792.1057
41	14	1468.3453	-1792.6042
41	17	1477.9126	-1782.8706
41	18	1481.9076	-1779.8827
41	19	1505.8855	-1780.2458
41	20	1514.3185	-1779.5288
41	21	1519.8315	-1780.0621
41	23	1527.8866	-1779.3931
41	24	1533.0807	-1779.467
41	25	1535.9807	-1779.182
41	27	1524.6732	-1763.3088
41	29	1532.0662	-1767.6423
41	31	1452.7211	-1808.5621
41	36	1565.7887	-1781.4242
41	37	1547.6976	-1806.1808
41	38	1573.9706	-1781.3533
41	39	1537.8955	-1767.9856
41	40	1576.556	-1780.6986
41	41	1581.9951	-1781.132
41	42	1569.0039	-1832.5818
41	43	1568.7292	-1781.2166
41	44	1584.833	-1781.1805
41	45	1579.1079	-1847.0282
41	46	1543.1868	-1767.9955
41	47	1534.7205	-1767.9734
41	48	1561.5305	-1860.7377
41	49	1547.5289	-1863.5565
41	52	1528.8699	-1768.016
41	55	1543.1367	-1875.5038
41	62	1449.791	-1816.3726
41	76	1507.3577	-1820.6453
42	1	1503.3933	-1811.53
42	2	1480.3389	-1803.7233
42	3	1494.3008	-1814.3164
42	4	1486.9495	-1791.3944
42	5	1507.216	-1807.2404
42	6	1494.1615	-1791.0576
42	7	1521.3787	-1811.5365
42	8	1488.1959	-1807.273
42	9	1503.3031	-1815.0472
42	10	1515.2153	-1815.2615
42	13	1470.4309	-1792.1669
42	14	1468.2578	-1792.6388
42	17	1477.9132	-1783.0272
42	18	1481.9014	-1779.92
42	19	1505.8855	-1780.2458
42	20	1514.3185	-1779.5288
42	21	1519.8315	-1780.0621
42	23	1527.8866	-1779.3931
42	24	1533.0807	-1779.467
42	25	1535.9807	-1779.182
42	27	1524.5919	-1763.2704
42	29	1532.0662	-1767.6423
42	31	1453.4213	-1808.5474
42	36	1565.7887	-1781.4242
42	37	1546.6218	-1806.239
42	38	1573.9706	-1781.3533
42	39	1537.8955	-1767.9856
42	40	1576.556	-1780.6986
42	41	1581.9951	-1781.132
42	42	1569.0039	-1832.5818
42	43	1568.7292	-1781.2166
42	44	1584.833	-1781.1805
42	45	1579.1079	-1847.0282
42	46	1543.1868	-1767.9955
42	47	1534.7205	-1767.9734
42	48	1561.4873	-1860.7365
42	49	1547.5289	-1863.5565
42	50	1595.4839	-1802.9023
42	51	1590.423	-1780.7715
42	52	1528.8699	-1768.016
42	55	1543.1367	-1875.5038
42	57	1525.5676	-1863.6895
42	60	1517.0806	-1863.7283
42	62	1450.6465	-1816.324
42	64	1517.2153	-1875.9797
42	76	1506.9891	-1820.6742
43	1	1504.1516	-1811.5421
43	2	1480.7067	-1803.3588
43	3	1494.5133	-1814.2485
43	4	1487.0378	-1790.7594
43	5	1506.9594	-1807.2388
43	6	1494.3186	-1791.1017
43	7	1522.6062	-1811.5365
43	8	1488.1658	-1807.2802
43	9	1503.3031	-1815.0472
43	10	1515.2482	-1815.2657
43	13	1470.3381	-1792.2336
43	14	1468.1534	-1792.6659
43	17	1477.9087	-1783.1938
43	18	1481.9033	-1779.9579
43	19	1505.8855	-1780.2458
43	20	1514.3185	-1779.5288
43	21	1519.8315	-1780.0621
43	23	1527.8866	-1779.3931
43	24	1533.0807	-1779.467
43	25	1535.9807	-1779.182
43	27	1524.5397	-1763.215
43	29	1532.0662	-1767.6423
43	31	1454.1312	-1808.5358
43	36	1565.7887	-1781.4242
43	37	1545.5767	-1806.2878
43	38	1573.9706	-1781.3533
43	39	1537.8955	-1767.9856
43	40	1576.556	-1780.6986
43	41	1581.9951	-1781.132
43	42	1569.0039	-1832.5818
43	43	1568.7292	-1781.2166
43	44	1584.833	-1781.1805
43	45	1579.1079	-1847.0282
43	46	1543.1868	-1767.9955
43	47	1534.7205	-1767.9734
43	48	1561.4924	-1860.7316
43	49	1547.5289	-1863.5565
43	50	1593.9172	-1802.8835
43	51	1590.423	-1780.7715
43	52	1528.8699	-1768.016
43	55	1543.1367	-1875.5038
43	57	1525.5676	-1863.6895
43	60	1517.0806	-1863.7283
43	64	1517.2153	-1875.9797
44	1	1504.921	-1811.5548
44	2	1481.0297	-1802.992
44	3	1494.7644	-1814.1691
44	4	1487.1244	-1790.1288
44	5	1506.711	-1807.2393
44	6	1494.4845	-1791.14
44	7	1523.852	-1811.5378
44	8	1488.1376	-1807.2815
44	9	1503.3031	-1815.0472
44	10	1515.2622	-1815.2759
44	13	1470.2325	-1792.2783
44	14	1468.057	-1792.6914
44	17	1477.9064	-1783.3486
44	18	1481.9003	-1779.9783
44	19	1505.8855	-1780.2458
44	20	1514.3185	-1779.5288
44	21	1519.8315	-1780.0621
44	23	1527.8866	-1779.3931
44	24	1533.0807	-1779.467
44	25	1535.9807	-1779.182
44	27	1524.4884	-1763.1252
44	29	1532.0662	-1767.6423
44	31	1454.8353	-1808.5087
44	36	1565.7887	-1781.4242
44	37	1544.5223	-1806.3368
44	38	1573.9706	-1781.3533
44	39	1537.8955	-1767.9856
44	40	1576.556	-1780.6986
44	41	1581.9951	-1781.132
44	42	1569.0039	-1832.5818
44	43	1568.7292	-1781.2166
44	44	1584.833	-1781.1805
44	45	1579.1079	-1847.0282
44	46	1543.1868	-1767.9955
44	47	1534.7205	-1767.9734
44	48	1561.4749	-1860.7319
44	49	1547.5289	-1863.5565
44	50	1592.4247	-1802.889
44	51	1590.423	-1780.7715
44	55	1543.1367	-1875.5038
44	57	1525.5676	-1863.6895
44	60	1517.0806	-1863.7283
44	64	1517.2153	-1875.9797
45	1	1505.7104	-1811.5667
45	2	1481.3759	-1802.602
45	3	1494.9854	-1814.0818
45	4	1487.2197	-1789.4646
45	5	1506.5052	-1807.2429
45	6	1494.6492	-1791.1566
45	7	1525.1157	-1811.5388
45	8	1488.1138	-1807.2914
45	9	1503.3031	-1815.0472
45	10	1515.2523	-1815.2748
45	13	1470.1403	-1792.3315
45	14	1467.9498	-1792.7339
45	17	1477.926	-1783.4783
45	18	1481.8971	-1779.9666
45	19	1505.8855	-1780.2458
45	20	1514.3185	-1779.5288
45	21	1519.8315	-1780.0621
45	23	1527.8866	-1779.3931
45	24	1533.0807	-1779.467
45	25	1535.9807	-1779.182
45	27	1524.4115	-1763.0532
45	29	1532.0662	-1767.6423
45	31	1455.555	-1808.4849
45	36	1565.7887	-1781.4242
45	37	1543.498	-1806.3817
45	38	1573.9706	-1781.3533
45	39	1537.8955	-1767.9856
45	40	1576.556	-1780.6986
45	41	1581.9951	-1781.132
45	42	1569.0039	-1832.5818
45	43	1568.7292	-1781.2166
45	44	1584.833	-1781.1805
45	45	1579.1079	-1847.0282
45	46	1543.1868	-1767.9955
45	47	1534.7205	-1767.9734
45	48	1561.4341	-1860.7241
45	49	1547.5289	-1863.5565
45	50	1590.86	-1802.9231
45	51	1590.423	-1780.7715
45	54	1588.9653	-1774.748
45	55	1543.1367	-1875.5038
45	57	1525.5676	-1863.6895
45	60	1517.0806	-1863.7283
45	64	1517.2153	-1875.9797
46	1	1506.4714	-1811.5828
46	2	1481.7163	-1802.1887
46	3	1495.2726	-1813.9991
46	4	1487.3077	-1788.8378
46	5	1506.3188	-1807.2422
46	6	1494.8184	-1791.1925
46	7	1526.3977	-1811.5417
46	8	1488.0969	-1807.2916
46	9	1503.3031	-1815.0472
46	10	1515.2625	-1815.2769
46	13	1470.0328	-1792.3949
46	14	1467.8783	-1792.7534
46	17	1477.9253	-1783.6945
46	18	1481.9159	-1779.9592
46	19	1505.8855	-1780.2458
46	20	1514.3185	-1779.5288
46	21	1519.8315	-1780.0621
46	23	1527.8866	-1779.3931
46	24	1533.0807	-1779.467
46	25	1535.9807	-1779.182
46	27	1524.3446	-1762.9653
46	29	1532.0662	-1767.6423
46	31	1456.2664	-1808.4824
46	36	1565.7887	-1781.4242
46	37	1542.4911	-1806.4232
46	38	1573.9706	-1781.3533
46	39	1537.8955	-1767.9856
46	40	1576.556	-1780.6986
46	41	1581.9951	-1781.132
46	42	1569.0039	-1832.5818
46	43	1568.7292	-1781.2166
46	44	1584.833	-1781.1805
46	45	1579.1079	-1847.0282
46	46	1543.1868	-1767.9955
46	47	1534.7205	-1767.9734
46	48	1561.4246	-1860.715
46	49	1547.5289	-1863.5565
46	50	1589.352	-1802.9254
46	51	1590.423	-1780.7715
46	53	1519.4791	-1818.1238
46	55	1543.1367	-1875.5038
46	56	1595.6163	-1781.4193
46	57	1525.5676	-1863.6895
46	60	1517.0806	-1863.7283
46	64	1517.2153	-1875.9797
47	1	1507.2891	-1811.5885
47	2	1482.0629	-1801.7484
47	3	1495.6033	-1813.8965
47	4	1487.3889	-1788.1118
47	5	1506.1327	-1807.2462
47	6	1494.99	-1791.2126
47	7	1527.6975	-1811.5426
47	8	1488.0742	-1807.2976
47	9	1503.3031	-1815.0472
47	10	1515.2594	-1815.2812
47	13	1469.9442	-1792.4651
47	14	1467.7855	-1792.7905
47	17	1477.9222	-1783.9342
47	18	1481.9163	-1779.9713
47	19	1505.8855	-1780.2458
47	20	1514.3185	-1779.5288
47	21	1519.8315	-1780.0621
47	23	1527.8866	-1779.3931
47	24	1533.0807	-1779.467
47	25	1535.9807	-1779.182
47	27	1524.2716	-1762.8884
47	29	1532.0662	-1767.6423
47	31	1457.0154	-1808.4751
47	36	1565.7887	-1781.4242
47	37	1541.5226	-1806.456
47	38	1573.9706	-1781.3533
47	39	1537.8955	-1767.9856
47	40	1576.556	-1780.6986
47	41	1581.9951	-1781.132
47	42	1569.0039	-1832.5818
47	43	1568.7292	-1781.2166
47	44	1584.833	-1781.1805
47	45	1579.1079	-1847.0282
47	46	1543.1868	-1767.9955
47	48	1561.4126	-1860.7222
47	49	1547.5289	-1863.5565
47	50	1587.8435	-1802.9194
47	51	1590.423	-1780.7715
47	52	1528.8699	-1768.016
47	53	1519.5215	-1818.0865
47	54	1589.8136	-1774.503
47	55	1543.1367	-1875.5038
47	56	1595.6163	-1781.4193
47	57	1525.5676	-1863.6895
47	58	1548.396	-1756.9825
47	60	1517.0806	-1863.7283
47	64	1517.2153	-1875.9797
48	1	1508.1067	-1811.5979
48	2	1482.3772	-1801.2988
48	3	1495.9753	-1813.7892
48	4	1487.4694	-1787.4225
48	5	1505.9784	-1807.248
48	6	1495.1405	-1791.2329
48	7	1529.0151	-1811.5464
48	8	1488.0393	-1807.3015
48	9	1503.3031	-1815.0472
48	10	1515.2614	-1815.2854
48	13	1469.8535	-1792.519
48	14	1467.6307	-1792.8044
48	17	1477.9342	-1784.0875
48	18	1481.8981	-1779.9624
48	19	1505.8855	-1780.2458
48	20	1514.3185	-1779.5288
48	21	1519.8315	-1780.0621
48	23	1527.8866	-1779.3931
48	24	1533.0807	-1779.467
48	25	1535.9807	-1779.182
48	29	1532.0662	-1767.6423
48	31	1457.7211	-1808.4688
48	36	1565.7887	-1781.4242
48	37	1540.5582	-1806.4913
48	38	1573.9706	-1781.3533
48	39	1537.8955	-1767.9856
48	40	1576.556	-1780.6986
48	41	1581.9951	-1781.132
48	42	1569.0039	-1832.5818
48	43	1568.7292	-1781.2166
48	44	1584.833	-1781.1805
48	45	1579.1079	-1847.0282
48	46	1543.1868	-1767.9955
48	48	1561.4114	-1860.7246
48	49	1547.5289	-1863.5565
48	50	1586.3213	-1802.9236
48	51	1590.423	-1780.7715
48	52	1528.8699	-1768.016
48	53	1519.5709	-1818.065
48	54	1590.0977	-1774.4211
48	55	1543.1367	-1875.5038
48	56	1595.6163	-1781.4193
48	57	1525.5676	-1863.6895
48	58	1548.3816	-1756.7773
48	60	1517.0806	-1863.7283
48	64	1517.2153	-1875.9797
49	1	1508.9574	-1811.6067
49	2	1482.7119	-1800.8159
49	3	1496.2821	-1813.6855
49	4	1487.5427	-1786.702
49	5	1505.8264	-1807.2476
49	6	1495.2769	-1791.249
49	7	1530.3501	-1811.5492
49	8	1488.0149	-1807.3059
49	9	1503.3031	-1815.0472
49	10	1515.272	-1815.2847
49	13	1469.7382	-1792.5823
49	14	1467.5691	-1792.8447
49	17	1477.9366	-1784.3055
49	18	1481.885	-1779.95
49	19	1505.8855	-1780.2458
49	20	1514.3185	-1779.5288
49	21	1519.8315	-1780.0621
49	23	1527.8866	-1779.3931
49	24	1533.0807	-1779.467
49	25	1535.9807	-1779.182
49	27	1524.1013	-1762.7604
49	29	1532.0662	-1767.6423
49	31	1458.4921	-1808.4607
49	36	1565.7887	-1781.4242
49	37	1539.6328	-1806.5215
49	38	1573.9706	-1781.3533
49	40	1576.556	-1780.6986
49	41	1581.9951	-1781.132
49	42	1569.0039	-1832.5818
49	43	1568.7292	-1781.2166
49	44	1584.833	-1781.1805
49	45	1579.1079	-1847.0282
49	46	1543.1868	-1767.9955
49	47	1534.7205	-1767.9734
49	48	1561.3888	-1860.7205
49	49	1547.5289	-1863.5565
49	50	1584.8555	-1802.898
49	51	1590.423	-1780.7715
49	52	1528.8699	-1768.016
49	53	1519.6068	-1818.0388
49	54	1590.3872	-1774.3611
49	55	1543.1367	-1875.5038
49	56	1595.6163	-1781.4193
49	57	1525.5676	-1863.6895
49	58	1548.356	-1756.609
49	60	1517.0806	-1863.7283
49	64	1517.2153	-1875.9797
49	68	1484.1113	-1832.6656
50	1	1509.802	-1811.6132
50	2	1483.0287	-1800.338
50	3	1496.7135	-1813.544
50	4	1487.6267	-1785.99
50	5	1505.7021	-1807.248
50	6	1495.4077	-1791.2775
50	7	1531.702	-1811.5536
50	8	1487.9924	-1807.3066
50	9	1503.3031	-1815.0472
50	10	1515.2611	-1815.29
50	13	1469.6497	-1792.6462
50	14	1467.4443	-1792.7988
50	17	1477.933	-1784.5333
50	18	1481.8927	-1779.9275
50	19	1505.8855	-1780.2458
50	20	1514.3185	-1779.5288
50	21	1519.8315	-1780.0621
50	23	1527.8866	-1779.3931
50	24	1533.0807	-1779.467
50	25	1535.9807	-1779.182
50	27	1524.0858	-1762.6987
50	29	1532.0662	-1767.6423
50	31	1459.1445	-1808.4531
50	36	1565.7887	-1781.4242
50	37	1538.7151	-1806.5499
50	38	1573.9706	-1781.3533
50	39	1537.8955	-1767.9856
50	40	1576.556	-1780.6986
50	41	1581.9951	-1781.132
50	42	1569.0039	-1832.5818
50	43	1568.7292	-1781.2166
50	44	1584.833	-1781.1805
50	45	1579.1079	-1847.0282
50	46	1543.1868	-1767.9955
50	47	1534.7205	-1767.9734
50	48	1561.4037	-1860.7218
50	49	1547.5289	-1863.5565
50	50	1583.2721	-1802.8988
50	51	1590.423	-1780.7715
50	52	1528.8699	-1768.016
50	53	1519.6404	-1817.9977
50	54	1590.754	-1774.2119
50	55	1543.1367	-1875.5038
50	56	1595.6163	-1781.4193
50	57	1525.5676	-1863.6895
50	60	1517.0806	-1863.7283
50	64	1517.2153	-1875.9797
50	68	1484.1113	-1832.6656
51	1	1510.6807	-1811.6154
51	2	1483.3507	-1799.8085
51	3	1497.0974	-1813.4211
51	4	1487.6995	-1785.2834
51	5	1505.5679	-1807.2461
51	6	1495.528	-1791.297
51	7	1533.0726	-1811.5582
51	8	1487.9707	-1807.3134
51	9	1503.3031	-1815.0472
51	10	1515.2487	-1815.2943
51	13	1469.5542	-1792.6818
51	14	1467.3326	-1792.8352
51	17	1477.9266	-1784.728
51	18	1481.8853	-1779.9049
51	19	1505.8855	-1780.2458
51	20	1514.3185	-1779.5288
51	21	1519.8315	-1780.0621
51	23	1527.8866	-1779.3931
51	24	1533.0807	-1779.467
51	25	1535.9807	-1779.182
51	27	1524.0096	-1762.5938
51	29	1532.0662	-1767.6423
51	31	1459.8359	-1808.4514
51	36	1565.7887	-1781.4242
51	37	1537.8208	-1806.5857
51	38	1573.9706	-1781.3533
51	39	1537.8955	-1767.9856
51	40	1576.556	-1780.6986
51	41	1581.9951	-1781.132
51	42	1569.0039	-1832.5818
51	43	1568.7292	-1781.2166
51	44	1584.833	-1781.1805
51	45	1579.1079	-1847.0282
51	46	1543.1868	-1767.9955
51	47	1534.7205	-1767.9734
51	48	1561.3993	-1860.7207
51	49	1547.5289	-1863.5565
51	50	1581.7312	-1802.9001
51	51	1590.423	-1780.7715
51	52	1528.8699	-1768.016
51	53	1519.6763	-1817.974
51	54	1591.1146	-1774.0244
51	55	1543.1367	-1875.5038
51	56	1595.6163	-1781.4193
51	57	1525.5676	-1863.6895
51	58	1548.3337	-1756.2223
51	60	1517.0806	-1863.7283
51	64	1517.2153	-1875.9797
51	68	1484.1113	-1832.6656
51	73	1477.5714	-1835.4935
52	1	1511.5321	-1811.6144
52	2	1483.6387	-1799.3096
52	3	1497.4443	-1813.2959
52	4	1487.7489	-1784.5219
52	5	1505.4646	-1807.25
52	6	1495.6505	-1791.3239
52	7	1534.4608	-1811.5641
52	8	1487.9612	-1807.3226
52	9	1503.3031	-1815.0472
52	10	1515.2449	-1815.2982
52	13	1469.4491	-1792.7311
52	14	1467.2562	-1792.8484
52	17	1477.926	-1784.9052
52	18	1481.8918	-1779.8137
52	19	1505.8855	-1780.2458
52	20	1514.3185	-1779.5288
52	21	1519.8315	-1780.0621
52	23	1527.8866	-1779.3931
52	24	1533.0807	-1779.467
52	25	1535.9807	-1779.182
52	29	1532.0662	-1767.6423
52	31	1460.4989	-1808.423
52	36	1565.7887	-1781.4242
52	37	1536.9838	-1806.6193
52	38	1573.9706	-1781.3533
52	39	1537.8955	-1767.9856
52	40	1576.556	-1780.6986
52	41	1581.9951	-1781.132
52	42	1569.0039	-1832.5818
52	43	1568.7292	-1781.2166
52	44	1584.833	-1781.1805
52	45	1579.1079	-1847.0282
52	46	1543.1868	-1767.9955
52	47	1534.7205	-1767.9734
52	48	1561.3981	-1860.7263
52	49	1547.5289	-1863.5565
52	50	1580.1959	-1802.9033
52	51	1590.423	-1780.7715
52	52	1528.8699	-1768.016
52	53	1519.6938	-1817.9506
52	54	1591.398	-1773.839
52	55	1543.1367	-1875.5038
52	56	1595.6163	-1781.4193
52	57	1525.5676	-1863.6895
52	58	1548.3073	-1755.9591
52	60	1517.0806	-1863.7283
52	64	1517.2153	-1875.9797
52	66	1532.5012	-1760.5774
52	68	1484.1113	-1832.6656
52	73	1477.6373	-1836.3976
53	1	1512.4248	-1811.6125
53	2	1483.9125	-1798.7899
53	3	1497.8855	-1813.1755
53	4	1487.8235	-1783.7688
53	5	1505.3862	-1807.2507
53	6	1495.7758	-1791.3329
53	7	1535.865	-1811.5703
53	8	1487.9537	-1807.3246
53	9	1503.3031	-1815.0472
53	10	1515.2205	-1815.2982
53	13	1469.34	-1792.7897
53	14	1467.1658	-1792.8256
53	17	1477.9231	-1785.1205
53	19	1505.8855	-1780.2458
53	20	1514.3185	-1779.5288
53	21	1519.8315	-1780.0621
53	23	1527.8866	-1779.3931
53	24	1533.0807	-1779.467
53	25	1535.9807	-1779.182
53	29	1532.0662	-1767.6423
53	31	1461.1974	-1808.4269
53	36	1565.7887	-1781.4242
53	37	1536.1674	-1806.6444
53	38	1573.9706	-1781.3533
53	39	1537.8955	-1767.9856
53	40	1576.556	-1780.6986
53	41	1581.9951	-1781.132
53	42	1569.0039	-1832.5818
53	43	1568.7292	-1781.2166
53	44	1584.833	-1781.1805
53	45	1579.1079	-1847.0282
53	46	1543.1868	-1767.9955
53	47	1534.7205	-1767.9734
53	48	1561.401	-1860.7257
53	49	1547.5289	-1863.5565
53	50	1578.6075	-1802.8972
53	51	1590.423	-1780.7715
53	52	1528.8699	-1768.016
53	53	1519.7013	-1817.9493
53	54	1591.7972	-1773.6364
53	55	1543.1367	-1875.5038
53	56	1595.6163	-1781.4193
53	57	1525.5676	-1863.6895
53	58	1548.3079	-1755.8124
53	60	1517.0806	-1863.7283
53	61	1539.1638	-1768.918
53	64	1517.2153	-1875.9797
53	66	1532.3888	-1760.5566
53	68	1484.1113	-1832.6656
53	73	1477.6113	-1837.0796
54	1	1513.3234	-1811.621
54	2	1484.1769	-1798.2559
54	3	1498.3839	-1813.0337
54	4	1487.8988	-1783.0181
54	5	1505.2997	-1807.2535
54	6	1495.8745	-1791.388
54	7	1537.2843	-1811.5769
54	8	1487.9424	-1807.3295
54	9	1503.3031	-1815.0472
54	10	1515.2257	-1815.3059
54	13	1469.2234	-1792.8639
54	17	1477.9258	-1785.3419
54	19	1505.8855	-1780.2458
54	20	1514.3185	-1779.5288
54	21	1519.8315	-1780.0621
54	23	1527.8866	-1779.3931
54	24	1533.0807	-1779.467
54	25	1535.9807	-1779.182
54	29	1532.0662	-1767.6423
54	31	1461.8527	-1808.4241
54	36	1565.7887	-1781.4242
54	37	1535.3638	-1806.6704
54	38	1573.9706	-1781.3533
54	39	1537.8955	-1767.9856
54	40	1576.556	-1780.6986
54	41	1581.9951	-1781.132
54	42	1569.0039	-1832.5818
54	43	1568.7292	-1781.2166
54	44	1584.833	-1781.1805
54	45	1579.1079	-1847.0282
54	46	1543.1868	-1767.9955
54	47	1534.7205	-1767.9734
54	48	1561.3961	-1860.7297
54	49	1547.5289	-1863.5565
54	50	1577.062	-1802.8949
54	51	1590.423	-1780.7715
54	52	1528.8699	-1768.016
54	53	1519.7018	-1817.931
54	54	1592.1162	-1773.3662
54	55	1543.1367	-1875.5038
54	56	1595.6163	-1781.4193
54	57	1525.5676	-1863.6895
54	58	1548.2933	-1755.6621
54	59	1602.6488	-1774.2756
54	60	1517.0806	-1863.7283
54	61	1539.0609	-1768.9984
54	64	1517.2153	-1875.9797
54	66	1532.2646	-1760.555
54	68	1484.1113	-1832.6656
54	73	1477.6099	-1837.9993
55	1	1514.2196	-1811.6237
55	2	1484.4384	-1797.7025
55	3	1498.8341	-1812.9124
55	4	1487.9766	-1782.2446
55	5	1505.2319	-1807.2528
55	6	1495.9763	-1791.4003
55	7	1538.7183	-1811.5844
55	8	1487.9148	-1807.3337
55	9	1503.3031	-1815.0472
55	10	1515.2299	-1815.3074
55	13	1469.0947	-1792.9204
55	17	1477.9147	-1785.5571
55	19	1505.8855	-1780.2458
55	20	1514.3185	-1779.5288
55	21	1519.8315	-1780.0621
55	23	1527.8866	-1779.3931
55	24	1533.0807	-1779.467
55	25	1535.9807	-1779.182
55	29	1532.0662	-1767.6423
55	31	1462.5826	-1808.4263
55	36	1565.7887	-1781.4242
55	37	1534.5919	-1806.6989
55	38	1573.9706	-1781.3533
55	39	1537.8955	-1767.9856
55	40	1576.556	-1780.6986
55	41	1581.9951	-1781.132
55	42	1569.0039	-1832.5818
55	43	1568.7292	-1781.2166
55	44	1584.833	-1781.1805
55	45	1579.1079	-1847.0282
55	46	1543.1868	-1767.9955
55	48	1561.405	-1860.7242
55	49	1547.5289	-1863.5565
55	50	1575.4657	-1802.8887
55	51	1590.423	-1780.7715
55	52	1528.8699	-1768.016
55	53	1519.7316	-1817.9213
55	54	1592.3234	-1773.1962
55	55	1543.1367	-1875.5038
55	56	1595.6163	-1781.4193
55	57	1525.5676	-1863.6895
55	58	1548.2754	-1755.521
55	59	1602.6488	-1774.2756
55	60	1517.0806	-1863.7283
55	61	1539.0791	-1768.958
55	64	1517.2153	-1875.9797
55	66	1532.1027	-1760.5399
55	68	1484.1113	-1832.6656
55	73	1477.606	-1838.78
56	1	1515.0845	-1811.6263
56	2	1484.689	-1797.1342
56	3	1499.3529	-1812.7715
56	4	1488.026	-1781.4501
56	5	1505.1752	-1807.2478
56	6	1496.0842	-1791.4166
56	7	1540.1671	-1811.5916
56	8	1487.8917	-1807.3365
56	9	1503.3031	-1815.0472
56	10	1515.24	-1815.3114
56	13	1468.9712	-1792.9692
56	17	1477.9036	-1785.6205
56	18	1481.9062	-1780.0117
56	19	1505.8855	-1780.2458
56	20	1514.3185	-1779.5288
56	21	1519.8315	-1780.0621
56	23	1527.8866	-1779.3931
56	24	1533.0807	-1779.467
56	25	1535.9807	-1779.182
56	27	1523.6177	-1762.273
56	29	1532.0662	-1767.6423
56	31	1463.2444	-1808.4304
56	36	1565.7887	-1781.4242
56	37	1533.8059	-1806.7217
56	38	1573.9706	-1781.3533
56	39	1537.8955	-1767.9856
56	40	1576.556	-1780.6986
56	41	1581.9951	-1781.132
56	42	1569.0039	-1832.5818
56	43	1568.7292	-1781.2166
56	44	1584.833	-1781.1805
56	45	1579.1079	-1847.0282
56	46	1543.1868	-1767.9955
56	48	1561.3997	-1860.7312
56	49	1547.5289	-1863.5565
56	50	1573.889	-1802.8813
56	51	1590.423	-1780.7715
56	52	1528.8699	-1768.016
56	53	1519.7604	-1817.9156
56	54	1592.6003	-1772.9346
56	55	1543.1367	-1875.5038
56	56	1595.6163	-1781.4193
56	57	1525.5676	-1863.6895
56	58	1548.2606	-1755.4235
56	59	1602.6488	-1774.2756
56	60	1517.0806	-1863.7283
56	61	1539.1083	-1768.9829
56	64	1517.2153	-1875.9797
56	66	1531.9988	-1760.5464
56	68	1484.1113	-1832.6656
56	73	1477.5938	-1839.7358
57	1	1516.0046	-1811.6208
57	2	1484.9302	-1796.5411
57	3	1499.8888	-1812.634
57	4	1488.0985	-1780.5828
57	5	1505.1328	-1807.2432
57	6	1496.1808	-1791.4364
57	7	1541.6309	-1811.5996
57	8	1487.886	-1807.3396
57	9	1503.3031	-1815.0472
57	10	1515.2124	-1815.31
57	17	1477.8944	-1785.7947
57	18	1481.8787	-1779.979
57	19	1505.8855	-1780.2458
57	20	1514.3185	-1779.5288
57	21	1519.8315	-1780.0621
57	23	1527.8866	-1779.3931
57	24	1533.0807	-1779.467
57	25	1535.9807	-1779.182
57	27	1523.5133	-1762.1775
57	29	1532.0662	-1767.6423
57	31	1463.9075	-1808.4116
57	36	1565.7887	-1781.4242
57	37	1533.0292	-1806.7378
57	38	1573.9706	-1781.3533
57	39	1537.8955	-1767.9856
57	40	1576.556	-1780.6986
57	41	1581.9951	-1781.132
57	42	1569.0039	-1832.5818
57	43	1568.7292	-1781.2166
57	44	1584.833	-1781.1805
57	45	1579.1079	-1847.0282
57	46	1543.1868	-1767.9955
57	48	1561.4015	-1860.7338
57	49	1547.5289	-1863.5565
57	50	1572.34	-1802.8926
57	51	1590.423	-1780.7715
57	52	1528.8699	-1768.016
57	53	1519.782	-1817.8983
57	54	1592.903	-1772.8019
57	55	1543.1367	-1875.5038
57	56	1595.6163	-1781.4193
57	57	1525.5676	-1863.6895
57	58	1548.2599	-1755.2834
57	59	1602.6488	-1774.2756
57	60	1517.0806	-1863.7283
57	61	1539.1289	-1768.9851
57	64	1517.2153	-1875.9797
57	66	1531.8949	-1760.5795
57	67	1588.6498	-1764.6113
57	68	1484.1113	-1832.6656
57	73	1477.5967	-1840.7239
58	1	1516.9622	-1811.6237
58	2	1485.1616	-1795.9463
58	3	1500.4574	-1812.5233
58	4	1488.1731	-1779.7335
58	5	1505.0968	-1807.2506
58	6	1496.2758	-1791.4631
58	7	1543.1072	-1811.6058
58	8	1487.8721	-1807.3408
58	9	1503.3031	-1815.0472
58	10	1515.2241	-1815.3088
58	17	1477.891	-1785.8838
58	18	1481.8649	-1779.9108
58	19	1505.8855	-1780.2458
58	20	1514.3185	-1779.5288
58	21	1519.8315	-1780.0621
58	23	1527.8866	-1779.3931
58	24	1533.0807	-1779.467
58	25	1535.9807	-1779.182
58	27	1523.4397	-1762.1263
58	29	1532.0662	-1767.6423
58	36	1565.7887	-1781.4242
58	37	1532.2717	-1806.7565
58	38	1573.9706	-1781.3533
58	39	1537.8955	-1767.9856
58	40	1576.556	-1780.6986
58	41	1581.9951	-1781.132
58	42	1569.0039	-1832.5818
58	43	1568.7292	-1781.2166
58	44	1584.833	-1781.1805
58	45	1579.1079	-1847.0282
58	46	1543.1868	-1767.9955
58	47	1534.7205	-1767.9734
58	48	1561.4163	-1860.745
58	49	1547.5289	-1863.5565
58	50	1570.7251	-1802.8909
58	51	1590.423	-1780.7715
58	52	1528.8699	-1768.016
58	53	1519.811	-1817.8782
58	54	1593.1918	-1772.4995
58	55	1543.1367	-1875.5038
58	56	1595.6163	-1781.4193
58	57	1525.5676	-1863.6895
58	58	1548.2463	-1755.1818
58	59	1602.6488	-1774.2756
58	60	1517.0806	-1863.7283
58	61	1539.1548	-1769.0491
58	64	1517.2153	-1875.9797
58	68	1484.1113	-1832.6656
58	73	1477.572	-1841.7385
59	1	1517.9197	-1811.6273
59	2	1485.3713	-1795.3436
59	3	1501.1046	-1812.3915
59	4	1488.2377	-1778.8993
59	5	1505.0574	-1807.251
59	6	1496.3463	-1791.4752
59	7	1544.5973	-1811.6123
59	8	1487.8583	-1807.3417
59	9	1503.3031	-1815.0472
59	10	1515.2477	-1815.3108
59	17	1477.8818	-1786.0148
59	18	1481.8657	-1779.955
59	19	1505.8855	-1780.2458
59	20	1514.3185	-1779.5288
59	21	1519.8315	-1780.0621
59	23	1527.8866	-1779.3931
59	24	1533.0807	-1779.467
59	25	1535.9807	-1779.182
59	27	1523.3574	-1762.0577
59	29	1532.0662	-1767.6423
59	36	1565.7887	-1781.4242
59	37	1531.4792	-1806.7792
59	38	1573.9706	-1781.3533
59	39	1537.8955	-1767.9856
59	40	1576.556	-1780.6986
59	41	1581.9951	-1781.132
59	42	1569.0039	-1832.5818
59	43	1568.7292	-1781.2166
59	44	1584.833	-1781.1805
59	46	1543.1868	-1767.9955
59	47	1534.7205	-1767.9734
59	48	1561.4115	-1860.7333
59	49	1547.5289	-1863.5565
59	50	1569.1171	-1802.8987
59	51	1590.423	-1780.7715
59	52	1528.8699	-1768.016
59	53	1519.8367	-1817.8407
59	54	1593.4456	-1772.23
59	55	1543.1367	-1875.5038
59	56	1595.6163	-1781.4193
59	57	1525.5676	-1863.6895
59	58	1548.2382	-1755.1022
59	59	1602.6488	-1774.2756
59	60	1517.0806	-1863.7283
59	61	1539.1741	-1769.0677
59	64	1517.2153	-1875.9797
59	68	1484.1113	-1832.6656
59	73	1477.5482	-1842.7423
60	1	1518.883	-1811.6248
60	2	1485.5704	-1794.7467
60	3	1501.8795	-1812.2443
60	4	1488.2922	-1778.1346
60	5	1505.0311	-1807.2498
60	6	1496.4121	-1791.4825
60	7	1546.1014	-1811.6187
60	8	1487.8483	-1807.3453
60	9	1503.3031	-1815.0472
60	10	1515.2516	-1815.3125
60	17	1477.8716	-1786.1647
60	18	1481.8655	-1779.9409
60	19	1505.8855	-1780.2458
60	20	1514.3185	-1779.5288
60	21	1519.8315	-1780.0621
60	23	1527.8866	-1779.3931
60	24	1533.0807	-1779.467
60	25	1535.9807	-1779.182
60	27	1523.2908	-1761.9768
60	29	1532.0662	-1767.6423
60	36	1565.7887	-1781.4242
60	37	1530.7017	-1806.7948
60	38	1573.9706	-1781.3533
60	39	1537.8955	-1767.9856
60	40	1576.556	-1780.6986
60	41	1581.9951	-1781.132
60	42	1569.0039	-1832.5818
60	43	1568.7292	-1781.2166
60	44	1584.833	-1781.1805
60	45	1579.1079	-1847.0282
60	46	1543.1868	-1767.9955
60	47	1534.7205	-1767.9734
60	48	1561.435	-1860.7361
60	49	1547.5289	-1863.5565
60	50	1567.5345	-1802.8998
60	51	1590.423	-1780.7715
60	53	1519.8586	-1817.8099
60	54	1593.6936	-1771.829
60	55	1543.1367	-1875.5038
60	56	1595.6163	-1781.4193
60	57	1525.5676	-1863.6895
60	58	1548.1989	-1754.9983
60	59	1602.6488	-1774.2756
60	60	1517.0806	-1863.7283
60	61	1539.2269	-1769.086
60	63	1602.4729	-1760.7554
60	64	1517.2153	-1875.9797
60	66	1531.5021	-1760.6006
60	68	1484.1113	-1832.6656
60	73	1477.5375	-1843.9475
61	1	1519.8947	-1811.6213
61	2	1485.7765	-1794.1295
61	3	1502.4828	-1812.0973
61	4	1488.3451	-1777.3145
61	5	1505.013	-1807.25
61	6	1496.4944	-1791.5096
61	7	1547.6177	-1811.625
61	8	1487.8468	-1807.3458
61	9	1503.3031	-1815.0472
61	10	1515.2463	-1815.3092
61	17	1477.8596	-1786.3542
61	18	1481.8535	-1779.9622
61	19	1505.8855	-1780.2458
61	20	1514.3185	-1779.5288
61	21	1519.8315	-1780.0621
61	23	1527.8866	-1779.3931
61	24	1533.0807	-1779.467
61	25	1535.9807	-1779.182
61	27	1523.2225	-1761.913
61	29	1532.0662	-1767.6423
61	36	1565.7887	-1781.4242
61	37	1529.9327	-1806.8129
61	38	1573.9706	-1781.3533
61	39	1537.8955	-1767.9856
61	40	1576.556	-1780.6986
61	41	1581.9951	-1781.132
61	42	1569.0039	-1832.5818
61	43	1568.7292	-1781.2166
61	44	1584.833	-1781.1805
61	45	1579.1079	-1847.0282
61	46	1543.1868	-1767.9955
61	47	1534.7205	-1767.9734
61	48	1561.4261	-1860.7377
61	49	1547.5289	-1863.5565
61	50	1565.9438	-1802.9144
61	51	1590.423	-1780.7715
61	53	1519.8947	-1817.7913
61	54	1593.9187	-1771.554
61	55	1543.1367	-1875.5038
61	56	1595.6163	-1781.4193
61	57	1525.5676	-1863.6895
61	58	1548.2028	-1754.9199
61	59	1602.6488	-1774.2756
61	60	1517.0806	-1863.7283
61	61	1539.24	-1769.1268
61	63	1602.4729	-1760.7554
61	64	1517.2153	-1875.9797
61	66	1531.3546	-1760.6058
61	68	1484.1113	-1832.6656
62	1	1520.9022	-1811.6315
62	2	1485.9694	-1793.4664
62	3	1503.2797	-1811.9757
62	4	1488.4425	-1776.4275
62	5	1505.008	-1807.2527
62	6	1496.5797	-1791.526
62	7	1549.1458	-1811.6309
62	8	1487.8309	-1807.3566
62	9	1503.3031	-1815.0472
62	10	1515.2598	-1815.3118
62	17	1477.8481	-1786.5948
62	18	1481.8527	-1779.9963
62	19	1505.8855	-1780.2458
62	20	1514.3185	-1779.5288
62	21	1519.8315	-1780.0621
62	23	1527.8866	-1779.3931
62	24	1533.0807	-1779.467
62	25	1535.9807	-1779.182
62	27	1523.1189	-1761.8582
62	36	1565.7887	-1781.4242
62	37	1529.1887	-1806.8301
62	38	1573.9706	-1781.3533
62	39	1537.8955	-1767.9856
62	40	1576.556	-1780.6986
62	41	1581.9951	-1781.132
62	42	1569.0039	-1832.5818
62	43	1568.7292	-1781.2166
62	44	1584.833	-1781.1805
62	45	1579.1079	-1847.0282
62	46	1543.1868	-1767.9955
62	47	1534.7205	-1767.9734
62	48	1561.406	-1860.7407
62	49	1547.5289	-1863.5565
62	50	1564.319	-1802.9308
62	51	1590.423	-1780.7715
62	52	1528.8699	-1768.016
62	53	1519.9185	-1817.7733
62	54	1594.1667	-1771.2667
62	55	1543.1367	-1875.5038
62	56	1595.6163	-1781.4193
62	57	1525.5676	-1863.6895
62	58	1548.2	-1754.8523
62	59	1602.6488	-1774.2756
62	60	1517.0806	-1863.7283
62	61	1539.3022	-1769.1565
62	63	1602.4729	-1760.7554
62	64	1517.2153	-1875.9797
62	66	1531.2072	-1760.602
62	68	1484.1113	-1832.6656
63	1	1521.8932	-1811.6279
63	2	1486.1462	-1792.7977
63	3	1503.9337	-1811.8226
63	5	1504.9994	-1807.2488
63	6	1496.6543	-1791.5679
63	7	1550.6859	-1811.6359
63	8	1487.8088	-1807.3649
63	9	1503.3031	-1815.0472
63	10	1515.2582	-1815.31
63	17	1477.8654	-1786.9288
63	19	1505.8855	-1780.2458
63	20	1514.3185	-1779.5288
63	21	1519.8315	-1780.0621
63	23	1527.8866	-1779.3931
63	24	1533.0807	-1779.467
63	25	1535.9807	-1779.182
63	27	1523.0475	-1761.8099
63	29	1532.0662	-1767.6423
63	36	1565.7887	-1781.4242
63	37	1528.4482	-1806.8429
63	38	1573.9706	-1781.3533
63	39	1537.8955	-1767.9856
63	40	1576.556	-1780.6986
63	41	1581.9951	-1781.132
63	42	1569.0039	-1832.5818
63	43	1568.7292	-1781.2166
63	44	1584.833	-1781.1805
63	45	1579.1079	-1847.0282
63	46	1543.1868	-1767.9955
63	47	1534.7205	-1767.9734
63	48	1561.4038	-1860.7451
63	49	1547.5289	-1863.5565
63	50	1562.7222	-1802.9568
63	51	1590.423	-1780.7715
63	52	1528.8699	-1768.016
63	53	1519.9246	-1817.7631
63	54	1594.3434	-1770.9799
63	55	1543.1367	-1875.5038
63	56	1595.6163	-1781.4193
63	57	1525.5676	-1863.6895
63	58	1548.1859	-1754.7843
63	59	1602.6488	-1774.2756
63	60	1517.0806	-1863.7283
63	61	1539.3842	-1769.1553
63	63	1602.4729	-1760.7554
63	64	1517.2153	-1875.9797
63	66	1531.0858	-1760.5992
63	68	1484.1113	-1832.6656
63	78	1544.5951	-1741.5907
64	1	1522.8846	-1811.6252
64	2	1486.3024	-1792.159
64	3	1504.6572	-1811.6887
64	5	1504.988	-1807.2479
64	6	1496.7336	-1791.598
64	7	1552.2368	-1811.6398
64	8	1487.7982	-1807.3588
64	9	1503.3031	-1815.0472
64	10	1515.2656	-1815.3156
64	19	1505.8855	-1780.2458
64	20	1514.3185	-1779.5288
64	21	1519.8315	-1780.0621
64	23	1527.8866	-1779.3931
64	24	1533.0807	-1779.467
64	25	1535.9807	-1779.182
64	27	1522.9733	-1761.749
64	29	1532.0662	-1767.6423
64	36	1565.7887	-1781.4242
64	37	1527.7393	-1806.8606
64	38	1573.9706	-1781.3533
64	39	1537.8955	-1767.9856
64	40	1576.556	-1780.6986
64	41	1581.9951	-1781.132
64	42	1569.0039	-1832.5818
64	43	1568.7292	-1781.2166
64	44	1584.833	-1781.1805
64	45	1579.1079	-1847.0282
64	46	1543.1868	-1767.9955
64	47	1534.7205	-1767.9734
64	48	1561.3816	-1860.744
64	49	1547.5289	-1863.5565
64	50	1561.1462	-1802.9874
64	51	1590.423	-1780.7715
64	52	1528.8699	-1768.016
64	53	1519.9447	-1817.7384
64	54	1594.5748	-1770.6326
64	55	1543.1367	-1875.5038
64	56	1595.6163	-1781.4193
64	57	1525.5676	-1863.6895
64	58	1548.1898	-1754.7723
64	59	1602.6488	-1774.2756
64	60	1517.0806	-1863.7283
64	61	1539.4093	-1769.1923
64	63	1602.4729	-1760.7554
64	64	1517.2153	-1875.9797
64	65	1603.0015	-1755.2894
64	66	1530.9535	-1760.6057
64	68	1484.1113	-1832.6656
64	78	1543.9426	-1741.9756
65	1	1523.8859	-1811.6318
65	2	1486.4591	-1791.4958
65	5	1504.9684	-1807.254
65	6	1496.8063	-1791.6088
65	7	1553.7994	-1811.6442
65	8	1487.8053	-1807.3586
65	9	1503.3031	-1815.0472
65	10	1515.2428	-1815.3132
65	19	1505.8855	-1780.2458
65	20	1514.3185	-1779.5288
65	21	1519.8315	-1780.0621
65	23	1527.8866	-1779.3931
65	24	1533.0807	-1779.467
65	25	1535.9807	-1779.182
65	27	1522.9021	-1761.6711
65	29	1532.0662	-1767.6423
65	36	1565.7887	-1781.4242
65	37	1527.0334	-1806.8818
65	38	1573.9706	-1781.3533
65	39	1537.8955	-1767.9856
65	40	1576.556	-1780.6986
65	41	1581.9951	-1781.132
65	42	1569.0039	-1832.5818
65	43	1568.7292	-1781.2166
65	44	1584.833	-1781.1805
65	45	1579.1079	-1847.0282
65	46	1543.1868	-1767.9955
65	47	1534.7205	-1767.9734
65	48	1561.3942	-1860.7449
65	49	1547.5289	-1863.5565
65	50	1559.5537	-1803.0135
65	51	1590.423	-1780.7715
65	53	1519.9302	-1817.7528
65	54	1594.7621	-1770.2913
65	55	1543.1367	-1875.5038
65	56	1595.6163	-1781.4193
65	57	1525.5676	-1863.6895
65	58	1548.1868	-1754.7035
65	59	1602.6488	-1774.2756
65	60	1517.0806	-1863.7283
65	61	1539.4711	-1769.237
65	63	1602.4729	-1760.7554
65	64	1517.2153	-1875.9797
65	65	1603.0015	-1755.2894
65	66	1530.8007	-1760.5944
65	68	1484.1113	-1832.6656
65	78	1543.3131	-1742.3828
66	1	1524.9167	-1811.6342
66	2	1486.6276	-1790.807
66	3	1506.2052	-1811.479
66	5	1504.9788	-1807.252
66	6	1496.8821	-1791.6393
66	7	1555.3732	-1811.647
66	8	1487.7854	-1807.358
66	9	1503.3031	-1815.0472
66	10	1515.2435	-1815.3169
66	19	1505.8855	-1780.2458
66	20	1514.3185	-1779.5288
66	21	1519.8315	-1780.0621
66	23	1527.8866	-1779.3931
66	24	1533.0807	-1779.467
66	25	1535.9807	-1779.182
66	27	1522.855	-1761.5985
66	29	1532.0662	-1767.6423
66	36	1565.7887	-1781.4242
66	37	1526.3693	-1806.8918
66	38	1573.9706	-1781.3533
66	39	1537.8955	-1767.9856
66	40	1576.556	-1780.6986
66	41	1581.9951	-1781.132
66	42	1569.0039	-1832.5818
66	43	1568.7292	-1781.2166
66	44	1584.833	-1781.1805
66	45	1579.1079	-1847.0282
66	46	1543.1868	-1767.9955
66	47	1534.7205	-1767.9734
66	48	1561.3761	-1860.75
66	49	1547.5289	-1863.5565
66	50	1558.0092	-1803.0442
66	51	1590.423	-1780.7715
66	53	1519.9419	-1817.7434
66	54	1594.9519	-1769.9437
66	55	1543.1367	-1875.5038
66	56	1595.6163	-1781.4193
66	57	1525.5676	-1863.6895
66	58	1548.1769	-1754.6908
66	59	1602.6488	-1774.2756
66	60	1517.0806	-1863.7283
66	61	1539.4762	-1769.2543
66	63	1602.4729	-1760.7554
66	64	1517.2153	-1875.9797
66	65	1603.0015	-1755.2894
66	66	1530.6648	-1760.6038
66	67	1588.6498	-1764.6113
66	68	1484.1113	-1832.6656
66	78	1542.6204	-1742.7891
67	1	1525.9802	-1811.6362
67	2	1486.7805	-1790.1276
67	3	1507.0217	-1811.4364
67	5	1504.9598	-1807.2435
67	6	1496.9467	-1791.66
67	7	1556.9575	-1811.651
67	8	1487.7775	-1807.3688
67	9	1503.3031	-1815.0472
67	10	1515.2842	-1815.3098
67	19	1505.8855	-1780.2458
67	20	1514.3185	-1779.5288
67	21	1519.8315	-1780.0621
67	23	1527.8866	-1779.3931
67	24	1533.0807	-1779.467
67	25	1535.9807	-1779.182
67	27	1522.7411	-1761.5221
67	29	1532.0662	-1767.6423
67	36	1565.7887	-1781.4242
67	37	1525.6986	-1806.9028
67	38	1573.9706	-1781.3533
67	39	1537.8955	-1767.9856
67	40	1576.556	-1780.6986
67	41	1581.9951	-1781.132
67	42	1569.0039	-1832.5818
67	43	1568.7292	-1781.2166
67	44	1584.833	-1781.1805
67	45	1579.1079	-1847.0282
67	46	1543.1868	-1767.9955
67	47	1534.7205	-1767.9734
67	48	1561.3926	-1860.7522
67	49	1547.5289	-1863.5565
67	50	1556.4678	-1803.0695
67	51	1590.423	-1780.7715
67	53	1519.9451	-1817.7195
67	54	1595.1095	-1769.6473
67	55	1543.1367	-1875.5038
67	56	1595.6163	-1781.4193
67	57	1525.5676	-1863.6895
67	58	1548.1781	-1754.6659
67	59	1602.6488	-1774.2756
67	60	1517.0806	-1863.7283
67	61	1539.4841	-1769.3225
67	63	1602.4729	-1760.7554
67	64	1517.2153	-1875.9797
67	65	1603.0015	-1755.2894
67	66	1530.5609	-1760.6554
67	67	1588.6498	-1764.6113
67	77	1538.5437	-1768.0948
67	78	1542.0979	-1743.107
68	1	1527.057	-1811.65
68	2	1486.9248	-1789.4471
68	5	1504.9762	-1807.2477
68	6	1497.0077	-1791.6996
68	7	1558.5532	-1811.6538
68	8	1487.7725	-1807.3706
68	9	1503.3031	-1815.0472
68	10	1515.3289	-1815.3135
68	19	1505.8855	-1780.2458
68	20	1514.3185	-1779.5288
68	21	1519.8315	-1780.0621
68	23	1527.8866	-1779.3931
68	24	1533.0807	-1779.467
68	25	1535.9807	-1779.182
68	27	1522.6763	-1761.4613
68	29	1532.0662	-1767.6423
68	36	1565.7887	-1781.4242
68	37	1525.0776	-1806.9126
68	38	1573.9706	-1781.3533
68	39	1537.8955	-1767.9856
68	40	1576.556	-1780.6986
68	41	1581.9951	-1781.132
68	42	1569.0039	-1832.5818
68	43	1568.7292	-1781.2166
68	44	1584.833	-1781.1805
68	45	1579.1079	-1847.0282
68	46	1543.1868	-1767.9955
68	47	1534.7205	-1767.9734
68	48	1561.3967	-1860.7578
68	49	1547.5289	-1863.5565
68	50	1554.9125	-1803.0952
68	51	1590.423	-1780.7715
68	53	1519.9598	-1817.6997
68	54	1595.2648	-1769.3053
68	55	1543.1367	-1875.5038
68	56	1595.6163	-1781.4193
68	57	1525.5676	-1863.6895
68	58	1548.1719	-1754.619
68	59	1602.6488	-1774.2756
68	60	1517.0806	-1863.7283
68	61	1539.5001	-1769.362
68	63	1602.4729	-1760.7554
68	65	1603.0015	-1755.2894
68	67	1588.6498	-1764.6113
68	77	1538.5348	-1768.1394
69	1	1528.1548	-1811.6794
69	2	1487.0759	-1788.706
69	3	1508.2079	-1811.3099
69	5	1504.9387	-1807.276
69	6	1497.0684	-1791.7333
69	7	1560.1606	-1811.6572
69	8	1487.7463	-1807.3778
69	9	1503.3031	-1815.0472
69	10	1515.3167	-1815.3192
69	19	1505.8855	-1780.2458
69	20	1514.3185	-1779.5288
69	21	1519.8315	-1780.0621
69	23	1527.8866	-1779.3931
69	24	1533.0807	-1779.467
69	25	1535.9807	-1779.182
69	27	1522.6003	-1761.355
69	29	1532.0662	-1767.6423
69	36	1565.7887	-1781.4242
69	37	1524.4725	-1806.9293
69	38	1573.9706	-1781.3533
69	39	1537.8955	-1767.9856
69	40	1576.556	-1780.6986
69	41	1581.9951	-1781.132
69	42	1569.0039	-1832.5818
69	43	1568.7292	-1781.2166
69	44	1584.833	-1781.1805
69	45	1579.1079	-1847.0282
69	46	1543.1868	-1767.9955
69	47	1534.7205	-1767.9734
69	48	1561.379	-1860.7607
69	49	1547.5289	-1863.5565
69	50	1553.3679	-1803.1104
69	51	1590.423	-1780.7715
69	53	1519.9817	-1817.6812
69	54	1595.4159	-1768.9432
69	55	1543.1367	-1875.5038
69	56	1595.6163	-1781.4193
69	57	1525.5676	-1863.6895
69	58	1548.1857	-1754.5905
69	59	1602.6488	-1774.2756
69	60	1517.0806	-1863.7283
69	61	1539.5077	-1769.4454
69	63	1602.4729	-1760.7554
69	65	1603.0015	-1755.2894
69	66	1530.2943	-1760.6956
69	67	1588.6498	-1764.6113
69	77	1538.4877	-1768.1453
70	1	1529.2423	-1811.7036
70	3	1509.1376	-1811.2734
70	5	1504.9628	-1807.2875
70	6	1497.1362	-1791.7711
70	7	1561.7776	-1811.6594
70	8	1487.7292	-1807.384
70	9	1503.3031	-1815.0472
70	10	1515.3798	-1815.3221
70	19	1505.8855	-1780.2458
70	20	1514.3185	-1779.5288
70	21	1519.8315	-1780.0621
70	23	1527.8866	-1779.3931
70	24	1533.0807	-1779.467
70	25	1535.9807	-1779.182
70	27	1522.5564	-1761.275
70	29	1532.0662	-1767.6423
70	36	1565.7887	-1781.4242
70	37	1523.8868	-1806.936
70	38	1573.9706	-1781.3533
70	39	1537.8955	-1767.9856
70	40	1576.556	-1780.6986
70	41	1581.9951	-1781.132
70	42	1569.0039	-1832.5818
70	43	1568.7292	-1781.2166
70	44	1584.833	-1781.1805
70	45	1579.1079	-1847.0282
70	46	1543.1868	-1767.9955
70	47	1534.7205	-1767.9734
70	48	1561.3865	-1860.7682
70	49	1547.5289	-1863.5565
70	50	1551.7769	-1803.1271
70	51	1590.423	-1780.7715
70	53	1520.0001	-1817.6501
70	54	1595.569	-1768.5536
70	55	1543.1367	-1875.5038
70	56	1595.6163	-1781.4193
70	57	1525.5676	-1863.6895
70	58	1548.1621	-1754.5493
70	59	1602.6488	-1774.2756
70	60	1517.0806	-1863.7283
70	61	1539.492	-1769.542
70	63	1602.4729	-1760.7554
70	65	1603.0015	-1755.2894
70	66	1530.1799	-1760.7076
70	67	1588.6498	-1764.6113
70	77	1538.3943	-1768.1337
71	1	1530.3502	-1811.7393
71	5	1504.9529	-1807.2657
71	6	1497.1918	-1791.8026
71	7	1563.4049	-1811.6632
71	8	1487.7076	-1807.3782
71	10	1515.3855	-1815.3221
71	19	1505.8855	-1780.2458
71	20	1514.3185	-1779.5288
71	23	1527.8866	-1779.3931
71	24	1533.0807	-1779.467
71	25	1535.9807	-1779.182
71	27	1522.4705	-1761.1832
71	29	1532.0662	-1767.6423
71	36	1565.7887	-1781.4242
71	37	1523.3114	-1806.9518
71	38	1573.9706	-1781.3533
71	39	1537.8955	-1767.9856
71	40	1576.556	-1780.6986
71	41	1581.9951	-1781.132
71	42	1569.0039	-1832.5818
71	43	1568.7292	-1781.2166
71	44	1584.833	-1781.1805
71	45	1579.1079	-1847.0282
71	46	1543.1868	-1767.9955
71	47	1534.7205	-1767.9734
71	48	1561.4374	-1860.7706
71	49	1547.5289	-1863.5565
71	50	1550.1451	-1803.148
71	51	1590.423	-1780.7715
71	53	1520.0156	-1817.6339
71	54	1595.6652	-1768.2284
71	55	1543.1367	-1875.5038
71	56	1595.6163	-1781.4193
71	57	1525.5676	-1863.6895
71	58	1548.157	-1754.5356
71	59	1602.6488	-1774.2756
71	60	1517.0806	-1863.7283
71	61	1539.5168	-1769.5598
71	63	1602.4729	-1760.7554
71	65	1603.0015	-1755.2894
71	66	1530.0583	-1760.699
71	67	1588.6498	-1764.6113
71	77	1538.3253	-1768.1904
72	1	1531.4451	-1811.7761
72	3	1510.7375	-1811.1952
72	5	1504.9702	-1807.2635
72	6	1497.2659	-1791.8273
72	7	1565.0425	-1811.6648
72	8	1487.75	-1807.3671
72	10	1515.3953	-1815.3192
72	19	1505.8855	-1780.2458
72	20	1514.3185	-1779.5288
72	21	1519.8315	-1780.0621
72	23	1527.8866	-1779.3931
72	24	1533.0807	-1779.467
72	25	1535.9807	-1779.182
72	27	1522.4009	-1761.1255
72	29	1532.0662	-1767.6423
72	36	1565.7887	-1781.4242
72	37	1522.7766	-1806.9666
72	38	1573.9706	-1781.3533
72	39	1537.8955	-1767.9856
72	40	1576.556	-1780.6986
72	41	1581.9951	-1781.132
72	42	1569.0039	-1832.5818
72	43	1568.7292	-1781.2166
72	44	1584.833	-1781.1805
72	45	1579.1079	-1847.0282
72	46	1543.1868	-1767.9955
72	47	1534.7205	-1767.9734
72	48	1561.453	-1860.7726
72	49	1547.5289	-1863.5565
72	50	1548.5006	-1803.1598
72	51	1590.423	-1780.7715
72	53	1520.0424	-1817.6058
72	54	1595.7859	-1767.8782
72	56	1595.6163	-1781.4193
72	57	1525.5676	-1863.6895
72	58	1548.147	-1754.5388
72	59	1602.6488	-1774.2756
72	60	1517.0806	-1863.7283
72	61	1539.474	-1769.5961
72	63	1602.4729	-1760.7554
72	65	1603.0015	-1755.2894
72	66	1529.9326	-1760.7068
72	67	1588.6498	-1764.6113
72	69	1528.8071	-1768.1938
73	1	1532.5889	-1811.8269
73	3	1511.6405	-1811.1729
73	5	1504.9835	-1807.283
73	6	1497.3221	-1791.8865
73	7	1566.6893	-1811.6653
73	10	1515.4073	-1815.3268
73	19	1505.8855	-1780.2458
73	20	1514.3185	-1779.5288
73	21	1519.8315	-1780.0621
73	23	1527.8866	-1779.3931
73	24	1533.0807	-1779.467
73	25	1535.9807	-1779.182
73	27	1522.3278	-1761.0507
73	29	1532.0662	-1767.6423
73	36	1565.7887	-1781.4242
73	37	1522.2532	-1806.9758
73	38	1573.9706	-1781.3533
73	39	1537.8955	-1767.9856
73	40	1576.556	-1780.6986
73	41	1581.9951	-1781.132
73	42	1569.0039	-1832.5818
73	43	1568.7292	-1781.2166
73	44	1584.833	-1781.1805
73	45	1579.1079	-1847.0282
73	46	1543.1868	-1767.9955
73	47	1534.7205	-1767.9734
73	48	1561.4904	-1860.7764
73	49	1547.5289	-1863.5565
73	50	1546.8392	-1803.1687
73	51	1590.423	-1780.7715
73	53	1520.0526	-1817.5935
73	54	1595.9048	-1767.5336
73	55	1543.1367	-1875.5038
73	56	1595.6163	-1781.4193
73	57	1525.5676	-1863.6895
73	58	1548.1385	-1754.5267
73	59	1602.6488	-1774.2756
73	60	1517.0806	-1863.7283
73	61	1539.5077	-1769.6384
73	63	1602.4729	-1760.7554
73	65	1603.0015	-1755.2894
73	66	1529.8136	-1760.7145
73	67	1588.6498	-1764.6113
73	69	1528.8071	-1768.1938
73	70	1580.8033	-1847.2632
74	1	1533.7141	-1811.8726
74	3	1512.6233	-1811.1548
74	5	1504.9791	-1807.2877
74	6	1497.3716	-1791.9253
74	7	1568.345	-1811.6653
74	10	1515.3516	-1815.3329
74	19	1505.8855	-1780.2458
74	20	1514.3185	-1779.5288
74	21	1519.8315	-1780.0621
74	23	1527.8866	-1779.3931
74	24	1533.0807	-1779.467
74	25	1535.9807	-1779.182
74	27	1522.2399	-1761.0016
74	29	1532.0662	-1767.6423
74	36	1565.7887	-1781.4242
74	37	1521.7606	-1806.99
74	38	1573.9706	-1781.3533
74	39	1537.8955	-1767.9856
74	40	1576.556	-1780.6986
74	41	1581.9951	-1781.132
74	42	1569.0039	-1832.5818
74	43	1568.7292	-1781.2166
74	44	1584.833	-1781.1805
74	45	1579.1079	-1847.0282
74	46	1543.1868	-1767.9955
74	47	1534.7205	-1767.9734
74	48	1561.4636	-1860.7802
74	49	1547.5289	-1863.5565
74	50	1545.1542	-1803.1802
74	51	1590.423	-1780.7715
74	53	1520.0924	-1817.545
74	54	1596.0096	-1767.1711
74	55	1543.1367	-1875.5038
74	56	1595.6163	-1781.4193
74	57	1525.5676	-1863.6895
74	58	1548.1304	-1754.5446
74	59	1602.6488	-1774.2756
74	60	1517.0806	-1863.7283
74	61	1539.463	-1769.6709
74	63	1602.4729	-1760.7554
74	65	1603.0015	-1755.2894
74	66	1529.6667	-1760.7377
74	67	1588.6498	-1764.6113
74	69	1528.8071	-1768.1938
74	70	1580.7404	-1847.3574
74	72	1589.0204	-1748.3264
75	1	1534.8657	-1811.9321
75	3	1513.6187	-1811.147
75	5	1504.9427	-1807.2843
75	6	1497.4496	-1791.9749
75	7	1570.0085	-1811.6647
75	10	1515.3862	-1815.3387
75	19	1505.8855	-1780.2458
75	20	1514.3185	-1779.5288
75	21	1519.8315	-1780.0621
75	23	1527.8866	-1779.3931
75	24	1533.0807	-1779.467
75	25	1535.9807	-1779.182
75	27	1522.1724	-1760.9487
75	29	1532.0662	-1767.6423
75	36	1565.7887	-1781.4242
75	37	1521.287	-1807.001
75	38	1573.9706	-1781.3533
75	39	1537.8955	-1767.9856
75	40	1576.556	-1780.6986
75	41	1581.9951	-1781.132
75	42	1569.0039	-1832.5818
75	43	1568.7292	-1781.2166
75	44	1584.833	-1781.1805
75	45	1579.1079	-1847.0282
75	46	1543.1868	-1767.9955
75	47	1534.7205	-1767.9734
75	48	1561.4849	-1860.7823
75	49	1547.5289	-1863.5565
75	50	1543.4858	-1803.1953
75	51	1590.423	-1780.7715
75	53	1520.1082	-1817.5193
75	54	1596.1526	-1766.7704
75	55	1543.1367	-1875.5038
75	56	1595.6163	-1781.4193
75	57	1525.5676	-1863.6895
75	58	1548.1542	-1754.501
75	59	1602.6488	-1774.2756
75	60	1517.0806	-1863.7283
75	61	1539.446	-1769.7189
75	63	1602.4729	-1760.7554
75	65	1603.0015	-1755.2894
75	66	1529.5382	-1760.7524
75	67	1588.6498	-1764.6113
75	69	1528.8071	-1768.1938
75	70	1580.7306	-1847.4961
75	72	1589.0204	-1748.3264
76	1	1535.9912	-1811.9741
76	3	1514.6595	-1811.1495
76	5	1504.9363	-1807.2958
76	7	1571.6802	-1811.6643
76	10	1515.3999	-1815.3318
76	19	1505.8855	-1780.2458
76	20	1514.3185	-1779.5288
76	23	1527.8866	-1779.3931
76	24	1533.0807	-1779.467
76	25	1535.9807	-1779.182
76	27	1522.0979	-1760.8818
76	29	1532.0662	-1767.6423
76	36	1565.7887	-1781.4242
76	37	1520.8383	-1807.0148
76	38	1573.9706	-1781.3533
76	39	1537.8955	-1767.9856
76	40	1576.556	-1780.6986
76	41	1581.9951	-1781.132
76	42	1569.0039	-1832.5818
76	43	1568.7292	-1781.2166
76	44	1584.833	-1781.1805
76	45	1579.1079	-1847.0282
76	46	1543.1868	-1767.9955
76	47	1534.7205	-1767.9734
76	48	1561.5433	-1860.7736
76	49	1547.5289	-1863.5565
76	50	1541.804	-1803.2141
76	51	1590.423	-1780.7715
76	53	1520.1262	-1817.4839
76	54	1596.2587	-1766.3715
76	55	1543.1367	-1875.5038
76	56	1595.6163	-1781.4193
76	57	1525.5676	-1863.6895
76	59	1602.6488	-1774.2756
76	60	1517.0806	-1863.7283
76	61	1539.4266	-1769.7151
76	63	1602.4729	-1760.7554
76	67	1588.6498	-1764.6113
76	69	1528.8071	-1768.1938
76	70	1580.7253	-1847.6372
76	72	1589.0204	-1748.3264
77	1	1537.1768	-1812.0154
77	3	1515.6915	-1811.1622
77	5	1504.9364	-1807.3068
77	7	1573.3589	-1811.6627
77	10	1515.4734	-1815.3408
77	19	1505.8855	-1780.2458
77	20	1514.3185	-1779.5288
77	23	1527.8866	-1779.3931
77	24	1533.0807	-1779.467
77	25	1535.9807	-1779.182
77	27	1522.0282	-1760.8121
77	29	1532.0662	-1767.6423
77	36	1565.7887	-1781.4242
77	37	1520.3789	-1807.0402
77	38	1573.9706	-1781.3533
77	39	1537.8955	-1767.9856
77	40	1576.556	-1780.6986
77	41	1581.9951	-1781.132
77	42	1569.0039	-1832.5818
77	43	1568.7292	-1781.2166
77	44	1584.833	-1781.1805
77	45	1579.1079	-1847.0282
77	46	1543.1868	-1767.9955
77	47	1534.7205	-1767.9734
77	48	1561.5114	-1860.7856
77	49	1547.5289	-1863.5565
77	50	1540.1123	-1803.2288
77	51	1590.423	-1780.7715
77	53	1520.1624	-1817.4352
77	54	1596.3636	-1765.9833
77	55	1543.1367	-1875.5038
77	56	1595.6163	-1781.4193
77	57	1525.5676	-1863.6895
77	58	1548.1394	-1754.5365
77	59	1602.6488	-1774.2756
77	61	1539.4084	-1769.7156
77	63	1602.4729	-1760.7554
77	65	1603.0015	-1755.2894
77	66	1529.2695	-1760.7937
77	67	1588.6498	-1764.6113
77	69	1528.8071	-1768.1938
77	70	1580.7017	-1847.7786
78	1	1538.3242	-1812.0732
78	3	1516.7395	-1811.1736
78	5	1504.9348	-1807.3191
78	7	1575.0435	-1811.6614
78	10	1515.4928	-1815.3468
78	19	1505.8855	-1780.2458
78	20	1514.3185	-1779.5288
78	23	1527.8866	-1779.3931
78	24	1533.0807	-1779.467
78	25	1535.9807	-1779.182
78	27	1521.9517	-1760.7426
78	29	1532.0662	-1767.6423
78	36	1565.7887	-1781.4242
78	37	1520.0004	-1807.0347
78	38	1573.9706	-1781.3533
78	39	1537.8955	-1767.9856
78	40	1576.556	-1780.6986
78	41	1581.9951	-1781.132
78	42	1569.0039	-1832.5818
78	43	1568.7292	-1781.2166
78	44	1584.833	-1781.1805
78	45	1579.1079	-1847.0282
78	46	1543.1868	-1767.9955
78	47	1534.7205	-1767.9734
78	48	1561.4974	-1860.7906
78	49	1547.5289	-1863.5565
78	50	1538.4313	-1803.2438
78	51	1590.423	-1780.7715
78	53	1520.1818	-1817.3871
78	54	1596.4525	-1765.5848
78	55	1543.1367	-1875.5038
78	56	1595.6163	-1781.4193
78	58	1548.1243	-1754.5505
78	59	1602.6488	-1774.2756
78	61	1539.4056	-1769.7365
78	63	1602.4729	-1760.7554
78	65	1603.0015	-1755.2894
78	66	1529.1075	-1760.8292
78	67	1588.6498	-1764.6113
78	69	1528.8071	-1768.1938
78	70	1580.6686	-1847.9166
78	72	1589.0204	-1748.3264
79	1	1539.5424	-1812.1287
79	3	1517.8165	-1811.1962
79	5	1505.0034	-1807.361
79	7	1576.7328	-1811.659
79	10	1515.5864	-1815.3461
79	20	1514.3185	-1779.5288
79	23	1527.8866	-1779.3931
79	24	1533.0807	-1779.467
79	25	1535.9807	-1779.182
79	27	1521.8811	-1760.6696
79	29	1532.0662	-1767.6423
79	36	1565.7887	-1781.4242
79	37	1519.598	-1807.0427
79	38	1573.9706	-1781.3533
79	39	1537.8955	-1767.9856
79	40	1576.556	-1780.6986
79	41	1581.9951	-1781.132
79	42	1569.0039	-1832.5818
79	43	1568.7292	-1781.2166
79	44	1584.833	-1781.1805
79	45	1579.1079	-1847.0282
79	46	1543.1868	-1767.9955
79	47	1534.7205	-1767.9734
79	48	1561.4823	-1860.8003
79	49	1547.5289	-1863.5565
79	50	1536.7501	-1803.2646
79	51	1590.423	-1780.7715
79	53	1520.1812	-1817.3469
79	54	1596.5605	-1765.1417
79	55	1543.1367	-1875.5038
79	56	1595.6163	-1781.4193
79	57	1525.5676	-1863.6895
79	58	1548.1193	-1754.542
79	59	1602.6488	-1774.2756
79	61	1539.3363	-1769.769
79	63	1602.4729	-1760.7554
79	65	1603.0015	-1755.2894
79	67	1588.6498	-1764.6113
79	69	1528.8071	-1768.1938
79	70	1580.6721	-1848.0261
79	72	1589.0204	-1748.3264
80	1	1540.7476	-1812.182
80	3	1518.9541	-1811.204
80	5	1505.0476	-1807.3998
80	7	1578.4269	-1811.6588
80	10	1515.6366	-1815.3386
80	23	1527.8866	-1779.3931
80	24	1533.0807	-1779.467
80	25	1535.9807	-1779.182
80	29	1532.0662	-1767.6423
80	36	1565.7887	-1781.4242
80	37	1519.235	-1807.0426
80	38	1573.9706	-1781.3533
80	39	1537.8955	-1767.9856
80	40	1576.556	-1780.6986
80	41	1581.9951	-1781.132
80	42	1569.0039	-1832.5818
80	43	1568.7292	-1781.2166
80	44	1584.833	-1781.1805
80	45	1579.1079	-1847.0282
80	46	1543.1868	-1767.9955
80	47	1534.7205	-1767.9734
80	48	1561.5181	-1860.7963
80	49	1547.5289	-1863.5565
80	50	1535.085	-1803.285
80	51	1590.423	-1780.7715
80	53	1520.198	-1817.3074
80	54	1596.6372	-1764.7452
80	55	1543.1367	-1875.5038
80	56	1595.6163	-1781.4193
80	57	1525.5676	-1863.6895
80	58	1548.1202	-1754.5183
80	59	1602.6488	-1774.2756
80	61	1539.296	-1769.8325
80	63	1602.4729	-1760.7554
80	65	1603.0015	-1755.2894
80	67	1588.6498	-1764.6113
80	69	1528.8071	-1768.1938
80	70	1580.6067	-1848.1306
80	72	1589.0204	-1748.3264
81	1	1541.892	-1812.2374
81	3	1520.0563	-1811.2129
81	5	1505.0223	-1807.4292
81	7	1580.1276	-1811.6559
81	10	1515.6985	-1815.3557
81	20	1514.3185	-1779.5288
81	23	1527.8866	-1779.3931
81	24	1533.0807	-1779.467
81	25	1535.9807	-1779.182
81	29	1532.0662	-1767.6423
81	36	1565.7887	-1781.4242
81	37	1518.8722	-1807.0479
81	38	1573.9706	-1781.3533
81	39	1537.8955	-1767.9856
81	40	1576.556	-1780.6986
81	41	1581.9951	-1781.132
81	42	1569.0039	-1832.5818
81	43	1568.7292	-1781.2166
81	44	1584.833	-1781.1805
81	45	1579.1079	-1847.0282
81	46	1543.1868	-1767.9955
81	47	1534.7205	-1767.9734
81	48	1561.5327	-1860.8009
81	49	1547.5289	-1863.5565
81	50	1533.437	-1803.3022
81	51	1590.423	-1780.7715
81	53	1520.2213	-1817.241
81	54	1596.7197	-1764.368
81	55	1543.1367	-1875.5038
81	56	1595.6163	-1781.4193
81	57	1525.5676	-1863.6895
81	58	1548.1232	-1754.506
81	59	1602.6488	-1774.2756
81	61	1539.2473	-1769.8899
81	63	1602.4729	-1760.7554
81	65	1603.0015	-1755.2894
81	67	1588.6498	-1764.6113
81	69	1528.8071	-1768.1938
81	70	1580.5964	-1848.2863
81	72	1589.0204	-1748.3264
82	1	1543.063	-1812.2898
82	3	1521.2524	-1811.247
82	5	1505.0093	-1807.4021
82	7	1581.8302	-1811.6543
82	10	1515.9412	-1815.3397
82	20	1514.3185	-1779.5288
82	23	1527.8866	-1779.3931
82	24	1533.0807	-1779.467
82	25	1535.9807	-1779.182
82	29	1532.0662	-1767.6423
82	36	1565.7887	-1781.4242
82	37	1518.5453	-1807.0646
82	38	1573.9706	-1781.3533
82	39	1537.8955	-1767.9856
82	40	1576.556	-1780.6986
82	41	1581.9951	-1781.132
82	42	1569.0039	-1832.5818
82	43	1568.7292	-1781.2166
82	44	1584.833	-1781.1805
82	45	1579.1079	-1847.0282
82	46	1543.1868	-1767.9955
82	47	1534.7205	-1767.9734
82	48	1561.5345	-1860.8097
82	49	1547.5289	-1863.5565
82	50	1531.7919	-1803.3214
82	51	1590.423	-1780.7715
82	53	1520.2388	-1817.2015
82	54	1596.7382	-1764.0883
82	55	1543.1367	-1875.5038
82	56	1595.6163	-1781.4193
82	58	1548.1129	-1754.5039
82	59	1602.6488	-1774.2756
82	61	1539.2153	-1769.9562
82	63	1602.4729	-1760.7554
82	65	1603.0015	-1755.2894
82	67	1588.6498	-1764.6113
82	69	1528.8071	-1768.1938
82	70	1580.5706	-1848.4198
82	72	1589.0204	-1748.3264
83	1	1544.2657	-1812.3573
83	3	1522.4441	-1811.256
83	7	1583.5314	-1811.6547
83	10	1516.075	-1815.3468
83	23	1527.8866	-1779.3931
83	24	1533.0807	-1779.467
83	25	1535.9807	-1779.182
83	29	1532.0662	-1767.6423
83	36	1565.7887	-1781.4242
83	37	1518.2161	-1807.07
83	38	1573.9706	-1781.3533
83	39	1537.8955	-1767.9856
83	40	1576.556	-1780.6986
83	41	1581.9951	-1781.132
83	42	1569.0039	-1832.5818
83	43	1568.7292	-1781.2166
83	44	1584.833	-1781.1805
83	45	1579.1079	-1847.0282
83	46	1543.1868	-1767.9955
83	47	1534.7205	-1767.9734
83	48	1561.5405	-1860.8137
83	49	1547.5289	-1863.5565
83	50	1530.18	-1803.3315
83	51	1590.423	-1780.7715
83	53	1520.2666	-1817.1586
83	54	1596.805	-1763.7156
83	55	1543.1367	-1875.5038
83	56	1595.6163	-1781.4193
83	58	1548.109	-1754.4923
83	59	1602.6488	-1774.2756
83	61	1539.1796	-1770.0486
83	63	1602.4729	-1760.7554
83	65	1603.0015	-1755.2894
83	66	1528.4526	-1760.9127
83	67	1588.6498	-1764.6113
83	69	1528.8071	-1768.1938
83	70	1580.5597	-1848.5227
83	72	1589.0204	-1748.3264
84	1	1545.5253	-1812.4229
84	3	1523.6188	-1811.2827
84	7	1585.2336	-1811.6543
84	10	1516.3041	-1815.3783
84	23	1527.8866	-1779.3931
84	24	1533.0807	-1779.467
84	25	1535.9807	-1779.182
84	29	1532.0662	-1767.6423
84	36	1565.7887	-1781.4242
84	37	1517.9031	-1807.0911
84	38	1573.9706	-1781.3533
84	39	1537.8955	-1767.9856
84	40	1576.556	-1780.6986
84	41	1581.9951	-1781.132
84	42	1569.0039	-1832.5818
84	43	1568.7292	-1781.2166
84	44	1584.833	-1781.1805
84	45	1579.1079	-1847.0282
84	47	1534.7205	-1767.9734
84	48	1561.5338	-1860.8157
84	49	1547.5289	-1863.5565
84	50	1528.5781	-1803.3488
84	51	1590.423	-1780.7715
84	53	1520.292	-1817.1123
84	54	1596.8739	-1763.3285
84	55	1543.1367	-1875.5038
84	56	1595.6163	-1781.4193
84	58	1548.1111	-1754.4901
84	59	1602.6488	-1774.2756
84	61	1539.1046	-1770.08
84	63	1602.4729	-1760.7554
84	65	1603.0015	-1755.2894
84	67	1588.6498	-1764.6113
84	69	1528.8071	-1768.1938
84	70	1580.5331	-1848.6613
84	72	1589.0204	-1748.3264
85	1	1546.7583	-1812.4817
85	3	1524.888	-1811.3158
85	7	1586.9352	-1811.6542
85	10	1516.4802	-1815.3517
85	23	1527.8866	-1779.3931
85	24	1533.0807	-1779.467
85	25	1535.9807	-1779.182
85	29	1532.0662	-1767.6423
85	36	1565.7887	-1781.4242
85	37	1517.6155	-1807.1007
85	38	1573.9706	-1781.3533
85	39	1537.8955	-1767.9856
85	40	1576.556	-1780.6986
85	41	1581.9951	-1781.132
85	42	1569.0039	-1832.5818
85	43	1568.7292	-1781.2166
85	44	1584.833	-1781.1805
85	45	1579.1079	-1847.0282
85	46	1543.1868	-1767.9955
85	47	1534.7205	-1767.9734
85	48	1561.4167	-1860.8192
85	49	1547.5289	-1863.5565
85	50	1526.9906	-1803.3625
85	51	1590.423	-1780.7715
85	53	1520.3062	-1817.0449
85	54	1596.923	-1762.9598
85	56	1595.6163	-1781.4193
85	59	1602.6488	-1774.2756
85	61	1539.0842	-1770.1588
85	63	1602.4729	-1760.7554
85	65	1603.0015	-1755.2894
85	67	1588.6498	-1764.6113
85	69	1528.8071	-1768.1938
85	70	1580.5186	-1848.7842
85	72	1589.0204	-1748.3264
86	1	1548.0009	-1812.5431
86	3	1526.1342	-1811.3431
86	7	1588.6357	-1811.6549
86	10	1516.6321	-1815.3416
86	23	1527.8866	-1779.3931
86	24	1533.0807	-1779.467
86	25	1535.9807	-1779.182
86	29	1532.0662	-1767.6423
86	36	1565.7887	-1781.4242
86	37	1517.4095	-1807.085
86	38	1573.9706	-1781.3533
86	39	1537.8955	-1767.9856
86	40	1576.556	-1780.6986
86	41	1581.9951	-1781.132
86	42	1569.0039	-1832.5818
86	43	1568.7292	-1781.2166
86	44	1584.833	-1781.1805
86	45	1579.1079	-1847.0282
86	46	1543.1868	-1767.9955
86	47	1534.7205	-1767.9734
86	49	1547.5289	-1863.5565
86	50	1525.3997	-1803.3829
86	51	1590.423	-1780.7715
86	53	1520.3232	-1817.0056
86	54	1596.9812	-1762.5479
86	56	1595.6163	-1781.4193
86	59	1602.6488	-1774.2756
86	61	1539.0099	-1770.2365
86	63	1602.4729	-1760.7554
86	65	1603.0015	-1755.2894
86	67	1588.6498	-1764.6113
86	69	1528.8071	-1768.1938
86	70	1580.5071	-1848.9169
86	72	1589.0204	-1748.3264
87	1	1549.252	-1812.5856
87	3	1527.4618	-1811.3839
87	7	1590.3347	-1811.655
87	10	1516.7869	-1815.3319
87	23	1527.8866	-1779.3931
87	24	1533.0807	-1779.467
87	25	1535.9807	-1779.182
87	29	1532.0662	-1767.6423
87	36	1565.7887	-1781.4242
87	37	1517.1206	-1807.0905
87	38	1573.9706	-1781.3533
87	39	1537.8955	-1767.9856
87	40	1576.556	-1780.6986
87	41	1581.9951	-1781.132
87	42	1569.0039	-1832.5818
87	43	1568.7292	-1781.2166
87	44	1584.833	-1781.1805
87	45	1579.1079	-1847.0282
87	46	1543.1868	-1767.9955
87	47	1534.7205	-1767.9734
87	48	1561.41	-1860.8223
87	49	1547.5289	-1863.5565
87	50	1523.8306	-1803.4059
87	51	1590.423	-1780.7715
87	53	1520.3362	-1816.969
87	54	1597.0304	-1762.1104
87	67	1588.6498	-1764.6113
87	69	1528.8071	-1768.1938
87	70	1580.4927	-1849.0583
87	72	1589.0204	-1748.3264
88	1	1550.5155	-1812.6594
88	3	1528.7412	-1811.4479
88	7	1592.0295	-1811.6566
88	10	1516.797	-1815.318
88	23	1527.8866	-1779.3931
88	24	1533.0807	-1779.467
88	25	1535.9807	-1779.182
88	29	1532.0662	-1767.6423
88	36	1565.7887	-1781.4242
88	37	1516.8232	-1807.1251
88	38	1573.9706	-1781.3533
88	40	1576.556	-1780.6986
88	41	1581.9951	-1781.132
88	42	1569.0039	-1832.5818
88	43	1568.7292	-1781.2166
88	44	1584.833	-1781.1805
88	45	1579.1079	-1847.0282
88	46	1543.1868	-1767.9955
88	47	1534.7205	-1767.9734
88	48	1561.4099	-1860.8674
88	49	1547.5289	-1863.5565
88	50	1522.2643	-1803.3984
88	53	1520.3441	-1816.9308
88	59	1602.6488	-1774.2756
88	69	1528.8071	-1768.1938
88	70	1580.4728	-1849.2041
89	1	1551.7875	-1812.7267
89	3	1530.0586	-1811.491
89	7	1593.7197	-1811.6573
89	10	1516.7742	-1815.2926
89	23	1527.8866	-1779.3931
89	24	1533.0807	-1779.467
89	25	1535.9807	-1779.182
89	29	1532.0662	-1767.6423
89	36	1565.7887	-1781.4242
89	37	1516.6393	-1807.1434
89	38	1573.9706	-1781.3533
89	40	1576.556	-1780.6986
89	42	1569.0039	-1832.5818
89	43	1568.7292	-1781.2166
89	45	1579.1079	-1847.0282
89	46	1543.1868	-1767.9955
89	47	1534.7205	-1767.9734
89	48	1561.3772	-1860.8807
89	49	1547.5289	-1863.5565
89	50	1520.6682	-1803.4015
89	53	1520.3558	-1816.8744
89	54	1597.2223	-1761.2119
89	56	1595.6163	-1781.4193
89	59	1602.6488	-1774.2756
89	63	1602.4729	-1760.7554
89	65	1603.0015	-1755.2894
89	70	1580.442	-1849.3188
90	1	1553.0111	-1812.777
90	3	1531.406	-1811.537
90	7	1595.4047	-1811.6571
90	10	1517.1067	-1815.2887
90	23	1527.8866	-1779.3931
90	24	1533.0807	-1779.467
90	25	1535.9807	-1779.182
90	29	1532.0662	-1767.6423
90	39	1537.8955	-1767.9856
90	41	1581.9951	-1781.132
90	42	1569.0039	-1832.5818
90	44	1584.833	-1781.1805
90	45	1579.1079	-1847.0282
90	46	1543.1868	-1767.9955
90	47	1534.7205	-1767.9734
90	48	1561.409	-1860.8967
90	49	1547.5289	-1863.5565
90	50	1519.1262	-1803.3959
90	51	1590.423	-1780.7715
90	54	1597.2743	-1760.8649
90	56	1595.6163	-1781.4193
90	59	1602.6488	-1774.2756
90	63	1602.4729	-1760.7554
90	65	1603.0015	-1755.2894
90	67	1588.6498	-1764.6113
90	72	1589.0204	-1748.3264
