0	1	-8784.805	13092.985
0	2	-8784.698	13081.472
0	3	-8816.795	13159.053
0	4	-8791.527	13083.629
0	5	-8857.503	13082.103
0	6	-8803.799	13092.248
0	7	-8825.952	13089.809
0	8	-8787.186	13069.931
0	9	-8843.747	13082.627
0	11	-8857.275	13081.413
0	12	-8748.882	13111.118
0	13	-8805.348	13141.979
1	1	-8784.834	13093.44
1	2	-8784.686	13081.449
1	3	-8816.406	13158.112
1	4	-8791.43	13083.641
1	5	-8857.379	13082.17
1	6	-8803.778	13092.255
1	7	-8825.952	13089.809
1	8	-8787.078	13069.149
1	9	-8843.747	13082.627
1	11	-8857.144	13081.48
1	12	-8748.646	13111.198
1	13	-8805.938	13143.123
2	1	-8784.866	13093.941
2	2	-8784.693	13081.491
2	3	-8816.036	13157.194
2	4	-8791.333	13083.646
2	5	-8857.255	13082.24
2	6	-8803.754	13092.263
2	7	-8825.952	13089.809
2	8	-8786.972	13068.386
2	9	-8843.747	13082.627
2	11	-8857.013	13081.502
2	12	-8748.155	13111.378
2	13	-8806.552	13144.316
3	1	-8784.896	13094.455
3	2	-8784.695	13081.502
3	3	-8815.663	13156.263
3	4	-8791.233	13083.665
3	5	-8857.139	13082.317
3	6	-8803.729	13092.272
3	7	-8825.952	13089.809
3	8	-8786.851	13067.582
3	9	-8843.747	13082.627
3	11	-8856.856	13081.557
3	12	-8747.694	13111.546
3	13	-8807.143	13145.514
4	1	-8784.937	13094.998
4	2	-8784.702	13081.546
4	3	-8815.279	13155.32
4	4	-8791.125	13083.673
4	5	-8857.0205	13082.38
4	6	-8803.701	13092.282
4	7	-8825.952	13089.809
4	8	-8786.724	13066.776
4	9	-8843.747	13082.627
4	11	-8856.743	13081.591
4	12	-8747.372	13111.665
4	13	-8807.712	13146.682
5	1	-8784.986	13095.56
5	2	-8784.707	13081.546
5	3	-8814.881	13154.401
5	4	-8791.03	13083.691
5	5	-8856.889	13082.442
5	6	-8803.673	13092.292
5	7	-8825.952	13089.809
5	8	-8786.593	13065.977
5	9	-8843.747	13082.627
5	11	-8856.609	13081.654
5	12	-8746.904	13111.849
5	13	-8808.307	13147.886
6	1	-8785.047	13096.121
6	2	-8784.707	13081.559
6	3	-8814.495	13153.528
6	4	-8790.925	13083.706
6	5	-8856.756	13082.516
6	6	-8803.641	13092.304
6	7	-8825.952	13089.809
6	8	-8786.467	13065.174
6	9	-8843.747	13082.627
6	11	-8856.479	13081.702
6	12	-8746.56	13111.95
6	13	-8808.879	13149.081
7	1	-8785.114	13096.711
7	2	-8784.71	13081.553
7	3	-8814.127	13152.669
7	4	-8790.825	13083.726
7	5	-8856.631	13082.601
7	6	-8803.609	13092.314
7	7	-8825.952	13089.809
7	8	-8786.332	13064.34
7	9	-8843.747	13082.627
7	11	-8856.35	13081.761
7	12	-8746.095	13112.126
7	13	-8809.483	13150.358
8	1	-8785.194	13097.312
8	2	-8784.711	13081.555
8	3	-8813.74	13151.79
8	4	-8790.731	13083.748
8	5	-8856.502	13082.672
8	6	-8803.573	13092.327
8	7	-8825.952	13089.809
8	8	-8786.196	13063.563
8	9	-8843.747	13082.627
8	11	-8856.229	13081.814
8	12	-8745.758	13112.255
8	13	-8810.066	13151.606
9	1	-8785.279	13097.944
9	2	-8784.71	13081.55
9	3	-8813.344	13150.914
9	4	-8790.613	13083.765
9	5	-8856.374	13082.739
9	6	-8803.538	13092.341
9	7	-8825.952	13089.809
9	8	-8786.061	13062.831
9	9	-8843.747	13082.627
9	10	-8773.243	13063.214
9	11	-8856.099	13081.867
9	12	-8745.365	13112.362
9	13	-8810.637	13152.843
10	1	-8785.379	13098.585
10	2	-8784.712	13081.548
10	3	-8812.978	13150.091
10	4	-8790.489	13083.784
10	5	-8856.264	13082.798
10	6	-8803.498	13092.3545
10	7	-8825.952	13089.809
10	8	-8785.888	13062.01
10	9	-8843.747	13082.627
10	10	-8773.296	13063.299
10	11	-8855.984	13081.93
10	12	-8745.021	13112.474
10	13	-8811.188	13154.053
11	1	-8785.485	13099.228
11	2	-8784.709	13081.536
11	3	-8812.573	13149.225
11	4	-8790.38	13083.825
11	5	-8856.131	13082.858
11	6	-8803.459	13092.368
11	7	-8825.952	13089.809
11	8	-8785.703	13061.17
11	9	-8843.747	13082.627
11	10	-8773.302	13063.435
11	11	-8855.854	13081.97
11	12	-8744.668	13112.574
11	13	-8811.754	13155.362
12	1	-8785.606	13099.898
12	2	-8784.708	13081.536
12	3	-8812.208	13148.416
12	4	-8790.277	13083.85
12	5	-8856.017	13082.914
12	6	-8803.416	13092.383
12	7	-8825.952	13089.809
12	8	-8785.4795	13060.33
12	9	-8843.747	13082.627
12	10	-8773.369	13063.591
12	11	-8855.727	13082.033
12	12	-8744.32	13112.718
12	13	-8812.298	13156.634
13	1	-8785.739	13100.571
13	2	-8784.708	13081.543
13	3	-8811.78	13147.559
13	4	-8790.147	13083.874
13	5	-8855.899	13082.979
13	6	-8803.371	13092.399
13	7	-8825.952	13089.809
13	8	-8785.179	13059.437
13	9	-8843.747	13082.627
13	10	-8773.388	13063.753
13	11	-8855.6045	13082.084
13	12	-8743.868	13112.847
13	13	-8812.849	13157.911
14	1	-8785.887	13101.25
14	2	-8784.706	13081.536
14	3	-8811.393	13146.733
14	4	-8790.015	13083.8955
14	5	-8855.762	13083.051
14	6	-8803.324	13092.416
14	7	-8825.952	13089.809
14	8	-8784.9	13058.653
14	9	-8843.747	13082.627
14	10	-8773.458	13063.886
14	11	-8855.467	13082.14
14	12	-8743.445	13113.012
14	13	-8813.392	13159.199
15	1	-8786.043	13101.956
15	2	-8784.703	13081.54
15	3	-8811.007	13145.956
15	4	-8789.883	13083.915
15	5	-8855.647	13083.111
15	6	-8803.277	13092.433
15	7	-8825.952	13089.809
15	9	-8843.747	13082.627
15	10	-8773.521	13064.061
15	11	-8855.345	13082.205
15	12	-8743.031	13113.223
15	13	-8813.913	13160.448
16	1	-8786.207	13102.664
16	2	-8784.709	13081.543
16	3	-8810.596	13145.124
16	4	-8789.767	13083.922
16	5	-8855.518	13083.16
16	6	-8803.229	13092.45
16	7	-8825.952	13089.809
16	9	-8843.747	13082.627
16	10	-8773.572	13064.177
16	11	-8855.216	13082.245
16	12	-8742.611	13113.335
16	13	-8814.445	13161.682
17	1	-8786.4	13103.401
17	2	-8784.712	13081.549
17	3	-8810.205	13144.341
17	4	-8789.631	13083.942
17	5	-8855.384	13083.256
17	6	-8803.179	13092.469
17	7	-8825.952	13089.809
17	9	-8843.747	13082.627
17	10	-8773.593	13064.351
17	11	-8855.098	13082.306
17	12	-8742.148	13113.575
17	13	-8814.956	13162.965
17	14	-8779.387	13049.852
18	1	-8786.596	13104.145
18	2	-8784.71	13081.548
18	3	-8809.805	13143.542
18	4	-8789.483	13083.976
18	5	-8855.271	13083.31
18	6	-8803.128	13092.486
18	7	-8825.952	13089.809
18	9	-8843.747	13082.627
18	10	-8773.643	13064.516
18	11	-8854.971	13082.344
18	12	-8741.839	13113.619
18	13	-8815.458	13164.222
18	14	-8779.58	13050.635
19	1	-8786.812	13104.899
19	2	-8784.712	13081.549
19	3	-8809.39	13142.745
19	4	-8789.344	13084.014
19	5	-8855.142	13083.36
19	6	-8803.078	13092.504
19	7	-8825.952	13089.809
19	9	-8843.747	13082.627
19	11	-8854.844	13082.403
19	12	-8741.435	13113.833
19	13	-8815.979	13165.579
19	14	-8779.798	13051.459
19	15	-8820.449	13167.223
20	1	-8787.033	13105.672
20	2	-8784.706	13081.55
20	3	-8808.999	13141.954
20	4	-8789.15	13084.069
20	5	-8855.008	13083.415
20	6	-8803.027	13092.521
20	7	-8825.952	13089.809
20	9	-8843.747	13082.627
20	11	-8854.719	13082.453
20	12	-8741.015	13113.978
20	13	-8816.469	13166.888
20	14	-8779.978	13052.288
20	15	-8820.093	13166.284
21	1	-8787.278	13106.449
21	2	-8784.705	13081.543
21	3	-8808.618	13141.249
21	4	-8788.984	13084.093
21	5	-8854.8955	13083.465
21	6	-8802.977	13092.54
21	7	-8825.952	13089.809
21	9	-8843.747	13082.627
21	11	-8854.603	13082.498
21	12	-8740.6455	13114.151
21	13	-8816.986	13168.191
21	14	-8780.145	13053.1045
21	15	-8819.706	13165.314
22	1	-8787.529	13107.235
22	2	-8784.714	13081.547
22	3	-8808.189	13140.461
22	4	-8788.813	13084.139
22	5	-8854.773	13083.523
22	6	-8802.924	13092.559
22	7	-8825.952	13089.809
22	9	-8843.747	13082.627
22	10	-8773.815	13065.14
22	11	-8854.473	13082.553
22	12	-8740.278	13114.265
22	14	-8780.312	13053.95
22	15	-8819.356	13164.465
23	1	-8787.806	13108.037
23	2	-8784.713	13081.547
23	3	-8807.811	13139.74
23	4	-8788.66	13084.191
23	5	-8854.644	13083.573
23	6	-8802.871	13092.577
23	7	-8825.952	13089.809
23	9	-8843.747	13082.627
23	10	-8773.829	13065.289
23	11	-8854.343	13082.609
23	12	-8739.841	13114.486
23	14	-8780.49	13054.746
23	15	-8818.9795	13163.485
24	1	-8788.085	13108.825
24	2	-8784.707	13081.54
24	3	-8807.405	13139.007
24	4	-8788.477	13084.239
24	5	-8854.507	13083.637
24	6	-8802.819	13092.596
24	7	-8825.952	13089.809
24	9	-8843.747	13082.627
24	10	-8773.883	13065.435
24	11	-8854.207	13082.662
24	12	-8739.432	13114.573
24	14	-8780.642	13055.515
24	15	-8818.629	13162.629
25	1	-8788.382	13109.638
25	2	-8784.709	13081.539
25	3	-8807.02	13138.294
25	4	-8788.241	13084.297
25	5	-8854.393	13083.684
25	6	-8802.769	13092.615
25	7	-8825.952	13089.809
25	9	-8843.747	13082.627
25	10	-8773.932	13065.607
25	11	-8854.091	13082.721
25	12	-8739.053	13114.763
25	14	-8780.798	13056.298
25	15	-8818.271	13161.759
26	1	-8788.697	13110.471
26	2	-8784.71	13081.54
26	3	-8806.645	13137.563
26	4	-8788.063	13084.363
26	5	-8854.277	13083.754
26	6	-8802.718	13092.634
26	7	-8825.952	13089.809
26	9	-8843.747	13082.627
26	11	-8853.965	13082.772
26	12	-8738.64	13114.956
26	14	-8780.959	13057.077
26	15	-8817.909	13160.881
27	1	-8789.03	13111.31
27	2	-8784.704	13081.534
27	3	-8806.284	13136.899
27	4	-8787.902	13084.408
27	5	-8854.128	13083.816
27	6	-8802.668	13092.651
27	7	-8825.952	13089.809
27	9	-8843.747	13082.627
27	10	-8774.0	13065.912
27	11	-8853.839	13082.827
27	12	-8738.283	13115.117
27	14	-8781.104	13057.794
27	15	-8817.543	13159.978
28	1	-8789.376	13112.171
28	2	-8784.706	13081.533
28	3	-8805.913	13136.222
28	4	-8787.669	13084.456
28	5	-8854.006	13083.87
28	6	-8802.618	13092.669
28	7	-8825.952	13089.809
28	9	-8843.747	13082.627
28	10	-8774.079	13066.078
28	11	-8853.725	13082.882
28	12	-8737.8955	13115.268
28	14	-8781.241	13058.546
28	15	-8817.164	13159.061
29	1	-8789.736	13113.042
29	2	-8784.708	13081.521
29	3	-8805.567	13135.565
29	4	-8787.414	13084.53
29	5	-8853.899	13083.926
29	6	-8802.568	13092.6875
29	7	-8825.952	13089.809
29	9	-8843.747	13082.627
29	10	-8774.108	13066.232
29	11	-8853.6	13082.946
29	12	-8737.547	13115.439
29	14	-8781.365	13059.264
29	15	-8816.818	13158.226
30	1	-8790.113	13113.894
30	2	-8784.707	13081.54
30	3	-8805.217	13134.905
30	4	-8787.196	13084.606
30	5	-8853.767	13083.964
30	6	-8802.52	13092.705
30	7	-8825.952	13089.809
30	9	-8843.747	13082.627
30	11	-8853.472	13083.007
30	12	-8737.077	13115.583
30	14	-8781.49	13059.955
30	15	-8816.474	13157.423
31	1	-8790.504	13114.783
31	2	-8784.702	13081.515
31	3	-8804.871	13134.26
31	4	-8787.014	13084.659
31	5	-8853.63	13084.009
31	6	-8802.472	13092.723
31	7	-8825.952	13089.809
31	9	-8843.747	13082.627
31	10	-8774.172	13066.53
31	11	-8853.346	13083.053
31	12	-8736.814	13115.739
31	14	-8781.615	13060.656
31	15	-8816.097	13156.5625
32	1	-8790.914	13115.67
32	2	-8784.698	13081.512
32	3	-8804.517	13133.636
32	4	-8786.79	13084.742
32	5	-8853.518	13084.057
32	6	-8802.424	13092.74
32	7	-8825.952	13089.809
32	9	-8843.747	13082.627
32	10	-8774.232	13066.676
32	11	-8853.217	13083.121
32	12	-8736.363	13115.903
32	14	-8781.732	13061.326
32	15	-8815.75	13155.767
32	16	-8870.041	13062.016
33	1	-8791.337	13116.552
33	2	-8784.706	13081.508
33	3	-8804.193	13133.052
33	4	-8786.548	13084.822
33	5	-8853.384	13084.114
33	6	-8802.377	13092.757
33	7	-8825.952	13089.809
33	9	-8843.747	13082.627
33	10	-8774.295	13066.818
33	11	-8853.087	13083.183
33	12	-8735.923	13116.106
33	14	-8781.844	13061.984
33	15	-8815.384	13154.932
33	16	-8869.457	13062.234
33	17	-8732.618	13124.565
34	1	-8791.785	13117.465
34	2	-8784.7	13081.498
34	3	-8803.86	13132.446
34	4	-8786.339	13084.9
34	5	-8853.238	13084.162
34	6	-8802.329	13092.775
34	7	-8825.952	13089.809
34	9	-8843.747	13082.627
34	10	-8774.326	13066.995
34	11	-8852.978	13083.227
34	12	-8735.555	13116.286
34	14	-8781.945	13062.622
34	15	-8815.027	13154.132
34	16	-8868.897	13062.498
34	17	-8733.615	13124.182
35	1	-8792.241	13118.374
35	2	-8784.701	13081.489
35	3	-8803.525	13131.827
35	4	-8786.173	13084.955
35	5	-8853.112	13084.217
35	6	-8802.281	13092.793
35	7	-8825.952	13089.809
35	9	-8843.747	13082.627
35	10	-8774.353	13067.166
35	11	-8852.853	13083.313
35	12	-8735.183	13116.443
35	14	-8782.048	13063.247
35	15	-8814.659	13153.33
35	16	-8868.345	13062.725
35	17	-8734.565	13123.827
36	1	-8792.713	13119.304
36	2	-8784.7	13081.51
36	3	-8803.205	13131.248
36	4	-8785.964	13085.023
36	5	-8853.001	13084.279
36	6	-8802.231	13092.812
36	7	-8825.952	13089.809
36	9	-8843.747	13082.627
36	10	-8774.421	13067.289
36	11	-8852.736	13083.37
36	12	-8734.731	13116.626
36	14	-8782.1455	13063.865
36	15	-8814.294	13152.524
36	16	-8867.895	13062.923
36	17	-8735.572	13123.479
37	1	-8793.204	13120.244
37	2	-8784.702	13081.518
37	3	-8802.89	13130.67
37	4	-8785.733	13085.105
37	5	-8852.874	13084.323
37	6	-8802.184	13092.828
37	7	-8825.952	13089.809
37	9	-8843.747	13082.627
37	10	-8774.473	13067.453
37	11	-8852.611	13083.417
37	12	-8734.332	13116.817
37	14	-8782.24	13064.45
37	15	-8813.923	13151.746
37	16	-8867.311	13063.177
37	17	-8736.488	13123.08
38	1	-8793.709	13121.193
38	2	-8784.706	13081.512
38	3	-8802.589	13130.104
38	4	-8785.5205	13085.189
38	5	-8852.728	13084.3955
38	6	-8802.135	13092.845
38	7	-8825.952	13089.809
38	9	-8843.747	13082.627
38	10	-8774.496	13067.608
38	11	-8852.504	13083.488
38	12	-8733.942	13116.975
38	14	-8782.329	13065.022
38	15	-8813.571	13150.991
38	16	-8866.817	13063.374
38	17	-8737.474	13122.696
39	1	-8794.225	13122.142
39	2	-8784.7	13081.5
39	3	-8802.295	13129.546
39	4	-8785.327	13085.272
39	5	-8852.6	13084.444
39	6	-8802.084	13092.864
39	7	-8825.952	13089.809
39	9	-8843.747	13082.627
39	10	-8774.545	13067.745
39	11	-8852.375	13083.526
39	12	-8733.43	13117.187
39	14	-8782.408	13065.587
39	15	-8813.211	13150.244
39	16	-8866.286	13063.6
39	17	-8738.436	13122.306
40	1	-8794.753	13123.097
40	2	-8784.699	13081.504
40	3	-8802.013	13129.024
40	4	-8785.123	13085.345
40	5	-8852.454	13084.48
40	6	-8802.033	13092.883
40	7	-8825.952	13089.809
40	9	-8843.747	13082.627
40	10	-8774.597	13067.895
40	11	-8852.267	13083.597
40	12	-8733.132	13117.323
40	14	-8782.494	13066.152
40	15	-8812.872	13149.536
40	16	-8865.779	13063.842
40	17	-8739.367	13121.933
41	1	-8795.296	13124.054
41	2	-8784.695	13081.495
41	3	-8801.721	13128.488
41	4	-8784.907	13085.433
41	5	-8852.325	13084.537
41	6	-8801.978	13092.902
41	7	-8825.952	13089.809
41	9	-8843.747	13082.627
41	10	-8774.641	13068.033
41	11	-8852.12	13083.657
41	12	-8732.714	13117.531
41	14	-8782.57	13066.685
41	15	-8812.503	13148.789
41	16	-8865.287	13064.024
41	17	-8740.333	13121.563
42	1	-8795.8545	13125.034
42	2	-8784.693	13081.488
42	3	-8801.438	13127.944
42	4	-8784.703	13085.509
42	5	-8852.2	13084.576
42	6	-8801.915	13092.924
42	7	-8825.952	13089.809
42	9	-8843.747	13082.627
42	10	-8774.703	13068.209
42	11	-8852.002	13083.707
42	12	-8732.418	13117.613
42	14	-8782.64	13067.204
42	15	-8812.15	13148.089
42	16	-8864.697	13064.319
42	17	-8741.259	13121.184
43	1	-8796.415	13126.032
43	2	-8784.696	13081.489
43	3	-8801.148	13127.411
43	4	-8784.518	13085.586
43	5	-8852.075	13084.615
43	6	-8801.849	13092.946
43	7	-8825.952	13089.809
43	9	-8843.747	13082.627
43	10	-8774.706	13068.333
43	11	-8851.89	13083.758
43	12	-8732.033	13117.796
43	14	-8782.712	13067.695
43	15	-8811.781	13147.3545
43	16	-8864.167	13064.52
43	17	-8742.196	13120.805
44	1	-8796.978	13127.024
44	2	-8784.698	13081.499
44	3	-8800.874	13126.887
44	4	-8784.321	13085.659
44	5	-8851.948	13084.662
44	6	-8801.775	13092.972
44	7	-8825.952	13089.809
44	9	-8843.747	13082.627
44	10	-8774.765	13068.55
44	11	-8851.776	13083.81
44	12	-8731.633	13117.961
44	14	-8782.775	13068.165
44	15	-8811.432	13146.693
44	16	-8863.698	13064.713
44	17	-8743.115	13120.427
44	18	-8777.842	13042.656
45	1	-8797.541	13128.034
45	2	-8784.691	13081.516
45	3	-8800.608	13126.375
45	4	-8784.125	13085.738
45	5	-8851.819	13084.707
45	6	-8801.697	13092.999
45	7	-8825.952	13089.809
45	9	-8843.747	13082.627
45	10	-8774.805	13068.678
45	11	-8851.653	13083.876
45	12	-8731.125	13118.17
45	14	-8782.834	13068.621
45	15	-8811.064	13145.965
45	16	-8863.142	13064.942
45	17	-8744.092	13120.049
45	18	-8778.055	13043.497
46	1	-8798.112	13129.053
46	2	-8784.6875	13081.49
46	3	-8800.349	13125.868
46	4	-8783.94	13085.815
46	5	-8851.683	13084.769
46	6	-8801.612	13093.028
46	7	-8825.952	13089.809
46	9	-8843.747	13082.627
46	10	-8774.873	13068.839
46	11	-8851.535	13083.923
46	12	-8730.812	13118.304
46	14	-8782.8955	13069.08
46	15	-8810.715	13145.306
46	16	-8862.625	13065.167
46	17	-8745.031	13119.671
46	18	-8778.23	13044.259
47	1	-8798.694	13130.077
47	2	-8784.688	13081.488
47	3	-8800.084	13125.379
47	4	-8783.781	13085.863
47	5	-8851.546	13084.826
47	6	-8801.5205	13093.059
47	7	-8825.952	13089.809
47	9	-8843.747	13082.627
47	10	-8774.898	13068.983
47	11	-8851.414	13083.964
47	14	-8782.957	13069.499
47	15	-8810.39	13144.678
47	16	-8862.133	13065.399
47	17	-8745.959	13119.302
47	18	-8778.401	13045.041
48	1	-8799.289	13131.14
48	2	-8784.6875	13081.48
48	3	-8799.841	13124.904
48	4	-8783.559	13085.972
48	5	-8851.41	13084.889
48	6	-8801.421	13093.091
48	7	-8825.952	13089.809
48	9	-8843.747	13082.627
48	10	-8774.939	13069.141
48	11	-8851.286	13084.033
48	14	-8783.01	13069.925
48	15	-8810.073	13144.044
48	16	-8861.575	13065.668
48	17	-8746.918	13118.9
48	18	-8778.574	13045.83
49	1	-8799.904	13132.218
49	2	-8784.694	13081.495
49	3	-8799.594	13124.436
49	4	-8783.367	13086.045
49	5	-8851.278	13084.943
49	6	-8801.314	13093.125
49	7	-8825.952	13089.809
49	9	-8843.747	13082.627
49	10	-8775.009	13069.296
49	11	-8851.174	13084.092
49	14	-8783.059	13070.293
49	15	-8809.733	13143.383
49	16	-8861.014	13065.89
49	17	-8747.859	13118.527
49	18	-8778.737	13046.628
50	1	-8800.548	13133.339
50	2	-8784.694	13081.495
50	3	-8799.359	13123.99
50	4	-8783.202	13086.105
50	5	-8851.137	13084.999
50	6	-8801.2	13093.16
50	7	-8825.952	13089.809
50	9	-8843.747	13082.627
50	10	-8775.061	13069.486
50	11	-8851.034	13084.134
50	14	-8783.102	13070.659
50	15	-8809.384	13142.75
50	16	-8860.435	13066.146
50	17	-8748.74	13118.156
50	18	-8778.891	13047.381
51	1	-8801.143	13134.368
51	2	-8784.692	13081.496
51	3	-8799.109	13123.515
51	4	-8783.039	13086.179
51	5	-8851.006	13085.018
51	6	-8801.077	13093.197
51	7	-8825.952	13089.809
51	9	-8843.747	13082.627
51	11	-8850.907	13084.179
51	14	-8783.143	13071.007
51	15	-8809.0625	13142.148
51	16	-8859.968	13066.327
51	17	-8749.669	13117.789
51	18	-8779.046	13048.117
52	1	-8801.75	13135.422
52	2	-8784.696	13081.506
52	3	-8798.878	13123.0625
52	4	-8782.85	13086.247
52	5	-8850.88	13085.078
52	6	-8800.946	13093.235
52	7	-8825.952	13089.809
52	9	-8843.747	13082.627
52	11	-8850.786	13084.226
52	14	-8783.188	13071.351
52	15	-8808.751	13141.55
52	16	-8859.458	13066.563
52	17	-8750.579	13117.428
52	18	-8779.188	13048.845
53	1	-8802.392	13136.545
53	2	-8784.693	13081.504
53	3	-8798.646	13122.621
53	4	-8782.652	13086.332
53	5	-8850.752	13085.128
53	6	-8800.808	13093.274
53	7	-8825.952	13089.809
53	9	-8843.747	13082.627
53	11	-8850.649	13084.278
53	14	-8783.222	13071.659
53	15	-8808.438	13140.982
53	16	-8858.897	13066.836
53	17	-8751.469	13117.076
53	18	-8779.334	13049.566
54	1	-8803.017	13137.666
54	2	-8784.697	13081.524
54	3	-8798.429	13122.196
54	4	-8782.518	13086.374
54	5	-8850.616	13085.198
54	6	-8800.661	13093.313
54	7	-8825.952	13089.809
54	9	-8843.747	13082.627
54	11	-8850.513	13084.348
54	14	-8783.256	13071.964
54	15	-8808.119	13140.388
54	16	-8858.375	13067.0205
54	17	-8752.34	13116.725
54	18	-8779.475	13050.269
55	1	-8803.644	13138.769
55	2	-8784.704	13081.551
55	3	-8798.219	13121.78
55	4	-8782.388	13086.421
55	5	-8850.487	13085.252
55	6	-8800.508	13093.354
55	7	-8825.952	13089.809
55	9	-8843.747	13082.627
55	10	-8775.313	13070.264
55	11	-8850.38	13084.394
55	14	-8783.288	13072.236
55	15	-8807.823	13139.856
55	16	-8857.855	13067.295
55	17	-8753.215	13116.385
55	18	-8779.61	13050.965
55	19	-8730.468	13125.22
56	1	-8804.287	13139.916
56	2	-8784.7	13081.565
56	3	-8798.012	13121.376
56	4	-8782.236	13086.49
56	5	-8850.354	13085.32
56	6	-8800.348	13093.392
56	7	-8825.952	13089.809
56	9	-8843.747	13082.627
56	10	-8775.368	13070.413
56	11	-8850.259	13084.425
56	14	-8783.321	13072.495
56	15	-8807.534	13139.312
56	16	-8857.354	13067.504
56	17	-8754.068	13116.045
56	18	-8779.738	13051.633
56	19	-8731.364	13124.883
57	1	-8804.9375	13141.103
57	2	-8784.703	13081.586
57	3	-8797.819	13120.991
57	4	-8782.076	13086.555
57	5	-8850.229	13085.369
57	6	-8800.182	13093.429
57	7	-8825.952	13089.809
57	9	-8843.747	13082.627
57	11	-8850.115	13084.486
57	14	-8783.345	13072.738
57	15	-8807.23	13138.751
57	16	-8856.79	13067.751
57	17	-8754.896	13115.723
57	18	-8779.866	13052.278
57	19	-8732.258	13124.5205
58	1	-8805.608	13142.316
58	2	-8784.705	13081.607
58	3	-8797.625	13120.606
58	4	-8781.936	13086.608
58	5	-8850.1	13085.439
58	6	-8800.008	13093.464
58	7	-8825.952	13089.809
58	9	-8843.747	13082.627
58	11	-8849.989	13084.537
58	14	-8783.374	13072.959
58	15	-8806.954	13138.233
58	16	-8856.293	13067.954
58	17	-8755.722	13115.391
58	18	-8779.991	13052.925
58	19	-8733.152	13124.165
59	1	-8806.254	13143.503
59	2	-8784.698	13081.596
59	3	-8797.446	13120.236
59	4	-8781.795	13086.671
59	5	-8849.974	13085.486
59	6	-8799.825	13093.497
59	7	-8825.952	13089.809
59	9	-8843.747	13082.627
59	11	-8849.852	13084.597
59	14	-8783.399	13073.185
59	15	-8806.656	13137.696
59	16	-8855.8	13068.143
59	17	-8756.532	13115.065
59	18	-8780.115	13053.566
59	19	-8734.026	13123.833
60	2	-8784.706	13081.641
60	3	-8797.275	13119.89
60	4	-8781.674	13086.714
60	5	-8849.838	13085.543
60	6	-8799.637	13093.529
60	7	-8825.952	13089.809
60	9	-8843.747	13082.627
60	11	-8849.696	13084.636
60	14	-8783.412	13073.375
60	15	-8806.381	13137.208
60	16	-8855.264	13068.364
60	17	-8757.36	13114.738
60	18	-8780.227	13054.179
60	19	-8734.921	13123.487
61	2	-8784.702	13081.628
61	3	-8797.1045	13119.539
61	4	-8781.513	13086.76
61	5	-8849.708	13085.596
61	6	-8799.441	13093.558
61	7	-8825.952	13089.809
61	9	-8843.747	13082.627
61	11	-8849.551	13084.687
61	14	-8783.431	13073.557
61	15	-8806.092	13136.696
61	16	-8854.74	13068.596
61	17	-8758.151	13114.434
61	18	-8780.34	13054.764
61	19	-8735.82	13123.139
62	2	-8784.712	13081.67
62	3	-8796.945	13119.208
62	4	-8781.357	13086.796
62	5	-8849.572	13085.64
62	6	-8799.239	13093.582
62	7	-8825.952	13089.809
62	9	-8843.747	13082.627
62	11	-8849.417	13084.725
62	14	-8783.445	13073.715
62	15	-8805.826	13136.224
62	16	-8854.183	13068.865
62	17	-8758.921	13114.127
62	18	-8780.454	13055.372
62	19	-8736.698	13122.809
63	2	-8784.711	13081.681
63	3	-8796.796	13118.911
63	4	-8781.21	13086.846
63	5	-8849.436	13085.689
63	6	-8799.029	13093.603
63	7	-8825.952	13089.809
63	9	-8843.747	13082.627
63	11	-8849.256	13084.781
63	14	-8783.457	13073.852
63	15	-8805.566	13135.763
63	16	-8853.691	13069.061
63	17	-8759.653	13113.837
63	18	-8780.554	13055.949
63	19	-8737.579	13122.453
64	2	-8784.71	13081.708
64	3	-8796.643	13118.6
64	4	-8781.07	13086.894
64	5	-8849.276	13085.759
64	6	-8798.812	13093.62
64	7	-8825.952	13089.809
64	9	-8843.747	13082.627
64	11	-8849.13	13084.831
64	14	-8783.473	13073.998
64	15	-8805.328	13135.318
64	16	-8853.1455	13069.288
64	17	-8760.415	13113.532
64	18	-8780.659	13056.503
64	19	-8738.46	13122.109
65	2	-8784.714	13081.729
65	3	-8796.502	13118.306
65	4	-8780.931	13086.949
65	5	-8849.131	13085.818
65	6	-8798.587	13093.634
65	7	-8825.952	13089.809
65	9	-8843.747	13082.627
65	11	-8848.973	13084.891
65	14	-8783.484	13074.127
65	15	-8805.083	13134.889
65	16	-8852.688	13069.49
65	17	-8761.144	13113.236
65	18	-8780.768	13057.054
65	19	-8739.315	13121.78
65	20	-8810.017	13151.206
66	2	-8784.718	13081.795
66	3	-8796.371	13118.024
66	4	-8780.776	13086.995
66	5	-8848.988	13085.881
66	6	-8798.332	13093.642
66	7	-8825.952	13089.809
66	9	-8843.747	13082.627
66	11	-8848.845	13084.934
66	14	-8783.492	13074.248
66	15	-8804.842	13134.446
66	16	-8852.135	13069.734
66	17	-8761.844	13112.956
66	18	-8780.867	13057.585
66	19	-8740.206	13121.439
66	20	-8810.701	13152.672
67	2	-8784.722	13081.854
67	3	-8796.243	13117.75
67	4	-8780.623	13087.028
67	5	-8848.853	13085.942
67	6	-8798.093	13093.641
67	7	-8825.952	13089.809
67	9	-8843.747	13082.627
67	11	-8848.699	13084.999
67	14	-8783.504	13074.357
67	15	-8804.611	13134.038
67	16	-8851.621	13069.973
67	17	-8762.529	13112.682
67	18	-8780.962	13058.1045
67	19	-8741.052	13121.12
67	20	-8811.332	13154.093
68	2	-8784.7295	13081.948
68	3	-8796.121	13117.49
68	4	-8780.503	13087.066
68	5	-8848.713	13086.009
68	6	-8797.849	13093.632
68	7	-8825.952	13089.809
68	9	-8843.747	13082.627
68	11	-8848.558	13085.047
68	14	-8783.513	13074.467
68	15	-8804.39	13133.631
68	16	-8851.084	13070.164
68	17	-8763.212	13112.405
68	18	-8781.056	13058.614
68	19	-8741.906	13120.793
68	20	-8811.953	13155.503
69	2	-8784.732	13081.999
69	3	-8796.017	13117.249
69	4	-8780.362	13087.115
69	5	-8848.568	13086.059
69	6	-8797.601	13093.614
69	7	-8825.952	13089.809
69	9	-8843.747	13082.627
69	11	-8848.418	13085.101
69	14	-8783.521	13074.56
69	15	-8804.175	13133.242
69	16	-8850.619	13070.389
69	17	-8763.866	13112.139
69	18	-8781.143	13059.109
69	19	-8742.752	13120.457
69	20	-8812.599	13156.975
70	2	-8784.743	13082.083
70	3	-8795.914	13117.015
70	4	-8780.197	13087.151
70	5	-8848.432	13086.098
70	6	-8797.349	13093.586
70	7	-8825.952	13089.809
70	9	-8843.747	13082.627
70	11	-8848.287	13085.131
70	14	-8783.53	13074.637
70	15	-8803.958	13132.837
70	16	-8850.041	13070.637
70	17	-8764.509	13111.887
70	18	-8781.223	13059.6045
70	19	-8743.601	13120.132
70	20	-8813.257	13158.469
71	2	-8784.745	13082.153
71	3	-8795.817	13116.804
71	4	-8780.028	13087.194
71	5	-8848.289	13086.142
71	6	-8797.091	13093.546
71	7	-8825.952	13089.809
71	9	-8843.747	13082.627
71	11	-8848.159	13085.183
71	14	-8783.541	13074.731
71	15	-8803.739	13132.447
71	16	-8849.618	13070.805
71	17	-8765.136	13111.639
71	18	-8781.304	13060.066
71	19	-8744.415	13119.816
71	20	-8813.905	13159.955
72	2	-8784.757	13082.246
72	3	-8795.718	13116.589
72	4	-8779.883	13087.243
72	5	-8848.158	13086.185
72	6	-8796.83	13093.495
72	7	-8825.952	13089.809
72	9	-8843.747	13082.627
72	11	-8848.039	13085.249
72	14	-8783.552	13074.813
72	15	-8803.543	13132.097
72	16	-8849.061	13071.034
72	17	-8765.71	13111.41
72	18	-8781.38	13060.54
72	19	-8745.218	13119.512
72	20	-8814.534	13161.44
73	2	-8784.764	13082.337
73	3	-8795.633	13116.396
73	4	-8779.738	13087.274
73	5	-8848.0205	13086.243
73	6	-8796.567	13093.432
73	7	-8825.952	13089.809
73	9	-8843.747	13082.627
73	11	-8847.923	13085.297
73	14	-8783.563	13074.925
73	15	-8803.348	13131.749
73	16	-8848.68	13071.233
73	17	-8766.291	13111.181
73	18	-8781.459	13060.977
73	19	-8746.017	13119.21
73	20	-8815.185	13162.958
74	2	-8784.775	13082.417
74	3	-8795.554	13116.211
74	4	-8779.603	13087.308
74	5	-8847.895	13086.295
74	6	-8796.302	13093.357
74	7	-8825.952	13089.809
74	9	-8843.747	13082.627
74	11	-8847.792	13085.366
74	14	-8783.576	13075.016
74	15	-8803.157	13131.403
74	16	-8848.115	13071.485
74	17	-8766.833	13110.962
74	18	-8781.532	13061.396
74	19	-8746.783	13118.915
74	20	-8815.849	13164.556
75	2	-8784.782	13082.511
75	3	-8795.477	13116.036
75	4	-8779.455	13087.346
75	5	-8847.76	13086.342
75	6	-8796.031	13093.271
75	7	-8825.952	13089.809
75	9	-8843.747	13082.627
75	11	-8847.679	13085.4
75	14	-8783.582	13075.085
75	15	-8802.9795	13131.075
75	16	-8847.615	13071.707
75	17	-8767.33	13110.765
75	18	-8781.603	13061.816
75	19	-8747.528	13118.624
75	20	-8816.514	13166.153
76	2	-8784.79	13082.619
76	3	-8795.402	13115.872
76	4	-8779.317	13087.368
76	5	-8847.637	13086.409
76	6	-8795.76	13093.174
76	7	-8825.952	13089.809
76	9	-8843.747	13082.627
76	11	-8847.582	13085.434
76	14	-8783.597	13075.198
76	15	-8802.794	13130.752
76	16	-8847.089	13071.97
76	17	-8767.844	13110.56
76	18	-8781.671	13062.2295
76	19	-8748.286	13118.33
77	2	-8784.799	13082.743
77	3	-8795.344	13115.7295
77	4	-8779.188	13087.389
77	5	-8847.508	13086.462
77	6	-8795.487	13093.063
77	7	-8825.952	13089.809
77	9	-8843.747	13082.627
77	11	-8847.458	13085.504
77	14	-8783.6045	13075.287
77	15	-8802.638	13130.457
77	16	-8846.611	13072.206
77	17	-8768.31	13110.374
77	18	-8781.74	13062.629
77	19	-8749.003	13118.042
78	2	-8784.816	13082.904
78	3	-8795.286	13115.586
78	4	-8779.05	13087.438
78	5	-8847.39	13086.498
78	6	-8795.216	13092.94
78	7	-8825.952	13089.809
78	9	-8843.747	13082.627
78	11	-8847.32	13085.56
78	14	-8783.62	13075.391
78	15	-8802.453	13130.134
78	16	-8846.128	13072.406
78	17	-8768.779	13110.192
78	18	-8781.802	13063.002
78	19	-8749.712	13117.764
79	2	-8784.832	13083.057
79	3	-8795.241	13115.472
79	4	-8778.909	13087.461
79	5	-8847.273	13086.555
79	6	-8794.943	13092.804
79	7	-8825.952	13089.809
79	9	-8843.747	13082.627
79	11	-8847.199	13085.623
79	14	-8783.632	13075.501
79	15	-8802.301	13129.862
79	16	-8845.644	13072.609
79	17	-8769.201	13110.029
79	18	-8781.862	13063.376
79	19	-8750.409	13117.492
80	2	-8784.844	13083.187
80	3	-8795.189	13115.3545
80	4	-8778.772	13087.508
80	5	-8847.14	13086.614
80	6	-8794.67	13092.656
80	7	-8825.952	13089.809
80	9	-8843.747	13082.627
80	11	-8847.0625	13085.666
80	14	-8783.643	13075.607
80	15	-8802.14	13129.563
80	16	-8845.142	13072.833
80	17	-8769.621	13109.865
80	18	-8781.919	13063.728
80	19	-8751.097	13117.228
81	2	-8784.863	13083.353
81	3	-8795.152	13115.257
81	4	-8778.608	13087.537
81	5	-8847.011	13086.643
81	6	-8794.397	13092.494
81	7	-8825.952	13089.809
81	9	-8843.747	13082.627
81	11	-8846.927	13085.738
81	14	-8783.652	13075.713
81	15	-8801.984	13129.274
81	16	-8844.566	13073.079
81	17	-8770.006	13109.705
81	18	-8781.972	13064.06
81	19	-8751.758	13116.97
82	2	-8784.881	13083.521
82	3	-8795.118	13115.169
82	4	-8778.484	13087.577
82	5	-8846.881	13086.691
82	6	-8794.126	13092.318
82	7	-8825.952	13089.809
82	9	-8843.747	13082.627
82	11	-8846.815	13085.778
82	14	-8783.665	13075.8125
82	15	-8801.839	13129.017
82	16	-8844.106	13073.278
82	17	-8770.382	13109.56
82	18	-8782.028	13064.363
82	19	-8752.438	13116.699
83	2	-8784.895	13083.674
83	3	-8795.088	13115.096
83	4	-8778.358	13087.586
83	5	-8846.752	13086.741
83	6	-8793.854	13092.131
83	7	-8825.952	13089.809
83	9	-8843.747	13082.627
83	11	-8846.698	13085.842
83	14	-8783.678	13075.935
83	15	-8801.676	13128.711
83	16	-8843.625	13073.5
83	17	-8770.699	13109.433
83	18	-8782.077	13064.677
83	19	-8753.093	13116.44
83	21	-8863.411	13065.054
84	2	-8784.915	13083.864
84	3	-8795.058	13115.0205
84	4	-8778.218	13087.64
84	5	-8846.619	13086.804
84	6	-8793.555	13091.909
84	7	-8825.952	13089.809
84	9	-8843.747	13082.627
84	11	-8846.578	13085.891
84	14	-8783.691	13076.058
84	15	-8801.541	13128.47
84	16	-8843.15	13073.677
84	17	-8771.015	13109.308
84	18	-8782.121	13064.958
84	19	-8753.736	13116.188
84	21	-8862.936	13065.409
84	22	-8729.461	13128.231
85	2	-8784.935	13084.05
85	3	-8795.037	13114.97
85	4	-8778.085	13087.66
85	5	-8846.484	13086.871
85	6	-8793.284	13091.696
85	7	-8825.952	13089.809
85	9	-8843.747	13082.627
85	11	-8846.444	13085.961
85	14	-8783.704	13076.171
85	15	-8801.407	13128.226
85	16	-8842.618	13073.884
85	17	-8771.291	13109.198
85	18	-8782.168	13065.235
85	19	-8754.3545	13115.951
85	21	-8862.28	13065.721
85	22	-8730.059	13128.027
86	2	-8784.96	13084.251
86	3	-8795.022	13114.919
86	4	-8777.977	13087.696
86	5	-8846.366	13086.907
86	6	-8793.019	13091.47
86	7	-8825.952	13089.809
86	9	-8843.747	13082.627
86	11	-8846.336	13086.002
86	14	-8783.717	13076.306
86	15	-8801.268	13127.979
86	16	-8842.152	13074.084
86	17	-8771.542	13109.095
86	18	-8782.204	13065.488
86	19	-8754.973	13115.709
86	21	-8861.661	13066.007
86	22	-8730.775	13127.748
87	2	-8784.98	13084.437
87	3	-8795.01	13114.88
87	4	-8777.85	13087.726
87	5	-8846.233	13086.966
87	6	-8792.757	13091.2295
87	7	-8825.952	13089.809
87	9	-8843.747	13082.627
87	11	-8846.181	13086.088
87	14	-8783.728	13076.435
87	15	-8801.13	13127.739
87	16	-8841.644	13074.271
87	17	-8771.768	13109.011
87	18	-8782.24	13065.738
87	19	-8755.57	13115.478
87	21	-8861.046	13066.29
87	22	-8731.391	13127.485
88	2	-8785.002	13084.642
88	3	-8795.002	13114.854
88	4	-8777.718	13087.737
88	5	-8846.11	13087.028
88	6	-8792.502	13090.976
88	7	-8825.952	13089.809
88	9	-8843.747	13082.627
88	11	-8846.058	13086.141
88	14	-8783.742	13076.566
88	15	-8801.012	13127.514
88	16	-8841.181	13074.454
88	17	-8771.983	13108.93
88	18	-8782.275	13065.949
88	19	-8756.14	13115.258
88	21	-8860.34	13066.6045
88	22	-8732.058	13127.238
89	2	-8785.036	13084.862
89	3	-8794.992	13114.831
89	4	-8777.582	13087.785
89	5	-8845.99	13087.078
89	6	-8792.258	13090.706
89	7	-8825.952	13089.809
89	9	-8843.747	13082.627
89	11	-8845.938	13086.182
89	14	-8783.758	13076.686
89	15	-8800.882	13127.279
89	16	-8840.671	13074.65
89	17	-8772.169	13108.86
89	18	-8782.31	13066.164
89	19	-8756.709	13115.038
89	21	-8859.641	13066.895
89	22	-8732.709	13127.021
90	2	-8785.075	13085.096
90	3	-8794.98	13114.8
90	4	-8777.451	13087.8125
90	5	-8845.866	13087.135
90	6	-8792.018	13090.425
90	7	-8825.952	13089.809
90	9	-8843.747	13082.627
90	11	-8845.8125	13086.235
90	14	-8783.768	13076.822
90	15	-8800.764	13127.058
90	16	-8840.165	13074.845
90	17	-8772.333	13108.794
90	18	-8782.347	13066.383
90	19	-8757.254	13114.826
90	21	-8859.021	13067.159
90	22	-8733.47	13126.745
