0	1	949.663	-3977.711
0	2	961.45526	-4009.965
0	3	954.35754	-3944.742
0	4	950.3674	-3954.7002
0	5	957.27606	-3936.3638
0	6	944.9013	-3941.7603
0	7	943.82697	-3939.0127
0	8	943.897	-3936.4724
0	9	951.16034	-3933.2378
0	10	955.4403	-3908.5312
0	11	987.2775	-3937.3962
0	12	951.6858	-3909.779
0	13	1001.5079	-3937.7502
0	14	1004.9542	-3927.6104
0	15	949.8982	-4017.476
1	1	950.01996	-3977.788
1	2	961.4475	-4009.1228
1	3	954.34296	-3945.258
1	4	950.3674	-3954.7002
1	5	957.28485	-3937.0374
1	6	944.9013	-3941.7603
1	7	943.82697	-3939.0127
1	8	943.897	-3936.4724
1	9	951.16034	-3933.2378
1	10	955.4272	-3909.3125
1	11	987.2775	-3937.3962
1	12	951.6858	-3909.779
1	13	1001.5079	-3937.7502
1	14	1004.9542	-3927.6104
1	15	949.8982	-4017.476
1	16	971.5476	-3884.2837
2	1	950.4174	-3977.8965
2	2	961.4681	-4008.3057
2	3	954.3298	-3945.7725
2	4	950.3674	-3954.7002
2	5	957.2963	-3937.7156
2	6	944.9013	-3941.7603
2	7	943.82697	-3939.0127
2	8	943.897	-3936.4724
2	9	951.16034	-3933.2378
2	10	955.41266	-3910.1306
2	11	987.2775	-3937.3962
2	12	951.6858	-3909.779
2	13	1001.5079	-3937.7502
2	14	1004.9542	-3927.6104
2	15	949.8982	-4017.476
2	16	971.5476	-3884.2837
3	1	950.8173	-3978.0115
3	2	961.4546	-4007.4922
3	3	954.31384	-3946.285
3	4	950.3674	-3954.7002
3	5	957.2978	-3938.3962
3	6	944.9013	-3941.7603
3	7	943.82697	-3939.0127
3	8	943.897	-3936.4724
3	9	951.16034	-3933.2378
3	10	955.3822	-3910.9192
3	11	987.2775	-3937.3962
3	12	951.6858	-3909.779
3	13	1001.5079	-3937.7502
3	14	1004.9542	-3927.6104
3	15	949.8982	-4017.476
3	16	971.5476	-3884.2837
3	17	991.35834	-4013.3242
4	1	951.2356	-3978.131
4	2	961.4378	-4006.6892
4	3	954.2993	-3946.797
4	4	950.3674	-3954.7002
4	5	957.29895	-3939.0679
4	6	944.9013	-3941.7603
4	7	943.82697	-3939.0127
4	8	943.897	-3936.4724
4	9	951.16034	-3933.2378
4	10	955.3579	-3911.6895
4	11	987.2775	-3937.3962
4	12	951.6858	-3909.779
4	13	1001.5079	-3937.7502
4	14	1004.9542	-3927.6104
4	15	949.8982	-4017.476
4	16	971.5476	-3884.2837
4	17	991.35834	-4013.3242
5	1	951.64996	-3978.2664
5	2	961.4415	-4005.9067
5	3	954.28436	-3947.3103
5	4	950.3674	-3954.7002
5	5	957.2983	-3939.7388
5	6	944.9013	-3941.7603
5	7	943.82697	-3939.0127
5	8	943.897	-3936.4724
5	9	951.16034	-3933.2378
5	10	955.3505	-3912.4963
5	11	987.2775	-3937.3962
5	12	951.6858	-3909.779
5	13	1001.5079	-3937.7502
5	14	1004.9542	-3927.6104
5	15	949.8982	-4017.476
5	16	971.5476	-3884.2837
5	17	991.35834	-4013.3242
6	1	952.0745	-3978.406
6	2	961.4295	-4005.192
6	3	954.26935	-3947.824
6	4	950.3674	-3954.7002
6	5	957.3052	-3940.41
6	6	944.9013	-3941.7603
6	7	943.82697	-3939.0127
6	8	943.897	-3936.4724
6	9	951.16034	-3933.2378
6	10	955.32825	-3913.262
6	11	987.2775	-3937.3962
6	12	951.6858	-3909.779
6	13	1001.5079	-3937.7502
6	14	1004.9542	-3927.6104
6	15	949.8982	-4017.476
6	16	971.5476	-3884.2837
6	17	991.35834	-4013.3242
7	1	952.5214	-3978.566
7	2	961.41754	-4004.4783
7	3	954.25574	-3948.339
7	4	950.3674	-3954.7002
7	5	957.2994	-3941.068
7	6	944.9013	-3941.7603
7	7	943.82697	-3939.0127
7	8	943.897	-3936.4724
7	9	951.16034	-3933.2378
7	10	955.313	-3914.0474
7	11	987.2775	-3937.3962
7	12	951.6858	-3909.779
7	13	1001.5079	-3937.7502
7	14	1004.9542	-3927.6104
7	15	949.8982	-4017.476
7	16	971.5476	-3884.2837
7	17	991.35834	-4013.3242
8	1	952.9546	-3978.733
8	2	961.4151	-4003.783
8	3	954.2405	-3948.857
8	4	950.3674	-3954.7002
8	5	957.2973	-3941.7397
8	6	944.9013	-3941.7603
8	7	943.82697	-3939.0127
8	8	943.897	-3936.4724
8	9	951.16034	-3933.2378
8	10	955.29486	-3914.8103
8	11	987.2775	-3937.3962
8	12	951.6858	-3909.779
8	14	1004.9542	-3927.6104
8	15	949.8982	-4017.476
8	16	971.5476	-3884.2837
8	17	991.35834	-4013.3242
9	1	953.40906	-3978.8914
9	2	961.4005	-4003.1177
9	3	954.22546	-3949.3762
9	4	950.3674	-3954.7002
9	5	957.2952	-3942.4238
9	6	944.9013	-3941.7603
9	7	943.82697	-3939.0127
9	8	943.897	-3936.4724
9	9	951.16034	-3933.2378
9	10	955.2773	-3915.5786
9	11	987.2775	-3937.3962
9	12	951.6858	-3909.779
9	13	1001.5079	-3937.7502
9	14	1004.9542	-3927.6104
9	15	949.8982	-4017.476
9	16	971.5476	-3884.2837
9	17	991.35834	-4013.3242
10	1	953.87177	-3979.0862
10	2	961.3984	-4002.4866
10	3	954.2109	-3949.8975
10	4	950.3674	-3954.7002
10	5	957.2881	-3943.064
10	6	944.9013	-3941.7603
10	7	943.82697	-3939.0127
10	8	943.897	-3936.4724
10	9	951.16034	-3933.2378
10	10	955.2626	-3916.3499
10	11	987.2775	-3937.3962
10	12	951.6858	-3909.779
10	13	1001.5079	-3937.7502
10	14	1004.9542	-3927.6104
10	15	949.8982	-4017.476
10	16	971.5476	-3884.2837
10	17	991.35834	-4013.3242
11	1	954.3428	-3979.278
11	2	961.393	-4001.8665
11	3	954.19727	-3950.4211
11	4	950.3674	-3954.7002
11	5	957.2872	-3943.7156
11	6	944.9013	-3941.7603
11	7	943.82697	-3939.0127
11	8	943.897	-3936.4724
11	9	951.16034	-3933.2378
11	10	955.2549	-3917.1426
11	11	987.2775	-3937.3962
11	12	951.6858	-3909.779
11	13	1001.5079	-3937.7502
11	14	1004.9542	-3927.6104
11	15	949.8982	-4017.476
11	16	971.5476	-3884.2837
11	17	991.35834	-4013.3242
12	1	954.8282	-3979.4983
12	2	961.392	-4001.2834
12	3	954.1823	-3950.9482
12	4	950.3674	-3954.7002
12	5	957.2709	-3944.3774
12	6	944.9013	-3941.7603
12	7	943.82697	-3939.0127
12	8	943.897	-3936.4724
12	9	951.16034	-3933.2378
12	10	955.2396	-3917.9346
12	11	987.2775	-3937.3962
12	12	951.6858	-3909.779
12	13	1001.5079	-3937.7502
12	14	1004.9542	-3927.6104
12	15	949.8982	-4017.476
12	16	971.5476	-3884.2837
12	17	991.35834	-4013.3242
12	25	936.10187	-3907.843
13	1	955.3211	-3979.7305
13	2	961.39557	-4000.7224
13	3	954.16895	-3951.4763
13	4	950.3674	-3954.7002
13	5	957.2664	-3945.027
13	6	944.9013	-3941.7603
13	7	943.82697	-3939.0127
13	8	943.897	-3936.4724
13	9	951.16034	-3933.2378
13	10	955.2298	-3918.7122
13	11	987.2775	-3937.3962
13	12	951.6858	-3909.779
13	13	1001.5079	-3937.7502
13	14	1004.9542	-3927.6104
13	15	949.8982	-4017.476
13	16	971.5476	-3884.2837
13	17	991.35834	-4013.3242
13	25	936.10187	-3907.843
14	1	955.8081	-3979.9507
14	2	961.4039	-4000.1926
14	3	954.15393	-3952.0076
14	4	950.3674	-3954.7002
14	5	957.2595	-3945.6738
14	6	944.9013	-3941.7603
14	7	943.82697	-3939.0127
14	8	943.897	-3936.4724
14	9	951.16034	-3933.2378
14	10	955.2111	-3919.4639
14	11	987.2775	-3937.3962
14	12	951.6858	-3909.779
14	13	1001.5079	-3937.7502
14	14	1004.9542	-3927.6104
14	15	949.8982	-4017.476
14	16	971.5476	-3884.2837
14	17	991.35834	-4013.3242
14	25	936.10187	-3907.843
15	1	956.3053	-3980.1907
15	2	961.3948	-3999.6897
15	3	954.14087	-3952.5398
15	4	950.3674	-3954.7002
15	5	957.2485	-3946.318
15	6	944.9013	-3941.7603
15	7	943.82697	-3939.0127
15	8	943.897	-3936.4724
15	9	951.16034	-3933.2378
15	10	955.186	-3920.2356
15	11	987.2775	-3937.3962
15	12	951.6858	-3909.779
15	14	1004.9542	-3927.6104
15	15	949.8982	-4017.476
15	16	971.5476	-3884.2837
15	17	991.35834	-4013.3242
15	25	936.10187	-3907.843
16	1	956.8023	-3980.4558
16	2	961.3993	-3999.1765
16	3	954.1272	-3953.072
16	4	950.3674	-3954.7002
16	5	957.2385	-3946.9614
16	6	944.9013	-3941.7603
16	7	943.82697	-3939.0127
16	8	943.897	-3936.4724
16	9	951.16034	-3933.2378
16	10	955.1781	-3920.9744
16	11	987.2775	-3937.3962
16	12	951.6858	-3909.779
16	14	1004.9542	-3927.6104
16	15	949.8982	-4017.476
16	16	971.5476	-3884.2837
16	17	991.35834	-4013.3242
16	25	936.10187	-3907.843
17	1	957.321	-3980.7285
17	2	961.40826	-3998.69
17	3	954.1143	-3953.605
17	4	950.3674	-3954.7002
17	5	957.22766	-3947.5889
17	6	944.9013	-3941.7603
17	7	943.82697	-3939.0127
17	8	943.897	-3936.4724
17	9	951.16034	-3933.2378
17	10	955.1569	-3921.6982
17	11	987.2775	-3937.3962
17	12	951.6858	-3909.779
17	14	1004.9542	-3927.6104
17	15	949.8982	-4017.476
17	16	971.5476	-3884.2837
17	17	991.35834	-4013.3242
17	25	936.10187	-3907.843
18	1	957.8257	-3980.9927
18	2	961.4101	-3998.248
18	3	954.10223	-3954.1372
18	4	950.3674	-3954.7002
18	5	957.22595	-3948.221
18	8	943.897	-3936.4724
18	9	951.16034	-3933.2378
18	10	955.1446	-3922.4065
18	11	987.2775	-3937.3962
18	12	951.6858	-3909.779
18	15	949.8982	-4017.476
18	16	971.5476	-3884.2837
18	17	991.35834	-4013.3242
18	25	936.10187	-3907.843
19	1	958.35565	-3981.293
19	2	961.4105	-3997.7869
19	3	954.0902	-3954.6653
19	4	950.3674	-3954.7002
19	5	957.2169	-3948.8467
19	8	943.897	-3936.4724
19	9	951.16034	-3933.2378
19	10	955.1278	-3923.117
19	11	987.2775	-3937.3962
19	12	951.6858	-3909.779
19	15	949.8982	-4017.476
19	16	971.5476	-3884.2837
19	17	991.35834	-4013.3242
19	18	942.8214	-3976.9043
19	25	936.10187	-3907.843
19	28	950.32336	-4028.2861
20	1	958.8847	-3981.6008
20	2	961.39856	-3997.4236
20	3	954.0795	-3955.1865
20	4	950.3674	-3954.7002
20	5	957.2109	-3949.4597
20	8	943.897	-3936.4724
20	9	951.16034	-3933.2378
20	10	955.10645	-3923.8452
20	11	987.2775	-3937.3962
20	12	951.6858	-3909.779
20	15	949.8982	-4017.476
20	16	971.5476	-3884.2837
20	17	991.35834	-4013.3242
20	18	943.09015	-3976.9412
20	25	936.10187	-3907.843
20	28	950.30804	-4028.24
21	1	959.4269	-3981.9175
21	2	961.39764	-3997.04
21	3	954.0692	-3955.7014
21	4	950.3674	-3954.7002
21	5	957.20435	-3950.085
21	8	943.897	-3936.4724
21	9	951.16034	-3933.2378
21	10	955.09674	-3924.5493
21	11	987.2775	-3937.3962
21	12	951.6858	-3909.779
21	15	949.8982	-4017.476
21	16	971.5476	-3884.2837
21	17	991.35834	-4013.3242
21	18	943.293	-3977.0146
21	19	1003.96893	-4001.389
21	25	936.10187	-3907.843
21	28	950.2987	-4028.1843
22	1	959.9707	-3982.2456
22	2	961.409	-3996.6199
22	3	954.05865	-3956.2075
22	4	950.3674	-3954.7002
22	5	957.1956	-3950.6963
22	8	943.897	-3936.4724
22	9	951.16034	-3933.2378
22	10	955.0772	-3925.2388
22	11	987.2775	-3937.3962
22	12	951.6858	-3909.779
22	14	1004.9542	-3927.6104
22	15	949.8982	-4017.476
22	16	971.5476	-3884.2837
22	17	991.35834	-4013.3242
22	18	943.4552	-3977.0425
22	19	1003.5916	-4001.14
22	25	936.10187	-3907.843
22	28	950.3207	-4028.17
23	1	960.5262	-3982.5671
23	2	961.4068	-3996.2537
23	3	954.0493	-3956.7031
23	4	950.3674	-3954.7002
23	5	957.1841	-3951.334
23	8	943.897	-3936.4724
23	9	951.16034	-3933.2378
23	10	955.0538	-3925.9424
23	11	987.2775	-3937.3962
23	12	951.6858	-3909.779
23	15	949.8982	-4017.476
23	16	971.5476	-3884.2837
23	17	991.35834	-4013.3242
23	18	943.61115	-3977.0713
23	19	1003.19434	-4000.9043
23	25	936.10187	-3907.843
23	26	1005.03784	-3927.6135
23	28	950.26794	-4028.1008
24	1	961.06775	-3982.893
24	2	961.4016	-3995.9094
24	3	954.0399	-3957.1885
24	4	950.3674	-3954.7002
24	5	957.16925	-3951.959
24	8	943.897	-3936.4724
24	9	951.16034	-3933.2378
24	10	955.03815	-3926.6423
24	11	987.2775	-3937.3962
24	12	951.6858	-3909.779
24	15	949.8982	-4017.476
24	16	971.5476	-3884.2837
24	17	991.35834	-4013.3242
24	18	943.7539	-3977.0852
24	19	1002.7219	-4000.6543
24	25	936.10187	-3907.843
24	26	1005.03784	-3927.6135
24	27	935.9201	-3901.1826
24	28	950.27826	-4028.1345
25	1	961.6239	-3983.2434
25	2	961.41296	-3995.5962
25	3	954.0308	-3957.661
25	4	950.3674	-3954.7002
25	5	957.1593	-3952.5698
25	8	943.897	-3936.4724
25	9	951.16034	-3933.2378
25	10	955.0197	-3927.3308
25	11	987.2775	-3937.3962
25	12	951.6858	-3909.779
25	15	949.8982	-4017.476
25	16	971.5476	-3884.2837
25	17	991.35834	-4013.3242
25	18	943.9015	-3977.1055
25	19	1002.29266	-4000.417
25	20	960.5828	-4033.422
25	25	936.10187	-3907.843
25	26	1005.03784	-3927.6135
25	27	936.2077	-3901.1982
26	1	962.19495	-3983.6
26	2	961.4103	-3995.306
26	3	954.021	-3958.1199
26	4	950.3674	-3954.7002
26	5	957.1478	-3953.158
26	9	951.16034	-3933.2378
26	10	955.00183	-3928.0298
26	11	987.2775	-3937.3962
26	12	951.6858	-3909.779
26	15	949.8982	-4017.476
26	16	971.5476	-3884.2837
26	17	991.35834	-4013.3242
26	18	944.03345	-3977.1323
26	19	1001.95276	-4000.2285
26	20	960.64935	-4032.343
26	25	936.10187	-3907.843
26	26	1005.03784	-3927.6135
26	27	936.2721	-3901.193
27	1	962.7721	-3983.9722
27	2	961.4068	-3995.0442
27	3	954.0132	-3958.5657
27	4	950.3674	-3954.7002
27	5	957.13574	-3953.755
27	6	944.9013	-3941.7603
27	9	951.16034	-3933.2378
27	10	954.98413	-3928.7393
27	11	987.2775	-3937.3962
27	12	951.6858	-3909.779
27	15	949.8982	-4017.476
27	16	971.5476	-3884.2837
27	17	991.35834	-4013.3242
27	18	944.15924	-3977.1404
27	19	1001.59064	-4000.0234
27	20	960.69165	-4031.3179
27	25	936.10187	-3907.843
27	26	1005.03784	-3927.6135
27	27	936.32837	-3901.1924
28	1	963.35236	-3984.3452
28	2	961.4041	-3994.7844
28	3	954.0044	-3958.9968
28	4	950.3674	-3954.7002
28	5	957.1264	-3954.3494
28	9	951.16034	-3933.2378
28	10	954.9689	-3929.4731
28	11	987.2775	-3937.3962
28	12	951.6858	-3909.779
28	15	949.8982	-4017.476
28	17	991.35834	-4013.3242
28	18	944.2706	-3977.168
28	19	1001.1682	-3999.7627
28	20	960.7717	-4030.2727
28	25	936.10187	-3907.843
28	26	1005.03784	-3927.6135
28	27	936.3043	-3901.2012
29	1	963.9302	-3984.7344
29	2	961.4041	-3994.5588
29	3	953.9969	-3959.4124
29	4	950.3674	-3954.7002
29	5	957.1117	-3954.9207
29	9	951.16034	-3933.2378
29	10	954.94543	-3930.169
29	11	987.2775	-3937.3962
29	12	951.6858	-3909.779
29	15	949.8982	-4017.476
29	17	991.35834	-4013.3242
29	18	944.413	-3977.174
29	19	1000.7661	-3999.4836
29	20	960.82477	-4029.251
29	21	995.3168	-4023.8489
29	26	1005.03784	-3927.6135
29	27	936.53314	-3901.1736
30	1	964.5478	-3985.153
30	2	961.39996	-3994.3655
30	3	953.98914	-3959.8113
30	4	950.3674	-3954.7002
30	5	957.1124	-3955.482
30	9	951.16034	-3933.2378
30	10	954.9272	-3930.8599
30	11	987.2775	-3937.3962
30	12	951.6858	-3909.779
30	15	949.8982	-4017.476
30	17	991.35834	-4013.3242
30	18	944.5606	-3977.1926
30	19	1000.42346	-3999.217
30	20	960.9075	-4028.2278
30	21	995.3168	-4023.8489
30	26	1005.03784	-3927.6135
31	1	965.1296	-3985.5525
31	2	961.40015	-3994.1628
31	3	953.9829	-3960.193
31	4	950.3674	-3954.7002
31	5	957.11316	-3956.033
31	9	951.16034	-3933.2378
31	10	954.9059	-3931.5474
31	11	987.2775	-3937.3962
31	12	951.6858	-3909.779
31	15	949.8982	-4017.476
31	17	991.35834	-4013.3242
31	18	944.6635	-3977.2095
31	19	1000.0461	-3998.9595
31	20	961.00055	-4027.2007
31	21	995.3168	-4023.8489
31	26	1005.03784	-3927.6135
32	1	965.7482	-3985.977
32	2	961.3961	-3993.9734
32	3	953.9783	-3960.555
32	4	950.3674	-3954.7002
32	5	957.10364	-3956.5596
32	9	951.16034	-3933.2378
32	10	954.8886	-3932.2449
32	11	987.2775	-3937.3962
32	12	951.6858	-3909.779
32	15	949.8982	-4017.476
32	17	991.35834	-4013.3242
32	18	944.7699	-3977.2249
32	19	999.64087	-3998.688
32	20	961.0392	-4026.227
32	21	995.3168	-4023.8489
32	26	1005.03784	-3927.6135
33	1	966.3407	-3986.4167
33	2	961.3987	-3993.8208
33	3	953.97205	-3960.8962
33	4	950.3674	-3954.7002
33	5	957.12146	-3957.1335
33	9	951.16034	-3933.2378
33	10	954.873	-3932.9219
33	11	987.2775	-3937.3962
33	12	951.6858	-3909.779
33	15	949.8982	-4017.476
33	17	991.35834	-4013.3242
33	18	944.89166	-3977.2463
33	19	999.22815	-3998.3855
33	20	961.14105	-4025.2336
33	21	995.3168	-4023.8489
33	26	1005.03784	-3927.6135
34	1	966.9668	-3986.8691
34	2	961.3983	-3993.6824
34	3	953.96655	-3961.216
34	4	950.3674	-3954.7002
34	5	957.10815	-3957.6567
34	9	951.16034	-3933.2378
34	10	954.84344	-3933.5872
34	11	987.2775	-3937.3962
34	12	951.6858	-3909.779
34	15	949.8982	-4017.476
34	17	991.35834	-4013.3242
34	18	945.0171	-3977.2634
34	19	998.8528	-3998.1216
34	20	961.2161	-4024.299
34	21	995.3168	-4023.8489
34	26	1005.03784	-3927.6135
35	1	967.5781	-3987.3037
35	2	961.3931	-3993.5806
35	3	953.9629	-3961.5142
35	4	950.3674	-3954.7002
35	5	957.1132	-3958.1558
35	9	951.16034	-3933.2378
35	10	954.8206	-3934.2556
35	11	987.2775	-3937.3962
35	12	951.6858	-3909.779
35	15	949.8982	-4017.476
35	17	991.35834	-4013.3242
35	18	945.1505	-3977.2876
35	19	998.51105	-3997.878
35	20	961.25793	-4023.3506
35	21	995.3168	-4023.8489
36	1	968.1988	-3987.7659
36	2	961.39154	-3993.5122
36	3	953.9606	-3961.7898
36	4	950.3674	-3954.7002
36	5	957.1144	-3958.6343
36	9	951.16034	-3933.2378
36	10	954.80444	-3934.922
36	11	987.2775	-3937.3962
36	12	951.6858	-3909.779
36	15	949.8982	-4017.476
36	17	991.35834	-4013.3242
36	18	945.29095	-3977.3108
36	19	998.1449	-3997.6152
36	20	961.3244	-4022.4458
36	21	995.3168	-4023.8489
37	1	968.82684	-3988.2234
37	2	961.3816	-3993.4285
37	3	953.9564	-3962.0435
37	4	950.3674	-3954.7002
37	5	957.1047	-3959.0857
37	9	951.16034	-3933.2378
37	10	954.7834	-3935.6304
37	11	987.2775	-3937.3962
37	12	951.6858	-3909.779
37	15	949.8982	-4017.476
37	17	991.35834	-4013.3242
37	18	945.4389	-3977.341
37	19	997.7912	-3997.3591
37	20	961.36395	-4021.5625
37	21	995.3168	-4023.8489
38	1	969.4596	-3988.695
38	2	961.38196	-3993.358
38	3	953.9549	-3962.273
38	4	950.3674	-3954.7002
38	5	957.09283	-3959.52
38	9	951.16034	-3933.2378
38	10	954.76495	-3936.321
38	12	951.6858	-3909.779
38	15	949.8982	-4017.476
38	17	991.35834	-4013.3242
38	18	945.59467	-3977.375
38	19	997.4809	-3997.1128
38	20	961.407	-4020.672
38	21	995.3168	-4023.8489
39	1	970.10626	-3989.181
39	2	961.3857	-3993.3206
39	3	953.95386	-3962.4792
39	4	950.3674	-3954.7002
39	5	957.08496	-3959.906
39	9	951.16034	-3933.2378
39	10	954.74524	-3936.9607
39	12	951.6858	-3909.779
39	15	949.8982	-4017.476
39	17	991.35834	-4013.3242
39	18	945.7691	-3977.4067
39	19	997.04425	-3996.7952
39	20	961.44934	-4019.804
39	21	995.3168	-4023.8489
40	1	970.75604	-3989.6663
40	2	961.38055	-3993.2869
40	3	953.95154	-3962.6624
40	4	950.3674	-3954.7002
40	5	957.066	-3960.3035
40	9	951.16034	-3933.2378
40	10	954.72546	-3937.5862
40	12	951.6858	-3909.779
40	15	949.8982	-4017.476
40	17	991.35834	-4013.3242
40	18	945.95483	-3977.4443
40	19	996.66486	-3996.5134
40	20	961.4808	-4018.9844
40	21	995.3168	-4023.8489
41	1	971.4048	-3990.1616
41	2	961.3774	-3993.2769
41	3	953.95135	-3962.8223
41	4	950.3674	-3954.7002
41	5	957.06024	-3960.6633
41	9	951.16034	-3933.2378
41	10	954.7119	-3938.2297
41	11	987.2775	-3937.3962
41	12	951.6858	-3909.779
41	15	949.8982	-4017.476
41	17	991.35834	-4013.3242
41	18	946.16187	-3977.4927
41	19	996.29425	-3996.2144
41	20	961.51843	-4018.1611
41	21	995.3168	-4023.8489
42	1	972.06573	-3990.668
42	2	961.37787	-3993.2527
42	3	953.9485	-3962.961
42	4	950.3674	-3954.7002
42	5	957.06555	-3961.0024
42	9	951.16034	-3933.2378
42	10	954.70355	-3938.895
42	12	951.6858	-3909.779
42	15	949.8982	-4017.476
42	17	991.35834	-4013.3242
42	18	946.39716	-3977.5479
42	19	995.9676	-3995.888
42	20	961.52783	-4017.3528
42	21	995.3168	-4023.8489
42	22	987.231	-3937.3154
43	1	972.7202	-3991.154
43	2	961.37695	-3993.2437
43	3	953.94714	-3963.0781
43	4	950.3674	-3954.7002
43	5	957.0709	-3961.3262
43	9	951.16034	-3933.2378
43	10	954.6763	-3939.5103
43	12	951.6858	-3909.779
43	15	949.8982	-4017.476
43	17	991.35834	-4013.3242
43	18	946.65265	-3977.6094
43	19	995.6532	-3995.681
43	20	961.5559	-4016.566
43	21	995.3168	-4023.8489
43	22	987.231	-3937.3154
44	1	973.4031	-3991.6985
44	2	961.37775	-3993.2363
44	3	953.9472	-3963.1748
44	4	950.3674	-3954.7002
44	5	957.0775	-3961.607
44	9	951.16034	-3933.2378
44	10	954.6653	-3940.0774
44	12	951.6858	-3909.779
44	15	949.8982	-4017.476
44	17	991.35834	-4013.3242
44	18	946.9405	-3977.6772
44	19	995.2624	-3995.3542
44	20	961.5816	-4015.8057
44	21	995.3168	-4023.8489
44	22	987.231	-3937.3154
45	1	974.0902	-3992.2344
45	2	961.3767	-3993.2212
45	3	953.94653	-3963.2524
45	4	950.3674	-3954.7002
45	5	957.0555	-3961.8772
45	9	951.16034	-3933.2378
45	10	954.65234	-3940.6492
45	12	951.6858	-3909.779
45	15	949.8982	-4017.476
45	17	991.35834	-4013.3242
45	18	947.25073	-3977.7578
45	19	994.9302	-3995.0688
45	20	961.5834	-4015.056
45	21	995.3168	-4023.8489
45	22	987.231	-3937.3154
46	1	974.79553	-3992.762
46	2	961.37787	-3993.2144
46	3	953.9465	-3963.3096
46	4	950.3674	-3954.7002
46	5	956.99744	-3962.105
46	9	951.16034	-3933.2378
46	10	954.64	-3941.2236
46	12	951.6858	-3909.779
46	15	949.8982	-4017.476
46	17	991.35834	-4013.3242
46	18	947.591	-3977.8435
46	19	994.5721	-3994.7656
46	20	961.5826	-4014.3557
46	21	995.3168	-4023.8489
46	22	987.231	-3937.3154
47	1	975.4595	-3993.2805
47	2	961.3821	-3993.207
47	3	953.94574	-3963.3506
47	4	950.3674	-3954.7002
47	5	956.99286	-3962.3286
47	9	951.16034	-3933.2378
47	10	954.6393	-3941.7756
47	12	951.6858	-3909.779
47	15	949.8982	-4017.476
47	17	991.35834	-4013.3242
47	18	947.9542	-3977.946
47	19	994.1988	-3994.4485
47	20	961.6067	-4013.6245
47	21	995.3168	-4023.8489
47	22	987.231	-3937.3154
48	1	976.164	-3993.8271
48	2	961.381	-3993.1921
48	3	953.9474	-3963.38
48	4	950.3674	-3954.7002
48	5	956.9827	-3962.5315
48	9	951.16034	-3933.2378
48	10	954.6232	-3942.295
48	12	951.6858	-3909.779
48	15	949.8982	-4017.476
48	17	991.35834	-4013.3242
48	18	948.3448	-3978.0483
48	19	993.8022	-3994.15
48	20	961.60925	-4012.9473
48	21	995.3168	-4023.8489
48	22	987.231	-3937.3154
48	23	935.9344	-3976.6619
49	1	976.8831	-3994.3784
49	2	961.37463	-3993.1768
49	3	953.9474	-3963.4043
49	4	950.3674	-3954.7002
49	5	956.9669	-3962.702
49	9	951.16034	-3933.2378
49	10	954.6134	-3942.7947
49	12	951.6858	-3909.779
49	15	949.8982	-4017.476
49	17	991.35834	-4013.3242
49	18	948.7629	-3978.1614
49	19	993.498	-3993.8545
49	20	961.60236	-4012.2808
49	21	995.3168	-4023.8489
49	22	987.231	-3937.3154
49	23	936.39325	-3976.713
50	1	977.5899	-3994.924
50	2	961.3712	-3993.1433
50	3	953.9443	-3963.4248
50	4	950.3674	-3954.7002
50	5	956.95593	-3962.8765
50	9	951.16034	-3933.2378
50	10	954.6088	-3943.2808
50	12	951.6858	-3909.779
50	15	949.8982	-4017.476
50	18	949.20013	-3978.2852
50	19	993.1633	-3993.5789
50	20	961.60034	-4011.6416
50	21	995.3168	-4023.8489
50	22	987.231	-3937.3154
50	23	936.915	-3976.7012
51	1	978.2622	-3995.445
51	2	961.37195	-3993.133
51	3	953.9419	-3963.441
51	4	950.3674	-3954.7002
51	5	956.9477	-3962.9893
51	9	951.16034	-3933.2378
51	10	954.60333	-3943.7534
51	12	951.6858	-3909.779
51	15	949.8982	-4017.476
51	17	991.35834	-4013.3242
51	18	949.65375	-3978.4202
51	19	992.7997	-3993.2734
51	20	961.5941	-4011.0303
51	21	995.3168	-4023.8489
51	22	987.231	-3937.3154
51	23	937.29913	-3976.6663
52	1	978.99316	-3996.0127
52	2	961.37085	-3993.0823
52	3	953.94037	-3963.4575
52	4	950.3674	-3954.7002
52	5	956.93823	-3963.098
52	9	951.16034	-3933.2378
52	10	954.59845	-3944.221
52	12	951.6858	-3909.779
52	15	949.8982	-4017.476
52	17	991.35834	-4013.3242
52	18	950.1428	-3978.569
52	19	992.4976	-3993.005
52	20	961.5907	-4010.4517
52	21	995.3168	-4023.8489
52	22	987.231	-3937.3154
52	23	937.6488	-3976.6184
53	1	979.7109	-3996.579
53	2	961.36456	-3993.0422
53	3	953.9411	-3963.4746
53	4	950.3674	-3954.7002
53	5	956.93304	-3963.1555
53	9	951.16034	-3933.2378
53	10	954.58673	-3944.633
53	12	951.6858	-3909.779
53	15	949.8982	-4017.476
53	17	991.35834	-4013.3242
53	18	950.66644	-3978.7295
53	19	992.142	-3992.68
53	20	961.5969	-4009.8867
53	21	995.3168	-4023.8489
53	22	987.231	-3937.3154
53	23	938.01715	-3976.573
54	1	980.4609	-3997.1675
54	2	961.3682	-3992.9946
54	3	953.9414	-3963.4932
54	4	950.3674	-3954.7002
54	5	956.92535	-3963.2307
54	9	951.16034	-3933.2378
54	10	954.58374	-3945.075
54	12	951.6858	-3909.779
54	15	949.8982	-4017.476
54	17	991.35834	-4013.3242
54	18	951.2087	-3978.9038
54	19	991.83136	-3992.3984
54	20	961.6064	-4009.3408
54	21	995.3168	-4023.8489
54	22	987.231	-3937.3154
54	23	938.3993	-3976.5667
55	1	981.2147	-3997.78
55	2	961.36896	-3992.9346
55	3	953.9409	-3963.514
55	4	950.3674	-3954.7002
55	5	956.9173	-3963.2773
55	9	951.16034	-3933.2378
55	10	954.5773	-3945.5122
55	15	949.8982	-4017.476
55	17	991.35834	-4013.3242
55	18	951.7645	-3979.0852
55	19	991.52893	-3992.1328
55	20	961.6093	-4008.8252
55	21	995.3168	-4023.8489
55	22	987.231	-3937.3154
55	23	938.7438	-3976.5308
55	24	951.6235	-3909.8298
56	1	981.9542	-3998.3594
56	2	961.36896	-3992.8828
56	3	953.9402	-3963.5361
56	4	950.3674	-3954.7002
56	5	956.9287	-3963.328
56	9	951.16034	-3933.2378
56	10	954.5706	-3945.9124
56	15	949.8982	-4017.476
56	17	991.35834	-4013.3242
56	18	952.35254	-3979.2917
56	19	991.16644	-3991.865
56	20	961.60565	-4008.3235
56	21	995.3168	-4023.8489
56	22	987.231	-3937.3154
56	23	939.13293	-3976.5132
56	24	951.6235	-3909.8298
57	1	982.7284	-3998.955
57	2	961.36334	-3992.8115
57	3	953.93884	-3963.5588
57	4	950.3674	-3954.7002
57	5	956.9186	-3963.359
57	9	951.16034	-3933.2378
57	10	954.5647	-3946.3013
57	15	949.8982	-4017.476
57	17	991.35834	-4013.3242
57	18	952.94824	-3979.507
57	19	990.80743	-3991.5605
57	20	961.6069	-4007.8665
57	21	995.3168	-4023.8489
57	22	987.231	-3937.3154
57	23	939.54095	-3976.5022
57	24	951.6235	-3909.8298
58	1	983.4745	-3999.544
58	2	961.36346	-3992.7273
58	3	953.9389	-3963.5789
58	4	950.3674	-3954.7002
58	5	956.92694	-3963.3813
58	9	951.16034	-3933.2378
58	10	954.56	-3946.646
58	15	949.8982	-4017.476
58	17	991.35834	-4013.3242
58	18	953.56177	-3979.733
58	19	990.48175	-3991.2825
58	20	961.60046	-4007.3938
58	21	995.3168	-4023.8489
58	22	987.231	-3937.3154
58	23	939.995	-3976.4778
58	24	951.6235	-3909.8298
59	1	984.22	-4000.1401
59	2	961.36676	-3992.6614
59	3	953.9395	-3963.59
59	4	950.3674	-3954.7002
59	5	956.9199	-3963.404
59	9	951.16034	-3933.2378
59	10	954.5597	-3946.9873
59	15	949.8982	-4017.476
59	17	991.35834	-4013.3242
59	18	954.1921	-3979.976
59	19	990.13135	-3990.9678
59	20	961.6069	-4006.9219
59	21	995.3168	-4023.8489
59	22	987.231	-3937.3154
59	23	940.44867	-3976.47
59	24	951.6235	-3909.8298
60	1	984.99567	-4000.756
60	2	961.3649	-3992.5789
60	3	953.93726	-3963.5935
60	4	950.3674	-3954.7002
60	5	956.91486	-3963.4119
60	9	951.16034	-3933.2378
60	10	954.54816	-3947.3005
60	15	949.8982	-4017.476
60	17	991.35834	-4013.3242
60	18	954.83844	-3980.2288
60	19	989.78467	-3990.694
60	20	961.60315	-4006.4727
60	21	995.3168	-4023.8489
60	22	987.231	-3937.3154
60	23	940.79987	-3976.4722
60	24	951.6235	-3909.8298
61	1	985.80164	-4001.373
61	2	961.36395	-3992.5168
61	3	953.93744	-3963.5898
61	4	950.3674	-3954.7002
61	5	956.91724	-3963.4226
61	9	951.16034	-3933.2378
61	10	954.54364	-3947.607
61	15	949.8982	-4017.476
61	17	991.35834	-4013.3242
61	18	955.52344	-3980.5002
61	19	989.469	-3990.4004
61	20	961.59924	-4006.103
61	21	995.3168	-4023.8489
61	22	987.231	-3937.3154
61	23	941.1351	-3976.481
61	24	951.6235	-3909.8298
62	1	986.57086	-4002.002
62	2	961.3623	-3992.4487
62	3	953.9368	-3963.5847
62	4	950.3674	-3954.7002
62	5	956.9169	-3963.4424
62	9	951.16034	-3933.2378
62	10	954.54156	-3947.8853
62	15	949.8982	-4017.476
62	17	991.35834	-4013.3242
62	18	956.20575	-3980.7976
62	19	989.10254	-3990.1052
62	20	961.61676	-4005.781
62	21	995.3168	-4023.8489
62	22	987.231	-3937.3154
62	23	941.4325	-3976.4863
62	24	951.6235	-3909.8298
63	1	987.4145	-4002.6462
63	2	961.3707	-3992.384
63	3	953.9368	-3963.5864
63	4	950.3674	-3954.7002
63	5	956.91144	-3963.4143
63	9	951.16034	-3933.2378
63	10	954.536	-3948.1506
63	15	949.8982	-4017.476
63	17	991.35834	-4013.3242
63	18	956.9075	-3981.0955
63	19	988.8169	-3989.8254
63	20	961.6642	-4005.453
63	21	995.3168	-4023.8489
63	22	987.231	-3937.3154
63	23	941.71735	-3976.509
63	24	951.6235	-3909.8298
64	1	988.19086	-4003.2607
64	2	961.3875	-3992.2998
64	3	953.93604	-3963.5886
64	4	950.3674	-3954.7002
64	5	956.916	-3963.426
64	9	951.16034	-3933.2378
64	10	954.53345	-3948.4539
64	15	949.8982	-4017.476
64	17	991.35834	-4013.3242
64	18	957.61395	-3981.418
64	19	988.49414	-3989.556
64	21	995.3168	-4023.8489
64	22	987.231	-3937.3154
64	23	942.00116	-3976.5273
64	24	951.6235	-3909.8298
65	1	989.0142	-4003.9055
65	2	961.3734	-3992.2654
65	3	953.9358	-3963.5906
65	4	950.3674	-3954.7002
65	5	956.9065	-3963.4197
65	9	951.16034	-3933.2378
65	10	954.5302	-3948.708
65	15	949.8982	-4017.476
65	17	991.35834	-4013.3242
65	18	958.3346	-3981.763
65	19	988.1791	-3989.2607
65	21	995.3168	-4023.8489
65	22	987.231	-3937.3154
65	23	942.263	-3976.549
65	24	951.6235	-3909.8298
66	1	989.84564	-4004.5251
66	2	961.3794	-3992.1782
66	3	953.93536	-3963.5933
66	4	950.3674	-3954.7002
66	5	956.91547	-3963.4338
66	9	951.16034	-3933.2378
66	10	954.5235	-3948.9592
66	15	949.8982	-4017.476
66	17	991.35834	-4013.3242
66	18	959.0815	-3982.134
66	19	987.831	-3988.9663
66	20	961.6204	-4004.6516
66	21	995.3168	-4023.8489
66	22	987.231	-3937.3154
66	23	942.53644	-3976.5698
66	24	951.6235	-3909.8298
67	1	990.6627	-4005.1282
67	2	961.3824	-3992.0442
67	3	953.9356	-3963.601
67	4	950.3674	-3954.7002
67	5	956.9152	-3963.4185
67	9	951.16034	-3933.2378
67	10	954.51965	-3949.2085
67	15	949.8982	-4017.476
67	17	991.35834	-4013.3242
67	18	959.831	-3982.501
67	19	987.5239	-3988.6655
67	20	961.6219	-4004.1711
67	21	995.3168	-4023.8489
67	22	987.231	-3937.3154
67	23	942.77924	-3976.5806
67	24	951.6235	-3909.8298
68	1	991.54315	-4005.7517
68	2	961.367	-3991.9426
68	3	953.9361	-3963.6187
68	4	950.3674	-3954.7002
68	5	956.9156	-3963.4238
68	9	951.16034	-3933.2378
68	10	954.51904	-3949.423
68	15	949.8982	-4017.476
68	17	991.35834	-4013.3242
68	18	960.5978	-3982.8955
68	19	987.21625	-3988.3806
68	20	961.61847	-4003.8884
68	21	995.3168	-4023.8489
68	22	987.231	-3937.3154
68	23	943.0139	-3976.6052
68	24	951.6235	-3909.8298
69	1	992.38434	-4006.329
69	2	961.3636	-3991.7847
69	3	953.93304	-3963.6443
69	4	950.3674	-3954.7002
69	5	956.9055	-3963.429
69	9	951.16034	-3933.2378
69	10	954.50757	-3949.6213
69	15	949.8982	-4017.476
69	17	991.35834	-4013.3242
69	18	961.3812	-3983.3174
69	19	986.91766	-3988.1504
69	20	961.6157	-4003.609
69	21	995.3168	-4023.8489
69	22	987.231	-3937.3154
69	23	943.20544	-3976.6233
69	24	951.6235	-3909.8298
70	1	993.281	-4006.9434
70	2	961.3666	-3991.6677
70	3	953.93164	-3963.682
70	4	950.3674	-3954.7002
70	5	956.9096	-3963.426
70	9	951.16034	-3933.2378
70	10	954.50006	-3949.7927
70	15	949.8982	-4017.476
70	17	991.35834	-4013.3242
70	18	962.1682	-3983.7578
70	19	986.5757	-3987.8394
70	20	961.609	-4003.3428
70	21	995.3168	-4023.8489
70	22	987.231	-3937.3154
70	23	943.3908	-3976.642
70	24	951.6235	-3909.8298
71	1	994.16785	-4007.5332
71	2	961.36633	-3991.5212
71	3	953.9301	-3963.7312
71	4	950.3674	-3954.7002
71	5	956.9131	-3963.4368
71	9	951.16034	-3933.2378
71	10	954.49603	-3949.9585
71	15	949.8982	-4017.476
71	17	991.35834	-4013.3242
71	18	962.9839	-3984.2256
71	19	986.292	-3987.6038
71	20	961.6083	-4003.139
71	21	995.3168	-4023.8489
71	22	987.231	-3937.3154
71	23	943.57214	-3976.6619
71	24	951.6235	-3909.8298
72	1	995.0872	-4008.11
72	2	961.3618	-3991.3809
72	3	953.9293	-3963.792
72	4	950.3674	-3954.7002
72	5	956.9216	-3963.445
72	9	951.16034	-3933.2378
72	10	954.5001	-3950.1194
72	15	949.8982	-4017.476
72	17	991.35834	-4013.3242
72	18	963.8041	-3984.7102
72	19	985.9604	-3987.3503
72	20	961.60913	-4002.892
72	21	995.3168	-4023.8489
72	22	987.231	-3937.3154
72	23	943.7176	-3976.6743
72	24	951.6235	-3909.8298
73	1	995.9932	-4008.676
73	2	961.3611	-3991.233
73	3	953.9288	-3963.8652
73	4	950.3674	-3954.7002
73	5	956.91284	-3963.4534
73	9	951.16034	-3933.2378
73	10	954.49536	-3950.2488
73	15	949.8982	-4017.476
73	17	991.35834	-4013.3242
73	18	964.63824	-3985.2297
73	19	985.64087	-3987.0598
73	20	961.61273	-4002.6958
73	21	995.3168	-4023.8489
73	22	987.231	-3937.3154
73	23	943.85913	-3976.6892
73	24	951.6235	-3909.8298
74	1	996.915	-4009.2434
74	2	961.3613	-3991.0786
74	3	953.9294	-3963.9534
74	4	950.3674	-3954.7002
74	5	956.9192	-3963.4487
74	9	951.16034	-3933.2378
74	10	954.4969	-3950.3665
74	15	949.8982	-4017.476
74	17	991.35834	-4013.3242
74	18	965.4651	-3985.7524
74	19	985.3423	-3986.8052
74	20	961.6023	-4002.4895
74	21	995.3168	-4023.8489
74	22	987.231	-3937.3154
74	23	943.943	-3976.6963
74	24	951.6235	-3909.8298
75	1	997.8426	-4009.7817
75	2	961.36444	-3990.922
75	3	953.92944	-3964.054
75	4	950.3674	-3954.7002
75	5	956.92377	-3963.459
75	9	951.16034	-3933.2378
75	10	954.50006	-3950.4763
75	15	949.8982	-4017.476
75	17	991.35834	-4013.3242
75	18	966.3019	-3986.297
75	19	985.00726	-3986.528
75	20	961.6099	-4002.3313
75	21	995.3168	-4023.8489
75	22	987.231	-3937.3154
75	23	944.02716	-3976.7085
75	24	951.6235	-3909.8298
76	1	998.81604	-4010.2917
76	2	961.35425	-3990.7031
76	3	953.9296	-3964.1677
76	4	950.3674	-3954.7002
76	5	956.93365	-3963.4685
76	9	951.16034	-3933.2378
76	10	954.5011	-3950.582
76	15	949.8982	-4017.476
76	17	991.35834	-4013.3242
76	18	967.15393	-3986.8557
76	19	984.6642	-3986.2644
76	20	961.59595	-4002.178
76	21	995.3168	-4023.8489
76	22	987.231	-3937.3154
76	23	944.11273	-3976.7205
76	24	951.6235	-3909.8298
77	1	999.7588	-4010.7942
77	2	961.3588	-3990.5088
77	3	953.9297	-3964.2964
77	4	950.3674	-3954.7002
77	5	956.93414	-3963.462
77	9	951.16034	-3933.2378
77	10	954.49457	-3950.6665
77	15	949.8982	-4017.476
77	17	991.35834	-4013.3242
77	18	968.00665	-3987.4297
77	19	984.3649	-3985.984
77	20	961.6031	-4001.9866
77	21	995.3168	-4023.8489
77	22	987.231	-3937.3154
77	23	944.1701	-3976.7202
77	24	951.6235	-3909.8298
78	1	1000.7554	-4011.2805
78	2	961.35876	-3990.2837
78	3	953.92926	-3964.4407
78	4	950.3674	-3954.7002
78	5	956.93994	-3963.47
78	9	951.16034	-3933.2378
78	10	954.4935	-3950.7217
78	15	949.8982	-4017.476
78	17	991.35834	-4013.3242
78	18	968.87756	-3988.0315
78	19	984.0535	-3985.7424
78	20	961.60223	-4001.8447
78	21	995.3168	-4023.8489
78	22	987.231	-3937.3154
78	23	944.20245	-3976.727
78	24	951.6235	-3909.8298
79	1	1001.7626	-4011.7734
79	2	961.3644	-3990.0833
79	3	953.9291	-3964.6016
79	4	950.3674	-3954.7002
79	5	956.9433	-3963.4814
79	9	951.16034	-3933.2378
79	10	954.4969	-3950.7864
79	15	949.8982	-4017.476
79	17	991.35834	-4013.3242
79	18	969.7466	-3988.643
79	19	983.7046	-3985.4143
79	20	961.61017	-4001.6729
79	21	995.3168	-4023.8489
79	22	987.231	-3937.3154
79	23	944.22345	-3976.7266
79	24	951.6235	-3909.8298
80	1	1002.76575	-4012.2463
80	2	961.3594	-3989.8394
80	3	953.9277	-3964.7783
80	4	950.3674	-3954.7002
80	5	956.9897	-3963.512
80	9	951.16034	-3933.2378
80	10	954.49554	-3950.8713
80	15	949.8982	-4017.476
80	17	991.35834	-4013.3242
80	18	970.6075	-3989.2751
80	19	983.42883	-3985.2122
80	20	961.60065	-4001.5237
80	21	995.3168	-4023.8489
80	22	987.231	-3937.3154
80	23	944.2568	-3976.7305
80	24	951.6235	-3909.8298
81	1	1003.7888	-4012.6978
81	2	961.36664	-3989.5422
81	3	953.9273	-3964.971
81	4	950.3674	-3954.7002
81	5	956.9976	-3963.5405
81	9	951.16034	-3933.2378
81	10	954.49255	-3950.9536
81	15	949.8982	-4017.476
81	17	991.35834	-4013.3242
81	18	971.4959	-3989.9292
81	19	983.0927	-3984.9443
81	20	961.6057	-4001.3755
81	22	987.231	-3937.3154
81	23	944.271	-3976.7412
81	24	951.6235	-3909.8298
82	1	1004.8388	-4013.1755
82	2	961.3699	-3989.2288
82	3	953.92566	-3965.1807
82	4	950.3674	-3954.7002
82	5	957.00287	-3963.575
82	9	951.16034	-3933.2378
82	10	954.4957	-3951.0027
82	15	949.8982	-4017.476
82	17	991.35834	-4013.3242
82	18	972.3961	-3990.6006
82	19	982.8275	-3984.7087
82	20	961.6034	-4001.2126
82	21	995.3168	-4023.8489
82	22	987.231	-3937.3154
82	23	944.2773	-3976.7375
82	24	951.6235	-3909.8298
83	1	1005.8916	-4013.5942
83	2	961.376	-3988.93
83	3	953.92267	-3965.4065
83	4	950.3674	-3954.7002
83	5	956.99915	-3963.623
83	9	951.16034	-3933.2378
83	10	954.5031	-3951.058
83	15	949.8982	-4017.476
83	17	991.35834	-4013.3242
83	18	973.28125	-3991.2793
83	19	982.519	-3984.4495
83	20	961.61487	-4001.0508
83	21	995.3168	-4023.8489
83	22	987.231	-3937.3154
83	23	944.28687	-3976.7405
83	24	951.6235	-3909.8298
84	1	1006.94946	-4014.0088
84	2	961.39185	-3988.5903
84	3	953.9207	-3965.6492
84	4	950.3674	-3954.7002
84	5	956.9986	-3963.6902
84	9	951.16034	-3933.2378
84	10	954.49963	-3951.1292
84	15	949.8982	-4017.476
84	17	991.35834	-4013.3242
84	18	974.1704	-3991.969
84	19	982.2163	-3984.1582
84	20	961.6235	-4000.874
84	21	995.3168	-4023.8489
84	22	987.231	-3937.3154
84	23	944.27594	-3976.7332
84	24	951.6235	-3909.8298
85	1	1007.9724	-4014.3987
85	2	961.39386	-3988.2473
85	3	953.9147	-3965.9092
85	4	950.3674	-3954.7002
85	5	956.9927	-3963.767
85	9	951.16034	-3933.2378
85	10	954.49756	-3951.2197
85	15	949.8982	-4017.476
85	18	975.0725	-3992.6855
85	19	981.9271	-3983.9033
85	20	961.6188	-4000.7053
85	21	995.3168	-4023.8489
85	22	987.231	-3937.3154
85	23	944.2896	-3976.7334
85	24	951.6235	-3909.8298
86	1	1009.10486	-4014.818
86	2	961.3976	-3987.8425
86	3	953.9107	-3966.1863
86	4	950.3674	-3954.7002
86	5	956.99384	-3963.8472
86	9	951.16034	-3933.2378
86	10	954.4909	-3951.3108
86	15	949.8982	-4017.476
86	18	975.9637	-3993.4111
86	19	981.6019	-3983.644
86	20	961.6159	-4000.5393
86	21	995.3168	-4023.8489
86	22	987.231	-3937.3154
86	23	944.2814	-3976.7349
86	24	951.6235	-3909.8298
87	1	1010.2184	-4015.2593
87	2	961.40704	-3987.4453
87	3	953.9066	-3966.4802
87	4	950.3674	-3954.7002
87	5	956.9902	-3963.9565
87	9	951.16034	-3933.2378
87	10	954.49274	-3951.3948
87	15	949.8982	-4017.476
87	17	991.35834	-4013.3242
87	18	976.8693	-3994.137
87	19	981.31866	-3983.3992
87	20	961.60504	-4000.3513
87	21	995.3168	-4023.8489
87	22	987.231	-3937.3154
87	23	944.2935	-3976.737
87	24	951.6235	-3909.8298
88	1	1011.3048	-4015.6477
88	2	961.41296	-3987.03
88	3	953.90356	-3966.7913
88	4	950.3674	-3954.7002
88	5	956.988	-3964.0486
88	9	951.16034	-3933.2378
88	10	954.4948	-3951.4565
88	15	949.8982	-4017.476
88	17	991.35834	-4013.3242
88	18	977.76587	-3994.863
88	19	981.0098	-3983.127
88	20	961.6038	-4000.1633
88	21	995.3168	-4023.8489
88	22	987.231	-3937.3154
88	23	944.28644	-3976.7393
88	24	951.6235	-3909.8298
89	1	1012.4445	-4016.0408
89	2	961.4248	-3986.604
89	3	953.8968	-3967.121
89	4	950.3674	-3954.7002
89	5	956.9955	-3964.1775
89	9	951.16034	-3933.2378
89	10	954.4906	-3951.5425
89	15	949.8982	-4017.476
89	17	991.35834	-4013.3242
89	18	978.6974	-3995.6326
89	19	980.6869	-3982.859
89	20	961.58386	-3999.9375
89	21	995.3168	-4023.8489
89	22	987.231	-3937.3154
89	23	944.2976	-3976.7412
89	24	951.6235	-3909.8298
90	2	961.4383	-3986.1396
90	3	953.8901	-3967.467
90	4	950.3674	-3954.7002
90	5	956.98865	-3964.3052
90	9	951.16034	-3933.2378
90	10	954.4836	-3951.6414
90	15	949.8982	-4017.476
90	17	991.35834	-4013.3242
90	18	979.59686	-3996.3733
90	19	980.3928	-3982.5842
90	20	961.58344	-3999.7175
90	21	995.3168	-4023.8489
90	22	987.231	-3937.3154
90	23	944.2924	-3976.7412
90	24	951.6235	-3909.8298
