0	1	-3666.1394	3635.1821
0	2	-3671.1228	3700.611
0	3	-3663.6533	3707.0862
0	4	-3663.13	3682.9773
0	5	-3655.9983	3698.9805
0	6	-3656.4316	3701.4832
0	7	-3652.9094	3690.354
0	8	-3653.0874	3687.7917
0	9	-3663.1514	3714.463
0	10	-3678.2134	3656.1865
0	11	-3663.1714	3639.6772
0	12	-3656.4404	3634.679
0	13	-3674.207	3759.7131
0	14	-3655.9834	3631.9014
0	15	-3656.1233	3628.7354
1	1	-3666.1267	3635.8408
1	2	-3671.1177	3700.1047
1	3	-3663.6533	3707.0862
1	4	-3663.13	3682.9773
1	5	-3655.9983	3698.9805
1	6	-3656.4316	3701.4832
1	7	-3652.9094	3690.354
1	8	-3653.0874	3687.7917
1	9	-3663.1514	3714.463
1	10	-3678.2134	3656.1865
1	11	-3663.1714	3639.6772
1	12	-3656.4404	3634.679
1	13	-3674.207	3759.7131
1	14	-3655.9834	3631.9014
1	15	-3656.1233	3628.7354
2	1	-3666.129	3636.5688
2	2	-3671.1128	3699.603
2	3	-3663.6533	3707.0862
2	4	-3663.13	3682.9773
2	5	-3655.9983	3698.9805
2	6	-3656.4316	3701.4832
2	7	-3652.9094	3690.354
2	8	-3653.0874	3687.7917
2	9	-3663.1514	3714.463
2	10	-3678.2134	3656.1865
2	11	-3663.1714	3639.6772
2	12	-3656.4404	3634.679
2	13	-3674.207	3759.7131
2	14	-3655.9834	3631.9014
2	15	-3656.1233	3628.7354
3	1	-3666.113	3637.1328
3	2	-3671.1072	3699.104
3	3	-3663.6533	3707.0862
3	4	-3663.13	3682.9773
3	5	-3655.9983	3698.9805
3	6	-3656.4316	3701.4832
3	7	-3652.9094	3690.354
3	8	-3653.0874	3687.7917
3	9	-3663.1514	3714.463
3	10	-3678.2134	3656.1865
3	11	-3663.1714	3639.6772
3	12	-3656.4404	3634.679
3	13	-3674.207	3759.7131
3	14	-3655.9834	3631.9014
3	15	-3656.1233	3628.7354
4	1	-3666.138	3637.8115
4	2	-3671.1016	3698.6057
4	3	-3663.6533	3707.0862
4	4	-3663.13	3682.9773
4	5	-3655.9983	3698.9805
4	6	-3656.4316	3701.4832
4	7	-3652.9094	3690.354
4	8	-3653.0874	3687.7917
4	9	-3663.1514	3714.463
4	10	-3678.2134	3656.1865
4	11	-3663.1714	3639.6772
4	12	-3656.4404	3634.679
4	13	-3674.207	3759.7131
4	14	-3655.9834	3631.9014
4	15	-3656.1233	3628.7354
5	1	-3666.146	3638.429
5	2	-3671.0952	3698.1099
5	3	-3663.6533	3707.0862
5	4	-3663.13	3682.9773
5	5	-3655.9983	3698.9805
5	6	-3656.4316	3701.4832
5	7	-3652.9094	3690.354
5	8	-3653.0874	3687.7917
5	9	-3663.1514	3714.463
5	10	-3678.2134	3656.1865
5	11	-3663.1714	3639.6772
5	12	-3656.4404	3634.679
5	13	-3674.207	3759.7131
5	14	-3655.9834	3631.9014
5	15	-3656.1233	3628.7354
6	1	-3666.1257	3639.041
6	2	-3671.0896	3697.6194
6	3	-3663.6533	3707.0862
6	4	-3663.13	3682.9773
6	5	-3655.9983	3698.9805
6	6	-3656.4316	3701.4832
6	7	-3652.9094	3690.354
6	8	-3653.0874	3687.7917
6	9	-3663.1514	3714.463
6	10	-3678.2134	3656.1865
6	11	-3663.1714	3639.6772
6	12	-3656.4404	3634.679
6	13	-3674.207	3759.7131
6	14	-3655.9834	3631.9014
6	15	-3656.1233	3628.7354
7	1	-3666.1255	3639.6594
7	2	-3671.083	3697.1333
7	3	-3663.6533	3707.0862
7	4	-3663.13	3682.9773
7	5	-3655.9983	3698.9805
7	6	-3656.4316	3701.4832
7	7	-3652.9094	3690.354
7	8	-3653.0874	3687.7917
7	9	-3663.1514	3714.463
7	10	-3678.2134	3656.1865
7	11	-3663.1714	3639.6772
7	12	-3656.4404	3634.679
7	13	-3674.207	3759.7131
7	14	-3655.9834	3631.9014
7	15	-3656.1233	3628.7354
8	1	-3666.1326	3640.2856
8	2	-3671.0786	3696.6523
8	3	-3663.6533	3707.0862
8	4	-3663.13	3682.9773
8	5	-3655.9983	3698.9805
8	6	-3656.4316	3701.4832
8	7	-3652.9094	3690.354
8	8	-3653.0874	3687.7917
8	9	-3663.1514	3714.463
8	10	-3678.2134	3656.1865
8	11	-3663.1714	3639.6772
8	12	-3656.4404	3634.679
8	13	-3674.207	3759.7131
8	14	-3655.9834	3631.9014
8	15	-3656.1233	3628.7354
9	1	-3666.0923	3640.889
9	2	-3671.073	3696.175
9	3	-3663.6533	3707.0862
9	4	-3663.13	3682.9773
9	5	-3655.9983	3698.9805
9	6	-3656.4316	3701.4832
9	7	-3652.9094	3690.354
9	8	-3653.0874	3687.7917
9	9	-3663.1514	3714.463
9	10	-3678.2134	3656.1865
9	11	-3663.1714	3639.6772
9	12	-3656.4404	3634.679
9	13	-3674.207	3759.7131
9	14	-3655.9834	3631.9014
9	15	-3656.1233	3628.7354
10	1	-3666.106	3641.4912
10	2	-3671.0676	3695.7007
10	3	-3663.6533	3707.0862
10	4	-3663.13	3682.9773
10	5	-3655.9983	3698.9805
10	6	-3656.4316	3701.4832
10	7	-3652.9094	3690.354
10	8	-3653.0874	3687.7917
10	9	-3663.1514	3714.463
10	10	-3678.2134	3656.1865
10	11	-3663.1714	3639.6772
10	12	-3656.4404	3634.679
10	13	-3674.207	3759.7131
10	14	-3655.9834	3631.9014
10	15	-3656.1233	3628.7354
11	1	-3666.1006	3642.0762
11	2	-3671.0625	3695.2307
11	3	-3663.6533	3707.0862
11	4	-3663.13	3682.9773
11	5	-3655.9983	3698.9805
11	6	-3656.4316	3701.4832
11	7	-3652.9094	3690.354
11	8	-3653.0874	3687.7917
11	9	-3663.1514	3714.463
11	10	-3678.2134	3656.1865
11	11	-3663.1714	3639.6772
11	12	-3656.4404	3634.679
11	13	-3674.207	3759.7131
11	14	-3655.9834	3631.9014
11	15	-3656.1233	3628.7354
12	1	-3666.0984	3642.6714
12	2	-3671.0566	3694.7637
12	3	-3663.6533	3707.0862
12	4	-3663.13	3682.9773
12	5	-3655.9983	3698.9805
12	6	-3656.4316	3701.4832
12	7	-3652.9094	3690.354
12	8	-3653.0874	3687.7917
12	9	-3663.1514	3714.463
12	10	-3678.2134	3656.1865
12	11	-3663.1714	3639.6772
12	12	-3656.4404	3634.679
12	13	-3674.207	3759.7131
12	14	-3655.9834	3631.9014
12	15	-3656.1233	3628.7354
13	1	-3666.09	3643.2603
13	2	-3671.0532	3694.2998
13	3	-3663.6533	3707.0862
13	4	-3663.13	3682.9773
13	5	-3655.9983	3698.9805
13	6	-3656.4316	3701.4832
13	7	-3652.9094	3690.354
13	8	-3653.0874	3687.7917
13	9	-3663.1514	3714.463
13	10	-3678.2134	3656.1865
13	11	-3663.1714	3639.6772
13	12	-3656.4404	3634.679
13	13	-3674.207	3759.7131
13	14	-3655.9834	3631.9014
13	15	-3656.1233	3628.7354
14	1	-3666.0752	3643.8337
14	2	-3671.0469	3693.8406
14	3	-3663.6533	3707.0862
14	4	-3663.13	3682.9773
14	5	-3655.9983	3698.9805
14	6	-3656.4316	3701.4832
14	7	-3652.9094	3690.354
14	8	-3653.0874	3687.7917
14	9	-3663.1514	3714.463
14	10	-3678.2134	3656.1865
14	11	-3663.1714	3639.6772
14	12	-3656.4404	3634.679
14	13	-3674.207	3759.7131
14	14	-3655.9834	3631.9014
14	15	-3656.1233	3628.7354
15	1	-3666.0625	3644.3655
15	2	-3671.044	3693.386
15	3	-3663.6533	3707.0862
15	4	-3663.13	3682.9773
15	5	-3655.9983	3698.9805
15	6	-3656.4316	3701.4832
15	7	-3652.9094	3690.354
15	8	-3653.0874	3687.7917
15	9	-3663.1514	3714.463
15	10	-3678.2134	3656.1865
15	11	-3663.1714	3639.6772
15	12	-3656.4404	3634.679
15	13	-3674.207	3759.7131
15	14	-3655.9834	3631.9014
15	15	-3656.1233	3628.7354
16	1	-3666.056	3644.9092
16	2	-3671.0398	3692.9358
16	3	-3663.6533	3707.0862
16	4	-3663.13	3682.9773
16	5	-3655.9983	3698.9805
16	6	-3656.4316	3701.4832
16	7	-3652.9094	3690.354
16	8	-3653.0874	3687.7917
16	9	-3663.1514	3714.463
16	10	-3678.2134	3656.1865
16	11	-3663.1714	3639.6772
16	12	-3656.4404	3634.679
16	13	-3674.207	3759.7131
16	14	-3655.9834	3631.9014
16	15	-3656.1233	3628.7354
17	1	-3666.0479	3645.3972
17	2	-3671.0364	3692.4868
17	3	-3663.6533	3707.0862
17	4	-3663.13	3682.9773
17	5	-3655.9983	3698.9805
17	6	-3656.4316	3701.4832
17	7	-3652.9094	3690.354
17	8	-3653.0874	3687.7917
17	9	-3663.1514	3714.463
17	10	-3678.2134	3656.1865
17	11	-3663.1714	3639.6772
17	12	-3656.4404	3634.679
17	13	-3674.207	3759.7131
17	14	-3655.9834	3631.9014
17	15	-3656.1233	3628.7354
18	1	-3666.0298	3645.9253
18	2	-3671.031	3692.04
18	3	-3663.6533	3707.0862
18	4	-3663.13	3682.9773
18	5	-3655.9983	3698.9805
18	6	-3656.4316	3701.4832
18	7	-3652.9094	3690.354
18	8	-3653.0874	3687.7917
18	9	-3663.1514	3714.463
18	10	-3678.2134	3656.1865
18	11	-3663.1714	3639.6772
18	12	-3656.4404	3634.679
18	13	-3674.207	3759.7131
18	14	-3655.9834	3631.9014
18	15	-3656.1233	3628.7354
19	1	-3666.0298	3646.4124
19	2	-3671.027	3691.5955
19	3	-3663.6533	3707.0862
19	4	-3663.13	3682.9773
19	5	-3655.9983	3698.9805
19	6	-3656.4316	3701.4832
19	7	-3652.9094	3690.354
19	8	-3653.0874	3687.7917
19	9	-3663.1514	3714.463
19	10	-3678.2134	3656.1865
19	11	-3663.1714	3639.6772
19	12	-3656.4404	3634.679
19	13	-3674.207	3759.7131
19	14	-3655.9834	3631.9014
19	15	-3656.1233	3628.7354
20	1	-3666.0273	3646.8687
20	2	-3671.0244	3691.1487
20	3	-3663.6533	3707.0862
20	4	-3663.13	3682.9773
20	5	-3655.9983	3698.9805
20	6	-3656.4316	3701.4832
20	7	-3652.9094	3690.354
20	8	-3653.0874	3687.7917
20	9	-3663.1514	3714.463
20	10	-3678.2134	3656.1865
20	11	-3663.1714	3639.6772
20	12	-3656.4404	3634.679
20	13	-3674.207	3759.7131
20	14	-3655.9834	3631.9014
20	15	-3656.1233	3628.7354
21	1	-3666.0217	3647.316
21	2	-3671.02	3690.6982
21	3	-3663.6533	3707.0862
21	4	-3663.13	3682.9773
21	5	-3655.9983	3698.9805
21	6	-3656.4316	3701.4832
21	7	-3652.9094	3690.354
21	8	-3653.0874	3687.7917
21	9	-3663.1514	3714.463
21	10	-3678.2134	3656.1865
21	11	-3663.1714	3639.6772
21	12	-3656.4404	3634.679
21	13	-3674.207	3759.7131
21	14	-3655.9834	3631.9014
21	15	-3656.1233	3628.7354
22	1	-3666.0056	3647.7832
22	2	-3671.0159	3690.2449
22	3	-3663.6533	3707.0862
22	4	-3663.13	3682.9773
22	5	-3655.9983	3698.9805
22	6	-3656.4316	3701.4832
22	7	-3652.9094	3690.354
22	8	-3653.0874	3687.7917
22	9	-3663.1514	3714.463
22	10	-3678.2134	3656.1865
22	11	-3663.1714	3639.6772
22	12	-3656.4404	3634.679
22	13	-3674.207	3759.7131
22	14	-3655.9834	3631.9014
22	15	-3656.1233	3628.7354
23	1	-3666.0115	3648.2085
23	2	-3671.0117	3689.7908
23	3	-3663.6533	3707.0862
23	4	-3663.13	3682.9773
23	5	-3655.9983	3698.9805
23	6	-3656.4316	3701.4832
23	7	-3652.9094	3690.354
23	8	-3653.0874	3687.7917
23	9	-3663.1514	3714.463
23	10	-3678.2134	3656.1865
23	11	-3663.1714	3639.6772
23	12	-3656.4404	3634.679
23	13	-3674.207	3759.7131
23	14	-3655.9834	3631.9014
23	15	-3656.1233	3628.7354
23	16	-3685.0652	3656.5276
24	1	-3665.9973	3648.6208
24	2	-3671.0083	3689.334
24	3	-3663.6533	3707.0862
24	4	-3663.13	3682.9773
24	5	-3655.9983	3698.9805
24	6	-3656.4316	3701.4832
24	7	-3652.9094	3690.354
24	8	-3653.0874	3687.7917
24	9	-3663.1514	3714.463
24	10	-3678.2134	3656.1865
24	11	-3663.1714	3639.6772
24	12	-3656.4404	3634.679
24	13	-3674.207	3759.7131
24	14	-3655.9834	3631.9014
24	15	-3656.1233	3628.7354
25	1	-3666.0076	3648.9949
25	2	-3671.0042	3688.875
25	3	-3663.6533	3707.0862
25	4	-3663.13	3682.9773
25	5	-3655.9983	3698.9805
25	6	-3656.4316	3701.4832
25	7	-3652.9094	3690.354
25	8	-3653.0874	3687.7917
25	9	-3663.1514	3714.463
25	10	-3678.2134	3656.1865
25	11	-3663.1714	3639.6772
25	12	-3656.4404	3634.679
25	13	-3674.207	3759.7131
25	14	-3655.9834	3631.9014
25	15	-3656.1233	3628.7354
26	1	-3666.0037	3649.3933
26	2	-3671.0002	3688.4136
26	3	-3663.6533	3707.0862
26	4	-3663.13	3682.9773
26	5	-3655.9983	3698.9805
26	6	-3656.4316	3701.4832
26	7	-3652.9094	3690.354
26	8	-3653.0874	3687.7917
26	9	-3663.1514	3714.463
26	10	-3678.2134	3656.1865
26	11	-3663.1714	3639.6772
26	12	-3656.4404	3634.679
26	13	-3674.207	3759.7131
26	14	-3655.9834	3631.9014
26	15	-3656.1233	3628.7354
27	1	-3666.0054	3649.7913
27	2	-3670.995	3687.949
27	3	-3663.6533	3707.0862
27	4	-3663.13	3682.9773
27	5	-3655.9983	3698.9805
27	6	-3656.4316	3701.4832
27	7	-3652.9094	3690.354
27	8	-3653.0874	3687.7917
27	9	-3663.1514	3714.463
27	10	-3678.2134	3656.1865
27	11	-3663.1714	3639.6772
27	12	-3656.4404	3634.679
27	13	-3674.207	3759.7131
27	14	-3655.9834	3631.9014
27	15	-3656.1233	3628.7354
27	16	-3685.0652	3656.5276
28	1	-3666.0056	3650.089
28	2	-3670.9905	3687.483
28	3	-3663.6533	3707.0862
28	4	-3663.13	3682.9773
28	5	-3655.9983	3698.9805
28	6	-3656.4316	3701.4832
28	7	-3652.9094	3690.354
28	8	-3653.0874	3687.7917
28	9	-3663.1514	3714.463
28	10	-3678.2134	3656.1865
28	11	-3663.1714	3639.6772
28	12	-3656.4404	3634.679
28	13	-3674.207	3759.7131
28	14	-3655.9834	3631.9014
28	15	-3656.1233	3628.7354
28	16	-3685.0652	3656.5276
29	1	-3666.0012	3650.3706
29	2	-3670.9858	3687.0144
29	3	-3663.6533	3707.0862
29	4	-3663.13	3682.9773
29	5	-3655.9983	3698.9805
29	6	-3656.4316	3701.4832
29	7	-3652.9094	3690.354
29	8	-3653.0874	3687.7917
29	9	-3663.1514	3714.463
29	10	-3678.2134	3656.1865
29	11	-3663.1714	3639.6772
29	12	-3656.4404	3634.679
29	13	-3674.207	3759.7131
29	14	-3655.9834	3631.9014
29	15	-3656.1233	3628.7354
29	16	-3685.0652	3656.5276
30	1	-3666.0085	3650.6504
30	2	-3670.982	3686.5437
30	3	-3663.6533	3707.0862
30	4	-3663.13	3682.9773
30	5	-3655.9983	3698.9805
30	6	-3656.4316	3701.4832
30	7	-3652.9094	3690.354
30	8	-3653.0874	3687.7917
30	9	-3663.1514	3714.463
30	10	-3678.2134	3656.1865
30	11	-3663.1714	3639.6772
30	12	-3656.4404	3634.679
30	13	-3674.207	3759.7131
30	14	-3655.9834	3631.9014
30	15	-3656.1233	3628.7354
30	16	-3685.0652	3656.5276
31	1	-3666.0183	3650.9414
31	2	-3670.9763	3686.0706
31	3	-3663.6533	3707.0862
31	4	-3663.13	3682.9773
31	5	-3655.9983	3698.9805
31	6	-3656.4316	3701.4832
31	7	-3652.9094	3690.354
31	8	-3653.0874	3687.7917
31	9	-3663.1514	3714.463
31	10	-3678.2134	3656.1865
31	11	-3663.1714	3639.6772
31	12	-3656.4404	3634.679
31	13	-3674.207	3759.7131
31	14	-3655.9834	3631.9014
31	15	-3656.1233	3628.7354
31	16	-3685.0652	3656.5276
32	1	-3665.9563	3651.195
32	2	-3670.9712	3685.594
32	3	-3663.6533	3707.0862
32	4	-3663.13	3682.9773
32	5	-3655.9983	3698.9805
32	6	-3656.4316	3701.4832
32	7	-3652.9094	3690.354
32	8	-3653.0874	3687.7917
32	9	-3663.1514	3714.463
32	10	-3678.2134	3656.1865
32	11	-3663.1714	3639.6772
32	12	-3656.4404	3634.679
32	13	-3674.207	3759.7131
32	14	-3655.9834	3631.9014
32	15	-3656.1233	3628.7354
32	16	-3685.0652	3656.5276
33	1	-3666.003	3651.4004
33	2	-3670.967	3685.1157
33	3	-3663.6533	3707.0862
33	4	-3663.13	3682.9773
33	5	-3655.9983	3698.9805
33	6	-3656.4316	3701.4832
33	7	-3652.9094	3690.354
33	8	-3653.0874	3687.7917
33	9	-3663.1514	3714.463
33	10	-3678.2134	3656.1865
33	11	-3663.1714	3639.6772
33	12	-3656.4404	3634.679
33	13	-3674.207	3759.7131
33	14	-3655.9834	3631.9014
33	15	-3656.1233	3628.7354
33	16	-3685.0652	3656.5276
34	1	-3665.997	3651.5974
34	2	-3670.9634	3684.6345
34	3	-3663.6533	3707.0862
34	4	-3663.13	3682.9773
34	5	-3655.9983	3698.9805
34	6	-3656.4316	3701.4832
34	7	-3652.9094	3690.354
34	8	-3653.0874	3687.7917
34	9	-3663.1514	3714.463
34	10	-3678.2134	3656.1865
34	11	-3663.1714	3639.6772
34	12	-3656.4404	3634.679
34	13	-3674.207	3759.7131
34	14	-3655.9834	3631.9014
34	15	-3656.1233	3628.7354
34	16	-3685.0652	3656.5276
35	1	-3665.9868	3651.7761
35	2	-3670.9587	3684.1497
35	3	-3663.6533	3707.0862
35	4	-3663.13	3682.9773
35	5	-3655.9983	3698.9805
35	6	-3656.4316	3701.4832
35	7	-3652.9094	3690.354
35	8	-3653.0874	3687.7917
35	9	-3663.1514	3714.463
35	10	-3678.2134	3656.1865
35	11	-3663.1714	3639.6772
35	12	-3656.4404	3634.679
35	13	-3674.207	3759.7131
35	14	-3655.9834	3631.9014
35	15	-3656.1233	3628.7354
35	16	-3685.0652	3656.5276
36	1	-3666.003	3651.9553
36	2	-3670.9524	3683.663
36	3	-3663.6533	3707.0862
36	4	-3663.13	3682.9773
36	5	-3655.9983	3698.9805
36	6	-3656.4316	3701.4832
36	7	-3652.9094	3690.354
36	8	-3653.0874	3687.7917
36	9	-3663.1514	3714.463
36	10	-3678.2134	3656.1865
36	11	-3663.1714	3639.6772
36	12	-3656.4404	3634.679
36	13	-3674.207	3759.7131
36	14	-3655.9834	3631.9014
36	15	-3656.1233	3628.7354
36	16	-3685.0652	3656.5276
36	24	-3734.336	3648.3633
37	1	-3666.005	3652.0886
37	2	-3670.948	3683.1763
37	3	-3663.6533	3707.0862
37	4	-3663.13	3682.9773
37	5	-3655.9983	3698.9805
37	6	-3656.4316	3701.4832
37	7	-3652.9094	3690.354
37	8	-3653.0874	3687.7917
37	9	-3663.1514	3714.463
37	10	-3678.2134	3656.1865
37	11	-3663.1714	3639.6772
37	12	-3656.4404	3634.679
37	13	-3674.207	3759.7131
37	14	-3655.9834	3631.9014
37	15	-3656.1233	3628.7354
37	16	-3685.0652	3656.5276
37	24	-3734.3923	3648.38
38	1	-3666.0032	3652.1992
38	2	-3670.9426	3682.6897
38	3	-3663.6533	3707.0862
38	4	-3663.13	3682.9773
38	5	-3655.9983	3698.9805
38	6	-3656.4316	3701.4832
38	7	-3652.9094	3690.354
38	8	-3653.0874	3687.7917
38	9	-3663.1514	3714.463
38	10	-3678.2134	3656.1865
38	11	-3663.1714	3639.6772
38	12	-3656.4404	3634.679
38	13	-3674.207	3759.7131
38	14	-3655.9834	3631.9014
38	15	-3656.1233	3628.7354
38	16	-3685.0652	3656.5276
38	24	-3734.4202	3648.385
39	1	-3666.0076	3652.3306
39	2	-3670.937	3682.2034
39	3	-3663.6533	3707.0862
39	4	-3663.13	3682.9773
39	5	-3655.9983	3698.9805
39	6	-3656.4316	3701.4832
39	7	-3652.9094	3690.354
39	8	-3653.0874	3687.7917
39	9	-3663.1514	3714.463
39	10	-3678.2134	3656.1865
39	11	-3663.1714	3639.6772
39	12	-3656.4404	3634.679
39	14	-3655.9834	3631.9014
39	15	-3656.1233	3628.7354
39	16	-3685.0652	3656.5276
39	24	-3734.4377	3648.5
40	1	-3666.005	3652.4048
40	2	-3670.933	3681.7256
40	3	-3663.6533	3707.0862
40	4	-3663.13	3682.9773
40	5	-3655.9983	3698.9805
40	6	-3656.4316	3701.4832
40	7	-3652.9094	3690.354
40	8	-3653.0874	3687.7917
40	9	-3663.1514	3714.463
40	10	-3678.2134	3656.1865
40	11	-3663.1714	3639.6772
40	12	-3656.4404	3634.679
40	14	-3655.9834	3631.9014
40	15	-3656.1233	3628.7354
40	16	-3685.0652	3656.5276
40	24	-3734.4492	3648.5073
41	1	-3666.005	3652.5037
41	2	-3670.927	3681.255
41	3	-3663.6533	3707.0862
41	4	-3663.13	3682.9773
41	5	-3655.9983	3698.9805
41	6	-3656.4316	3701.4832
41	7	-3652.9094	3690.354
41	8	-3653.0874	3687.7917
41	9	-3663.1514	3714.463
41	10	-3678.2134	3656.1865
41	11	-3663.1714	3639.6772
41	12	-3656.4404	3634.679
41	14	-3655.9834	3631.9014
41	15	-3656.1233	3628.7354
41	16	-3685.0652	3656.5276
41	17	-3694.8865	3647.6685
42	1	-3666.0005	3652.5854
42	2	-3670.922	3680.7922
42	3	-3663.6533	3707.0862
42	4	-3663.13	3682.9773
42	5	-3655.9983	3698.9805
42	6	-3656.4316	3701.4832
42	7	-3652.9094	3690.354
42	8	-3653.0874	3687.7917
42	9	-3663.1514	3714.463
42	10	-3678.2134	3656.1865
42	11	-3663.1714	3639.6772
42	12	-3656.4404	3634.679
42	14	-3655.9834	3631.9014
42	15	-3656.1233	3628.7354
42	16	-3685.0652	3656.5276
42	17	-3694.8865	3647.6685
42	18	-3697.5913	3648.0298
43	1	-3665.9949	3652.6636
43	2	-3670.9172	3680.3367
43	3	-3663.6533	3707.0862
43	4	-3663.13	3682.9773
43	5	-3655.9983	3698.9805
43	6	-3656.4316	3701.4832
43	7	-3652.9094	3690.354
43	8	-3653.0874	3687.7917
43	9	-3663.1514	3714.463
43	10	-3678.2134	3656.1865
43	11	-3663.1714	3639.6772
43	12	-3656.4404	3634.679
43	14	-3655.9834	3631.9014
43	15	-3656.1233	3628.7354
43	16	-3685.0652	3656.5276
43	17	-3694.8865	3647.6685
43	18	-3697.5913	3648.0298
44	1	-3666.0078	3652.7214
44	2	-3670.9116	3679.89
44	3	-3663.6533	3707.0862
44	4	-3663.13	3682.9773
44	5	-3655.9983	3698.9805
44	6	-3656.4316	3701.4832
44	7	-3652.9094	3690.354
44	8	-3653.0874	3687.7917
44	9	-3663.1514	3714.463
44	10	-3678.2134	3656.1865
44	11	-3663.1714	3639.6772
44	12	-3656.4404	3634.679
44	14	-3655.9834	3631.9014
44	15	-3656.1233	3628.7354
44	16	-3685.0652	3656.5276
44	17	-3694.8865	3647.6685
44	18	-3697.5913	3648.0298
45	1	-3666.0066	3652.7935
45	2	-3670.9058	3679.453
45	3	-3663.6533	3707.0862
45	4	-3663.13	3682.9773
45	5	-3655.9983	3698.9805
45	6	-3656.4316	3701.4832
45	7	-3652.9094	3690.354
45	8	-3653.0874	3687.7917
45	9	-3663.1514	3714.463
45	10	-3678.2134	3656.1865
45	11	-3663.1714	3639.6772
45	12	-3656.4404	3634.679
45	14	-3655.9834	3631.9014
45	15	-3656.1233	3628.7354
45	16	-3685.0652	3656.5276
45	17	-3694.8865	3647.6685
45	18	-3697.5913	3648.0298
46	1	-3666.0	3652.872
46	2	-3670.9004	3679.0264
46	3	-3663.6533	3707.0862
46	4	-3663.13	3682.9773
46	5	-3655.9983	3698.9805
46	6	-3656.4316	3701.4832
46	7	-3652.9094	3690.354
46	8	-3653.0874	3687.7917
46	9	-3663.1514	3714.463
46	10	-3678.2134	3656.1865
46	11	-3663.1714	3639.6772
46	12	-3656.4404	3634.679
46	14	-3655.9834	3631.9014
46	15	-3656.1233	3628.7354
46	16	-3685.0652	3656.5276
46	17	-3694.8865	3647.6685
46	18	-3697.5913	3648.0298
47	1	-3666.0015	3652.984
47	2	-3670.8948	3678.61
47	3	-3663.6533	3707.0862
47	4	-3663.13	3682.9773
47	5	-3655.9983	3698.9805
47	6	-3656.4316	3701.4832
47	7	-3652.9094	3690.354
47	8	-3653.0874	3687.7917
47	9	-3663.1514	3714.463
47	10	-3678.2134	3656.1865
47	11	-3663.1714	3639.6772
47	12	-3656.4404	3634.679
47	14	-3655.9834	3631.9014
47	15	-3656.1233	3628.7354
47	16	-3685.0652	3656.5276
47	17	-3694.8865	3647.6685
47	18	-3697.5913	3648.0298
48	1	-3666.0022	3653.0547
48	2	-3670.8906	3678.2058
48	3	-3663.6533	3707.0862
48	4	-3663.13	3682.9773
48	5	-3655.9983	3698.9805
48	6	-3656.4316	3701.4832
48	7	-3652.9094	3690.354
48	8	-3653.0874	3687.7917
48	9	-3663.1514	3714.463
48	10	-3678.2134	3656.1865
48	11	-3663.1714	3639.6772
48	12	-3656.4404	3634.679
48	14	-3655.9834	3631.9014
48	15	-3656.1233	3628.7354
48	16	-3685.0652	3656.5276
48	17	-3694.8865	3647.6685
48	18	-3697.5913	3648.0298
49	1	-3665.9976	3653.1533
49	2	-3670.8848	3677.8145
49	3	-3663.6533	3707.0862
49	4	-3663.13	3682.9773
49	5	-3655.9983	3698.9805
49	6	-3656.4316	3701.4832
49	7	-3652.9094	3690.354
49	8	-3653.0874	3687.7917
49	9	-3663.1514	3714.463
49	10	-3678.2134	3656.1865
49	11	-3663.1714	3639.6772
49	12	-3656.4404	3634.679
49	14	-3655.9834	3631.9014
49	15	-3656.1233	3628.7354
49	16	-3685.0652	3656.5276
49	17	-3694.8865	3647.6685
49	18	-3697.5913	3648.0298
50	1	-3666.0015	3653.2612
50	2	-3670.8809	3677.4353
50	3	-3663.6533	3707.0862
50	4	-3663.13	3682.9773
50	5	-3655.9983	3698.9805
50	6	-3656.4316	3701.4832
50	7	-3652.9094	3690.354
50	8	-3653.0874	3687.7917
50	9	-3663.1514	3714.463
50	10	-3678.2134	3656.1865
50	11	-3663.1714	3639.6772
50	12	-3656.4404	3634.679
50	14	-3655.9834	3631.9014
50	15	-3656.1233	3628.7354
50	16	-3685.0652	3656.5276
50	17	-3694.8865	3647.6685
50	18	-3697.5913	3648.0298
50	19	-3728.5479	3647.1333
50	23	-3734.8918	3641.386
51	1	-3666.002	3653.392
51	2	-3670.8777	3677.0718
51	3	-3663.6533	3707.0862
51	4	-3663.13	3682.9773
51	5	-3655.9983	3698.9805
51	6	-3656.4316	3701.4832
51	7	-3652.9094	3690.354
51	8	-3653.0874	3687.7917
51	9	-3663.1514	3714.463
51	10	-3678.2134	3656.1865
51	11	-3663.1714	3639.6772
51	12	-3656.4404	3634.679
51	14	-3655.9834	3631.9014
51	15	-3656.1233	3628.7354
51	16	-3685.0652	3656.5276
51	17	-3694.8865	3647.6685
51	18	-3697.5913	3648.0298
51	19	-3728.5479	3647.1333
51	20	-3734.445	3648.9065
51	23	-3734.8918	3641.386
52	1	-3666.0034	3653.5037
52	2	-3670.8748	3676.7249
52	3	-3663.6533	3707.0862
52	4	-3663.13	3682.9773
52	5	-3655.9983	3698.9805
52	6	-3656.4316	3701.4832
52	7	-3652.9094	3690.354
52	8	-3653.0874	3687.7917
52	9	-3663.1514	3714.463
52	10	-3678.2134	3656.1865
52	11	-3663.1714	3639.6772
52	12	-3656.4404	3634.679
52	14	-3655.9834	3631.9014
52	15	-3656.1233	3628.7354
52	16	-3685.0652	3656.5276
52	17	-3694.8865	3647.6685
52	18	-3697.5913	3648.0298
52	19	-3728.5479	3647.1333
52	20	-3734.445	3648.9065
52	23	-3734.8918	3641.386
53	1	-3666.0134	3653.6094
53	2	-3670.8745	3676.3965
53	3	-3663.6533	3707.0862
53	4	-3663.13	3682.9773
53	5	-3655.9983	3698.9805
53	6	-3656.4316	3701.4832
53	7	-3652.9094	3690.354
53	8	-3653.0874	3687.7917
53	9	-3663.1514	3714.463
53	10	-3678.2134	3656.1865
53	11	-3663.1714	3639.6772
53	12	-3656.4404	3634.679
53	14	-3655.9834	3631.9014
53	15	-3656.1233	3628.7354
53	16	-3685.0652	3656.5276
53	17	-3694.8865	3647.6685
53	18	-3697.5913	3648.0298
53	19	-3728.5479	3647.1333
53	20	-3734.445	3648.9065
53	23	-3734.8918	3641.386
54	1	-3666.0237	3653.7834
54	2	-3670.8745	3676.0886
54	3	-3663.6533	3707.0862
54	4	-3663.13	3682.9773
54	5	-3655.9983	3698.9805
54	6	-3656.4316	3701.4832
54	7	-3652.9094	3690.354
54	8	-3653.0874	3687.7917
54	9	-3663.1514	3714.463
54	10	-3678.2134	3656.1865
54	11	-3663.1714	3639.6772
54	12	-3656.4404	3634.679
54	14	-3655.9834	3631.9014
54	15	-3656.1233	3628.7354
54	16	-3685.0652	3656.5276
54	17	-3694.8865	3647.6685
54	18	-3697.5913	3648.0298
54	19	-3728.5479	3647.1333
54	20	-3734.445	3648.9065
54	23	-3734.8918	3641.386
55	1	-3666.0386	3653.9336
55	2	-3670.876	3675.8018
55	3	-3663.6533	3707.0862
55	4	-3663.13	3682.9773
55	5	-3655.9983	3698.9805
55	6	-3656.4316	3701.4832
55	7	-3652.9094	3690.354
55	8	-3653.0874	3687.7917
55	9	-3663.1514	3714.463
55	10	-3678.2134	3656.1865
55	11	-3663.1714	3639.6772
55	12	-3656.4404	3634.679
55	14	-3655.9834	3631.9014
55	15	-3656.1233	3628.7354
55	16	-3685.0652	3656.5276
55	17	-3694.8865	3647.6685
55	18	-3697.5913	3648.0298
55	19	-3728.5479	3647.1333
55	20	-3734.445	3648.9065
55	23	-3734.8918	3641.386
56	1	-3666.0525	3654.1006
56	2	-3670.879	3675.5354
56	3	-3663.6533	3707.0862
56	4	-3663.13	3682.9773
56	5	-3655.9983	3698.9805
56	6	-3656.4316	3701.4832
56	7	-3652.9094	3690.354
56	8	-3653.0874	3687.7917
56	9	-3663.1514	3714.463
56	10	-3678.2134	3656.1865
56	11	-3663.1714	3639.6772
56	12	-3656.4404	3634.679
56	14	-3655.9834	3631.9014
56	15	-3656.1233	3628.7354
56	16	-3685.0652	3656.5276
56	17	-3694.8865	3647.6685
56	18	-3697.5913	3648.0298
56	19	-3728.5479	3647.1333
56	20	-3734.445	3648.9065
56	23	-3734.8918	3641.386
57	1	-3666.0784	3654.2803
57	2	-3670.8828	3675.2908
57	3	-3663.6533	3707.0862
57	4	-3663.13	3682.9773
57	5	-3655.9983	3698.9805
57	6	-3656.4316	3701.4832
57	7	-3652.9094	3690.354
57	8	-3653.0874	3687.7917
57	9	-3663.1514	3714.463
57	10	-3678.2134	3656.1865
57	11	-3663.1714	3639.6772
57	12	-3656.4404	3634.679
57	14	-3655.9834	3631.9014
57	15	-3656.1233	3628.7354
57	16	-3685.0652	3656.5276
57	17	-3694.8865	3647.6685
57	18	-3697.5913	3648.0298
57	19	-3728.5479	3647.1333
57	20	-3734.445	3648.9065
57	21	-3723.976	3673.1392
57	23	-3734.8918	3641.386
58	1	-3666.1008	3654.4548
58	2	-3670.8875	3675.068
58	3	-3663.6533	3707.0862
58	4	-3663.13	3682.9773
58	5	-3655.9983	3698.9805
58	6	-3656.4316	3701.4832
58	7	-3652.9094	3690.354
58	8	-3653.0874	3687.7917
58	9	-3663.1514	3714.463
58	10	-3678.2134	3656.1865
58	11	-3663.1714	3639.6772
58	12	-3656.4404	3634.679
58	14	-3655.9834	3631.9014
58	15	-3656.1233	3628.7354
58	16	-3685.0652	3656.5276
58	17	-3694.8865	3647.6685
58	18	-3697.5913	3648.0298
58	19	-3728.5479	3647.1333
58	20	-3734.445	3648.9065
58	21	-3723.976	3673.1392
58	22	-3728.8206	3674.271
58	23	-3734.8918	3641.386
59	1	-3666.136	3654.6523
59	2	-3670.8945	3674.8682
59	3	-3663.6533	3707.0862
59	4	-3663.13	3682.9773
59	5	-3655.9983	3698.9805
59	6	-3656.4316	3701.4832
59	7	-3652.9094	3690.354
59	8	-3653.0874	3687.7917
59	9	-3663.1514	3714.463
59	10	-3678.2134	3656.1865
59	11	-3663.1714	3639.6772
59	12	-3656.4404	3634.679
59	14	-3655.9834	3631.9014
59	15	-3656.1233	3628.7354
59	16	-3685.0652	3656.5276
59	17	-3694.8865	3647.6685
59	18	-3697.5913	3648.0298
59	19	-3728.5479	3647.1333
59	20	-3734.445	3648.9065
59	21	-3723.976	3673.1392
59	22	-3728.8206	3674.271
59	23	-3734.8918	3641.386
60	1	-3666.1807	3654.8518
60	2	-3670.901	3674.6887
60	3	-3663.6533	3707.0862
60	4	-3663.13	3682.9773
60	5	-3655.9983	3698.9805
60	6	-3656.4316	3701.4832
60	7	-3652.9094	3690.354
60	8	-3653.0874	3687.7917
60	9	-3663.1514	3714.463
60	10	-3678.2134	3656.1865
60	11	-3663.1714	3639.6772
60	12	-3656.4404	3634.679
60	14	-3655.9834	3631.9014
60	15	-3656.1233	3628.7354
60	16	-3685.0652	3656.5276
60	17	-3694.8865	3647.6685
60	18	-3697.5913	3648.0298
60	19	-3728.5479	3647.1333
60	20	-3734.445	3648.9065
60	21	-3723.976	3673.1392
60	22	-3728.8206	3674.271
60	23	-3734.8918	3641.386
61	1	-3666.234	3655.0808
61	2	-3670.9065	3674.53
61	3	-3663.6533	3707.0862
61	4	-3663.13	3682.9773
61	5	-3655.9983	3698.9805
61	6	-3656.4316	3701.4832
61	7	-3652.9094	3690.354
61	8	-3653.0874	3687.7917
61	9	-3663.1514	3714.463
61	10	-3678.2134	3656.1865
61	11	-3663.1714	3639.6772
61	12	-3656.4404	3634.679
61	14	-3655.9834	3631.9014
61	15	-3656.1233	3628.7354
61	16	-3685.0652	3656.5276
61	17	-3694.8865	3647.6685
61	18	-3697.5913	3648.0298
61	19	-3728.5479	3647.1333
61	20	-3734.445	3648.9065
61	21	-3723.976	3673.1392
61	22	-3728.8206	3674.271
61	23	-3734.8918	3641.386
62	1	-3666.2957	3655.3276
62	2	-3670.912	3674.3916
62	3	-3663.6533	3707.0862
62	4	-3663.13	3682.9773
62	5	-3655.9983	3698.9805
62	6	-3656.4316	3701.4832
62	7	-3652.9094	3690.354
62	8	-3653.0874	3687.7917
62	9	-3663.1514	3714.463
62	10	-3678.2134	3656.1865
62	11	-3663.1714	3639.6772
62	12	-3656.4404	3634.679
62	14	-3655.9834	3631.9014
62	15	-3656.1233	3628.7354
62	16	-3685.0652	3656.5276
62	17	-3694.8865	3647.6685
62	18	-3697.5913	3648.0298
62	19	-3728.5479	3647.1333
62	20	-3734.445	3648.9065
62	21	-3723.976	3673.1392
62	22	-3728.8206	3674.271
62	23	-3734.8918	3641.386
63	1	-3666.3772	3655.5876
63	2	-3670.918	3674.2751
63	3	-3663.6533	3707.0862
63	4	-3663.13	3682.9773
63	5	-3655.9983	3698.9805
63	6	-3656.4316	3701.4832
63	7	-3652.9094	3690.354
63	8	-3653.0874	3687.7917
63	9	-3663.1514	3714.463
63	10	-3678.2134	3656.1865
63	11	-3663.1714	3639.6772
63	12	-3656.4404	3634.679
63	14	-3655.9834	3631.9014
63	15	-3656.1233	3628.7354
63	16	-3685.0652	3656.5276
63	17	-3694.8865	3647.6685
63	18	-3697.5913	3648.0298
63	19	-3728.5479	3647.1333
63	20	-3734.445	3648.9065
63	21	-3723.976	3673.1392
63	22	-3728.8206	3674.271
63	23	-3734.8918	3641.386
64	1	-3666.4614	3655.8467
64	2	-3670.9229	3674.1775
64	3	-3663.6533	3707.0862
64	4	-3663.13	3682.9773
64	5	-3655.9983	3698.9805
64	6	-3656.4316	3701.4832
64	7	-3652.9094	3690.354
64	8	-3653.0874	3687.7917
64	9	-3663.1514	3714.463
64	10	-3678.2134	3656.1865
64	11	-3663.1714	3639.6772
64	12	-3656.4404	3634.679
64	14	-3655.9834	3631.9014
64	15	-3656.1233	3628.7354
64	16	-3685.0652	3656.5276
64	17	-3694.8865	3647.6685
64	18	-3697.5913	3648.0298
64	19	-3728.5479	3647.1333
64	20	-3734.445	3648.9065
64	21	-3723.976	3673.1392
64	22	-3728.8206	3674.271
64	23	-3734.8918	3641.386
65	1	-3666.564	3656.093
65	2	-3670.9265	3674.0977
65	3	-3663.6533	3707.0862
65	4	-3663.13	3682.9773
65	5	-3655.9983	3698.9805
65	6	-3656.4316	3701.4832
65	7	-3652.9094	3690.354
65	8	-3653.0874	3687.7917
65	9	-3663.1514	3714.463
65	10	-3678.2134	3656.1865
65	11	-3663.1714	3639.6772
65	12	-3656.4404	3634.679
65	14	-3655.9834	3631.9014
65	15	-3656.1233	3628.7354
65	16	-3685.0652	3656.5276
65	17	-3694.8865	3647.6685
65	18	-3697.5913	3648.0298
65	19	-3728.5479	3647.1333
65	20	-3734.445	3648.9065
65	21	-3723.976	3673.1392
65	22	-3728.8206	3674.271
65	23	-3734.8918	3641.386
66	1	-3666.6829	3656.3782
66	2	-3670.9304	3674.0356
66	3	-3663.6533	3707.0862
66	4	-3663.13	3682.9773
66	5	-3655.9983	3698.9805
66	6	-3656.4316	3701.4832
66	7	-3652.9094	3690.354
66	8	-3653.0874	3687.7917
66	9	-3663.1514	3714.463
66	10	-3678.2134	3656.1865
66	11	-3663.1714	3639.6772
66	12	-3656.4404	3634.679
66	14	-3655.9834	3631.9014
66	15	-3656.1233	3628.7354
66	16	-3685.0652	3656.5276
66	17	-3694.8865	3647.6685
66	18	-3697.5913	3648.0298
66	19	-3728.5479	3647.1333
66	20	-3734.445	3648.9065
66	21	-3723.976	3673.1392
66	22	-3728.8206	3674.271
66	23	-3734.8918	3641.386
67	1	-3666.8281	3656.6785
67	2	-3670.9326	3673.9895
67	3	-3663.6533	3707.0862
67	4	-3663.13	3682.9773
67	5	-3655.9983	3698.9805
67	6	-3656.4316	3701.4832
67	7	-3652.9094	3690.354
67	8	-3653.0874	3687.7917
67	9	-3663.1514	3714.463
67	10	-3678.2134	3656.1865
67	11	-3663.1714	3639.6772
67	12	-3656.4404	3634.679
67	14	-3655.9834	3631.9014
67	15	-3656.1233	3628.7354
67	16	-3685.0652	3656.5276
67	17	-3694.8865	3647.6685
67	18	-3697.5913	3648.0298
67	19	-3728.5479	3647.1333
67	20	-3734.445	3648.9065
67	21	-3723.976	3673.1392
67	22	-3728.8206	3674.271
67	23	-3734.8918	3641.386
68	1	-3666.9927	3656.9714
68	2	-3670.9343	3673.9568
68	3	-3663.6533	3707.0862
68	4	-3663.13	3682.9773
68	5	-3655.9983	3698.9805
68	6	-3656.4316	3701.4832
68	7	-3652.9094	3690.354
68	8	-3653.0874	3687.7917
68	9	-3663.1514	3714.463
68	10	-3678.2134	3656.1865
68	11	-3663.1714	3639.6772
68	12	-3656.4404	3634.679
68	14	-3655.9834	3631.9014
68	15	-3656.1233	3628.7354
68	16	-3685.0652	3656.5276
68	17	-3694.8865	3647.6685
68	18	-3697.5913	3648.0298
68	19	-3728.5479	3647.1333
68	20	-3734.445	3648.9065
68	21	-3723.976	3673.1392
68	22	-3728.8206	3674.271
68	23	-3734.8918	3641.386
69	1	-3667.1833	3657.2786
69	2	-3670.9363	3673.9324
69	3	-3663.6533	3707.0862
69	4	-3663.13	3682.9773
69	5	-3655.9983	3698.9805
69	6	-3656.4316	3701.4832
69	7	-3652.9094	3690.354
69	8	-3653.0874	3687.7917
69	9	-3663.1514	3714.463
69	10	-3678.2134	3656.1865
69	11	-3663.1714	3639.6772
69	12	-3656.4404	3634.679
69	14	-3655.9834	3631.9014
69	15	-3656.1233	3628.7354
69	16	-3685.0652	3656.5276
69	17	-3694.8865	3647.6685
69	18	-3697.5913	3648.0298
69	19	-3728.5479	3647.1333
69	20	-3734.445	3648.9065
69	21	-3723.976	3673.1392
69	22	-3728.8206	3674.271
69	23	-3734.8918	3641.386
70	1	-3667.4019	3657.5874
70	2	-3670.938	3673.9128
70	3	-3663.6533	3707.0862
70	4	-3663.13	3682.9773
70	5	-3655.9983	3698.9805
70	6	-3656.4316	3701.4832
70	7	-3652.9094	3690.354
70	8	-3653.0874	3687.7917
70	9	-3663.1514	3714.463
70	10	-3678.2134	3656.1865
70	11	-3663.1714	3639.6772
70	12	-3656.4404	3634.679
70	14	-3655.9834	3631.9014
70	15	-3656.1233	3628.7354
70	16	-3685.0652	3656.5276
70	17	-3694.8865	3647.6685
70	18	-3697.5913	3648.0298
70	19	-3728.5479	3647.1333
70	20	-3734.445	3648.9065
70	21	-3723.976	3673.1392
70	22	-3728.8206	3674.271
70	23	-3734.8918	3641.386
71	1	-3667.6401	3657.9084
71	2	-3670.9382	3673.899
71	3	-3663.6533	3707.0862
71	4	-3663.13	3682.9773
71	5	-3655.9983	3698.9805
71	6	-3656.4316	3701.4832
71	7	-3652.9094	3690.354
71	8	-3653.0874	3687.7917
71	9	-3663.1514	3714.463
71	10	-3678.2134	3656.1865
71	11	-3663.1714	3639.6772
71	12	-3656.4404	3634.679
71	14	-3655.9834	3631.9014
71	15	-3656.1233	3628.7354
71	16	-3685.0652	3656.5276
71	17	-3694.8865	3647.6685
71	18	-3697.5913	3648.0298
71	19	-3728.5479	3647.1333
71	20	-3734.445	3648.9065
71	21	-3723.976	3673.1392
71	22	-3728.8206	3674.271
71	23	-3734.8918	3641.386
72	1	-3667.9028	3658.2432
72	2	-3670.9412	3673.888
72	3	-3663.6533	3707.0862
72	4	-3663.13	3682.9773
72	5	-3655.9983	3698.9805
72	6	-3656.4316	3701.4832
72	7	-3652.9094	3690.354
72	8	-3653.0874	3687.7917
72	9	-3663.1514	3714.463
72	10	-3678.2134	3656.1865
72	11	-3663.1714	3639.6772
72	12	-3656.4404	3634.679
72	14	-3655.9834	3631.9014
72	15	-3656.1233	3628.7354
72	16	-3685.0652	3656.5276
72	17	-3694.8865	3647.6685
72	18	-3697.5913	3648.0298
72	19	-3728.5479	3647.1333
72	20	-3734.445	3648.9065
72	21	-3723.976	3673.1392
72	22	-3728.8206	3674.271
72	23	-3734.8918	3641.386
73	1	-3668.1895	3658.5605
73	2	-3670.942	3673.8748
73	3	-3663.6533	3707.0862
73	4	-3663.13	3682.9773
73	5	-3655.9983	3698.9805
73	6	-3656.4316	3701.4832
73	7	-3652.9094	3690.354
73	8	-3653.0874	3687.7917
73	9	-3663.1514	3714.463
73	10	-3678.2134	3656.1865
73	11	-3663.1714	3639.6772
73	12	-3656.4404	3634.679
73	14	-3655.9834	3631.9014
73	15	-3656.1233	3628.7354
73	16	-3685.0652	3656.5276
73	17	-3694.8865	3647.6685
73	18	-3697.5913	3648.0298
73	19	-3728.5479	3647.1333
73	20	-3734.445	3648.9065
73	21	-3723.976	3673.1392
73	22	-3728.8206	3674.271
73	23	-3734.8918	3641.386
74	1	-3668.501	3658.8782
74	2	-3670.9429	3673.8635
74	3	-3663.6533	3707.0862
74	4	-3663.13	3682.9773
74	5	-3655.9983	3698.9805
74	6	-3656.4316	3701.4832
74	7	-3652.9094	3690.354
74	8	-3653.0874	3687.7917
74	9	-3663.1514	3714.463
74	10	-3678.2134	3656.1865
74	11	-3663.1714	3639.6772
74	12	-3656.4404	3634.679
74	14	-3655.9834	3631.9014
74	15	-3656.1233	3628.7354
74	16	-3685.0652	3656.5276
74	17	-3694.8865	3647.6685
74	18	-3697.5913	3648.0298
74	19	-3728.5479	3647.1333
74	20	-3734.445	3648.9065
74	21	-3723.976	3673.1392
74	22	-3728.8206	3674.271
74	23	-3734.8918	3641.386
75	1	-3668.8247	3659.1702
75	2	-3670.943	3673.853
75	3	-3663.6533	3707.0862
75	4	-3663.13	3682.9773
75	5	-3655.9983	3698.9805
75	6	-3656.4316	3701.4832
75	7	-3652.9094	3690.354
75	8	-3653.0874	3687.7917
75	9	-3663.1514	3714.463
75	10	-3678.2134	3656.1865
75	11	-3663.1714	3639.6772
75	12	-3656.4404	3634.679
75	14	-3655.9834	3631.9014
75	15	-3656.1233	3628.7354
75	16	-3685.0652	3656.5276
75	17	-3694.8865	3647.6685
75	18	-3697.5913	3648.0298
75	19	-3728.5479	3647.1333
75	20	-3734.445	3648.9065
75	21	-3723.976	3673.1392
75	22	-3728.8206	3674.271
75	23	-3734.8918	3641.386
76	1	-3669.1968	3659.485
76	2	-3670.944	3673.8428
76	3	-3663.6533	3707.0862
76	4	-3663.13	3682.9773
76	5	-3655.9983	3698.9805
76	6	-3656.4316	3701.4832
76	7	-3652.9094	3690.354
76	8	-3653.0874	3687.7917
76	9	-3663.1514	3714.463
76	10	-3678.2134	3656.1865
76	11	-3663.1714	3639.6772
76	12	-3656.4404	3634.679
76	14	-3655.9834	3631.9014
76	15	-3656.1233	3628.7354
76	16	-3685.0652	3656.5276
76	17	-3694.8865	3647.6685
76	18	-3697.5913	3648.0298
76	19	-3728.5479	3647.1333
76	20	-3734.445	3648.9065
76	21	-3723.976	3673.1392
76	22	-3728.8206	3674.271
76	23	-3734.8918	3641.386
77	1	-3669.5974	3659.787
77	2	-3670.9443	3673.8364
77	3	-3663.6533	3707.0862
77	4	-3663.13	3682.9773
77	5	-3655.9983	3698.9805
77	6	-3656.4316	3701.4832
77	7	-3652.9094	3690.354
77	8	-3653.0874	3687.7917
77	9	-3663.1514	3714.463
77	10	-3678.2134	3656.1865
77	11	-3663.1714	3639.6772
77	12	-3656.4404	3634.679
77	14	-3655.9834	3631.9014
77	15	-3656.1233	3628.7354
77	16	-3685.0652	3656.5276
77	17	-3694.8865	3647.6685
77	18	-3697.5913	3648.0298
77	19	-3728.5479	3647.1333
77	20	-3734.445	3648.9065
77	21	-3723.976	3673.1392
77	22	-3728.8206	3674.271
77	23	-3734.8918	3641.386
78	1	-3670.0454	3660.0933
78	2	-3670.944	3673.8389
78	3	-3663.6533	3707.0862
78	4	-3663.13	3682.9773
78	5	-3655.9983	3698.9805
78	6	-3656.4316	3701.4832
78	7	-3652.9094	3690.354
78	8	-3653.0874	3687.7917
78	9	-3663.1514	3714.463
78	10	-3678.2134	3656.1865
78	11	-3663.1714	3639.6772
78	12	-3656.4404	3634.679
78	14	-3655.9834	3631.9014
78	15	-3656.1233	3628.7354
78	16	-3685.0652	3656.5276
78	17	-3694.8865	3647.6685
78	18	-3697.5913	3648.0298
78	19	-3728.5479	3647.1333
78	20	-3734.445	3648.9065
78	21	-3723.976	3673.1392
78	22	-3728.8206	3674.271
78	23	-3734.8918	3641.386
79	1	-3670.508	3660.3784
79	2	-3670.9436	3673.8438
79	3	-3663.6533	3707.0862
79	4	-3663.13	3682.9773
79	5	-3655.9983	3698.9805
79	6	-3656.4316	3701.4832
79	7	-3652.9094	3690.354
79	8	-3653.0874	3687.7917
79	9	-3663.1514	3714.463
79	10	-3678.2134	3656.1865
79	11	-3663.1714	3639.6772
79	12	-3656.4404	3634.679
79	14	-3655.9834	3631.9014
79	15	-3656.1233	3628.7354
79	16	-3685.0652	3656.5276
79	17	-3694.8865	3647.6685
79	18	-3697.5913	3648.0298
79	19	-3728.5479	3647.1333
79	20	-3734.445	3648.9065
79	21	-3723.976	3673.1392
79	22	-3728.8206	3674.271
79	23	-3734.8918	3641.386
80	1	-3671.02	3660.6729
80	2	-3670.9436	3673.8438
80	3	-3663.6533	3707.0862
80	4	-3663.13	3682.9773
80	5	-3655.9983	3698.9805
80	6	-3656.4316	3701.4832
80	7	-3652.9094	3690.354
80	8	-3653.0874	3687.7917
80	9	-3663.1514	3714.463
80	10	-3678.2134	3656.1865
80	11	-3663.1714	3639.6772
80	12	-3656.4404	3634.679
80	14	-3655.9834	3631.9014
80	15	-3656.1233	3628.7354
80	16	-3685.0652	3656.5276
80	17	-3694.8865	3647.6685
80	18	-3697.5913	3648.0298
80	19	-3728.5479	3647.1333
80	20	-3734.445	3648.9065
80	21	-3723.976	3673.1392
80	22	-3728.8206	3674.271
80	23	-3734.8918	3641.386
81	1	-3671.5544	3660.9343
81	2	-3670.944	3673.8372
81	3	-3663.6533	3707.0862
81	4	-3663.13	3682.9773
81	5	-3655.9983	3698.9805
81	6	-3656.4316	3701.4832
81	7	-3652.9094	3690.354
81	8	-3653.0874	3687.7917
81	9	-3663.1514	3714.463
81	10	-3678.2134	3656.1865
81	11	-3663.1714	3639.6772
81	12	-3656.4404	3634.679
81	14	-3655.9834	3631.9014
81	15	-3656.1233	3628.7354
81	16	-3685.0652	3656.5276
81	17	-3694.8865	3647.6685
81	18	-3697.5913	3648.0298
81	19	-3728.5479	3647.1333
81	20	-3734.445	3648.9065
81	21	-3723.976	3673.1392
81	22	-3728.8206	3674.271
81	23	-3734.8918	3641.386
82	1	-3672.1172	3661.1816
82	2	-3670.9448	3673.8274
82	3	-3663.6533	3707.0862
82	4	-3663.13	3682.9773
82	5	-3655.9983	3698.9805
82	6	-3656.4316	3701.4832
82	7	-3652.9094	3690.354
82	8	-3653.0874	3687.7917
82	9	-3663.1514	3714.463
82	10	-3678.2134	3656.1865
82	11	-3663.1714	3639.6772
82	12	-3656.4404	3634.679
82	14	-3655.9834	3631.9014
82	15	-3656.1233	3628.7354
82	16	-3685.0652	3656.5276
82	17	-3694.8865	3647.6685
82	18	-3697.5913	3648.0298
82	19	-3728.5479	3647.1333
82	20	-3734.445	3648.9065
82	21	-3723.976	3673.1392
82	22	-3728.8206	3674.271
82	23	-3734.8918	3641.386
83	1	-3672.7214	3661.4087
83	2	-3670.9463	3673.814
83	3	-3663.6533	3707.0862
83	4	-3663.13	3682.9773
83	5	-3655.9983	3698.9805
83	6	-3656.4316	3701.4832
83	7	-3652.9094	3690.354
83	8	-3653.0874	3687.7917
83	9	-3663.1514	3714.463
83	10	-3678.2134	3656.1865
83	11	-3663.1714	3639.6772
83	12	-3656.4404	3634.679
83	14	-3655.9834	3631.9014
83	15	-3656.1233	3628.7354
83	16	-3685.0652	3656.5276
83	17	-3694.8865	3647.6685
83	18	-3697.5913	3648.0298
83	19	-3728.5479	3647.1333
83	20	-3734.445	3648.9065
83	21	-3723.976	3673.1392
83	22	-3728.8206	3674.271
84	1	-3673.3582	3661.6123
84	2	-3670.9485	3673.7896
84	3	-3663.6533	3707.0862
84	4	-3663.13	3682.9773
84	5	-3655.9983	3698.9805
84	6	-3656.4316	3701.4832
84	7	-3652.9094	3690.354
84	8	-3653.0874	3687.7917
84	9	-3663.1514	3714.463
84	10	-3678.2134	3656.1865
84	11	-3663.1714	3639.6772
84	12	-3656.4404	3634.679
84	14	-3655.9834	3631.9014
84	15	-3656.1233	3628.7354
84	16	-3685.0652	3656.5276
84	17	-3694.8865	3647.6685
84	18	-3697.5913	3648.0298
84	19	-3728.5479	3647.1333
84	20	-3734.445	3648.9065
84	21	-3723.976	3673.1392
84	22	-3728.8206	3674.271
85	1	-3673.985	3661.7888
85	2	-3670.9507	3673.7546
85	3	-3663.6533	3707.0862
85	4	-3663.13	3682.9773
85	5	-3655.9983	3698.9805
85	6	-3656.4316	3701.4832
85	7	-3652.9094	3690.354
85	8	-3653.0874	3687.7917
85	9	-3663.1514	3714.463
85	10	-3678.2134	3656.1865
85	11	-3663.1714	3639.6772
85	12	-3656.4404	3634.679
85	14	-3655.9834	3631.9014
85	15	-3656.1233	3628.7354
85	16	-3685.0652	3656.5276
85	17	-3694.8865	3647.6685
85	18	-3697.5913	3648.0298
85	19	-3728.5479	3647.1333
85	20	-3734.445	3648.9065
85	21	-3723.976	3673.1392
85	22	-3728.8206	3674.271
86	1	-3674.6697	3661.959
86	2	-3670.9548	3673.705
86	3	-3663.6533	3707.0862
86	4	-3663.13	3682.9773
86	5	-3655.9983	3698.9805
86	6	-3656.4316	3701.4832
86	7	-3652.9094	3690.354
86	8	-3653.0874	3687.7917
86	9	-3663.1514	3714.463
86	10	-3678.2134	3656.1865
86	11	-3663.1714	3639.6772
86	12	-3656.4404	3634.679
86	14	-3655.9834	3631.9014
86	15	-3656.1233	3628.7354
86	16	-3685.0652	3656.5276
86	17	-3694.8865	3647.6685
86	18	-3697.5913	3648.0298
86	19	-3728.5479	3647.1333
86	20	-3734.445	3648.9065
86	21	-3723.976	3673.1392
86	22	-3728.8206	3674.271
87	1	-3675.3362	3662.1091
87	2	-3670.9602	3673.6387
87	3	-3663.6533	3707.0862
87	4	-3663.13	3682.9773
87	5	-3655.9983	3698.9805
87	6	-3656.4316	3701.4832
87	7	-3652.9094	3690.354
87	8	-3653.0874	3687.7917
87	9	-3663.1514	3714.463
87	10	-3678.2134	3656.1865
87	11	-3663.1714	3639.6772
87	12	-3656.4404	3634.679
87	14	-3655.9834	3631.9014
87	15	-3656.1233	3628.7354
87	16	-3685.0652	3656.5276
87	17	-3694.8865	3647.6685
87	18	-3697.5913	3648.0298
87	19	-3728.5479	3647.1333
87	20	-3734.445	3648.9065
87	21	-3723.976	3673.1392
87	22	-3728.8206	3674.271
88	1	-3676.014	3662.2488
88	2	-3670.967	3673.5564
88	3	-3663.6533	3707.0862
88	4	-3663.13	3682.9773
88	5	-3655.9983	3698.9805
88	6	-3656.4316	3701.4832
88	7	-3652.9094	3690.354
88	8	-3653.0874	3687.7917
88	9	-3663.1514	3714.463
88	10	-3678.2134	3656.1865
88	11	-3663.1714	3639.6772
88	12	-3656.4404	3634.679
88	14	-3655.9834	3631.9014
88	15	-3656.1233	3628.7354
88	16	-3685.0652	3656.5276
88	17	-3694.8865	3647.6685
88	18	-3697.5913	3648.0298
88	19	-3728.5479	3647.1333
88	20	-3734.445	3648.9065
88	21	-3723.976	3673.1392
88	22	-3728.8206	3674.271
89	1	-3676.7246	3662.373
89	2	-3670.9734	3673.4575
89	3	-3663.6533	3707.0862
89	4	-3663.13	3682.9773
89	5	-3655.9983	3698.9805
89	6	-3656.4316	3701.4832
89	7	-3652.9094	3690.354
89	8	-3653.0874	3687.7917
89	9	-3663.1514	3714.463
89	10	-3678.2134	3656.1865
89	11	-3663.1714	3639.6772
89	12	-3656.4404	3634.679
89	14	-3655.9834	3631.9014
89	15	-3656.1233	3628.7354
89	16	-3685.0652	3656.5276
89	17	-3694.8865	3647.6685
89	18	-3697.5913	3648.0298
89	19	-3728.5479	3647.1333
89	20	-3734.445	3648.9065
89	21	-3723.976	3673.1392
89	22	-3728.8206	3674.271
89	25	-3739.18	3655.7112
90	1	-3677.4473	3662.491
90	2	-3670.9836	3673.3403
90	3	-3663.6533	3707.0862
90	4	-3663.13	3682.9773
90	5	-3655.9983	3698.9805
90	6	-3656.4316	3701.4832
90	7	-3652.9094	3690.354
90	8	-3653.0874	3687.7917
90	9	-3663.1514	3714.463
90	10	-3678.2134	3656.1865
90	11	-3663.1714	3639.6772
90	12	-3656.4404	3634.679
90	14	-3655.9834	3631.9014
90	15	-3656.1233	3628.7354
90	16	-3685.0652	3656.5276
90	17	-3694.8865	3647.6685
90	18	-3697.5913	3648.0298
90	19	-3728.5479	3647.1333
90	20	-3734.445	3648.9065
90	21	-3723.976	3673.1392
90	22	-3728.8206	3674.271
90	25	-3739.18	3655.7112
