0	1	-14544.392	-21073.605
0	2	-14545.4	-21060.844
0	3	-14541.358	-21000.477
0	4	-14545.792	-20997.873
0	5	-14537.9795	-21114.021
0	6	-14541.137	-21060.559
0	8	-14529.497	-21125.695
1	1	-14544.606	-21070.402
1	2	-14545.623	-21057.725
1	3	-14541.585	-20997.857
1	4	-14546.027	-20994.77
1	5	-14538.183	-21110.803
1	6	-14541.323	-21057.717
1	8	-14529.932	-21122.928
2	1	-14544.813	-21067.2
2	2	-14545.842	-21054.555
2	3	-14541.802	-20995.334
2	4	-14546.261	-20991.898
2	5	-14538.376	-21107.537
2	6	-14541.512	-21054.871
2	8	-14530.363	-21120.166
3	1	-14545.024	-21063.97
3	2	-14546.065	-21051.422
3	3	-14542.042	-20992.635
3	4	-14546.519	-20988.81
3	5	-14538.586	-21104.338
3	6	-14541.702	-21052.025
3	8	-14530.765	-21117.354
4	1	-14545.242	-21060.812
4	2	-14546.287	-21048.264
4	3	-14542.275	-20990.035
4	4	-14546.792	-20985.713
4	5	-14538.798	-21101.076
4	6	-14541.894	-21049.176
4	8	-14531.159	-21114.553
5	1	-14545.453	-21057.625
5	2	-14546.519	-21045.137
5	3	-14542.528	-20987.396
5	4	-14547.062	-20982.617
5	5	-14538.967	-21097.94
5	6	-14542.085	-21046.324
5	7	-14579.852	-20985.799
5	8	-14531.526	-21111.74
6	1	-14545.666	-21054.436
6	2	-14546.742	-21041.996
6	3	-14542.783	-20984.732
6	4	-14547.311	-20979.697
6	5	-14539.209	-21094.666
6	6	-14542.276	-21043.47
6	7	-14579.526	-20989.03
6	8	-14531.905	-21108.938
7	1	-14545.877	-21051.275
7	2	-14546.977	-21038.873
7	3	-14543.038	-20982.07
7	4	-14547.55	-20976.652
7	5	-14539.422	-21091.438
7	6	-14542.468	-21040.615
7	7	-14579.2705	-20992.37
7	8	-14532.298	-21106.076
8	1	-14546.088	-21048.12
8	2	-14547.207	-21035.738
8	3	-14543.291	-20979.463
8	4	-14547.813	-20973.676
8	5	-14539.602	-21088.21
8	6	-14542.658	-21037.754
8	7	-14578.993	-20995.643
8	8	-14532.64	-21103.229
9	1	-14546.3125	-21044.967
9	2	-14547.446	-21032.623
9	3	-14543.567	-20976.8
9	4	-14548.05	-20970.791
9	5	-14539.831	-21085.021
9	6	-14542.849	-21034.895
9	7	-14578.737	-20998.969
9	8	-14532.974	-21100.383
10	1	-14546.533	-21041.787
10	2	-14547.672	-21029.484
10	3	-14543.858	-20974.129
10	4	-14548.288	-20967.865
10	5	-14540.036	-21081.855
10	6	-14543.036	-21032.03
10	7	-14578.485	-21002.291
10	8	-14533.322	-21097.543
11	1	-14546.747	-21038.643
11	2	-14547.908	-21026.367
11	3	-14544.128	-20971.438
11	4	-14548.568	-20964.61
11	5	-14540.248	-21078.732
11	6	-14543.224	-21029.162
11	7	-14578.225	-21005.588
11	8	-14533.664	-21094.666
12	1	-14546.977	-21035.494
12	2	-14548.149	-21023.238
12	3	-14544.401	-20968.867
12	4	-14548.852	-20961.955
12	5	-14540.452	-21075.5
12	6	-14543.409	-21026.293
12	7	-14577.957	-21008.875
12	8	-14534.007	-21091.74
13	1	-14547.201	-21032.354
13	2	-14548.387	-21020.102
13	3	-14544.703	-20966.135
13	4	-14549.101	-20959.035
13	5	-14540.682	-21072.35
13	6	-14543.596	-21023.422
13	7	-14577.709	-21012.137
13	8	-14534.335	-21088.873
14	1	-14547.434	-21029.2
14	2	-14548.624	-21017.006
14	3	-14545.009	-20963.504
14	4	-14549.398	-20955.51
14	5	-14540.869	-21069.13
14	6	-14543.784	-21020.55
14	7	-14577.45	-21015.363
14	8	-14534.664	-21086.002
15	1	-14547.674	-21026.057
15	2	-14548.866	-21013.871
15	3	-14545.32	-20960.797
15	4	-14549.674	-20952.627
15	5	-14541.111	-21066.002
15	6	-14543.973	-21017.676
15	7	-14577.214	-21018.621
15	8	-14535.002	-21083.104
15	15	-14579.127	-20951.926
16	1	-14547.896	-21022.914
16	2	-14549.1	-21010.754
16	3	-14545.643	-20958.123
16	4	-14549.963	-20949.562
16	5	-14541.329	-21062.879
16	6	-14544.16	-21014.799
16	7	-14576.955	-21021.83
16	8	-14535.317	-21080.184
16	15	-14578.831	-20955.32
16	18	-14583.409	-20950.443
17	1	-14548.136	-21019.807
17	2	-14549.358	-21007.64
17	3	-14545.958	-20955.473
17	4	-14550.241	-20946.639
17	5	-14541.553	-21059.77
17	6	-14544.348	-21011.922
17	7	-14576.694	-21025.12
17	8	-14535.624	-21077.232
17	15	-14578.531	-20958.793
17	18	-14583.129	-20953.477
18	1	-14548.364	-21016.697
18	2	-14549.605	-21004.521
18	3	-14546.29	-20952.777
18	4	-14550.547	-20943.63
18	5	-14541.749	-21056.6
18	6	-14544.532	-21009.041
18	7	-14576.437	-21028.297
18	8	-14535.969	-21074.348
18	15	-14578.219	-20962.275
19	1	-14548.601	-21013.576
19	2	-14549.86	-21001.416
19	3	-14546.619	-20950.092
19	4	-14550.82	-20940.57
19	5	-14542.009	-21053.441
19	6	-14544.72	-21006.162
19	7	-14576.167	-21031.543
19	8	-14536.309	-21071.414
19	15	-14577.9	-20965.738
20	1	-14548.837	-21010.473
20	2	-14550.11	-20998.293
20	3	-14546.978	-20947.3
20	4	-14551.097	-20937.47
20	5	-14542.214	-21050.307
20	6	-14544.907	-21003.28
20	7	-14575.95	-21034.834
20	8	-14536.638	-21068.488
20	15	-14577.58	-20969.154
20	18	-14582.325	-20962.709
21	1	-14549.068	-21007.348
21	2	-14550.36	-20995.184
21	3	-14547.324	-20944.588
21	4	-14551.358	-20934.506
21	5	-14542.462	-21047.12
21	6	-14545.095	-21000.395
21	7	-14575.711	-21038.16
21	8	-14536.971	-21065.55
21	15	-14577.27	-20972.607
21	18	-14582.023	-20966.49
22	1	-14549.3125	-21004.244
22	2	-14550.621	-20992.074
22	3	-14547.685	-20941.838
22	4	-14551.665	-20931.562
22	5	-14542.679	-21044.012
22	6	-14545.281	-20997.512
22	7	-14575.466	-21041.43
22	8	-14537.306	-21062.682
22	15	-14576.962	-20976.031
22	18	-14581.707	-20969.443
23	1	-14549.55	-21001.143
23	2	-14550.887	-20988.951
23	3	-14548.044	-20939.135
23	4	-14551.952	-20928.43
23	5	-14542.884	-21040.986
23	6	-14545.465	-20994.625
23	7	-14575.203	-21044.734
23	8	-14537.663	-21059.805
23	15	-14576.66	-20979.426
23	18	-14581.421	-20972.572
24	1	-14549.796	-20998.059
24	2	-14551.142	-20985.85
24	3	-14548.387	-20936.525
24	4	-14552.183	-20925.756
24	5	-14543.101	-21037.852
24	6	-14545.649	-20991.736
24	7	-14574.95	-21048.066
24	8	-14537.933	-21057.156
24	15	-14576.356	-20982.834
24	18	-14581.131	-20975.732
25	1	-14550.039	-20994.963
25	2	-14551.417	-20982.77
25	3	-14548.75	-20933.78
25	4	-14552.486	-20922.549
25	5	-14543.311	-21034.795
25	6	-14545.834	-20988.848
25	7	-14574.701	-21051.424
25	8	-14538.057	-21056.29
25	15	-14576.048	-20986.232
25	18	-14580.847	-20978.871
26	1	-14550.286	-20991.873
26	2	-14551.684	-20979.639
26	3	-14549.115	-20931.027
26	4	-14552.785	-20919.498
26	5	-14543.577	-21031.668
26	6	-14546.02	-20985.957
26	7	-14574.467	-21054.727
26	9	-14538.651	-21051.367
26	15	-14575.751	-20989.564
26	18	-14580.581	-20981.97
27	1	-14550.54	-20988.793
27	2	-14551.962	-20976.549
27	3	-14549.478	-20928.283
27	4	-14553.071	-20916.648
27	5	-14543.796	-21028.582
27	6	-14546.203	-20983.066
27	9	-14538.772	-21050.564
27	15	-14575.459	-20992.89
27	18	-14580.31	-20985.08
28	1	-14550.796	-20985.691
28	2	-14552.238	-20973.447
28	3	-14549.834	-20925.59
28	4	-14553.396	-20913.543
28	5	-14543.995	-21025.516
28	6	-14546.382	-20980.174
28	9	-14539.141	-21047.578
28	15	-14575.158	-20996.3
28	18	-14580.031	-20988.207
29	1	-14551.058	-20982.594
29	2	-14552.525	-20970.326
29	3	-14550.199	-20922.82
29	4	-14553.68	-20910.523
29	5	-14544.235	-21022.531
29	6	-14546.5625	-20977.281
29	9	-14539.495	-21044.797
29	15	-14574.876	-20999.693
29	18	-14579.748	-20991.322
30	1	-14551.3125	-20979.54
30	2	-14552.799	-20967.234
30	3	-14550.556	-20920.027
30	4	-14553.974	-20907.354
30	5	-14544.452	-21019.459
30	6	-14546.744	-20974.389
30	9	-14539.8545	-21041.818
30	15	-14574.603	-21003.084
30	18	-14579.458	-20994.455
31	1	-14551.569	-20976.445
31	2	-14553.079	-20964.148
31	3	-14550.927	-20917.252
31	4	-14554.307	-20904.178
31	5	-14544.683	-21016.404
31	6	-14546.925	-20971.5
31	9	-14540.206	-21038.756
31	15	-14574.314	-21006.479
31	18	-14579.162	-20997.543
32	1	-14551.832	-20973.371
32	2	-14553.36	-20961.05
32	3	-14551.28	-20914.5
32	4	-14554.611	-20901.244
32	5	-14544.897	-21013.271
32	6	-14547.1045	-20968.611
32	9	-14540.562	-21035.719
32	15	-14574.035	-21009.871
32	18	-14578.885	-21000.729
33	1	-14552.096	-20970.291
33	2	-14553.646	-20957.959
33	3	-14551.651	-20911.697
33	4	-14554.925	-20898.342
33	5	-14545.126	-21010.209
33	6	-14547.279	-20965.72
33	9	-14540.957	-21032.621
33	15	-14573.765	-21013.338
33	18	-14578.622	-21003.887
34	1	-14552.352	-20967.236
34	2	-14553.94	-20954.87
34	3	-14551.994	-20908.965
34	4	-14555.26	-20895.473
34	5	-14545.37	-21007.191
34	6	-14547.454	-20962.832
34	9	-14541.63	-21027.43
34	15	-14573.494	-21016.781
34	18	-14578.371	-21007.035
35	1	-14552.602	-20964.168
35	2	-14554.223	-20951.775
35	3	-14552.342	-20906.25
35	4	-14555.562	-20892.398
35	5	-14545.606	-21004.121
35	6	-14547.631	-20959.945
35	9	-14541.726	-21026.566
35	15	-14573.241	-21020.236
35	18	-14578.102	-21010.234
36	1	-14552.839	-20961.113
36	2	-14554.517	-20948.7
36	3	-14552.684	-20903.51
36	4	-14555.954	-20889.164
36	5	-14545.862	-21001.012
36	6	-14547.807	-20957.06
36	9	-14542.147	-21023.54
36	15	-14572.962	-21023.736
36	18	-14577.829	-21013.385
37	1	-14553.096	-20958.072
37	2	-14554.808	-20945.623
37	3	-14553.035	-20900.768
37	4	-14556.239	-20886.117
37	5	-14546.124	-20997.893
37	6	-14547.98	-20954.178
37	9	-14542.526	-21020.555
37	15	-14572.705	-21027.162
37	18	-14577.576	-21016.648
38	1	-14553.353	-20955.037
38	2	-14555.099	-20942.53
38	3	-14553.376	-20898.139
38	4	-14556.518	-20883.338
38	5	-14546.37	-20994.871
38	6	-14548.154	-20951.299
38	9	-14542.902	-21017.553
38	18	-14577.371	-21019.78
39	1	-14553.608	-20952.002
39	2	-14555.395	-20939.457
39	3	-14553.741	-20895.314
39	4	-14556.888	-20880.148
39	5	-14546.596	-20991.777
39	6	-14548.331	-20948.418
39	9	-14543.276	-21014.49
40	1	-14553.858	-20948.95
40	2	-14555.682	-20936.373
40	3	-14554.104	-20892.445
40	4	-14557.19	-20877.232
40	5	-14546.843	-20988.723
40	6	-14548.51	-20945.541
40	9	-14543.656	-21011.436
41	1	-14554.1	-20945.873
41	2	-14555.977	-20933.299
41	3	-14554.466	-20889.6
41	4	-14557.492	-20874.22
41	5	-14547.055	-20985.613
41	6	-14548.689	-20942.67
41	9	-14544.062	-21008.37
42	1	-14554.353	-20942.84
42	2	-14556.266	-20930.225
42	3	-14554.825	-20886.922
42	4	-14557.87	-20871.209
42	5	-14547.303	-20982.586
42	6	-14548.873	-20939.795
42	9	-14544.445	-21005.32
43	1	-14554.6	-20939.79
43	2	-14556.558	-20927.15
43	3	-14555.187	-20884.133
43	4	-14558.202	-20867.986
43	5	-14547.521	-20979.541
43	6	-14549.061	-20936.924
43	9	-14544.804	-21002.281
44	1	-14554.833	-20936.707
44	2	-14556.852	-20924.09
44	3	-14555.554	-20881.393
44	4	-14558.52	-20865.12
44	5	-14547.782	-20976.5
44	6	-14549.253	-20934.053
44	9	-14545.167	-20999.14
45	1	-14555.062	-20933.62
45	2	-14557.149	-20921.008
45	3	-14555.902	-20878.61
45	4	-14558.85	-20862.06
45	5	-14547.99	-20973.451
45	6	-14549.446	-20931.184
45	9	-14545.516	-20996.031
46	1	-14555.312	-20930.55
46	2	-14557.438	-20917.951
46	3	-14556.256	-20875.809
46	4	-14559.135	-20859.41
46	5	-14548.232	-20970.37
46	6	-14549.641	-20928.316
46	9	-14545.865	-20993.023
46	10	-14587.562	-20868.365
47	1	-14555.524	-20927.457
47	2	-14557.733	-20914.873
47	3	-14556.615	-20872.975
47	4	-14559.448	-20856.031
47	5	-14548.458	-20967.281
47	6	-14549.841	-20925.45
47	9	-14546.217	-20989.965
47	10	-14587.237	-20871.582
48	1	-14555.74	-20924.379
48	2	-14558.027	-20911.8
48	3	-14556.979	-20870.129
48	4	-14559.77	-20853.303
48	5	-14548.683	-20964.203
48	6	-14550.042	-20922.582
48	9	-14546.58	-20986.861
48	10	-14586.895	-20874.826
49	1	-14555.96	-20921.28
49	2	-14558.311	-20908.71
49	3	-14557.342	-20867.309
49	4	-14560.157	-20849.92
49	5	-14548.882	-20961.188
49	6	-14550.249	-20919.717
49	9	-14546.937	-20983.797
49	10	-14586.546	-20878.082
50	1	-14556.168	-20918.184
50	2	-14558.586	-20905.648
50	3	-14557.692	-20864.52
50	4	-14560.498	-20846.883
50	5	-14549.094	-20958.137
50	6	-14550.462	-20916.852
50	9	-14547.306	-20980.82
50	10	-14586.225	-20881.312
51	1	-14556.383	-20915.06
51	2	-14558.842	-20902.57
51	3	-14558.058	-20861.68
51	4	-14560.7705	-20843.959
51	5	-14549.296	-20955.102
51	6	-14550.676	-20913.986
51	9	-14547.69	-20977.71
51	10	-14585.901	-20884.525
51	16	-14592.976	-20852.742
52	1	-14556.585	-20911.932
52	2	-14559.104	-20899.498
52	3	-14558.382	-20858.902
52	4	-14561.057	-20841.043
52	5	-14549.515	-20952.01
52	6	-14550.894	-20911.123
52	9	-14548.017	-20974.613
52	10	-14585.571	-20887.71
52	16	-14592.773	-20856.041
53	1	-14556.785	-20908.81
53	2	-14559.372	-20896.408
53	3	-14558.724	-20856.09
53	4	-14561.355	-20837.998
53	5	-14549.727	-20948.855
53	6	-14551.116	-20908.262
53	9	-14548.301	-20971.615
53	10	-14585.247	-20890.938
53	16	-14592.469	-20859.47
54	1	-14556.993	-20905.676
54	2	-14559.617	-20893.342
54	3	-14559.074	-20853.215
54	4	-14561.663	-20834.914
54	5	-14549.929	-20945.83
54	6	-14551.344	-20905.4
54	9	-14548.606	-20968.613
54	10	-14584.93	-20894.096
54	16	-14592.226	-20862.707
55	1	-14557.202	-20902.541
55	2	-14559.877	-20890.254
55	3	-14559.421	-20850.355
55	4	-14562.02	-20831.584
55	5	-14550.121	-20942.78
55	6	-14551.575	-20902.537
55	10	-14584.622	-20897.254
55	16	-14591.968	-20865.91
56	1	-14557.41	-20899.385
56	2	-14560.116	-20887.15
56	3	-14559.752	-20847.518
56	4	-14562.387	-20828.68
56	5	-14550.324	-20939.668
56	6	-14551.812	-20899.678
56	10	-14584.317	-20900.406
56	16	-14591.712	-20869.137
57	1	-14557.618	-20896.236
57	2	-14560.367	-20884.074
57	3	-14560.097	-20844.666
57	4	-14562.704	-20825.65
57	5	-14550.516	-20936.523
57	6	-14552.051	-20896.816
57	9	-14549.67	-20959.172
57	10	-14583.98	-20903.639
57	11	-14594.383	-20834.467
57	16	-14591.46	-20872.422
58	1	-14557.828	-20893.096
58	2	-14560.6	-20880.97
58	3	-14560.441	-20841.836
58	4	-14563.008	-20822.523
58	5	-14550.723	-20933.48
58	6	-14552.295	-20893.955
58	10	-14583.661	-20906.764
58	11	-14594.039	-20837.748
58	16	-14591.219	-20875.615
59	1	-14558.035	-20889.953
59	2	-14560.841	-20877.879
59	3	-14560.798	-20838.924
59	4	-14563.327	-20819.521
59	5	-14550.897	-20930.338
59	6	-14552.544	-20891.092
59	9	-14550.329	-20953.074
59	10	-14583.322	-20909.986
59	11	-14593.704	-20840.912
59	12	-14591.244	-20827.096
59	16	-14590.956	-20878.916
60	1	-14558.25	-20886.799
60	2	-14561.083	-20874.783
60	3	-14561.135	-20836.094
60	4	-14563.703	-20816.26
60	5	-14551.094	-20927.24
60	6	-14552.8	-20888.229
60	9	-14550.655	-20950.012
60	10	-14582.977	-20913.137
60	11	-14593.4	-20844.01
60	12	-14590.989	-20830.031
60	16	-14590.697	-20882.182
61	1	-14558.465	-20883.64
61	2	-14561.3125	-20871.725
61	3	-14561.487	-20833.23
61	4	-14564.045	-20813.184
61	5	-14551.295	-20924.092
61	6	-14553.061	-20885.365
61	9	-14551.0205	-20946.885
61	10	-14582.645	-20916.322
61	11	-14593.065	-20847.217
61	12	-14590.695	-20833.188
61	16	-14590.462	-20885.379
62	1	-14558.682	-20880.451
62	2	-14561.547	-20868.611
62	3	-14561.845	-20830.36
62	4	-14564.361	-20810.049
62	5	-14551.497	-20921.088
62	6	-14553.327	-20882.502
62	9	-14551.351	-20943.791
62	10	-14582.319	-20919.533
62	11	-14592.731	-20850.342
62	12	-14590.384	-20836.408
62	16	-14590.222	-20888.566
63	1	-14558.919	-20877.27
63	2	-14561.785	-20865.541
63	3	-14562.178	-20827.508
63	4	-14564.695	-20807.12
63	5	-14551.705	-20918.025
63	6	-14553.598	-20879.639
63	9	-14551.673	-20940.707
63	10	-14582.001	-20922.787
63	11	-14592.408	-20853.486
63	12	-14590.083	-20839.645
63	16	-14589.98	-20891.76
64	1	-14559.129	-20874.078
64	2	-14562.023	-20862.486
64	3	-14562.547	-20824.588
64	4	-14565.026	-20804.053
64	5	-14551.895	-20914.928
64	6	-14553.873	-20876.775
64	9	-14552.02	-20937.541
64	10	-14581.677	-20926.035
64	11	-14592.102	-20856.662
64	12	-14589.771	-20842.832
64	13	-14593.256	-20812.812
64	16	-14589.73	-20895.04
65	1	-14559.357	-20870.857
65	2	-14562.248	-20859.395
65	3	-14562.876	-20821.76
65	4	-14565.335	-20801.088
65	5	-14552.094	-20911.846
65	6	-14554.154	-20873.912
65	9	-14552.362	-20934.41
65	10	-14581.354	-20929.281
65	11	-14591.794	-20859.783
65	12	-14589.439	-20846.092
65	13	-14592.929	-20816.094
65	16	-14589.49	-20898.24
66	1	-14559.574	-20867.645
66	2	-14562.479	-20856.355
66	3	-14563.226	-20818.936
66	4	-14565.66	-20798.13
66	5	-14552.28	-20908.78
66	6	-14554.439	-20871.047
66	9	-14552.699	-20931.264
66	10	-14581.052	-20932.41
66	11	-14591.502	-20862.863
66	12	-14589.126	-20849.314
66	13	-14592.574	-20819.396
66	16	-14589.252	-20901.39
67	1	-14559.784	-20864.445
67	2	-14562.712	-20853.271
67	3	-14563.567	-20816.152
67	4	-14565.966	-20794.996
67	5	-14552.515	-20905.686
67	6	-14554.728	-20868.18
67	9	-14553.019	-20928.152
67	10	-14580.716	-20935.639
67	11	-14591.1875	-20866.033
67	12	-14588.803	-20852.494
67	13	-14592.221	-20822.676
67	16	-14589.02	-20904.592
67	17	-14597.362	-20812.115
68	1	-14559.995	-20861.21
68	2	-14562.941	-20850.21
68	3	-14563.931	-20813.24
68	4	-14566.302	-20791.977
68	5	-14552.719	-20902.633
68	6	-14555.021	-20865.312
68	9	-14553.326	-20925.016
68	10	-14580.452	-20938.76
68	11	-14590.882	-20869.092
68	12	-14588.515	-20855.63
68	13	-14591.885	-20825.965
68	14	-14594.379	-20801.145
68	16	-14588.798	-20907.803
68	17	-14597.02	-20815.373
69	1	-14560.202	-20857.97
69	2	-14563.178	-20847.16
69	3	-14564.276	-20810.482
69	4	-14566.65	-20788.68
69	5	-14552.909	-20899.672
69	6	-14555.315	-20862.443
69	9	-14553.65	-20921.873
69	11	-14590.596	-20872.186
69	12	-14588.186	-20858.797
69	13	-14591.561	-20829.195
69	14	-14593.972	-20804.57
69	16	-14588.569	-20911.023
69	17	-14596.681	-20818.594
70	1	-14560.403	-20854.71
70	2	-14563.406	-20844.092
70	3	-14564.617	-20807.623
70	4	-14566.962	-20785.777
70	5	-14553.119	-20896.697
70	6	-14555.613	-20859.572
70	9	-14554.011	-20918.75
70	11	-14590.29	-20875.297
70	12	-14587.869	-20861.959
70	13	-14591.211	-20832.518
70	14	-14593.574	-20807.87
70	16	-14588.324	-20914.244
70	17	-14596.335	-20821.78
71	1	-14560.598	-20851.457
71	2	-14563.626	-20841.066
71	3	-14564.95	-20804.877
71	4	-14567.285	-20782.783
71	5	-14553.316	-20893.625
71	6	-14555.91	-20856.701
71	9	-14554.356	-20915.537
71	11	-14589.985	-20878.39
71	12	-14587.547	-20865.09
71	13	-14590.895	-20835.748
71	14	-14593.198	-20811.19
71	16	-14588.103	-20917.434
71	17	-14595.999	-20824.936
72	1	-14560.811	-20848.14
72	2	-14563.844	-20838.004
72	3	-14565.279	-20801.979
72	4	-14567.606	-20779.822
72	5	-14553.525	-20890.602
72	6	-14556.209	-20853.828
72	9	-14554.726	-20912.393
72	11	-14589.686	-20881.545
72	12	-14587.219	-20868.227
72	13	-14590.596	-20838.938
72	14	-14592.802	-20814.562
72	16	-14587.887	-20920.629
72	17	-14595.671	-20828.057
72	20	-14598.436	-20793.096
73	1	-14561.014	-20844.86
73	2	-14564.071	-20834.973
73	3	-14565.607	-20799.057
73	4	-14567.966	-20776.621
73	5	-14553.75	-20887.572
73	6	-14556.51	-20850.955
73	9	-14555.09	-20909.314
73	11	-14589.3955	-20884.656
73	12	-14586.887	-20871.41
73	13	-14590.252	-20842.17
73	14	-14592.428	-20817.902
73	17	-14595.3545	-20831.168
73	19	-14595.46	-20789.766
73	20	-14598.268	-20796.328
74	1	-14561.214	-20841.545
74	2	-14564.296	-20831.936
74	3	-14565.929	-20796.273
74	4	-14568.289	-20773.658
74	5	-14553.992	-20884.553
74	6	-14556.81	-20848.08
74	9	-14555.479	-20906.127
74	11	-14589.098	-20887.824
74	12	-14586.554	-20874.607
74	13	-14589.932	-20845.39
74	14	-14592.051	-20821.217
74	17	-14595.017	-20834.324
74	19	-14595.058	-20793.186
74	20	-14597.913	-20799.594
75	1	-14561.429	-20838.219
75	2	-14564.527	-20828.854
75	3	-14566.235	-20793.502
75	4	-14568.626	-20770.496
75	5	-14554.237	-20881.47
75	6	-14557.108	-20845.205
75	9	-14555.882	-20902.963
75	11	-14588.797	-20890.957
75	12	-14586.241	-20877.777
75	13	-14589.606	-20848.59
75	14	-14591.712	-20824.469
75	17	-14594.698	-20837.416
75	19	-14594.643	-20796.676
75	20	-14597.552	-20802.84
76	1	-14561.639	-20834.883
76	2	-14564.746	-20825.803
76	3	-14566.56	-20790.598
76	4	-14568.937	-20767.42
76	5	-14554.474	-20878.432
76	6	-14557.408	-20842.328
76	9	-14556.285	-20899.756
76	11	-14588.502	-20894.113
76	12	-14585.897	-20880.979
76	13	-14589.272	-20851.848
76	14	-14591.364	-20827.73
76	17	-14594.374	-20840.53
76	19	-14594.251	-20800.049
76	20	-14597.233	-20805.965
77	1	-14561.846	-20831.559
77	2	-14564.963	-20822.803
77	3	-14566.886	-20787.725
77	4	-14569.256	-20764.303
77	5	-14554.702	-20875.412
77	6	-14557.709	-20839.451
77	9	-14556.699	-20896.637
77	11	-14588.181	-20897.271
77	12	-14585.572	-20884.176
77	13	-14588.942	-20855.076
77	14	-14591.007	-20831.002
77	17	-14594.033	-20843.623
77	19	-14593.877	-20803.508
77	20	-14596.905	-20809.193
78	1	-14562.046	-20828.219
78	2	-14565.193	-20819.77
78	3	-14567.205	-20784.867
78	4	-14569.653	-20761.053
78	5	-14554.932	-20872.42
78	6	-14558.011	-20836.574
78	9	-14557.106	-20893.482
78	11	-14587.894	-20900.438
78	12	-14585.24	-20887.426
78	13	-14588.621	-20858.314
78	14	-14590.67	-20834.238
78	17	-14593.717	-20846.73
78	19	-14593.477	-20806.926
78	20	-14596.562	-20812.436
78	21	-14597.537	-20772.867
79	1	-14562.246	-20824.854
79	2	-14565.408	-20816.732
79	3	-14567.511	-20782.066
79	4	-14570.006	-20758.092
79	5	-14555.164	-20869.436
79	6	-14558.313	-20833.695
79	9	-14557.531	-20890.31
79	11	-14587.571	-20903.686
79	12	-14584.93	-20890.535
79	13	-14588.292	-20861.555
79	14	-14590.32	-20837.447
79	17	-14593.394	-20849.861
79	19	-14593.08	-20810.357
79	20	-14596.228	-20815.55
79	21	-14597.32	-20775.705
80	1	-14562.44	-20821.465
80	2	-14565.645	-20813.7
80	3	-14567.824	-20779.117
80	4	-14570.347	-20755.096
80	5	-14555.431	-20866.424
80	6	-14558.617	-20830.814
80	9	-14557.972	-20887.154
80	12	-14584.615	-20893.77
80	13	-14587.9795	-20864.79
80	14	-14589.991	-20840.621
80	17	-14593.051	-20853.008
80	19	-14592.724	-20813.725
80	20	-14595.911	-20818.76
80	21	-14596.937	-20778.785
81	1	-14562.64	-20818.086
81	2	-14565.879	-20810.719
81	3	-14568.138	-20776.3
81	4	-14570.658	-20752.176
81	5	-14555.689	-20863.406
81	6	-14558.921	-20827.932
81	9	-14558.407	-20883.965
81	12	-14584.305	-20897.11
81	13	-14587.666	-20868.064
81	14	-14589.635	-20843.852
81	17	-14592.719	-20856.133
81	19	-14592.359	-20817.129
81	20	-14595.587	-20821.854
81	21	-14596.514	-20781.9
81	22	-14598.908	-20763.395
82	1	-14562.827	-20814.682
82	2	-14566.105	-20807.766
82	3	-14568.444	-20773.357
82	4	-14570.972	-20749.191
82	5	-14555.952	-20860.412
82	6	-14559.227	-20825.049
82	9	-14558.846	-20880.764
82	13	-14587.36	-20871.307
82	14	-14589.27	-20847.09
82	17	-14592.402	-20859.238
82	19	-14591.991	-20820.457
82	20	-14595.237	-20825.08
82	21	-14596.095	-20785.088
82	22	-14598.608	-20766.396
83	1	-14563.031	-20811.244
83	2	-14566.352	-20804.748
83	3	-14568.746	-20770.584
83	4	-14571.312	-20746.05
83	5	-14556.213	-20857.408
83	6	-14559.533	-20822.16
83	9	-14559.29	-20877.602
83	13	-14587.058	-20874.574
83	14	-14588.962	-20850.291
83	17	-14592.09	-20862.396
83	19	-14591.639	-20823.855
83	20	-14594.911	-20828.215
83	21	-14595.706	-20788.227
83	22	-14598.128	-20769.488
84	1	-14563.237	-20807.797
84	2	-14566.6045	-20801.705
84	3	-14569.058	-20767.69
84	4	-14571.687	-20743.072
84	5	-14556.494	-20854.428
84	6	-14559.84	-20819.271
84	9	-14559.739	-20874.418
84	13	-14586.746	-20877.846
84	14	-14588.653	-20853.602
84	17	-14591.764	-20865.477
84	19	-14591.297	-20827.205
84	20	-14594.566	-20831.35
84	21	-14595.337	-20791.348
84	22	-14597.71	-20772.648
85	1	-14563.447	-20804.314
85	2	-14566.847	-20798.723
85	3	-14569.372	-20764.842
85	4	-14572.0	-20740.076
85	5	-14556.764	-20851.447
85	6	-14560.146	-20816.379
85	9	-14560.181	-20871.2
85	13	-14586.422	-20881.176
85	14	-14588.321	-20856.771
85	17	-14591.4375	-20868.65
85	19	-14590.947	-20830.531
85	20	-14594.237	-20834.52
85	21	-14594.959	-20794.44
85	22	-14597.289	-20775.744
86	1	-14563.651	-20800.896
86	2	-14567.091	-20795.693
86	3	-14569.675	-20761.895
86	4	-14572.323	-20737.219
86	5	-14557.031	-20848.463
86	6	-14560.453	-20813.484
86	9	-14560.639	-20867.986
86	13	-14586.109	-20884.285
86	14	-14587.973	-20860.078
86	17	-14591.106	-20871.752
86	19	-14590.605	-20833.98
86	20	-14593.902	-20837.66
86	21	-14594.582	-20797.535
86	22	-14596.878	-20778.863
87	1	-14563.86	-20797.428
87	2	-14567.352	-20792.678
87	3	-14569.999	-20758.979
87	4	-14572.697	-20734.074
87	5	-14557.295	-20845.55
87	6	-14560.761	-20810.586
87	9	-14561.07	-20864.777
87	14	-14587.637	-20863.346
87	17	-14590.788	-20874.91
87	19	-14590.251	-20837.287
87	21	-14594.199	-20800.678
87	22	-14596.502	-20781.916
87	23	-14601.063	-20750.113
87	24	-14601.763	-20775.918
88	1	-14564.081	-20793.926
88	2	-14567.611	-20789.652
88	3	-14570.324	-20756.076
88	4	-14573.059	-20730.816
88	5	-14557.56	-20842.562
88	6	-14561.071	-20807.684
88	9	-14561.515	-20861.596
88	14	-14587.308	-20866.658
88	17	-14590.39	-20877.791
88	19	-14589.904	-20840.715
88	21	-14593.836	-20803.8
88	22	-14596.113	-20785.06
88	23	-14600.643	-20753.246
88	24	-14601.415	-20779.01
89	1	-14564.314	-20790.406
89	2	-14567.874	-20786.621
89	3	-14570.635	-20753.25
89	4	-14573.378	-20727.764
89	5	-14557.836	-20839.611
89	6	-14561.384	-20804.78
89	9	-14561.965	-20858.363
89	14	-14586.987	-20869.938
89	19	-14589.569	-20844.137
89	21	-14593.466	-20806.896
89	22	-14595.743	-20788.125
89	23	-14600.201	-20756.443
89	24	-14600.976	-20782.182
90	1	-14564.566	-20786.875
90	2	-14568.162	-20783.627
90	3	-14570.94	-20750.379
90	4	-14573.672	-20724.732
90	5	-14558.117	-20836.66
90	6	-14561.695	-20801.871
90	9	-14562.425	-20855.127
90	14	-14586.663	-20873.227
90	19	-14589.2295	-20847.574
90	20	-14592.695	-20850.445
90	21	-14593.121	-20809.945
90	22	-14595.365	-20791.21
90	23	-14599.746	-20759.648
90	24	-14600.605	-20785.18
