0	1	-1418.7504	140.05441
0	2	-1404.3826	151.1695
0	3	-1403.3799	162.95255
0	4	-1407.8506	158.52167
0	5	-1396.7692	170.2011
0	6	-1407.1982	164.15619
0	7	-1399.9944	171.51332
0	8	-1412.2126	153.31413
0	9	-1401.7161	175.00546
0	10	-1391.116	176.38972
0	11	-1394.2338	178.28172
0	12	-1416.2432	153.91466
0	13	-1418.4482	155.95508
0	14	-1416.6329	148.29465
0	15	-1386.5779	181.71431
0	17	-1385.3867	193.02196
0	18	-1413.4949	126.66843
0	19	-1435.4556	136.81654
0	20	-1364.8433	182.85257
0	21	-1379.6384	198.35718
0	22	-1400.3446	109.05872
0	23	-1447.4924	147.44792
0	24	-1420.9344	114.31068
0	25	-1447.1248	141.73889
0	26	-1436.572	124.61324
0	27	-1466.1993	154.50726
0	28	-1394.1965	80.15459
0	29	-1466.21	139.46614
0	30	-1447.84	105.68857
0	31	-1445.1144	102.33051
0	32	-1396.3252	180.94145
0	50	-1437.4606	119.808716
0	53	-1460.3456	114.317505
0	54	-1414.2042	161.52907
0	55	-1476.8531	140.42133
0	57	-1463.7921	114.65019
0	60	-1443.1718	99.78985
0	61	-1477.764	145.65495
0	62	-1445.2102	187.4821
0	63	-1443.7444	189.53384
0	64	-1451.762	98.33787
0	65	-1448.7048	91.280495
0	66	-1479.4238	158.4973
1	1	-1418.022	140.4429
1	2	-1403.6941	151.97473
1	3	-1403.3799	162.95255
1	4	-1407.8506	158.52167
1	5	-1396.7692	170.2011
1	6	-1407.1982	164.15619
1	7	-1399.9944	171.51332
1	8	-1412.2126	153.31413
1	9	-1401.7161	175.00546
1	10	-1391.116	176.38972
1	11	-1394.2338	178.28172
1	12	-1416.2432	153.91466
1	13	-1418.4482	155.95508
1	14	-1416.6329	148.29465
1	15	-1386.5779	181.71431
1	17	-1385.3867	193.02196
1	18	-1413.4921	126.67991
1	19	-1434.8291	136.63506
1	20	-1364.8433	182.85257
1	21	-1379.6384	198.35718
1	22	-1400.7733	109.75275
1	23	-1447.111	146.94646
1	24	-1420.9344	114.31068
1	25	-1446.396	140.61143
1	26	-1435.7631	123.36301
1	27	-1465.5603	153.45564
1	28	-1394.7863	81.13765
1	29	-1466.21	139.46614
1	31	-1445.1144	102.33051
1	32	-1396.3252	180.94145
1	50	-1436.3314	118.0612
1	53	-1460.3456	114.317505
1	54	-1414.2042	161.52907
1	55	-1476.8531	140.42133
1	57	-1463.7921	114.65019
1	60	-1443.1718	99.78985
1	61	-1477.764	145.65495
1	62	-1445.2102	187.4821
1	63	-1443.7444	189.53384
1	64	-1451.762	98.33787
1	65	-1448.69	91.32232
2	1	-1417.3005	140.85724
2	2	-1403.0034	152.78801
2	3	-1403.3799	162.95255
2	4	-1407.8506	158.52167
2	5	-1396.7692	170.2011
2	6	-1407.1982	164.15619
2	7	-1399.9944	171.51332
2	8	-1412.2126	153.31413
2	9	-1401.7161	175.00546
2	10	-1391.116	176.38972
2	11	-1394.2338	178.28172
2	12	-1416.2432	153.91466
2	13	-1418.4482	155.95508
2	14	-1416.6329	148.29465
2	15	-1386.5779	181.71431
2	17	-1385.3867	193.02196
2	18	-1413.4904	126.66557
2	19	-1434.2042	136.47168
2	20	-1364.8433	182.85257
2	21	-1379.6384	198.35718
2	22	-1401.1962	110.42739
2	23	-1446.743	146.448
2	24	-1420.9344	114.31068
2	25	-1445.6755	139.518
2	26	-1434.9526	122.1342
2	27	-1464.9348	152.45035
2	28	-1395.3986	82.14015
2	29	-1466.21	139.46614
2	31	-1445.1144	102.33051
2	32	-1396.3252	180.94145
2	50	-1435.2585	116.30933
2	53	-1460.3456	114.317505
2	54	-1414.2042	161.52907
2	55	-1476.8531	140.42133
2	57	-1463.7921	114.65019
2	59	-1462.1328	169.87764
2	60	-1443.1718	99.78985
2	61	-1477.764	145.65495
2	62	-1445.2102	187.4821
2	63	-1443.7444	189.53384
2	65	-1448.6722	91.42417
3	1	-1416.5487	141.30618
3	2	-1402.3087	153.60686
3	3	-1403.3799	162.95255
3	4	-1407.8506	158.52167
3	5	-1396.7692	170.2011
3	6	-1407.1982	164.15619
3	7	-1399.9944	171.51332
3	8	-1412.2126	153.31413
3	9	-1401.7161	175.00546
3	10	-1391.116	176.38972
3	11	-1394.2338	178.28172
3	12	-1416.2432	153.91466
3	13	-1418.4482	155.95508
3	14	-1416.6329	148.29465
3	15	-1386.5779	181.71431
3	17	-1385.3867	193.02196
3	18	-1413.4917	126.66804
3	19	-1433.555	136.33836
3	20	-1364.8433	182.85257
3	21	-1379.6384	198.35718
3	22	-1401.598	111.10996
3	23	-1446.358	145.95892
3	24	-1420.9344	114.31068
3	25	-1444.9517	138.41096
3	26	-1434.0852	120.74979
3	27	-1464.3798	151.52542
3	28	-1396.0193	83.08976
3	29	-1466.21	139.46614
3	32	-1396.3252	180.94145
3	50	-1434.23	114.70737
3	53	-1460.3456	114.317505
3	54	-1414.2042	161.52907
3	55	-1476.8531	140.42133
3	57	-1463.7921	114.65019
3	59	-1461.3154	168.64932
3	60	-1443.1718	99.78985
3	61	-1477.764	145.65495
3	62	-1445.2102	187.4821
4	1	-1415.8301	141.7569
4	2	-1401.6122	154.43297
4	3	-1403.3799	162.95255
4	4	-1407.8506	158.52167
4	5	-1396.7692	170.2011
4	6	-1407.1982	164.15619
4	7	-1399.9944	171.51332
4	8	-1412.2126	153.31413
4	9	-1401.7161	175.00546
4	10	-1391.116	176.38972
4	11	-1394.2338	178.28172
4	12	-1416.2432	153.91466
4	13	-1418.4482	155.95508
4	14	-1416.6329	148.29465
4	15	-1386.5779	181.71431
4	17	-1385.3867	193.02196
4	18	-1413.4943	126.66784
4	19	-1432.9222	136.22154
4	20	-1364.8433	182.85257
4	21	-1379.6384	198.35718
4	22	-1402.0006	111.78315
4	23	-1445.9834	145.48836
4	24	-1420.9344	114.31068
4	25	-1444.2124	137.27194
4	26	-1433.2667	119.529045
4	27	-1463.7623	150.50917
4	28	-1396.6178	84.05006
4	29	-1466.21	139.46614
4	32	-1396.3252	180.94145
4	50	-1433.1769	113.08167
4	53	-1460.3456	114.317505
4	54	-1414.2042	161.52907
4	55	-1476.8531	140.42133
4	57	-1463.7921	114.65019
4	59	-1460.6058	167.54773
5	1	-1415.1375	142.21059
5	2	-1400.9148	155.26529
5	3	-1403.3799	162.95255
5	4	-1407.8506	158.52167
5	5	-1396.7692	170.2011
5	6	-1407.1982	164.15619
5	7	-1399.9944	171.51332
5	8	-1412.2126	153.31413
5	9	-1401.7161	175.00546
5	10	-1391.116	176.38972
5	11	-1394.2338	178.28172
5	12	-1416.2432	153.91466
5	13	-1418.4482	155.95508
5	14	-1416.6329	148.29465
5	15	-1386.5779	181.71431
5	17	-1385.3867	193.02196
5	18	-1413.5013	126.688835
5	19	-1432.2363	136.11665
5	20	-1364.8433	182.85257
5	22	-1402.4004	112.46641
5	23	-1445.5981	145.04845
5	24	-1420.9344	114.31068
5	25	-1443.4707	136.14041
5	26	-1432.4021	118.21373
5	27	-1463.1853	149.57716
5	28	-1397.2384	85.00773
5	29	-1466.21	139.46614
5	30	-1447.84	105.68857
5	32	-1396.3252	180.94145
5	50	-1432.0347	111.331955
5	53	-1460.3456	114.317505
5	54	-1414.2042	161.52907
5	55	-1476.8531	140.42133
5	57	-1463.7921	114.65019
5	59	-1459.995	166.60063
5	64	-1451.762	98.33787
6	1	-1414.4133	142.70348
6	2	-1400.2158	156.09763
6	3	-1403.3799	162.95255
6	4	-1407.8506	158.52167
6	5	-1396.7692	170.2011
6	6	-1407.1982	164.15619
6	7	-1399.9944	171.51332
6	8	-1412.2126	153.31413
6	9	-1401.7161	175.00546
6	10	-1391.116	176.38972
6	11	-1394.2338	178.28172
6	12	-1416.2432	153.91466
6	13	-1418.4482	155.95508
6	14	-1416.6329	148.29465
6	15	-1386.5779	181.71431
6	17	-1385.3867	193.02196
6	18	-1413.5033	126.696304
6	19	-1431.5795	136.04565
6	20	-1364.8433	182.85257
6	21	-1379.6384	198.35718
6	22	-1402.7621	113.11823
6	23	-1445.1697	144.57063
6	24	-1420.9344	114.31068
6	25	-1442.7268	135.03078
6	26	-1431.5867	116.982765
6	27	-1462.611	148.60178
6	28	-1397.8031	85.93405
6	29	-1466.21	139.46614
6	30	-1447.84	105.68857
6	31	-1445.1144	102.33051
6	32	-1396.3252	180.94145
6	50	-1430.9414	109.60198
6	53	-1460.3456	114.317505
6	54	-1414.2042	161.52907
6	59	-1459.299	165.55548
7	1	-1413.7063	143.2135
7	2	-1399.5156	156.93373
7	3	-1403.3799	162.95255
7	4	-1407.8506	158.52167
7	5	-1396.7692	170.2011
7	6	-1407.1982	164.15619
7	7	-1399.9944	171.51332
7	8	-1412.2126	153.31413
7	9	-1401.7161	175.00546
7	10	-1391.116	176.38972
7	11	-1394.2338	178.28172
7	12	-1416.2432	153.91466
7	13	-1418.4482	155.95508
7	14	-1416.6329	148.29465
7	15	-1386.5779	181.71431
7	16	-1390.754	186.90034
7	17	-1385.3867	193.02196
7	18	-1413.504	126.69984
7	19	-1430.8955	136.0096
7	20	-1364.8433	182.85257
7	21	-1379.6384	198.35718
7	22	-1403.1254	113.784424
7	23	-1444.793	144.15482
7	24	-1420.9344	114.31068
7	25	-1442.0107	133.88736
7	26	-1430.6378	115.60359
7	27	-1462.0083	147.60452
7	28	-1398.4154	86.87006
7	29	-1466.21	139.46614
7	30	-1447.84	105.68857
7	31	-1445.1144	102.33051
7	32	-1396.3252	180.94145
7	33	-1372.0939	173.87523
7	50	-1429.9545	108.0819
7	53	-1460.3456	114.317505
8	1	-1412.9987	143.74901
8	2	-1398.8148	157.77347
8	3	-1403.3799	162.95255
8	4	-1407.8506	158.52167
8	5	-1396.7692	170.2011
8	6	-1407.1982	164.15619
8	7	-1399.9944	171.51332
8	8	-1412.2126	153.31413
8	9	-1401.7161	175.00546
8	10	-1391.116	176.38972
8	11	-1394.2338	178.28172
8	12	-1416.2432	153.91466
8	13	-1418.4482	155.95508
8	14	-1416.6329	148.29465
8	15	-1386.5779	181.71431
8	16	-1390.754	186.90034
8	17	-1385.3867	193.02196
8	18	-1413.509	126.70214
8	19	-1430.2334	135.97118
8	20	-1364.8433	182.85257
8	21	-1379.6384	198.35718
8	22	-1403.4844	114.46091
8	23	-1444.3523	143.70866
8	24	-1420.9344	114.31068
8	25	-1441.2755	132.79167
8	26	-1429.755	114.26466
8	27	-1461.41	146.64188
8	28	-1398.9946	87.83256
8	29	-1466.21	139.46614
8	30	-1447.84	105.68857
8	31	-1445.1144	102.33051
8	32	-1396.3252	180.94145
8	33	-1372.0939	173.87523
8	50	-1428.9093	106.4755
8	60	-1443.1718	99.78985
9	1	-1412.2809	144.32602
9	2	-1398.1132	158.61827
9	3	-1403.3799	162.95255
9	4	-1407.8506	158.52167
9	5	-1396.7692	170.2011
9	6	-1407.1982	164.15619
9	7	-1399.9944	171.51332
9	8	-1412.2126	153.31413
9	9	-1401.7161	175.00546
9	10	-1391.116	176.38972
9	11	-1394.2338	178.28172
9	12	-1416.2432	153.91466
9	13	-1418.4482	155.95508
9	14	-1416.6329	148.29465
9	15	-1386.5779	181.71431
9	16	-1390.754	186.90034
9	17	-1385.3867	193.02196
9	18	-1413.5077	126.70267
9	19	-1429.5402	135.97548
9	20	-1364.8433	182.85257
9	21	-1379.6384	198.35718
9	22	-1403.8131	115.07795
9	23	-1443.9453	143.30681
9	24	-1420.9344	114.31068
9	25	-1440.5316	131.61848
9	26	-1428.8984	112.92014
9	27	-1460.839	145.65744
9	28	-1399.6039	88.70216
9	29	-1466.21	139.46614
9	30	-1447.84	105.68857
9	31	-1445.1144	102.33051
9	32	-1396.3252	180.94145
9	50	-1428.0197	105.1795
10	1	-1411.5842	144.90938
10	2	-1397.405	159.45654
10	3	-1403.3799	162.95255
10	4	-1407.8506	158.52167
10	5	-1396.7692	170.2011
10	6	-1407.1982	164.15619
10	7	-1399.9944	171.51332
10	8	-1412.2126	153.31413
10	9	-1401.7161	175.00546
10	10	-1391.116	176.38972
10	11	-1394.2338	178.28172
10	12	-1416.2432	153.91466
10	13	-1418.4482	155.95508
10	14	-1416.6329	148.29465
10	15	-1386.5779	181.71431
10	16	-1390.754	186.90034
10	17	-1385.3867	193.02196
10	18	-1413.509	126.69804
10	19	-1428.837	135.97778
10	20	-1364.8433	182.85257
10	21	-1379.6384	198.35718
10	22	-1404.1317	115.712204
10	23	-1443.4977	142.90022
10	24	-1420.9344	114.31068
10	25	-1439.7932	130.46017
10	26	-1428.0927	111.70923
10	27	-1460.22	144.66429
10	28	-1400.1764	89.58126
10	29	-1466.21	139.46614
10	30	-1447.84	105.68857
10	31	-1445.1144	102.33051
11	1	-1410.8954	145.51183
11	2	-1396.7051	160.30234
11	3	-1403.3799	162.95255
11	4	-1407.8506	158.52167
11	5	-1396.7692	170.2011
11	6	-1407.1982	164.15619
11	7	-1399.9944	171.51332
11	8	-1412.2126	153.31413
11	9	-1401.7161	175.00546
11	10	-1391.116	176.38972
11	11	-1394.2338	178.28172
11	12	-1416.2432	153.91466
11	13	-1418.4482	155.95508
11	14	-1416.6329	148.29465
11	15	-1386.5779	181.71431
11	16	-1390.754	186.90034
11	17	-1385.3867	193.02196
11	18	-1413.506	126.68913
11	19	-1428.1334	136.03822
11	20	-1364.8433	182.85257
11	21	-1379.6384	198.35718
11	22	-1404.4385	116.32564
11	23	-1443.065	142.50189
11	24	-1420.9344	114.31068
11	25	-1439.0483	129.3217
11	26	-1427.2838	110.50899
11	27	-1459.7073	143.82965
11	30	-1447.84	105.68857
11	31	-1445.1144	102.33051
11	33	-1372.0939	173.87523
11	52	-1423.8063	216.00827
12	1	-1410.2075	146.12769
12	2	-1396.0038	161.15196
12	3	-1403.3799	162.95255
12	4	-1407.8506	158.52167
12	5	-1396.7692	170.2011
12	6	-1407.1982	164.15619
12	7	-1399.9944	171.51332
12	8	-1412.2126	153.31413
12	9	-1401.7161	175.00546
12	10	-1391.116	176.38972
12	11	-1394.2338	178.28172
12	12	-1416.2432	153.91466
12	13	-1418.4482	155.95508
12	14	-1416.6329	148.29465
12	15	-1386.5779	181.71431
12	16	-1390.754	186.90034
12	17	-1385.3867	193.02196
12	18	-1413.49	126.67521
12	19	-1427.4006	136.10889
12	20	-1364.8433	182.85257
12	21	-1379.6384	198.35718
12	22	-1404.7522	116.96624
12	23	-1442.6172	142.11967
12	24	-1420.9344	114.31068
12	25	-1438.3019	128.19449
12	26	-1426.503	109.2925
12	27	-1459.1022	142.84792
12	30	-1447.84	105.68857
12	31	-1445.1144	102.33051
12	32	-1396.3252	180.94145
12	33	-1372.0939	173.87523
12	52	-1423.8063	216.00827
13	1	-1409.4882	146.79861
13	2	-1395.2913	161.99788
13	3	-1403.3799	162.95255
13	4	-1407.8506	158.52167
13	5	-1396.7692	170.2011
13	6	-1407.1982	164.15619
13	7	-1399.9944	171.51332
13	8	-1412.2126	153.31413
13	9	-1401.7161	175.00546
13	10	-1391.116	176.38972
13	11	-1394.2338	178.28172
13	12	-1416.2432	153.91466
13	13	-1418.4482	155.95508
13	14	-1416.6329	148.29465
13	15	-1386.5779	181.71431
13	16	-1390.754	186.90034
13	17	-1385.3867	193.02196
13	18	-1413.4989	126.68685
13	19	-1426.705	136.21288
13	20	-1364.8433	182.85257
13	21	-1379.6384	198.35718
13	22	-1405.0187	117.55026
13	23	-1442.1614	141.75502
13	24	-1420.9344	114.31068
13	25	-1437.6321	127.17802
13	26	-1425.8145	108.11425
13	27	-1458.5287	141.91554
13	30	-1447.84	105.68857
13	31	-1445.1144	102.33051
13	32	-1396.3252	180.94145
13	33	-1372.0939	173.87523
13	35	-1407.8135	168.61118
13	49	-1439.9336	123.39532
13	52	-1423.8063	216.00827
14	1	-1408.8125	147.45511
14	2	-1394.5844	162.85077
14	3	-1403.3799	162.95255
14	4	-1407.8506	158.52167
14	5	-1396.7692	170.2011
14	6	-1407.1982	164.15619
14	7	-1399.9944	171.51332
14	8	-1412.2126	153.31413
14	9	-1401.7161	175.00546
14	10	-1391.116	176.38972
14	11	-1394.2338	178.28172
14	12	-1416.2432	153.91466
14	13	-1418.4482	155.95508
14	14	-1416.6329	148.29465
14	15	-1386.5779	181.71431
14	16	-1390.754	186.90034
14	17	-1385.3867	193.02196
14	18	-1413.4972	126.66713
14	19	-1425.9504	136.34761
14	20	-1364.8433	182.85257
14	22	-1405.2809	118.145004
14	23	-1441.6631	141.38777
14	24	-1420.9344	114.31068
14	25	-1436.8453	125.98495
14	27	-1457.9634	140.96513
14	32	-1396.3252	180.94145
14	33	-1372.0939	173.87523
14	35	-1407.8135	168.61118
14	49	-1438.8608	121.66741
14	52	-1423.8063	216.00827
15	1	-1408.1666	148.09274
15	2	-1393.8745	163.69133
15	3	-1403.3799	162.95255
15	4	-1407.8506	158.52167
15	5	-1396.7692	170.2011
15	6	-1407.1982	164.15619
15	7	-1399.9944	171.51332
15	8	-1412.2126	153.31413
15	9	-1401.7161	175.00546
15	10	-1391.116	176.38972
15	11	-1394.2338	178.28172
15	12	-1416.2432	153.91466
15	13	-1418.4482	155.95508
15	14	-1416.6329	148.29465
15	15	-1386.5779	181.71431
15	16	-1390.754	186.90034
15	17	-1385.3867	193.02196
15	18	-1413.4996	126.67345
15	19	-1425.218	136.50833
15	20	-1364.8433	182.85257
15	21	-1379.6384	198.35718
15	22	-1405.5286	118.73261
15	23	-1441.187	141.04332
15	24	-1420.9344	114.31068
15	25	-1436.0094	124.70276
15	27	-1457.4026	140.05199
15	32	-1396.3252	180.94145
15	33	-1372.0939	173.87523
15	35	-1407.8135	168.61118
15	49	-1437.2391	119.161896
15	52	-1423.8063	216.00827
16	1	-1407.457	148.7966
16	2	-1393.1674	164.53062
16	3	-1403.3799	162.95255
16	4	-1407.8506	158.52167
16	5	-1396.7692	170.2011
16	6	-1407.1982	164.15619
16	7	-1399.9944	171.51332
16	8	-1412.2126	153.31413
16	9	-1401.7161	175.00546
16	10	-1391.116	176.38972
16	11	-1394.2338	178.28172
16	12	-1416.2432	153.91466
16	13	-1418.4482	155.95508
16	14	-1416.6329	148.29465
16	15	-1386.5779	181.71431
16	16	-1390.754	186.90034
16	17	-1385.3867	193.02196
16	18	-1413.5005	126.675476
16	19	-1424.4806	136.6991
16	20	-1364.8433	182.85257
16	21	-1379.6384	198.35718
16	22	-1405.7683	119.30804
16	23	-1440.7196	140.72849
16	24	-1420.9344	114.31068
16	25	-1435.2028	123.47482
16	27	-1456.9011	139.21037
16	32	-1396.3252	180.94145
16	33	-1372.0939	173.87523
16	35	-1407.8135	168.61118
16	45	-1403.5701	94.81023
16	49	-1436.2566	117.69469
16	52	-1423.8063	216.00827
17	1	-1406.7611	149.52873
17	2	-1392.4596	165.37074
17	3	-1403.3799	162.95255
17	4	-1407.8506	158.52167
17	5	-1396.7692	170.2011
17	6	-1407.1982	164.15619
17	7	-1399.9944	171.51332
17	8	-1412.2126	153.31413
17	9	-1401.7161	175.00546
17	10	-1391.116	176.38972
17	11	-1394.2338	178.28172
17	12	-1416.2432	153.91466
17	13	-1418.4482	155.95508
17	14	-1416.6329	148.29465
17	15	-1386.5779	181.71431
17	16	-1390.754	186.90034
17	17	-1385.3867	193.02196
17	18	-1413.4856	126.66251
17	19	-1423.7648	136.90804
17	20	-1364.8433	182.85257
17	21	-1379.6384	198.35718
17	22	-1405.9706	119.84648
17	23	-1440.207	140.39128
17	24	-1420.9344	114.31068
17	25	-1434.2544	121.95234
17	27	-1456.4066	138.34402
17	32	-1396.3252	180.94145
17	33	-1372.0939	173.87523
17	35	-1407.8135	168.61118
17	49	-1435.3047	116.26722
17	52	-1423.8063	216.00827
17	58	-1361.7898	173.59946
18	1	-1406.0634	150.25554
18	2	-1391.7482	166.2148
18	3	-1403.3799	162.95255
18	4	-1407.8506	158.52167
18	5	-1396.7692	170.2011
18	6	-1407.1982	164.15619
18	7	-1399.9944	171.51332
18	8	-1412.2126	153.31413
18	10	-1391.116	176.38972
18	11	-1394.2338	178.28172
18	12	-1416.2432	153.91466
18	13	-1418.4482	155.95508
18	14	-1416.6329	148.29465
18	15	-1386.5779	181.71431
18	16	-1390.754	186.90034
18	17	-1385.3867	193.02196
18	18	-1413.4948	126.67056
18	19	-1422.9968	137.172
18	20	-1364.8433	182.85257
18	21	-1379.6384	198.35718
18	22	-1406.1704	120.36792
18	23	-1439.7361	140.09926
18	24	-1420.9344	114.31068
18	25	-1433.4779	120.83511
18	27	-1455.892	137.4874
18	32	-1396.3252	180.94145
18	33	-1372.0939	173.87523
18	35	-1407.8135	168.61118
18	41	-1397.0751	212.60347
18	45	-1404.475	96.18579
18	49	-1434.3846	114.92097
18	52	-1423.8063	216.00827
18	58	-1361.7982	173.68042
19	1	-1405.3367	151.02113
19	2	-1391.0312	167.06277
19	3	-1403.3799	162.95255
19	4	-1407.8506	158.52167
19	5	-1396.7692	170.2011
19	6	-1407.1982	164.15619
19	7	-1399.9944	171.51332
19	8	-1412.2126	153.31413
19	9	-1401.7161	175.00546
19	10	-1391.116	176.38972
19	11	-1394.2338	178.28172
19	12	-1416.2432	153.91466
19	13	-1418.4482	155.95508
19	14	-1416.6329	148.29465
19	15	-1386.5779	181.71431
19	16	-1390.754	186.90034
19	17	-1385.3867	193.02196
19	18	-1413.4799	126.65924
19	19	-1422.2472	137.4583
19	20	-1364.8433	182.85257
19	21	-1379.6384	198.35718
19	22	-1406.3506	120.91466
19	23	-1439.2285	139.80255
19	24	-1420.9344	114.31068
19	25	-1432.6387	119.4803
19	27	-1455.3574	136.58736
19	32	-1396.3252	180.94145
19	33	-1372.0939	173.87523
19	35	-1407.8135	168.61118
19	41	-1397.0751	212.60347
19	45	-1405.0275	96.96861
19	49	-1433.4646	113.512985
19	52	-1423.8063	216.00827
19	58	-1361.7715	173.63506
20	1	-1404.632	151.78503
20	2	-1390.3116	167.91054
20	3	-1403.3799	162.95255
20	4	-1407.8506	158.52167
20	5	-1396.7692	170.2011
20	6	-1407.1982	164.15619
20	7	-1399.9944	171.51332
20	8	-1412.2126	153.31413
20	9	-1401.7161	175.00546
20	10	-1391.116	176.38972
20	11	-1394.2338	178.28172
20	12	-1416.2432	153.91466
20	13	-1418.4482	155.95508
20	14	-1416.6329	148.29465
20	15	-1386.5779	181.71431
20	16	-1390.754	186.90034
20	17	-1385.3867	193.02196
20	18	-1413.4883	126.65065
20	19	-1421.5796	137.73885
20	20	-1364.8433	182.85257
20	21	-1379.6384	198.35718
20	22	-1406.536	121.4639
20	23	-1438.6823	139.52658
20	24	-1420.9344	114.31068
20	25	-1431.7631	118.141136
20	27	-1454.8533	135.75232
20	32	-1396.3252	180.94145
20	33	-1372.0939	173.87523
20	35	-1407.8135	168.61118
20	41	-1397.0751	212.60347
20	45	-1405.5591	97.72669
20	47	-1443.782	136.0119
20	49	-1432.5061	112.03536
20	58	-1361.8011	173.6547
21	1	-1403.9067	152.57442
21	2	-1389.5948	168.75537
21	3	-1403.3799	162.95255
21	4	-1407.8506	158.52167
21	5	-1396.7692	170.2011
21	6	-1407.1982	164.15619
21	8	-1412.2126	153.31413
21	9	-1401.7161	175.00546
21	10	-1391.116	176.38972
21	11	-1394.2338	178.28172
21	12	-1416.2432	153.91466
21	13	-1418.4482	155.95508
21	14	-1416.6329	148.29465
21	15	-1386.5779	181.71431
21	16	-1390.754	186.90034
21	17	-1385.3867	193.02196
21	18	-1413.4885	126.66353
21	19	-1420.8151	138.11087
21	20	-1364.8433	182.85257
21	21	-1379.6384	198.35718
21	22	-1406.6852	121.88606
21	23	-1438.1888	139.26949
21	24	-1420.9344	114.31068
21	25	-1430.7594	116.60966
21	27	-1454.3987	134.96465
21	32	-1396.3252	180.94145
21	33	-1372.0939	173.87523
21	35	-1407.8135	168.61118
21	41	-1397.0751	212.60347
21	45	-1406.089	98.47573
21	47	-1443.0789	134.91148
21	49	-1431.6385	110.69455
21	58	-1361.8054	173.70758
22	1	-1403.223	153.3073
22	2	-1388.8795	169.5984
22	3	-1403.3799	162.95255
22	4	-1407.8506	158.52167
22	5	-1396.7692	170.2011
22	6	-1407.1982	164.15619
22	8	-1412.2126	153.31413
22	9	-1401.7161	175.00546
22	10	-1391.116	176.38972
22	11	-1394.2338	178.28172
22	12	-1416.2432	153.91466
22	13	-1418.4482	155.95508
22	14	-1416.6329	148.29465
22	15	-1386.5779	181.71431
22	16	-1390.754	186.90034
22	17	-1385.3867	193.02196
22	18	-1413.4854	126.65226
22	19	-1420.0422	138.48372
22	20	-1364.8433	182.85257
22	21	-1379.6384	198.35718
22	22	-1406.7981	122.35931
22	23	-1437.6414	139.00703
22	24	-1420.9344	114.31068
22	25	-1429.859	115.2468
22	27	-1453.9971	134.2446
22	32	-1396.3252	180.94145
22	33	-1372.0939	173.87523
22	35	-1407.8135	168.61118
22	39	-1361.6414	173.70839
22	41	-1397.0751	212.60347
22	45	-1406.5437	99.21799
22	47	-1442.0865	133.55338
22	49	-1430.77	109.366
23	1	-1402.5128	154.11745
23	2	-1388.1569	170.44305
23	3	-1403.3799	162.95255
23	4	-1407.8506	158.52167
23	5	-1396.7692	170.2011
23	6	-1407.1982	164.15619
23	7	-1399.9944	171.51332
23	8	-1412.2126	153.31413
23	9	-1401.7161	175.00546
23	10	-1391.116	176.38972
23	11	-1394.2338	178.28172
23	12	-1416.2432	153.91466
23	13	-1418.4482	155.95508
23	14	-1416.6329	148.29465
23	15	-1386.5779	181.71431
23	16	-1390.754	186.90034
23	18	-1413.464	126.654144
23	19	-1419.2765	138.89032
23	20	-1364.8433	182.85257
23	21	-1379.6384	198.35718
23	22	-1406.9244	122.82304
23	23	-1437.1287	138.77296
23	24	-1420.9344	114.31068
23	25	-1428.9958	113.90692
23	27	-1453.7238	133.76894
23	32	-1396.3252	180.94145
23	33	-1372.0939	173.87523
23	35	-1407.8135	168.61118
23	41	-1397.0751	212.60347
23	45	-1407.033	99.94324
23	46	-1401.6874	218.80154
23	47	-1441.2188	132.17094
23	49	-1430.5785	109.18314
24	1	-1401.7958	154.93661
24	2	-1387.434	171.29564
24	3	-1403.3799	162.95255
24	4	-1407.8506	158.52167
24	5	-1396.7692	170.2011
24	6	-1407.1982	164.15619
24	7	-1399.9944	171.51332
24	8	-1412.2126	153.31413
24	9	-1401.7161	175.00546
24	10	-1391.116	176.38972
24	11	-1394.2338	178.28172
24	12	-1416.2432	153.91466
24	13	-1418.4482	155.95508
24	14	-1416.6329	148.29465
24	15	-1386.5779	181.71431
24	16	-1390.754	186.90034
24	18	-1413.4723	126.65798
24	19	-1418.6489	139.24118
24	20	-1364.8433	182.85257
24	21	-1379.6384	198.35718
24	22	-1407.0421	123.30165
24	23	-1436.5585	138.54207
24	24	-1420.9344	114.31068
24	25	-1428.1589	112.61029
24	32	-1396.3252	180.94145
24	33	-1372.0939	173.87523
24	35	-1407.8135	168.61118
24	39	-1361.6414	173.70839
24	41	-1397.0751	212.60347
24	45	-1407.5496	100.74494
24	46	-1401.6874	218.80154
24	47	-1440.5442	131.1422
25	1	-1401.051	155.77493
25	2	-1386.7036	172.14722
25	3	-1403.3799	162.95255
25	4	-1407.8506	158.52167
25	5	-1396.7692	170.2011
25	6	-1407.1982	164.15619
25	7	-1399.9944	171.51332
25	8	-1412.2126	153.31413
25	9	-1401.7161	175.00546
25	10	-1391.116	176.38972
25	11	-1394.2338	178.28172
25	12	-1416.2432	153.91466
25	14	-1416.6329	148.29465
25	15	-1386.5779	181.71431
25	16	-1390.754	186.90034
25	18	-1413.4688	126.64889
25	19	-1417.8937	139.72644
25	20	-1364.8433	182.85257
25	21	-1379.6384	198.35718
25	22	-1407.1536	123.733154
25	23	-1436.0214	138.32643
25	24	-1420.9344	114.31068
25	25	-1427.3081	111.31792
25	32	-1396.3252	180.94145
25	33	-1372.0939	173.87523
25	35	-1407.8135	168.61118
25	39	-1361.6414	173.70839
25	41	-1397.0751	212.60347
25	45	-1407.9807	101.3652
25	46	-1401.6874	218.80154
25	47	-1439.8534	130.1357
26	1	-1400.3315	156.58002
26	2	-1385.9763	172.99657
26	3	-1403.3799	162.95255
26	4	-1407.8506	158.52167
26	5	-1396.7692	170.2011
26	6	-1407.1982	164.15619
26	7	-1399.9944	171.51332
26	8	-1412.2126	153.31413
26	9	-1401.7161	175.00546
26	10	-1391.116	176.38972
26	11	-1394.2338	178.28172
26	12	-1416.2432	153.91466
26	14	-1416.6329	148.29465
26	15	-1386.5779	181.71431
26	16	-1390.754	186.90034
26	17	-1385.3867	193.02196
26	18	-1413.4747	126.6511
26	19	-1417.2567	140.13675
26	20	-1364.8433	182.85257
26	21	-1379.6384	198.35718
26	22	-1407.2368	124.1333
26	23	-1435.4706	138.16325
26	24	-1420.9344	114.31068
26	25	-1426.6127	110.1297
26	32	-1396.3252	180.94145
26	33	-1372.0939	173.87523
26	35	-1407.8135	168.61118
26	39	-1361.6414	173.70839
26	41	-1397.0751	212.60347
26	45	-1408.5052	102.15834
26	46	-1401.6874	218.80154
26	47	-1439.0594	128.88252
27	1	-1399.5894	157.45216
27	2	-1385.252	173.84549
27	3	-1403.3799	162.95255
27	4	-1407.8506	158.52167
27	5	-1396.7692	170.2011
27	6	-1407.1982	164.15619
27	7	-1399.9944	171.51332
27	8	-1412.2126	153.31413
27	9	-1401.7161	175.00546
27	10	-1391.116	176.38972
27	11	-1394.2338	178.28172
27	12	-1416.2432	153.91466
27	14	-1416.6329	148.29465
27	15	-1386.5779	181.71431
27	16	-1390.754	186.90034
27	17	-1385.3867	193.02196
27	18	-1413.469	126.64909
27	19	-1416.5891	140.56776
27	20	-1364.8433	182.85257
27	21	-1379.6384	198.35718
27	22	-1407.3158	124.54781
27	23	-1434.8994	137.98029
27	24	-1420.9344	114.31068
27	32	-1396.3252	180.94145
27	33	-1372.0939	173.87523
27	35	-1407.8135	168.61118
27	41	-1397.0751	212.60347
27	45	-1408.9733	102.907555
27	46	-1401.6874	218.80154
27	47	-1438.3499	127.782166
28	1	-1398.8867	158.28276
28	2	-1384.5259	174.68922
28	3	-1403.3799	162.95255
28	4	-1407.8506	158.52167
28	5	-1396.7692	170.2011
28	6	-1407.1982	164.15619
28	7	-1399.9944	171.51332
28	8	-1412.2126	153.31413
28	9	-1401.7161	175.00546
28	10	-1391.116	176.38972
28	11	-1394.2338	178.28172
28	12	-1416.2432	153.91466
28	14	-1416.6329	148.29465
28	15	-1386.5779	181.71431
28	16	-1390.754	186.90034
28	17	-1385.3867	193.02196
28	18	-1413.466	126.629395
28	19	-1415.966	141.03041
28	20	-1364.8433	182.85257
28	21	-1379.6384	198.35718
28	22	-1407.3906	124.94609
28	23	-1434.2975	137.82776
28	24	-1420.9344	114.31068
28	32	-1396.3252	180.94145
28	33	-1372.0939	173.87523
28	35	-1407.8135	168.61118
28	41	-1397.0751	212.60347
28	45	-1409.3861	103.534904
28	46	-1401.6874	218.80154
28	47	-1437.5815	126.6405
29	1	-1398.1487	159.14417
29	2	-1383.8029	175.5384
29	3	-1403.3799	162.95255
29	4	-1407.8506	158.52167
29	5	-1396.7692	170.2011
29	6	-1407.1982	164.15619
29	7	-1399.9944	171.51332
29	8	-1412.2126	153.31413
29	9	-1401.7161	175.00546
29	10	-1391.116	176.38972
29	11	-1394.2338	178.28172
29	12	-1416.2432	153.91466
29	14	-1416.6329	148.29465
29	15	-1386.5779	181.71431
29	16	-1390.754	186.90034
29	17	-1385.3867	193.02196
29	18	-1413.4614	126.62983
29	19	-1415.2849	141.51003
29	20	-1364.8433	182.85257
29	21	-1379.6384	198.35718
29	22	-1407.4648	125.33314
29	23	-1433.6832	137.66168
29	24	-1420.9344	114.31068
29	32	-1396.3252	180.94145
29	33	-1372.0939	173.87523
29	35	-1407.8135	168.61118
29	41	-1397.0751	212.60347
29	45	-1409.8138	104.185326
29	46	-1401.6874	218.80154
29	47	-1436.7346	125.342384
30	1	-1397.4264	160.00041
30	2	-1383.0753	176.38562
30	3	-1403.3799	162.95255
30	4	-1407.8506	158.52167
30	5	-1396.7692	170.2011
30	6	-1407.1982	164.15619
30	7	-1399.9944	171.51332
30	8	-1412.2126	153.31413
30	9	-1401.7161	175.00546
30	10	-1391.116	176.38972
30	11	-1394.2338	178.28172
30	12	-1416.2432	153.91466
30	14	-1416.6329	148.29465
30	15	-1386.5779	181.71431
30	16	-1390.754	186.90034
30	17	-1385.3867	193.02196
30	18	-1413.4552	126.63414
30	19	-1414.5966	142.05673
30	20	-1364.8433	182.85257
30	21	-1379.6384	198.35718
30	22	-1407.5284	125.740746
30	23	-1433.0614	137.5382
30	24	-1420.9344	114.31068
30	32	-1396.3252	180.94145
30	33	-1372.0939	173.87523
30	35	-1407.8135	168.61118
30	39	-1361.6414	173.70839
30	41	-1397.0751	212.60347
30	47	-1435.96	124.15709
31	1	-1396.6912	160.87605
31	2	-1382.3477	177.23483
31	3	-1403.3799	162.95255
31	4	-1407.8506	158.52167
31	5	-1396.7692	170.2011
31	6	-1407.1982	164.15619
31	7	-1399.9944	171.51332
31	8	-1412.2126	153.31413
31	9	-1401.7161	175.00546
31	10	-1391.116	176.38972
31	11	-1394.2338	178.28172
31	12	-1416.2432	153.91466
31	14	-1416.6329	148.29465
31	15	-1386.5779	181.71431
31	17	-1385.3867	193.02196
31	18	-1413.4629	126.63845
31	19	-1413.8696	142.6142
31	20	-1364.8433	182.85257
31	21	-1379.6384	198.35718
31	22	-1407.5868	126.104675
31	23	-1432.4222	137.41658
31	24	-1420.9344	114.31068
31	32	-1396.3252	180.94145
31	33	-1372.0939	173.87523
31	34	-1352.1271	247.41692
31	35	-1407.8135	168.61118
31	39	-1361.6414	173.70839
31	41	-1397.0751	212.60347
31	46	-1401.6874	218.80154
31	47	-1435.0986	122.86301
32	1	-1395.925	161.78693
32	2	-1381.6177	178.08414
32	3	-1403.3799	162.95255
32	4	-1407.8506	158.52167
32	5	-1396.7692	170.2011
32	6	-1407.1982	164.15619
32	7	-1399.9944	171.51332
32	8	-1412.2126	153.31413
32	9	-1401.7161	175.00546
32	10	-1391.116	176.38972
32	11	-1394.2338	178.28172
32	12	-1416.2432	153.91466
32	14	-1416.6329	148.29465
32	15	-1386.5779	181.71431
32	16	-1390.754	186.90034
32	17	-1385.3867	193.02196
32	18	-1413.4612	126.64254
32	19	-1413.1165	143.2601
32	20	-1364.8433	182.85257
32	21	-1379.6384	198.35718
32	22	-1407.6425	126.48259
32	23	-1431.7764	137.34251
32	24	-1420.9344	114.31068
32	32	-1396.3252	180.94145
32	33	-1372.0939	173.87523
32	34	-1352.1271	247.41692
32	35	-1407.8135	168.61118
32	39	-1361.6414	173.70839
32	41	-1397.0751	212.60347
32	46	-1401.6874	218.80154
32	48	-1404.7236	211.29663
33	1	-1395.1699	162.68074
33	2	-1380.8883	178.93399
33	3	-1403.3799	162.95255
33	4	-1407.8506	158.52167
33	5	-1396.7692	170.2011
33	6	-1407.1982	164.15619
33	7	-1399.9944	171.51332
33	8	-1412.2126	153.31413
33	9	-1401.7161	175.00546
33	10	-1391.116	176.38972
33	11	-1394.2338	178.28172
33	12	-1416.2432	153.91466
33	14	-1416.6329	148.29465
33	15	-1386.5779	181.71431
33	16	-1390.754	186.90034
33	17	-1385.3867	193.02196
33	18	-1413.4532	126.62397
33	19	-1412.3561	143.88449
33	20	-1364.8433	182.85257
33	21	-1379.6384	198.35718
33	22	-1407.697	126.83407
33	23	-1431.089	137.26909
33	24	-1420.9344	114.31068
33	32	-1396.3252	180.94145
33	33	-1372.0939	173.87523
33	34	-1352.1271	247.41692
33	35	-1407.8135	168.61118
33	39	-1361.6414	173.70839
33	41	-1397.0751	212.60347
33	46	-1401.6874	218.80154
33	48	-1404.8656	211.42331
34	1	-1394.4181	163.57385
34	2	-1380.1611	179.78452
34	3	-1403.3799	162.95255
34	4	-1407.8506	158.52167
34	5	-1396.7692	170.2011
34	6	-1407.1982	164.15619
34	7	-1399.9944	171.51332
34	8	-1412.2126	153.31413
34	9	-1401.7161	175.00546
34	10	-1391.116	176.38972
34	11	-1394.2338	178.28172
34	12	-1416.2432	153.91466
34	14	-1416.6329	148.29465
34	15	-1386.5779	181.71431
34	16	-1390.754	186.90034
34	17	-1385.3867	193.02196
34	18	-1413.4617	126.641495
34	20	-1364.8433	182.85257
34	21	-1379.6384	198.35718
34	22	-1407.7373	127.193954
34	23	-1430.5189	137.20691
34	32	-1396.3252	180.94145
34	33	-1372.0939	173.87523
34	34	-1352.1271	247.41692
34	35	-1407.8135	168.61118
34	39	-1361.6414	173.70839
34	41	-1397.0751	212.60347
34	46	-1401.6874	218.80154
34	48	-1404.9092	211.49284
35	1	-1393.6687	164.45775
35	2	-1379.4314	180.63354
35	3	-1403.3799	162.95255
35	4	-1407.8506	158.52167
35	5	-1396.7692	170.2011
35	6	-1407.1982	164.15619
35	7	-1399.9944	171.51332
35	8	-1412.2126	153.31413
35	9	-1401.7161	175.00546
35	10	-1391.116	176.38972
35	11	-1394.2338	178.28172
35	12	-1416.2432	153.91466
35	14	-1416.6329	148.29465
35	15	-1386.5779	181.71431
35	16	-1390.754	186.90034
35	17	-1385.3867	193.02196
35	18	-1413.4559	126.63367
35	20	-1364.8433	182.85257
35	21	-1379.6384	198.35718
35	22	-1407.7777	127.541824
35	23	-1429.7974	137.18459
35	32	-1396.3252	180.94145
35	33	-1372.0939	173.87523
35	34	-1352.1271	247.41692
35	35	-1407.8135	168.61118
35	39	-1361.6414	173.70839
35	41	-1397.0751	212.60347
35	43	-1408.5802	206.2337
35	46	-1401.6874	218.80154
35	48	-1404.9893	211.55322
36	1	-1392.8959	165.3781
36	2	-1378.6998	181.48335
36	3	-1403.3799	162.95255
36	4	-1407.8506	158.52167
36	5	-1396.7692	170.2011
36	6	-1407.1982	164.15619
36	7	-1399.9944	171.51332
36	8	-1412.2126	153.31413
36	9	-1401.7161	175.00546
36	10	-1391.116	176.38972
36	11	-1394.2338	178.28172
36	12	-1416.2432	153.91466
36	14	-1416.6329	148.29465
36	15	-1386.5779	181.71431
36	16	-1390.754	186.90034
36	17	-1385.3867	193.02196
36	18	-1413.4624	126.6494
36	20	-1364.8433	182.85257
36	21	-1379.6384	198.35718
36	22	-1407.8057	127.91468
36	23	-1429.1338	137.19635
36	32	-1396.3252	180.94145
36	33	-1372.0939	173.87523
36	34	-1352.1271	247.41692
36	35	-1407.8135	168.61118
36	39	-1361.6414	173.70839
36	41	-1397.0751	212.60347
36	43	-1408.5802	206.2337
36	46	-1401.6874	218.80154
36	48	-1405.0619	211.5913
37	1	-1392.1494	166.26047
37	2	-1377.9684	182.33395
37	3	-1403.3799	162.95255
37	4	-1407.8506	158.52167
37	5	-1396.7692	170.2011
37	6	-1407.1982	164.15619
37	7	-1399.9944	171.51332
37	8	-1412.2126	153.31413
37	9	-1401.7161	175.00546
37	10	-1391.116	176.38972
37	11	-1394.2338	178.28172
37	12	-1416.2432	153.91466
37	14	-1416.6329	148.29465
37	15	-1386.5779	181.71431
37	16	-1390.754	186.90034
37	17	-1385.3867	193.02196
37	18	-1413.4813	126.66994
37	20	-1364.8433	182.85257
37	21	-1379.6384	198.35718
37	22	-1407.851	128.24608
37	23	-1428.5123	137.24622
37	32	-1396.3252	180.94145
37	33	-1372.0939	173.87523
37	34	-1352.1271	247.41692
37	35	-1407.8135	168.61118
37	39	-1361.6414	173.70839
37	43	-1408.5802	206.2337
37	48	-1405.1632	211.64401
38	1	-1391.4117	167.14507
38	2	-1377.2375	183.18494
38	3	-1403.3799	162.95255
38	4	-1407.8506	158.52167
38	5	-1396.7692	170.2011
38	6	-1407.1982	164.15619
38	7	-1399.9944	171.51332
38	8	-1412.2126	153.31413
38	9	-1401.7161	175.00546
38	10	-1391.116	176.38972
38	11	-1394.2338	178.28172
38	12	-1416.2432	153.91466
38	14	-1416.6329	148.29465
38	15	-1386.5779	181.71431
38	16	-1390.754	186.90034
38	17	-1385.3867	193.02196
38	18	-1413.47	126.64554
38	20	-1364.8433	182.85257
38	21	-1379.6384	198.35718
38	22	-1407.8701	128.59909
38	23	-1427.856	137.28679
38	33	-1372.0939	173.87523
38	34	-1352.1271	247.41692
38	35	-1407.8135	168.61118
38	39	-1361.6414	173.70839
38	43	-1408.5802	206.2337
38	48	-1405.2335	211.71259
39	1	-1390.651	168.05052
39	2	-1376.5067	184.03401
39	3	-1403.3799	162.95255
39	4	-1407.8506	158.52167
39	5	-1396.7692	170.2011
39	6	-1407.1982	164.15619
39	7	-1399.9944	171.51332
39	8	-1412.2126	153.31413
39	10	-1391.116	176.38972
39	11	-1394.2338	178.28172
39	12	-1416.2432	153.91466
39	14	-1416.6329	148.29465
39	15	-1386.5779	181.71431
39	16	-1390.754	186.90034
39	17	-1385.3867	193.02196
39	18	-1413.4635	126.6567
39	20	-1364.8433	182.85257
39	21	-1379.6384	198.35718
39	22	-1407.8853	128.90987
39	23	-1427.2087	137.36823
39	33	-1372.0939	173.87523
39	34	-1352.1271	247.41692
39	35	-1407.8135	168.61118
39	39	-1361.6414	173.70839
39	43	-1408.5802	206.2337
39	48	-1405.3499	211.77249
40	1	-1389.8926	168.94923
40	2	-1375.7758	184.88287
40	3	-1403.3799	162.95255
40	4	-1407.8506	158.52167
40	5	-1396.7692	170.2011
40	6	-1407.1982	164.15619
40	7	-1399.9944	171.51332
40	8	-1412.2126	153.31413
40	10	-1391.116	176.38972
40	11	-1394.2338	178.28172
40	12	-1416.2432	153.91466
40	14	-1416.6329	148.29465
40	15	-1386.5779	181.71431
40	16	-1390.754	186.90034
40	17	-1385.3867	193.02196
40	18	-1413.4807	126.6704
40	20	-1364.8433	182.85257
40	21	-1379.6384	198.35718
40	22	-1407.8994	129.2609
40	23	-1426.5494	137.45554
40	33	-1372.0939	173.87523
40	34	-1352.1271	247.41692
40	35	-1407.8135	168.61118
40	39	-1361.6414	173.70839
40	43	-1408.5802	206.2337
40	44	-1403.4797	199.81708
40	48	-1405.436	211.8331
41	1	-1389.1257	169.85779
41	2	-1375.0437	185.73067
41	3	-1403.3799	162.95255
41	4	-1407.8506	158.52167
41	5	-1396.7692	170.2011
41	6	-1407.1982	164.15619
41	7	-1399.9944	171.51332
41	8	-1412.2126	153.31413
41	10	-1391.116	176.38972
41	11	-1394.2338	178.28172
41	12	-1416.2432	153.91466
41	14	-1416.6329	148.29465
41	15	-1386.5779	181.71431
41	16	-1390.754	186.90034
41	17	-1385.3867	193.02196
41	18	-1413.4656	126.6498
41	20	-1364.8433	182.85257
41	21	-1379.6384	198.35718
41	22	-1407.9198	129.61153
41	23	-1425.9451	137.59135
41	32	-1396.3252	180.94145
41	33	-1372.0939	173.87523
41	34	-1352.1271	247.41692
41	35	-1407.8135	168.61118
41	39	-1361.6414	173.70839
41	43	-1408.5802	206.2337
41	44	-1403.4797	199.81708
41	48	-1405.5306	211.88205
42	1	-1388.3623	170.7613
42	2	-1374.3108	186.57945
42	3	-1403.3799	162.95255
42	4	-1407.8506	158.52167
42	5	-1396.7692	170.2011
42	6	-1407.1982	164.15619
42	7	-1399.9944	171.51332
42	8	-1412.2126	153.31413
42	10	-1391.116	176.38972
42	11	-1394.2338	178.28172
42	12	-1416.2432	153.91466
42	14	-1416.6329	148.29465
42	15	-1386.5779	181.71431
42	16	-1390.754	186.90034
42	17	-1385.3867	193.02196
42	18	-1413.4674	126.65246
42	20	-1364.8433	182.85257
42	21	-1379.6384	198.35718
42	22	-1407.9277	129.95238
42	23	-1425.303	137.72005
42	32	-1396.3252	180.94145
42	33	-1372.0939	173.87523
42	34	-1352.1271	247.41692
42	35	-1407.8135	168.61118
42	39	-1361.6414	173.70839
42	43	-1408.5802	206.2337
42	44	-1403.4797	199.81708
42	48	-1405.6473	211.91875
43	1	-1387.5975	171.66628
43	2	-1373.5771	187.42752
43	3	-1403.3799	162.95255
43	4	-1407.8506	158.52167
43	5	-1396.7692	170.2011
43	6	-1407.1982	164.15619
43	7	-1399.9944	171.51332
43	8	-1412.2126	153.31413
43	10	-1391.116	176.38972
43	11	-1394.2338	178.28172
43	12	-1416.2432	153.91466
43	14	-1416.6329	148.29465
43	15	-1386.5779	181.71431
43	16	-1390.754	186.90034
43	17	-1385.3867	193.02196
43	18	-1413.4718	126.65224
43	20	-1364.8433	182.85257
43	21	-1379.6384	198.35718
43	22	-1407.9268	130.22395
43	23	-1424.6401	137.87369
43	32	-1396.3252	180.94145
43	33	-1372.0939	173.87523
43	34	-1352.1271	247.41692
43	35	-1407.8135	168.61118
43	39	-1361.6414	173.70839
43	43	-1408.5802	206.2337
43	44	-1403.4797	199.81708
44	1	-1386.8496	172.54405
44	2	-1372.8419	188.275
44	3	-1403.3799	162.95255
44	4	-1407.8506	158.52167
44	5	-1396.7692	170.2011
44	6	-1407.1982	164.15619
44	7	-1399.9944	171.51332
44	8	-1412.2126	153.31413
44	10	-1391.116	176.38972
44	11	-1394.2338	178.28172
44	12	-1416.2432	153.91466
44	14	-1416.6329	148.29465
44	15	-1386.5779	181.71431
44	16	-1390.754	186.90034
44	17	-1385.3867	193.02196
44	18	-1413.483	126.66677
44	20	-1364.8433	182.85257
44	21	-1379.6384	198.35718
44	22	-1407.9341	130.46996
44	23	-1423.9672	138.05067
44	32	-1396.3252	180.94145
44	33	-1372.0939	173.87523
44	34	-1352.1271	247.41692
44	35	-1407.8135	168.61118
44	39	-1361.6414	173.70839
44	43	-1408.5802	206.2337
44	44	-1403.4797	199.81708
45	1	-1386.1011	173.43274
45	2	-1372.1075	189.1233
45	3	-1403.3799	162.95255
45	4	-1407.8506	158.52167
45	5	-1396.7692	170.2011
45	6	-1407.1982	164.15619
45	7	-1399.9944	171.51332
45	8	-1412.2126	153.31413
45	10	-1391.116	176.38972
45	11	-1394.2338	178.28172
45	12	-1416.2432	153.91466
45	14	-1416.6329	148.29465
45	15	-1386.5779	181.71431
45	16	-1390.754	186.90034
45	17	-1385.3867	193.02196
45	18	-1413.4834	126.610275
45	20	-1364.8433	182.85257
45	21	-1379.6384	198.35718
45	22	-1407.9521	130.69183
45	23	-1423.358	138.24467
45	32	-1396.3252	180.94145
45	33	-1372.0939	173.87523
45	34	-1352.1271	247.41692
45	35	-1407.8135	168.61118
45	39	-1361.6414	173.70839
45	43	-1408.5802	206.2337
45	44	-1403.4797	199.81708
46	1	-1385.3402	174.3283
46	2	-1371.3712	189.96962
46	3	-1403.3799	162.95255
46	4	-1407.8506	158.52167
46	5	-1396.7692	170.2011
46	6	-1407.1982	164.15619
46	7	-1399.9944	171.51332
46	8	-1412.2126	153.31413
46	10	-1391.116	176.38972
46	11	-1394.2338	178.28172
46	12	-1416.2432	153.91466
46	14	-1416.6329	148.29465
46	15	-1386.5779	181.71431
46	16	-1390.754	186.90034
46	17	-1385.3867	193.02196
46	20	-1364.8433	182.85257
46	21	-1379.6384	198.35718
46	22	-1407.9431	130.97917
46	23	-1422.7081	138.44624
46	32	-1396.3252	180.94145
46	33	-1372.0939	173.87523
46	34	-1352.1271	247.41692
46	35	-1407.8135	168.61118
46	39	-1361.6414	173.70839
46	43	-1408.5802	206.2337
46	44	-1403.4797	199.81708
47	1	-1384.5646	175.23341
47	2	-1370.6351	190.81583
47	3	-1403.3799	162.95255
47	4	-1407.8506	158.52167
47	5	-1396.7692	170.2011
47	6	-1407.1982	164.15619
47	7	-1399.9944	171.51332
47	8	-1412.2126	153.31413
47	10	-1391.116	176.38972
47	11	-1394.2338	178.28172
47	12	-1416.2432	153.91466
47	14	-1416.6329	148.29465
47	15	-1386.5779	181.71431
47	16	-1390.754	186.90034
47	17	-1385.3867	193.02196
47	20	-1364.8433	182.85257
47	21	-1379.6384	198.35718
47	22	-1407.949	131.23116
47	23	-1422.067	138.71944
47	32	-1396.3252	180.94145
47	33	-1372.0939	173.87523
47	34	-1352.1271	247.41692
47	35	-1407.8135	168.61118
47	43	-1408.5802	206.2337
47	44	-1403.4797	199.81708
48	1	-1383.7937	176.1411
48	2	-1369.8993	191.66237
48	3	-1403.3799	162.95255
48	4	-1407.8506	158.52167
48	5	-1396.7692	170.2011
48	6	-1407.1982	164.15619
48	7	-1399.9944	171.51332
48	8	-1412.2126	153.31413
48	10	-1391.116	176.38972
48	11	-1394.2338	178.28172
48	12	-1416.2432	153.91466
48	14	-1416.6329	148.29465
48	15	-1386.5779	181.71431
48	16	-1390.754	186.90034
48	17	-1385.3867	193.02196
48	20	-1364.8433	182.85257
48	21	-1379.6384	198.35718
48	22	-1407.945	131.46898
48	23	-1421.4364	138.96417
48	32	-1396.3252	180.94145
48	33	-1372.0939	173.87523
48	34	-1352.1271	247.41692
48	35	-1407.8135	168.61118
48	36	-1401.7568	154.77266
48	43	-1408.5802	206.2337
48	44	-1403.4797	199.81708
49	1	-1383.0396	177.04271
49	2	-1369.1617	192.50836
49	3	-1403.3799	162.95255
49	4	-1407.8506	158.52167
49	5	-1396.7692	170.2011
49	6	-1407.1982	164.15619
49	7	-1399.9944	171.51332
49	8	-1412.2126	153.31413
49	10	-1391.116	176.38972
49	11	-1394.2338	178.28172
49	12	-1416.2432	153.91466
49	14	-1416.6329	148.29465
49	15	-1386.5779	181.71431
49	16	-1390.754	186.90034
49	17	-1385.3867	193.02196
49	20	-1364.8433	182.85257
49	21	-1379.6384	198.35718
49	22	-1407.959	131.7429
49	23	-1420.7874	139.25845
49	32	-1396.3252	180.94145
49	33	-1372.0939	173.87523
49	34	-1352.1271	247.41692
49	35	-1407.8135	168.61118
49	36	-1400.9977	155.57043
49	37	-1401.5977	175.23535
49	43	-1408.5802	206.2337
49	44	-1403.4797	199.81708
50	1	-1382.263	177.94194
50	2	-1368.4249	193.35532
50	3	-1403.3799	162.95255
50	4	-1407.8506	158.52167
50	5	-1396.7692	170.2011
50	6	-1407.1982	164.15619
50	7	-1399.9944	171.51332
50	8	-1412.2126	153.31413
50	10	-1391.116	176.38972
50	11	-1394.2338	178.28172
50	12	-1416.2432	153.91466
50	14	-1416.6329	148.29465
50	15	-1386.5779	181.71431
50	16	-1390.754	186.90034
50	17	-1385.3867	193.02196
50	20	-1364.8433	182.85257
50	21	-1379.6384	198.35718
50	22	-1407.9468	131.99022
50	23	-1420.266	139.51598
50	32	-1396.3252	180.94145
50	33	-1372.0939	173.87523
50	34	-1352.1271	247.41692
50	35	-1407.8135	168.61118
50	37	-1401.5977	175.23535
50	43	-1408.5802	206.2337
50	44	-1403.4797	199.81708
51	1	-1381.485	178.84465
51	2	-1367.688	194.19914
51	3	-1403.3799	162.95255
51	4	-1407.8506	158.52167
51	5	-1396.7692	170.2011
51	6	-1407.1982	164.15619
51	7	-1399.9944	171.51332
51	8	-1412.2126	153.31413
51	10	-1391.116	176.38972
51	11	-1394.2338	178.28172
51	12	-1416.2432	153.91466
51	14	-1416.6329	148.29465
51	15	-1386.5779	181.71431
51	16	-1390.754	186.90034
51	17	-1385.3867	193.02196
51	20	-1364.8433	182.85257
51	21	-1379.6384	198.35718
51	22	-1407.933	132.27174
51	23	-1419.5852	139.86977
51	32	-1396.3252	180.94145
51	33	-1372.0939	173.87523
51	34	-1352.1271	247.41692
51	35	-1407.8135	168.61118
51	36	-1399.553	157.20448
51	37	-1401.5977	175.23535
51	44	-1403.4797	199.81708
52	1	-1380.7198	179.73372
52	2	-1366.9518	195.04396
52	3	-1403.3799	162.95255
52	4	-1407.8506	158.52167
52	5	-1396.7692	170.2011
52	6	-1407.1982	164.15619
52	7	-1399.9944	171.51332
52	8	-1412.2126	153.31413
52	10	-1391.116	176.38972
52	11	-1394.2338	178.28172
52	12	-1416.2432	153.91466
52	14	-1416.6329	148.29465
52	15	-1386.5779	181.71431
52	16	-1390.754	186.90034
52	17	-1385.3867	193.02196
52	20	-1364.8433	182.85257
52	21	-1379.6384	198.35718
52	22	-1407.9281	132.43796
52	23	-1418.7102	140.33829
52	32	-1396.3252	180.94145
52	33	-1372.0939	173.87523
52	34	-1352.1271	247.41692
52	35	-1407.8135	168.61118
52	36	-1398.7592	158.01443
52	37	-1401.5977	175.23535
52	44	-1403.4797	199.81708
53	1	-1379.9501	180.6277
53	2	-1366.2139	195.88786
53	3	-1403.3799	162.95255
53	4	-1407.8506	158.52167
53	5	-1396.7692	170.2011
53	6	-1407.1982	164.15619
53	7	-1399.9944	171.51332
53	8	-1412.2126	153.31413
53	10	-1391.116	176.38972
53	11	-1394.2338	178.28172
53	12	-1416.2432	153.91466
53	14	-1416.6329	148.29465
53	15	-1386.5779	181.71431
53	16	-1390.754	186.90034
53	17	-1385.3867	193.02196
53	20	-1364.8433	182.85257
53	21	-1379.6384	198.35718
53	22	-1407.9323	132.60336
53	23	-1418.1803	140.64345
53	32	-1396.3252	180.94145
53	33	-1372.0939	173.87523
53	34	-1352.1271	247.41692
53	35	-1407.8135	168.61118
53	36	-1398.0664	158.8023
53	37	-1401.5977	175.23535
53	44	-1403.4797	199.81708
54	1	-1379.1799	181.52068
54	2	-1365.4749	196.73363
54	3	-1403.3799	162.95255
54	4	-1407.8506	158.52167
54	5	-1396.7692	170.2011
54	6	-1407.1982	164.15619
54	8	-1412.2126	153.31413
54	10	-1391.116	176.38972
54	11	-1394.2338	178.28172
54	12	-1416.2432	153.91466
54	14	-1416.6329	148.29465
54	15	-1386.5779	181.71431
54	16	-1390.754	186.90034
54	17	-1385.3867	193.02196
54	20	-1364.8433	182.85257
54	21	-1379.6384	198.35718
54	23	-1417.8641	140.87811
54	32	-1396.3252	180.94145
54	33	-1372.0939	173.87523
54	34	-1352.1271	247.41692
54	35	-1407.8135	168.61118
54	36	-1397.3224	159.65898
54	37	-1401.5977	175.23535
55	1	-1378.4116	182.40086
55	2	-1364.7395	197.57858
55	3	-1403.3799	162.95255
55	4	-1407.8506	158.52167
55	5	-1396.7692	170.2011
55	6	-1407.1982	164.15619
55	8	-1412.2126	153.31413
55	10	-1391.116	176.38972
55	11	-1394.2338	178.28172
55	14	-1416.6329	148.29465
55	15	-1386.5779	181.71431
55	16	-1390.754	186.90034
55	17	-1385.3867	193.02196
55	20	-1364.8433	182.85257
55	21	-1379.6384	198.35718
55	23	-1417.1936	141.30522
55	32	-1396.3252	180.94145
55	33	-1372.0939	173.87523
55	34	-1352.1271	247.41692
55	35	-1407.8135	168.61118
55	36	-1396.6123	160.42111
55	37	-1401.5977	175.23535
56	1	-1377.6278	183.30658
56	2	-1364.0005	198.41989
56	3	-1403.3799	162.95255
56	4	-1407.8506	158.52167
56	5	-1396.7692	170.2011
56	6	-1407.1982	164.15619
56	8	-1412.2126	153.31413
56	10	-1391.116	176.38972
56	11	-1394.2338	178.28172
56	14	-1416.6329	148.29465
56	15	-1386.5779	181.71431
56	16	-1390.754	186.90034
56	17	-1385.3867	193.02196
56	20	-1364.8433	182.85257
56	21	-1379.6384	198.35718
56	32	-1396.3252	180.94145
56	33	-1372.0939	173.87523
56	34	-1352.1271	247.41692
56	36	-1395.8873	161.25452
56	37	-1401.5977	175.23535
57	1	-1376.861	184.19582
57	2	-1363.2648	199.26343
57	3	-1403.3799	162.95255
57	4	-1407.8506	158.52167
57	5	-1396.7692	170.2011
57	6	-1407.1982	164.15619
57	8	-1412.2126	153.31413
57	10	-1391.116	176.38972
57	11	-1394.2338	178.28172
57	12	-1416.2432	153.91466
57	14	-1416.6329	148.29465
57	15	-1386.5779	181.71431
57	16	-1390.754	186.90034
57	17	-1385.3867	193.02196
57	20	-1364.8433	182.85257
57	21	-1379.6384	198.35718
57	32	-1396.3252	180.94145
57	33	-1372.0939	173.87523
57	34	-1352.1271	247.41692
57	36	-1395.1975	162.10464
57	37	-1401.5977	175.23535
58	1	-1376.0792	185.10039
58	2	-1362.523	200.11029
58	3	-1403.3799	162.95255
58	4	-1407.8506	158.52167
58	5	-1396.7692	170.2011
58	6	-1407.1982	164.15619
58	8	-1412.2126	153.31413
58	10	-1391.116	176.38972
58	11	-1394.2338	178.28172
58	14	-1416.6329	148.29465
58	15	-1386.5779	181.71431
58	16	-1390.754	186.90034
58	17	-1385.3867	193.02196
58	20	-1364.8433	182.85257
58	21	-1379.6384	198.35718
58	32	-1396.3252	180.94145
58	33	-1372.0939	173.87523
58	34	-1352.1271	247.41692
58	36	-1394.438	162.97565
58	37	-1401.5977	175.23535
59	1	-1375.3082	185.9883
59	2	-1361.7814	200.95433
59	3	-1403.3799	162.95255
59	4	-1407.8506	158.52167
59	5	-1396.7692	170.2011
59	6	-1407.1982	164.15619
59	8	-1412.2126	153.31413
59	10	-1391.116	176.38972
59	11	-1394.2338	178.28172
59	14	-1416.6329	148.29465
59	15	-1386.5779	181.71431
59	16	-1390.754	186.90034
59	17	-1385.3867	193.02196
59	20	-1364.8433	182.85257
59	21	-1379.6384	198.35718
59	32	-1396.3252	180.94145
59	33	-1372.0939	173.87523
59	34	-1352.1271	247.41692
59	36	-1393.7435	163.7361
59	37	-1401.5977	175.23535
60	1	-1374.5248	186.89148
60	2	-1361.0419	201.79852
60	3	-1403.3799	162.95255
60	4	-1407.8506	158.52167
60	5	-1396.7692	170.2011
60	6	-1407.1982	164.15619
60	8	-1412.2126	153.31413
60	10	-1391.116	176.38972
60	11	-1394.2338	178.28172
60	14	-1416.6329	148.29465
60	15	-1386.5779	181.71431
60	16	-1390.754	186.90034
60	17	-1385.3867	193.02196
60	20	-1364.8433	182.85257
60	21	-1379.6384	198.35718
60	32	-1396.3252	180.94145
60	33	-1372.0939	173.87523
60	34	-1352.1271	247.41692
60	36	-1393.0433	164.57602
60	37	-1401.5977	175.23535
60	38	-1336.7968	258.1497
61	1	-1373.748	187.78357
61	2	-1360.3036	202.63972
61	3	-1403.3799	162.95255
61	4	-1407.8506	158.52167
61	5	-1396.7692	170.2011
61	6	-1407.1982	164.15619
61	8	-1412.2126	153.31413
61	10	-1391.116	176.38972
61	11	-1394.2338	178.28172
61	15	-1386.5779	181.71431
61	16	-1390.754	186.90034
61	17	-1385.3867	193.02196
61	20	-1364.8433	182.85257
61	21	-1379.6384	198.35718
61	32	-1396.3252	180.94145
61	33	-1372.0939	173.87523
61	34	-1352.1271	247.41692
61	36	-1392.3234	165.39972
61	37	-1401.5977	175.23535
61	38	-1336.7968	258.1497
62	1	-1372.9828	188.6742
62	2	-1359.566	203.4809
62	3	-1403.3799	162.95255
62	4	-1407.8506	158.52167
62	5	-1396.7692	170.2011
62	6	-1407.1982	164.15619
62	8	-1412.2126	153.31413
62	10	-1391.116	176.38972
62	11	-1394.2338	178.28172
62	15	-1386.5779	181.71431
62	16	-1390.754	186.90034
62	17	-1385.3867	193.02196
62	20	-1364.8433	182.85257
62	21	-1379.6384	198.35718
62	32	-1396.3252	180.94145
62	33	-1372.0939	173.87523
62	34	-1352.1271	247.41692
62	36	-1391.5798	166.32007
62	37	-1401.5977	175.23535
62	38	-1336.7968	258.1497
63	1	-1372.1906	189.5829
63	2	-1358.8275	204.32086
63	3	-1403.3799	162.95255
63	4	-1407.8506	158.52167
63	5	-1396.7692	170.2011
63	6	-1407.1982	164.15619
63	8	-1412.2126	153.31413
63	10	-1391.116	176.38972
63	11	-1394.2338	178.28172
63	15	-1386.5779	181.71431
63	16	-1390.754	186.90034
63	17	-1385.3867	193.02196
63	20	-1364.8433	182.85257
63	21	-1379.6384	198.35718
63	32	-1396.3252	180.94145
63	33	-1372.0939	173.87523
63	34	-1352.1271	247.41692
63	36	-1390.791	167.22862
63	37	-1401.5977	175.23535
63	38	-1336.7968	258.1497
64	1	-1371.3926	190.50803
64	2	-1358.088	205.16177
64	3	-1403.3799	162.95255
64	5	-1396.7692	170.2011
64	6	-1407.1982	164.15619
64	8	-1412.2126	153.31413
64	10	-1391.116	176.38972
64	11	-1394.2338	178.28172
64	15	-1386.5779	181.71431
64	16	-1390.754	186.90034
64	17	-1385.3867	193.02196
64	20	-1364.8433	182.85257
64	21	-1379.6384	198.35718
64	32	-1396.3252	180.94145
64	33	-1372.0939	173.87523
64	34	-1352.1271	247.41692
64	36	-1389.977	168.16167
64	37	-1401.5977	175.23535
64	38	-1336.7968	258.1497
65	1	-1370.6102	191.42445
65	2	-1357.3485	206.00258
65	3	-1403.3799	162.95255
65	5	-1396.7692	170.2011
65	6	-1407.1982	164.15619
65	8	-1412.2126	153.31413
65	10	-1391.116	176.38972
65	11	-1394.2338	178.28172
65	15	-1386.5779	181.71431
65	16	-1390.754	186.90034
65	17	-1385.3867	193.02196
65	20	-1364.8433	182.85257
65	21	-1379.6384	198.35718
65	32	-1396.3252	180.94145
65	33	-1372.0939	173.87523
65	34	-1352.1271	247.41692
65	36	-1389.3505	168.92421
65	37	-1401.5977	175.23535
65	38	-1336.7968	258.1497
66	1	-1369.8112	192.37085
66	2	-1356.6082	206.84283
66	3	-1403.3799	162.95255
66	5	-1396.7692	170.2011
66	6	-1407.1982	164.15619
66	8	-1412.2126	153.31413
66	10	-1391.116	176.38972
66	11	-1394.2338	178.28172
66	15	-1386.5779	181.71431
66	16	-1390.754	186.90034
66	17	-1385.3867	193.02196
66	20	-1364.8433	182.85257
66	21	-1379.6384	198.35718
66	32	-1396.3252	180.94145
66	33	-1372.0939	173.87523
66	34	-1352.1271	247.41692
66	36	-1388.6029	169.81857
66	37	-1401.5977	175.23535
66	38	-1336.7968	258.1497
67	1	-1369.0145	193.30852
67	2	-1355.8689	207.68106
67	3	-1403.3799	162.95255
67	5	-1396.7692	170.2011
67	6	-1407.1982	164.15619
67	10	-1391.116	176.38972
67	11	-1394.2338	178.28172
67	15	-1386.5779	181.71431
67	16	-1390.754	186.90034
67	17	-1385.3867	193.02196
67	20	-1364.8433	182.85257
67	21	-1379.6384	198.35718
67	32	-1396.3252	180.94145
67	33	-1372.0939	173.87523
67	34	-1352.1271	247.41692
67	36	-1387.8295	170.68391
67	37	-1401.5977	175.23535
67	38	-1336.7968	258.1497
68	1	-1368.226	194.24867
68	2	-1355.1304	208.51941
68	3	-1403.3799	162.95255
68	5	-1396.7692	170.2011
68	6	-1407.1982	164.15619
68	10	-1391.116	176.38972
68	11	-1394.2338	178.28172
68	15	-1386.5779	181.71431
68	16	-1390.754	186.90034
68	17	-1385.3867	193.02196
68	20	-1364.8433	182.85257
68	21	-1379.6384	198.35718
68	32	-1396.3252	180.94145
68	33	-1372.0939	173.87523
68	34	-1352.1271	247.41692
68	36	-1387.1512	171.43126
68	37	-1401.5977	175.23535
68	38	-1336.7968	258.1497
69	1	-1367.438	195.2182
69	2	-1354.3917	209.358
69	3	-1403.3799	162.95255
69	5	-1396.7692	170.2011
69	6	-1407.1982	164.15619
69	10	-1391.116	176.38972
69	11	-1394.2338	178.28172
69	15	-1386.5779	181.71431
69	16	-1390.754	186.90034
69	17	-1385.3867	193.02196
69	20	-1364.8433	182.85257
69	21	-1379.6384	198.35718
69	32	-1396.3252	180.94145
69	33	-1372.0939	173.87523
69	34	-1352.1271	247.41692
69	36	-1386.5166	172.19952
69	37	-1401.5977	175.23535
69	38	-1336.7968	258.1497
70	1	-1366.6619	196.17845
70	2	-1353.651	210.19818
70	3	-1403.3799	162.95255
70	5	-1396.7692	170.2011
70	6	-1407.1982	164.15619
70	10	-1391.116	176.38972
70	11	-1394.2338	178.28172
70	15	-1386.5779	181.71431
70	16	-1390.754	186.90034
70	17	-1385.3867	193.02196
70	20	-1364.8433	182.85257
70	21	-1379.6384	198.35718
70	32	-1396.3252	180.94145
70	33	-1372.0939	173.87523
70	34	-1352.1271	247.41692
70	36	-1385.8055	173.04349
70	37	-1401.5977	175.23535
70	38	-1336.7968	258.1497
71	1	-1365.8627	197.18044
71	2	-1352.9098	211.03845
71	3	-1403.3799	162.95255
71	5	-1396.7692	170.2011
71	6	-1407.1982	164.15619
71	10	-1391.116	176.38972
71	11	-1394.2338	178.28172
71	15	-1386.5779	181.71431
71	16	-1390.754	186.90034
71	17	-1385.3867	193.02196
71	20	-1364.8433	182.85257
71	21	-1379.6384	198.35718
71	32	-1396.3252	180.94145
71	33	-1372.0939	173.87523
71	34	-1352.1271	247.41692
71	36	-1385.0612	173.86713
71	37	-1401.5977	175.23535
71	38	-1336.7968	258.1497
71	40	-1367.0425	262.8105
72	1	-1365.0835	198.16435
72	2	-1352.1686	211.87827
72	3	-1403.3799	162.95255
72	5	-1396.7692	170.2011
72	6	-1407.1982	164.15619
72	10	-1391.116	176.38972
72	11	-1394.2338	178.28172
72	15	-1386.5779	181.71431
72	16	-1390.754	186.90034
72	17	-1385.3867	193.02196
72	21	-1379.6384	198.35718
72	32	-1396.3252	180.94145
72	33	-1372.0939	173.87523
72	34	-1352.1271	247.41692
72	36	-1384.2673	174.82571
72	37	-1401.5977	175.23535
72	38	-1336.7968	258.1497
72	40	-1367.0425	262.8105
73	1	-1364.3069	199.16849
73	2	-1351.4275	212.71634
73	3	-1403.3799	162.95255
73	5	-1396.7692	170.2011
73	10	-1391.116	176.38972
73	11	-1394.2338	178.28172
73	15	-1386.5779	181.71431
73	16	-1390.754	186.90034
73	17	-1385.3867	193.02196
73	20	-1364.8433	182.85257
73	21	-1379.6384	198.35718
73	32	-1396.3252	180.94145
73	33	-1372.0939	173.87523
73	34	-1352.1271	247.41692
73	36	-1383.5085	175.6785
73	37	-1401.5977	175.23535
73	38	-1336.7968	258.1497
73	40	-1367.0425	262.8105
74	1	-1363.5216	200.18192
74	2	-1350.6859	213.5548
74	3	-1403.3799	162.95255
74	5	-1396.7692	170.2011
74	6	-1407.1982	164.15619
74	10	-1391.116	176.38972
74	11	-1394.2338	178.28172
74	15	-1386.5779	181.71431
74	16	-1390.754	186.90034
74	17	-1385.3867	193.02196
74	20	-1364.8433	182.85257
74	21	-1379.6384	198.35718
74	32	-1396.3252	180.94145
74	33	-1372.0939	173.87523
74	34	-1352.1271	247.41692
74	36	-1382.7197	176.61073
74	37	-1401.5977	175.23535
74	38	-1336.7968	258.1497
74	40	-1367.0425	262.8105
74	42	-1378.5809	272.34348
75	1	-1362.7273	201.19887
75	2	-1349.9443	214.39352
75	3	-1403.3799	162.95255
75	5	-1396.7692	170.2011
75	10	-1391.116	176.38972
75	11	-1394.2338	178.28172
75	15	-1386.5779	181.71431
75	16	-1390.754	186.90034
75	17	-1385.3867	193.02196
75	21	-1379.6384	198.35718
75	32	-1396.3252	180.94145
75	33	-1372.0939	173.87523
75	34	-1352.1271	247.41692
75	36	-1381.9174	177.50299
75	37	-1401.5977	175.23535
75	38	-1336.7968	258.1497
75	40	-1367.0425	262.8105
75	42	-1378.5809	272.34348
76	1	-1361.9716	202.19989
76	2	-1349.2012	215.23225
76	3	-1403.3799	162.95255
76	5	-1396.7692	170.2011
76	6	-1407.1982	164.15619
76	10	-1391.116	176.38972
76	11	-1394.2338	178.28172
76	15	-1386.5779	181.71431
76	16	-1390.754	186.90034
76	17	-1385.3867	193.02196
76	21	-1379.6384	198.35718
76	32	-1396.3252	180.94145
76	33	-1372.0939	173.87523
76	34	-1352.1271	247.41692
76	36	-1381.191	178.37347
76	37	-1401.5977	175.23535
76	38	-1336.7968	258.1497
76	40	-1367.0425	262.8105
76	42	-1378.5809	272.34348
77	1	-1361.1677	203.26422
77	2	-1348.4576	216.0699
77	3	-1403.3799	162.95255
77	5	-1396.7692	170.2011
77	6	-1407.1982	164.15619
77	10	-1391.116	176.38972
77	11	-1394.2338	178.28172
77	15	-1386.5779	181.71431
77	16	-1390.754	186.90034
77	17	-1385.3867	193.02196
77	21	-1379.6384	198.35718
77	32	-1396.3252	180.94145
77	33	-1372.0939	173.87523
77	34	-1352.1271	247.41692
77	36	-1380.44	179.24893
77	37	-1401.5977	175.23535
77	38	-1336.7968	258.1497
77	40	-1367.0425	262.8105
77	42	-1378.5809	272.34348
78	1	-1360.3788	204.30806
78	2	-1347.714	216.90652
78	3	-1403.3799	162.95255
78	5	-1396.7692	170.2011
78	10	-1391.116	176.38972
78	11	-1394.2338	178.28172
78	15	-1386.5779	181.71431
78	16	-1390.754	186.90034
78	17	-1385.3867	193.02196
78	21	-1379.6384	198.35718
78	32	-1396.3252	180.94145
78	33	-1372.0939	173.87523
78	34	-1352.1271	247.41692
78	36	-1379.6344	180.19708
78	37	-1401.5977	175.23535
78	38	-1336.7968	258.1497
78	40	-1367.0425	262.8105
79	1	-1359.5741	205.3718
79	2	-1346.9717	217.74352
79	5	-1396.7692	170.2011
79	10	-1391.116	176.38972
79	11	-1394.2338	178.28172
79	15	-1386.5779	181.71431
79	16	-1390.754	186.90034
79	17	-1385.3867	193.02196
79	21	-1379.6384	198.35718
79	32	-1396.3252	180.94145
79	33	-1372.0939	173.87523
79	34	-1352.1271	247.41692
79	36	-1378.8419	181.09866
79	37	-1401.5977	175.23535
79	38	-1336.7968	258.1497
79	40	-1367.0425	262.8105
79	42	-1378.5809	272.34348
80	1	-1358.7703	206.43066
80	2	-1346.2284	218.57805
80	5	-1396.7692	170.2011
80	10	-1391.116	176.38972
80	11	-1394.2338	178.28172
80	15	-1386.5779	181.71431
80	16	-1390.754	186.90034
80	17	-1385.3867	193.02196
80	21	-1379.6384	198.35718
80	32	-1396.3252	180.94145
80	33	-1372.0939	173.87523
80	34	-1352.1271	247.41692
80	36	-1378.0894	182.0136
80	37	-1401.5977	175.23535
80	38	-1336.7968	258.1497
80	40	-1367.0425	262.8105
80	42	-1378.5809	272.34348
81	1	-1357.9653	207.50027
81	2	-1345.4856	219.4126
81	5	-1396.7692	170.2011
81	11	-1394.2338	178.28172
81	15	-1386.5779	181.71431
81	16	-1390.754	186.90034
81	17	-1385.3867	193.02196
81	21	-1379.6384	198.35718
81	32	-1396.3252	180.94145
81	33	-1372.0939	173.87523
81	34	-1352.1271	247.41692
81	36	-1377.2877	182.96234
81	37	-1401.5977	175.23535
81	38	-1336.7968	258.1497
81	40	-1367.0425	262.8105
81	42	-1378.5809	272.34348
81	51	-1391.0334	176.48544
82	1	-1357.1609	208.56451
82	2	-1344.7407	220.24696
82	5	-1396.7692	170.2011
82	11	-1394.2338	178.28172
82	15	-1386.5779	181.71431
82	16	-1390.754	186.90034
82	17	-1385.3867	193.02196
82	21	-1379.6384	198.35718
82	32	-1396.3252	180.94145
82	33	-1372.0939	173.87523
82	34	-1352.1271	247.41692
82	36	-1376.4661	183.87253
82	37	-1401.5977	175.23535
82	38	-1336.7968	258.1497
82	40	-1367.0425	262.8105
82	42	-1378.5809	272.34348
82	51	-1391.0334	176.48544
83	1	-1356.321	209.65385
83	2	-1343.9957	221.08308
83	5	-1396.7692	170.2011
83	11	-1394.2338	178.28172
83	15	-1386.5779	181.71431
83	16	-1390.754	186.90034
83	17	-1385.3867	193.02196
83	21	-1379.6384	198.35718
83	32	-1396.3252	180.94145
83	33	-1372.0939	173.87523
83	34	-1352.1271	247.41692
83	36	-1375.672	184.7921
83	37	-1401.5977	175.23535
83	38	-1336.7968	258.1497
83	40	-1367.0425	262.8105
83	42	-1378.5809	272.34348
83	51	-1391.0334	176.48544
84	1	-1355.4928	210.74115
84	2	-1343.2496	221.91924
84	5	-1396.7692	170.2011
84	11	-1394.2338	178.28172
84	15	-1386.5779	181.71431
84	16	-1390.754	186.90034
84	17	-1385.3867	193.02196
84	21	-1379.6384	198.35718
84	32	-1396.3252	180.94145
84	33	-1372.0939	173.87523
84	34	-1352.1271	247.41692
84	36	-1374.9036	185.6997
84	37	-1401.5977	175.23535
84	38	-1336.7968	258.1497
84	40	-1367.0425	262.8105
84	42	-1378.5809	272.34348
84	51	-1391.0334	176.48544
85	1	-1354.6421	211.83235
85	2	-1342.5023	222.75302
85	5	-1396.7692	170.2011
85	11	-1394.2338	178.28172
85	15	-1386.5779	181.71431
85	16	-1390.754	186.90034
85	17	-1385.3867	193.02196
85	21	-1379.6384	198.35718
85	32	-1396.3252	180.94145
85	33	-1372.0939	173.87523
85	34	-1352.1271	247.41692
85	36	-1374.0822	186.6527
85	37	-1401.5977	175.23535
85	38	-1336.7968	258.1497
85	40	-1367.0425	262.8105
85	42	-1378.5809	272.34348
85	51	-1391.0334	176.48544
85	56	-1389.1783	265.99548
86	1	-1353.7999	212.9333
86	2	-1341.755	223.58548
86	11	-1394.2338	178.28172
86	15	-1386.5779	181.71431
86	16	-1390.754	186.90034
86	17	-1385.3867	193.02196
86	21	-1379.6384	198.35718
86	32	-1396.3252	180.94145
86	33	-1372.0939	173.87523
86	34	-1352.1271	247.41692
86	36	-1373.2706	187.59302
86	37	-1401.5977	175.23535
86	38	-1336.7968	258.1497
86	40	-1367.0425	262.8105
86	42	-1378.5809	272.34348
86	51	-1391.0334	176.48544
86	56	-1389.1783	265.99548
87	1	-1352.959	214.01163
87	2	-1341.0073	224.4167
87	11	-1394.2338	178.28172
87	15	-1386.5779	181.71431
87	16	-1390.754	186.90034
87	17	-1385.3867	193.02196
87	21	-1379.6384	198.35718
87	32	-1396.3252	180.94145
87	34	-1352.1271	247.41692
87	36	-1372.4974	188.48756
87	38	-1336.7968	258.1497
87	40	-1367.0425	262.8105
87	42	-1378.5809	272.34348
87	51	-1391.0334	176.48544
87	56	-1389.1783	265.99548
88	1	-1352.0981	215.12195
88	2	-1340.2584	225.2479
88	11	-1394.2338	178.28172
88	15	-1386.5779	181.71431
88	16	-1390.754	186.90034
88	17	-1385.3867	193.02196
88	21	-1379.6384	198.35718
88	32	-1396.3252	180.94145
88	34	-1352.1271	247.41692
88	36	-1371.6665	189.47026
88	38	-1336.7968	258.1497
88	40	-1367.0425	262.8105
88	42	-1378.5809	272.34348
88	51	-1391.0334	176.48544
88	56	-1389.1783	265.99548
89	1	-1351.221	216.23618
89	2	-1339.5073	226.07823
89	11	-1394.2338	178.28172
89	15	-1386.5779	181.71431
89	16	-1390.754	186.90034
89	17	-1385.3867	193.02196
89	21	-1379.6384	198.35718
89	32	-1396.3252	180.94145
89	34	-1352.1271	247.41692
89	36	-1370.8583	190.41495
89	38	-1336.7968	258.1497
89	40	-1367.0425	262.8105
89	42	-1378.5809	272.34348
89	51	-1391.0334	176.48544
89	56	-1389.1783	265.99548
90	1	-1350.3397	217.36191
90	2	-1338.7545	226.90878
90	11	-1394.2338	178.28172
90	15	-1386.5779	181.71431
90	16	-1390.754	186.90034
90	17	-1385.3867	193.02196
90	21	-1379.6384	198.35718
90	32	-1396.3252	180.94145
90	34	-1352.1271	247.41692
90	36	-1370.0736	191.35559
90	38	-1336.7968	258.1497
90	40	-1367.0425	262.8105
90	42	-1378.5809	272.34348
90	51	-1391.0334	176.48544
90	56	-1389.1783	265.99548
