0	1	8427.653	8180.2153
0	2	8408.401	8173.044
0	3	8376.423	8161.42
0	5	8484.089	8135.9
0	6	8443.543	8179.59
0	7	8446.687	8176.1323
0	8	8439.633	8176.3276
0	9	8446.89	8172.6333
0	10	8434.587	8179.503
0	11	8437.803	8172.6606
0	12	8454.131	8176.199
0	13	8430.091	8176.129
0	14	8456.686	8173.083
0	15	8430.155	8172.6797
0	16	8463.97	8180.1562
0	17	8427.532	8185.38
0	18	8463.047	8176.1694
0	19	8452.326	8150.3726
0	20	8442.696	8148.377
0	21	8409.127	8181.1665
0	22	8442.841	8147.5073
0	23	8417.786	8194.397
0	24	8408.97	8191.876
0	25	8410.204	8200.66
0	26	8405.289	8190.182
0	27	8414.851	8200.746
0	28	8406.528	8199.434
0	29	8426.022	8140.691
0	30	8407.874	8206.557
0	31	8445.505	8134.365
0	32	8440.193	8133.533
0	33	8424.281	8132.588
0	34	8417.753	8218.152
0	35	8401.817	8139.859
0	36	8515.128	8180.493
0	37	8489.675	8129.5586
0	38	8376.708	8154.723
0	39	8374.357	8157.9873
0	40	8478.769	8116.1455
0	41	8432.774	8107.706
0	42	8499.003	8132.533
1	1	8427.67	8180.213
1	2	8408.941	8173.5356
1	3	8376.468	8161.4165
1	4	8368.834	8161.2544
1	5	8483.969	8135.9
1	6	8443.544	8179.59
1	7	8446.678	8176.1265
1	8	8439.617	8176.3237
1	9	8446.899	8172.6313
1	10	8434.588	8179.5034
1	11	8437.801	8172.658
1	12	8454.134	8176.1997
1	13	8430.093	8176.1323
1	14	8456.68	8173.0815
1	15	8430.155	8172.6797
1	16	8463.41	8180.154
1	17	8427.533	8185.3833
1	18	8462.767	8176.159
1	19	8452.326	8150.3726
1	20	8442.565	8148.379
1	21	8409.602	8181.8584
1	22	8442.699	8147.5107
1	23	8417.922	8195.357
1	24	8408.97	8191.876
1	25	8410.204	8200.66
1	26	8405.289	8190.182
1	27	8414.987	8201.716
1	28	8406.528	8199.434
1	29	8426.022	8140.691
1	31	8445.505	8134.365
1	32	8440.193	8133.533
1	33	8424.281	8132.588
1	34	8417.938	8219.329
1	35	8401.817	8139.859
1	36	8514.052	8180.474
1	37	8489.675	8129.5586
1	38	8376.751	8154.7324
1	39	8374.392	8157.9917
1	40	8478.769	8116.1455
1	41	8432.774	8107.706
1	42	8499.003	8132.533
2	1	8427.671	8180.212
2	2	8409.454	8174.0327
2	3	8376.468	8161.4175
2	4	8368.892	8161.3325
2	5	8483.847	8135.902
2	6	8443.544	8179.59
2	7	8446.687	8176.135
2	8	8439.614	8176.3325
2	9	8446.899	8172.633
2	10	8434.587	8179.5054
2	11	8437.804	8172.6606
2	12	8454.117	8176.1953
2	13	8430.095	8176.132
2	14	8456.686	8173.0845
2	15	8430.138	8172.681
2	16	8462.876	8180.1475
2	17	8427.533	8185.387
2	18	8462.496	8176.162
2	19	8452.326	8150.3726
2	20	8442.409	8148.383
2	21	8410.016	8182.53
2	22	8442.589	8147.5083
2	23	8418.057	8196.306
2	24	8408.97	8191.876
2	25	8410.204	8200.66
2	26	8405.289	8190.182
2	27	8415.136	8202.7295
2	28	8406.528	8199.434
2	29	8426.022	8140.691
2	31	8445.505	8134.365
2	32	8440.193	8133.533
2	33	8424.281	8132.588
2	34	8418.113	8220.493
2	35	8401.817	8139.859
2	36	8512.993	8180.4766
2	37	8489.675	8129.5586
2	38	8376.76	8154.7515
2	39	8374.452	8157.993
2	40	8478.769	8116.1455
2	41	8432.774	8107.706
2	42	8499.003	8132.533
3	1	8427.654	8180.214
3	2	8409.982	8174.5713
3	3	8376.513	8161.418
3	4	8368.957	8161.2334
3	5	8483.728	8135.8857
3	6	8443.543	8179.59
3	7	8446.675	8176.124
3	8	8439.628	8176.331
3	9	8446.895	8172.638
3	10	8434.583	8179.503
3	11	8437.808	8172.6597
3	12	8454.13	8176.2007
3	13	8430.098	8176.131
3	14	8456.686	8173.085
3	15	8430.127	8172.679
3	16	8462.312	8180.1357
3	17	8427.533	8185.388
3	18	8462.25	8176.161
3	19	8452.326	8150.3726
3	20	8442.284	8148.3867
3	21	8410.417	8183.238
3	22	8442.435	8147.4844
3	23	8418.192	8197.274
3	24	8408.97	8191.876
3	25	8410.204	8200.66
3	26	8405.289	8190.182
3	27	8415.275	8203.749
3	28	8406.528	8199.434
3	29	8426.022	8140.691
3	30	8407.86	8206.506
3	31	8445.505	8134.365
3	32	8440.193	8133.533
3	33	8424.281	8132.588
3	34	8418.308	8221.666
3	35	8401.817	8139.859
3	36	8511.928	8180.4727
3	37	8489.675	8129.5586
3	38	8376.835	8154.7646
3	39	8374.54	8158.0015
3	40	8478.769	8116.1455
3	41	8432.774	8107.706
3	42	8499.003	8132.533
4	1	8427.671	8180.213
4	2	8410.491	8175.113
4	3	8376.561	8161.4155
4	4	8369.015	8161.318
4	5	8483.599	8135.879
4	6	8443.544	8179.5903
4	7	8446.676	8176.125
4	8	8439.627	8176.33
4	9	8446.896	8172.6367
4	10	8434.581	8179.5054
4	11	8437.798	8172.6606
4	12	8454.118	8176.195
4	13	8430.095	8176.1313
4	14	8456.685	8173.085
4	15	8430.117	8172.6787
4	16	8461.772	8180.1284
4	17	8427.532	8185.391
4	18	8462.022	8176.1577
4	19	8452.326	8150.3726
4	20	8442.145	8148.377
4	21	8410.805	8183.9575
4	22	8442.312	8147.5166
4	23	8418.324	8198.236
4	24	8408.97	8191.876
4	25	8410.204	8200.66
4	26	8405.289	8190.182
4	27	8415.431	8204.765
4	28	8406.528	8199.434
4	29	8426.022	8140.691
4	30	8407.881	8206.565
4	31	8445.505	8134.365
4	32	8440.193	8133.533
4	33	8424.281	8132.588
4	34	8418.507	8222.895
4	35	8401.817	8139.859
4	36	8510.893	8180.468
4	37	8489.675	8129.5586
4	38	8376.859	8154.725
4	39	8374.666	8157.985
4	40	8478.769	8116.1455
4	41	8432.774	8107.706
4	42	8499.003	8132.533
5	1	8427.668	8180.2153
5	2	8410.979	8175.657
5	3	8376.645	8161.4175
5	4	8369.053	8161.327
5	5	8483.46	8135.8765
5	6	8443.544	8179.5903
5	7	8446.679	8176.12
5	8	8439.628	8176.33
5	9	8446.899	8172.6323
5	10	8434.586	8179.506
5	11	8437.802	8172.662
5	12	8454.118	8176.1973
5	13	8430.093	8176.1294
5	14	8456.684	8173.087
5	15	8430.111	8172.682
5	16	8461.269	8180.123
5	17	8427.535	8185.3877
5	18	8461.788	8176.1597
5	19	8452.326	8150.3726
5	20	8442.012	8148.387
5	21	8411.172	8184.7085
5	22	8442.168	8147.5225
5	23	8418.451	8199.195
5	24	8408.97	8191.876
5	25	8410.204	8200.66
5	26	8405.289	8190.182
5	27	8415.595	8205.862
5	28	8406.528	8199.434
5	29	8426.022	8140.691
5	30	8407.886	8206.504
5	31	8445.505	8134.365
5	32	8440.193	8133.533
5	33	8424.281	8132.588
5	34	8418.692	8224.037
5	35	8401.817	8139.859
5	36	8509.864	8180.4478
5	37	8489.675	8129.5586
5	38	8377.094	8154.778
5	39	8374.862	8157.996
5	40	8478.769	8116.1455
5	41	8432.774	8107.706
5	42	8499.003	8132.533
6	1	8427.661	8180.216
6	2	8411.459	8176.2285
6	3	8376.7	8161.426
6	5	8483.325	8135.8745
6	6	8443.544	8179.5903
6	7	8446.682	8176.1187
6	8	8439.63	8176.331
6	9	8446.899	8172.639
6	10	8434.584	8179.5073
6	11	8437.8	8172.661
6	12	8454.139	8176.201
6	13	8430.095	8176.128
6	14	8456.685	8173.0854
6	15	8430.1	8172.679
6	16	8460.745	8180.1157
6	17	8427.534	8185.388
6	18	8461.5625	8176.162
6	19	8452.326	8150.3726
6	20	8441.872	8148.3794
6	21	8411.526	8185.4673
6	22	8442.064	8147.539
6	23	8418.588	8200.183
6	24	8408.97	8191.876
6	25	8410.204	8200.66
6	26	8405.289	8190.182
6	27	8415.744	8206.926
6	28	8406.528	8199.434
6	29	8426.022	8140.691
6	30	8407.888	8206.575
6	31	8445.505	8134.365
6	32	8440.193	8133.533
6	33	8424.281	8132.588
6	34	8418.891	8225.202
6	35	8401.817	8139.859
6	36	8508.776	8180.4424
6	37	8489.675	8129.5586
6	38	8377.231	8154.788
6	39	8375.034	8158.0024
6	40	8478.769	8116.1455
6	41	8432.774	8107.706
6	42	8499.003	8132.533
7	1	8427.669	8180.214
7	2	8411.933	8176.8145
7	3	8376.757	8161.4243
7	5	8483.184	8135.862
7	6	8443.544	8179.5903
7	7	8446.675	8176.128
7	8	8439.639	8176.333
7	9	8446.897	8172.636
7	10	8434.587	8179.5054
7	11	8437.809	8172.661
7	12	8454.133	8176.1997
7	13	8430.095	8176.1294
7	14	8456.683	8173.087
7	15	8430.094	8172.6777
7	16	8460.263	8180.104
7	17	8427.532	8185.385
7	18	8461.391	8176.1636
7	19	8452.326	8150.3726
7	20	8441.7295	8148.378
7	21	8411.857	8186.242
7	22	8441.925	8147.5464
7	23	8418.716	8201.173
7	24	8408.97	8191.876
7	25	8410.204	8200.66
7	26	8405.289	8190.182
7	27	8415.893	8207.955
7	28	8406.528	8199.434
7	29	8426.022	8140.691
7	30	8407.869	8206.525
7	31	8445.505	8134.365
7	32	8440.193	8133.533
7	33	8424.281	8132.588
7	34	8419.105	8226.422
7	35	8401.817	8139.859
7	36	8507.738	8180.4297
7	37	8489.675	8129.5586
7	38	8377.4375	8154.811
7	39	8375.225	8158.0034
7	40	8478.769	8116.1455
7	41	8432.774	8107.706
7	42	8499.003	8132.533
8	1	8427.675	8180.2163
8	2	8412.383	8177.403
8	3	8376.9	8161.427
8	4	8369.309	8161.3467
8	5	8483.025	8135.853
8	6	8443.544	8179.5903
8	7	8446.678	8176.121
8	8	8439.616	8176.3325
8	9	8446.896	8172.6377
8	10	8434.588	8179.5054
8	11	8437.804	8172.6626
8	12	8454.129	8176.1997
8	13	8430.099	8176.128
8	14	8456.685	8173.086
8	15	8430.086	8172.6777
8	16	8459.8125	8180.0903
8	17	8427.533	8185.3867
8	18	8461.25	8176.1606
8	19	8452.326	8150.3726
8	20	8441.611	8148.3906
8	21	8412.171	8187.0215
8	22	8441.781	8147.5493
8	23	8418.846	8202.177
8	24	8408.97	8191.876
8	25	8410.204	8200.66
8	26	8405.289	8190.182
8	27	8416.067	8209.095
8	28	8406.528	8199.434
8	29	8426.022	8140.691
8	30	8407.878	8206.545
8	31	8445.505	8134.365
8	32	8440.193	8133.533
8	33	8424.281	8132.588
8	34	8419.3	8227.615
8	35	8401.817	8139.859
8	36	8506.723	8180.4204
8	37	8489.675	8129.5586
8	38	8377.607	8154.8154
8	39	8375.518	8158.003
8	40	8478.769	8116.1455
8	41	8432.774	8107.706
8	42	8499.003	8132.533
9	1	8427.664	8180.215
9	2	8412.827	8178.0093
9	3	8376.988	8161.4272
9	4	8369.279	8161.276
9	5	8482.855	8135.8496
9	6	8443.544	8179.5903
9	7	8446.679	8176.1226
9	8	8439.614	8176.327
9	9	8446.904	8172.6377
9	10	8434.581	8179.5054
9	11	8437.806	8172.6626
9	12	8454.13	8176.1987
9	13	8430.099	8176.131
9	14	8456.682	8173.0835
9	15	8430.083	8172.6787
9	16	8459.364	8180.081
9	17	8427.535	8185.3823
9	18	8461.074	8176.1562
9	19	8452.326	8150.3726
9	20	8441.463	8148.379
9	21	8412.47	8187.8276
9	22	8441.646	8147.5596
9	23	8418.973	8203.1875
9	24	8408.97	8191.876
9	25	8410.204	8200.66
9	26	8405.289	8190.182
9	27	8416.229	8210.133
9	28	8406.528	8199.434
9	29	8426.022	8140.691
9	30	8407.879	8206.563
9	31	8445.505	8134.365
9	32	8440.193	8133.533
9	33	8424.281	8132.588
9	34	8419.505	8228.845
9	35	8401.817	8139.859
9	36	8505.74	8180.416
9	37	8489.675	8129.5586
9	38	8377.822	8154.8286
9	39	8375.8125	8158.0244
9	40	8478.769	8116.1455
9	41	8432.774	8107.706
9	42	8499.003	8132.533
10	1	8427.659	8180.2173
10	2	8413.26	8178.626
10	3	8377.159	8161.4224
10	4	8369.41	8161.2466
10	5	8482.687	8135.847
10	6	8443.544	8179.591
10	7	8446.682	8176.12
10	8	8439.614	8176.3296
10	9	8446.899	8172.6406
10	10	8434.583	8179.506
10	11	8437.811	8172.6597
10	12	8454.134	8176.198
10	13	8430.101	8176.1313
10	14	8456.68	8173.084
10	15	8430.076	8172.68
10	16	8458.899	8180.078
10	17	8427.537	8185.391
10	18	8461.024	8176.1626
10	19	8452.326	8150.3726
10	20	8441.331	8148.3755
10	21	8412.739	8188.6206
10	22	8441.514	8147.548
10	23	8419.112	8204.169
10	24	8408.97	8191.876
10	25	8410.204	8200.66
10	26	8405.289	8190.182
10	27	8416.4	8211.301
10	28	8406.528	8199.434
10	29	8426.022	8140.691
10	30	8407.887	8206.586
10	31	8445.505	8134.365
10	32	8440.193	8133.533
10	33	8424.281	8132.588
10	34	8419.714	8230.128
10	35	8401.817	8139.859
10	36	8504.75	8180.4126
10	37	8489.675	8129.5586
10	38	8378.073	8154.837
10	39	8376.029	8158.035
10	40	8478.769	8116.1455
10	41	8432.774	8107.706
10	42	8499.003	8132.533
11	1	8427.655	8180.2153
11	2	8413.661	8179.2354
11	3	8377.345	8161.423
11	4	8369.56	8161.3247
11	5	8482.54	8135.8594
11	6	8443.544	8179.591
11	7	8446.676	8176.1265
11	8	8439.614	8176.332
11	9	8446.896	8172.6357
11	10	8434.576	8179.503
11	11	8437.802	8172.6606
11	12	8454.131	8176.198
11	13	8430.103	8176.1333
11	14	8456.674	8173.0845
11	15	8430.071	8172.6772
11	16	8458.47	8180.0713
11	17	8427.537	8185.392
11	18	8460.914	8176.1636
11	19	8452.326	8150.3726
11	20	8441.1875	8148.372
11	21	8412.989	8189.448
11	22	8441.379	8147.5557
11	23	8419.242	8205.199
11	24	8408.97	8191.876
11	25	8410.204	8200.66
11	26	8405.289	8190.182
11	27	8416.579	8212.392
11	28	8406.528	8199.434
11	29	8426.022	8140.691
11	30	8407.886	8206.588
11	31	8445.505	8134.365
11	32	8440.193	8133.533
11	33	8424.281	8132.588
11	34	8419.925	8231.333
11	35	8401.817	8139.859
11	36	8503.749	8180.4062
11	37	8489.675	8129.5586
11	38	8378.342	8154.8423
11	39	8376.441	8158.017
11	40	8478.769	8116.1455
11	41	8432.774	8107.706
11	42	8499.003	8132.533
12	1	8427.656	8180.215
12	2	8414.074	8179.8726
12	3	8377.528	8161.422
12	4	8369.647	8161.3306
12	5	8482.384	8135.852
12	6	8443.544	8179.591
12	7	8446.674	8176.123
12	8	8439.619	8176.3315
12	9	8446.899	8172.641
12	10	8434.582	8179.503
12	11	8437.808	8172.6577
12	12	8454.131	8176.1978
12	13	8430.104	8176.133
12	14	8456.68	8173.084
12	15	8430.066	8172.678
12	16	8458.064	8180.0645
12	17	8427.536	8185.3945
12	18	8460.828	8176.166
12	19	8452.326	8150.3726
12	20	8441.055	8148.3696
12	21	8413.227	8190.2944
12	22	8441.253	8147.5537
12	23	8419.381	8206.158
12	24	8408.97	8191.876
12	25	8410.204	8200.66
12	26	8405.289	8190.182
12	27	8416.777	8213.64
12	28	8406.528	8199.434
12	29	8426.022	8140.691
12	30	8407.894	8206.6045
12	31	8445.505	8134.365
12	32	8440.193	8133.533
12	33	8424.281	8132.588
12	34	8420.112	8232.513
12	35	8401.817	8139.859
12	36	8502.688	8180.4053
12	37	8489.675	8129.5586
12	38	8378.628	8154.8184
12	39	8376.812	8158.0273
12	40	8478.769	8116.1455
12	41	8432.774	8107.706
12	42	8499.003	8132.533
13	1	8427.656	8180.2124
13	2	8414.474	8180.5327
13	3	8377.778	8161.4185
13	4	8369.782	8161.3413
13	5	8482.234	8135.854
13	6	8443.544	8179.591
13	7	8446.68	8176.1245
13	8	8439.669	8176.3276
13	9	8446.894	8172.6396
13	10	8434.581	8179.502
13	11	8437.801	8172.6587
13	12	8454.128	8176.1978
13	13	8430.107	8176.131
13	14	8456.679	8173.084
13	15	8430.071	8172.6787
13	16	8457.706	8180.0527
13	17	8427.536	8185.3984
13	18	8460.745	8176.1685
13	19	8452.326	8150.3726
13	20	8440.906	8148.381
13	21	8413.444	8191.136
13	22	8441.103	8147.5405
13	23	8419.52	8207.203
13	24	8408.97	8191.876
13	25	8410.204	8200.66
13	26	8405.289	8190.182
13	27	8416.963	8214.762
13	28	8406.528	8199.434
13	29	8426.022	8140.691
13	30	8407.8955	8206.6045
13	31	8445.505	8134.365
13	32	8440.193	8133.533
13	33	8424.281	8132.588
13	34	8420.301	8233.752
13	35	8401.817	8139.859
13	36	8501.668	8180.399
13	37	8489.675	8129.5586
13	38	8378.964	8154.8223
13	39	8377.235	8158.038
13	40	8478.769	8116.1455
13	41	8432.774	8107.706
13	42	8499.003	8132.533
14	1	8427.659	8180.215
14	2	8414.845	8181.1904
14	3	8378.044	8161.41
14	4	8369.893	8161.343
14	5	8482.078	8135.853
14	6	8443.544	8179.591
14	7	8446.687	8176.1284
14	8	8439.621	8176.3315
14	9	8446.899	8172.638
14	10	8434.578	8179.5034
14	11	8437.801	8172.6597
14	12	8454.127	8176.1978
14	13	8430.1045	8176.132
14	14	8456.678	8173.0854
14	15	8430.071	8172.68
14	16	8457.318	8180.05
14	17	8427.534	8185.397
14	18	8460.673	8176.1704
14	19	8452.326	8150.3726
14	20	8440.772	8148.379
14	21	8413.648	8192.009
14	22	8440.973	8147.5435
14	23	8419.679	8208.26
14	24	8408.97	8191.876
14	25	8410.204	8200.66
14	26	8405.289	8190.182
14	27	8417.173	8216.016
14	28	8406.528	8199.434
14	30	8407.888	8206.595
14	31	8445.505	8134.365
14	32	8440.193	8133.533
14	33	8424.281	8132.588
14	35	8401.817	8139.859
14	36	8500.706	8180.3955
14	37	8489.675	8129.5586
14	38	8379.264	8154.846
14	39	8377.696	8158.0464
14	40	8478.769	8116.1455
14	41	8432.774	8107.706
14	42	8499.003	8132.533
14	43	8426.097	8140.741
15	1	8427.66	8180.2153
15	2	8415.209	8181.8516
15	3	8378.289	8161.41
15	4	8370.056	8161.334
15	5	8481.93	8135.86
15	6	8443.544	8179.591
15	7	8446.687	8176.1265
15	8	8439.619	8176.3315
15	9	8446.901	8172.6333
15	10	8434.578	8179.5024
15	11	8437.797	8172.663
15	12	8454.128	8176.1978
15	13	8430.105	8176.133
15	14	8456.68	8173.0874
15	15	8430.07	8172.678
15	16	8456.983	8180.0425
15	17	8427.538	8185.396
15	18	8460.615	8176.1685
15	19	8452.326	8150.3726
15	20	8440.645	8148.3677
15	21	8413.844	8192.896
15	22	8440.828	8147.5396
15	23	8419.806	8209.242
15	24	8408.97	8191.876
15	25	8410.204	8200.66
15	26	8405.289	8190.182
15	27	8417.354	8217.203
15	28	8406.528	8199.434
15	30	8407.892	8206.602
15	31	8445.505	8134.365
15	32	8440.193	8133.533
15	33	8424.281	8132.588
15	35	8401.817	8139.859
15	36	8499.732	8180.3926
15	37	8489.675	8129.5586
15	38	8379.574	8154.8276
15	39	8378.165	8158.056
15	40	8478.769	8116.1455
15	41	8432.774	8107.706
15	42	8499.003	8132.533
15	43	8426.097	8140.741
16	1	8427.659	8180.2173
16	2	8415.566	8182.5312
16	3	8378.599	8161.41
16	4	8370.1875	8161.342
16	5	8481.778	8135.8486
16	6	8443.544	8179.591
16	7	8446.682	8176.123
16	8	8439.628	8176.329
16	9	8446.896	8172.6387
16	10	8434.575	8179.5034
16	11	8437.805	8172.6646
16	12	8454.128	8176.1987
16	13	8430.105	8176.132
16	14	8456.68	8173.0884
16	15	8430.07	8172.6797
16	16	8456.635	8180.032
16	17	8427.536	8185.3887
16	18	8460.573	8176.165
16	19	8452.326	8150.3726
16	20	8440.516	8148.3774
16	21	8414.025	8193.8
16	22	8440.701	8147.5405
16	23	8419.974	8210.329
16	24	8408.97	8191.876
16	25	8410.204	8200.66
16	26	8405.289	8190.182
16	27	8417.5625	8218.416
16	28	8406.528	8199.434
16	30	8407.887	8206.605
16	31	8445.505	8134.365
16	32	8440.193	8133.533
16	33	8424.281	8132.588
16	35	8401.817	8139.859
16	36	8498.795	8180.383
16	37	8489.675	8129.5586
16	38	8380.016	8154.8477
16	39	8378.635	8158.082
16	40	8478.769	8116.1455
16	41	8432.774	8107.706
16	42	8499.003	8132.533
16	43	8426.097	8140.741
17	1	8427.662	8180.2173
17	2	8415.919	8183.2256
17	3	8378.909	8161.416
17	4	8370.376	8161.3374
17	5	8481.628	8135.8394
17	6	8443.544	8179.591
17	7	8446.6875	8176.1226
17	8	8439.616	8176.3257
17	9	8446.899	8172.638
17	10	8434.581	8179.502
17	11	8437.798	8172.6567
17	12	8454.121	8176.197
17	13	8430.106	8176.133
17	14	8456.677	8173.088
17	15	8430.068	8172.679
17	16	8456.331	8180.0283
17	17	8427.542	8185.3833
17	18	8460.53	8176.163
17	19	8452.326	8150.3726
17	20	8440.381	8148.378
17	21	8414.193	8194.704
17	22	8440.57	8147.5386
17	23	8420.13	8211.387
17	24	8408.97	8191.876
17	25	8410.204	8200.66
17	26	8405.289	8190.182
17	27	8417.752	8219.612
17	28	8406.528	8199.434
17	30	8407.888	8206.61
17	31	8445.505	8134.365
17	32	8440.193	8133.533
17	33	8424.281	8132.588
17	35	8401.817	8139.859
17	36	8497.901	8180.373
17	37	8489.675	8129.5586
17	38	8380.417	8154.861
17	39	8379.162	8158.095
17	40	8478.769	8116.1455
17	41	8432.774	8107.706
17	42	8499.003	8132.533
17	43	8426.097	8140.741
18	1	8427.673	8180.215
18	2	8416.261	8183.9336
18	3	8379.214	8161.4224
18	4	8370.542	8161.3403
18	5	8481.481	8135.839
18	6	8443.544	8179.591
18	7	8446.685	8176.1235
18	8	8439.614	8176.331
18	9	8446.896	8172.638
18	10	8434.582	8179.5044
18	11	8437.798	8172.657
18	12	8454.132	8176.1973
18	13	8430.105	8176.1304
18	14	8456.679	8173.0903
18	15	8430.063	8172.6797
18	16	8456.027	8180.02
18	17	8427.543	8185.3887
18	18	8460.501	8176.1616
18	19	8452.326	8150.3726
18	20	8440.246	8148.373
18	21	8414.359	8195.644
18	22	8440.425	8147.527
18	23	8420.306	8212.464
18	24	8408.97	8191.876
18	25	8410.204	8200.66
18	26	8405.289	8190.182
18	27	8417.965	8220.836
18	28	8406.528	8199.434
18	30	8407.889	8206.588
18	31	8445.505	8134.365
18	32	8440.193	8133.533
18	33	8424.281	8132.588
18	35	8401.817	8139.859
18	36	8496.976	8180.3564
18	37	8489.675	8129.5586
18	38	8380.814	8154.869
18	39	8379.69	8158.1177
18	40	8478.769	8116.1455
18	41	8432.774	8107.706
18	42	8499.003	8132.533
18	43	8426.097	8140.741
19	1	8427.664	8180.218
19	2	8416.58	8184.6323
19	3	8379.576	8161.4233
19	4	8370.794	8161.33
19	5	8481.328	8135.8296
19	6	8443.544	8179.591
19	7	8446.681	8176.124
19	8	8439.62	8176.3306
19	9	8446.9	8172.636
19	10	8434.585	8179.5034
19	11	8437.801	8172.655
19	12	8454.13	8176.1987
19	13	8430.104	8176.1333
19	14	8456.672	8173.0894
19	15	8430.065	8172.679
19	16	8455.759	8180.0186
19	17	8427.54	8185.3965
19	18	8460.474	8176.1577
19	19	8452.326	8150.3726
19	20	8440.106	8148.371
19	21	8414.532	8196.598
19	22	8440.281	8147.529
19	23	8420.477	8213.556
19	24	8408.97	8191.876
19	25	8410.204	8200.66
19	26	8405.289	8190.182
19	27	8418.179	8222.079
19	28	8406.528	8199.434
19	30	8407.89	8206.597
19	31	8445.505	8134.365
19	32	8440.193	8133.533
19	33	8424.281	8132.588
19	35	8401.817	8139.859
19	36	8496.009	8180.3447
19	37	8489.675	8129.5586
19	38	8381.242	8154.8604
19	39	8380.265	8158.1294
19	41	8432.774	8107.706
19	42	8499.003	8132.533
19	43	8426.097	8140.741
19	53	8478.776	8116.3535
20	1	8427.662	8180.2153
20	2	8416.888	8185.33
20	3	8379.979	8161.424
20	4	8371.026	8161.32
20	5	8481.163	8135.815
20	6	8443.544	8179.591
20	7	8446.683	8176.1157
20	8	8439.627	8176.33
20	9	8446.9	8172.637
20	10	8434.593	8179.501
20	11	8437.801	8172.656
20	12	8454.133	8176.1987
20	13	8430.106	8176.134
20	14	8456.673	8173.09
20	15	8430.067	8172.6777
20	16	8455.507	8180.0103
20	17	8427.537	8185.3975
20	18	8460.45	8176.1587
20	19	8452.326	8150.3726
20	20	8439.976	8148.354
20	21	8414.684	8197.549
20	22	8440.154	8147.531
20	23	8420.637	8214.59
20	24	8408.97	8191.876
20	25	8410.204	8200.66
20	26	8405.289	8190.182
20	27	8418.39	8223.375
20	28	8406.528	8199.434
20	30	8407.889	8206.592
20	31	8445.505	8134.365
20	32	8440.193	8133.533
20	33	8424.281	8132.588
20	35	8401.817	8139.859
20	36	8495.119	8180.34
20	37	8489.675	8129.5586
20	38	8381.748	8154.8657
20	39	8380.856	8158.1504
20	41	8432.774	8107.706
20	42	8499.003	8132.533
20	43	8426.097	8140.741
20	53	8478.776	8116.3535
21	1	8427.655	8180.217
21	2	8417.186	8186.038
21	3	8380.391	8161.424
21	4	8371.292	8161.335
21	5	8481.002	8135.851
21	6	8443.544	8179.5913
21	7	8446.682	8176.1196
21	8	8439.612	8176.3306
21	9	8446.896	8172.6377
21	10	8434.596	8179.5024
21	11	8437.797	8172.656
21	12	8454.134	8176.1997
21	13	8430.106	8176.136
21	14	8456.673	8173.089
21	15	8430.06	8172.6763
21	16	8455.273	8180.005
21	17	8427.54	8185.399
21	18	8460.434	8176.1567
21	19	8452.326	8150.3726
21	20	8439.849	8148.3354
21	21	8414.84	8198.502
21	22	8440.015	8147.5244
21	23	8420.808	8215.681
21	24	8408.97	8191.876
21	25	8410.204	8200.66
21	26	8405.289	8190.182
21	27	8418.598	8224.604
21	28	8406.528	8199.434
21	30	8407.886	8206.585
21	31	8445.505	8134.365
21	32	8440.193	8133.533
21	33	8424.281	8132.588
21	35	8401.817	8139.859
21	36	8494.189	8180.3306
21	37	8489.675	8129.5586
21	38	8382.245	8154.865
21	39	8381.523	8158.1553
21	41	8432.774	8107.706
21	42	8499.003	8132.533
21	43	8426.097	8140.741
21	53	8478.776	8116.3535
22	1	8427.661	8180.2144
22	2	8417.475	8186.758
22	3	8380.818	8161.4204
22	4	8371.545	8161.336
22	5	8480.848	8135.8413
22	6	8443.544	8179.5913
22	7	8446.681	8176.1187
22	8	8439.607	8176.328
22	9	8446.898	8172.6367
22	10	8434.593	8179.5034
22	11	8437.795	8172.6577
22	12	8454.14	8176.199
22	13	8430.104	8176.1343
22	14	8456.671	8173.089
22	15	8430.0625	8172.678
22	16	8455.042	8179.999
22	17	8427.535	8185.396
22	18	8460.425	8176.157
22	19	8452.326	8150.3726
22	20	8439.708	8148.3384
22	21	8415.018	8199.519
22	22	8439.89	8147.5264
22	23	8420.975	8216.741
22	24	8408.97	8191.876
22	25	8410.204	8200.66
22	26	8405.289	8190.182
22	27	8418.804	8225.887
22	28	8406.528	8199.434
22	30	8407.887	8206.591
22	31	8445.505	8134.365
22	32	8440.193	8133.533
22	33	8424.281	8132.588
22	35	8401.817	8139.859
22	36	8493.223	8180.315
22	37	8489.675	8129.5586
22	38	8382.727	8154.8677
22	39	8382.192	8158.1675
22	41	8432.774	8107.706
22	42	8499.003	8132.533
22	43	8426.097	8140.741
22	53	8478.776	8116.3535
23	1	8427.658	8180.2134
23	2	8417.776	8187.498
23	3	8381.301	8161.416
23	4	8371.822	8161.333
23	5	8480.713	8135.867
23	6	8443.544	8179.5913
23	7	8446.677	8176.119
23	8	8439.612	8176.3306
23	9	8446.902	8172.6406
23	10	8434.586	8179.5044
23	11	8437.803	8172.66
23	12	8454.13	8176.196
23	13	8430.106	8176.131
23	14	8456.673	8173.089
23	15	8430.054	8172.678
23	16	8454.847	8179.9946
23	17	8427.539	8185.391
23	18	8460.406	8176.159
23	19	8452.326	8150.3726
23	20	8439.581	8148.3354
23	21	8415.163	8200.507
23	22	8439.75	8147.5317
23	23	8421.154	8217.858
23	24	8408.97	8191.876
23	25	8410.204	8200.66
23	26	8405.289	8190.182
23	27	8419.023	8227.164
23	28	8406.528	8199.434
23	30	8407.891	8206.594
23	31	8445.505	8134.365
23	32	8440.193	8133.533
23	33	8424.281	8132.588
23	35	8401.817	8139.859
23	36	8492.307	8180.3027
23	37	8489.675	8129.5586
23	38	8383.214	8154.871
23	39	8382.886	8158.173
23	41	8432.774	8107.706
23	42	8499.003	8132.533
23	43	8426.097	8140.741
23	53	8478.776	8116.3535
24	1	8427.65	8180.215
24	2	8418.054	8188.2046
24	3	8381.745	8161.4136
24	4	8372.128	8161.3364
24	5	8480.533	8135.8457
24	6	8443.544	8179.5913
24	7	8446.674	8176.123
24	8	8439.628	8176.3267
24	9	8446.8955	8172.636
24	10	8434.589	8179.5005
24	11	8437.806	8172.658
24	12	8454.13	8176.197
24	13	8430.11	8176.1333
24	14	8456.677	8173.0894
24	15	8430.057	8172.6807
24	16	8454.652	8179.9917
24	17	8427.542	8185.389
24	18	8460.4	8176.157
24	19	8452.326	8150.3726
24	20	8439.442	8148.3345
24	21	8415.32	8201.496
24	22	8439.611	8147.524
24	23	8421.323	8218.947
24	24	8408.97	8191.876
24	25	8410.204	8200.66
24	26	8405.289	8190.182
24	27	8419.234	8228.407
24	28	8406.528	8199.434
24	30	8407.89	8206.56
24	31	8445.505	8134.365
24	32	8440.193	8133.533
24	33	8424.281	8132.588
24	35	8401.817	8139.859
24	36	8491.43	8180.293
24	37	8489.675	8129.5586
24	38	8383.71	8154.8765
24	39	8383.616	8158.1953
24	41	8432.774	8107.706
24	42	8499.003	8132.533
24	43	8426.097	8140.741
24	53	8478.776	8116.3535
25	1	8427.665	8180.2124
25	2	8418.327	8188.9604
25	3	8382.237	8161.411
25	4	8372.448	8161.337
25	5	8480.386	8135.8604
25	6	8443.544	8179.5913
25	7	8446.662	8176.1274
25	8	8439.618	8176.331
25	9	8446.895	8172.641
25	10	8434.588	8179.503
25	11	8437.843	8172.6606
25	12	8454.131	8176.1963
25	13	8430.112	8176.134
25	14	8456.68	8173.09
25	15	8430.059	8172.6797
25	16	8454.488	8179.9883
25	17	8427.542	8185.3975
25	18	8460.403	8176.157
25	19	8452.326	8150.3726
25	20	8439.308	8148.329
25	21	8415.474	8202.538
25	22	8439.474	8147.5137
25	23	8421.507	8220.08
25	24	8408.97	8191.876
25	25	8410.204	8200.66
25	26	8405.289	8190.182
25	27	8419.424	8229.714
25	28	8406.528	8199.434
25	30	8407.882	8206.594
25	31	8445.505	8134.365
25	32	8440.193	8133.533
25	33	8424.281	8132.588
25	35	8401.817	8139.859
25	36	8490.512	8180.2817
25	37	8489.675	8129.5586
25	38	8384.237	8154.8813
25	39	8384.37	8158.2007
25	41	8432.774	8107.706
25	42	8499.003	8132.533
25	43	8426.097	8140.741
25	53	8478.776	8116.3535
26	1	8427.66	8180.2134
26	2	8418.586	8189.6626
26	3	8382.76	8161.4175
26	4	8372.782	8161.345
26	5	8480.239	8135.8667
26	6	8443.544	8179.5913
26	7	8446.667	8176.125
26	8	8439.628	8176.325
26	9	8446.902	8172.637
26	10	8434.591	8179.503
26	11	8437.799	8172.6562
26	12	8454.133	8176.1978
26	13	8430.106	8176.1323
26	14	8456.674	8173.0884
26	15	8430.056	8172.681
26	16	8454.328	8179.984
26	17	8427.534	8185.4
26	18	8460.394	8176.1587
26	19	8452.326	8150.3726
26	20	8439.169	8148.326
26	21	8415.61	8203.562
26	22	8439.348	8147.514
26	23	8421.693	8221.1875
26	24	8408.97	8191.876
26	25	8410.204	8200.66
26	26	8405.289	8190.182
26	27	8419.62	8231.025
26	28	8406.528	8199.434
26	30	8407.869	8206.551
26	31	8445.505	8134.365
26	32	8440.193	8133.533
26	33	8424.281	8132.588
26	35	8401.817	8139.859
26	36	8489.684	8180.2725
26	37	8489.675	8129.5586
26	38	8384.794	8154.8916
26	39	8385.196	8158.227
26	41	8432.774	8107.706
26	42	8499.003	8132.533
26	43	8426.097	8140.741
26	53	8478.776	8116.3535
27	1	8427.65	8180.2173
27	2	8418.871	8190.4385
27	3	8383.246	8161.4224
27	4	8373.148	8161.339
27	5	8480.077	8135.881
27	6	8443.544	8179.5913
27	7	8446.663	8176.1304
27	8	8439.615	8176.3257
27	9	8446.904	8172.639
27	10	8434.59	8179.5044
27	11	8437.82	8172.6577
27	12	8454.132	8176.194
27	13	8430.109	8176.1353
27	14	8456.673	8173.0874
27	15	8430.055	8172.677
27	16	8454.181	8179.981
27	17	8427.541	8185.4033
27	18	8460.3955	8176.1567
27	19	8452.326	8150.3726
27	20	8439.032	8148.3335
27	21	8415.762	8204.566
27	22	8439.201	8147.5234
27	23	8421.869	8222.315
27	24	8408.97	8191.876
27	25	8410.204	8200.66
27	26	8405.289	8190.182
27	27	8419.75	8232.311
27	28	8406.528	8199.434
27	30	8407.874	8206.532
27	31	8445.505	8134.365
27	32	8440.193	8133.533
27	33	8424.281	8132.588
27	35	8401.817	8139.859
27	36	8488.822	8180.2563
27	37	8489.675	8129.5586
27	38	8385.347	8154.8896
27	39	8386.029	8158.24
27	41	8432.774	8107.706
27	42	8499.003	8132.533
27	43	8426.097	8140.741
27	53	8478.776	8116.3535
28	1	8427.652	8180.217
28	2	8419.13	8191.1763
28	3	8383.837	8161.4224
28	4	8373.533	8161.3335
28	5	8479.89	8135.889
28	6	8443.544	8179.5913
28	7	8446.659	8176.126
28	8	8439.621	8176.328
28	9	8446.897	8172.638
28	10	8434.592	8179.5044
28	11	8437.803	8172.6567
28	12	8454.131	8176.1953
28	13	8430.109	8176.1353
28	14	8456.671	8173.0894
28	15	8430.055	8172.68
28	16	8454.045	8179.9775
28	17	8427.539	8185.402
28	18	8460.396	8176.1533
28	19	8452.326	8150.3726
28	20	8438.8955	8148.338
28	21	8415.929	8205.667
28	22	8439.075	8147.535
28	23	8422.072	8223.438
28	24	8408.97	8191.876
28	25	8410.204	8200.66
28	26	8405.289	8190.182
28	27	8419.867	8233.72
28	28	8406.528	8199.434
28	30	8407.879	8206.562
28	31	8445.505	8134.365
28	32	8440.193	8133.533
28	33	8424.281	8132.588
28	35	8401.817	8139.859
28	36	8487.966	8180.2246
28	37	8489.675	8129.5586
28	38	8385.926	8154.9004
28	39	8386.86	8158.2676
28	41	8432.774	8107.706
28	42	8499.003	8132.533
28	43	8426.097	8140.741
28	52	8372.005	8154.7144
28	53	8478.776	8116.3535
29	1	8427.659	8180.217
29	2	8419.367	8191.9
29	3	8384.396	8161.4546
29	4	8374.013	8161.323
29	5	8479.736	8135.8896
29	6	8443.544	8179.5913
29	7	8446.659	8176.1284
29	8	8439.624	8176.3315
29	9	8446.895	8172.6406
29	10	8434.593	8179.504
29	11	8437.804	8172.6514
29	12	8454.128	8176.196
29	13	8430.108	8176.133
29	14	8456.677	8173.0874
29	15	8430.056	8172.6816
29	16	8453.927	8179.9736
29	17	8427.545	8185.403
29	18	8460.398	8176.155
29	19	8452.326	8150.3726
29	20	8438.794	8148.348
29	21	8416.061	8206.699
29	22	8438.944	8147.522
29	23	8422.255	8224.588
29	24	8408.97	8191.876
29	25	8410.204	8200.66
29	26	8405.289	8190.182
29	28	8406.528	8199.434
29	30	8407.881	8206.563
29	31	8445.505	8134.365
29	32	8440.193	8133.533
29	33	8424.281	8132.588
29	35	8401.817	8139.859
29	36	8487.12	8180.2085
29	37	8489.675	8129.5586
29	38	8386.502	8154.896
29	39	8387.762	8158.2725
29	41	8432.774	8107.706
29	42	8499.003	8132.533
29	43	8426.097	8140.741
29	52	8372.401	8154.7017
29	53	8478.776	8116.3535
30	1	8427.652	8180.217
30	2	8419.619	8192.63
30	3	8384.975	8161.435
30	4	8374.475	8161.2993
30	5	8479.577	8135.909
30	6	8443.544	8179.5913
30	7	8446.651	8176.124
30	8	8439.632	8176.3286
30	9	8446.896	8172.639
30	10	8434.59	8179.501
30	11	8437.809	8172.6504
30	12	8454.121	8176.197
30	13	8430.108	8176.1333
30	14	8456.678	8173.0874
30	15	8430.057	8172.6816
30	16	8453.804	8179.969
30	17	8427.536	8185.401
30	18	8460.396	8176.1426
30	19	8452.326	8150.3726
30	20	8438.637	8148.336
30	21	8416.221	8207.765
30	22	8438.809	8147.524
30	23	8422.431	8225.645
30	24	8408.97	8191.876
30	25	8410.204	8200.66
30	26	8405.289	8190.182
30	28	8406.528	8199.434
30	30	8407.885	8206.568
30	31	8445.505	8134.365
30	32	8440.193	8133.533
30	33	8424.281	8132.588
30	35	8401.817	8139.859
30	36	8486.276	8180.1973
30	37	8489.675	8129.5586
30	38	8387.069	8154.8916
30	39	8388.669	8158.289
30	41	8432.774	8107.706
30	42	8499.003	8132.533
30	43	8426.097	8140.741
30	52	8372.764	8154.707
30	53	8478.776	8116.3535
31	1	8427.653	8180.2163
31	2	8419.868	8193.362
31	3	8385.5625	8161.4766
31	4	8374.977	8161.3066
31	5	8479.429	8135.9375
31	6	8443.544	8179.5913
31	7	8446.654	8176.122
31	8	8439.614	8176.3257
31	9	8446.898	8172.633
31	10	8434.592	8179.5015
31	11	8437.809	8172.659
31	12	8454.128	8176.1973
31	13	8430.109	8176.1323
31	14	8456.673	8173.0864
31	15	8430.047	8172.68
31	16	8453.693	8179.9746
31	17	8427.536	8185.4053
31	18	8460.3955	8176.147
31	19	8452.326	8150.3726
31	20	8438.5	8148.3403
31	21	8416.4	8208.889
31	22	8438.693	8147.534
31	23	8422.6045	8226.784
31	24	8408.97	8191.876
31	25	8410.204	8200.66
31	26	8405.289	8190.182
31	28	8406.528	8199.434
31	30	8407.889	8206.595
31	31	8445.505	8134.365
31	32	8440.193	8133.533
31	33	8424.281	8132.588
31	35	8401.817	8139.859
31	36	8485.426	8180.1743
31	37	8489.675	8129.5586
31	38	8387.687	8154.893
31	39	8389.633	8158.286
31	41	8432.774	8107.706
31	42	8499.003	8132.533
31	43	8426.097	8140.741
31	52	8373.174	8154.6978
31	53	8478.776	8116.3535
32	1	8427.648	8180.2144
32	2	8420.105	8194.082
32	3	8386.222	8161.492
32	4	8375.4795	8161.2954
32	5	8479.277	8135.9263
32	6	8443.544	8179.5913
32	7	8446.654	8176.12
32	8	8439.616	8176.3306
32	9	8446.905	8172.64
32	10	8434.588	8179.5034
32	11	8437.81	8172.6567
32	12	8454.13	8176.196
32	13	8430.105	8176.1353
32	14	8456.672	8173.089
32	15	8430.048	8172.68
32	16	8453.579	8179.966
32	17	8427.537	8185.404
32	18	8460.393	8176.1494
32	19	8452.326	8150.3726
32	20	8438.377	8148.339
32	21	8416.577	8210.032
32	22	8438.558	8147.5244
32	23	8422.808	8227.957
32	24	8408.97	8191.876
32	25	8410.204	8200.66
32	26	8405.289	8190.182
32	28	8406.528	8199.434
32	30	8407.887	8206.592
32	31	8445.505	8134.365
32	32	8440.193	8133.533
32	33	8424.281	8132.588
32	35	8401.817	8139.859
32	36	8484.664	8180.165
32	37	8489.675	8129.5586
32	38	8388.289	8154.88
32	39	8390.586	8158.304
32	41	8432.774	8107.706
32	42	8499.003	8132.533
32	43	8426.097	8140.741
32	52	8373.628	8154.716
32	53	8478.776	8116.3535
33	1	8427.646	8180.216
33	2	8420.341	8194.8125
33	3	8386.869	8161.5093
33	4	8375.993	8161.291
33	5	8479.136	8135.944
33	6	8443.544	8179.592
33	7	8446.66	8176.122
33	8	8439.622	8176.323
33	9	8446.903	8172.639
33	10	8434.587	8179.502
33	11	8437.807	8172.661
33	12	8454.131	8176.1953
33	13	8430.108	8176.134
33	14	8456.679	8173.0894
33	15	8430.041	8172.677
33	16	8453.487	8179.9644
33	17	8427.538	8185.408
33	18	8460.398	8176.149
33	19	8452.326	8150.3726
33	20	8438.245	8148.3306
33	21	8416.731	8211.127
33	22	8438.417	8147.5254
33	24	8408.97	8191.876
33	25	8410.204	8200.66
33	26	8405.289	8190.182
33	28	8406.528	8199.434
33	30	8407.885	8206.606
33	31	8445.505	8134.365
33	32	8440.193	8133.533
33	33	8424.281	8132.588
33	35	8401.817	8139.859
33	36	8483.837	8180.143
33	37	8489.675	8129.5586
33	38	8388.938	8154.8833
33	39	8391.564	8158.311
33	41	8432.774	8107.706
33	42	8499.003	8132.533
33	43	8426.097	8140.741
33	52	8374.041	8154.7217
33	53	8478.776	8116.3535
34	1	8427.644	8180.2173
34	2	8420.581	8195.553
34	3	8387.525	8161.5186
34	4	8376.526	8161.285
34	5	8478.986	8135.964
34	6	8443.544	8179.5913
34	7	8446.661	8176.125
34	8	8439.61	8176.326
34	9	8446.897	8172.6304
34	10	8434.591	8179.5054
34	11	8437.805	8172.6646
34	12	8454.13	8176.1934
34	13	8430.108	8176.1313
34	14	8456.682	8173.0884
34	15	8430.043	8172.6807
34	16	8453.396	8179.9624
34	17	8427.537	8185.4033
34	18	8460.397	8176.1475
34	19	8452.326	8150.3726
34	20	8438.107	8148.3486
34	21	8416.909	8212.253
34	22	8438.278	8147.525
34	24	8408.97	8191.876
34	25	8410.204	8200.66
34	26	8405.289	8190.182
34	28	8406.528	8199.434
34	30	8407.884	8206.614
34	31	8445.505	8134.365
34	32	8440.193	8133.533
34	33	8424.281	8132.588
34	35	8401.817	8139.859
34	36	8483.058	8180.1206
34	37	8489.675	8129.5586
34	38	8389.62	8154.896
34	39	8392.586	8158.3076
34	41	8432.774	8107.706
34	42	8499.003	8132.533
34	43	8426.097	8140.741
34	52	8374.535	8154.711
34	53	8478.776	8116.3535
35	1	8427.639	8180.2183
35	2	8420.816	8196.29
35	3	8388.262	8161.5376
35	4	8377.08	8161.2866
35	5	8478.835	8135.9756
35	6	8443.544	8179.5913
35	7	8446.654	8176.128
35	8	8439.612	8176.325
35	9	8446.897	8172.6387
35	10	8434.589	8179.5044
35	11	8437.799	8172.661
35	12	8454.137	8176.195
35	13	8430.108	8176.133
35	14	8456.68	8173.092
35	15	8430.04	8172.679
35	16	8453.316	8179.963
35	17	8427.539	8185.4097
35	18	8460.4	8176.1543
35	19	8452.326	8150.3726
35	20	8437.988	8148.3496
35	21	8417.095	8213.448
35	22	8438.142	8147.5225
35	24	8408.97	8191.876
35	25	8410.204	8200.66
35	26	8405.289	8190.182
35	28	8406.528	8199.434
35	30	8407.8955	8206.61
35	31	8445.505	8134.365
35	32	8440.193	8133.533
35	33	8424.281	8132.588
35	35	8401.817	8139.859
35	36	8482.275	8180.1055
35	37	8489.675	8129.5586
35	38	8390.315	8154.884
35	39	8393.627	8158.3203
35	41	8432.774	8107.706
35	42	8499.003	8132.533
35	43	8426.097	8140.741
35	52	8375.097	8154.719
35	53	8478.776	8116.3535
36	1	8427.637	8180.2207
36	2	8421.045	8197.018
36	3	8389.002	8161.551
36	4	8377.634	8161.2817
36	5	8478.698	8135.9795
36	6	8443.544	8179.5913
36	7	8446.681	8176.1265
36	8	8439.606	8176.321
36	9	8446.9	8172.6387
36	10	8434.591	8179.5063
36	11	8437.797	8172.6616
36	12	8454.139	8176.1963
36	13	8430.106	8176.134
36	14	8456.68	8173.0933
36	15	8430.041	8172.6787
36	16	8453.232	8179.9634
36	17	8427.54	8185.406
36	18	8460.392	8176.153
36	19	8452.326	8150.3726
36	20	8437.863	8148.368
36	21	8417.266	8214.618
36	22	8438.003	8147.532
36	24	8408.97	8191.876
36	25	8410.204	8200.66
36	26	8405.289	8190.182
36	28	8406.528	8199.434
36	30	8407.891	8206.504
36	31	8445.505	8134.365
36	32	8440.193	8133.533
36	33	8424.281	8132.588
36	35	8401.817	8139.859
36	36	8481.54	8180.0903
36	37	8489.675	8129.5586
36	38	8391.037	8154.85
36	39	8394.673	8158.339
36	41	8432.774	8107.706
36	42	8499.003	8132.533
36	43	8426.097	8140.741
36	52	8375.586	8154.717
36	53	8478.776	8116.3535
37	1	8427.63	8180.2217
37	2	8421.263	8197.703
37	3	8389.715	8161.561
37	4	8378.24	8161.284
37	5	8478.535	8135.991
37	6	8443.544	8179.5913
37	7	8446.676	8176.125
37	8	8439.612	8176.326
37	9	8446.901	8172.64
37	10	8434.591	8179.5044
37	11	8437.793	8172.6626
37	12	8454.132	8176.198
37	13	8430.104	8176.1367
37	14	8456.678	8173.091
37	15	8430.04	8172.6777
37	16	8453.153	8179.961
37	17	8427.536	8185.4062
37	18	8460.393	8176.1523
37	19	8452.326	8150.3726
37	20	8437.726	8148.3623
37	21	8417.46	8215.812
37	22	8437.87	8147.544
37	24	8408.97	8191.876
37	25	8410.204	8200.66
37	26	8405.289	8190.182
37	28	8406.528	8199.434
37	30	8407.88	8206.526
37	31	8445.505	8134.365
37	32	8440.193	8133.533
37	33	8424.281	8132.588
37	35	8401.817	8139.859
37	36	8480.812	8180.0713
37	37	8489.675	8129.5586
37	38	8391.72	8154.85
37	39	8395.729	8158.358
37	41	8432.774	8107.706
37	42	8499.003	8132.533
37	43	8426.097	8140.741
37	52	8376.106	8154.733
37	53	8478.776	8116.3535
38	1	8427.619	8180.2227
38	2	8421.488	8198.436
38	3	8390.418	8161.576
38	4	8378.851	8161.2793
38	5	8478.376	8135.996
38	6	8443.544	8179.5913
38	7	8446.666	8176.1226
38	8	8439.611	8176.3237
38	9	8446.902	8172.636
38	10	8434.594	8179.5034
38	11	8437.781	8172.662
38	12	8454.139	8176.1963
38	13	8430.1045	8176.1343
38	14	8456.674	8173.0903
38	15	8430.041	8172.6787
38	16	8453.074	8179.96
38	17	8427.542	8185.406
38	18	8460.387	8176.154
38	19	8452.326	8150.3726
38	20	8437.6045	8148.3726
38	21	8417.657	8217.016
38	22	8437.738	8147.5425
38	24	8408.97	8191.876
38	25	8410.204	8200.66
38	26	8405.289	8190.182
38	28	8406.528	8199.434
38	30	8407.878	8206.491
38	31	8445.505	8134.365
38	32	8440.193	8133.533
38	33	8424.281	8132.588
38	35	8401.817	8139.859
38	36	8480.088	8180.0566
38	37	8489.675	8129.5586
38	38	8392.358	8154.7964
38	39	8396.744	8158.402
38	41	8432.774	8107.706
38	42	8499.003	8132.533
38	43	8426.097	8140.741
38	52	8376.705	8154.7295
38	53	8478.776	8116.3535
39	1	8427.594	8180.2305
39	2	8421.707	8199.161
39	3	8391.176	8161.5913
39	4	8379.485	8161.2812
39	5	8478.2295	8136.0137
39	6	8443.544	8179.5913
39	7	8446.682	8176.12
39	8	8439.612	8176.3286
39	9	8446.9	8172.636
39	10	8434.588	8179.5073
39	11	8437.782	8172.6616
39	12	8454.142	8176.1963
39	13	8430.106	8176.1367
39	14	8456.68	8173.0923
39	15	8430.041	8172.6787
39	16	8453.004	8179.9595
39	17	8427.54	8185.406
39	18	8460.385	8176.156
39	19	8452.326	8150.3726
39	20	8437.477	8148.375
39	21	8417.842	8218.188
39	22	8437.603	8147.5557
39	24	8408.97	8191.876
39	25	8410.204	8200.66
39	26	8405.289	8190.182
39	28	8406.528	8199.434
39	30	8407.894	8206.574
39	31	8445.505	8134.365
39	32	8440.193	8133.533
39	33	8424.281	8132.588
39	35	8401.817	8139.859
39	36	8479.3955	8180.0444
39	37	8489.675	8129.5586
39	38	8393.155	8154.8203
39	39	8397.942	8158.3916
39	41	8432.774	8107.706
39	42	8499.003	8132.533
39	43	8426.097	8140.741
39	52	8377.255	8154.713
39	54	8478.791	8116.464
40	1	8427.572	8180.2354
40	2	8421.928	8199.894
40	3	8391.935	8161.609
40	4	8380.142	8161.28
40	5	8478.075	8136.037
40	6	8443.544	8179.591
40	7	8446.678	8176.122
40	8	8439.607	8176.3276
40	9	8446.89	8172.637
40	10	8434.589	8179.5044
40	11	8437.774	8172.661
40	12	8454.134	8176.196
40	13	8430.105	8176.1343
40	14	8456.678	8173.092
40	15	8430.035	8172.6787
40	16	8452.923	8179.9526
40	17	8427.546	8185.4023
40	18	8460.391	8176.1553
40	19	8452.326	8150.3726
40	20	8437.349	8148.381
40	21	8418.041	8219.42
40	22	8437.46	8147.5576
40	24	8408.97	8191.876
40	25	8410.204	8200.66
40	26	8405.289	8190.182
40	28	8406.528	8199.434
40	30	8407.892	8206.582
40	31	8445.505	8134.365
40	32	8440.193	8133.533
40	33	8424.281	8132.588
40	35	8401.817	8139.859
40	36	8478.661	8180.0293
40	37	8489.675	8129.5586
40	38	8393.826	8154.794
40	39	8398.972	8158.3726
40	41	8432.774	8107.706
40	42	8499.003	8132.533
40	43	8426.097	8140.741
40	52	8377.821	8154.737
40	54	8478.791	8116.464
41	1	8427.552	8180.241
41	2	8422.133	8200.57
41	3	8392.752	8161.6367
41	4	8380.82	8161.2817
41	5	8477.94	8136.058
41	6	8443.545	8179.5913
41	7	8446.673	8176.1255
41	8	8439.615	8176.3267
41	9	8446.896	8172.6387
41	10	8434.586	8179.502
41	11	8437.758	8172.6626
41	12	8454.138	8176.195
41	13	8430.102	8176.1343
41	14	8456.676	8173.0903
41	15	8430.031	8172.678
41	16	8452.845	8179.9517
41	17	8427.548	8185.402
41	18	8460.394	8176.1567
41	19	8452.326	8150.3726
41	20	8437.22	8148.3833
41	21	8418.232	8220.661
41	22	8437.349	8147.5674
41	24	8408.97	8191.876
41	25	8410.204	8200.66
41	26	8405.289	8190.182
41	28	8406.528	8199.434
41	30	8407.894	8206.59
41	31	8445.505	8134.365
41	32	8440.193	8133.533
41	33	8424.281	8132.588
41	35	8401.817	8139.859
41	36	8477.947	8180.011
41	37	8489.675	8129.5586
41	39	8399.935	8158.366
41	41	8432.774	8107.706
41	42	8499.003	8132.533
41	43	8426.097	8140.741
41	44	8379.598	8158.21
41	52	8378.369	8154.711
41	54	8478.791	8116.464
42	1	8427.507	8180.2476
42	2	8422.342	8201.278
42	3	8393.551	8161.655
42	4	8381.506	8161.276
42	5	8477.794	8136.076
42	6	8443.544	8179.5913
42	7	8446.676	8176.126
42	8	8439.614	8176.326
42	9	8446.896	8172.6353
42	10	8434.585	8179.5024
42	11	8437.748	8172.6597
42	12	8454.141	8176.194
42	13	8430.099	8176.133
42	14	8456.672	8173.0938
42	15	8430.026	8172.676
42	16	8452.771	8179.949
42	17	8427.55	8185.4014
42	18	8460.391	8176.1567
42	19	8452.326	8150.3726
42	20	8437.095	8148.386
42	21	8418.449	8221.9
42	22	8437.21	8147.5693
42	24	8408.97	8191.876
42	25	8410.204	8200.66
42	26	8405.289	8190.182
42	28	8406.528	8199.434
42	30	8407.896	8206.585
42	31	8445.505	8134.365
42	32	8440.193	8133.533
42	33	8424.281	8132.588
42	35	8401.817	8139.859
42	36	8477.265	8180.005
42	37	8489.675	8129.5586
42	41	8432.774	8107.706
42	42	8499.003	8132.533
42	43	8426.097	8140.741
42	44	8378.783	8158.2725
42	52	8378.948	8154.7114
42	54	8478.791	8116.464
43	1	8427.455	8180.2607
43	2	8422.557	8202.001
43	3	8394.342	8161.679
43	4	8382.184	8161.276
43	5	8477.65	8136.0986
43	6	8443.544	8179.5913
43	7	8446.684	8176.125
43	8	8439.599	8176.322
43	9	8446.898	8172.6377
43	10	8434.584	8179.502
43	11	8437.726	8172.6597
43	12	8454.133	8176.1963
43	13	8430.096	8176.1333
43	14	8456.678	8173.0938
43	15	8430.0205	8172.6743
43	16	8452.706	8179.946
43	17	8427.545	8185.401
43	18	8460.3955	8176.1587
43	19	8452.326	8150.3726
43	20	8436.972	8148.399
43	21	8418.669	8223.2
43	22	8437.074	8147.576
43	24	8408.97	8191.876
43	25	8410.204	8200.66
43	26	8405.289	8190.182
43	28	8406.528	8199.434
43	30	8407.898	8206.601
43	31	8445.505	8134.365
43	32	8440.193	8133.533
43	33	8424.281	8132.588
43	35	8401.817	8139.859
43	36	8476.624	8179.995
43	37	8489.675	8129.5586
43	41	8432.774	8107.706
43	42	8499.003	8132.533
43	43	8426.097	8140.741
43	44	8379.622	8158.2583
43	52	8379.592	8154.715
43	54	8478.791	8116.464
44	1	8427.384	8180.277
44	2	8422.76	8202.674
44	3	8395.143	8161.712
44	4	8382.896	8161.285
44	5	8477.495	8136.1143
44	6	8443.544	8179.5913
44	7	8446.673	8176.123
44	8	8439.601	8176.328
44	9	8446.894	8172.629
44	10	8434.573	8179.5044
44	11	8437.705	8172.6606
44	12	8454.133	8176.1943
44	13	8430.089	8176.133
44	14	8456.678	8173.091
44	15	8430.013	8172.6753
44	16	8452.635	8179.943
44	17	8427.547	8185.395
44	18	8460.389	8176.1577
44	19	8452.326	8150.3726
44	20	8436.841	8148.4146
44	21	8418.873	8224.484
44	22	8436.927	8147.5825
44	24	8408.97	8191.876
44	25	8410.204	8200.66
44	26	8405.289	8190.182
44	28	8406.528	8199.434
44	30	8407.902	8206.619
44	31	8445.505	8134.365
44	32	8440.193	8133.533
44	33	8424.281	8132.588
44	35	8401.817	8139.859
44	36	8475.954	8179.978
44	37	8489.675	8129.5586
44	41	8432.774	8107.706
44	42	8499.003	8132.533
44	43	8426.097	8140.741
44	44	8380.464	8158.2676
44	52	8380.239	8154.7007
44	54	8478.791	8116.464
45	1	8427.304	8180.2944
45	2	8422.969	8203.38
45	3	8395.991	8161.7363
45	4	8383.604	8161.2837
45	5	8477.338	8136.118
45	6	8443.544	8179.5913
45	7	8446.67	8176.1245
45	8	8439.612	8176.327
45	9	8446.897	8172.6357
45	10	8434.572	8179.5044
45	11	8437.679	8172.659
45	12	8454.14	8176.1963
45	13	8430.088	8176.1343
45	14	8456.68	8173.0884
45	15	8430.002	8172.6724
45	16	8452.565	8179.941
45	17	8427.551	8185.3975
45	18	8460.397	8176.155
45	19	8452.326	8150.3726
45	20	8436.721	8148.4253
45	21	8419.085	8225.707
45	22	8436.804	8147.5796
45	24	8408.97	8191.876
45	25	8410.204	8200.66
45	26	8405.289	8190.182
45	28	8406.528	8199.434
45	30	8407.905	8206.628
45	31	8445.505	8134.365
45	32	8440.193	8133.533
45	33	8424.281	8132.588
45	35	8401.817	8139.859
45	36	8475.33	8179.9624
45	37	8489.675	8129.5586
45	41	8432.774	8107.706
45	42	8499.003	8132.533
45	43	8426.097	8140.741
45	44	8381.258	8158.278
45	52	8380.859	8154.7
45	54	8478.791	8116.464
46	1	8427.2	8180.3145
46	2	8423.159	8204.067
46	3	8396.845	8161.7583
46	4	8384.325	8161.284
46	5	8477.17	8136.111
46	6	8443.544	8179.5913
46	7	8446.666	8176.129
46	8	8439.616	8176.3276
46	9	8446.899	8172.6343
46	10	8434.571	8179.503
46	11	8437.644	8172.6553
46	12	8454.129	8176.194
46	13	8430.08	8176.1353
46	14	8456.678	8173.089
46	15	8429.983	8172.6733
46	16	8452.492	8179.9395
46	17	8427.551	8185.3887
46	18	8460.385	8176.1553
46	19	8452.326	8150.3726
46	20	8436.618	8148.4355
46	21	8419.323	8227.038
46	22	8436.66	8147.5884
46	24	8408.97	8191.876
46	25	8410.204	8200.66
46	26	8405.289	8190.182
46	28	8406.528	8199.434
46	30	8407.909	8206.624
46	31	8445.505	8134.365
46	32	8440.193	8133.533
46	33	8424.281	8132.588
46	35	8401.817	8139.859
46	36	8474.727	8179.948
46	37	8489.675	8129.5586
46	41	8432.774	8107.706
46	42	8499.003	8132.533
46	43	8426.097	8140.741
46	44	8382.013	8158.288
46	45	8368.172	8161.3945
46	52	8381.48	8154.684
46	54	8478.791	8116.464
47	1	8427.098	8180.337
47	2	8423.359	8204.737
47	3	8397.723	8161.783
47	4	8385.096	8161.286
47	5	8477.019	8136.1143
47	6	8443.544	8179.5913
47	7	8446.665	8176.1255
47	8	8439.606	8176.3306
47	9	8446.891	8172.6377
47	10	8434.561	8179.5034
47	11	8437.609	8172.6514
47	12	8454.135	8176.195
47	13	8430.066	8176.1333
47	14	8456.677	8173.09
47	15	8429.968	8172.671
47	16	8452.433	8179.94
47	17	8427.547	8185.3955
47	18	8460.385	8176.1562
47	19	8452.326	8150.3726
47	20	8436.472	8148.4507
47	21	8419.541	8228.281
47	22	8436.522	8147.605
47	24	8408.97	8191.876
47	25	8410.204	8200.66
47	26	8405.289	8190.182
47	28	8406.528	8199.434
47	30	8407.911	8206.621
47	31	8445.505	8134.365
47	32	8440.193	8133.533
47	33	8424.281	8132.588
47	35	8401.817	8139.859
47	36	8474.102	8179.9365
47	37	8489.675	8129.5586
47	41	8432.774	8107.706
47	42	8499.003	8132.533
47	43	8426.097	8140.741
47	44	8382.871	8158.305
47	45	8368.701	8161.2417
47	52	8382.063	8154.6714
47	54	8478.791	8116.464
48	1	8426.964	8180.3706
48	2	8423.554	8205.412
48	3	8398.586	8161.809
48	4	8385.897	8161.2935
48	6	8443.544	8179.591
48	7	8446.665	8176.1216
48	8	8439.6045	8176.3306
48	9	8446.898	8172.633
48	10	8434.551	8179.502
48	11	8437.581	8172.651
48	12	8454.144	8176.196
48	13	8430.056	8176.1333
48	14	8456.681	8173.0894
48	15	8429.949	8172.672
48	16	8452.368	8179.94
48	17	8427.555	8185.394
48	18	8460.398	8176.1567
48	19	8452.326	8150.3726
48	20	8436.351	8148.4697
48	21	8419.768	8229.561
48	22	8436.389	8147.6216
48	24	8408.97	8191.876
48	25	8410.204	8200.66
48	26	8405.289	8190.182
48	28	8406.528	8199.434
48	30	8407.91	8206.624
48	31	8445.505	8134.365
48	32	8440.193	8133.533
48	33	8424.281	8132.588
48	35	8401.817	8139.859
48	36	8473.531	8179.9243
48	37	8489.675	8129.5586
48	41	8432.774	8107.706
48	42	8499.003	8132.533
48	43	8426.097	8140.741
48	44	8383.665	8158.3003
48	45	8369.241	8161.219
48	46	8408.247	8158.2886
48	47	8400.403	8154.8545
48	52	8382.651	8154.676
48	54	8478.791	8116.464
49	1	8426.825	8180.405
49	2	8423.735	8206.06
49	3	8399.486	8161.843
49	4	8386.622	8161.292
49	6	8443.544	8179.5913
49	7	8446.672	8176.1294
49	8	8439.604	8176.3267
49	9	8446.894	8172.638
49	10	8434.536	8179.5005
49	11	8437.538	8172.646
49	12	8454.146	8176.195
49	13	8430.039	8176.129
49	14	8456.681	8173.087
49	15	8429.921	8172.671
49	16	8452.312	8179.9414
49	17	8427.55	8185.3877
49	18	8460.396	8176.157
49	19	8452.326	8150.3726
49	20	8436.211	8148.474
49	21	8419.992	8231.094
49	22	8436.267	8147.633
49	24	8408.97	8191.876
49	25	8410.204	8200.66
49	26	8405.289	8190.182
49	28	8406.528	8199.434
49	30	8407.908	8206.633
49	31	8445.505	8134.365
49	32	8440.193	8133.533
49	33	8424.281	8132.588
49	35	8401.817	8139.859
49	36	8472.936	8179.906
49	37	8489.675	8129.5586
49	41	8432.774	8107.706
49	42	8499.003	8132.533
49	43	8426.097	8140.741
49	44	8384.459	8158.3066
49	45	8369.631	8161.3164
49	46	8409.5625	8158.2866
49	47	8400.958	8154.8667
49	54	8478.791	8116.464
50	1	8426.664	8180.445
50	2	8423.918	8206.698
50	3	8400.367	8161.8633
50	4	8387.429	8161.3076
50	6	8443.544	8179.5913
50	7	8446.66	8176.126
50	8	8439.587	8176.3193
50	9	8446.901	8172.634
50	10	8434.528	8179.497
50	11	8437.497	8172.645
50	12	8454.1455	8176.1973
50	13	8430.015	8176.13
50	14	8456.683	8173.0894
50	15	8429.893	8172.6685
50	16	8452.25	8179.9395
50	17	8427.554	8185.391
50	18	8460.398	8176.157
50	19	8452.326	8150.3726
50	20	8436.096	8148.479
50	21	8420.208	8232.237
50	22	8436.117	8147.658
50	24	8408.97	8191.876
50	25	8410.204	8200.66
50	26	8405.289	8190.182
50	28	8406.528	8199.434
50	30	8407.909	8206.636
50	31	8445.505	8134.365
50	32	8440.193	8133.533
50	33	8424.281	8132.588
50	35	8401.817	8139.859
50	36	8472.381	8179.8926
50	37	8489.675	8129.5586
50	41	8432.774	8107.706
50	42	8499.003	8132.533
50	43	8426.097	8140.741
50	44	8385.358	8158.319
50	45	8370.251	8161.334
50	46	8410.837	8158.252
50	47	8402.001	8154.8926
50	54	8478.791	8116.464
51	1	8426.469	8180.5
51	2	8424.106	8207.333
51	3	8401.28	8161.9
51	4	8388.23	8161.327
51	5	8476.338	8136.2017
51	6	8443.544	8179.5913
51	7	8446.659	8176.124
51	8	8439.591	8176.3228
51	9	8446.905	8172.6353
51	10	8434.504	8179.495
51	11	8437.435	8172.6426
51	12	8454.142	8176.197
51	13	8429.994	8176.1284
51	14	8456.678	8173.09
51	15	8429.854	8172.6675
51	16	8452.194	8179.934
51	17	8427.55	8185.3916
51	18	8460.397	8176.157
51	19	8452.326	8150.3726
51	20	8435.959	8148.508
51	21	8420.361	8233.679
51	22	8435.973	8147.6743
51	24	8408.97	8191.876
51	25	8410.204	8200.66
51	26	8405.289	8190.182
51	28	8406.528	8199.434
51	30	8407.906	8206.618
51	31	8445.505	8134.365
51	32	8440.193	8133.533
51	33	8424.281	8132.588
51	35	8401.817	8139.859
51	36	8471.841	8179.879
51	37	8489.675	8129.5586
51	41	8432.774	8107.706
51	42	8499.003	8132.533
51	43	8426.097	8140.741
51	44	8386.238	8158.3413
51	45	8370.861	8161.3374
51	46	8412.049	8158.2666
51	47	8402.991	8154.8833
51	48	8370.388	8158.1333
51	54	8478.791	8116.464
52	1	8426.287	8180.555
52	2	8424.287	8207.95
52	3	8402.243	8161.9414
52	4	8389.039	8161.3267
52	5	8476.193	8136.189
52	6	8443.544	8179.5913
52	7	8446.658	8176.1265
52	8	8439.563	8176.324
52	9	8446.899	8172.6357
52	10	8434.48	8179.493
52	11	8437.387	8172.6426
52	12	8454.136	8176.1973
52	13	8429.96	8176.1284
52	14	8456.683	8173.0894
52	15	8429.812	8172.6655
52	16	8452.143	8179.9365
52	17	8427.557	8185.386
52	18	8460.397	8176.1567
52	19	8452.326	8150.3726
52	20	8435.846	8148.516
52	22	8435.836	8147.675
52	24	8408.97	8191.876
52	25	8410.204	8200.66
52	26	8405.289	8190.182
52	28	8406.528	8199.434
52	30	8407.904	8206.609
52	31	8445.505	8134.365
52	32	8440.193	8133.533
52	33	8424.281	8132.588
52	35	8401.817	8139.859
52	36	8471.34	8179.873
52	37	8489.675	8129.5586
52	41	8432.774	8107.706
52	42	8499.003	8132.533
52	43	8426.097	8140.741
52	44	8387.146	8158.37
52	45	8371.461	8161.354
52	46	8413.351	8158.2544
52	47	8404.006	8154.875
52	48	8371.132	8158.1055
52	54	8478.791	8116.464
53	1	8426.097	8180.6265
53	2	8424.455	8208.562
53	3	8403.202	8161.971
53	4	8389.842	8161.329
53	5	8476.062	8136.1963
53	6	8443.544	8179.591
53	7	8446.668	8176.1177
53	8	8439.54	8176.3247
53	9	8446.894	8172.6333
53	10	8434.438	8179.4907
53	11	8437.33	8172.641
53	12	8454.145	8176.1963
53	13	8429.926	8176.1284
53	14	8456.682	8173.0864
53	15	8429.747	8172.667
53	16	8452.092	8179.9277
53	17	8427.555	8185.384
53	18	8460.392	8176.159
53	19	8452.326	8150.3726
53	20	8435.714	8148.536
53	22	8435.719	8147.699
53	24	8408.97	8191.876
53	25	8410.204	8200.66
53	26	8405.289	8190.182
53	28	8406.528	8199.434
53	30	8407.903	8206.617
53	31	8445.505	8134.365
53	32	8440.193	8133.533
53	33	8424.281	8132.588
53	35	8401.817	8139.859
53	36	8470.819	8179.857
53	37	8489.675	8129.5586
53	41	8432.774	8107.706
53	42	8499.003	8132.533
53	43	8426.097	8140.741
53	44	8388.098	8158.363
53	45	8372.162	8161.346
53	46	8414.661	8158.2563
53	47	8404.897	8154.8843
53	48	8371.992	8158.0967
53	54	8478.791	8116.464
54	1	8425.873	8180.705
54	2	8424.633	8209.166
54	3	8404.195	8162.0083
54	4	8390.673	8161.3364
54	5	8475.921	8136.198
54	6	8443.544	8179.5913
54	7	8446.661	8176.126
54	8	8439.516	8176.3276
54	9	8446.8955	8172.639
54	10	8434.399	8179.493
54	11	8437.262	8172.6436
54	12	8454.139	8176.1973
54	13	8429.889	8176.1294
54	14	8456.681	8173.0874
54	15	8429.666	8172.6685
54	16	8452.057	8179.9277
54	17	8427.556	8185.3794
54	18	8460.3955	8176.1577
54	19	8452.326	8150.3726
54	20	8435.581	8148.552
54	22	8435.586	8147.715
54	24	8408.97	8191.876
54	25	8410.204	8200.66
54	26	8405.289	8190.182
54	28	8406.528	8199.434
54	30	8407.899	8206.601
54	31	8445.505	8134.365
54	32	8440.193	8133.533
54	33	8424.281	8132.588
54	35	8401.817	8139.859
54	36	8470.353	8179.8433
54	37	8489.675	8129.5586
54	41	8432.774	8107.706
54	42	8499.003	8132.533
54	43	8426.097	8140.741
54	44	8389.137	8158.3496
54	45	8372.833	8161.3374
54	46	8416.037	8158.255
54	47	8405.797	8154.89
54	48	8372.812	8158.1006
54	54	8478.791	8116.464
55	1	8425.642	8180.8
55	2	8424.8	8209.739
55	3	8405.168	8162.04
55	4	8391.527	8161.34
55	5	8475.758	8136.222
55	6	8443.544	8179.5913
55	7	8446.66	8176.1265
55	8	8439.485	8176.3237
55	9	8446.889	8172.6304
55	10	8434.345	8179.4897
55	11	8437.184	8172.644
55	12	8454.147	8176.195
55	13	8429.829	8176.127
55	14	8456.688	8173.0884
55	15	8429.564	8172.6646
55	16	8452.013	8179.9272
55	17	8427.563	8185.3745
55	18	8460.384	8176.159
55	19	8452.326	8150.3726
55	20	8435.454	8148.5674
55	22	8435.442	8147.743
55	24	8408.97	8191.876
55	25	8410.204	8200.66
55	26	8405.289	8190.182
55	28	8406.528	8199.434
55	30	8407.898	8206.604
55	31	8445.505	8134.365
55	32	8440.193	8133.533
55	33	8424.281	8132.588
55	35	8401.817	8139.859
55	36	8469.843	8179.8286
55	37	8489.675	8129.5586
55	41	8432.774	8107.706
55	42	8499.003	8132.533
55	43	8426.097	8140.741
55	44	8390.003	8158.353
55	45	8373.536	8161.335
55	46	8417.34	8158.276
55	47	8406.709	8154.8945
55	48	8373.644	8158.1187
55	54	8478.791	8116.464
56	1	8425.396	8180.909
56	2	8424.966	8210.308
56	3	8406.16	8162.073
56	4	8392.4	8161.361
56	5	8475.609	8136.242
56	6	8443.544	8179.5913
56	7	8446.649	8176.12
56	8	8439.449	8176.3184
56	9	8446.893	8172.637
56	10	8434.269	8179.486
56	11	8437.089	8172.639
56	12	8454.14	8176.197
56	13	8429.759	8176.1255
56	14	8456.686	8173.089
56	15	8429.433	8172.667
56	16	8451.975	8179.9253
56	17	8427.563	8185.369
56	18	8460.392	8176.1597
56	19	8452.326	8150.3726
56	20	8435.332	8148.598
56	22	8435.33	8147.7656
56	24	8408.97	8191.876
56	25	8410.204	8200.66
56	26	8405.289	8190.182
56	28	8406.528	8199.434
56	30	8407.9	8206.615
56	31	8445.505	8134.365
56	32	8440.193	8133.533
56	33	8424.281	8132.588
56	35	8401.817	8139.859
56	36	8469.36	8179.828
56	37	8489.675	8129.5586
56	41	8432.774	8107.706
56	42	8499.003	8132.533
56	43	8426.097	8140.741
56	44	8390.988	8158.3696
56	45	8374.206	8161.336
56	46	8418.6875	8158.291
56	47	8407.648	8154.8945
56	48	8374.478	8158.1387
56	49	8478.738	8116.4043
57	1	8425.12	8181.032
57	2	8425.127	8210.855
57	3	8407.121	8162.091
57	4	8393.248	8161.3774
57	5	8475.463	8136.2314
57	6	8443.544	8179.5913
57	7	8446.663	8176.126
57	8	8439.408	8176.3105
57	9	8446.884	8172.636
57	10	8434.173	8179.4863
57	11	8437.008	8172.636
57	12	8454.137	8176.1943
57	13	8429.67	8176.1255
57	14	8456.687	8173.0884
57	15	8429.267	8172.6655
57	16	8451.945	8179.9263
57	17	8427.561	8185.369
57	18	8460.393	8176.161
57	19	8452.326	8150.3726
57	20	8435.196	8148.621
57	22	8435.151	8147.7534
57	24	8408.97	8191.876
57	25	8410.204	8200.66
57	26	8405.289	8190.182
57	28	8406.528	8199.434
57	30	8407.896	8206.599
57	31	8445.505	8134.365
57	32	8440.193	8133.533
57	33	8424.281	8132.588
57	35	8401.817	8139.859
57	36	8468.898	8179.817
57	37	8489.675	8129.5586
57	41	8432.774	8107.706
57	42	8499.003	8132.533
57	43	8426.097	8140.741
57	44	8391.92	8158.3784
57	45	8374.926	8161.3433
57	46	8420.102	8158.3022
57	47	8408.613	8154.9077
57	48	8375.336	8158.1416
57	49	8478.738	8116.4043
58	1	8424.847	8181.172
58	2	8425.299	8211.418
58	3	8408.256	8162.125
58	4	8394.138	8161.3906
58	5	8475.292	8136.228
58	6	8443.544	8179.5913
58	7	8446.659	8176.123
58	8	8439.354	8176.313
58	9	8446.877	8172.6353
58	10	8434.051	8179.487
58	11	8436.916	8172.6367
58	12	8454.14	8176.196
58	13	8429.557	8176.1206
58	14	8456.688	8173.0884
58	15	8429.083	8172.66
58	16	8451.914	8179.9253
58	17	8427.555	8185.3657
58	18	8460.391	8176.1597
58	19	8452.326	8150.3726
58	20	8435.088	8148.6445
58	22	8435.025	8147.778
58	24	8408.97	8191.876
58	25	8410.204	8200.66
58	26	8405.289	8190.182
58	28	8406.528	8199.434
58	30	8407.898	8206.6045
58	31	8445.505	8134.365
58	32	8440.193	8133.533
58	33	8424.281	8132.588
58	35	8401.817	8139.859
58	36	8468.471	8179.8086
58	37	8489.675	8129.5586
58	41	8432.774	8107.706
58	42	8499.003	8132.533
58	43	8426.097	8140.741
58	44	8392.769	8158.4
58	45	8375.619	8161.3516
58	46	8421.419	8158.329
58	47	8409.555	8154.911
58	48	8376.197	8158.1577
58	49	8478.738	8116.4043
59	1	8424.542	8181.3325
59	2	8425.459	8211.936
59	3	8409.342	8162.141
59	4	8395.017	8161.404
59	5	8475.146	8136.2505
59	6	8443.544	8179.5913
59	7	8446.645	8176.1187
59	8	8439.306	8176.315
59	9	8446.861	8172.6343
59	10	8433.927	8179.4834
59	11	8436.833	8172.6313
59	12	8454.137	8176.197
59	13	8429.42	8176.117
59	14	8456.6875	8173.0894
59	15	8428.857	8172.658
59	16	8451.887	8179.926
59	17	8427.554	8185.365
59	18	8460.395	8176.159
59	19	8452.326	8150.3726
59	20	8434.969	8148.6626
59	22	8434.897	8147.7896
59	24	8408.97	8191.876
59	25	8410.204	8200.66
59	26	8405.289	8190.182
59	28	8406.528	8199.434
59	30	8407.892	8206.607
59	31	8445.505	8134.365
59	32	8440.193	8133.533
59	33	8424.281	8132.588
59	35	8401.817	8139.859
59	36	8468.041	8179.794
59	37	8489.675	8129.5586
59	41	8432.774	8107.706
59	42	8499.003	8132.533
59	43	8426.097	8140.741
59	44	8393.623	8158.3965
59	45	8376.39	8161.371
59	46	8422.741	8158.355
59	47	8410.493	8154.925
59	48	8377.072	8158.148
59	49	8478.738	8116.4043
59	50	8390.229	8154.7407
60	1	8424.253	8181.4966
60	2	8425.628	8212.485
60	3	8410.439	8162.188
60	4	8395.919	8161.41
60	5	8474.996	8136.2534
60	6	8443.544	8179.5913
60	7	8446.639	8176.1265
60	8	8439.23	8176.3076
60	9	8446.856	8172.634
60	10	8433.773	8179.479
60	11	8436.735	8172.6196
60	12	8454.13	8176.196
60	13	8429.263	8176.11
60	14	8456.684	8173.09
60	15	8428.616	8172.6543
60	16	8451.861	8179.9263
60	17	8427.561	8185.374
60	18	8460.389	8176.161
60	19	8452.326	8150.3726
60	20	8434.824	8148.685
60	22	8434.777	8147.818
60	24	8408.97	8191.876
60	25	8410.204	8200.66
60	26	8405.289	8190.182
60	28	8406.528	8199.434
60	30	8407.891	8206.587
60	31	8445.505	8134.365
60	32	8440.193	8133.533
60	33	8424.281	8132.588
60	35	8401.817	8139.859
60	36	8467.631	8179.7886
60	37	8489.675	8129.5586
60	41	8432.774	8107.706
60	42	8499.003	8132.533
60	43	8426.097	8140.741
60	44	8394.565	8158.3916
60	45	8377.157	8161.382
60	46	8424.111	8158.378
60	47	8411.458	8154.938
60	48	8377.921	8158.1416
60	49	8478.738	8116.4043
60	50	8391.082	8154.7583
61	1	8423.94	8181.6904
61	2	8425.788	8212.9795
61	3	8411.597	8162.2227
61	4	8396.837	8161.436
61	5	8474.8545	8136.25
61	6	8443.544	8179.5913
61	7	8446.632	8176.1157
61	8	8439.142	8176.31
61	9	8446.839	8172.6357
61	10	8433.613	8179.478
61	11	8436.624	8172.622
61	12	8454.13	8176.196
61	13	8429.097	8176.11
61	14	8456.69	8173.0884
61	15	8428.33	8172.6514
61	16	8451.839	8179.9253
61	17	8427.554	8185.373
61	18	8460.39	8176.16
61	19	8452.326	8150.3726
61	20	8434.691	8148.7173
61	22	8434.635	8147.8496
61	24	8408.97	8191.876
61	25	8410.204	8200.66
61	26	8405.289	8190.182
61	28	8406.528	8199.434
61	30	8407.89	8206.593
61	31	8445.505	8134.365
61	32	8440.193	8133.533
61	33	8424.281	8132.588
61	35	8401.817	8139.859
61	36	8467.222	8179.775
61	37	8489.675	8129.5586
61	41	8432.774	8107.706
61	42	8499.003	8132.533
61	43	8426.097	8140.741
61	44	8395.982	8158.3276
61	45	8377.908	8161.4043
61	46	8425.529	8158.41
61	47	8412.407	8154.9565
61	48	8378.691	8158.1475
61	49	8478.738	8116.4043
61	50	8392.037	8154.7803
62	1	8423.62	8181.901
62	2	8425.944	8213.439
62	3	8412.761	8162.256
62	4	8397.738	8161.4653
62	5	8474.702	8136.2783
62	6	8443.543	8179.5913
62	7	8446.615	8176.123
62	8	8439.059	8176.303
62	9	8446.813	8172.633
62	10	8433.422	8179.472
62	11	8436.516	8172.6216
62	12	8454.131	8176.1973
62	13	8428.911	8176.104
62	14	8456.687	8173.0864
62	15	8428.0205	8172.645
62	16	8451.822	8179.925
62	17	8427.56	8185.3804
62	18	8460.388	8176.16
62	19	8452.326	8150.3726
62	20	8434.563	8148.744
62	22	8434.491	8147.8687
62	24	8408.97	8191.876
62	25	8410.204	8200.66
62	26	8405.289	8190.182
62	28	8406.528	8199.434
62	30	8407.886	8206.586
62	31	8445.505	8134.365
62	32	8440.193	8133.533
62	33	8424.281	8132.588
62	35	8401.817	8139.859
62	36	8466.846	8179.7656
62	37	8489.675	8129.5586
62	41	8432.774	8107.706
62	42	8499.003	8132.533
62	43	8426.097	8140.741
62	44	8396.838	8158.326
62	45	8378.706	8161.42
62	46	8426.954	8158.4243
62	47	8413.36	8154.9736
62	48	8379.642	8158.1445
62	49	8478.738	8116.4043
62	50	8393.086	8154.7495
63	1	8423.298	8182.143
63	2	8426.112	8213.939
63	3	8413.888	8162.293
63	4	8398.6	8161.4927
63	5	8474.554	8136.2817
63	6	8443.535	8179.591
63	7	8446.598	8176.1235
63	8	8438.956	8176.299
63	9	8446.784	8172.628
63	10	8433.183	8179.4683
63	11	8436.388	8172.6196
63	12	8454.132	8176.197
63	13	8428.69	8176.1045
63	14	8456.683	8173.086
63	15	8427.675	8172.644
63	16	8451.799	8179.9253
63	17	8427.558	8185.375
63	18	8460.383	8176.1597
63	19	8452.326	8150.3726
63	20	8434.427	8148.7666
63	22	8434.366	8147.885
63	24	8408.97	8191.876
63	25	8410.204	8200.66
63	26	8405.289	8190.182
63	28	8406.528	8199.434
63	30	8407.887	8206.571
63	31	8445.505	8134.365
63	32	8440.193	8133.533
63	33	8424.281	8132.588
63	35	8401.817	8139.859
63	36	8466.463	8179.756
63	37	8489.675	8129.5586
63	41	8432.774	8107.706
63	42	8499.003	8132.533
63	43	8426.097	8140.741
63	45	8379.524	8161.444
63	46	8428.332	8158.463
63	47	8414.361	8154.9883
63	48	8380.509	8158.156
63	49	8478.738	8116.4043
63	50	8393.7705	8154.7476
63	51	8376.812	8154.723
64	1	8422.993	8182.387
64	2	8426.285	8214.427
64	3	8415.044	8162.3257
64	4	8399.469	8161.519
64	5	8474.42	8136.291
64	6	8443.526	8179.5913
64	7	8446.577	8176.12
64	8	8438.847	8176.303
64	9	8446.763	8172.627
64	10	8432.947	8179.465
64	11	8436.241	8172.6196
64	12	8454.13	8176.1963
64	13	8428.454	8176.1016
64	14	8456.69	8173.085
64	15	8427.304	8172.636
64	16	8451.79	8179.923
64	17	8427.568	8185.3755
64	18	8460.392	8176.1587
64	19	8452.326	8150.3726
64	20	8434.298	8148.7935
64	22	8434.243	8147.9097
64	24	8408.97	8191.876
64	25	8410.204	8200.66
64	26	8405.289	8190.182
64	28	8406.528	8199.434
64	30	8407.876	8206.575
64	31	8445.505	8134.365
64	32	8440.193	8133.533
64	33	8424.281	8132.588
64	35	8401.817	8139.859
64	36	8466.089	8179.747
64	37	8489.675	8129.5586
64	41	8432.774	8107.706
64	42	8499.003	8132.533
64	43	8426.097	8140.741
64	45	8380.342	8161.4604
64	46	8429.738	8158.495
64	47	8415.327	8155.012
64	48	8381.483	8158.1772
64	49	8478.738	8116.4043
64	50	8394.632	8154.7915
64	51	8379.032	8154.682
65	1	8422.669	8182.677
65	2	8426.452	8214.865
65	3	8416.2	8162.3545
65	5	8474.261	8136.28
65	6	8443.509	8179.592
65	7	8446.559	8176.121
65	8	8438.723	8176.297
65	9	8446.734	8172.6304
65	10	8432.677	8179.459
65	11	8436.075	8172.619
65	12	8454.133	8176.1973
65	13	8428.2	8176.0977
65	14	8456.706	8173.0845
65	15	8426.906	8172.633
65	16	8451.774	8179.9263
65	17	8427.563	8185.378
65	18	8460.393	8176.1562
65	19	8452.326	8150.3726
65	20	8434.176	8148.82
65	22	8434.114	8147.9414
65	24	8408.97	8191.876
65	25	8410.204	8200.66
65	26	8405.289	8190.182
65	28	8406.528	8199.434
65	30	8407.877	8206.566
65	31	8445.505	8134.365
65	32	8440.193	8133.533
65	33	8424.281	8132.588
65	35	8401.817	8139.859
65	36	8465.754	8179.7437
65	37	8489.675	8129.5586
65	41	8432.774	8107.706
65	42	8499.003	8132.533
65	43	8426.097	8140.741
65	44	8400.653	8158.3926
65	45	8381.164	8161.481
65	46	8431.146	8158.523
65	47	8416.321	8155.026
65	48	8382.388	8158.1997
65	49	8478.738	8116.4043
65	50	8395.524	8154.75
65	51	8381.107	8154.7773
66	1	8422.363	8182.98
66	2	8426.613	8215.272
66	3	8417.356	8162.375
66	5	8474.117	8136.2993
66	6	8443.482	8179.5923
66	7	8446.526	8176.125
66	8	8438.588	8176.297
66	9	8446.701	8172.6333
66	10	8432.362	8179.4546
66	11	8435.903	8172.6147
66	12	8454.135	8176.196
66	13	8427.927	8176.093
66	14	8456.706	8173.0825
66	15	8426.469	8172.627
66	16	8451.767	8179.9253
66	17	8427.554	8185.3755
66	18	8460.387	8176.1577
66	19	8452.326	8150.3726
66	20	8434.037	8148.856
66	22	8433.971	8147.964
66	24	8408.97	8191.876
66	25	8410.204	8200.66
66	26	8405.289	8190.182
66	28	8406.528	8199.434
66	30	8407.878	8206.571
66	31	8445.505	8134.365
66	32	8440.193	8133.533
66	33	8424.281	8132.588
66	35	8401.817	8139.859
66	36	8465.438	8179.734
66	37	8489.675	8129.5586
66	41	8432.774	8107.706
66	42	8499.003	8132.533
66	44	8401.849	8158.4062
66	45	8382.025	8161.498
66	46	8432.574	8158.5576
66	47	8417.299	8155.042
66	48	8383.298	8158.219
66	49	8478.738	8116.4043
66	50	8396.466	8154.7534
66	51	8380.783	8154.803
67	1	8422.071	8183.3184
67	2	8426.789	8215.712
67	3	8418.543	8162.394
67	5	8473.9795	8136.3115
67	6	8443.445	8179.5923
67	7	8446.491	8176.1196
67	8	8438.44	8176.293
67	9	8446.666	8172.6284
67	10	8432.029	8179.4526
67	11	8435.702	8172.6104
67	12	8454.138	8176.1963
67	13	8427.603	8176.0884
67	14	8456.712	8173.081
67	15	8425.997	8172.6226
67	16	8451.766	8179.9263
67	17	8427.552	8185.3647
67	18	8460.381	8176.161
67	19	8452.326	8150.3726
67	20	8433.896	8148.879
67	22	8433.846	8147.982
67	24	8408.97	8191.876
67	25	8410.204	8200.66
67	26	8405.289	8190.182
67	28	8406.528	8199.434
67	30	8407.876	8206.556
67	31	8445.505	8134.365
67	32	8440.193	8133.533
67	33	8424.281	8132.588
67	35	8401.817	8139.859
67	36	8465.098	8179.7266
67	37	8489.675	8129.5586
67	41	8432.774	8107.706
67	42	8499.003	8132.533
67	44	8403.032	8158.433
67	45	8382.911	8161.528
67	46	8434.016	8158.5938
67	47	8418.262	8155.0586
67	48	8384.252	8158.2324
67	49	8478.738	8116.4043
67	50	8397.257	8154.7744
67	51	8381.5625	8154.82
68	1	8421.781	8183.682
68	2	8426.95	8216.094
68	3	8419.7295	8162.4087
68	4	8403.528	8161.6157
68	5	8473.818	8136.307
68	6	8443.398	8179.592
68	7	8446.442	8176.1216
68	8	8438.27	8176.2896
68	9	8446.622	8172.628
68	10	8431.654	8179.4463
68	11	8435.495	8172.6055
68	12	8454.142	8176.199
68	13	8427.2705	8176.083
68	14	8456.711	8173.079
68	15	8425.484	8172.615
68	16	8451.756	8179.9272
68	17	8427.548	8185.371
68	18	8460.378	8176.163
68	19	8452.326	8150.3726
68	20	8433.758	8148.9077
68	22	8433.723	8148.0034
68	24	8408.97	8191.876
68	25	8410.204	8200.66
68	26	8405.289	8190.182
68	28	8406.528	8199.434
68	30	8407.88	8206.592
68	31	8445.505	8134.365
68	32	8440.193	8133.533
68	33	8424.281	8132.588
68	35	8401.817	8139.859
68	36	8464.792	8179.7217
68	37	8489.675	8129.5586
68	41	8432.774	8107.706
68	42	8499.003	8132.533
68	44	8404.2	8158.4473
68	45	8383.776	8161.5464
68	46	8435.477	8158.6343
68	47	8419.297	8155.067
68	48	8385.173	8158.2554
68	49	8478.738	8116.4043
68	50	8398.197	8154.806
68	51	8382.482	8154.804
69	1	8421.498	8184.0854
69	2	8427.118	8216.469
69	3	8420.914	8162.4326
69	4	8404.415	8161.6284
69	5	8473.673	8136.3047
69	6	8443.34	8179.5913
69	7	8446.406	8176.1216
69	8	8438.1045	8176.28
69	9	8446.57	8172.6304
69	10	8431.264	8179.4424
69	11	8435.264	8172.6006
69	12	8454.135	8176.1978
69	13	8426.925	8176.081
69	14	8456.712	8173.079
69	15	8424.941	8172.6025
69	16	8451.755	8179.926
69	17	8427.538	8185.3706
69	18	8460.373	8176.1543
69	19	8452.326	8150.3726
69	20	8433.645	8148.944
69	22	8433.594	8148.0146
69	24	8408.97	8191.876
69	25	8410.204	8200.66
69	26	8405.289	8190.182
69	28	8406.528	8199.434
69	30	8407.88	8206.529
69	31	8445.505	8134.365
69	32	8440.193	8133.533
69	33	8424.281	8132.588
69	35	8401.817	8139.859
69	36	8464.497	8179.7104
69	37	8489.675	8129.5586
69	41	8432.774	8107.706
69	42	8499.003	8132.533
69	44	8405.4375	8158.4717
69	45	8384.669	8161.5684
69	46	8436.926	8158.6807
69	47	8420.285	8155.0874
69	48	8386.087	8158.247
69	49	8478.738	8116.4043
69	50	8399.02	8154.82
69	51	8383.718	8154.8345
70	1	8421.25	8184.4966
70	2	8427.296	8216.807
70	3	8422.065	8162.4326
70	4	8405.437	8161.6484
70	5	8473.534	8136.2964
70	6	8443.27	8179.5913
70	7	8446.333	8176.12
70	8	8437.911	8176.279
70	9	8446.506	8172.6343
70	10	8430.839	8179.4365
70	11	8435.007	8172.5986
70	12	8454.127	8176.1997
70	13	8426.543	8176.0776
70	14	8456.709	8173.0796
70	15	8424.386	8172.5923
70	16	8451.743	8179.926
70	17	8427.537	8185.3716
70	18	8460.388	8176.157
70	19	8452.326	8150.3726
70	20	8433.501	8148.9634
70	24	8408.97	8191.876
70	25	8410.204	8200.66
70	26	8405.289	8190.182
70	28	8406.528	8199.434
70	30	8407.881	8206.541
70	31	8445.505	8134.365
70	32	8440.193	8133.533
70	33	8424.281	8132.588
70	35	8401.817	8139.859
70	36	8464.199	8179.702
70	37	8489.675	8129.5586
70	41	8432.774	8107.706
70	42	8499.003	8132.533
70	44	8406.617	8158.483
70	45	8385.575	8161.5933
70	46	8438.384	8158.7295
70	47	8421.334	8155.1084
70	48	8387.039	8158.266
70	49	8478.738	8116.4043
70	50	8399.898	8154.8164
70	51	8384.511	8154.811
71	1	8421.025	8184.928
71	2	8427.463	8217.126
71	3	8423.422	8162.446
71	4	8406.454	8161.649
71	5	8473.388	8136.288
71	6	8443.186	8179.591
71	7	8446.253	8176.125
71	8	8437.691	8176.275
71	9	8446.444	8172.6304
71	10	8430.396	8179.4326
71	11	8434.731	8172.595
71	12	8454.125	8176.197
71	13	8426.141	8176.0713
71	14	8456.709	8173.079
71	15	8423.787	8172.58
71	16	8451.735	8179.9243
71	17	8427.535	8185.3657
71	18	8460.376	8176.1533
71	19	8452.326	8150.3726
71	20	8433.386	8148.9976
71	22	8433.328	8148.079
71	24	8408.97	8191.876
71	25	8410.204	8200.66
71	26	8405.289	8190.182
71	28	8406.528	8199.434
71	30	8407.875	8206.518
71	31	8445.505	8134.365
71	32	8440.193	8133.533
71	33	8424.281	8132.588
71	35	8401.817	8139.859
71	36	8463.906	8179.6987
71	37	8489.675	8129.5586
71	41	8432.774	8107.706
71	42	8499.003	8132.533
71	44	8407.878	8158.497
71	45	8386.501	8161.6084
71	46	8439.846	8158.7725
71	47	8422.379	8155.1265
71	48	8388.08	8158.2715
71	49	8478.738	8116.4043
71	50	8400.782	8154.823
71	51	8385.497	8154.81
72	1	8420.811	8185.3887
72	2	8427.661	8217.456
72	3	8424.678	8162.445
72	4	8407.451	8161.6543
72	5	8473.234	8136.2974
72	6	8443.086	8179.591
72	7	8446.153	8176.1357
72	8	8437.476	8176.266
72	9	8446.381	8172.634
72	10	8429.919	8179.4277
72	11	8434.434	8172.5933
72	12	8454.114	8176.1973
72	13	8425.729	8176.0654
72	14	8456.71	8173.077
72	15	8423.164	8172.567
72	16	8451.731	8179.9263
72	17	8427.528	8185.3643
72	18	8460.372	8176.155
72	19	8452.326	8150.3726
72	20	8433.246	8149.0264
72	22	8433.193	8148.113
72	24	8408.97	8191.876
72	25	8410.204	8200.66
72	26	8405.289	8190.182
72	28	8406.528	8199.434
72	30	8407.867	8206.526
72	31	8445.505	8134.365
72	32	8440.193	8133.533
72	33	8424.281	8132.588
72	35	8401.817	8139.859
72	36	8463.633	8179.6904
72	37	8489.675	8129.5586
72	41	8432.774	8107.706
72	42	8499.003	8132.533
72	44	8409.054	8158.512
72	45	8387.355	8161.648
72	46	8441.298	8158.816
72	47	8423.421	8155.145
72	48	8389.2295	8158.2886
72	49	8478.738	8116.4043
72	50	8401.654	8154.8286
72	51	8386.388	8154.825
73	1	8420.637	8185.855
73	2	8427.862	8217.755
73	3	8425.951	8162.439
73	4	8408.477	8161.6685
73	5	8473.081	8136.277
73	6	8442.975	8179.5903
73	7	8446.042	8176.136
73	8	8437.231	8176.264
73	9	8446.293	8172.6353
73	10	8429.415	8179.42
73	11	8434.141	8172.5903
73	12	8454.113	8176.1953
73	13	8425.282	8176.0615
73	14	8456.708	8173.0825
73	15	8422.535	8172.5576
73	16	8451.73	8179.926
73	17	8427.528	8185.3633
73	18	8460.376	8176.158
73	19	8452.326	8150.3726
73	20	8433.112	8149.0566
73	22	8433.047	8148.148
73	24	8408.97	8191.876
73	25	8410.204	8200.66
73	26	8405.289	8190.182
73	28	8406.528	8199.434
73	30	8407.8545	8206.479
73	31	8445.505	8134.365
73	32	8440.193	8133.533
73	33	8424.281	8132.588
73	36	8463.359	8179.6797
73	37	8489.675	8129.5586
73	41	8432.774	8107.706
73	42	8499.003	8132.533
73	44	8410.29	8158.52
73	45	8388.313	8161.665
73	46	8442.742	8158.852
73	47	8424.425	8155.163
73	48	8390.305	8158.3022
73	49	8478.738	8116.4043
73	50	8402.543	8154.8354
73	51	8387.28	8154.8247
74	1	8420.462	8186.351
74	2	8428.032	8218.036
74	3	8427.2	8162.4355
74	4	8409.534	8161.701
74	5	8472.94	8136.289
74	6	8442.849	8179.5903
74	7	8445.911	8176.1274
74	8	8436.99	8176.257
74	9	8446.206	8172.6377
74	10	8428.889	8179.417
74	11	8433.823	8172.589
74	12	8454.11	8176.1963
74	13	8424.819	8176.0537
74	14	8456.716	8173.0786
74	15	8421.853	8172.5444
74	16	8451.72	8179.9253
74	17	8427.528	8185.3677
74	18	8460.377	8176.165
74	19	8452.326	8150.3726
74	20	8432.997	8149.091
74	22	8432.91	8148.1733
74	24	8408.97	8191.876
74	25	8410.204	8200.66
74	26	8405.289	8190.182
74	28	8406.528	8199.434
74	30	8407.857	8206.509
74	31	8445.505	8134.365
74	32	8440.193	8133.533
74	33	8424.281	8132.588
74	35	8401.817	8139.859
74	36	8463.08	8179.67
74	37	8489.675	8129.5586
74	41	8432.774	8107.706
74	42	8499.003	8132.533
74	44	8411.504	8158.5396
74	45	8389.247	8161.701
74	46	8444.213	8158.891
74	47	8425.439	8155.1826
74	48	8391.24	8158.331
74	49	8478.738	8116.4043
74	50	8403.704	8154.8486
74	51	8388.194	8154.8286
74	55	8368.614	8161.775
75	1	8420.324	8186.8784
75	2	8428.234	8218.341
75	3	8428.473	8162.4375
75	4	8410.589	8161.7153
75	5	8472.801	8136.2837
75	6	8442.707	8179.591
75	7	8445.779	8176.124
75	8	8436.716	8176.26
75	9	8446.105	8172.634
75	10	8428.348	8179.4062
75	11	8433.49	8172.5854
75	12	8454.1045	8176.195
75	13	8424.328	8176.051
75	14	8456.721	8173.08
75	15	8421.163	8172.533
75	16	8451.716	8179.9277
75	17	8427.528	8185.375
75	18	8460.368	8176.162
75	19	8452.326	8150.3726
75	20	8432.867	8149.114
75	22	8432.779	8148.2
75	24	8408.97	8191.876
75	25	8410.204	8200.66
75	26	8405.289	8190.182
75	28	8406.528	8199.434
75	30	8407.86	8206.54
75	31	8445.505	8134.365
75	32	8440.193	8133.533
75	33	8424.281	8132.588
75	35	8401.817	8139.859
75	36	8462.843	8179.6685
75	37	8489.675	8129.5586
75	41	8432.774	8107.706
75	42	8499.003	8132.533
75	44	8412.769	8158.5586
75	45	8390.256	8161.7124
75	46	8445.675	8158.929
75	47	8426.477	8155.201
75	48	8392.274	8158.3447
75	49	8478.738	8116.4043
75	50	8404.788	8154.8765
75	51	8389.099	8154.842
75	55	8369.317	8161.756
76	1	8420.209	8187.431
76	2	8428.438	8218.63
76	3	8429.763	8162.431
76	4	8411.657	8161.7407
76	5	8472.658	8136.2627
76	6	8442.55	8179.591
76	7	8445.61	8176.129
76	8	8436.446	8176.2515
76	9	8445.995	8172.633
76	10	8427.764	8179.4014
76	11	8433.147	8172.5845
76	12	8454.1	8176.1934
76	13	8423.811	8176.049
76	14	8456.72	8173.0796
76	15	8420.4375	8172.52
76	16	8451.709	8179.9297
76	17	8427.534	8185.3784
76	18	8460.352	8176.1646
76	19	8452.326	8150.3726
76	20	8432.747	8149.1353
76	22	8432.644	8148.23
76	24	8408.97	8191.876
76	25	8410.204	8200.66
76	26	8405.289	8190.182
76	28	8406.528	8199.434
76	30	8407.858	8206.52
76	31	8445.505	8134.365
76	32	8440.193	8133.533
76	33	8424.281	8132.588
76	35	8401.817	8139.859
76	36	8462.628	8179.666
76	37	8489.675	8129.5586
76	41	8432.774	8107.706
76	42	8499.003	8132.533
76	44	8414.107	8158.576
76	45	8391.358	8161.7236
76	46	8447.161	8158.957
76	47	8427.461	8155.219
76	48	8393.343	8158.3525
76	49	8478.738	8116.4043
76	50	8405.893	8154.893
76	51	8390.019	8154.8423
76	55	8370.15	8161.7334
77	1	8420.108	8187.9937
77	2	8428.654	8218.897
77	3	8431.066	8162.423
77	4	8412.74	8161.7656
77	5	8472.513	8136.2695
77	6	8442.375	8179.591
77	7	8445.432	8176.1245
77	8	8436.147	8176.2505
77	9	8445.869	8172.625
77	10	8427.202	8179.397
77	11	8432.798	8172.5767
77	12	8454.091	8176.1953
77	13	8423.287	8176.0415
77	14	8456.719	8173.0786
77	15	8419.6875	8172.506
77	16	8451.693	8179.9277
77	17	8427.534	8185.376
77	18	8460.363	8176.172
77	19	8452.326	8150.3726
77	20	8432.613	8149.1567
77	22	8432.494	8148.259
77	24	8408.97	8191.876
77	25	8410.204	8200.66
77	26	8405.289	8190.182
77	28	8406.528	8199.434
77	30	8407.853	8206.519
77	31	8445.505	8134.365
77	32	8440.193	8133.533
77	33	8424.281	8132.588
77	35	8401.817	8139.859
77	36	8462.389	8179.6606
77	37	8489.675	8129.5586
77	41	8432.774	8107.706
77	42	8499.003	8132.533
77	44	8415.392	8158.587
77	45	8392.329	8161.7593
77	46	8448.645	8158.9976
77	47	8428.489	8155.2397
77	48	8394.415	8158.362
77	49	8478.738	8116.4043
77	50	8406.955	8154.908
77	51	8390.99	8154.856
77	55	8370.925	8161.7217
78	1	8420.042	8188.548
78	2	8428.873	8219.14
78	3	8432.369	8162.4233
78	4	8413.843	8161.802
78	5	8472.368	8136.278
78	6	8442.186	8179.592
78	7	8445.236	8176.124
78	8	8435.819	8176.244
78	9	8445.733	8172.6333
78	10	8426.591	8179.392
78	11	8432.403	8172.5723
78	12	8454.08	8176.195
78	13	8422.738	8176.0386
78	14	8456.711	8173.0776
78	15	8418.923	8172.494
78	16	8451.671	8179.9297
78	17	8427.537	8185.384
78	18	8460.374	8176.1777
78	19	8452.326	8150.3726
78	20	8432.489	8149.1924
78	22	8432.363	8148.2744
78	24	8408.97	8191.876
78	25	8410.204	8200.66
78	26	8405.289	8190.182
78	28	8406.528	8199.434
78	30	8407.86	8206.542
78	31	8445.505	8134.365
78	32	8440.193	8133.533
78	33	8424.281	8132.588
78	35	8401.817	8139.859
78	36	8462.175	8179.657
78	37	8489.675	8129.5586
78	41	8432.774	8107.706
78	42	8499.003	8132.533
78	44	8416.731	8158.637
78	45	8393.571	8161.793
78	46	8450.141	8159.035
78	47	8429.491	8155.261
78	48	8395.53	8158.378
78	49	8478.738	8116.4043
78	50	8407.996	8154.9287
78	51	8391.923	8154.854
78	55	8371.739	8161.733
79	1	8419.997	8189.1553
79	2	8429.125	8219.424
79	3	8433.68	8162.427
79	4	8414.8	8161.832
79	5	8472.219	8136.2676
79	6	8441.979	8179.5923
79	7	8445.008	8176.1196
79	8	8435.49	8176.2407
79	9	8445.578	8172.631
79	10	8425.966	8179.3843
79	11	8431.992	8172.5713
79	12	8454.062	8176.19
79	13	8422.16	8176.0337
79	14	8456.701	8173.0796
79	15	8418.126	8172.484
79	16	8451.648	8179.924
79	17	8427.529	8185.376
79	18	8460.369	8176.181
79	19	8452.326	8150.3726
79	20	8432.353	8149.2188
79	22	8432.228	8148.292
79	24	8408.97	8191.876
79	25	8410.204	8200.66
79	26	8405.289	8190.182
79	28	8406.528	8199.434
79	30	8407.857	8206.528
79	31	8445.505	8134.365
79	32	8440.193	8133.533
79	33	8424.281	8132.588
79	35	8401.817	8139.859
79	36	8461.994	8179.652
79	37	8489.675	8129.5586
79	41	8432.774	8107.706
79	42	8499.003	8132.533
79	44	8418.06	8158.647
79	45	8394.734	8161.8105
79	46	8451.67	8159.076
79	48	8396.614	8158.4014
79	49	8478.738	8116.4043
79	50	8409.048	8154.94
79	51	8392.875	8154.865
79	55	8372.553	8161.733
80	1	8419.976	8189.773
80	2	8429.373	8219.685
80	3	8435.018	8162.4326
80	4	8415.883	8161.857
80	5	8472.052	8136.2676
80	6	8441.755	8179.593
80	7	8444.768	8176.128
80	8	8435.135	8176.236
80	9	8445.436	8172.6323
80	10	8425.329	8179.376
80	11	8431.553	8172.565
80	12	8454.041	8176.1943
80	13	8421.559	8176.03
80	14	8456.692	8173.0767
80	15	8417.298	8172.474
80	16	8451.624	8179.927
80	17	8427.529	8185.384
80	18	8460.376	8176.183
80	19	8452.326	8150.3726
80	20	8432.204	8149.2256
80	22	8432.132	8148.348
80	24	8408.97	8191.876
80	25	8410.204	8200.66
80	26	8405.289	8190.182
80	28	8406.528	8199.434
80	30	8407.855	8206.537
80	31	8445.505	8134.365
80	32	8440.193	8133.533
80	33	8424.281	8132.588
80	35	8401.817	8139.859
80	36	8461.791	8179.649
80	37	8489.675	8129.5586
80	41	8432.774	8107.706
80	42	8499.003	8132.533
80	44	8419.385	8158.68
80	45	8395.508	8161.823
80	46	8453.19	8159.1294
80	48	8397.745	8158.4272
80	49	8478.738	8116.4043
80	50	8409.983	8154.951
80	51	8393.813	8154.875
80	55	8373.35	8161.7407
80	56	8432.21	8214.494
81	1	8419.982	8190.386
81	2	8429.627	8219.921
81	3	8436.355	8162.436
81	4	8417.009	8161.8857
81	5	8471.909	8136.2695
81	6	8441.513	8179.5933
81	7	8444.512	8176.1245
81	8	8434.767	8176.2266
81	9	8445.241	8172.629
81	10	8424.655	8179.374
81	11	8431.086	8172.5615
81	12	8454.011	8176.193
81	13	8420.952	8176.0244
81	14	8456.684	8173.0747
81	15	8416.469	8172.4614
81	16	8451.585	8179.927
81	17	8427.53	8185.3857
81	18	8460.362	8176.188
81	19	8452.326	8150.3726
81	24	8408.97	8191.876
81	25	8410.204	8200.66
81	26	8405.289	8190.182
81	28	8406.528	8199.434
81	30	8407.858	8206.509
81	31	8445.505	8134.365
81	32	8440.193	8133.533
81	35	8401.817	8139.859
81	36	8461.574	8179.6445
81	37	8489.675	8129.5586
81	41	8432.774	8107.706
81	42	8499.003	8132.533
81	44	8420.712	8158.699
81	45	8396.498	8161.8354
81	46	8454.689	8159.1772
81	47	8432.437	8155.323
81	48	8398.841	8158.452
81	49	8478.738	8116.4043
81	50	8410.972	8154.9683
81	51	8394.789	8154.8906
81	55	8374.17	8161.734
81	56	8432.027	8214.25
82	1	8420.006	8191.016
82	2	8429.902	8220.1875
82	3	8437.666	8162.436
82	4	8418.179	8161.8965
82	6	8441.253	8179.5938
82	7	8444.234	8176.125
82	8	8434.365	8176.225
82	9	8445.048	8172.634
82	10	8423.956	8179.365
82	11	8430.6045	8172.5522
82	12	8453.967	8176.1943
82	13	8420.318	8176.019
82	14	8456.667	8173.0767
82	15	8415.592	8172.451
82	16	8451.552	8179.925
82	17	8427.529	8185.3843
82	18	8460.35	8176.189
82	19	8452.326	8150.3726
82	24	8408.97	8191.876
82	25	8410.204	8200.66
82	26	8405.289	8190.182
82	28	8406.528	8199.434
82	30	8407.852	8206.506
82	31	8445.505	8134.365
82	32	8440.193	8133.533
82	33	8424.281	8132.588
82	35	8401.817	8139.859
82	36	8461.403	8179.6416
82	37	8489.675	8129.5586
82	41	8432.774	8107.706
82	42	8499.003	8132.533
82	44	8422.026	8158.723
82	45	8397.509	8161.855
82	46	8456.202	8159.2295
82	47	8433.61	8155.3247
82	48	8399.981	8158.475
82	49	8478.738	8116.4043
82	50	8411.9	8154.981
82	51	8395.73	8154.9
82	56	8431.905	8214.127
82	57	8377.031	8158.2437
83	1	8420.048	8191.632
83	2	8430.175	8220.397
83	3	8439.014	8162.434
83	4	8419.402	8161.9253
83	6	8440.975	8179.594
83	7	8443.9375	8176.1313
83	8	8433.951	8176.22
83	9	8444.814	8172.6216
83	10	8423.271	8179.3574
83	11	8430.107	8172.5356
83	12	8453.912	8176.1943
83	13	8419.668	8176.0146
83	14	8456.648	8173.0767
83	15	8414.693	8172.442
83	16	8451.503	8179.923
83	17	8427.524	8185.384
83	18	8460.359	8176.1924
83	19	8452.326	8150.3726
83	20	8431.827	8149.3105
83	24	8408.97	8191.876
83	25	8410.204	8200.66
83	26	8405.289	8190.182
83	28	8406.528	8199.434
83	30	8407.85	8206.514
83	31	8445.505	8134.365
83	32	8440.193	8133.533
83	33	8424.281	8132.588
83	35	8401.817	8139.859
83	36	8461.223	8179.639
83	37	8489.675	8129.5586
83	41	8432.774	8107.706
83	42	8499.003	8132.533
83	44	8423.344	8158.743
83	45	8398.522	8161.862
83	46	8457.709	8159.2695
83	47	8434.626	8155.341
83	48	8401.113	8158.4873
83	49	8478.738	8116.4043
83	50	8412.759	8154.988
83	51	8396.693	8154.9033
83	56	8431.956	8214.29
83	57	8378.023	8158.2393
84	1	8420.093	8192.305
84	2	8430.462	8220.605
84	3	8440.357	8162.43
84	4	8420.56	8161.953
84	6	8440.676	8179.5947
84	7	8443.645	8176.1274
84	8	8433.524	8176.216
84	9	8444.588	8172.6294
84	10	8422.526	8179.349
84	11	8429.575	8172.5225
84	12	8453.835	8176.1934
84	13	8419.003	8176.014
84	14	8456.618	8173.0747
84	15	8413.784	8172.432
84	16	8451.46	8179.924
84	17	8427.527	8185.3745
84	18	8460.344	8176.1924
84	19	8452.326	8150.3726
84	20	8431.686	8149.3306
84	24	8408.97	8191.876
84	25	8410.204	8200.66
84	26	8405.289	8190.182
84	28	8406.528	8199.434
84	30	8407.853	8206.517
84	31	8445.505	8134.365
84	32	8440.193	8133.533
84	33	8424.281	8132.588
84	35	8401.817	8139.859
84	36	8461.026	8179.6323
84	37	8489.675	8129.5586
84	41	8432.774	8107.706
84	42	8499.003	8132.533
84	44	8424.709	8158.7866
84	45	8399.606	8161.8857
84	46	8459.236	8159.312
84	47	8435.666	8155.357
84	48	8402.232	8158.516
84	49	8478.738	8116.4043
84	50	8413.738	8155.0166
84	51	8397.656	8154.9136
84	56	8432.052	8214.267
84	57	8378.994	8158.245
84	58	8431.739	8220.655
84	59	8432.302	8221.172
85	1	8420.155	8192.994
85	2	8430.728	8220.792
85	3	8441.711	8162.426
85	4	8421.718	8161.9756
85	5	8471.332	8136.239
85	6	8440.359	8179.5957
85	7	8443.324	8176.121
85	8	8433.065	8176.207
85	9	8444.322	8172.628
85	10	8421.785	8179.3433
85	11	8429.065	8172.5234
85	12	8453.716	8176.1914
85	13	8418.322	8176.0103
85	14	8456.599	8173.073
85	15	8412.859	8172.4253
85	16	8451.41	8179.926
85	17	8427.522	8185.379
85	18	8460.347	8176.188
85	19	8452.326	8150.3726
85	20	8431.601	8149.372
85	24	8408.97	8191.876
85	25	8410.204	8200.66
85	26	8405.289	8190.182
85	28	8406.528	8199.434
85	30	8407.85	8206.522
85	31	8445.505	8134.365
85	32	8440.193	8133.533
85	33	8424.281	8132.588
85	35	8401.817	8139.859
85	36	8460.879	8179.631
85	37	8489.675	8129.5586
85	41	8432.774	8107.706
85	42	8499.003	8132.533
85	44	8426.074	8158.807
85	45	8400.739	8161.9062
85	46	8460.781	8159.356
85	47	8436.714	8155.381
85	48	8403.41	8158.534
85	49	8478.738	8116.4043
85	51	8398.596	8154.91
85	56	8431.926	8214.07
85	57	8379.963	8158.275
85	58	8431.773	8220.613
85	59	8432.32	8221.039
86	1	8420.221	8193.649
86	2	8431.055	8220.974
86	3	8443.078	8162.4116
86	4	8422.894	8162.006
86	5	8471.205	8136.2607
86	6	8440.022	8179.595
86	7	8442.981	8176.122
86	8	8432.589	8176.203
86	9	8444.054	8172.6294
86	10	8421.002	8179.335
86	11	8428.514	8172.519
86	12	8453.569	8176.192
86	13	8417.604	8176.0024
86	14	8456.5625	8173.0674
86	15	8411.904	8172.4155
86	16	8451.3545	8179.9224
86	17	8427.524	8185.3765
86	18	8460.338	8176.1865
86	19	8452.326	8150.3726
86	20	8431.46	8149.405
86	24	8408.97	8191.876
86	25	8410.204	8200.66
86	26	8405.289	8190.182
86	28	8406.528	8199.434
86	30	8407.842	8206.516
86	31	8445.505	8134.365
86	32	8440.193	8133.533
86	33	8424.281	8132.588
86	35	8401.817	8139.859
86	36	8460.716	8179.6255
86	37	8489.675	8129.5586
86	41	8432.774	8107.706
86	42	8499.003	8132.533
86	44	8427.467	8158.8306
86	45	8401.771	8161.934
86	46	8462.339	8159.3994
86	47	8437.77	8155.386
86	48	8404.531	8158.5566
86	51	8399.45	8154.9375
86	55	8378.885	8161.763
86	56	8431.823	8213.893
86	57	8381.003	8158.319
86	58	8431.777	8220.59
86	59	8432.335	8220.993
86	60	8431.137	8148.54
87	1	8420.308	8194.321
87	2	8431.321	8221.109
87	3	8444.474	8162.4043
87	4	8424.079	8162.034
87	5	8471.071	8136.25
87	6	8439.666	8179.5957
87	7	8442.617	8176.121
87	8	8432.104	8176.1973
87	9	8443.772	8172.621
87	10	8420.213	8179.3276
87	11	8427.965	8172.5034
87	12	8453.375	8176.1875
87	13	8416.87	8175.9985
87	14	8456.512	8173.066
87	15	8410.918	8172.4087
87	16	8451.289	8179.9272
87	17	8427.524	8185.3765
87	18	8460.31	8176.178
87	19	8452.326	8150.3726
87	20	8431.342	8149.437
87	24	8408.97	8191.876
87	25	8410.204	8200.66
87	26	8405.289	8190.182
87	28	8406.528	8199.434
87	30	8407.839	8206.509
87	31	8445.505	8134.365
87	32	8440.193	8133.533
87	33	8424.281	8132.588
87	35	8401.817	8139.859
87	36	8460.54	8179.6216
87	37	8489.675	8129.5586
87	41	8432.774	8107.706
87	42	8499.003	8132.533
87	44	8428.842	8158.8394
87	45	8402.862	8161.942
87	46	8463.893	8159.4385
87	47	8438.815	8155.406
87	48	8405.661	8158.584
87	55	8379.853	8161.747
87	56	8431.887	8213.838
87	57	8381.95	8158.349
87	58	8431.884	8220.596
87	59	8432.377	8220.912
87	60	8431.022	8148.565
88	1	8420.394	8195.019
88	2	8431.677	8221.288
88	3	8445.859	8162.3955
88	4	8425.267	8162.0674
88	5	8470.935	8136.2344
88	6	8439.289	8179.5967
88	7	8442.246	8176.122
88	8	8431.61	8176.1943
88	9	8443.454	8172.633
88	10	8419.385	8179.3267
88	11	8427.366	8172.5127
88	12	8453.155	8176.1846
88	13	8416.149	8175.9927
88	14	8456.468	8173.0605
88	15	8409.915	8172.3965
88	16	8451.205	8179.9277
88	17	8427.525	8185.3765
88	18	8460.315	8176.1753
88	19	8452.326	8150.3726
88	20	8431.207	8149.476
88	24	8408.97	8191.876
88	25	8410.204	8200.66
88	26	8405.289	8190.182
88	28	8406.528	8199.434
88	30	8407.841	8206.531
88	31	8445.505	8134.365
88	32	8440.193	8133.533
88	33	8424.281	8132.588
88	35	8401.817	8139.859
88	36	8460.373	8179.621
88	37	8489.675	8129.5586
88	41	8432.774	8107.706
88	42	8499.003	8132.533
88	44	8430.23	8158.865
88	45	8404.021	8161.954
88	46	8465.47	8159.485
88	47	8439.83	8155.4087
88	48	8406.89	8158.6157
88	50	8417.577	8155.0957
88	55	8380.853	8161.774
88	56	8431.855	8213.931
88	57	8382.957	8158.3516
88	58	8431.995	8220.6045
88	59	8432.4375	8220.856
88	60	8430.862	8148.5903
88	61	8379.37	8152.986
89	1	8420.488	8195.731
89	2	8431.908	8221.381
89	3	8447.277	8162.3887
89	4	8426.489	8162.1
89	5	8470.814	8136.2427
89	6	8438.893	8179.5967
89	7	8441.861	8176.112
89	8	8431.093	8176.186
89	9	8443.139	8172.627
89	10	8418.555	8179.32
89	11	8426.76	8172.503
89	12	8452.88	8176.1836
89	13	8415.388	8175.99
89	14	8456.422	8173.0557
89	15	8408.886	8172.389
89	16	8451.113	8179.925
89	17	8427.53	8185.3726
89	18	8460.283	8176.17
89	19	8452.326	8150.3726
89	20	8431.059	8149.4946
89	24	8408.97	8191.876
89	25	8410.204	8200.66
89	26	8405.289	8190.182
89	28	8406.528	8199.434
89	30	8407.838	8206.499
89	31	8445.505	8134.365
89	32	8440.193	8133.533
89	33	8424.281	8132.588
89	35	8401.817	8139.859
89	36	8460.223	8179.621
89	37	8489.675	8129.5586
89	41	8432.774	8107.706
89	42	8499.003	8132.533
89	44	8431.64	8158.8916
89	45	8405.143	8161.966
89	46	8467.02	8159.5303
89	47	8440.854	8155.4307
89	48	8408.117	8158.6265
89	50	8418.662	8155.0947
89	55	8381.82	8161.791
89	56	8431.828	8213.943
89	57	8383.959	8158.393
89	60	8430.699	8148.605
89	61	8380.017	8152.676
90	1	8420.598	8196.456
90	2	8432.18	8221.478
90	3	8448.72	8162.3823
90	4	8427.715	8162.136
90	5	8470.665	8136.2197
90	6	8438.477	8179.5967
90	7	8441.474	8176.12
90	8	8430.554	8176.1797
90	9	8442.787	8172.6284
90	10	8417.699	8179.3105
90	11	8426.141	8172.502
90	12	8452.568	8176.181
90	13	8414.611	8175.984
90	14	8456.362	8173.051
90	15	8407.833	8172.3857
90	16	8451.026	8179.9263
90	17	8427.524	8185.3784
90	18	8460.233	8176.159
90	19	8452.326	8150.3726
90	20	8430.923	8149.524
90	24	8408.97	8191.876
90	25	8410.204	8200.66
90	26	8405.289	8190.182
90	28	8406.528	8199.434
90	30	8407.832	8206.522
90	31	8445.505	8134.365
90	32	8440.193	8133.533
90	33	8424.281	8132.588
90	35	8401.817	8139.859
90	36	8460.066	8179.616
90	37	8489.675	8129.5586
90	41	8432.774	8107.706
90	42	8499.003	8132.533
90	44	8433.033	8158.9233
90	45	8406.174	8161.9854
90	46	8468.606	8159.58
90	47	8441.88	8155.4336
90	48	8409.345	8158.6562
90	50	8419.748	8155.122
90	55	8382.872	8161.8145
90	57	8384.9375	8158.407
90	60	8430.593	8148.6367
90	61	8380.573	8152.3564
