0	1	2998.0923	2100.9668
0	2	3005.1545	2064.7708
0	3	2982.063	2074.4248
0	4	3022.079	2097.7356
0	5	3018.4321	2101.0234
0	6	3030.4246	2105.08
0	7	2990.7705	2104.0903
0	8	2957.576	2084.9893
0	9	3001.9868	2130.1777
0	10	3007.4934	2130.8389
0	11	2981.1814	2072.524
0	12	2985.6792	2129.9897
0	14	3065.862	2099.1382
0	15	3006.8818	2142.355
0	16	3002.1484	2142.8271
0	18	3041.084	2083.6296
0	19	3045.7808	2066.748
0	20	3048.418	2065.5447
0	21	3019.5063	2148.9475
0	22	2999.363	2038.8726
0	24	3014.9414	2038.8212
0	25	2977.4958	2149.3682
0	27	3040.7732	2147.0469
0	28	3019.4805	2157.3337
0	30	2999.682	2033.1073
0	33	3040.526	2153.314
0	36	3063.631	2130.6392
0	37	2974.5054	2037.6779
0	41	3041.2278	2158.1926
0	42	3054.8909	2041.4979
0	98	3068.9717	2051.632
0	101	3072.873	2090.7192
0	110	3079.3916	2138.653
0	111	3079.6243	2051.9067
0	113	3091.5833	2066.3025
0	114	3099.627	2095.137
0	116	3040.7998	2150.0903
1	1	2996.1824	2100.8833
1	2	3005.2832	2065.267
1	3	2982.5457	2074.4377
1	4	3020.3557	2097.6865
1	5	3016.8718	2100.987
1	6	3028.6582	2105.0454
1	7	2989.1792	2104.0586
1	8	2959.6514	2085.01
1	9	3001.9868	2130.1777
1	10	3007.4934	2130.8389
1	11	2981.275	2072.7563
1	12	2985.6792	2129.9897
1	14	3064.0857	2099.1252
1	15	3006.8818	2142.355
1	16	3002.1484	2142.8271
1	18	3042.1494	2083.6462
1	21	3019.5063	2148.9475
1	22	2999.363	2038.8726
1	24	3014.9414	2038.8212
1	25	2977.4958	2149.3682
1	27	3040.7732	2147.0469
1	28	3019.4805	2157.3337
1	29	3040.7788	2150.1072
1	30	2999.682	2033.1073
1	31	2973.5767	2153.5247
1	33	3040.526	2153.314
1	36	3063.631	2130.6392
1	37	2974.5054	2037.6779
1	38	2969.5906	2040.2528
1	39	2982.7317	2031.5856
1	41	3041.2278	2158.1926
1	42	3054.8909	2041.4979
1	98	3068.9717	2051.632
1	101	3075.029	2090.7615
1	110	3079.704	2138.6147
1	111	3079.6243	2051.9067
1	112	3056.8735	2031.5347
2	1	2994.2998	2100.8096
2	2	3005.388	2065.732
2	3	2982.9006	2074.4946
2	4	3018.648	2097.637
2	5	3015.3394	2100.949
2	6	3026.9387	2105.024
2	7	2987.6248	2104.025
2	8	2961.5662	2085.049
2	9	3001.9868	2130.1777
2	10	3007.4934	2130.8389
2	12	2985.6792	2129.9897
2	14	3062.3262	2099.1006
2	15	3006.8818	2142.355
2	16	3002.1484	2142.8271
2	18	3043.2195	2083.673
2	19	3045.7808	2066.748
2	20	3048.418	2065.5447
2	21	3019.5063	2148.9475
2	22	2999.363	2038.8726
2	23	3018.989	2154.775
2	24	3014.9414	2038.8212
2	25	2977.4958	2149.3682
2	27	3040.7732	2147.0469
2	28	3019.4805	2157.3337
2	29	3040.7788	2150.1072
2	30	2999.682	2033.1073
2	31	2973.5767	2153.5247
2	33	3040.526	2153.314
2	34	3014.7463	2031.2814
2	35	3008.4954	2033.9025
2	36	3063.631	2130.6392
2	37	2974.5054	2037.6779
2	38	2969.5906	2040.2528
2	39	2982.7317	2031.5856
2	40	2977.5935	2033.3428
2	41	3041.2278	2158.1926
2	42	3054.8909	2041.4979
2	98	3068.9717	2051.632
2	101	3077.183	2090.8125
2	110	3080.147	2138.5842
2	112	3056.8735	2031.5347
3	1	2992.432	2100.7336
3	2	3005.4927	2066.2307
3	3	2983.343	2074.5005
3	4	3016.9585	2097.5874
3	5	3013.825	2100.921
3	6	3025.226	2104.9902
3	7	2986.111	2103.9956
3	8	2963.563	2085.0686
3	9	3001.9868	2130.1777
3	10	3007.4934	2130.8389
3	11	2981.2856	2072.754
3	12	2985.6792	2129.9897
3	13	2982.9917	2129.5217
3	14	3060.6123	2099.072
3	15	3006.8818	2142.355
3	16	3002.1484	2142.8271
3	18	3044.3235	2083.6794
3	19	3045.7808	2066.748
3	20	3048.418	2065.5447
3	21	3019.5063	2148.9475
3	22	2999.363	2038.8726
3	25	2977.4958	2149.3682
3	27	3040.7732	2147.0469
3	28	3019.4805	2157.3337
3	30	2999.682	2033.1073
3	31	2973.5767	2153.5247
3	33	3040.526	2153.314
3	35	3008.501	2033.4652
3	36	3063.631	2130.6392
3	37	2974.5054	2037.6779
3	38	2969.5906	2040.2528
3	39	2982.7317	2031.5856
3	41	3041.2278	2158.1926
3	42	3054.8909	2041.4979
3	98	3068.9717	2051.632
3	101	3079.3223	2090.8457
3	110	3080.451	2138.5254
3	111	3079.6243	2051.9067
4	1	2990.608	2100.6606
4	2	3005.595	2066.6484
4	3	2983.7703	2074.4753
4	4	3015.2876	2097.537
4	5	3012.3442	2100.8862
4	6	3023.5334	2104.9568
4	7	2984.5999	2103.9631
4	8	2965.5598	2085.0842
4	9	3001.9868	2130.1777
4	10	3007.4934	2130.8389
4	12	2985.6792	2129.9897
4	13	2982.9917	2129.5217
4	14	3058.9038	2099.0374
4	15	3006.8818	2142.355
4	16	3002.1484	2142.8271
4	17	2975.1755	2131.4724
4	18	3045.38	2083.7034
4	19	3045.7808	2066.748
4	20	3048.418	2065.5447
4	21	3019.5063	2148.9475
4	22	2999.363	2038.8726
4	23	3018.989	2154.775
4	24	3014.9414	2038.8212
4	25	2977.4958	2149.3682
4	27	3040.7732	2147.0469
4	28	3019.4805	2157.3337
4	29	3040.7788	2150.1072
4	30	2999.682	2033.1073
4	31	2973.5767	2153.5247
4	32	2996.618	2033.6959
4	33	3040.526	2153.314
4	34	3014.7463	2031.2814
4	35	3008.5125	2033.0568
4	36	3063.631	2130.6392
4	37	2974.5054	2037.6779
4	38	2969.5906	2040.2528
4	39	2982.7317	2031.5856
4	40	2977.5935	2033.3428
4	41	3041.2278	2158.1926
4	42	3054.8909	2041.4979
4	98	3068.9717	2051.632
4	101	3081.487	2090.8992
5	1	2988.8157	2100.5935
5	2	3005.6682	2067.0396
5	3	2984.1567	2074.4817
5	4	3013.6328	2097.4866
5	5	3010.881	2100.861
5	6	3021.8433	2104.9382
5	7	2983.1138	2103.9336
5	8	2967.5718	2085.0989
5	9	3001.9868	2130.1777
5	10	3007.4934	2130.8389
5	11	2981.2744	2072.669
5	12	2985.6792	2129.9897
5	13	2982.9917	2129.5217
5	14	3057.1936	2099.0044
5	15	3006.8818	2142.355
5	16	3002.1484	2142.8271
5	17	2975.1755	2131.4724
5	18	3046.45	2083.7117
5	19	3045.7808	2066.748
5	20	3048.418	2065.5447
5	21	3019.5063	2148.9475
5	23	3018.989	2154.775
5	24	3014.9414	2038.8212
5	25	2977.4958	2149.3682
5	26	2967.092	2142.3523
5	27	3040.7732	2147.0469
5	28	3019.4805	2157.3337
5	29	3040.7788	2150.1072
5	30	2999.682	2033.1073
5	31	2973.5767	2153.5247
5	33	3040.526	2153.314
5	34	3014.7463	2031.2814
5	35	3008.5288	2032.6567
5	36	3063.631	2130.6392
5	37	2974.5054	2037.6779
5	38	2969.5906	2040.2528
5	39	2982.7317	2031.5856
5	40	2977.5935	2033.3428
5	41	3041.2278	2158.1926
5	42	3054.8909	2041.4979
5	98	3068.9717	2051.632
5	101	3083.6619	2091.0127
5	115	3065.674	2144.173
6	1	2987.0425	2100.5356
6	2	3005.7654	2067.501
6	3	2984.6016	2074.5
6	4	3011.9932	2097.437
6	5	3009.4246	2100.8281
6	6	3020.1965	2104.909
6	7	2981.665	2103.8948
6	8	2969.568	2085.1084
6	9	3001.9868	2130.1777
6	10	3007.4934	2130.8389
6	11	2981.1157	2071.9595
6	12	2985.6792	2129.9897
6	13	2982.9917	2129.5217
6	14	3055.483	2098.9773
6	15	3006.8818	2142.355
6	16	3002.1484	2142.8271
6	17	2975.1755	2131.4724
6	18	3047.572	2083.726
6	19	3045.7808	2066.748
6	20	3048.418	2065.5447
6	21	3019.5063	2148.9475
6	22	2999.363	2038.8726
6	23	3018.989	2154.775
6	24	3014.9414	2038.8212
6	25	2977.4958	2149.3682
6	27	3040.7732	2147.0469
6	28	3019.4805	2157.3337
6	29	3040.7788	2150.1072
6	30	2999.682	2033.1073
6	31	2973.5767	2153.5247
6	32	2996.544	2033.4967
6	33	3040.526	2153.314
6	34	3014.7463	2031.2814
6	35	3008.577	2032.2559
6	36	3063.631	2130.6392
6	37	2974.5054	2037.6779
6	38	2969.5906	2040.2528
6	39	2982.7317	2031.5856
6	40	2977.5935	2033.3428
6	41	3041.2278	2158.1926
6	42	3054.8909	2041.4979
6	98	3068.9717	2051.632
6	101	3085.7722	2091.0288
7	1	2985.323	2100.4795
7	2	3005.8525	2067.9321
7	3	2985.0015	2074.505
7	4	3010.3708	2097.3875
7	5	3008.0076	2100.806
7	6	3018.5596	2104.885
7	7	2980.194	2103.8645
7	8	2971.5984	2085.13
7	9	3001.9868	2130.1777
7	10	3007.4934	2130.8389
7	11	2981.2183	2072.786
7	12	2985.6792	2129.9897
7	14	3053.8096	2098.951
7	15	3006.8818	2142.355
7	16	3002.1484	2142.8271
7	17	2975.1755	2131.4724
7	18	3048.7346	2083.739
7	19	3045.7808	2066.748
7	20	3048.418	2065.5447
7	21	3019.5063	2148.9475
7	22	2999.363	2038.8726
7	23	3018.989	2154.775
7	24	3014.9414	2038.8212
7	25	2977.4958	2149.3682
7	26	2967.092	2142.3523
7	27	3040.7732	2147.0469
7	28	3019.4805	2157.3337
7	29	3040.7788	2150.1072
7	30	2999.682	2033.1073
7	31	2973.5767	2153.5247
7	32	2996.5225	2033.3894
7	33	3040.526	2153.314
7	34	3014.7463	2031.2814
7	35	3008.575	2031.8434
7	36	3063.631	2130.6392
7	37	2974.5054	2037.6779
7	38	2969.5906	2040.2528
7	39	2982.7317	2031.5856
7	40	2977.5935	2033.3428
7	41	3041.2278	2158.1926
7	42	3054.8909	2041.4979
7	98	3068.9717	2051.632
7	101	3087.9714	2091.008
8	1	2983.592	2100.419
8	2	3005.9475	2068.3462
8	3	2985.3958	2074.496
8	4	3008.767	2097.3406
8	5	3006.5996	2100.78
8	6	3016.9326	2104.8604
8	7	2978.7627	2103.8286
8	8	2973.6138	2085.151
8	9	3001.9868	2130.1777
8	10	3007.4934	2130.8389
8	11	2981.238	2072.8022
8	12	2985.6792	2129.9897
8	13	2982.9917	2129.5217
8	14	3052.1584	2098.918
8	15	3006.8818	2142.355
8	16	3002.1484	2142.8271
8	17	2975.1755	2131.4724
8	18	3049.8806	2083.758
8	19	3045.7808	2066.748
8	20	3048.418	2065.5447
8	21	3019.5063	2148.9475
8	22	2999.363	2038.8726
8	23	3018.989	2154.775
8	24	3014.9414	2038.8212
8	25	2977.4958	2149.3682
8	26	2967.092	2142.3523
8	27	3040.7732	2147.0469
8	28	3019.4805	2157.3337
8	29	3040.7788	2150.1072
8	30	2999.682	2033.1073
8	31	2973.5767	2153.5247
8	32	2996.4866	2033.2837
8	33	3040.526	2153.314
8	34	3014.7463	2031.2814
8	35	3008.646	2031.4636
8	36	3063.631	2130.6392
8	37	2974.5054	2037.6779
8	38	2969.5906	2040.2528
8	39	2982.7317	2031.5856
8	40	2977.5935	2033.3428
8	41	3041.2278	2158.1926
8	42	3054.8909	2041.4979
8	98	3068.9717	2051.632
9	1	2981.9214	2100.366
9	2	3006.0276	2068.734
9	3	2985.7917	2074.4949
9	4	3007.1814	2097.2944
9	5	3005.2197	2100.7551
9	6	3015.3389	2104.8418
9	7	2977.3572	2103.802
9	8	2975.6252	2085.1797
9	9	3001.9868	2130.1777
9	10	3007.4934	2130.8389
9	11	2981.2222	2072.788
9	12	2985.6792	2129.9897
9	13	2982.9917	2129.5217
9	14	3050.498	2098.8755
9	15	3006.8818	2142.355
9	16	3002.1484	2142.8271
9	17	2975.1755	2131.4724
9	18	3051.0193	2083.7783
9	19	3045.7808	2066.748
9	20	3048.418	2065.5447
9	21	3019.5063	2148.9475
9	22	2999.363	2038.8726
9	23	3018.989	2154.775
9	24	3014.9414	2038.8212
9	25	2977.4958	2149.3682
9	26	2967.092	2142.3523
9	27	3040.7732	2147.0469
9	28	3019.4805	2157.3337
9	29	3040.7788	2150.1072
9	30	2999.682	2033.1073
9	31	2973.5767	2153.5247
9	32	2996.4646	2033.1448
9	33	3040.526	2153.314
9	34	3014.7463	2031.2814
9	35	3008.677	2031.0923
9	36	3063.631	2130.6392
9	37	2974.5054	2037.6779
9	38	2969.5906	2040.2528
9	39	2982.7317	2031.5856
9	40	2977.5935	2033.3428
9	41	3041.2278	2158.1926
9	42	3054.8909	2041.4979
10	1	2980.2878	2100.307
10	2	3006.1118	2069.114
10	3	2986.2297	2074.507
10	4	3005.6125	2097.2493
10	5	3003.8496	2100.7397
10	6	3013.7642	2104.812
10	7	2975.9597	2103.7644
10	8	2977.6362	2085.2004
10	9	3001.9868	2130.1777
10	10	3007.4934	2130.8389
10	11	2981.206	2072.79
10	12	2985.6792	2129.9897
10	13	2982.9917	2129.5217
10	14	3048.8442	2098.8328
10	15	3006.8818	2142.355
10	16	3002.1484	2142.8271
10	17	2975.1755	2131.4724
10	18	3052.1865	2083.7952
10	19	3045.7808	2066.748
10	20	3048.418	2065.5447
10	21	3019.5063	2148.9475
10	22	2999.363	2038.8726
10	23	3018.989	2154.775
10	24	3014.9414	2038.8212
10	25	2977.4958	2149.3682
10	26	2967.092	2142.3523
10	27	3040.7732	2147.0469
10	28	3019.4805	2157.3337
10	29	3040.7788	2150.1072
10	30	2999.682	2033.1073
10	31	2973.5767	2153.5247
10	32	2996.4363	2033.055
10	33	3040.526	2153.314
10	34	3014.7463	2031.2814
10	35	3008.7302	2030.714
10	36	3063.631	2130.6392
10	37	2974.5054	2037.6779
10	38	2969.5906	2040.2528
10	39	2982.7317	2031.5856
10	40	2977.5935	2033.3428
10	41	3041.2278	2158.1926
10	42	3054.8909	2041.4979
11	1	2978.6558	2100.2502
11	2	3006.1775	2069.4734
11	3	2986.632	2074.4812
11	4	3004.0603	2097.2043
11	5	3002.509	2100.7148
11	6	3012.2117	2104.7815
11	7	2974.5706	2103.74
11	8	2979.6492	2085.2317
11	9	3001.9868	2130.1777
11	10	3007.4934	2130.8389
11	11	2981.219	2072.7703
11	12	2985.6792	2129.9897
11	13	2982.9917	2129.5217
11	14	3047.214	2098.7993
11	15	3006.8818	2142.355
11	16	3002.1484	2142.8271
11	17	2975.1755	2131.4724
11	18	3053.368	2083.8127
11	21	3019.5063	2148.9475
11	22	2999.363	2038.8726
11	23	3018.989	2154.775
11	24	3014.9414	2038.8212
11	25	2977.4958	2149.3682
11	26	2967.092	2142.3523
11	27	3040.7732	2147.0469
11	28	3019.4805	2157.3337
11	29	3040.7788	2150.1072
11	30	2999.682	2033.1073
11	31	2973.5767	2153.5247
11	32	2996.425	2032.9441
11	33	3040.526	2153.314
11	34	3014.7463	2031.2814
11	35	3008.7778	2030.3508
11	36	3063.631	2130.6392
11	37	2974.5054	2037.6779
11	38	2969.5906	2040.2528
11	39	2982.7317	2031.5856
11	40	2977.5935	2033.3428
11	41	3041.2278	2158.1926
11	42	3054.8909	2041.4979
12	1	2977.1025	2100.191
12	2	3006.2495	2069.808
12	3	2986.9805	2074.4722
12	4	3002.5254	2097.162
12	5	3001.1877	2100.7036
12	6	3010.6729	2104.7598
12	7	2973.2214	2103.7092
12	8	2981.6902	2085.2776
12	9	3001.9868	2130.1777
12	10	3007.4934	2130.8389
12	11	2981.2144	2072.7593
12	12	2985.6792	2129.9897
12	13	2982.9917	2129.5217
12	14	3045.5598	2098.7559
12	15	3006.8818	2142.355
12	16	3002.1484	2142.8271
12	17	2975.1755	2131.4724
12	18	3054.5066	2083.837
12	21	3019.5063	2148.9475
12	22	2999.363	2038.8726
12	23	3018.989	2154.775
12	24	3014.9414	2038.8212
12	25	2977.4958	2149.3682
12	26	2967.092	2142.3523
12	27	3040.7732	2147.0469
12	28	3019.4805	2157.3337
12	29	3040.7788	2150.1072
12	30	2999.682	2033.1073
12	31	2973.5767	2153.5247
12	32	2996.3875	2032.8418
12	34	3014.7463	2031.2814
12	35	3008.8633	2030.0071
12	36	3063.631	2130.6392
12	37	2974.5054	2037.6779
12	38	2969.5906	2040.2528
12	39	2982.7317	2031.5856
12	40	2977.5935	2033.3428
12	41	3041.2278	2158.1926
12	42	3054.8909	2041.4979
13	1	2975.5918	2100.1357
13	2	3006.3232	2070.1538
13	3	2987.4443	2074.4604
13	4	3001.0078	2097.1213
13	5	2999.9001	2100.6904
13	6	3009.1665	2104.7314
13	7	2971.892	2103.6826
13	8	2983.7144	2085.3179
13	9	3001.9868	2130.1777
13	10	3007.4934	2130.8389
13	11	2981.2107	2072.7793
13	12	2985.6792	2129.9897
13	13	2982.9917	2129.5217
13	14	3043.9634	2098.7092
13	15	3006.8818	2142.355
13	16	3002.1484	2142.8271
13	17	2975.1755	2131.4724
13	18	3055.7302	2083.8474
13	19	3045.7808	2066.748
13	21	3019.5063	2148.9475
13	22	2999.363	2038.8726
13	23	3018.989	2154.775
13	24	3014.9414	2038.8212
13	25	2977.4958	2149.3682
13	26	2967.092	2142.3523
13	27	3040.7732	2147.0469
13	28	3019.4805	2157.3337
13	29	3040.7788	2150.1072
13	30	2999.682	2033.1073
13	31	2973.5767	2153.5247
13	32	2996.3928	2032.7292
13	34	3014.7463	2031.2814
13	35	3008.9482	2029.7095
13	36	3063.631	2130.6392
13	37	2974.5054	2037.6779
13	38	2969.5906	2040.2528
13	39	2982.7317	2031.5856
13	40	2977.5935	2033.3428
13	41	3041.2278	2158.1926
13	42	3054.8909	2041.4979
13	57	2945.1516	2047.9606
14	1	2974.0767	2100.0798
14	2	3006.3904	2070.4973
14	3	2987.8547	2074.431
14	4	2999.5095	2097.0828
14	5	2998.635	2100.6677
14	6	3007.6648	2104.7021
14	7	2970.594	2103.6492
14	8	2985.7302	2085.3723
14	9	3001.9868	2130.1777
14	10	3007.4934	2130.8389
14	11	2981.178	2072.801
14	12	2985.6792	2129.9897
14	13	2982.9917	2129.5217
14	14	3042.3816	2098.6648
14	15	3006.8818	2142.355
14	16	3002.1484	2142.8271
14	17	2975.1755	2131.4724
14	18	3056.9866	2083.874
14	19	3045.7808	2066.748
14	20	3048.418	2065.5447
14	21	3019.5063	2148.9475
14	22	2999.363	2038.8726
14	23	3018.989	2154.775
14	24	3014.9414	2038.8212
14	25	2977.4958	2149.3682
14	26	2967.092	2142.3523
14	27	3040.7732	2147.0469
14	28	3019.4805	2157.3337
14	30	2999.682	2033.1073
14	31	2973.5767	2153.5247
14	32	2996.3728	2032.6365
14	33	3040.526	2153.314
14	34	3014.7463	2031.2814
14	35	3009.034	2029.3805
14	36	3063.631	2130.6392
14	37	2974.5054	2037.6779
14	38	2969.5906	2040.2528
14	39	2982.7317	2031.5856
14	40	2977.5935	2033.3428
14	41	3041.2278	2158.1926
14	57	2945.1516	2047.9606
15	1	2972.5908	2100.034
15	2	3006.4573	2070.8118
15	3	2988.2793	2074.398
15	4	2998.0295	2097.045
15	5	2997.394	2100.654
15	6	3006.1914	2104.6748
15	7	2969.2988	2103.626
15	8	2987.7263	2085.4248
15	9	3001.9868	2130.1777
15	10	3007.4934	2130.8389
15	11	2981.2048	2072.8054
15	12	2985.6792	2129.9897
15	13	2982.9917	2129.5217
15	14	3040.785	2098.63
15	15	3006.8818	2142.355
15	16	3002.1484	2142.8271
15	17	2975.1755	2131.4724
15	18	3058.196	2083.8914
15	21	3019.5063	2148.9475
15	22	2999.363	2038.8726
15	23	3018.989	2154.775
15	24	3014.9414	2038.8212
15	25	2977.4958	2149.3682
15	26	2967.092	2142.3523
15	27	3040.7732	2147.0469
15	28	3019.4805	2157.3337
15	29	3040.7788	2150.1072
15	30	2999.682	2033.1073
15	31	2973.5767	2153.5247
15	32	2996.3694	2032.505
15	33	3040.526	2153.314
15	34	3014.7463	2031.2814
15	35	3009.1248	2029.0312
15	36	3063.631	2130.6392
15	37	2974.5054	2037.6779
15	38	2969.5906	2040.2528
15	39	2982.7317	2031.5856
15	40	2977.5935	2033.3428
15	41	3041.2278	2158.1926
15	57	2945.1516	2047.9606
16	1	2971.1396	2099.9932
16	2	3006.5186	2071.1223
16	3	2988.6636	2074.3975
16	4	2996.5674	2097.0095
16	5	2996.1343	2100.6328
16	6	3004.7485	2104.648
16	7	2968.0225	2103.5994
16	8	2989.6987	2085.4924
16	9	3001.9868	2130.1777
16	10	3007.4934	2130.8389
16	12	2985.6792	2129.9897
16	13	2982.9917	2129.5217
16	14	3039.1907	2098.5833
16	15	3006.8818	2142.355
16	16	3002.1484	2142.8271
16	17	2975.1755	2131.4724
16	18	3059.4797	2083.925
16	21	3019.5063	2148.9475
16	22	2999.363	2038.8726
16	23	3018.989	2154.775
16	24	3014.9414	2038.8212
16	25	2977.4958	2149.3682
16	26	2967.092	2142.3523
16	27	3040.7732	2147.0469
16	28	3019.4805	2157.3337
16	29	3040.7788	2150.1072
16	30	2999.682	2033.1073
16	31	2973.5767	2153.5247
16	32	2996.3699	2032.3687
16	33	3040.526	2153.314
16	34	3014.7463	2031.2814
16	35	3009.2415	2028.731
16	37	2974.5054	2037.6779
16	38	2969.5906	2040.2528
16	39	2982.7317	2031.5856
16	41	3041.2278	2158.1926
16	57	2945.1516	2047.9606
17	1	2969.7185	2099.9497
17	2	3006.5664	2071.3982
17	4	2995.1235	2096.975
17	5	2994.9092	2100.6067
17	6	3003.3088	2104.6165
17	7	2966.795	2103.571
17	8	2991.691	2085.549
17	9	3001.9868	2130.1777
17	10	3007.4934	2130.8389
17	11	2981.1848	2072.8047
17	12	2985.6792	2129.9897
17	13	2982.9917	2129.5217
17	14	3037.6382	2098.5518
17	15	3006.8818	2142.355
17	16	3002.1484	2142.8271
17	17	2975.1755	2131.4724
17	18	3060.7039	2083.9473
17	21	3019.5063	2148.9475
17	22	2999.363	2038.8726
17	23	3018.989	2154.775
17	24	3014.9414	2038.8212
17	25	2977.4958	2149.3682
17	26	2967.092	2142.3523
17	27	3040.7732	2147.0469
17	28	3019.4805	2157.3337
17	29	3040.7788	2150.1072
17	30	2999.682	2033.1073
17	31	2973.5767	2153.5247
17	32	2996.3572	2032.2423
17	33	3040.526	2153.314
17	34	3014.7463	2031.2814
17	35	3009.3425	2028.4575
17	37	2974.5054	2037.6779
17	39	2982.7317	2031.5856
17	40	2977.5935	2033.3428
17	57	2945.1516	2047.9606
17	68	2943.396	2041.6409
18	1	2968.3203	2099.901
18	2	3006.625	2071.6753
18	4	2993.6965	2096.9421
18	5	2993.7102	2100.584
18	6	3001.8826	2104.588
18	7	2965.567	2103.546
18	8	2993.6396	2085.5957
18	9	3001.9868	2130.1777
18	10	3007.4934	2130.8389
18	11	2981.143	2072.672
18	12	2985.6792	2129.9897
18	13	2982.9917	2129.5217
18	14	3036.0693	2098.5115
18	15	3006.8818	2142.355
18	16	3002.1484	2142.8271
18	17	2975.1755	2131.4724
18	18	3061.895	2083.9583
18	21	3019.5063	2148.9475
18	22	2999.363	2038.8726
18	23	3018.989	2154.775
18	24	3014.9414	2038.8212
18	25	2977.4958	2149.3682
18	26	2967.092	2142.3523
18	27	3040.7732	2147.0469
18	28	3019.4805	2157.3337
18	29	3040.7788	2150.1072
18	30	2999.682	2033.1073
18	31	2973.5767	2153.5247
18	33	3040.526	2153.314
18	34	3014.7463	2031.2814
18	35	3009.425	2028.1249
18	37	2974.5054	2037.6779
18	39	2982.7317	2031.5856
18	40	2977.5935	2033.3428
18	57	2945.1516	2047.9606
18	68	2943.396	2041.6409
18	94	2999.4958	2027.4042
19	1	2967.0066	2099.8582
19	2	3006.6736	2071.9412
19	3	2989.8623	2074.3596
19	4	2992.2878	2096.9111
19	5	2992.4705	2100.561
19	6	3000.4995	2104.5637
19	7	2964.3506	2103.5188
19	8	2995.5828	2085.6406
19	9	3001.9868	2130.1777
19	10	3007.4934	2130.8389
19	11	2981.179	2072.8186
19	12	2985.6792	2129.9897
19	13	2982.9917	2129.5217
19	14	3034.5867	2098.4707
19	15	3006.8818	2142.355
19	16	3002.1484	2142.8271
19	17	2975.1755	2131.4724
19	18	3063.2698	2083.9937
19	21	3019.5063	2148.9475
19	22	2999.363	2038.8726
19	23	3018.989	2154.775
19	24	3014.9414	2038.8212
19	25	2977.4958	2149.3682
19	26	2967.092	2142.3523
19	27	3040.7732	2147.0469
19	28	3019.4805	2157.3337
19	29	3040.7788	2150.1072
19	30	2999.682	2033.1073
19	31	2973.5767	2153.5247
19	32	2996.3486	2031.9985
19	33	3040.526	2153.314
19	34	3014.7463	2031.2814
19	35	3009.5544	2027.828
19	37	2974.5054	2037.6779
19	39	2982.7317	2031.5856
19	40	2977.5935	2033.3428
19	57	2945.1516	2047.9606
19	68	2943.396	2041.6409
19	94	2999.4958	2027.4042
20	1	2965.6736	2099.8203
20	2	3006.6987	2072.1428
20	3	2990.2368	2074.314
20	4	2990.8984	2096.8818
20	5	2991.2546	2100.522
20	6	2999.1204	2104.5322
20	7	2963.1782	2103.4917
20	8	2997.503	2085.6667
20	9	3001.9868	2130.1777
20	10	3007.4934	2130.8389
20	11	2981.1511	2072.8167
20	12	2985.6792	2129.9897
20	13	2982.9917	2129.5217
20	14	3033.0176	2098.435
20	15	3006.8818	2142.355
20	16	3002.1484	2142.8271
20	17	2975.1755	2131.4724
20	18	3064.5107	2083.9758
20	21	3019.5063	2148.9475
20	22	2999.363	2038.8726
20	23	3018.989	2154.775
20	24	3014.9414	2038.8212
20	25	2977.4958	2149.3682
20	26	2967.092	2142.3523
20	27	3040.7732	2147.0469
20	28	3019.4805	2157.3337
20	29	3040.7788	2150.1072
20	30	2999.682	2033.1073
20	31	2973.5767	2153.5247
20	33	3040.526	2153.314
20	34	3014.7463	2031.2814
20	35	3009.5994	2027.556
20	37	2974.5054	2037.6779
20	39	2982.7317	2031.5856
20	40	2977.5935	2033.3428
20	57	2945.1516	2047.9606
20	68	2943.396	2041.6409
20	94	2999.4958	2027.4042
21	1	2964.4092	2099.7825
21	2	3006.755	2072.3992
21	3	2990.6116	2074.2737
21	4	2989.5283	2096.8542
21	5	2990.0425	2100.4995
21	6	2997.7815	2104.4946
21	7	2962.019	2103.4695
21	8	2999.5378	2085.6843
21	9	3001.9868	2130.1777
21	10	3007.4934	2130.8389
21	11	2981.1484	2072.8162
21	12	2985.6792	2129.9897
21	13	2982.9917	2129.5217
21	14	3031.519	2098.3904
21	15	3006.8818	2142.355
21	16	3002.1484	2142.8271
21	17	2975.1755	2131.4724
21	18	3065.7769	2083.9875
21	21	3019.5063	2148.9475
21	22	2999.363	2038.8726
21	23	3018.989	2154.775
21	24	3014.9414	2038.8212
21	25	2977.4958	2149.3682
21	26	2967.092	2142.3523
21	27	3040.7732	2147.0469
21	28	3019.4805	2157.3337
21	29	3040.7788	2150.1072
21	30	2999.682	2033.1073
21	33	3040.526	2153.314
21	34	3014.7463	2031.2814
21	35	3009.728	2027.2465
21	39	2982.7317	2031.5856
21	40	2977.5935	2033.3428
21	57	2945.1516	2047.9606
21	68	2943.396	2041.6409
22	1	2963.159	2099.751
22	2	3006.8015	2072.6338
22	3	2991.0125	2074.2146
22	4	2988.176	2096.8284
22	5	2988.8584	2100.4631
22	6	2996.4658	2104.4697
22	7	2960.887	2103.4495
22	8	3001.5679	2085.7244
22	9	3001.9868	2130.1777
22	10	3007.4934	2130.8389
22	11	2981.1423	2072.8066
22	12	2985.6792	2129.9897
22	13	2982.9917	2129.5217
22	14	3029.9702	2098.3435
22	15	3006.8818	2142.355
22	16	3002.1484	2142.8271
22	17	2975.1755	2131.4724
22	22	2999.363	2038.8726
22	23	3018.989	2154.775
22	24	3014.9414	2038.8212
22	25	2977.4958	2149.3682
22	26	2967.092	2142.3523
22	27	3040.7732	2147.0469
22	28	3019.4805	2157.3337
22	29	3040.7788	2150.1072
22	30	2999.682	2033.1073
22	32	2996.3545	2031.6456
22	34	3014.7463	2031.2814
22	35	3009.8228	2026.9401
22	37	2974.5054	2037.6779
22	39	2982.7317	2031.5856
22	40	2977.5935	2033.3428
22	57	2945.1516	2047.9606
22	68	2943.396	2041.6409
22	94	2999.4958	2027.4042
22	97	3016.9497	2048.311
23	1	2961.9604	2099.7205
23	2	3006.844	2072.864
23	3	2991.3882	2074.1707
23	4	2986.8428	2096.8054
23	5	2987.6907	2100.441
23	6	2995.1343	2104.4377
23	7	2959.755	2103.4243
23	8	3003.5952	2085.757
23	9	3001.9868	2130.1777
23	10	3007.4934	2130.8389
23	11	2981.149	2072.809
23	12	2985.6792	2129.9897
23	13	2982.9917	2129.5217
23	14	3028.5186	2098.3008
23	15	3006.8818	2142.355
23	16	3002.1484	2142.8271
23	17	2975.1755	2131.4724
23	21	3019.5063	2148.9475
23	22	2999.363	2038.8726
23	23	3018.989	2154.775
23	24	3014.9414	2038.8212
23	25	2977.4958	2149.3682
23	26	2967.092	2142.3523
23	27	3040.7732	2147.0469
23	28	3019.4805	2157.3337
23	29	3040.7788	2150.1072
23	30	2999.682	2033.1073
23	31	2973.5767	2153.5247
23	32	2996.3457	2031.5211
23	34	3014.7463	2031.2814
23	35	3009.9133	2026.7183
23	39	2982.7317	2031.5856
23	50	2912.0962	2100.9585
23	57	2945.1516	2047.9606
23	68	2943.396	2041.6409
23	94	2999.4958	2027.4042
23	97	3016.8088	2047.9656
24	1	2960.796	2099.6948
24	2	3006.8853	2073.072
24	3	2991.7854	2074.0955
24	4	2985.5276	2096.7822
24	5	2986.526	2100.421
24	6	2993.828	2104.4067
24	7	2958.674	2103.4019
24	8	3005.6309	2085.788
24	9	3001.9868	2130.1777
24	10	3007.4934	2130.8389
24	11	2981.155	2072.8318
24	12	2985.6792	2129.9897
24	13	2982.9917	2129.5217
24	14	3027.0647	2098.2578
24	15	3006.8818	2142.355
24	16	3002.1484	2142.8271
24	17	2975.1755	2131.4724
24	22	2999.363	2038.8726
24	23	3018.989	2154.775
24	24	3014.9414	2038.8212
24	25	2977.4958	2149.3682
24	26	2967.092	2142.3523
24	27	3040.7732	2147.0469
24	28	3019.4805	2157.3337
24	30	2999.682	2033.1073
24	31	2973.5767	2153.5247
24	34	3014.7463	2031.2814
24	35	3010.0117	2026.4597
24	37	2974.5054	2037.6779
24	39	2982.7317	2031.5856
24	50	2912.3499	2101.5894
24	57	2945.1516	2047.9606
24	68	2943.396	2041.6409
24	80	2961.0723	2169.0532
24	94	2999.4958	2027.4042
24	97	3016.858	2047.9823
25	1	2959.664	2099.6736
25	2	3006.9229	2073.2917
25	3	2992.167	2074.0427
25	4	2984.2327	2096.764
25	5	2985.3733	2100.3984
25	6	2992.5408	2104.3833
25	7	2957.5945	2103.374
25	8	3007.7043	2085.8357
25	9	3001.9868	2130.1777
25	10	3007.4934	2130.8389
25	11	2981.1348	2072.8306
25	12	2985.6792	2129.9897
25	13	2982.9917	2129.5217
25	14	3025.5398	2098.2136
25	15	3006.8818	2142.355
25	16	3002.1484	2142.8271
25	17	2975.1755	2131.4724
25	21	3019.5063	2148.9475
25	22	2999.363	2038.8726
25	23	3018.989	2154.775
25	24	3014.9414	2038.8212
25	25	2977.4958	2149.3682
25	26	2967.092	2142.3523
25	27	3040.7732	2147.0469
25	28	3019.4805	2157.3337
25	30	2999.682	2033.1073
25	31	2973.5767	2153.5247
25	32	2996.3447	2031.2767
25	34	3014.7463	2031.2814
25	35	3010.1191	2026.1884
25	39	2982.7317	2031.5856
25	50	2912.6384	2102.2961
25	57	2945.1516	2047.9606
25	68	2943.396	2041.6409
25	78	2964.2756	2035.1057
25	80	2961.0723	2169.0532
25	94	2999.4958	2027.4042
25	97	3016.79	2047.9418
25	107	2944.559	2049.472
26	1	2958.5537	2099.654
26	2	3006.9607	2073.5105
26	3	2992.56	2073.9673
26	4	2982.9558	2096.7449
26	5	2984.2268	2100.3833
26	6	2991.2925	2104.358
26	7	2956.5283	2103.3489
26	8	3009.802	2085.8826
26	9	3001.9868	2130.1777
26	10	3007.4934	2130.8389
26	11	2981.1309	2072.823
26	12	2985.6792	2129.9897
26	13	2982.9917	2129.5217
26	14	3024.0784	2098.1746
26	15	3006.8818	2142.355
26	16	3002.1484	2142.8271
26	17	2975.1755	2131.4724
26	21	3019.5063	2148.9475
26	22	2999.363	2038.8726
26	23	3018.989	2154.775
26	24	3014.9414	2038.8212
26	25	2977.4958	2149.3682
26	26	2967.092	2142.3523
26	27	3040.7732	2147.0469
26	30	2999.682	2033.1073
26	31	2973.5767	2153.5247
26	32	2996.3337	2031.1432
26	34	3014.7463	2031.2814
26	43	2969.561	2040.3284
26	44	2916.455	2062.666
26	50	2912.9272	2103.074
26	52	2974.4001	2037.7343
26	57	2945.1516	2047.9606
26	68	2943.396	2041.6409
26	80	2961.0723	2169.0532
26	94	2999.4958	2027.4042
26	107	2944.554	2049.4534
27	1	2957.4717	2099.6362
27	2	3007.011	2073.731
27	3	2992.961	2073.8923
27	4	2981.6958	2096.7295
27	5	2983.114	2100.361
27	6	2990.0498	2104.3303
27	7	2955.53	2103.333
27	8	3011.866	2085.9272
27	9	3001.9868	2130.1777
27	10	3007.4934	2130.8389
27	11	2981.11	2072.86
27	12	2985.6792	2129.9897
27	13	2982.9917	2129.5217
27	14	3022.6414	2098.1409
27	15	3006.8818	2142.355
27	16	3002.1484	2142.8271
27	17	2975.1755	2131.4724
27	21	3019.5063	2148.9475
27	22	2999.363	2038.8726
27	23	3018.989	2154.775
27	24	3014.9414	2038.8212
27	26	2967.092	2142.3523
27	30	2999.682	2033.1073
27	31	2973.5767	2153.5247
27	32	2996.3105	2031.027
27	34	3014.7463	2031.2814
27	35	3010.398	2025.6237
27	43	2969.561	2040.3284
27	44	2916.455	2062.666
27	50	2913.1982	2103.8577
27	52	2974.4001	2037.7343
27	57	2945.1516	2047.9606
27	68	2943.396	2041.6409
27	80	2961.0723	2169.0532
27	94	2999.4958	2027.4042
27	97	3016.7637	2047.9128
27	107	2944.5488	2049.4958
28	1	2956.4026	2099.6306
28	2	3007.0508	2073.963
28	3	2993.2915	2073.8503
28	4	2980.4548	2096.7153
28	5	2981.9858	2100.3557
28	6	2988.8464	2104.3032
28	7	2954.5117	2103.31
28	8	3013.9553	2085.9792
28	9	3001.9868	2130.1777
28	10	3007.4934	2130.8389
28	11	2981.1362	2072.8547
28	12	2985.6792	2129.9897
28	13	2982.9917	2129.5217
28	14	3021.233	2098.089
28	15	3006.8818	2142.355
28	16	3002.1484	2142.8271
28	17	2975.1755	2131.4724
28	21	3019.5063	2148.9475
28	22	2999.363	2038.8726
28	23	3018.989	2154.775
28	24	3014.9414	2038.8212
28	30	2999.682	2033.1073
28	31	2973.5767	2153.5247
28	32	2996.2966	2030.8983
28	34	3014.7463	2031.2814
28	43	2969.561	2040.3284
28	44	2916.455	2062.666
28	50	2913.4497	2104.664
28	52	2974.4001	2037.7343
28	57	2945.1516	2047.9606
28	68	2943.396	2041.6409
28	94	2999.4958	2027.4042
28	97	3016.8057	2047.9585
28	107	2944.4827	2049.482
29	1	2955.3896	2099.621
29	2	3007.1033	2074.1921
29	3	2993.6719	2073.7854
29	4	2979.2336	2096.701
29	5	2980.898	2100.3306
29	6	2987.6267	2104.2825
29	7	2953.5452	2103.2908
29	8	3016.0505	2086.0283
29	9	3001.9868	2130.1777
29	10	3007.4934	2130.8389
29	12	2985.6792	2129.9897
29	13	2982.9917	2129.5217
29	14	3019.821	2098.0493
29	15	3006.8818	2142.355
29	16	3002.1484	2142.8271
29	17	2975.1755	2131.4724
29	21	3019.5063	2148.9475
29	22	2999.363	2038.8726
29	24	3014.9414	2038.8212
29	25	2977.4958	2149.3682
29	30	2999.682	2033.1073
29	31	2973.5767	2153.5247
29	32	2996.2878	2030.7751
29	34	3014.7463	2031.2814
29	43	2969.561	2040.3284
29	44	2916.455	2062.666
29	45	2908.5493	2120.8362
29	46	2916.4727	2053.806
29	50	2913.6958	2105.4846
29	52	2974.4001	2037.7343
29	57	2945.1516	2047.9606
29	68	2943.396	2041.6409
29	78	2964.2756	2035.1057
29	94	2999.4958	2027.4042
29	97	3016.777	2047.9434
29	107	2944.4978	2049.455
30	1	2954.3838	2099.6086
30	2	3007.1443	2074.407
30	3	2994.0354	2073.7388
30	4	2978.0317	2096.6895
30	5	2979.807	2100.3096
30	6	2986.4429	2104.2585
30	7	2952.5723	2103.2673
30	8	3018.1797	2086.071
30	9	3001.9868	2130.1777
30	10	3007.4934	2130.8389
30	11	2981.12	2072.8555
30	12	2985.6792	2129.9897
30	13	2982.9917	2129.5217
30	14	3018.4338	2098.005
30	15	3006.8818	2142.355
30	16	3002.1484	2142.8271
30	17	2975.1755	2131.4724
30	21	3019.5063	2148.9475
30	22	2999.363	2038.8726
30	24	3014.9414	2038.8212
30	25	2977.4958	2149.3682
30	30	2999.682	2033.1073
30	31	2973.5767	2153.5247
30	32	2996.2854	2030.6467
30	34	3014.7463	2031.2814
30	43	2969.561	2040.3284
30	44	2916.455	2062.666
30	45	2908.5334	2120.825
30	46	2916.4727	2053.806
30	50	2913.9194	2106.328
30	52	2974.4001	2037.7343
30	57	2945.1516	2047.9606
30	68	2943.396	2041.6409
30	78	2964.2756	2035.1057
30	94	2999.4958	2027.4042
30	97	3016.7744	2048.2654
30	107	2944.5073	2049.4417
31	1	2953.4226	2099.6038
31	2	3007.1975	2074.628
31	3	2994.4543	2073.695
31	4	2976.8462	2096.6758
31	5	2978.7495	2100.2903
31	6	2985.3154	2104.2349
31	7	2951.62	2103.2505
31	8	3020.2825	2086.1335
31	9	3001.9868	2130.1777
31	10	3007.4934	2130.8389
31	12	2985.6792	2129.9897
31	13	2982.9917	2129.5217
31	14	3017.0608	2097.9602
31	15	3006.8818	2142.355
31	16	3002.1484	2142.8271
31	17	2975.1755	2131.4724
31	21	3019.5063	2148.9475
31	22	2999.363	2038.8726
31	24	3014.9414	2038.8212
31	25	2977.4958	2149.3682
31	26	2967.092	2142.3523
31	30	2999.682	2033.1073
31	31	2973.5767	2153.5247
31	32	2996.288	2030.5267
31	34	3014.7463	2031.2814
31	43	2969.561	2040.3284
31	44	2916.455	2062.666
31	45	2908.5415	2120.8464
31	46	2916.4727	2053.806
31	47	2904.4448	2120.2776
31	48	2908.1516	2129.0693
31	50	2914.1206	2107.173
31	52	2974.4001	2037.7343
31	57	2945.1516	2047.9606
31	68	2943.396	2041.6409
31	78	2964.2756	2035.1057
31	80	2961.0723	2169.0532
31	94	2999.4958	2027.4042
31	97	3016.8132	2048.061
32	1	2952.4604	2099.599
32	2	3007.2422	2074.8271
32	3	2994.8447	2073.648
32	4	2975.6787	2096.6636
32	5	2977.682	2100.2683
32	6	2984.1794	2104.2131
32	7	2950.7224	2103.2283
32	8	3022.395	2086.1953
32	9	3001.9868	2130.1777
32	10	3007.4934	2130.8389
32	11	2981.1082	2072.8354
32	12	2985.6792	2129.9897
32	13	2982.9917	2129.5217
32	14	3015.6882	2097.927
32	15	3006.8818	2142.355
32	16	3002.1484	2142.8271
32	17	2975.1755	2131.4724
32	22	2999.363	2038.8726
32	24	3014.9414	2038.8212
32	25	2977.4958	2149.3682
32	26	2967.092	2142.3523
32	30	2999.682	2033.1073
32	31	2973.5767	2153.5247
32	34	3014.7463	2031.2814
32	43	2969.561	2040.3284
32	44	2916.455	2062.666
32	45	2908.5405	2120.8416
32	46	2916.4727	2053.806
32	47	2904.4448	2120.2776
32	48	2908.1372	2129.0645
32	50	2914.3235	2108.0732
32	52	2974.4001	2037.7343
32	57	2945.1516	2047.9606
32	68	2943.396	2041.6409
32	78	2964.2756	2035.1057
32	80	2961.0723	2169.0532
32	97	3016.7798	2048.1155
33	1	2951.5388	2099.5972
33	2	3007.298	2075.0674
33	3	2995.2422	2073.581
33	4	2974.5295	2096.6526
33	5	2976.6445	2100.251
33	6	2983.07	2104.1921
33	7	2949.8042	2103.2131
33	8	3024.4807	2086.2493
33	9	3001.9868	2130.1777
33	10	3007.4934	2130.8389
33	11	2981.0894	2072.8135
33	12	2985.6792	2129.9897
33	13	2982.9917	2129.5217
33	14	3014.3906	2097.8958
33	15	3006.8818	2142.355
33	16	3002.1484	2142.8271
33	17	2975.1755	2131.4724
33	21	3019.5063	2148.9475
33	22	2999.363	2038.8726
33	24	3014.9414	2038.8212
33	25	2977.4958	2149.3682
33	30	2999.682	2033.1073
33	31	2973.5767	2153.5247
33	43	2969.561	2040.3284
33	44	2916.455	2062.666
33	45	2908.532	2120.8384
33	46	2916.4727	2053.806
33	47	2904.4448	2120.2776
33	48	2908.1472	2129.0547
33	49	2909.01	2061.816
33	50	2914.5225	2108.96
33	52	2974.4001	2037.7343
33	57	2945.1516	2047.9606
33	68	2943.396	2041.6409
33	71	2968.0605	2143.3572
33	78	2964.2756	2035.1057
33	80	2961.0723	2169.0532
34	1	2950.644	2099.592
34	2	3007.3538	2075.2937
34	3	2995.6206	2073.545
34	4	2973.4006	2096.6401
34	5	2975.6375	2100.2324
34	6	2981.9622	2104.177
34	7	2948.925	2103.1934
34	8	3026.576	2086.3274
34	9	3001.9868	2130.1777
34	10	3007.4934	2130.8389
34	11	2981.0972	2072.8599
34	12	2985.6792	2129.9897
34	13	2982.9917	2129.5217
34	14	3013.0679	2097.8647
34	15	3006.8818	2142.355
34	16	3002.1484	2142.8271
34	17	2975.1755	2131.4724
34	22	2999.363	2038.8726
34	23	3018.989	2154.775
34	24	3014.9414	2038.8212
34	25	2977.4958	2149.3682
34	39	2982.7317	2031.5856
34	43	2969.561	2040.3284
34	44	2916.455	2062.666
34	45	2908.5344	2120.7703
34	46	2916.4727	2053.806
34	47	2904.4448	2120.2776
34	48	2908.154	2129.0886
34	49	2909.0396	2061.879
34	50	2914.7063	2109.931
34	51	2899.0913	2114.832
34	52	2974.4001	2037.7343
34	57	2945.1516	2047.9606
34	68	2943.396	2041.6409
34	71	2968.0605	2143.3572
34	78	2964.2756	2035.1057
34	80	2961.0723	2169.0532
34	105	2904.1228	2128.5461
35	1	2949.7744	2099.5857
35	2	3007.4087	2075.519
35	3	2995.98	2073.4922
35	4	2972.29	2096.628
35	5	2974.6162	2100.2158
35	6	2980.8867	2104.1587
35	7	2948.072	2103.173
35	8	3028.704	2086.4084
35	9	3001.9868	2130.1777
35	10	3007.4934	2130.8389
35	11	2981.1177	2072.848
35	12	2985.6792	2129.9897
35	13	2982.9917	2129.5217
35	14	3011.7534	2097.8193
35	15	3006.8818	2142.355
35	16	3002.1484	2142.8271
35	17	2975.1755	2131.4724
35	21	3019.5063	2148.9475
35	22	2999.363	2038.8726
35	23	3018.989	2154.775
35	24	3014.9414	2038.8212
35	25	2977.4958	2149.3682
35	30	2999.682	2033.1073
35	43	2969.561	2040.3284
35	44	2916.455	2062.666
35	45	2908.5396	2120.6648
35	46	2916.4727	2053.806
35	47	2904.4448	2120.2776
35	48	2908.1472	2129.1028
35	49	2909.0273	2061.934
35	50	2914.859	2110.8413
35	52	2974.4001	2037.7343
35	57	2945.1516	2047.9606
35	68	2943.396	2041.6409
35	71	2968.0605	2143.3572
35	78	2964.2756	2035.1057
35	80	2961.0723	2169.0532
35	104	2982.6313	2031.5052
35	105	2904.0835	2128.6125
36	1	2948.922	2099.583
36	2	3007.4685	2075.7642
36	3	2996.3496	2073.4382
36	4	2971.1968	2096.616
36	5	2973.623	2100.193
36	6	2979.8064	2104.1375
36	7	2947.2368	2103.1497
36	8	3030.7832	2086.4695
36	9	3001.9868	2130.1777
36	10	3007.4934	2130.8389
36	11	2981.0974	2072.8372
36	12	2985.6792	2129.9897
36	13	2982.9917	2129.5217
36	14	3010.4966	2097.7805
36	15	3006.8818	2142.355
36	16	3002.1484	2142.8271
36	17	2975.1755	2131.4724
36	21	3019.5063	2148.9475
36	22	2999.363	2038.8726
36	24	3014.9414	2038.8212
36	25	2977.4958	2149.3682
36	43	2969.561	2040.3284
36	44	2916.455	2062.666
36	45	2908.5469	2120.7202
36	46	2916.4727	2053.806
36	47	2904.4448	2120.2776
36	48	2908.1538	2129.0903
36	49	2909.0315	2061.942
36	50	2915.0137	2111.7468
36	51	2900.112	2113.5186
36	52	2974.4001	2037.7343
36	57	2945.1516	2047.9606
36	68	2943.396	2041.6409
36	71	2968.0605	2143.3572
36	78	2964.2756	2035.1057
36	80	2961.0723	2169.0532
36	104	2982.6597	2031.4264
36	105	2904.3389	2128.7544
37	1	2948.1023	2099.5776
37	2	3007.5176	2075.9634
37	3	2996.7122	2073.3735
37	4	2970.122	2096.6028
37	5	2972.656	2100.1792
37	6	2978.7607	2104.1228
37	7	2946.4368	2103.1384
37	8	3032.914	2086.5278
37	9	3001.9868	2130.1777
37	10	3007.4934	2130.8389
37	11	2981.095	2072.8345
37	12	2985.6792	2129.9897
37	13	2982.9917	2129.5217
37	14	3009.2	2097.7476
37	15	3006.8818	2142.355
37	16	3002.1484	2142.8271
37	17	2975.1755	2131.4724
37	21	3019.5063	2148.9475
37	22	2999.363	2038.8726
37	24	3014.9414	2038.8212
37	43	2969.561	2040.3284
37	44	2916.455	2062.666
37	45	2908.5461	2120.7603
37	46	2916.4727	2053.806
37	47	2904.4448	2120.2776
37	48	2908.154	2129.0981
37	49	2909.0107	2061.8838
37	50	2915.134	2112.7878
37	51	2900.1406	2113.4634
37	52	2974.4001	2037.7343
37	57	2945.1516	2047.9606
37	65	2904.328	2126.506
37	68	2943.396	2041.6409
37	71	2968.0605	2143.3572
37	78	2964.2756	2035.1057
37	80	2961.0723	2169.0532
37	90	2904.6262	2135.6807
37	104	2982.69	2031.5574
37	105	2904.4587	2128.7769
38	1	2947.28	2099.5771
38	2	3007.5938	2076.2085
38	3	2997.1135	2073.3137
38	4	2969.0667	2096.5913
38	5	2971.6934	2100.158
38	6	2977.7214	2104.1072
38	7	2945.6477	2103.1177
38	8	3035.0686	2086.5605
38	9	3001.9868	2130.1777
38	10	3007.4934	2130.8389
38	11	2981.074	2072.8252
38	12	2985.6792	2129.9897
38	13	2982.9917	2129.5217
38	14	3007.9226	2097.716
38	15	3006.8818	2142.355
38	16	3002.1484	2142.8271
38	17	2975.1755	2131.4724
38	21	3019.5063	2148.9475
38	22	2999.363	2038.8726
38	24	3014.9414	2038.8212
38	43	2969.561	2040.3284
38	44	2916.455	2062.666
38	45	2908.5442	2120.7617
38	46	2916.4727	2053.806
38	47	2904.4448	2120.2776
38	48	2908.1602	2129.0967
38	49	2909.002	2061.8792
38	50	2915.2366	2113.7808
38	51	2900.155	2113.4875
38	52	2974.4001	2037.7343
38	57	2945.1516	2047.9606
38	65	2904.328	2126.506
38	68	2943.396	2041.6409
38	71	2968.0605	2143.3572
38	78	2964.2756	2035.1057
38	80	2961.0723	2169.0532
38	90	2904.6262	2135.6807
38	104	2982.6287	2031.5026
38	105	2904.299	2128.625
39	1	2946.4866	2099.572
39	2	3007.6682	2076.4478
39	3	2997.496	2073.2415
39	4	2968.0283	2096.577
39	5	2970.7498	2100.1401
39	6	2976.6826	2104.0913
39	7	2944.8718	2103.1013
39	8	3037.2117	2086.595
39	9	3001.9868	2130.1777
39	10	3007.4934	2130.8389
39	11	2981.0833	2072.8484
39	12	2985.6792	2129.9897
39	13	2982.9917	2129.5217
39	14	3006.6636	2097.6763
39	15	3006.8818	2142.355
39	16	3002.1484	2142.8271
39	17	2975.1755	2131.4724
39	24	3014.9414	2038.8212
39	30	2999.682	2033.1073
39	43	2969.561	2040.3284
39	44	2916.455	2062.666
39	45	2908.5308	2120.7463
39	46	2916.4727	2053.806
39	47	2904.4448	2120.2776
39	48	2908.1638	2129.0857
39	49	2908.9956	2061.8862
39	50	2915.3215	2114.801
39	51	2900.1387	2113.4612
39	52	2974.4001	2037.7343
39	57	2945.1516	2047.9606
39	64	2912.8713	2043.3674
39	65	2904.328	2126.506
39	68	2943.396	2041.6409
39	71	2968.0605	2143.3572
39	78	2964.2756	2035.1057
39	80	2961.0723	2169.0532
39	90	2904.6262	2135.6807
39	104	2982.622	2031.4675
39	105	2904.2908	2128.615
40	1	2945.732	2099.5686
40	2	3007.767	2076.727
40	3	2997.8613	2073.1855
40	4	2967.0078	2096.563
40	5	2969.805	2100.1194
40	6	2975.6802	2104.0776
40	7	2944.1018	2103.0828
40	8	3039.346	2086.6504
40	9	3001.9868	2130.1777
40	10	3007.4934	2130.8389
40	11	2981.0515	2072.854
40	12	2985.6792	2129.9897
40	13	2982.9917	2129.5217
40	14	3005.3972	2097.647
40	15	3006.8818	2142.355
40	16	3002.1484	2142.8271
40	17	2975.1755	2131.4724
40	21	3019.5063	2148.9475
40	24	3014.9414	2038.8212
40	30	2999.682	2033.1073
40	43	2969.561	2040.3284
40	44	2916.455	2062.666
40	45	2908.5293	2120.7805
40	46	2916.4727	2053.806
40	47	2904.4448	2120.2776
40	48	2908.162	2129.0842
40	49	2908.992	2061.9722
40	50	2915.4038	2115.8403
40	51	2900.144	2113.478
40	52	2974.4001	2037.7343
40	54	2907.8777	2136.9214
40	57	2945.1516	2047.9606
40	63	2954.2744	2033.8065
40	64	2912.8713	2043.3674
40	65	2904.328	2126.506
40	68	2943.396	2041.6409
40	71	2968.0605	2143.3572
40	78	2964.2756	2035.1057
40	80	2961.0723	2169.0532
40	88	2973.5188	2153.5276
40	90	2904.6262	2135.6807
41	1	2944.9722	2099.5632
41	2	3007.8772	2077.025
41	3	2998.2207	2073.1257
41	4	2966.0054	2096.5469
41	5	2968.8928	2100.0977
41	6	2974.6973	2104.0613
41	7	2943.3845	2103.069
41	8	3041.5479	2086.7302
41	9	3001.9868	2130.1777
41	10	3007.4934	2130.8389
41	11	2981.0735	2072.8423
41	12	2985.6792	2129.9897
41	13	2982.9917	2129.5217
41	14	3004.2012	2097.604
41	15	3006.8818	2142.355
41	16	3002.1484	2142.8271
41	21	3019.5063	2148.9475
41	22	2999.363	2038.8726
41	24	3014.9414	2038.8212
41	43	2969.561	2040.3284
41	44	2916.455	2062.666
41	45	2908.5325	2120.831
41	46	2916.4727	2053.806
41	47	2904.4448	2120.2776
41	48	2908.1597	2129.0562
41	49	2909.0005	2062.016
41	50	2915.4702	2116.8755
41	51	2900.1558	2113.4937
41	52	2974.4001	2037.7343
41	53	3041.6504	2103.747
41	54	2907.8767	2136.9175
41	57	2945.1516	2047.9606
41	63	2954.2744	2033.8065
41	64	2912.8713	2043.3674
41	65	2904.328	2126.506
41	68	2943.396	2041.6409
41	71	2968.0605	2143.3572
41	78	2964.2756	2035.1057
41	80	2961.0723	2169.0532
41	88	2973.5188	2153.5276
41	90	2904.6262	2135.6807
42	1	2944.2144	2099.5632
42	2	3008.0173	2077.328
42	3	2998.653	2073.073
42	4	2965.0215	2096.5317
42	5	2967.9846	2100.0754
42	6	2973.7249	2104.047
42	7	2942.6738	2103.0671
42	9	3001.9868	2130.1777
42	10	3007.4934	2130.8389
42	11	2981.0295	2072.8743
42	12	2985.6792	2129.9897
42	13	2982.9917	2129.5217
42	14	3002.953	2097.5713
42	15	3006.8818	2142.355
42	16	3002.1484	2142.8271
42	17	2975.1755	2131.4724
42	22	2999.363	2038.8726
42	24	3014.9414	2038.8212
42	43	2969.561	2040.3284
42	44	2916.455	2062.666
42	45	2908.5344	2120.764
42	46	2916.4727	2053.806
42	47	2904.4448	2120.2776
42	48	2908.1646	2129.0593
42	49	2909.0007	2062.025
42	50	2915.529	2117.9465
42	51	2900.1516	2113.475
42	52	2974.4001	2037.7343
42	53	3039.8633	2103.8325
42	54	2907.8718	2136.9656
42	57	2945.1516	2047.9606
42	63	2954.2744	2033.8065
42	64	2912.8713	2043.3674
42	68	2943.396	2041.6409
42	71	2968.0605	2143.3572
42	78	2964.2756	2035.1057
42	80	2961.0723	2169.0532
42	88	2973.5188	2153.5276
42	90	2904.6262	2135.6807
43	1	2943.4878	2099.559
43	2	3008.1704	2077.66
43	3	2998.9563	2073.0208
43	4	2964.0544	2096.5151
43	5	2967.1	2100.0579
43	6	2972.797	2104.0378
43	7	2941.963	2103.0496
43	9	3001.9868	2130.1777
43	10	3007.4934	2130.8389
43	11	2981.031	2072.8877
43	12	2985.6792	2129.9897
43	13	2982.9917	2129.5217
43	14	3001.7537	2097.5312
43	15	3006.8818	2142.355
43	16	3002.1484	2142.8271
43	17	2975.1755	2131.4724
43	22	2999.363	2038.8726
43	24	3014.9414	2038.8212
43	43	2969.561	2040.3284
43	44	2916.455	2062.666
43	45	2908.5515	2120.7134
43	46	2916.4727	2053.806
43	47	2904.4448	2120.2776
43	48	2908.165	2129.0486
43	49	2909.0015	2062.089
43	50	2915.58	2119.0981
43	51	2900.1555	2113.4731
43	52	2974.4001	2037.7343
43	53	3038.0227	2103.899
43	54	2907.8281	2136.8958
43	56	2904.4873	2144.162
43	57	2945.1516	2047.9606
43	63	2954.2744	2033.8065
43	64	2912.8713	2043.3674
43	68	2943.396	2041.6409
43	71	2968.0605	2143.3572
43	75	2900.7563	2120.4395
43	78	2964.2756	2035.1057
43	80	2961.0723	2169.0532
43	88	2973.5188	2153.5276
43	90	2904.6262	2135.6807
43	104	2982.5745	2031.3723
44	1	2942.7964	2099.5513
44	2	3008.3442	2077.9778
44	3	2999.3708	2072.998
44	4	2963.1057	2096.4988
44	5	2966.2295	2100.0305
44	6	2971.8723	2104.0215
44	7	2941.2537	2103.0403
44	9	3001.9868	2130.1777
44	10	3007.4934	2130.8389
44	11	2981.04	2072.8467
44	12	2985.6792	2129.9897
44	13	2982.9917	2129.5217
44	14	3000.5261	2097.4966
44	15	3006.8818	2142.355
44	16	3002.1484	2142.8271
44	22	2999.363	2038.8726
44	43	2969.561	2040.3284
44	44	2916.455	2062.666
44	45	2908.5386	2120.688
44	46	2916.4727	2053.806
44	47	2904.4448	2120.2776
44	48	2908.1648	2129.0227
44	49	2908.9824	2062.155
44	50	2915.6204	2120.258
44	51	2900.1558	2113.4678
44	52	2974.4001	2037.7343
44	53	3036.3296	2103.9453
44	55	2886.8018	2091.1729
44	57	2945.1516	2047.9606
44	63	2954.2744	2033.8065
44	64	2912.8713	2043.3674
44	68	2943.396	2041.6409
44	71	2968.0605	2143.3572
44	72	2982.7239	2031.7645
44	75	2900.7563	2120.4395
44	77	2977.345	2149.3914
44	78	2964.2756	2035.1057
44	80	2961.0723	2169.0532
44	88	2973.5188	2153.5276
44	90	2904.6262	2135.6807
45	1	2942.134	2099.5461
45	2	3008.5374	2078.3213
45	3	2999.7253	2072.99
45	4	2962.1753	2096.4827
45	5	2965.357	2100.0308
45	6	2970.9194	2104.0066
45	7	2940.5708	2103.0264
45	9	3001.9868	2130.1777
45	10	3007.4934	2130.8389
45	11	2981.0344	2072.8762
45	12	2985.6792	2129.9897
45	13	2982.9917	2129.5217
45	14	2999.315	2097.4673
45	15	3006.8818	2142.355
45	16	3002.1484	2142.8271
45	43	2969.561	2040.3284
45	44	2916.455	2062.666
45	45	2908.5432	2120.676
45	46	2916.4727	2053.806
45	47	2904.4448	2120.2776
45	48	2908.1716	2129.0034
45	49	2908.9846	2062.2537
45	50	2915.6838	2121.314
45	51	2900.1475	2113.4243
45	52	2974.4001	2037.7343
45	53	3034.544	2104.0134
45	54	2907.8293	2136.8655
45	55	2886.8018	2091.1729
45	56	2904.4873	2144.162
45	57	2945.1516	2047.9606
45	58	2912.6167	2061.0315
45	63	2954.2744	2033.8065
45	64	2912.8713	2043.3674
45	68	2943.396	2041.6409
45	71	2968.0605	2143.3572
45	72	2982.7239	2031.7645
45	75	2900.7563	2120.4395
45	77	2977.345	2149.3914
45	78	2964.2756	2035.1057
45	80	2961.0723	2169.0532
45	88	2973.5188	2153.5276
45	90	2904.6262	2135.6807
46	1	2941.4814	2099.537
46	2	3008.768	2078.6833
46	3	3000.0525	2073.0684
46	4	2961.2617	2096.4658
46	5	2964.5405	2099.9968
46	6	2969.9983	2103.9922
46	7	2939.898	2103.0134
46	9	3001.9868	2130.1777
46	10	3007.4934	2130.8389
46	11	2981.0286	2072.8625
46	12	2985.6792	2129.9897
46	13	2982.9917	2129.5217
46	14	2998.1523	2097.4365
46	15	3006.8818	2142.355
46	16	3002.1484	2142.8271
46	43	2969.561	2040.3284
46	44	2916.455	2062.666
46	45	2908.538	2120.713
46	46	2916.4727	2053.806
46	47	2904.4448	2120.2776
46	48	2908.1848	2128.971
46	49	2908.9866	2062.3357
46	50	2915.7144	2122.47
46	51	2900.1545	2113.4263
46	52	2974.4001	2037.7343
46	53	3032.7917	2104.0718
46	54	2907.837	2136.8435
46	55	2886.8018	2091.1729
46	56	2904.4873	2144.162
46	57	2945.1516	2047.9606
46	58	2912.6167	2061.0315
46	63	2954.2744	2033.8065
46	64	2912.8713	2043.3674
46	68	2943.396	2041.6409
46	71	2968.0605	2143.3572
46	72	2982.7239	2031.7645
46	75	2900.7563	2120.4395
46	77	2977.345	2149.3914
46	78	2964.2756	2035.1057
46	80	2961.0723	2169.0532
46	88	2973.5188	2153.5276
46	90	2904.6262	2135.6807
47	1	2940.8503	2099.531
47	2	3009.0156	2079.055
47	3	3000.4485	2073.048
47	4	2960.3672	2096.4495
47	5	2963.6924	2099.9797
47	6	2969.088	2103.972
47	7	2939.265	2103.0027
47	9	3001.9868	2130.1777
47	10	3007.4934	2130.8389
47	11	2981.0186	2072.9202
47	12	2985.6792	2129.9897
47	13	2982.9917	2129.5217
47	14	2996.9758	2097.4045
47	15	3006.8818	2142.355
47	16	3002.1484	2142.8271
47	43	2969.561	2040.3284
47	44	2916.455	2062.666
47	45	2908.5342	2120.6936
47	46	2916.4727	2053.806
47	47	2904.4448	2120.2776
47	48	2908.1858	2128.9563
47	49	2908.965	2062.4348
47	50	2915.721	2123.6204
47	51	2900.1528	2113.431
47	52	2974.4001	2037.7343
47	53	3031.014	2104.1287
47	54	2907.8418	2136.8818
47	55	2886.8018	2091.1729
47	56	2904.4873	2144.162
47	57	2945.1516	2047.9606
47	58	2912.6167	2061.0315
47	61	2912.8887	2052.0046
47	63	2954.2744	2033.8065
47	64	2912.8713	2043.3674
47	65	2904.328	2126.506
47	71	2968.0605	2143.3572
47	72	2982.7239	2031.7645
47	75	2900.7563	2120.4395
47	77	2977.345	2149.3914
47	78	2964.2756	2035.1057
47	88	2973.5188	2153.5276
47	90	2904.6262	2135.6807
48	1	2940.2332	2099.5232
48	2	3009.2961	2079.4258
48	3	3000.775	2073.0308
48	4	2959.4893	2096.433
48	5	2962.8855	2099.963
48	6	2968.1907	2103.9626
48	7	2938.6416	2102.989
48	9	3001.9868	2130.1777
48	10	3007.4934	2130.8389
48	11	2981.0286	2072.9084
48	12	2985.6792	2129.9897
48	14	2995.854	2097.3706
48	15	3006.8818	2142.355
48	16	3002.1484	2142.8271
48	43	2969.561	2040.3284
48	44	2916.455	2062.666
48	45	2908.5303	2120.7004
48	46	2916.4727	2053.806
48	47	2904.4448	2120.2776
48	48	2908.201	2128.992
48	49	2908.9617	2062.5383
48	50	2915.73	2124.7634
48	51	2900.1548	2113.4426
48	52	2974.4001	2037.7343
48	53	3029.2366	2104.158
48	54	2907.8276	2136.8423
48	55	2886.8018	2091.1729
48	57	2945.1516	2047.9606
48	58	2912.6167	2061.0315
48	63	2954.2744	2033.8065
48	64	2912.8713	2043.3674
48	65	2904.328	2126.506
48	71	2968.0605	2143.3572
48	75	2900.7563	2120.4395
48	77	2977.345	2149.3914
48	88	2973.5188	2153.5276
48	90	2904.6262	2135.6807
49	1	2939.6313	2099.5188
49	2	3009.6099	2079.8096
49	3	3001.13	2073.07
49	4	2958.629	2096.417
49	5	2962.0923	2099.9424
49	6	2967.3308	2103.9456
49	7	2938.0393	2102.9688
49	9	3001.9868	2130.1777
49	10	3007.4934	2130.8389
49	11	2981.0208	2072.9165
49	12	2985.6792	2129.9897
49	14	2994.7263	2097.3513
49	15	3006.8818	2142.355
49	16	3002.1484	2142.8271
49	43	2969.561	2040.3284
49	44	2916.455	2062.666
49	45	2908.5237	2120.6738
49	46	2916.4727	2053.806
49	47	2904.4448	2120.2776
49	48	2908.1926	2129.0103
49	49	2908.9563	2062.7153
49	50	2915.7388	2125.9526
49	51	2900.1455	2113.4126
49	52	2974.4001	2037.7343
49	53	3027.3643	2104.2075
49	54	2907.8396	2136.7993
49	55	2886.8018	2091.1729
49	56	2904.4873	2144.162
49	57	2945.1516	2047.9606
49	58	2912.6167	2061.0315
49	60	2907.7402	2153.0906
49	63	2954.2744	2033.8065
49	64	2912.8713	2043.3674
49	65	2904.328	2126.506
49	71	2968.0605	2143.3572
49	72	2982.7239	2031.7645
49	75	2900.7563	2120.4395
49	77	2977.345	2149.3914
49	88	2973.5188	2153.5276
49	90	2904.6262	2135.6807
50	1	2939.0647	2099.5078
50	2	3009.9387	2080.181
50	3	3001.4656	2073.143
50	4	2957.7852	2096.4019
50	5	2961.298	2099.9233
50	6	2966.4526	2103.9382
50	7	2937.462	2102.956
50	9	3001.9868	2130.1777
50	10	3007.4934	2130.8389
50	11	2980.9966	2072.9011
50	12	2985.6792	2129.9897
50	14	2993.6128	2097.314
50	15	3006.8818	2142.355
50	16	3002.1484	2142.8271
50	43	2969.561	2040.3284
50	44	2916.455	2062.666
50	45	2908.5164	2120.691
50	46	2916.4727	2053.806
50	47	2904.4448	2120.2776
50	48	2908.1907	2128.9836
50	49	2908.9502	2062.897
50	50	2915.7566	2127.1626
50	51	2900.1511	2113.4268
50	52	2974.4001	2037.7343
50	53	3025.562	2104.2444
50	54	2907.8306	2136.6958
50	55	2886.8018	2091.1729
50	56	2904.4873	2144.162
50	57	2945.1516	2047.9606
50	60	2907.734	2153.1199
50	63	2954.2744	2033.8065
50	64	2912.8713	2043.3674
50	65	2904.328	2126.506
50	71	2968.0605	2143.3572
50	72	2982.7239	2031.7645
50	75	2900.7563	2120.4395
50	77	2977.345	2149.3914
50	78	2964.2756	2035.1057
50	80	2961.0723	2169.0532
50	88	2973.5188	2153.5276
50	108	2916.329	2043.316
51	1	2938.4988	2099.5017
51	2	3010.2942	2080.5757
51	3	3001.7944	2073.241
51	4	2956.9578	2096.3872
51	5	2960.541	2099.8972
51	6	2965.5881	2103.9253
51	7	2936.9075	2102.9497
51	9	3001.9868	2130.1777
51	10	3007.4934	2130.8389
51	11	2981.0107	2072.9329
51	12	2985.6792	2129.9897
51	14	2992.547	2097.2805
51	15	3006.8818	2142.355
51	16	3002.1484	2142.8271
51	43	2969.561	2040.3284
51	44	2916.455	2062.666
51	45	2908.5125	2120.6702
51	46	2916.4727	2053.806
51	47	2904.4448	2120.2776
51	48	2908.1914	2128.8955
51	49	2908.94	2063.1204
51	50	2915.7788	2128.3376
51	51	2900.1565	2113.438
51	52	2974.4001	2037.7343
51	53	3023.774	2104.294
51	54	2907.8225	2136.7256
51	55	2886.8018	2091.1729
51	56	2904.4873	2144.162
51	57	2945.1516	2047.9606
51	60	2907.707	2153.1033
51	63	2954.2744	2033.8065
51	64	2912.8713	2043.3674
51	65	2904.328	2126.506
51	71	2968.0605	2143.3572
51	72	2982.7239	2031.7645
51	75	2900.7563	2120.4395
51	77	2977.345	2149.3914
51	78	2964.2756	2035.1057
51	80	2961.0723	2169.0532
51	88	2973.5188	2153.5276
51	108	2916.4316	2043.2773
52	1	2937.9744	2099.495
52	2	3010.7153	2080.9656
52	3	3002.2048	2073.3196
52	4	2956.1477	2096.3738
52	5	2959.7827	2099.8862
52	6	2964.755	2103.91
52	7	2936.3726	2102.9338
52	9	3001.9868	2130.1777
52	10	3007.4934	2130.8389
52	11	2981.0034	2072.901
52	12	2985.6792	2129.9897
52	14	2991.468	2097.2527
52	15	3006.8818	2142.355
52	16	3002.1484	2142.8271
52	43	2969.561	2040.3284
52	44	2916.455	2062.666
52	45	2908.5166	2120.6187
52	46	2916.4727	2053.806
52	47	2904.4448	2120.2776
52	48	2908.1953	2128.8655
52	49	2908.937	2063.3357
52	50	2915.785	2129.542
52	51	2900.1465	2113.4436
52	52	2974.4001	2037.7343
52	53	3022.0078	2104.3257
52	54	2907.8296	2136.6873
52	55	2886.8018	2091.1729
52	56	2904.4873	2144.162
52	57	2945.1516	2047.9606
52	60	2907.7202	2153.1072
52	63	2954.2744	2033.8065
52	64	2912.8713	2043.3674
52	65	2904.328	2126.506
52	67	2904.6433	2134.403
52	71	2968.0605	2143.3572
52	72	2982.7239	2031.7645
52	75	2900.7563	2120.4395
52	77	2977.345	2149.3914
52	78	2964.2756	2035.1057
52	88	2973.5188	2153.5276
52	108	2916.4932	2043.3142
53	1	2937.4722	2099.4917
53	2	3011.137	2081.3308
53	3	3002.5747	2073.3433
53	4	2955.355	2096.3584
53	5	2959.051	2099.8708
53	6	2963.9238	2103.8987
53	7	2935.8372	2102.925
53	9	3001.9868	2130.1777
53	10	3007.4934	2130.8389
53	12	2985.6792	2129.9897
53	14	2990.421	2097.2183
53	15	3006.8818	2142.355
53	16	3002.1484	2142.8271
53	43	2969.561	2040.3284
53	44	2916.455	2062.666
53	45	2908.5215	2120.5618
53	46	2916.4727	2053.806
53	47	2904.4448	2120.2776
53	48	2908.1995	2128.8267
53	49	2908.9265	2063.604
53	50	2915.7913	2130.7646
53	51	2900.1492	2113.427
53	52	2974.4001	2037.7343
53	53	3020.326	2104.3723
53	54	2907.8184	2136.6655
53	55	2886.8018	2091.1729
53	56	2904.4873	2144.162
53	57	2945.1516	2047.9606
53	58	2912.6167	2061.0315
53	59	2964.2664	2035.2345
53	60	2907.7095	2153.0796
53	61	2912.8887	2052.0046
53	63	2954.2744	2033.8065
53	65	2904.328	2126.506
53	67	2904.7004	2134.945
53	71	2968.0605	2143.3572
53	72	2982.7239	2031.7645
53	75	2900.7563	2120.4395
53	77	2977.345	2149.3914
53	88	2973.5188	2153.5276
53	108	2916.4246	2043.1797
54	1	2936.9778	2099.4856
54	2	3011.564	2081.669
54	3	3002.8948	2073.429
54	4	2954.5786	2096.3457
54	5	2958.3323	2099.855
54	6	2963.0334	2103.89
54	7	2935.334	2102.9175
54	9	3001.9868	2130.1777
54	10	3007.4934	2130.8389
54	11	2980.99	2072.8953
54	12	2985.6792	2129.9897
54	14	2989.3481	2097.1995
54	15	3006.8818	2142.355
54	16	3002.1484	2142.8271
54	43	2969.561	2040.3284
54	44	2916.455	2062.666
54	45	2908.5217	2120.486
54	46	2916.4727	2053.806
54	47	2904.4448	2120.2776
54	48	2908.191	2128.7903
54	49	2908.9165	2063.888
54	50	2915.7964	2131.9978
54	51	2900.1455	2113.4314
54	52	2974.4001	2037.7343
54	53	3018.6294	2104.3977
54	54	2907.812	2136.6453
54	55	2886.8018	2091.1729
54	56	2904.4873	2144.162
54	57	2945.1516	2047.9606
54	58	2912.6167	2061.0315
54	59	2964.2664	2035.2345
54	60	2907.706	2153.1172
54	61	2912.8887	2052.0046
54	63	2954.2744	2033.8065
54	65	2904.328	2126.506
54	67	2904.683	2134.688
54	70	2960.9624	2168.9556
54	71	2968.0605	2143.3572
54	72	2982.7239	2031.7645
54	75	2900.7563	2120.4395
54	77	2977.345	2149.3914
54	88	2973.5188	2153.5276
54	108	2916.4414	2043.257
55	1	2936.509	2099.4766
55	2	3012.028	2082.0151
55	3	3003.2468	2073.5906
55	4	2953.82	2096.333
55	5	2957.6277	2099.8386
55	6	2962.1968	2103.8862
55	7	2934.8582	2102.9
55	9	3001.9868	2130.1777
55	10	3007.4934	2130.8389
55	11	2981.0796	2072.3022
55	12	2985.6792	2129.9897
55	14	2988.3408	2097.1682
55	15	3006.8818	2142.355
55	16	3002.1484	2142.8271
55	43	2969.561	2040.3284
55	44	2916.455	2062.666
55	45	2908.5283	2120.3767
55	46	2916.4727	2053.806
55	47	2904.4448	2120.2776
55	48	2908.1924	2128.7488
55	49	2908.9104	2064.213
55	50	2915.806	2133.274
55	51	2900.1406	2113.4229
55	52	2974.4001	2037.7343
55	53	3016.9768	2104.4436
55	54	2907.8135	2136.537
55	55	2886.8018	2091.1729
55	57	2945.1516	2047.9606
55	58	2912.6167	2061.0315
55	59	2964.2664	2035.2345
55	60	2907.7043	2153.0857
55	61	2912.8887	2052.0046
55	63	2954.2744	2033.8065
55	64	2912.8713	2043.3674
55	65	2904.328	2126.506
55	66	2916.4807	2043.4608
55	70	2960.9624	2168.9556
55	72	2982.7239	2031.7645
55	75	2900.7563	2120.4395
55	77	2977.345	2149.3914
55	82	2959.142	2029.481
56	1	2936.0808	2099.4749
56	2	3012.537	2082.3457
56	3	3003.5486	2073.7217
56	4	2953.0771	2096.3198
56	5	2956.9126	2099.827
56	6	2961.376	2103.8809
56	7	2934.4028	2102.8901
56	9	3001.9868	2130.1777
56	10	3007.4934	2130.8389
56	11	2980.9785	2072.9155
56	12	2985.6792	2129.9897
56	14	2987.3347	2097.1392
56	15	3006.8818	2142.355
56	16	3002.1484	2142.8271
56	43	2969.561	2040.3284
56	44	2916.455	2062.666
56	45	2908.528	2120.2092
56	46	2916.4727	2053.806
56	47	2904.4448	2120.2776
56	48	2908.1936	2128.6868
56	49	2908.9019	2064.5425
56	50	2915.8015	2134.568
56	51	2900.1484	2113.4375
56	52	2974.4001	2037.7343
56	53	3015.2542	2104.4812
56	54	2907.8164	2136.4192
56	55	2886.8018	2091.1729
56	56	2904.4873	2144.162
56	58	2912.6167	2061.0315
56	59	2964.2664	2035.2345
56	60	2907.7139	2153.0342
56	61	2912.8887	2052.0046
56	62	2945.006	2048.0535
56	63	2954.2744	2033.8065
56	64	2912.8713	2043.3674
56	65	2904.328	2126.506
56	70	2960.9624	2168.9556
56	72	2982.7239	2031.7645
56	75	2900.7563	2120.4395
56	77	2977.345	2149.3914
56	82	2959.142	2029.481
57	1	2935.6697	2099.469
57	2	3013.106	2082.6682
57	3	3003.8237	2073.8787
57	4	2952.3508	2096.3079
57	5	2956.2122	2099.8093
57	6	2960.5896	2103.8777
57	7	2933.9802	2102.8804
57	9	3001.9868	2130.1777
57	10	3007.4934	2130.8389
57	11	2981.0	2072.8992
57	12	2985.6792	2129.9897
57	14	2986.335	2097.1213
57	15	3006.8818	2142.355
57	16	3002.1484	2142.8271
57	43	2969.561	2040.3284
57	44	2916.455	2062.666
57	45	2908.5325	2120.088
57	46	2916.4727	2053.806
57	47	2904.4448	2120.2776
57	48	2908.195	2128.6226
57	49	2908.8853	2064.8875
57	50	2915.8137	2135.8284
57	51	2900.1523	2113.4277
57	52	2974.4001	2037.7343
57	53	3013.5933	2104.5076
57	54	2907.8208	2136.3433
57	55	2886.8018	2091.1729
57	56	2904.4873	2144.162
57	58	2912.6167	2061.0315
57	59	2964.2664	2035.2345
57	60	2907.7046	2153.0217
57	61	2912.8887	2052.0046
57	62	2945.006	2048.0535
57	63	2954.2744	2033.8065
57	64	2912.8713	2043.3674
57	65	2904.328	2126.506
57	70	2960.9624	2168.9556
57	71	2968.0605	2143.3572
57	72	2982.7239	2031.7645
57	75	2900.7563	2120.4395
57	77	2977.345	2149.3914
57	82	2959.142	2029.481
58	1	2935.2805	2099.465
58	2	3013.6301	2082.9695
58	3	3004.1396	2074.0537
58	4	2951.6406	2096.297
58	5	2955.5337	2099.7903
58	6	2959.8027	2103.8713
58	7	2933.601	2102.8708
58	9	3001.9868	2130.1777
58	10	3007.4934	2130.8389
58	11	2980.9895	2072.9302
58	12	2985.6792	2129.9897
58	14	2985.3684	2097.0918
58	15	3006.8818	2142.355
58	16	3002.1484	2142.8271
58	43	2969.561	2040.3284
58	44	2916.455	2062.666
58	45	2908.5366	2119.9006
58	46	2916.4727	2053.806
58	47	2904.4448	2120.2776
58	48	2908.193	2128.5452
58	49	2908.8735	2065.2463
58	50	2915.822	2137.114
58	51	2900.153	2113.4282
58	52	2974.4001	2037.7343
58	53	3011.9114	2104.5505
58	54	2907.8206	2136.2517
58	55	2886.8018	2091.1729
58	56	2904.4873	2144.162
58	58	2912.6167	2061.0315
58	59	2964.2664	2035.2345
58	60	2907.6968	2153.0276
58	62	2945.006	2048.0535
58	63	2954.2744	2033.8065
58	64	2912.8713	2043.3674
58	65	2904.328	2126.506
58	67	2904.7498	2134.9456
58	70	2960.9624	2168.9556
58	71	2968.0605	2143.3572
58	72	2982.7239	2031.7645
58	75	2900.7563	2120.4395
58	82	2959.142	2029.481
59	1	2934.901	2099.4602
59	2	3014.211	2083.277
59	3	3004.4233	2074.2432
59	4	2950.9465	2096.286
59	5	2954.86	2099.7888
59	6	2959.0354	2103.8608
59	7	2933.2395	2102.856
59	9	3001.9868	2130.1777
59	10	3007.4934	2130.8389
59	11	2980.993	2072.9028
59	12	2985.6792	2129.9897
59	14	2984.3767	2097.0747
59	15	3006.8818	2142.355
59	16	3002.1484	2142.8271
59	43	2969.561	2040.3284
59	44	2916.455	2062.666
59	45	2908.5376	2119.6992
59	46	2916.4727	2053.806
59	47	2904.4448	2120.2776
59	48	2908.1904	2128.4614
59	49	2908.8655	2065.631
59	50	2915.8257	2138.425
59	51	2900.154	2113.4321
59	52	2974.4001	2037.7343
59	53	3010.2898	2104.5662
59	54	2907.827	2136.2266
59	55	2886.8018	2091.1729
59	56	2904.4873	2144.162
59	58	2912.6167	2061.0315
59	59	2964.2664	2035.2345
59	60	2907.708	2152.9878
59	62	2945.006	2048.0535
59	63	2954.2744	2033.8065
59	64	2912.8713	2043.3674
59	65	2904.328	2126.506
59	66	2916.4807	2043.4608
59	67	2904.7578	2134.8994
59	70	2960.9624	2168.9556
59	71	2968.0605	2143.3572
59	72	2982.7239	2031.7645
59	75	2900.7563	2120.4395
59	82	2959.142	2029.481
60	1	2934.5496	2099.4507
60	2	3014.8481	2083.5728
60	3	3004.699	2074.3967
60	4	2950.2683	2096.2751
60	5	2954.1917	2099.7634
60	6	2958.291	2103.851
60	7	2932.9124	2102.845
60	9	3001.9868	2130.1777
60	10	3007.4934	2130.8389
60	11	2980.9822	2072.8928
60	12	2985.6792	2129.9897
60	14	2983.428	2097.0503
60	15	3006.8818	2142.355
60	16	3002.1484	2142.8271
60	43	2969.561	2040.3284
60	44	2916.455	2062.666
60	45	2908.535	2119.4302
60	46	2916.4727	2053.806
60	47	2904.4448	2120.2776
60	48	2908.188	2128.3452
60	49	2908.8528	2066.037
60	50	2915.8325	2139.754
60	51	2900.15	2113.4355
60	52	2974.4001	2037.7343
60	53	3008.6523	2104.5732
60	54	2907.795	2136.088
60	55	2886.8018	2091.1729
60	56	2904.4873	2144.162
60	58	2912.6167	2061.0315
60	59	2964.2664	2035.2345
60	61	2912.8887	2052.0046
60	62	2945.006	2048.0535
60	63	2954.2744	2033.8065
60	64	2912.8713	2043.3674
60	65	2904.328	2126.506
60	66	2916.4807	2043.4608
60	67	2904.611	2133.9321
60	69	2907.997	2145.9612
60	70	2960.9624	2168.9556
60	71	2968.0605	2143.3572
60	72	2982.7239	2031.7645
60	75	2900.7563	2120.4395
60	82	2959.142	2029.481
61	1	2934.2131	2099.4458
61	2	3015.4797	2083.854
61	3	3005.018	2074.5867
61	4	2949.6072	2096.2651
61	5	2953.5396	2099.7502
61	6	2957.5396	2103.8357
61	7	2932.599	2102.8372
61	9	3001.9868	2130.1777
61	10	3007.4934	2130.8389
61	11	2981.0146	2072.8953
61	12	2985.6792	2129.9897
61	14	2982.5222	2097.024
61	15	3006.8818	2142.355
61	16	3002.1484	2142.8271
61	43	2969.561	2040.3284
61	44	2916.455	2062.666
61	45	2908.5393	2119.1482
61	46	2916.4727	2053.806
61	47	2904.4448	2120.2776
61	48	2908.1987	2128.214
61	49	2908.8447	2066.4617
61	50	2915.8171	2141.0806
61	51	2900.1548	2113.451
61	52	2974.4001	2037.7343
61	53	3007.0442	2104.572
61	54	2907.7961	2136.017
61	55	2886.8018	2091.1729
61	56	2904.4873	2144.162
61	58	2912.6167	2061.0315
61	59	2964.2664	2035.2345
61	61	2912.8887	2052.0046
61	62	2945.006	2048.0535
61	63	2954.2744	2033.8065
61	64	2912.8713	2043.3674
61	65	2904.328	2126.506
61	66	2916.4807	2043.4608
61	67	2904.6067	2133.7246
61	69	2908.0022	2145.8818
61	70	2960.9624	2168.9556
61	71	2968.0605	2143.3572
61	72	2982.7239	2031.7645
61	73	2969.8044	2144.4373
61	75	2900.7563	2120.4395
61	77	2977.345	2149.3914
61	82	2959.142	2029.481
62	1	2933.899	2099.4436
62	2	3016.162	2084.1177
62	3	3005.2903	2074.7695
62	4	2948.962	2096.2551
62	5	2952.8823	2099.7456
62	6	2956.808	2103.825
62	7	2932.332	2102.833
62	9	3001.9868	2130.1777
62	10	3007.4934	2130.8389
62	11	2980.9995	2072.9172
62	12	2985.6792	2129.9897
62	14	2981.5728	2097.008
62	15	3006.8818	2142.355
62	16	3002.1484	2142.8271
62	43	2969.561	2040.3284
62	44	2916.455	2062.666
62	45	2908.5593	2118.8533
62	46	2916.4727	2053.806
62	47	2904.4448	2120.2776
62	48	2908.2007	2128.068
62	49	2908.8296	2066.9026
62	50	2915.8179	2142.498
62	51	2900.15	2113.445
62	52	2974.4001	2037.7343
62	53	3005.4958	2104.5708
62	54	2907.7988	2135.9197
62	55	2886.8018	2091.1729
62	56	2904.4873	2144.162
62	58	2912.6167	2061.0315
62	59	2964.2664	2035.2345
62	61	2912.8887	2052.0046
62	62	2945.006	2048.0535
62	63	2954.2744	2033.8065
62	64	2912.8713	2043.3674
62	65	2904.328	2126.506
62	66	2916.4807	2043.4608
62	67	2904.7104	2135.15
62	69	2908.0015	2145.799
62	70	2960.9624	2168.9556
62	71	2968.0605	2143.3572
62	72	2982.7239	2031.7645
62	75	2900.7563	2120.4395
62	77	2977.345	2149.3914
62	82	2959.142	2029.481
63	1	2933.5974	2099.4424
63	2	3016.7922	2084.361
63	3	3005.5254	2074.8962
63	4	2948.3318	2096.2449
63	5	2952.2454	2099.7327
63	6	2956.109	2103.8135
63	7	2932.0925	2102.826
63	9	3001.9868	2130.1777
63	10	3007.4934	2130.8389
63	11	2980.993	2072.9292
63	12	2985.6792	2129.9897
63	14	2980.6729	2096.9888
63	15	3006.8818	2142.355
63	16	3002.1484	2142.8271
63	43	2969.561	2040.3284
63	44	2916.455	2062.666
63	45	2908.5562	2118.545
63	46	2916.4727	2053.806
63	47	2904.4448	2120.2776
63	48	2908.198	2127.839
63	49	2908.818	2067.374
63	50	2915.837	2143.8074
63	51	2900.1543	2113.4575
63	52	2974.4001	2037.7343
63	53	3003.9985	2104.5674
63	54	2907.8025	2135.7886
63	55	2886.8018	2091.1729
63	56	2904.4873	2144.162
63	58	2912.6167	2061.0315
63	59	2964.2664	2035.2345
63	61	2912.8887	2052.0046
63	62	2945.006	2048.0535
63	63	2954.2744	2033.8065
63	64	2912.8713	2043.3674
63	65	2904.328	2126.506
63	66	2916.4807	2043.4608
63	67	2904.6462	2133.7336
63	69	2908.0034	2145.7363
63	70	2960.9624	2168.9556
63	72	2982.7239	2031.7645
63	75	2900.7563	2120.4395
63	76	2973.5505	2153.6028
63	77	2977.345	2149.3914
63	82	2959.142	2029.481
64	1	2933.3032	2099.434
64	2	3017.5112	2084.6204
64	3	3005.8425	2075.1326
64	4	2947.717	2096.235
64	5	2951.605	2099.7246
64	6	2955.4011	2103.801
64	7	2931.8687	2102.8242
64	9	3001.9868	2130.1777
64	10	3007.4934	2130.8389
64	11	2980.991	2072.9597
64	12	2985.6792	2129.9897
64	14	2979.792	2096.9712
64	15	3006.8818	2142.355
64	16	3002.1484	2142.8271
64	43	2969.561	2040.3284
64	44	2916.455	2062.666
64	45	2908.5635	2118.175
64	46	2916.4727	2053.806
64	47	2904.4448	2120.2776
64	48	2908.1963	2127.6362
64	49	2908.8074	2067.858
64	50	2915.8406	2145.1538
64	51	2900.1538	2113.449
64	52	2974.4001	2037.7343
64	53	3002.5662	2104.5515
64	54	2907.8127	2135.6648
64	55	2886.8018	2091.1729
64	56	2904.4873	2144.162
64	58	2912.6167	2061.0315
64	59	2964.2664	2035.2345
64	60	2907.7126	2153.0586
64	61	2912.8887	2052.0046
64	62	2945.006	2048.0535
64	63	2954.2744	2033.8065
64	64	2912.8713	2043.3674
64	65	2904.328	2126.506
64	66	2916.4807	2043.4608
64	67	2904.6963	2134.9812
64	69	2908.004	2145.6387
64	70	2960.9624	2168.9556
64	71	2968.0605	2143.3572
64	72	2982.7239	2031.7645
64	74	2943.308	2041.7633
64	75	2900.7563	2120.4395
64	76	2973.5505	2153.6028
64	77	2977.345	2149.3914
64	79	2946.333	2050.3398
64	82	2959.142	2029.481
65	1	2933.0188	2099.4326
65	2	3018.2048	2084.847
65	3	3006.113	2075.36
65	4	2947.118	2096.2256
65	5	2950.9766	2099.71
65	6	2954.7004	2103.7908
65	7	2931.6736	2102.8237
65	9	3001.9868	2130.1777
65	10	3007.4934	2130.8389
65	11	2980.9836	2072.953
65	12	2985.6792	2129.9897
65	14	2978.911	2096.9497
65	15	3006.8818	2142.355
65	16	3002.1484	2142.8271
65	43	2969.561	2040.3284
65	44	2916.455	2062.666
65	45	2908.5679	2117.7922
65	46	2916.4727	2053.806
65	47	2904.4448	2120.2776
65	48	2908.1965	2127.3918
65	49	2908.795	2068.3557
65	51	2900.1582	2113.442
65	52	2974.4001	2037.7343
65	53	3001.0942	2104.548
65	54	2907.817	2135.5369
65	55	2886.8018	2091.1729
65	56	2904.4873	2144.162
65	58	2912.6167	2061.0315
65	59	2964.2664	2035.2345
65	60	2907.699	2153.0522
65	61	2912.8887	2052.0046
65	62	2945.006	2048.0535
65	63	2954.2744	2033.8065
65	64	2912.8713	2043.3674
65	65	2904.328	2126.506
65	66	2916.4807	2043.4608
65	67	2904.6667	2134.9722
65	69	2908.0112	2145.537
65	70	2960.9624	2168.9556
65	72	2982.7239	2031.7645
65	73	2970.1274	2144.539
65	74	2943.308	2041.7633
65	75	2900.7563	2120.4395
65	76	2973.5505	2153.6028
65	77	2977.345	2149.3914
65	79	2946.436	2050.2297
65	82	2959.142	2029.481
66	1	2932.7603	2099.4265
66	2	3018.9485	2085.1067
66	3	3006.3289	2075.5525
66	4	2946.5337	2096.2163
66	5	2950.378	2099.703
66	6	2954.0107	2103.7808
66	7	2931.4817	2102.8198
66	9	3001.9868	2130.1777
66	10	3007.4934	2130.8389
66	11	2980.9746	2072.9648
66	12	2985.6792	2129.9897
66	14	2978.0251	2096.9312
66	15	3006.8818	2142.355
66	16	3002.1484	2142.8271
66	43	2969.561	2040.3284
66	44	2916.455	2062.666
66	45	2908.5747	2117.4302
66	46	2916.4727	2053.806
66	47	2904.4448	2120.2776
66	48	2908.1882	2127.0637
66	49	2908.7847	2068.8647
66	51	2900.164	2113.4512
66	52	2974.4001	2037.7343
66	53	2999.686	2104.528
66	54	2907.8118	2135.3792
66	55	2886.8018	2091.1729
66	56	2904.4873	2144.162
66	58	2912.6167	2061.0315
66	59	2964.2664	2035.2345
66	60	2907.7112	2153.0518
66	61	2912.8887	2052.0046
66	62	2945.006	2048.0535
66	63	2954.2744	2033.8065
66	64	2912.8713	2043.3674
66	65	2904.328	2126.506
66	66	2916.4807	2043.4608
66	67	2904.7078	2135.1404
66	69	2908.005	2145.4365
66	70	2960.9624	2168.9556
66	72	2982.7239	2031.7645
66	73	2970.3196	2144.5938
66	74	2943.308	2041.7633
66	75	2900.7563	2120.4395
66	76	2973.5505	2153.6028
66	77	2977.345	2149.3914
66	79	2946.5186	2050.1482
66	82	2959.142	2029.481
67	1	2932.514	2099.4248
67	2	3019.7483	2085.3396
67	3	3006.656	2075.842
67	4	2945.9644	2096.207
67	5	2949.76	2099.6992
67	6	2953.3352	2103.7676
67	7	2931.3464	2102.8188
67	9	3001.9868	2130.1777
67	10	3007.4934	2130.8389
67	11	2980.9805	2072.9385
67	14	2977.147	2096.9094
67	15	3006.8818	2142.355
67	16	3002.1484	2142.8271
67	43	2969.561	2040.3284
67	44	2916.455	2062.666
67	45	2908.5828	2116.983
67	46	2916.4727	2053.806
67	47	2904.4448	2120.2776
67	48	2908.188	2126.742
67	49	2908.7737	2069.3914
67	50	2915.892	2149.1826
67	51	2900.167	2113.4448
67	52	2974.4001	2037.7343
67	53	2998.219	2104.5146
67	54	2907.815	2135.2563
67	55	2886.8018	2091.1729
67	56	2904.4873	2144.162
67	58	2912.6167	2061.0315
67	59	2964.2664	2035.2345
67	60	2907.702	2153.0535
67	61	2912.8887	2052.0046
67	62	2945.006	2048.0535
67	63	2954.2744	2033.8065
67	64	2912.8713	2043.3674
67	65	2904.328	2126.506
67	66	2916.4807	2043.4608
67	69	2908.014	2145.2534
67	70	2960.9624	2168.9556
67	72	2982.7239	2031.7645
67	73	2970.5269	2144.5532
67	75	2900.7563	2120.4395
67	76	2973.5505	2153.6028
67	77	2977.345	2149.3914
67	82	2959.142	2029.481
68	1	2932.2917	2099.4214
68	2	3020.4653	2085.5437
68	3	3006.948	2076.0942
68	4	2945.4106	2096.1982
68	5	2949.187	2099.6816
68	6	2952.6853	2103.7566
68	7	2931.1895	2102.817
68	9	3001.9868	2130.1777
68	10	3007.4934	2130.8389
68	11	2980.9766	2072.9424
68	14	2976.3088	2096.891
68	15	3006.8818	2142.355
68	43	2969.561	2040.3284
68	44	2916.455	2062.666
68	45	2908.59	2116.5618
68	46	2916.4727	2053.806
68	47	2904.4448	2120.2776
68	48	2908.1802	2126.4282
68	49	2908.755	2069.9526
68	50	2915.9114	2150.5205
68	51	2900.167	2113.4321
68	52	2974.4001	2037.7343
68	53	2996.8699	2104.5054
68	54	2907.8196	2135.0881
68	55	2886.8018	2091.1729
68	56	2904.4873	2144.162
68	58	2912.6167	2061.0315
68	59	2964.2664	2035.2345
68	60	2907.7114	2153.0513
68	61	2912.8887	2052.0046
68	62	2945.006	2048.0535
68	63	2954.2744	2033.8065
68	64	2912.8713	2043.3674
68	65	2904.328	2126.506
68	66	2916.4807	2043.4608
68	67	2904.6863	2135.3232
68	70	2960.9624	2168.9556
68	72	2982.7239	2031.7645
68	73	2970.7305	2144.5596
68	74	2943.308	2041.7633
68	75	2900.7563	2120.4395
68	76	2973.5505	2153.6028
68	77	2977.345	2149.3914
68	82	2959.142	2029.481
69	1	2932.0798	2099.4182
69	2	3021.2837	2085.7988
69	3	3007.193	2076.3037
69	4	2944.8713	2096.1895
69	5	2948.6128	2099.6733
69	6	2952.041	2103.7432
69	7	2931.0427	2102.8118
69	9	3001.9868	2130.1777
69	10	3007.4934	2130.8389
69	11	2980.985	2072.9712
69	12	2985.6792	2129.9897
69	14	2975.48	2096.8728
69	43	2969.561	2040.3284
69	44	2916.455	2062.666
69	45	2908.605	2116.1082
69	46	2916.4727	2053.806
69	47	2904.4448	2120.2776
69	48	2908.1826	2126.0554
69	49	2908.7324	2070.521
69	50	2915.9114	2151.8901
69	51	2900.1553	2113.4302
69	52	2974.4001	2037.7343
69	53	2995.4924	2104.492
69	54	2907.8381	2134.9387
69	55	2886.8018	2091.1729
69	56	2904.4873	2144.162
69	58	2912.6167	2061.0315
69	59	2964.2664	2035.2345
69	60	2907.7046	2153.0166
69	61	2912.8887	2052.0046
69	62	2945.006	2048.0535
69	63	2954.2744	2033.8065
69	64	2912.8713	2043.3674
69	65	2904.328	2126.506
69	66	2916.4807	2043.4608
69	67	2904.641	2135.1838
69	69	2908.0417	2145.0054
69	70	2960.9624	2168.9556
69	72	2982.7239	2031.7645
69	73	2970.9292	2144.531
69	74	2943.308	2041.7633
69	76	2973.5505	2153.6028
69	77	2977.345	2149.3914
69	81	2900.4395	2147.3289
69	82	2959.142	2029.481
70	1	2931.8833	2099.4185
70	3	3007.456	2076.52
70	4	2944.3467	2096.1814
70	5	2948.0605	2099.6567
70	6	2951.4128	2103.7358
70	7	2930.9246	2102.8086
70	9	3001.9868	2130.1777
70	10	3007.4934	2130.8389
70	11	2980.97	2072.9673
70	14	2974.67	2096.8525
70	43	2969.561	2040.3284
70	44	2916.455	2062.666
70	45	2908.6257	2115.6086
70	46	2916.4727	2053.806
70	47	2904.4448	2120.2776
70	48	2908.1833	2125.6714
70	49	2908.722	2071.1206
70	50	2915.933	2153.3494
70	51	2900.1624	2113.4436
70	52	2974.4001	2037.7343
70	53	2994.1877	2104.4705
70	54	2907.8252	2134.7668
70	55	2886.8018	2091.1729
70	56	2904.4873	2144.162
70	58	2912.6167	2061.0315
70	59	2964.2664	2035.2345
70	60	2907.7192	2153.0132
70	61	2912.8887	2052.0046
70	62	2945.006	2048.0535
70	63	2954.2744	2033.8065
70	64	2912.8713	2043.3674
70	65	2904.328	2126.506
70	66	2916.4807	2043.4608
70	67	2904.6096	2135.2488
70	69	2908.0356	2144.8936
70	70	2960.9624	2168.9556
70	72	2982.7239	2031.7645
70	73	2971.0498	2144.5493
70	74	2943.308	2041.7633
70	76	2973.5505	2153.6028
70	77	2977.345	2149.3914
70	81	2900.4395	2147.3289
70	82	2959.142	2029.481
71	1	2931.7197	2099.4155
71	3	3007.7183	2076.7283
71	4	2943.837	2096.1726
71	5	2947.5173	2099.6514
71	6	2950.8035	2103.7256
71	7	2930.8103	2102.8079
71	9	3001.9868	2130.1777
71	10	3007.4934	2130.8389
71	11	2980.9924	2072.9856
71	12	2985.6792	2129.9897
71	14	2973.8684	2096.8447
71	43	2969.561	2040.3284
71	44	2916.455	2062.666
71	45	2908.6455	2115.0708
71	46	2916.4727	2053.806
71	47	2904.4448	2120.2776
71	48	2908.183	2125.2136
71	49	2908.6982	2071.729
71	50	2915.953	2154.6462
71	51	2900.1597	2113.4453
71	52	2974.4001	2037.7343
71	53	2992.885	2104.4673
71	54	2907.8203	2134.5144
71	55	2886.8018	2091.1729
71	56	2904.4873	2144.162
71	58	2912.6167	2061.0315
71	59	2964.2664	2035.2345
71	60	2907.7217	2152.961
71	61	2912.8887	2052.0046
71	62	2945.006	2048.0535
71	63	2954.2744	2033.8065
71	64	2912.8713	2043.3674
71	65	2904.328	2126.506
71	66	2916.4807	2043.4608
71	67	2904.6006	2135.3635
71	69	2908.0398	2144.7522
71	70	2960.9624	2168.9556
71	72	2982.7239	2031.7645
71	73	2971.0225	2144.5295
71	74	2943.308	2041.7633
71	76	2973.5505	2153.6028
71	79	2946.7278	2049.8562
71	81	2900.4395	2147.3289
71	82	2959.142	2029.481
72	1	2931.5757	2099.4163
72	3	3007.9478	2076.9226
72	4	2943.3418	2096.1648
72	5	2946.9868	2099.6458
72	6	2950.185	2103.7168
72	7	2930.7117	2102.8037
72	9	3001.9868	2130.1777
72	10	3007.4934	2130.8389
72	11	2980.982	2072.9731
72	12	2985.6792	2129.9897
72	14	2973.0862	2096.8274
72	43	2969.561	2040.3284
72	44	2916.455	2062.666
72	45	2908.6802	2114.488
72	46	2916.4727	2053.806
72	47	2904.4448	2120.2776
72	48	2908.182	2124.7917
72	49	2908.6833	2072.3699
72	50	2915.9424	2156.0388
72	51	2900.159	2113.444
72	52	2974.4001	2037.7343
72	53	2991.6074	2104.4434
72	54	2907.8176	2134.257
72	55	2886.8018	2091.1729
72	56	2904.4873	2144.162
72	58	2912.6167	2061.0315
72	59	2964.2664	2035.2345
72	60	2907.7295	2152.9011
72	61	2912.8887	2052.0046
72	62	2945.006	2048.0535
72	63	2954.2744	2033.8065
72	64	2912.8713	2043.3674
72	65	2904.328	2126.506
72	66	2916.4807	2043.4608
72	67	2904.597	2135.3613
72	69	2908.0535	2144.541
72	70	2960.9624	2168.9556
72	72	2982.7239	2031.7645
72	73	2971.3733	2144.5315
72	74	2943.308	2041.7633
72	76	2973.5505	2153.6028
72	79	2946.7974	2049.7712
72	81	2900.4395	2147.3289
72	82	2959.142	2029.481
72	83	2907.807	2159.6465
73	1	2931.4253	2099.4177
73	3	3008.2253	2077.1392
73	4	2942.8606	2096.1572
73	5	2946.4822	2099.6353
73	6	2949.5974	2103.7078
73	7	2930.6255	2102.8066
73	9	3001.9868	2130.1777
73	10	3007.4934	2130.8389
73	11	2980.985	2072.975
73	12	2985.6792	2129.9897
73	14	2972.332	2096.8167
73	43	2969.561	2040.3284
73	44	2916.455	2062.666
73	45	2908.72	2113.929
73	46	2916.4727	2053.806
73	47	2904.4448	2120.2776
73	48	2908.1792	2124.3193
73	49	2908.6567	2073.008
73	50	2915.9646	2157.4587
73	51	2900.1602	2113.4417
73	52	2974.4001	2037.7343
73	53	2990.3313	2104.42
73	54	2907.8218	2133.9922
73	55	2886.8018	2091.1729
73	56	2904.4873	2144.162
73	58	2912.6167	2061.0315
73	59	2964.2664	2035.2345
73	60	2907.7205	2152.8833
73	61	2912.8887	2052.0046
73	62	2945.006	2048.0535
73	63	2954.2744	2033.8065
73	64	2912.8713	2043.3674
73	65	2904.328	2126.506
73	66	2916.4807	2043.4608
73	67	2904.59	2135.3264
73	69	2908.0571	2144.3005
73	70	2960.9624	2168.9556
73	73	2971.4958	2144.5
73	74	2943.308	2041.7633
73	76	2973.5505	2153.6028
73	79	2946.838	2049.6785
73	81	2900.4395	2147.3289
73	82	2959.142	2029.481
73	83	2907.793	2159.606
73	84	2904.624	2152.4126
74	1	2931.308	2099.4138
74	3	3008.5063	2077.4014
74	4	2942.3933	2096.1511
74	5	2945.991	2099.6265
74	6	2949.0342	2103.6929
74	7	2930.5605	2102.807
74	9	3001.9868	2130.1777
74	11	2980.963	2072.9465
74	12	2985.6792	2129.9897
74	14	2971.5823	2096.8018
74	43	2969.561	2040.3284
74	44	2916.455	2062.666
74	45	2908.7642	2113.3533
74	46	2916.4727	2053.806
74	47	2904.4448	2120.2776
74	48	2908.1775	2123.8582
74	49	2908.6287	2073.69
74	50	2915.962	2158.8706
74	51	2900.1587	2113.4248
74	52	2974.4001	2037.7343
74	53	2989.1248	2104.406
74	54	2907.8293	2133.733
74	55	2886.8018	2091.1729
74	56	2904.4873	2144.162
74	58	2912.6167	2061.0315
74	59	2964.2664	2035.2345
74	60	2907.7231	2152.832
74	61	2912.8887	2052.0046
74	62	2945.006	2048.0535
74	64	2912.8713	2043.3674
74	65	2904.328	2126.506
74	66	2916.4807	2043.4608
74	67	2904.5989	2135.4705
74	69	2908.0679	2144.0679
74	70	2960.9624	2168.9556
74	73	2971.5217	2144.5232
74	74	2943.308	2041.7633
74	76	2973.5505	2153.6028
74	79	2946.8748	2049.598
74	81	2900.4395	2147.3289
74	82	2959.142	2029.481
74	83	2907.827	2159.55
74	84	2904.624	2152.4126
74	85	2909.2048	2057.2383
74	86	3017.2986	2101.3962
74	95	2900.7734	2120.3733
75	1	2931.1965	2099.4163
75	3	3008.8052	2077.6638
75	4	2941.9395	2096.1428
75	5	2945.485	2099.6248
75	6	2948.4856	2103.6816
75	7	2930.494	2102.8042
75	9	3001.9868	2130.1777
75	11	2980.982	2072.9468
75	14	2970.8293	2096.7864
75	43	2969.561	2040.3284
75	44	2916.455	2062.666
75	45	2908.8147	2112.7478
75	46	2916.4727	2053.806
75	47	2904.4448	2120.2776
75	48	2908.1714	2123.3367
75	49	2908.6008	2074.3545
75	50	2915.9675	2160.2974
75	51	2900.1628	2113.3987
75	52	2974.4001	2037.7343
75	53	2987.9255	2104.3835
75	54	2907.8533	2133.3804
75	55	2886.8018	2091.1729
75	56	2904.4873	2144.162
75	58	2912.6167	2061.0315
75	59	2964.2664	2035.2345
75	60	2907.7192	2152.7466
75	61	2912.8887	2052.0046
75	62	2945.006	2048.0535
75	66	2916.4807	2043.4608
75	69	2908.078	2143.8384
75	70	2960.9624	2168.9556
75	73	2971.4915	2144.5505
75	74	2943.308	2041.7633
75	76	2973.5505	2153.6028
75	79	2946.9077	2049.5078
75	81	2900.4395	2147.3289
75	82	2959.142	2029.481
75	83	2907.8354	2159.5056
75	84	2904.624	2152.4126
75	85	2909.1584	2057.5466
75	86	3015.9043	2101.4233
75	87	3002.9607	2096.3352
75	95	2900.7734	2120.3733
76	1	2931.0918	2099.417
76	3	3009.026	2077.8962
76	4	2941.4985	2096.1365
76	5	2945.0183	2099.6084
76	6	2947.9568	2103.6711
76	7	2930.4465	2102.8037
76	11	2980.9736	2072.9604
76	14	2970.0947	2096.7686
76	43	2969.561	2040.3284
76	44	2916.455	2062.666
76	45	2908.8787	2112.1362
76	46	2916.4727	2053.806
76	47	2904.4448	2120.2776
76	48	2908.1582	2122.8296
76	49	2908.5647	2075.0388
76	50	2915.9756	2161.7407
76	51	2900.1682	2113.3625
76	52	2974.4001	2037.7343
76	53	2986.6953	2104.3699
76	54	2907.8508	2133.0369
76	55	2886.8018	2091.1729
76	56	2904.4873	2144.162
76	58	2912.6167	2061.0315
76	59	2964.2664	2035.2345
76	60	2907.7239	2152.642
76	61	2912.8887	2052.0046
76	62	2945.006	2048.0535
76	66	2916.4807	2043.4608
76	67	2904.5847	2135.3875
76	69	2908.095	2143.5728
76	70	2960.9624	2168.9556
76	73	2971.505	2144.5737
76	74	2943.308	2041.7633
76	76	2973.5505	2153.6028
76	79	2946.9453	2049.4285
76	81	2900.4395	2147.3289
76	82	2959.142	2029.481
76	83	2907.8247	2159.479
76	84	2904.624	2152.4126
76	85	2909.165	2057.8672
76	86	3014.396	2101.3818
76	87	3001.6304	2096.1868
76	89	2904.259	2126.3264
76	95	2900.7734	2120.3733
76	99	2954.2556	2033.9144
76	106	2901.1553	2130.515
77	1	2931.0093	2099.4116
77	3	3009.2522	2078.0781
77	4	2941.0703	2096.129
77	5	2944.5557	2099.6016
77	6	2947.4246	2103.6648
77	7	2930.411	2102.8047
77	10	3007.4934	2130.8389
77	11	2980.9795	2072.9517
77	14	2969.3735	2096.756
77	43	2969.561	2040.3284
77	44	2916.455	2062.666
77	45	2908.9539	2111.509
77	46	2916.4727	2053.806
77	47	2904.4448	2120.2776
77	48	2908.1501	2122.248
77	49	2908.521	2075.7505
77	50	2915.9856	2163.1501
77	51	2900.168	2113.3801
77	52	2974.4001	2037.7343
77	53	2985.5708	2104.354
77	54	2907.8472	2132.719
77	55	2886.8018	2091.1729
77	56	2904.4873	2144.162
77	58	2912.6167	2061.0315
77	59	2964.2664	2035.2345
77	60	2907.7217	2152.5671
77	61	2912.8887	2052.0046
77	62	2945.006	2048.0535
77	66	2916.4807	2043.4608
77	67	2904.5505	2135.3665
77	69	2908.1018	2143.3057
77	70	2960.9624	2168.9556
77	73	2971.5894	2144.5398
77	74	2943.308	2041.7633
77	76	2973.5505	2153.6028
77	79	2946.9714	2049.3713
77	81	2900.4395	2147.3289
77	83	2907.824	2159.4321
77	84	2904.624	2152.4126
77	85	2909.1377	2058.244
77	86	3012.9893	2101.3374
77	87	3000.2527	2096.061
77	92	2912.8374	2043.3463
77	95	2900.7734	2120.3733
77	106	2901.0183	2130.472
78	1	2930.9229	2099.4133
78	3	3009.4622	2078.2563
78	4	2940.6553	2096.123
78	5	2944.1245	2099.5928
78	6	2946.9417	2103.6558
78	7	2930.37	2102.8032
78	11	2980.966	2072.9717
78	14	2968.6663	2096.7427
78	43	2969.561	2040.3284
78	44	2916.455	2062.666
78	45	2909.0437	2110.8752
78	46	2916.4727	2053.806
78	47	2904.4448	2120.2776
78	48	2908.1453	2121.6929
78	49	2908.4717	2076.454
78	50	2915.9927	2164.5217
78	51	2900.1555	2113.4277
78	53	2984.4785	2104.341
78	54	2907.8564	2132.3835
78	55	2886.8018	2091.1729
78	56	2904.4873	2144.162
78	58	2912.6167	2061.0315
78	59	2964.2664	2035.2345
78	60	2907.7285	2152.441
78	61	2912.8887	2052.0046
78	62	2945.006	2048.0535
78	66	2916.4807	2043.4608
78	67	2904.5469	2135.3792
78	69	2908.109	2143.0085
78	70	2960.9624	2168.9556
78	73	2971.6816	2144.5168
78	74	2943.308	2041.7633
78	76	2973.5505	2153.6028
78	79	2946.9946	2049.298
78	81	2900.4395	2147.3289
78	83	2907.8237	2159.408
78	84	2904.624	2152.4126
78	85	2909.156	2058.6997
78	86	3011.5637	2101.3228
78	87	2998.9058	2095.9233
78	89	2904.259	2126.3264
78	91	2907.7446	2164.5515
78	92	2912.8374	2043.3463
78	93	2974.427	2037.826
78	95	2900.7734	2120.3733
78	106	2901.0415	2130.4434
79	1	2930.8403	2099.4119
79	3	3009.7637	2078.5212
79	4	2940.2527	2096.1174
79	5	2943.7007	2099.5896
79	6	2946.4563	2103.6372
79	7	2930.3635	2102.8047
79	11	2980.992	2072.9946
79	14	2967.9424	2096.73
79	43	2969.561	2040.3284
79	44	2916.455	2062.666
79	45	2909.1404	2110.23
79	46	2916.4727	2053.806
79	47	2904.4448	2120.2776
79	48	2908.145	2121.0938
79	49	2908.4185	2077.1758
79	50	2915.9785	2165.96
79	51	2900.1582	2113.4458
79	53	2983.3716	2104.316
79	54	2907.8635	2131.9724
79	55	2886.8018	2091.1729
79	56	2904.4873	2144.162
79	58	2912.6167	2061.0315
79	59	2964.2664	2035.2345
79	60	2907.7368	2152.3071
79	61	2912.8887	2052.0046
79	62	2945.006	2048.0535
79	66	2916.4807	2043.4608
79	69	2908.117	2142.7273
79	70	2960.9624	2168.9556
79	73	2971.7285	2144.5051
79	74	2943.308	2041.7633
79	76	2973.5505	2153.6028
79	79	2947.0122	2049.2163
79	81	2900.4395	2147.3289
79	83	2907.8306	2159.3582
79	84	2904.624	2152.4126
79	85	2909.0903	2059.1306
79	86	3010.1328	2101.2932
79	87	2997.5996	2095.7795
79	89	2904.259	2126.3264
79	91	2907.7446	2164.5515
79	92	2912.8374	2043.3463
79	93	2974.427	2037.826
79	95	2900.7734	2120.3733
79	106	2901.0654	2130.3215
80	1	2930.8015	2099.4133
80	3	3010.0442	2078.712
80	4	2939.8623	2096.1106
80	5	2943.288	2099.5815
80	6	2945.991	2103.63
80	7	2930.3198	2102.8008
80	11	2980.983	2072.9875
80	14	2967.2815	2096.7124
80	43	2969.561	2040.3284
80	44	2916.455	2062.666
80	45	2909.2424	2109.5762
80	46	2916.4727	2053.806
80	47	2904.4448	2120.2776
80	48	2908.1338	2120.502
80	49	2908.35	2077.8909
80	50	2915.9807	2167.4236
80	51	2900.1572	2113.42
80	53	2982.3425	2104.2947
80	54	2907.8635	2131.5557
80	55	2886.8018	2091.1729
80	56	2904.4873	2144.162
80	58	2912.6167	2061.0315
80	59	2964.2664	2035.2345
80	60	2907.7358	2152.126
80	61	2912.8887	2052.0046
80	62	2945.006	2048.0535
80	66	2916.4807	2043.4608
80	69	2908.1208	2142.3975
80	70	2960.9624	2168.9556
80	73	2971.8389	2144.4473
80	74	2943.308	2041.7633
80	76	2973.5505	2153.6028
80	79	2947.0056	2049.1443
80	81	2900.4395	2147.3289
80	83	2907.8313	2159.3044
80	84	2904.624	2152.4126
80	85	2909.0686	2059.6165
80	86	3008.7256	2101.2715
80	87	2996.25	2095.6392
80	89	2904.259	2126.3264
80	91	2907.7446	2164.5515
80	92	2912.8374	2043.3463
80	93	2974.427	2037.826
80	95	2900.7734	2120.3733
80	96	2879.494	2091.1006
80	100	2948.907	2023.4552
80	106	2901.0708	2130.2805
81	1	2930.7258	2099.4202
81	3	3010.304	2078.8792
81	4	2939.4854	2096.106
81	5	2942.9077	2099.573
81	6	2945.546	2103.6194
81	7	2930.313	2102.8022
81	11	2980.9966	2072.9817
81	14	2966.5405	2096.6995
81	43	2969.561	2040.3284
81	44	2916.455	2062.666
81	45	2909.3682	2108.9153
81	46	2916.4727	2053.806
81	47	2904.4448	2120.2776
81	48	2908.1182	2119.8755
81	49	2908.266	2078.6245
81	50	2915.9321	2168.8582
81	51	2900.1624	2113.4287
81	53	2981.28	2104.274
81	54	2907.8774	2131.1243
81	55	2886.8018	2091.1729
81	56	2904.4873	2144.162
81	58	2912.6167	2061.0315
81	59	2964.2664	2035.2345
81	60	2907.7395	2151.9155
81	61	2912.8887	2052.0046
81	62	2945.006	2048.0535
81	67	2904.592	2135.5513
81	69	2908.1333	2142.018
81	70	2960.9624	2168.9556
81	73	2971.8274	2144.4788
81	74	2943.308	2041.7633
81	76	2973.5505	2153.6028
81	79	2947.0264	2049.061
81	81	2900.4395	2147.3289
81	83	2907.8333	2159.2495
81	84	2904.624	2152.4126
81	85	2909.04	2060.069
81	86	3007.295	2101.2327
81	87	2994.9282	2095.5037
81	89	2904.259	2126.3264
81	91	2907.7446	2164.5515
81	92	2912.8374	2043.3463
81	93	2974.427	2037.826
81	95	2900.7734	2120.3733
81	96	2879.494	2091.1006
81	106	2901.0627	2130.2544
82	1	2930.6846	2099.4119
82	3	3010.6416	2079.1453
82	4	2939.1218	2096.0999
82	5	2942.5479	2099.5654
82	6	2945.122	2103.6023
82	7	2930.301	2102.8013
82	11	2980.9712	2072.9797
82	14	2965.8484	2096.6882
82	43	2969.561	2040.3284
82	44	2916.455	2062.666
82	45	2909.5083	2108.24
82	46	2916.4727	2053.806
82	47	2904.4448	2120.2776
82	48	2908.1213	2119.2476
82	49	2908.1677	2079.363
82	51	2900.151	2113.4424
82	53	2980.2388	2104.2478
82	54	2907.8884	2130.652
82	55	2886.8018	2091.1729
82	56	2904.4873	2144.162
82	58	2912.6167	2061.0315
82	59	2964.2664	2035.2345
82	60	2907.7441	2151.665
82	61	2912.8887	2052.0046
82	62	2945.006	2048.0535
82	66	2916.4807	2043.4608
82	67	2904.6204	2135.5703
82	69	2908.1506	2141.6963
82	70	2960.9624	2168.9556
82	73	2971.8533	2144.4521
82	74	2943.308	2041.7633
82	76	2973.5505	2153.6028
82	79	2947.0576	2048.9575
82	81	2900.4395	2147.3289
82	83	2907.8347	2159.1694
82	84	2904.624	2152.4126
82	85	2909.0244	2060.6191
82	86	3005.8606	2101.2126
82	87	2993.6438	2095.3865
82	89	2904.259	2126.3264
82	91	2907.7446	2164.5515
82	92	2912.8374	2043.3463
82	93	2974.427	2037.826
82	95	2900.7734	2120.3733
82	96	2879.494	2091.1006
82	100	2949.7588	2024.6895
83	1	2930.6436	2099.4158
83	3	3011.019	2079.3357
83	4	2938.7717	2096.0955
83	5	2942.198	2099.5605
83	6	2944.7112	2103.5955
83	7	2930.296	2102.8052
83	11	2980.971	2072.9412
83	14	2965.276	2096.6653
83	43	2969.561	2040.3284
83	44	2916.455	2062.666
83	45	2909.6646	2107.5518
83	46	2916.4727	2053.806
83	47	2904.4448	2120.2776
83	48	2908.1248	2118.5881
83	49	2908.0576	2080.109
83	51	2900.154	2113.4412
83	53	2979.1836	2104.2236
83	54	2907.9116	2130.0916
83	55	2886.8018	2091.1729
83	56	2904.4873	2144.162
83	58	2912.6167	2061.0315
83	59	2964.2664	2035.2345
83	60	2907.7412	2151.4229
83	61	2912.8887	2052.0046
83	62	2945.006	2048.0535
83	66	2916.4807	2043.4608
83	67	2904.6328	2135.5938
83	69	2908.152	2141.3518
83	70	2960.9624	2168.9556
83	73	2971.8887	2144.436
83	74	2943.308	2041.7633
83	76	2973.5505	2153.6028
83	79	2947.073	2048.8745
83	81	2900.4395	2147.3289
83	83	2907.8386	2159.1042
83	84	2904.624	2152.4126
83	85	2909.0007	2061.074
83	86	3004.5273	2101.188
83	87	2992.3137	2095.2664
83	89	2904.259	2126.3264
83	91	2907.7446	2164.5515
83	92	2912.8374	2043.3463
83	93	2974.427	2037.826
83	95	2900.7734	2120.3733
83	96	2879.494	2091.1006
83	99	2954.2556	2033.9144
83	100	2950.1995	2025.1395
83	102	2861.8777	2090.347
84	1	2930.6135	2099.4114
84	3	3011.3345	2079.488
84	4	2938.4343	2096.0906
84	5	2941.8542	2099.5576
84	6	2944.3188	2103.5845
84	7	2930.2964	2102.807
84	14	2964.6765	2096.6575
84	43	2969.561	2040.3284
84	44	2916.455	2062.666
84	45	2909.8345	2106.876
84	46	2916.4727	2053.806
84	47	2904.4448	2120.2776
84	48	2908.1313	2117.951
84	49	2907.9304	2080.8523
84	51	2900.1687	2113.451
84	53	2978.228	2104.1978
84	54	2907.904	2129.614
84	55	2886.8018	2091.1729
84	56	2904.4873	2144.162
84	58	2912.6167	2061.0315
84	59	2964.2664	2035.2345
84	60	2907.758	2151.1455
84	61	2912.8887	2052.0046
84	62	2945.006	2048.0535
84	66	2916.4807	2043.4608
84	67	2904.654	2135.5928
84	69	2908.153	2140.9934
84	73	2971.913	2144.411
84	74	2943.308	2041.7633
84	76	2973.5505	2153.6028
84	79	2947.0637	2048.7864
84	81	2900.4395	2147.3289
84	83	2907.848	2159.0398
84	84	2904.624	2152.4126
84	85	2908.987	2061.6348
84	86	3003.1572	2101.1763
84	87	2990.99	2095.1545
84	89	2904.259	2126.3264
84	91	2907.7446	2164.5515
84	92	2912.8374	2043.3463
84	93	2974.427	2037.826
84	95	2900.7734	2120.3733
84	96	2879.494	2091.1006
84	99	2954.2556	2033.9144
84	100	2950.6682	2025.5922
84	102	2861.8777	2090.347
84	103	2900.6523	2156.024
85	1	2930.5806	2099.4128
85	3	3011.6033	2079.66
85	4	2938.1096	2096.0867
85	5	2941.5593	2099.5498
85	6	2943.9324	2103.573
85	7	2930.2874	2102.7964
85	11	2980.9648	2072.9417
85	14	2964.1619	2096.6416
85	43	2969.561	2040.3284
85	44	2916.455	2062.666
85	45	2910.0312	2106.1943
85	46	2916.4727	2053.806
85	47	2904.4448	2120.2776
85	48	2908.1335	2117.2524
85	49	2907.781	2081.5881
85	51	2900.1694	2113.44
85	53	2977.2793	2104.1726
85	54	2907.9187	2129.0703
85	55	2886.8018	2091.1729
85	56	2904.4873	2144.162
85	58	2912.6167	2061.0315
85	59	2964.2664	2035.2345
85	60	2907.7634	2150.8162
85	61	2912.8887	2052.0046
85	62	2945.006	2048.0535
85	66	2916.4807	2043.4608
85	67	2904.6323	2135.6719
85	69	2908.1655	2140.6335
85	73	2971.938	2144.393
85	74	2943.308	2041.7633
85	76	2973.5505	2153.6028
85	79	2947.0498	2048.7034
85	81	2900.4395	2147.3289
85	83	2907.8481	2158.9502
85	84	2904.624	2152.4126
85	85	2908.9612	2062.1785
85	86	3001.828	2101.1353
85	87	2989.7175	2095.0627
85	89	2904.259	2126.3264
85	91	2907.7446	2164.5515
85	92	2912.8374	2043.3463
85	93	2974.427	2037.826
85	95	2900.7734	2120.3733
85	96	2879.494	2091.1006
85	99	2954.2556	2033.9144
85	100	2951.0867	2026.0
85	102	2861.8777	2090.347
85	103	2900.6523	2156.024
86	1	2930.569	2099.4124
86	4	2937.797	2096.0815
86	5	2941.2559	2099.5437
86	6	2943.568	2103.5671
86	7	2930.2925	2102.7993
86	11	2980.9915	2072.9512
86	14	2963.4202	2096.6387
86	43	2969.561	2040.3284
86	44	2916.455	2062.666
86	45	2910.2478	2105.4932
86	46	2916.4727	2053.806
86	47	2904.4448	2120.2776
86	48	2908.1428	2116.565
86	49	2907.6155	2082.306
86	51	2900.169	2113.441
86	53	2976.315	2104.1504
86	54	2907.9216	2128.4888
86	55	2886.8018	2091.1729
86	56	2904.4873	2144.162
86	58	2912.6167	2061.0315
86	59	2964.2664	2035.2345
86	60	2907.7708	2150.4956
86	61	2912.8887	2052.0046
86	62	2945.006	2048.0535
86	66	2916.4807	2043.4608
86	67	2904.6248	2135.5688
86	69	2908.173	2140.1914
86	73	2971.9548	2144.39
86	74	2943.308	2041.7633
86	76	2973.5505	2153.6028
86	79	2947.0227	2048.6187
86	81	2900.4395	2147.3289
86	83	2907.8625	2158.8254
86	84	2904.624	2152.4126
86	85	2908.9397	2062.7437
86	86	3000.491	2101.1138
86	87	2988.4011	2094.9832
86	89	2904.259	2126.3264
86	91	2907.7446	2164.5515
86	93	2974.427	2037.826
86	96	2879.494	2091.1006
86	99	2954.2556	2033.9144
86	100	2951.5051	2026.4294
86	102	2861.8777	2090.347
86	103	2900.6523	2156.024
86	109	2943.6858	2048.4854
87	1	2930.558	2099.4084
87	4	2937.4966	2096.078
87	5	2940.9902	2099.5354
87	6	2943.2056	2103.5557
87	7	2930.2903	2102.8096
87	11	2981.0037	2072.953
87	14	2962.8054	2096.626
87	43	2969.561	2040.3284
87	44	2916.455	2062.666
87	45	2910.4773	2104.798
87	46	2916.4727	2053.806
87	47	2904.4448	2120.2776
87	48	2908.154	2115.8926
87	49	2907.431	2083.0293
87	51	2900.165	2113.4321
87	53	2975.325	2104.1265
87	54	2907.9226	2127.9324
87	55	2886.8018	2091.1729
87	56	2904.4873	2144.162
87	58	2912.6167	2061.0315
87	59	2964.2664	2035.2345
87	60	2907.7683	2150.157
87	61	2912.8887	2052.0046
87	62	2945.006	2048.0535
87	66	2916.4807	2043.4608
87	67	2904.6338	2135.5684
87	69	2908.181	2139.753
87	73	2971.9683	2144.4043
87	74	2943.308	2041.7633
87	76	2973.5505	2153.6028
87	79	2946.9941	2048.5574
87	81	2900.4395	2147.3289
87	83	2907.8665	2158.7166
87	84	2904.624	2152.4126
87	85	2908.9177	2063.33
87	86	2999.1624	2101.0977
87	87	2987.1162	2094.8984
87	89	2904.259	2126.3264
87	91	2907.7446	2164.5515
87	92	2912.8374	2043.3463
87	93	2974.427	2037.826
87	96	2879.494	2091.1006
87	99	2954.2556	2033.9144
87	100	2951.9363	2026.8398
87	102	2861.8777	2090.347
87	103	2900.6523	2156.024
87	109	2943.6777	2048.4822
88	1	2930.5237	2099.4138
88	4	2937.2083	2096.0745
88	5	2940.7285	2099.5312
88	6	2942.8574	2103.5474
88	7	2930.285	2102.8032
88	11	2980.9888	2072.9524
88	14	2962.196	2096.6157
88	43	2969.561	2040.3284
88	44	2916.455	2062.666
88	45	2910.7314	2104.1
88	46	2916.4727	2053.806
88	47	2904.4448	2120.2776
88	48	2908.1763	2115.1787
88	49	2907.2197	2083.751
88	51	2900.161	2113.4146
88	53	2974.3625	2104.098
88	54	2907.933	2127.3005
88	55	2886.8018	2091.1729
88	56	2904.4873	2144.162
88	58	2912.6167	2061.0315
88	59	2964.2664	2035.2345
88	60	2907.7805	2149.762
88	61	2912.8887	2052.0046
88	62	2945.006	2048.0535
88	66	2916.4807	2043.4608
88	67	2904.6348	2135.601
88	69	2908.1865	2139.3325
88	73	2972.0005	2144.3997
88	74	2943.308	2041.7633
88	79	2946.9685	2048.4976
88	81	2900.4395	2147.3289
88	83	2907.8755	2158.5596
88	84	2904.624	2152.4126
88	85	2908.9075	2063.9084
88	86	2997.8552	2101.0798
88	87	2985.789	2094.8184
88	89	2904.259	2126.3264
88	91	2907.7446	2164.5515
88	92	2912.8374	2043.3463
88	93	2974.427	2037.826
88	96	2879.494	2091.1006
88	99	2954.2556	2033.9144
88	100	2952.3232	2027.1776
88	102	2861.8777	2090.347
88	103	2900.6523	2156.024
88	109	2943.7039	2048.4727
89	1	2930.523	2099.4136
89	4	2936.9314	2096.0703
89	5	2940.4917	2099.5286
89	6	2942.5364	2103.541
89	7	2930.3008	2102.7996
89	11	2980.884	2072.4658
89	14	2961.6309	2096.6
89	43	2969.561	2040.3284
89	44	2916.455	2062.666
89	45	2911.004	2103.3972
89	46	2916.4727	2053.806
89	47	2904.4448	2120.2776
89	48	2908.2021	2114.4504
89	49	2906.9846	2084.4688
89	51	2900.1648	2113.3872
89	53	2973.3958	2104.0764
89	54	2907.9426	2126.6416
89	55	2886.8018	2091.1729
89	56	2904.4873	2144.162
89	58	2912.6167	2061.0315
89	59	2964.2664	2035.2345
89	60	2907.784	2149.3953
89	61	2912.8887	2052.0046
89	62	2945.006	2048.0535
89	66	2916.4807	2043.4608
89	67	2904.6226	2135.4355
89	69	2908.1973	2138.9128
89	73	2971.971	2144.421
89	74	2943.308	2041.7633
89	79	2946.9263	2048.4421
89	81	2900.4395	2147.3289
89	83	2907.8845	2158.4282
89	84	2904.624	2152.4126
89	85	2908.8809	2064.513
89	86	2996.538	2101.058
89	87	2984.5146	2094.7278
89	89	2904.259	2126.3264
89	91	2907.7446	2164.5515
89	92	2912.8374	2043.3463
89	93	2974.427	2037.826
89	96	2879.494	2091.1006
89	99	2954.2556	2033.9144
89	102	2861.8777	2090.347
89	103	2900.6523	2156.024
89	109	2943.724	2048.4766
90	1	2930.5117	2099.407
90	4	2936.666	2096.067
90	5	2940.2876	2099.5195
90	6	2942.2195	2103.53
90	7	2930.2988	2102.8127
90	11	2981.005	2072.9714
90	14	2961.0603	2096.5945
90	43	2969.561	2040.3284
90	44	2916.455	2062.666
90	45	2911.2988	2102.7012
90	46	2916.4727	2053.806
90	47	2904.4448	2120.2776
90	48	2908.2327	2113.6987
90	49	2906.7417	2085.147
90	51	2900.1685	2113.338
90	53	2972.4893	2104.0598
90	54	2907.9568	2125.954
90	55	2886.8018	2091.1729
90	58	2912.6167	2061.0315
90	59	2964.2664	2035.2345
90	60	2907.7864	2148.9631
90	61	2912.8887	2052.0046
90	62	2945.006	2048.0535
90	66	2916.4807	2043.4608
90	67	2904.6145	2135.3845
90	69	2908.1948	2138.4216
90	73	2971.9875	2144.4165
90	74	2943.308	2041.7633
90	79	2946.8997	2048.362
90	81	2900.4395	2147.3289
90	83	2907.9028	2158.2466
90	84	2904.624	2152.4126
90	85	2908.8564	2065.1035
90	86	2995.2356	2101.0383
90	87	2983.232	2094.6575
90	89	2904.259	2126.3264
90	91	2907.7446	2164.5515
90	92	2912.8374	2043.3463
90	93	2974.427	2037.826
90	96	2879.494	2091.1006
90	99	2954.2556	2033.9144
90	102	2861.8777	2090.347
90	103	2900.6523	2156.024
90	109	2943.7295	2048.419
