0	1	6277.3604	9503.231
0	2	6260.5522	9497.436
0	4	6328.2456	9504.489
0	5	6310.6333	9501.282
0	6	6349.84	9500.859
0	7	6355.544	9497.32
0	8	6296.5083	9500.73
0	9	6403.29	9501.313
1	1	6275.783	9503.325
1	2	6259.0947	9497.428
1	4	6326.4	9504.489
1	5	6309.136	9501.283
1	6	6347.9478	9500.856
1	7	6353.4424	9497.314
1	8	6294.997	9500.754
1	9	6401.3457	9501.313
2	1	6274.225	9503.411
2	2	6257.673	9497.427
2	3	6247.836	9501.012
2	4	6324.566	9504.491
2	5	6307.647	9501.283
2	6	6346.048	9500.85
2	7	6351.3267	9497.312
2	8	6293.4673	9500.769
2	9	6399.4224	9501.297
3	1	6272.6733	9503.487
3	2	6256.181	9497.408
3	3	6246.872	9501.06
3	4	6322.7437	9504.493
3	5	6306.187	9501.282
3	6	6344.171	9500.844
3	7	6349.229	9497.303
3	8	6291.959	9500.787
3	9	6397.483	9501.2705
4	1	6271.0737	9503.562
4	2	6254.8003	9497.38
4	3	6245.8647	9501.077
4	4	6320.931	9504.495
4	5	6304.713	9501.282
4	6	6342.3003	9500.832
4	7	6347.0933	9497.296
4	8	6290.483	9500.816
4	9	6395.563	9501.265
5	1	6269.5693	9503.6455
5	2	6253.398	9497.407
5	3	6244.894	9501.091
5	4	6319.129	9504.499
5	5	6303.2544	9501.29
5	6	6340.4214	9500.836
5	7	6344.995	9497.295
5	8	6289.022	9500.846
5	9	6393.638	9501.275
6	1	6268.032	9503.741
6	2	6252.0405	9497.41
6	3	6243.942	9501.119
6	4	6317.3364	9504.504
6	5	6301.7954	9501.302
6	6	6338.565	9500.838
6	7	6342.9287	9497.309
6	8	6287.5728	9500.874
6	9	6391.667	9501.302
7	1	6266.5254	9503.774
7	2	6250.689	9497.369
7	3	6243.0005	9501.106
7	4	6315.5547	9504.512
7	5	6300.33	9501.272
7	6	6336.7207	9500.812
7	7	6340.863	9497.289
7	8	6286.118	9500.865
7	9	6389.778	9501.246
8	1	6265.016	9503.816
8	2	6249.298	9497.405
8	3	6242.0024	9501.124
8	4	6313.784	9504.519
8	5	6298.872	9501.268
8	6	6334.897	9500.799
8	7	6338.7705	9497.288
8	8	6284.6523	9500.891
8	9	6387.813	9501.23
9	1	6263.559	9503.865
9	2	6247.9497	9497.391
9	3	6241.035	9501.124
9	4	6312.0283	9504.528
9	5	6297.438	9501.267
9	6	6333.0957	9500.807
9	7	6336.709	9497.298
9	8	6283.209	9500.913
9	9	6385.934	9501.237
10	1	6262.1064	9503.908
10	2	6246.61	9497.381
10	3	6240.0933	9501.13
10	4	6310.2837	9504.538
10	5	6295.9956	9501.257
10	6	6331.2783	9500.797
10	7	6334.6914	9497.291
10	8	6281.8047	9500.938
10	9	6384.0454	9501.214
11	1	6260.667	9503.947
11	2	6245.3247	9497.372
11	3	6239.1206	9501.124
11	4	6308.5483	9504.549
11	5	6294.5664	9501.25
11	6	6329.48	9500.79
11	7	6332.684	9497.294
11	8	6280.4194	9500.958
11	9	6382.151	9501.201
12	1	6259.1978	9503.985
12	2	6244.036	9497.358
12	3	6238.1475	9501.132
12	4	6306.824	9504.561
12	5	6293.143	9501.244
12	6	6327.7085	9500.786
12	7	6330.6733	9497.293
12	8	6279.022	9500.979
12	9	6380.245	9501.21
13	1	6257.769	9504.032
13	2	6242.725	9497.338
13	3	6237.1914	9501.138
13	4	6305.1157	9504.574
13	5	6291.728	9501.237
13	6	6325.9517	9500.777
13	7	6328.6763	9497.292
13	8	6277.653	9501.005
13	9	6378.3813	9501.205
13	10	6227.8657	9497.42
14	1	6256.3774	9504.065
14	2	6241.47	9497.349
14	3	6236.248	9501.137
14	4	6303.4185	9504.588
14	5	6290.326	9501.232
14	6	6324.213	9500.775
14	7	6326.695	9497.296
14	8	6276.319	9501.023
14	9	6376.4946	9501.201
14	10	6226.8896	9497.46
15	1	6254.962	9504.1045
15	2	6240.2197	9497.334
15	3	6235.3022	9501.125
15	4	6301.733	9504.6
15	5	6288.947	9501.225
15	6	6322.4805	9500.768
15	7	6324.7417	9497.297
15	8	6274.972	9501.045
15	9	6374.6274	9501.198
15	10	6225.631	9497.446
16	1	6253.5933	9504.15
16	2	6239.001	9497.309
16	3	6234.355	9501.135
16	4	6300.061	9504.613
16	5	6287.5664	9501.219
16	6	6320.7793	9500.765
16	7	6322.7783	9497.295
16	8	6273.6323	9501.068
16	9	6372.7656	9501.192
16	10	6224.4727	9497.44
17	1	6252.2104	9504.1875
17	2	6237.7935	9497.329
17	3	6233.435	9501.148
17	4	6298.4014	9504.625
17	5	6286.2046	9501.22
17	6	6319.0923	9500.764
17	7	6320.8774	9497.304
17	8	6272.3066	9501.095
17	9	6370.956	9501.1875
17	10	6223.3135	9497.429
18	1	6250.8696	9504.221
18	2	6236.6055	9497.325
18	3	6232.51	9501.142
18	4	6296.7544	9504.637
18	5	6284.8706	9501.21
18	6	6317.4287	9500.759
18	7	6318.9634	9497.298
18	8	6270.998	9501.115
18	9	6369.1094	9501.181
18	10	6222.1934	9497.433
19	1	6249.5674	9504.246
19	2	6235.4346	9497.3125
19	3	6231.5615	9501.154
19	4	6295.1206	9504.646
19	5	6283.5635	9501.203
19	6	6315.7783	9500.75
19	7	6317.068	9497.306
19	8	6269.7065	9501.137
19	9	6367.329	9501.176
19	10	6221.054	9497.416
20	1	6248.2266	9504.285
20	2	6234.2944	9497.305
20	3	6230.6875	9501.161
20	4	6293.5	9504.655
20	5	6282.2744	9501.201
20	6	6314.1235	9500.747
20	7	6315.17	9497.31
20	8	6268.443	9501.16
20	9	6365.543	9501.164
20	10	6219.9473	9497.414
21	1	6246.93	9504.324
21	2	6233.1753	9497.309
21	3	6229.765	9501.15
21	4	6291.893	9504.662
21	5	6281.0024	9501.203
21	6	6312.4873	9500.742
21	7	6313.306	9497.322
21	8	6267.178	9501.191
21	9	6363.6934	9501.165
21	10	6218.821	9497.407
22	1	6245.6855	9504.3545
22	2	6232.0396	9497.3125
22	3	6228.8496	9501.166
22	4	6290.301	9504.67
22	5	6279.724	9501.197
22	6	6310.8735	9500.738
22	7	6311.4424	9497.339
22	8	6265.941	9501.217
22	9	6361.882	9501.168
22	10	6217.777	9497.397
23	1	6244.3647	9504.367
23	2	6231.008	9497.279
23	3	6227.9976	9501.1455
23	4	6288.723	9504.675
23	5	6278.5444	9501.179
23	6	6309.2617	9500.705
23	7	6309.642	9497.311
23	8	6264.7363	9501.213
23	9	6360.1196	9501.123
23	10	6216.7026	9497.4
24	1	6243.1455	9504.393
24	2	6229.896	9497.281
24	3	6227.138	9501.162
24	4	6287.156	9504.679
24	5	6277.2954	9501.181
24	6	6307.6533	9500.708
24	7	6307.808	9497.315
24	8	6263.5176	9501.241
24	9	6358.3145	9501.1455
24	10	6215.6797	9497.411
25	1	6241.959	9504.4
25	2	6228.839	9497.283
25	3	6226.3228	9501.15
25	4	6285.602	9504.683
25	5	6276.0767	9501.174
25	6	6306.0654	9500.709
25	7	6306.017	9497.33
25	8	6262.3003	9501.264
25	9	6356.6455	9501.154
25	10	6214.644	9497.407
26	1	6240.733	9504.419
26	2	6227.7666	9497.287
26	3	6225.4854	9501.151
26	4	6284.0664	9504.685
26	5	6274.8823	9501.179
26	6	6304.491	9500.704
26	7	6304.2446	9497.329
26	8	6261.108	9501.287
26	9	6354.9175	9501.136
26	10	6213.6396	9497.411
27	1	6239.5513	9504.444
27	2	6226.6865	9497.285
27	3	6224.6587	9501.169
27	4	6282.5454	9504.687
27	5	6273.709	9501.177
27	6	6302.9546	9500.697
27	7	6302.4673	9497.34
27	8	6259.9434	9501.3
27	9	6353.184	9501.117
27	10	6212.6104	9497.411
28	1	6238.35	9504.474
28	2	6225.644	9497.286
28	3	6223.854	9501.173
28	4	6281.0347	9504.687
28	5	6272.547	9501.186
28	6	6301.4067	9500.7
28	7	6300.7363	9497.344
28	8	6258.762	9501.308
28	9	6351.518	9501.128
28	10	6211.641	9497.404
29	1	6237.17	9504.486
29	2	6224.6113	9497.282
29	3	6223.0503	9501.169
29	4	6279.5405	9504.6875
29	5	6271.3906	9501.182
29	6	6299.901	9500.696
29	7	6298.977	9497.355
29	8	6257.6035	9501.322
29	9	6349.852	9501.126
29	10	6210.66	9497.402
30	1	6236.007	9504.507
30	2	6223.6055	9497.278
30	3	6222.2466	9501.177
30	4	6278.0645	9504.687
30	5	6270.2505	9501.181
30	6	6298.373	9500.698
30	7	6297.2866	9497.36
30	8	6256.442	9501.334
30	9	6348.1143	9501.118
30	10	6209.7485	9497.419
31	1	6234.876	9504.524
31	2	6222.606	9497.274
31	3	6221.467	9501.183
31	4	6276.6016	9504.689
31	5	6269.1167	9501.182
31	6	6296.879	9500.695
31	7	6295.577	9497.357
31	8	6255.2993	9501.346
31	9	6346.478	9501.125
31	10	6208.795	9497.419
32	1	6233.7446	9504.553
32	2	6221.6094	9497.268
32	3	6220.7104	9501.187
32	4	6275.1523	9504.688
32	5	6267.9897	9501.1875
32	6	6295.378	9500.694
32	7	6293.891	9497.36
32	8	6254.1504	9501.352
32	9	6344.815	9501.124
32	10	6207.9087	9497.433
33	1	6232.625	9504.5625
33	2	6220.6587	9497.264
33	3	6219.9697	9501.194
33	4	6273.718	9504.69
33	5	6266.8853	9501.196
33	6	6293.9346	9500.696
33	7	6292.21	9497.353
33	8	6253.0093	9501.36
33	9	6343.1934	9501.13
33	10	6206.9966	9497.434
34	1	6231.515	9504.576
34	2	6219.673	9497.266
34	3	6219.2456	9501.195
34	4	6272.2993	9504.692
34	5	6265.8037	9501.198
34	6	6292.4946	9500.693
34	7	6290.53	9497.355
34	8	6251.8906	9501.364
34	9	6341.5874	9501.12
34	10	6206.067	9497.437
35	1	6230.42	9504.598
35	2	6218.7134	9497.253
35	3	6218.516	9501.19
35	4	6270.8965	9504.694
35	5	6264.751	9501.204
35	6	6291.0586	9500.696
35	7	6288.8857	9497.357
35	8	6250.7812	9501.371
35	9	6339.985	9501.128
35	10	6205.1836	9497.433
36	1	6229.352	9504.605
36	2	6217.7573	9497.253
36	3	6217.8057	9501.1875
36	4	6269.5093	9504.698
36	5	6263.6914	9501.206
36	6	6289.6377	9500.689
36	7	6287.245	9497.354
36	8	6249.664	9501.37
36	9	6338.4277	9501.129
36	10	6204.338	9497.429
37	1	6228.3	9504.622
37	2	6216.8047	9497.247
37	3	6217.0967	9501.188
37	4	6268.136	9504.7
37	5	6262.648	9501.212
37	6	6288.2305	9500.691
37	7	6285.572	9497.35
37	8	6248.582	9501.37
37	9	6336.8896	9501.121
37	10	6203.499	9497.42
38	1	6227.255	9504.631
38	2	6215.895	9497.248
38	3	6216.4077	9501.192
38	4	6266.7793	9504.703
38	5	6261.623	9501.209
38	6	6286.841	9500.692
38	7	6283.933	9497.347
38	8	6247.4907	9501.375
38	9	6335.3037	9501.115
38	10	6202.6543	9497.43
39	1	6226.237	9504.64
39	2	6214.9614	9497.242
39	3	6215.78	9501.197
39	4	6265.4375	9504.706
39	5	6260.6094	9501.21
39	6	6285.4585	9500.695
39	7	6282.2944	9497.351
39	8	6246.4253	9501.371
39	9	6333.746	9501.126
39	10	6201.8433	9497.436
40	1	6225.218	9504.658
40	2	6214.109	9497.242
40	3	6215.0894	9501.199
40	4	6264.1104	9504.709
40	5	6259.591	9501.21
40	6	6284.1143	9500.697
40	7	6280.6743	9497.352
40	8	6245.344	9501.374
40	9	6332.2085	9501.113
40	10	6201.0513	9497.431
41	1	6224.2134	9504.67
41	2	6213.2197	9497.246
41	3	6214.44	9501.194
41	4	6262.7993	9504.71
41	5	6258.596	9501.203
41	6	6282.764	9500.7
41	7	6279.06	9497.357
41	8	6244.3013	9501.376
41	9	6330.686	9501.114
41	10	6200.288	9497.435
42	1	6223.238	9504.679
42	2	6212.3643	9497.238
42	3	6213.826	9501.191
42	4	6261.5044	9504.715
42	5	6257.621	9501.2
42	6	6281.4434	9500.701
42	7	6277.4546	9497.362
42	8	6243.2544	9501.374
42	9	6329.1904	9501.1
42	10	6199.5312	9497.445
43	1	6222.262	9504.683
43	2	6211.53	9497.247
43	3	6213.199	9501.193
43	4	6260.223	9504.716
43	5	6256.651	9501.196
43	6	6280.134	9500.702
43	7	6275.8364	9497.363
43	8	6242.23	9501.375
43	9	6327.7046	9501.108
43	10	6198.791	9497.446
44	1	6221.3296	9504.687
44	2	6210.692	9497.252
44	3	6212.6006	9501.192
44	4	6258.957	9504.719
44	5	6255.692	9501.205
44	6	6278.831	9500.703
44	7	6274.217	9497.37
44	8	6241.2227	9501.374
44	9	6326.2573	9501.105
44	10	6198.0566	9497.445
45	1	6220.3877	9504.692
45	2	6209.8604	9497.248
45	3	6212.0176	9501.192
45	4	6257.7085	9504.721
45	5	6254.741	9501.206
45	6	6277.5537	9500.707
45	7	6272.6157	9497.366
45	8	6240.224	9501.368
45	9	6324.8286	9501.104
45	10	6197.3184	9497.439
45	11	6181.5186	9501.022
46	1	6219.429	9504.698
46	2	6209.0713	9497.25
46	3	6211.4565	9501.188
46	4	6256.4727	9504.722
46	5	6253.799	9501.21
46	6	6276.303	9500.714
46	7	6271.016	9497.374
46	8	6239.229	9501.364
46	9	6323.3755	9501.089
46	10	6196.6147	9497.438
46	11	6181.5186	9501.022
47	1	6218.539	9504.707
47	2	6208.2847	9497.248
47	3	6210.9033	9501.188
47	4	6255.253	9504.722
47	5	6252.8657	9501.207
47	6	6275.0664	9500.714
47	7	6269.4214	9497.375
47	8	6238.2593	9501.363
47	9	6321.9683	9501.064
47	10	6195.9297	9497.447
47	11	6181.5186	9501.022
48	1	6217.64	9504.712
48	2	6207.5225	9497.252
48	3	6210.3604	9501.198
48	4	6254.0503	9504.723
48	5	6251.93	9501.204
48	6	6273.8394	9500.715
48	7	6267.846	9497.375
48	8	6237.3096	9501.359
48	9	6320.5547	9501.068
48	10	6195.258	9497.445
48	11	6181.5186	9501.022
49	1	6216.741	9504.718
49	2	6206.7573	9497.249
49	3	6209.8335	9501.204
49	4	6252.861	9504.724
49	5	6251.0015	9501.201
49	6	6272.6245	9500.722
49	7	6266.252	9497.382
49	8	6236.342	9501.359
49	9	6319.148	9501.063
49	10	6194.5874	9497.448
49	11	6181.5186	9501.022
50	1	6215.886	9504.716
50	2	6206.027	9497.257
50	3	6209.3105	9501.21
50	4	6251.685	9504.723
50	5	6250.067	9501.192
50	6	6271.4233	9500.728
50	7	6264.6836	9497.385
50	8	6235.4077	9501.356
50	9	6317.779	9501.07
50	10	6193.9526	9497.452
50	11	6181.5186	9501.022
51	1	6215.0303	9504.722
51	2	6205.2983	9497.258
51	3	6208.8203	9501.209
51	4	6250.528	9504.723
51	5	6249.1333	9501.187
51	6	6270.2524	9500.724
51	7	6263.0967	9497.386
51	8	6234.467	9501.354
51	9	6316.4556	9501.078
51	10	6193.326	9497.453
51	11	6181.5186	9501.022
52	1	6214.1807	9504.722
52	2	6204.579	9497.262
52	3	6208.335	9501.211
52	4	6249.384	9504.724
52	5	6248.217	9501.169
52	6	6269.0947	9500.729
52	7	6261.5483	9497.3955
52	8	6233.549	9501.352
52	9	6315.0684	9501.058
52	10	6192.7075	9497.45
52	11	6181.5186	9501.022
53	1	6213.344	9504.718
53	2	6203.8843	9497.261
53	3	6207.873	9501.211
53	4	6248.254	9504.723
53	5	6247.3076	9501.162
53	6	6267.949	9500.733
53	7	6260.008	9497.385
53	8	6232.654	9501.35
53	9	6313.779	9501.05
53	10	6192.1123	9497.462
53	11	6181.5186	9501.022
54	1	6212.5264	9504.714
54	2	6203.2144	9497.262
54	3	6207.419	9501.209
54	4	6247.1396	9504.722
54	5	6246.424	9501.159
54	6	6266.836	9500.735
54	7	6258.4785	9497.386
54	8	6231.768	9501.346
54	9	6312.4805	9501.049
54	10	6191.5054	9497.454
54	11	6181.5186	9501.022
55	1	6211.7236	9504.71
55	2	6202.5547	9497.269
55	3	6206.9736	9501.212
55	4	6246.0405	9504.721
55	5	6245.5493	9501.151
55	6	6265.7397	9500.735
55	7	6256.957	9497.389
55	8	6230.9004	9501.344
55	9	6311.1665	9501.051
55	10	6190.9526	9497.451
55	11	6181.5186	9501.022
56	1	6210.9204	9504.706
56	2	6201.9214	9497.268
56	3	6206.5405	9501.215
56	4	6244.9546	9504.721
56	5	6244.6787	9501.152
56	6	6264.6567	9500.742
56	7	6255.4736	9497.394
56	8	6230.051	9501.339
56	9	6309.903	9501.038
56	10	6190.383	9497.448
56	11	6181.5186	9501.022
57	1	6210.136	9504.706
57	2	6201.262	9497.262
57	3	6206.116	9501.214
57	4	6243.8823	9504.719
57	5	6243.82	9501.168
57	6	6263.6045	9500.744
57	7	6253.987	9497.39
57	8	6229.2246	9501.338
57	9	6308.658	9501.038
57	10	6189.8354	9497.445
57	11	6181.5186	9501.022
58	1	6209.3735	9504.703
58	2	6200.6494	9497.263
58	3	6205.7085	9501.217
58	4	6242.825	9504.718
58	5	6242.961	9501.17
58	6	6262.559	9500.748
58	7	6252.5264	9497.389
58	8	6228.394	9501.334
58	9	6307.437	9501.024
58	10	6189.319	9497.442
58	11	6181.5186	9501.022
59	1	6208.5967	9504.695
59	2	6200.042	9497.269
59	3	6205.3027	9501.213
59	4	6241.7827	9504.717
59	5	6242.1133	9501.178
59	6	6261.5283	9500.754
59	7	6251.0947	9497.38
59	8	6227.61	9501.329
59	9	6306.2	9501.018
59	10	6188.8213	9497.45
59	11	6181.5186	9501.022
60	1	6207.847	9504.694
60	2	6199.4575	9497.28
60	3	6204.9067	9501.214
60	4	6240.754	9504.716
60	5	6241.2764	9501.178
60	6	6260.5195	9500.753
60	7	6249.694	9497.361
60	8	6226.834	9501.326
60	9	6304.9673	9501.008
60	10	6188.346	9497.447
60	11	6181.5186	9501.022
61	1	6207.141	9504.689
61	2	6198.8354	9497.286
61	3	6204.5205	9501.225
61	4	6239.7373	9504.714
61	5	6240.449	9501.178
61	6	6259.514	9500.754
61	7	6248.2954	9497.367
61	8	6226.0684	9501.325
61	9	6303.75	9500.993
61	10	6187.866	9497.452
61	11	6181.5186	9501.022
62	1	6206.3906	9504.686
62	2	6198.261	9497.288
62	3	6204.1553	9501.232
62	4	6238.7334	9504.713
62	5	6239.634	9501.181
62	6	6258.5073	9500.756
62	7	6246.9194	9497.348
62	8	6225.326	9501.326
62	9	6302.5933	9500.984
62	10	6187.421	9497.454
62	11	6181.5186	9501.022
63	1	6205.697	9504.673
63	2	6197.6865	9497.297
63	3	6203.8013	9501.238
63	4	6237.744	9504.713
63	5	6238.8276	9501.188
63	6	6257.5225	9500.757
63	7	6245.5854	9497.339
63	8	6224.6074	9501.325
63	9	6301.4604	9500.979
63	10	6186.9995	9497.442
63	11	6181.5186	9501.022
64	1	6204.992	9504.67
64	2	6197.1333	9497.295
64	3	6203.446	9501.237
64	4	6236.7705	9504.714
64	5	6238.0596	9501.19
64	6	6256.555	9500.756
64	7	6244.269	9497.338
64	8	6223.8735	9501.32
64	9	6300.314	9500.974
64	10	6186.581	9497.45
64	11	6181.5186	9501.022
65	1	6204.328	9504.661
65	2	6196.596	9497.299
65	3	6203.0977	9501.239
65	4	6235.8105	9504.712
65	5	6237.2734	9501.196
65	6	6255.6006	9500.758
65	7	6242.9614	9497.325
65	8	6223.1826	9501.323
65	9	6299.126	9500.971
65	10	6186.2056	9497.444
65	11	6181.5186	9501.022
66	1	6203.657	9504.656
66	2	6196.071	9497.297
66	3	6202.764	9501.241
66	4	6234.8633	9504.713
66	5	6236.5093	9501.196
66	6	6254.6245	9500.759
66	7	6241.677	9497.317
66	8	6222.4946	9501.317
66	9	6298.0117	9500.95
66	10	6185.8477	9497.451
66	11	6181.5186	9501.022
67	1	6203.0176	9504.662
67	2	6195.5664	9497.303
67	3	6202.452	9501.242
67	4	6233.929	9504.716
67	5	6235.7515	9501.202
67	6	6253.689	9500.761
67	7	6240.421	9497.313
67	8	6221.8364	9501.324
67	9	6296.912	9500.968
67	10	6185.5327	9497.457
67	11	6181.5186	9501.022
67	12	6166.133	9473.062
68	1	6202.3984	9504.651
68	2	6195.0723	9497.306
68	3	6202.134	9501.246
68	4	6233.009	9504.715
68	5	6235.02	9501.206
68	6	6252.7783	9500.763
68	7	6239.189	9497.306
68	8	6221.185	9501.324
68	9	6295.8447	9500.943
68	10	6185.22	9497.462
68	11	6181.5186	9501.022
68	12	6166.105	9473.867
69	1	6201.7876	9504.65
69	2	6194.5977	9497.315
69	3	6201.8096	9501.25
69	4	6232.1025	9504.717
69	5	6234.2876	9501.207
69	6	6251.8667	9500.763
69	7	6237.945	9497.293
69	8	6220.549	9501.33
69	9	6294.7974	9500.939
69	10	6184.9395	9497.457
69	11	6181.5186	9501.022
69	12	6166.099	9474.689
70	1	6201.1787	9504.652
70	2	6194.138	9497.321
70	3	6201.491	9501.255
70	4	6231.206	9504.72
70	5	6233.554	9501.209
70	6	6250.955	9500.768
70	7	6236.76	9497.286
70	8	6219.9375	9501.33
70	9	6293.7524	9500.935
70	10	6184.6523	9497.454
70	11	6181.5186	9501.022
70	12	6166.113	9475.454
71	1	6200.629	9504.649
71	2	6193.6997	9497.319
71	3	6201.187	9501.255
71	4	6230.325	9504.722
71	5	6232.8545	9501.212
71	6	6250.0903	9500.769
71	7	6235.5884	9497.278
71	8	6219.342	9501.335
71	9	6292.7275	9500.943
71	10	6184.3774	9497.456
71	11	6181.5186	9501.022
71	12	6166.112	9476.202
72	1	6200.0625	9504.656
72	2	6193.283	9497.326
72	3	6200.898	9501.256
72	4	6229.458	9504.725
72	5	6232.1655	9501.202
72	6	6249.2065	9500.775
72	7	6234.449	9497.265
72	8	6218.744	9501.336
72	9	6291.714	9500.9375
72	10	6184.1416	9497.469
72	11	6181.5186	9501.022
72	12	6166.1235	9476.899
73	1	6199.528	9504.654
73	2	6192.8887	9497.331
73	3	6200.608	9501.262
73	4	6228.607	9504.7295
73	5	6231.48	9501.208
73	6	6248.346	9500.78
73	7	6233.3022	9497.262
73	8	6218.178	9501.337
73	9	6290.711	9500.935
73	10	6183.926	9497.47
73	11	6181.5186	9501.022
73	12	6166.1255	9477.58
74	1	6199.0083	9504.655
74	2	6192.5215	9497.34
74	3	6200.342	9501.27
74	4	6227.7686	9504.732
74	5	6230.861	9501.208
74	6	6247.494	9500.785
74	7	6232.135	9497.256
74	8	6217.645	9501.337
74	9	6289.712	9500.941
74	10	6183.709	9497.484
74	11	6181.5186	9501.022
74	12	6166.134	9478.233
74	13	6305.1494	9504.536
75	1	6198.4937	9504.648
75	2	6192.147	9497.3545
75	3	6200.0474	9501.28
75	4	6226.942	9504.736
75	5	6230.2104	9501.216
75	6	6246.642	9500.786
75	7	6231.0337	9497.254
75	8	6217.076	9501.343
75	9	6288.6714	9500.96
75	10	6183.4937	9497.485
75	11	6181.5186	9501.022
75	12	6166.133	9478.871
75	13	6303.6562	9504.567
76	1	6198.0146	9504.62
76	2	6191.8433	9497.332
76	3	6199.731	9501.264
76	4	6226.1284	9504.739
76	5	6229.552	9501.204
76	6	6245.81	9500.787
76	7	6229.935	9497.243
76	8	6216.512	9501.333
76	9	6287.6846	9500.935
76	10	6183.355	9497.484
76	11	6181.5186	9501.022
76	12	6166.1475	9479.462
76	13	6302.0776	9504.517
77	1	6197.546	9504.625
77	2	6191.5693	9497.323
77	3	6199.485	9501.248
77	4	6225.331	9504.743
77	5	6228.975	9501.194
77	6	6245.0034	9500.779
77	7	6228.896	9497.228
77	8	6216.0337	9501.325
77	9	6286.7974	9500.943
77	10	6183.16	9497.473
77	11	6181.5186	9501.022
77	12	6166.139	9479.908
77	13	6300.45	9504.478
78	1	6197.1064	9504.619
78	2	6191.3135	9497.322
78	3	6199.2026	9501.24
78	4	6224.5493	9504.747
78	5	6228.35	9501.19
78	6	6244.24	9500.773
78	7	6227.85	9497.219
78	8	6215.5093	9501.316
78	9	6285.8613	9500.924
78	10	6183.0435	9497.477
78	11	6181.5186	9501.022
78	12	6166.1284	9480.443
78	13	6298.92	9504.473
79	1	6196.6777	9504.612
79	2	6191.077	9497.321
79	3	6198.9395	9501.238
79	4	6223.78	9504.751
79	5	6227.7827	9501.184
79	6	6243.456	9500.768
79	7	6226.8184	9497.213
79	8	6215.013	9501.308
79	9	6284.9736	9500.923
79	10	6182.9346	9497.478
79	11	6181.5186	9501.022
79	12	6166.119	9480.972
79	13	6297.3853	9504.475
80	1	6196.2764	9504.617
80	2	6190.878	9497.324
80	3	6198.698	9501.237
80	4	6223.021	9504.755
80	5	6227.223	9501.181
80	6	6242.6797	9500.769
80	7	6225.832	9497.209
80	8	6214.5254	9501.309
80	9	6284.0835	9500.912
80	10	6182.8677	9497.4795
80	11	6181.5186	9501.022
80	12	6166.1104	9481.477
80	13	6295.841	9504.466
80	14	6149.4556	9483.864
80	15	6149.3247	9487.431
81	1	6195.8975	9504.614
81	2	6190.665	9497.325
81	3	6198.45	9501.234
81	4	6222.275	9504.758
81	5	6226.662	9501.182
81	6	6241.954	9500.768
81	7	6224.86	9497.207
81	8	6214.047	9501.299
81	9	6283.1494	9500.908
81	10	6182.798	9497.482
81	11	6181.5186	9501.022
81	12	6166.1055	9481.971
81	13	6294.366	9504.45
81	14	6149.4556	9483.864
81	15	6149.361	9487.407
82	1	6195.5312	9504.61
82	2	6190.4897	9497.323
82	3	6198.227	9501.231
82	4	6221.549	9504.763
82	5	6226.117	9501.175
82	6	6241.192	9500.769
82	7	6223.906	9497.205
82	8	6213.6006	9501.304
82	9	6282.2715	9500.9
82	10	6182.691	9497.486
82	11	6181.5186	9501.022
82	12	6166.1016	9482.492
82	13	6292.9434	9504.447
82	14	6149.4556	9483.864
83	1	6195.1685	9504.609
83	2	6190.3345	9497.323
83	3	6197.989	9501.236
83	4	6220.84	9504.766
83	5	6225.6055	9501.162
83	6	6240.474	9500.763
83	7	6222.982	9497.205
83	8	6213.1235	9501.302
83	9	6281.3457	9500.904
83	10	6182.6504	9497.495
83	11	6181.5186	9501.022
83	12	6166.101	9483.023
83	13	6291.348	9504.446
83	14	6149.4556	9483.864
84	1	6194.8325	9504.607
84	2	6190.2285	9497.33
84	3	6197.7554	9501.23
84	4	6220.1465	9504.771
84	5	6225.0938	9501.148
84	6	6239.7554	9500.764
84	7	6222.0757	9497.196
84	8	6212.704	9501.299
84	9	6280.458	9500.9
84	10	6182.6694	9497.498
84	11	6181.5186	9501.022
84	12	6166.0967	9483.513
84	13	6289.9526	9504.451
84	14	6149.4556	9483.864
84	15	6149.418	9487.433
85	1	6194.5073	9504.601
85	2	6190.1055	9497.332
85	3	6197.531	9501.2295
85	4	6219.4663	9504.775
85	5	6224.594	9501.148
85	6	6239.0645	9500.761
85	7	6221.1875	9497.199
85	8	6212.303	9501.299
85	9	6279.558	9500.883
85	10	6182.6353	9497.501
85	11	6181.5186	9501.022
85	12	6166.0947	9484.021
85	13	6288.4644	9504.455
85	14	6149.4556	9483.864
85	15	6149.4546	9487.424
86	1	6194.1943	9504.598
86	2	6190.027	9497.331
86	3	6197.3037	9501.226
86	4	6218.7983	9504.779
86	5	6224.0923	9501.137
86	6	6238.3994	9500.755
86	7	6220.3306	9497.19
86	8	6211.8696	9501.296
86	9	6278.7505	9500.876
86	10	6182.6357	9497.499
86	11	6181.5186	9501.022
86	12	6166.0884	9484.539
86	13	6287.062	9504.457
86	14	6149.4556	9483.864
86	15	6149.419	9487.423
87	1	6193.8813	9504.6045
87	2	6189.943	9497.328
87	3	6197.073	9501.2295
87	4	6218.1445	9504.782
87	5	6223.614	9501.143
87	6	6237.7285	9500.773
87	7	6219.4907	9497.197
87	8	6211.4497	9501.302
87	9	6277.919	9500.884
87	10	6182.606	9497.498
87	11	6181.5186	9501.022
87	12	6166.091	9484.978
87	13	6285.706	9504.46
87	14	6149.4556	9483.864
87	15	6149.446	9487.425
88	1	6193.614	9504.6
88	2	6189.879	9497.326
88	3	6196.854	9501.228
88	4	6217.5044	9504.786
88	5	6223.1426	9501.141
88	6	6237.0854	9500.7705
88	7	6218.6807	9497.195
88	8	6211.0723	9501.308
88	9	6277.0767	9500.873
88	10	6182.5845	9497.503
88	11	6181.5186	9501.022
88	12	6166.087	9485.482
88	13	6284.315	9504.463
88	14	6149.4556	9483.864
88	15	6149.462	9487.416
89	1	6193.355	9504.6
89	2	6189.821	9497.334
89	3	6196.644	9501.229
89	4	6216.8794	9504.788
89	5	6222.687	9501.139
89	6	6236.452	9500.773
89	7	6217.884	9497.19
89	8	6210.698	9501.302
89	9	6276.2275	9500.876
89	10	6182.5874	9497.504
89	11	6181.5186	9501.022
89	12	6166.0635	9486.02
89	13	6282.9487	9504.474
89	14	6149.4556	9483.864
89	15	6149.4263	9487.022
90	1	6193.114	9504.603
90	2	6189.8057	9497.332
90	3	6196.4307	9501.226
90	4	6216.2676	9504.792
90	5	6222.2446	9501.136
90	6	6235.813	9500.776
90	7	6217.0986	9497.187
90	8	6210.3403	9501.299
90	9	6275.3916	9500.869
90	10	6182.576	9497.505
90	11	6181.5186	9501.022
90	12	6166.037	9486.506
90	13	6281.553	9504.476
90	14	6149.4556	9483.864
90	15	6149.4077	9487.357
