0	1	-1679.6592	1933.8615
0	2	-1662.5151	1966.029
0	3	-1661.1167	1948.5088
0	4	-1678.1923	1953.5708
0	5	-1678.5914	1943.7604
0	7	-1692.5636	1942.9237
0	8	-1626.7561	1962.3678
0	9	-1638.1073	1967.7216
0	10	-1653.3228	1984.915
0	13	-1634.4541	1979.4252
0	15	-1698.5541	1917.5366
0	16	-1629.8478	1983.7048
0	17	-1697.6587	1927.8341
0	18	-1625.6547	1987.0227
0	19	-1691.757	1911.5547
0	20	-1682.1263	1996.7692
0	21	-1687.3527	2002.1271
0	23	-1607.1512	2002.3557
0	32	-1636.0854	1941.4934
1	1	-1679.1235	1934.2983
1	2	-1662.5144	1966.0284
1	3	-1660.8524	1948.7164
1	4	-1678.1923	1953.5708
1	5	-1678.5914	1943.7604
1	7	-1692.5636	1942.9237
1	8	-1626.7561	1962.3678
1	9	-1637.5363	1968.1414
1	10	-1653.3228	1984.915
1	13	-1634.4541	1979.4252
1	15	-1697.8611	1918.1163
1	16	-1629.8478	1983.7048
1	17	-1697.6587	1927.8341
1	18	-1625.6547	1987.0227
1	19	-1691.757	1911.5547
1	20	-1682.1263	1996.7692
1	21	-1687.3527	2002.1271
1	23	-1607.1512	2002.3557
1	32	-1636.0854	1941.4934
2	1	-1678.6023	1934.716
2	2	-1662.4906	1966.0099
2	3	-1660.6022	1948.9166
2	4	-1678.1923	1953.5708
2	5	-1678.5914	1943.7604
2	7	-1692.5636	1942.9237
2	8	-1626.7561	1962.3678
2	9	-1636.9714	1968.5527
2	10	-1653.3228	1984.915
2	13	-1634.4541	1979.4252
2	15	-1697.2667	1918.6124
2	16	-1629.8478	1983.7048
2	17	-1697.6587	1927.8341
2	18	-1625.6547	1987.0227
2	19	-1691.757	1911.5547
2	20	-1682.1263	1996.7692
2	21	-1687.3527	2002.1271
2	23	-1607.1512	2002.3557
2	32	-1636.0854	1941.4934
3	1	-1678.0785	1935.1373
3	2	-1662.4756	1966.0026
3	3	-1660.3636	1949.1083
3	4	-1678.1923	1953.5708
3	5	-1678.5914	1943.7604
3	7	-1692.5636	1942.9237
3	8	-1626.7561	1962.3678
3	9	-1636.3978	1968.9985
3	10	-1653.3228	1984.915
3	13	-1634.4541	1979.4252
3	15	-1696.5623	1919.1631
3	16	-1629.8478	1983.7048
3	17	-1697.6587	1927.8341
3	18	-1625.6547	1987.0227
3	19	-1691.757	1911.5547
3	20	-1682.1263	1996.7692
3	21	-1687.3527	2002.1271
3	23	-1607.1512	2002.3557
4	1	-1677.5686	1935.5446
4	2	-1662.4512	1965.9758
4	3	-1660.1375	1949.288
4	4	-1678.1923	1953.5708
4	5	-1678.5914	1943.7604
4	7	-1692.5636	1942.9237
4	8	-1626.7561	1962.3678
4	9	-1635.8096	1969.4519
4	10	-1653.3228	1984.915
4	11	-1623.915	1946.7843
4	12	-1622.8153	1943.4846
4	13	-1634.4541	1979.4252
4	15	-1695.92	1919.687
4	16	-1629.8478	1983.7048
4	17	-1697.6587	1927.8341
4	18	-1625.6547	1987.0227
4	19	-1691.757	1911.5547
4	20	-1682.1263	1996.7692
4	21	-1687.3527	2002.1271
4	23	-1607.1512	2002.3557
5	1	-1677.0807	1935.9427
5	2	-1662.4122	1965.9463
5	3	-1659.9261	1949.459
5	4	-1678.1923	1953.5708
5	5	-1678.5914	1943.7604
5	7	-1692.5636	1942.9237
5	8	-1626.7561	1962.3678
5	9	-1635.2092	1969.9159
5	10	-1653.3228	1984.915
5	11	-1623.8142	1946.6936
5	12	-1622.8153	1943.4846
5	13	-1634.4541	1979.4252
5	15	-1695.2638	1920.2098
5	16	-1629.8478	1983.7048
5	17	-1697.6587	1927.8341
5	18	-1625.6547	1987.0227
5	19	-1691.757	1911.5547
5	20	-1682.1263	1996.7692
5	21	-1687.3527	2002.1271
5	23	-1607.1512	2002.3557
6	1	-1676.6066	1936.323
6	2	-1662.3638	1965.9142
6	3	-1659.7291	1949.618
6	4	-1678.1923	1953.5708
6	5	-1678.5914	1943.7604
6	7	-1692.5636	1942.9237
6	8	-1626.7561	1962.3678
6	9	-1634.6163	1970.3751
6	10	-1653.3228	1984.915
6	11	-1623.7151	1946.577
6	12	-1622.8153	1943.4846
6	13	-1634.4541	1979.4252
6	14	-1618.3202	1939.8556
6	15	-1694.6057	1920.7362
6	16	-1629.8478	1983.7048
6	17	-1697.6587	1927.8341
6	18	-1625.6547	1987.0227
6	19	-1691.757	1911.5547
6	20	-1682.1263	1996.7692
6	21	-1687.3527	2002.1271
6	23	-1607.1512	2002.3557
7	1	-1676.1322	1936.7046
7	2	-1662.3099	1965.869
7	3	-1659.5443	1949.7664
7	4	-1678.1923	1953.5708
7	5	-1678.5914	1943.7604
7	7	-1692.5636	1942.9237
7	8	-1626.7561	1962.3678
7	9	-1634.0087	1970.8516
7	10	-1653.3228	1984.915
7	11	-1623.5688	1946.465
7	12	-1622.8153	1943.4846
7	13	-1634.4541	1979.4252
7	15	-1693.936	1921.2812
7	16	-1629.8478	1983.7048
7	17	-1697.6587	1927.8341
7	18	-1625.6547	1987.0227
7	19	-1691.757	1911.5547
7	20	-1682.1263	1996.7692
7	21	-1687.3527	2002.1271
7	23	-1607.1512	2002.3557
8	1	-1675.67	1937.0814
8	2	-1662.2506	1965.8176
8	3	-1659.3738	1949.9062
8	4	-1678.1923	1953.5708
8	5	-1678.5914	1943.7604
8	7	-1692.5636	1942.9237
8	8	-1626.7561	1962.3678
8	9	-1633.4054	1971.331
8	10	-1653.3228	1984.915
8	11	-1623.4304	1946.3755
8	12	-1622.8153	1943.4846
8	13	-1634.4541	1979.4252
8	14	-1618.3202	1939.8556
8	15	-1693.3192	1921.791
8	16	-1629.8478	1983.7048
8	17	-1697.6587	1927.8341
8	18	-1625.6547	1987.0227
8	19	-1691.757	1911.5547
8	20	-1682.1263	1996.7692
8	21	-1687.3527	2002.1271
8	23	-1607.1512	2002.3557
9	1	-1675.1989	1937.462
9	2	-1662.1627	1965.7595
9	3	-1659.2172	1950.0356
9	4	-1678.1923	1953.5708
9	5	-1678.5914	1943.7604
9	7	-1692.5636	1942.9237
9	8	-1626.7561	1962.3678
9	9	-1632.7847	1971.8252
9	10	-1653.3228	1984.915
9	11	-1623.3159	1946.267
9	12	-1622.8153	1943.4846
9	13	-1634.4541	1979.4252
9	14	-1618.3202	1939.8556
9	15	-1692.7578	1922.2318
9	16	-1629.8478	1983.7048
9	17	-1697.6587	1927.8341
9	18	-1625.6547	1987.0227
9	19	-1691.757	1911.5547
9	20	-1682.1263	1996.7692
9	21	-1687.3527	2002.1271
9	22	-1706.3121	2001.1251
9	23	-1607.1512	2002.3557
10	1	-1674.7438	1937.833
10	2	-1662.061	1965.6779
10	3	-1659.0736	1950.155
10	4	-1678.1923	1953.5708
10	5	-1678.5914	1943.7604
10	6	-1636.0609	1941.4877
10	7	-1692.5636	1942.9237
10	8	-1626.7561	1962.3678
10	9	-1632.1595	1972.3236
10	10	-1653.3228	1984.915
10	11	-1623.204	1946.1648
10	12	-1622.8153	1943.4846
10	13	-1634.4541	1979.4252
10	14	-1618.3202	1939.8556
10	15	-1692.1548	1922.7283
10	16	-1629.8478	1983.7048
10	17	-1697.6587	1927.8341
10	18	-1625.6547	1987.0227
10	19	-1691.757	1911.5547
10	20	-1682.1263	1996.7692
10	21	-1687.3527	2002.1271
10	22	-1705.5194	2000.4995
10	23	-1607.1512	2002.3557
11	1	-1674.2852	1938.2091
11	2	-1661.9348	1965.5743
11	3	-1658.9438	1950.2616
11	4	-1678.1923	1953.5708
11	5	-1678.5914	1943.7604
11	6	-1636.0609	1941.4877
11	7	-1692.5636	1942.9237
11	8	-1626.7561	1962.3678
11	9	-1631.5334	1972.8217
11	10	-1653.3228	1984.915
11	11	-1623.1036	1946.0902
11	12	-1622.8153	1943.4846
11	13	-1634.4541	1979.4252
11	14	-1618.3202	1939.8556
11	15	-1691.5398	1923.2189
11	16	-1629.8478	1983.7048
11	17	-1697.6587	1927.8341
11	18	-1625.6547	1987.0227
11	19	-1691.757	1911.5547
11	20	-1682.1263	1996.7692
11	21	-1687.3527	2002.1271
11	22	-1704.7002	1999.8104
11	23	-1607.1512	2002.3557
12	1	-1673.8547	1938.5607
12	2	-1661.7974	1965.467
12	3	-1658.8281	1950.3593
12	4	-1678.1923	1953.5708
12	5	-1678.5914	1943.7604
12	6	-1636.0609	1941.4877
12	7	-1692.5636	1942.9237
12	8	-1626.7561	1962.3678
12	9	-1630.8824	1973.3407
12	10	-1653.3228	1984.915
12	11	-1622.9966	1945.9987
12	12	-1622.8153	1943.4846
12	13	-1634.4541	1979.4252
12	14	-1618.3202	1939.8556
12	15	-1690.9058	1923.7512
12	16	-1629.8478	1983.7048
12	17	-1697.6587	1927.8341
12	18	-1625.6547	1987.0227
12	19	-1691.757	1911.5547
12	20	-1682.1263	1996.7692
12	21	-1687.3527	2002.1271
12	22	-1703.8671	1999.1615
12	23	-1607.1512	2002.3557
13	1	-1673.4268	1938.914
13	2	-1661.6388	1965.3439
13	3	-1658.7252	1950.4443
13	4	-1678.1923	1953.5708
13	5	-1678.5914	1943.7604
13	6	-1636.0609	1941.4877
13	7	-1692.5636	1942.9237
13	8	-1626.7561	1962.3678
13	9	-1630.2285	1973.86
13	10	-1653.3228	1984.915
13	11	-1622.892	1945.9296
13	12	-1622.8153	1943.4846
13	13	-1634.4541	1979.4252
13	14	-1618.3202	1939.8556
13	15	-1690.2992	1924.2434
13	16	-1629.8478	1983.7048
13	17	-1697.6587	1927.8341
13	18	-1625.6547	1987.0227
13	19	-1691.757	1911.5547
13	20	-1682.1263	1996.7692
13	21	-1687.3527	2002.1271
13	22	-1703.0613	1998.5431
13	23	-1607.1512	2002.3557
14	1	-1673.0146	1939.2517
14	2	-1661.4442	1965.1904
14	3	-1658.6356	1950.5188
14	4	-1678.1923	1953.5708
14	5	-1678.5914	1943.7604
14	6	-1636.0609	1941.4877
14	7	-1692.5636	1942.9237
14	8	-1626.7561	1962.3678
14	9	-1629.5845	1974.3846
14	10	-1653.3228	1984.915
14	11	-1622.7988	1945.8317
14	12	-1622.8153	1943.4846
14	13	-1634.4541	1979.4252
14	14	-1618.3202	1939.8556
14	15	-1689.7489	1924.6984
14	16	-1629.8478	1983.7048
14	17	-1697.6587	1927.8341
14	18	-1625.6547	1987.0227
14	19	-1691.757	1911.5547
14	20	-1682.1263	1996.7692
14	21	-1687.3527	2002.1271
14	22	-1702.2498	1997.8815
14	23	-1607.1512	2002.3557
15	1	-1672.6136	1939.5819
15	2	-1661.2466	1965.039
15	3	-1658.5612	1950.582
15	4	-1678.1923	1953.5708
15	5	-1678.5914	1943.7604
15	6	-1636.0609	1941.4877
15	7	-1692.5636	1942.9237
15	8	-1626.7561	1962.3678
15	9	-1628.9174	1974.925
15	10	-1653.3228	1984.915
15	11	-1622.7147	1945.7672
15	12	-1622.8153	1943.4846
15	13	-1634.4541	1979.4252
15	14	-1618.3202	1939.8556
15	15	-1689.045	1925.2633
15	16	-1629.8478	1983.7048
15	17	-1697.6587	1927.8341
15	18	-1625.6547	1987.0227
15	19	-1691.757	1911.5547
15	20	-1682.1263	1996.7692
15	21	-1687.3527	2002.1271
15	22	-1701.4337	1997.2445
15	23	-1607.1512	2002.3557
16	1	-1672.2239	1939.9016
16	2	-1661.0417	1964.8755
16	3	-1658.4998	1950.6349
16	4	-1678.1923	1953.5708
16	5	-1678.5914	1943.7604
16	6	-1636.0609	1941.4877
16	7	-1692.5636	1942.9237
16	8	-1626.7561	1962.3678
16	9	-1628.2482	1975.4656
16	10	-1653.3228	1984.915
16	11	-1622.5886	1945.6602
16	12	-1622.8153	1943.4846
16	13	-1634.4541	1979.4252
16	14	-1618.3202	1939.8556
16	15	-1688.4183	1925.7684
16	16	-1629.8478	1983.7048
16	17	-1697.6587	1927.8341
16	18	-1625.6547	1987.0227
16	19	-1691.757	1911.5547
16	20	-1682.1263	1996.7692
16	21	-1687.3527	2002.1271
16	22	-1700.6224	1996.6045
16	23	-1607.1512	2002.3557
17	1	-1671.821	1940.2368
17	2	-1660.8181	1964.697
17	3	-1658.4515	1950.6758
17	4	-1678.1923	1953.5708
17	5	-1678.5914	1943.7604
17	6	-1636.0609	1941.4877
17	7	-1692.5636	1942.9237
17	8	-1626.7561	1962.3678
17	9	-1627.5638	1976.0189
17	10	-1653.3228	1984.915
17	11	-1622.4751	1945.5756
17	12	-1622.8153	1943.4846
17	13	-1634.4541	1979.4252
17	14	-1618.3202	1939.8556
17	15	-1687.9178	1926.1791
17	16	-1629.8478	1983.7048
17	17	-1697.6587	1927.8341
17	18	-1625.6547	1987.0227
17	19	-1691.757	1911.5547
17	20	-1682.1263	1996.7692
17	21	-1687.3527	2002.1271
17	22	-1699.8086	1995.9579
17	23	-1607.1512	2002.3557
17	25	-1708.9562	1919.8451
18	1	-1671.4435	1940.5442
18	2	-1660.5664	1964.5104
18	3	-1658.4136	1950.7081
18	4	-1678.1923	1953.5708
18	5	-1678.5914	1943.7604
18	6	-1636.0609	1941.4877
18	7	-1692.5636	1942.9237
18	8	-1626.7561	1962.3678
18	9	-1626.8683	1976.5751
18	10	-1653.3228	1984.915
18	11	-1622.3528	1945.4729
18	12	-1622.8153	1943.4846
18	13	-1634.4541	1979.4252
18	14	-1618.3202	1939.8556
18	15	-1687.3899	1926.5868
18	16	-1629.8478	1983.7048
18	17	-1697.6587	1927.8341
18	18	-1625.6547	1987.0227
18	19	-1691.757	1911.5547
18	20	-1682.1263	1996.7692
18	21	-1687.3527	2002.1271
18	22	-1699.0175	1995.3533
18	23	-1607.1512	2002.3557
18	25	-1708.9562	1919.8451
19	1	-1671.0828	1940.8434
19	2	-1660.3079	1964.3102
19	3	-1658.3851	1950.7319
19	4	-1678.1923	1953.5708
19	5	-1678.5914	1943.7604
19	6	-1636.0609	1941.4877
19	7	-1692.5636	1942.9237
19	8	-1626.7561	1962.3678
19	9	-1626.1732	1977.1349
19	10	-1653.3228	1984.915
19	11	-1622.2347	1945.3809
19	12	-1622.8153	1943.4846
19	13	-1634.4541	1979.4252
19	14	-1618.3202	1939.8556
19	15	-1686.861	1927.0079
19	16	-1629.8478	1983.7048
19	17	-1697.6587	1927.8341
19	18	-1625.6547	1987.0227
19	19	-1691.757	1911.5547
19	20	-1682.1263	1996.7692
19	21	-1687.3527	2002.1271
19	22	-1698.2207	1994.7239
19	23	-1607.1512	2002.3557
19	25	-1708.9562	1919.8451
20	1	-1670.719	1941.1365
20	2	-1660.0327	1964.0946
20	3	-1658.3649	1950.7487
20	4	-1678.1923	1953.5708
20	5	-1678.5914	1943.7604
20	6	-1636.0609	1941.4877
20	7	-1692.5636	1942.9237
20	8	-1626.7561	1962.3678
20	9	-1625.4958	1977.6896
20	10	-1653.3228	1984.915
20	11	-1622.1273	1945.2843
20	12	-1622.8153	1943.4846
20	13	-1634.4541	1979.4252
20	14	-1618.3202	1939.8556
20	15	-1686.3103	1927.4532
20	16	-1629.8478	1983.7048
20	17	-1697.6587	1927.8341
20	18	-1625.6547	1987.0227
20	19	-1691.757	1911.5547
20	20	-1682.1263	1996.7692
20	21	-1687.3527	2002.1271
20	22	-1697.4089	1994.0751
20	23	-1607.1512	2002.3557
20	25	-1708.9562	1919.8451
21	1	-1670.3724	1941.4169
21	2	-1659.7302	1963.8578
21	3	-1658.3494	1950.7639
21	4	-1678.1923	1953.5708
21	5	-1678.5914	1943.7604
21	6	-1636.0609	1941.4877
21	7	-1692.5636	1942.9237
21	8	-1626.7561	1962.3678
21	9	-1624.801	1978.2473
21	10	-1653.3228	1984.915
21	11	-1622.0186	1945.1998
21	12	-1622.8153	1943.4846
21	13	-1634.4541	1979.4252
21	14	-1618.3202	1939.8556
21	15	-1685.7487	1927.8961
21	16	-1629.8478	1983.7048
21	17	-1697.6587	1927.8341
21	18	-1625.6547	1987.0227
21	19	-1691.757	1911.5547
21	20	-1682.1263	1996.7692
21	21	-1687.3527	2002.1271
21	22	-1696.6018	1993.423
21	23	-1607.1512	2002.3557
21	25	-1708.9562	1919.8451
22	1	-1670.0441	1941.6832
22	2	-1659.4166	1963.6145
22	3	-1658.3365	1950.773
22	4	-1678.1923	1953.5708
22	5	-1678.5914	1943.7604
22	6	-1636.0609	1941.4877
22	7	-1692.5636	1942.9237
22	8	-1626.7561	1962.3678
22	9	-1624.0935	1978.8184
22	10	-1653.3228	1984.915
22	11	-1621.9111	1945.1086
22	12	-1622.8153	1943.4846
22	13	-1634.4541	1979.4252
22	14	-1618.3202	1939.8556
22	15	-1685.2147	1928.3259
22	16	-1629.8478	1983.7048
22	17	-1697.6587	1927.8341
22	18	-1625.6547	1987.0227
22	19	-1691.757	1911.5547
22	20	-1682.1263	1996.7692
22	21	-1687.3527	2002.1271
22	22	-1695.8104	1992.7577
22	23	-1607.1512	2002.3557
22	25	-1708.9562	1919.8451
23	1	-1669.7684	1941.9083
23	2	-1659.0806	1963.3499
23	3	-1658.3265	1950.7802
23	4	-1678.1923	1953.5708
23	5	-1678.5914	1943.7604
23	6	-1636.0609	1941.4877
23	7	-1692.5636	1942.9237
23	8	-1626.7561	1962.3678
23	9	-1623.3994	1979.391
23	10	-1653.3228	1984.915
23	11	-1621.8173	1945.0236
23	12	-1622.8153	1943.4846
23	13	-1634.4541	1979.4252
23	14	-1618.3202	1939.8556
23	15	-1684.775	1928.6846
23	16	-1629.8478	1983.7048
23	17	-1697.6587	1927.8341
23	18	-1625.6547	1987.0227
23	19	-1691.757	1911.5547
23	20	-1682.1263	1996.7692
23	21	-1687.3527	2002.1271
23	22	-1695.0057	1992.1259
23	23	-1607.1512	2002.3557
23	25	-1708.9562	1919.8451
24	1	-1669.4662	1942.1528
24	2	-1658.7241	1963.0879
24	3	-1658.3169	1950.7874
24	4	-1678.1923	1953.5708
24	5	-1678.5914	1943.7604
24	6	-1636.0609	1941.4877
24	7	-1692.5636	1942.9237
24	8	-1626.7561	1962.3678
24	9	-1622.6755	1979.9785
24	10	-1653.3228	1984.915
24	11	-1621.7174	1944.9484
24	12	-1622.8153	1943.4846
24	13	-1634.4541	1979.4252
24	14	-1618.3202	1939.8556
24	15	-1684.2831	1929.0791
24	16	-1629.8478	1983.7048
24	17	-1697.6587	1927.8341
24	18	-1625.6547	1987.0227
24	19	-1691.757	1911.5547
24	20	-1682.1263	1996.7692
24	21	-1687.3527	2002.1271
24	22	-1694.2185	1991.4845
24	23	-1607.1512	2002.3557
24	25	-1708.9562	1919.8451
25	1	-1669.1752	1942.3925
25	2	-1658.3531	1962.8043
25	3	-1658.3103	1950.7932
25	4	-1678.1923	1953.5708
25	5	-1678.5914	1943.7604
25	6	-1636.0609	1941.4877
25	7	-1692.5636	1942.9237
25	8	-1626.7561	1962.3678
25	9	-1621.9362	1980.575
25	10	-1653.3228	1984.915
25	11	-1621.6234	1944.8545
25	12	-1622.8153	1943.4846
25	13	-1634.4541	1979.4252
25	14	-1618.3202	1939.8556
25	15	-1683.7339	1929.5094
25	16	-1629.8478	1983.7048
25	17	-1697.6587	1927.8341
25	18	-1625.6547	1987.0227
25	19	-1691.757	1911.5547
25	20	-1682.1263	1996.7692
25	21	-1687.3527	2002.1271
25	22	-1693.4463	1990.8629
25	23	-1607.1512	2002.3557
25	25	-1708.9562	1919.8451
26	1	-1668.8895	1942.6221
26	2	-1657.9655	1962.5049
26	3	-1658.3048	1950.799
26	4	-1678.1923	1953.5708
26	5	-1678.5914	1943.7604
26	6	-1636.0609	1941.4877
26	7	-1692.5636	1942.9237
26	8	-1626.7561	1962.3678
26	9	-1621.216	1981.1764
26	10	-1653.3228	1984.915
26	11	-1621.5114	1944.76
26	12	-1622.8153	1943.4846
26	13	-1634.4541	1979.4252
26	14	-1618.3202	1939.8556
26	15	-1683.2418	1929.9103
26	16	-1629.8478	1983.7048
26	17	-1697.6587	1927.8341
26	18	-1625.6547	1987.0227
26	19	-1691.757	1911.5547
26	20	-1682.1263	1996.7692
26	21	-1687.3527	2002.1271
26	22	-1692.6619	1990.2322
26	23	-1607.1512	2002.3557
26	25	-1708.9562	1919.8451
27	1	-1668.6285	1942.8302
27	2	-1657.5575	1962.1841
27	3	-1658.3009	1950.8018
27	4	-1678.1923	1953.5708
27	5	-1678.5914	1943.7604
27	6	-1636.0609	1941.4877
27	7	-1692.5636	1942.9237
27	8	-1626.7561	1962.3678
27	9	-1620.4834	1981.7788
27	10	-1653.3228	1984.915
27	11	-1621.427	1944.6582
27	12	-1622.8153	1943.4846
27	13	-1634.4541	1979.4252
27	14	-1618.3202	1939.8556
27	15	-1682.7621	1930.305
27	16	-1629.8478	1983.7048
27	17	-1697.6587	1927.8341
27	18	-1625.6547	1987.0227
27	19	-1691.757	1911.5547
27	20	-1682.1263	1996.7692
27	21	-1687.3527	2002.1271
27	22	-1691.9009	1989.6135
27	23	-1607.1512	2002.3557
27	25	-1708.9562	1919.8451
28	1	-1668.3702	1943.0377
28	2	-1657.14	1961.8635
28	3	-1658.2999	1950.8022
28	4	-1678.1923	1953.5708
28	5	-1678.5914	1943.7604
28	6	-1636.0609	1941.4877
28	7	-1692.5636	1942.9237
28	8	-1626.7561	1962.3678
28	9	-1619.75	1982.372
28	10	-1653.3228	1984.915
28	11	-1621.3062	1944.5632
28	12	-1622.8153	1943.4846
28	13	-1634.4541	1979.4252
28	14	-1618.3202	1939.8556
28	15	-1682.1594	1930.7715
28	16	-1629.8478	1983.7048
28	17	-1697.6587	1927.8341
28	18	-1625.6547	1987.0227
28	19	-1691.757	1911.5547
28	20	-1682.1263	1996.7692
28	21	-1687.3527	2002.1271
28	22	-1691.1302	1988.9915
28	23	-1607.1512	2002.3557
28	25	-1708.9562	1919.8451
29	1	-1668.1412	1943.2262
29	2	-1656.7129	1961.5272
29	3	-1658.3021	1950.7992
29	4	-1678.1923	1953.5708
29	5	-1678.5914	1943.7604
29	6	-1636.0609	1941.4877
29	7	-1692.5636	1942.9237
29	8	-1626.7561	1962.3678
29	9	-1619.0043	1982.9784
29	10	-1653.3228	1984.915
29	11	-1621.223	1944.4512
29	12	-1622.8153	1943.4846
29	13	-1634.4541	1979.4252
29	14	-1618.3202	1939.8556
29	15	-1681.6425	1931.1761
29	16	-1629.8478	1983.7048
29	17	-1697.6587	1927.8341
29	18	-1625.6547	1987.0227
29	19	-1691.757	1911.5547
29	20	-1682.1263	1996.7692
29	21	-1687.3527	2002.1271
29	22	-1690.3397	1988.3553
29	23	-1607.1512	2002.3557
29	25	-1708.9562	1919.8451
30	1	-1667.9235	1943.3931
30	2	-1656.2539	1961.17
30	3	-1658.3043	1950.7971
30	4	-1678.1923	1953.5708
30	5	-1678.5914	1943.7604
30	6	-1636.0609	1941.4877
30	7	-1692.5636	1942.9237
30	8	-1626.7561	1962.3678
30	9	-1618.274	1983.5905
30	10	-1653.3228	1984.915
30	11	-1621.1321	1944.3821
30	12	-1622.8153	1943.4846
30	13	-1634.4541	1979.4252
30	14	-1618.3202	1939.8556
30	15	-1681.1576	1931.5635
30	16	-1629.8478	1983.7048
30	17	-1697.6587	1927.8341
30	18	-1625.6547	1987.0227
30	20	-1682.1263	1996.7692
30	21	-1687.3527	2002.1271
30	22	-1689.5948	1987.7424
30	23	-1607.1512	2002.3557
30	24	-1691.92	1911.5592
30	25	-1708.9562	1919.8451
31	1	-1667.706	1943.5709
31	2	-1655.795	1960.8092
31	3	-1658.3041	1950.797
31	4	-1678.1923	1953.5708
31	5	-1678.5914	1943.7604
31	6	-1636.0609	1941.4877
31	7	-1692.5636	1942.9237
31	8	-1626.7561	1962.3678
31	9	-1617.5236	1984.2017
31	10	-1653.3228	1984.915
31	11	-1621.0377	1944.2996
31	12	-1622.8153	1943.4846
31	13	-1634.4541	1979.4252
31	14	-1618.3202	1939.8556
31	15	-1680.6624	1931.959
31	16	-1629.8478	1983.7048
31	17	-1697.6587	1927.8341
31	18	-1625.6547	1987.0227
31	20	-1682.1263	1996.7692
31	21	-1687.3527	2002.1271
31	22	-1688.8448	1987.1381
31	23	-1607.1512	2002.3557
31	24	-1691.92	1911.5592
31	25	-1708.9562	1919.8451
32	1	-1667.499	1943.7361
32	2	-1655.3135	1960.4235
32	3	-1658.3049	1950.7965
32	4	-1678.1923	1953.5708
32	5	-1678.5914	1943.7604
32	6	-1636.0609	1941.4877
32	7	-1692.5636	1942.9237
32	8	-1626.7561	1962.3678
32	9	-1616.7657	1984.8253
32	10	-1653.3228	1984.915
32	11	-1620.9423	1944.217
32	12	-1622.8153	1943.4846
32	13	-1634.4541	1979.4252
32	14	-1618.3202	1939.8556
32	15	-1680.2817	1932.2592
32	16	-1629.8478	1983.7048
32	17	-1697.6587	1927.8341
32	18	-1625.6547	1987.0227
32	20	-1682.1263	1996.7692
32	21	-1687.3527	2002.1271
32	22	-1688.0942	1986.5236
32	23	-1607.1512	2002.3557
32	24	-1691.92	1911.5592
32	25	-1708.9562	1919.8451
33	1	-1667.3368	1943.8629
33	2	-1654.8167	1960.044
33	3	-1658.3066	1950.7952
33	4	-1678.1923	1953.5708
33	5	-1678.5914	1943.7604
33	6	-1636.0609	1941.4877
33	7	-1692.5636	1942.9237
33	8	-1626.7561	1962.3678
33	9	-1616.0044	1985.4565
33	10	-1653.3228	1984.915
33	11	-1620.8367	1944.1311
33	12	-1622.8153	1943.4846
33	13	-1634.4541	1979.4252
33	14	-1618.3202	1939.8556
33	15	-1679.8182	1932.6207
33	16	-1629.8478	1983.7048
33	17	-1697.6587	1927.8341
33	18	-1625.6547	1987.0227
33	20	-1682.1263	1996.7692
33	21	-1687.3527	2002.1271
33	22	-1687.3595	1985.9373
33	23	-1607.1512	2002.3557
33	24	-1691.92	1911.5592
33	25	-1708.9562	1919.8451
34	1	-1667.1831	1943.9873
34	2	-1654.2899	1959.6312
34	3	-1658.3064	1950.7947
34	4	-1678.1923	1953.5708
34	5	-1678.5914	1943.7604
34	6	-1636.0609	1941.4877
34	7	-1692.5636	1942.9237
34	8	-1626.7561	1962.3678
34	9	-1615.223	1986.0989
34	10	-1653.3228	1984.915
34	11	-1620.7268	1944.0428
34	12	-1622.8153	1943.4846
34	13	-1634.4541	1979.4252
34	14	-1618.3202	1939.8556
34	15	-1679.3917	1932.9591
34	16	-1629.8478	1983.7048
34	17	-1697.6587	1927.8341
34	18	-1625.6547	1987.0227
34	20	-1682.1263	1996.7692
34	21	-1687.3527	2002.1271
34	22	-1686.6042	1985.3317
34	23	-1607.1512	2002.3557
34	24	-1691.92	1911.5592
34	25	-1708.9562	1919.8451
35	1	-1667.0073	1944.1223
35	2	-1653.7623	1959.206
35	3	-1658.3018	1950.7982
35	4	-1678.1923	1953.5708
35	5	-1678.5914	1943.7604
35	6	-1636.0609	1941.4877
35	7	-1692.5636	1942.9237
35	8	-1626.7561	1962.3678
35	9	-1614.4473	1986.7393
35	10	-1653.3228	1984.915
35	11	-1620.6133	1943.9543
35	12	-1622.8153	1943.4846
35	13	-1634.4541	1979.4252
35	14	-1618.3202	1939.8556
35	15	-1678.9733	1933.2858
35	16	-1629.8478	1983.7048
35	17	-1697.6587	1927.8341
35	18	-1625.6547	1987.0227
35	20	-1682.1263	1996.7692
35	21	-1687.3527	2002.1271
35	22	-1685.8848	1984.75
35	23	-1607.1512	2002.3557
35	24	-1691.92	1911.5592
35	25	-1708.9562	1919.8451
36	1	-1666.8494	1944.2522
36	2	-1653.2092	1958.7766
36	3	-1658.2968	1950.8022
36	4	-1678.1923	1953.5708
36	5	-1678.5914	1943.7604
36	6	-1636.0609	1941.4877
36	7	-1692.5636	1942.9237
36	8	-1626.7561	1962.3678
36	9	-1613.6483	1987.3978
36	10	-1653.3228	1984.915
36	11	-1620.4983	1943.8656
36	12	-1622.8153	1943.4846
36	13	-1634.4541	1979.4252
36	14	-1618.3202	1939.8556
36	15	-1678.5403	1933.6339
36	16	-1629.8478	1983.7048
36	17	-1697.6587	1927.8341
36	18	-1625.6547	1987.0227
36	20	-1682.1263	1996.7692
36	21	-1687.3527	2002.1271
36	22	-1685.145	1984.1503
36	23	-1607.1512	2002.3557
36	24	-1691.92	1911.5592
36	25	-1708.9562	1919.8451
37	1	-1666.698	1944.3705
37	2	-1652.6416	1958.3218
37	3	-1658.2906	1950.8082
37	4	-1678.1923	1953.5708
37	5	-1678.5914	1943.7604
37	6	-1636.0609	1941.4877
37	7	-1692.5636	1942.9237
37	8	-1626.7561	1962.3678
37	9	-1612.8572	1988.0465
37	10	-1653.3228	1984.915
37	11	-1620.3818	1943.7968
37	12	-1622.8153	1943.4846
37	13	-1634.4541	1979.4252
37	14	-1618.3202	1939.8556
37	15	-1678.1259	1933.9556
37	16	-1629.8478	1983.7048
37	17	-1697.6587	1927.8341
37	18	-1625.6547	1987.0227
37	20	-1682.1263	1996.7692
37	21	-1687.3527	2002.1271
37	22	-1684.4307	1983.5844
37	23	-1607.1512	2002.3557
37	24	-1691.92	1911.5592
37	25	-1708.9562	1919.8451
38	1	-1666.5533	1944.4827
38	2	-1652.0559	1957.8666
38	3	-1658.2767	1950.8203
38	4	-1678.1923	1953.5708
38	5	-1678.5914	1943.7604
38	6	-1636.0609	1941.4877
38	7	-1692.5636	1942.9237
38	8	-1626.7561	1962.3678
38	9	-1612.0703	1988.6892
38	10	-1653.3228	1984.915
38	11	-1620.2567	1943.7008
38	12	-1622.8153	1943.4846
38	13	-1634.4541	1979.4252
38	14	-1618.3202	1939.8556
38	15	-1677.6766	1934.3069
38	16	-1629.8478	1983.7048
38	17	-1697.6587	1927.8341
38	18	-1625.6547	1987.0227
38	20	-1682.1263	1996.7692
38	21	-1687.3527	2002.1271
38	22	-1683.7246	1983.0151
38	23	-1607.1512	2002.3557
38	24	-1691.92	1911.5592
38	25	-1708.9562	1919.8451
39	1	-1666.4282	1944.5817
39	2	-1651.4574	1957.3925
39	3	-1658.2583	1950.8345
39	4	-1678.1923	1953.5708
39	5	-1678.5914	1943.7604
39	6	-1636.0609	1941.4877
39	7	-1692.5636	1942.9237
39	8	-1626.7561	1962.3678
39	9	-1611.2563	1989.369
39	10	-1653.3228	1984.915
39	11	-1620.1432	1943.6208
39	12	-1622.8153	1943.4846
39	13	-1634.4541	1979.4252
39	14	-1618.3202	1939.8556
39	15	-1677.2903	1934.608
39	16	-1629.8478	1983.7048
39	17	-1697.6587	1927.8341
39	18	-1625.6547	1987.0227
39	20	-1682.1263	1996.7692
39	21	-1687.3527	2002.1271
39	22	-1683.0123	1982.4413
39	23	-1607.1512	2002.3557
39	24	-1691.92	1911.5592
39	25	-1708.9562	1919.8451
40	1	-1666.3141	1944.671
40	2	-1650.8289	1956.9031
40	3	-1658.235	1950.853
40	4	-1678.1923	1953.5708
40	5	-1678.5914	1943.7604
40	6	-1636.0609	1941.4877
40	7	-1692.5636	1942.9237
40	8	-1626.7561	1962.3678
40	9	-1610.445	1990.0344
40	10	-1653.3228	1984.915
40	11	-1620.0105	1943.4874
40	12	-1622.8153	1943.4846
40	13	-1634.4541	1979.4252
40	14	-1618.3202	1939.8556
40	15	-1676.9106	1934.9014
40	16	-1629.8478	1983.7048
40	17	-1697.6587	1927.8341
40	18	-1625.6547	1987.0227
40	20	-1682.1263	1996.7692
40	21	-1687.3527	2002.1271
40	22	-1682.3247	1981.8829
40	23	-1607.1512	2002.3557
40	24	-1691.92	1911.5592
40	25	-1708.9562	1919.8451
41	1	-1666.2101	1944.7578
41	2	-1650.1962	1956.3981
41	3	-1658.2051	1950.8792
41	4	-1678.1923	1953.5708
41	5	-1678.5914	1943.7604
41	6	-1636.0609	1941.4877
41	7	-1692.5636	1942.9237
41	8	-1626.7561	1962.3678
41	9	-1609.6155	1990.7205
41	10	-1653.3228	1984.915
41	11	-1619.8785	1943.4154
41	12	-1622.8153	1943.4846
41	13	-1634.4541	1979.4252
41	14	-1618.3202	1939.8556
41	15	-1676.5641	1935.1647
41	16	-1629.8478	1983.7048
41	17	-1697.6587	1927.8341
41	18	-1625.6547	1987.0227
41	20	-1682.1263	1996.7692
41	21	-1687.3527	2002.1271
41	22	-1681.6332	1981.323
41	23	-1607.1512	2002.3557
41	24	-1691.92	1911.5592
41	25	-1708.9562	1919.8451
42	1	-1666.1155	1944.8351
42	2	-1649.5443	1955.8893
42	3	-1658.1686	1950.9103
42	4	-1678.1923	1953.5708
42	5	-1678.5914	1943.7604
42	6	-1636.0609	1941.4877
42	7	-1692.5636	1942.9237
42	8	-1626.7561	1962.3678
42	9	-1608.7745	1991.4017
42	10	-1653.3228	1984.915
42	11	-1619.7738	1943.3304
42	12	-1622.8153	1943.4846
42	13	-1634.4541	1979.4252
42	14	-1618.3202	1939.8556
42	15	-1676.2242	1935.4271
42	16	-1629.8478	1983.7048
42	17	-1697.6587	1927.8341
42	18	-1625.6547	1987.0227
42	20	-1682.1263	1996.7692
42	21	-1687.3527	2002.1271
42	22	-1680.9271	1980.7512
42	23	-1607.1512	2002.3557
42	24	-1691.92	1911.5592
42	25	-1708.9562	1919.8451
43	1	-1666.0328	1944.903
43	2	-1648.8776	1955.3638
43	3	-1658.1249	1950.9478
43	4	-1678.1923	1953.5708
43	5	-1678.5914	1943.7604
43	6	-1636.0609	1941.4877
43	7	-1692.5636	1942.9237
43	8	-1626.7561	1962.3678
43	9	-1607.9502	1992.0912
43	10	-1653.3228	1984.915
43	11	-1619.6705	1943.2375
43	12	-1622.8153	1943.4846
43	13	-1634.4541	1979.4252
43	14	-1618.3202	1939.8556
43	15	-1675.9159	1935.6624
43	16	-1629.8478	1983.7048
43	17	-1697.6587	1927.8341
43	18	-1625.6547	1987.0227
43	20	-1682.1263	1996.7692
43	21	-1687.3527	2002.1271
43	22	-1680.247	1980.1997
43	23	-1607.1512	2002.3557
43	24	-1691.92	1911.5592
43	25	-1708.9562	1919.8451
44	1	-1665.968	1944.9504
44	2	-1648.1912	1954.8263
44	3	-1658.0745	1950.9922
44	4	-1678.1923	1953.5708
44	5	-1678.5914	1943.7604
44	6	-1636.0609	1941.4877
44	7	-1692.5636	1942.9237
44	8	-1626.7561	1962.3678
44	9	-1607.1239	1992.7703
44	10	-1653.3228	1984.915
44	11	-1619.573	1943.1376
44	12	-1622.8153	1943.4846
44	13	-1634.4541	1979.4252
44	14	-1618.3202	1939.8556
44	15	-1675.5994	1935.9075
44	16	-1629.8478	1983.7048
44	17	-1697.6587	1927.8341
44	18	-1625.6547	1987.0227
44	20	-1682.1263	1996.7692
44	21	-1687.3527	2002.1271
44	22	-1679.5798	1979.6632
44	23	-1607.1512	2002.3557
44	24	-1691.92	1911.5592
44	25	-1708.9562	1919.8451
45	1	-1665.8894	1945.0133
45	2	-1647.5022	1954.2894
45	3	-1658.0154	1951.0435
45	4	-1678.1923	1953.5708
45	5	-1678.5914	1943.7604
45	6	-1636.0609	1941.4877
45	7	-1692.5636	1942.9237
45	8	-1626.7561	1962.3678
45	9	-1606.2758	1993.4686
45	10	-1653.3228	1984.915
45	11	-1619.4446	1943.1089
45	12	-1622.8153	1943.4846
45	13	-1634.4541	1979.4252
45	14	-1618.3202	1939.8556
45	15	-1675.2683	1936.1699
45	16	-1629.8478	1983.7048
45	17	-1697.6587	1927.8341
45	18	-1625.6547	1987.0227
45	20	-1682.1263	1996.7692
45	21	-1687.3527	2002.1271
45	22	-1678.9255	1979.1357
45	23	-1607.1512	2002.3557
45	24	-1691.92	1911.5592
45	25	-1708.9562	1919.8451
46	1	-1665.8252	1945.063
46	2	-1646.7986	1953.7357
46	3	-1657.9457	1951.1044
46	4	-1678.1923	1953.5708
46	5	-1678.5914	1943.7604
46	6	-1636.0609	1941.4877
46	7	-1692.5636	1942.9237
46	8	-1626.7561	1962.3678
46	9	-1605.4257	1994.1611
46	10	-1653.3228	1984.915
46	12	-1622.8153	1943.4846
46	13	-1634.4541	1979.4252
46	14	-1618.3202	1939.8556
46	15	-1674.94	1936.4244
46	16	-1629.8478	1983.7048
46	17	-1697.6587	1927.8341
46	18	-1625.6547	1987.0227
46	20	-1682.1263	1996.7692
46	21	-1687.3527	2002.1271
46	22	-1678.2601	1978.596
46	23	-1607.1512	2002.3557
46	24	-1691.92	1911.5592
46	25	-1708.9562	1919.8451
47	1	-1665.7614	1945.1155
47	2	-1646.0712	1953.1685
47	3	-1657.8677	1951.1721
47	4	-1678.1923	1953.5708
47	5	-1678.5914	1943.7604
47	6	-1636.0609	1941.4877
47	7	-1692.5636	1942.9237
47	8	-1626.7561	1962.3678
47	9	-1604.5596	1994.8658
47	10	-1653.3228	1984.915
47	11	-1619.259	1942.946
47	12	-1622.8153	1943.4846
47	13	-1634.4541	1979.4252
47	14	-1618.3202	1939.8556
47	15	-1674.6431	1936.6486
47	16	-1629.8478	1983.7048
47	17	-1697.6587	1927.8341
47	18	-1625.6547	1987.0227
47	20	-1682.1263	1996.7692
47	21	-1687.3527	2002.1271
47	22	-1677.6316	1978.101
47	23	-1607.1512	2002.3557
47	24	-1691.92	1911.5592
47	25	-1708.9562	1919.8451
48	1	-1665.7024	1945.1558
48	2	-1645.3379	1952.5995
48	3	-1657.7893	1951.2418
48	4	-1678.1923	1953.5708
48	5	-1678.5914	1943.7604
48	6	-1636.0609	1941.4877
48	7	-1692.5636	1942.9237
48	8	-1626.7561	1962.3678
48	9	-1603.7048	1995.5658
48	10	-1653.3228	1984.915
48	11	-1619.1545	1942.896
48	12	-1622.8153	1943.4846
48	13	-1634.4541	1979.4252
48	14	-1618.3202	1939.8556
48	15	-1674.3961	1936.8395
48	16	-1629.8478	1983.7048
48	17	-1697.6587	1927.8341
48	18	-1625.6547	1987.0227
48	20	-1682.1263	1996.7692
48	21	-1687.3527	2002.1271
48	22	-1677.002	1977.6096
48	23	-1607.1512	2002.3557
48	24	-1691.92	1911.5592
48	25	-1708.9562	1919.8451
49	1	-1665.6674	1945.1802
49	2	-1644.6124	1952.0233
49	3	-1657.6924	1951.3296
49	4	-1678.1923	1953.5708
49	5	-1678.5914	1943.7604
49	6	-1636.0609	1941.4877
49	7	-1692.5636	1942.9237
49	8	-1626.7561	1962.3678
49	9	-1602.8424	1996.2793
49	10	-1653.3228	1984.915
49	12	-1622.8153	1943.4846
49	13	-1634.4541	1979.4252
49	14	-1618.3202	1939.8556
49	15	-1674.113	1937.0557
49	16	-1629.8478	1983.7048
49	17	-1697.6587	1927.8341
49	18	-1625.6547	1987.0227
49	20	-1682.1263	1996.7692
49	21	-1687.3527	2002.1271
49	22	-1676.3986	1977.1155
49	23	-1607.1512	2002.3557
49	24	-1691.92	1911.5592
49	25	-1708.9562	1919.8451
50	1	-1665.617	1945.2245
50	2	-1643.8589	1951.4323
50	3	-1657.5852	1951.4265
50	4	-1678.1923	1953.5708
50	5	-1678.5914	1943.7604
50	6	-1636.0609	1941.4877
50	7	-1692.5636	1942.9237
50	8	-1626.7561	1962.3678
50	9	-1601.9846	1996.9847
50	10	-1653.3228	1984.915
50	11	-1618.9355	1942.7643
50	12	-1622.8153	1943.4846
50	13	-1634.4541	1979.4252
50	14	-1618.3202	1939.8556
50	15	-1673.8541	1937.2565
50	16	-1629.8478	1983.7048
50	17	-1697.6587	1927.8341
50	18	-1625.6547	1987.0227
50	20	-1682.1263	1996.7692
50	21	-1687.3527	2002.1271
50	22	-1675.7905	1976.6284
50	23	-1607.1512	2002.3557
50	24	-1691.92	1911.5592
50	25	-1708.9562	1919.8451
51	1	-1665.5592	1945.2681
51	2	-1643.1014	1950.8411
51	3	-1657.4686	1951.5331
51	4	-1678.1923	1953.5708
51	5	-1678.5914	1943.7604
51	6	-1636.0609	1941.4877
51	7	-1692.5636	1942.9237
51	8	-1626.7561	1962.3678
51	9	-1601.1254	1997.6912
51	10	-1653.3228	1984.915
51	12	-1622.8153	1943.4846
51	13	-1634.4541	1979.4252
51	14	-1618.3202	1939.8556
51	15	-1673.5995	1937.4564
51	16	-1629.8478	1983.7048
51	17	-1697.6587	1927.8341
51	18	-1625.6547	1987.0227
51	20	-1682.1263	1996.7692
51	21	-1687.3527	2002.1271
51	22	-1675.1891	1976.1389
51	23	-1607.1512	2002.3557
51	24	-1691.92	1911.5592
51	25	-1708.9562	1919.8451
52	1	-1665.5155	1945.309
52	2	-1642.3414	1950.2451
52	3	-1657.3428	1951.6499
52	4	-1678.1923	1953.5708
52	5	-1678.5914	1943.7604
52	6	-1636.0609	1941.4877
52	7	-1692.5636	1942.9237
52	8	-1626.7561	1962.3678
52	9	-1600.2393	1998.419
52	10	-1653.3228	1984.915
52	12	-1622.8153	1943.4846
52	13	-1634.4541	1979.4252
52	14	-1618.3202	1939.8556
52	15	-1673.3405	1937.66
52	16	-1629.8478	1983.7048
52	17	-1697.6587	1927.8341
52	18	-1625.6547	1987.0227
52	20	-1682.1263	1996.7692
52	21	-1687.3527	2002.1271
52	22	-1674.5657	1975.6349
52	23	-1607.1512	2002.3557
52	24	-1691.92	1911.5592
52	25	-1708.9562	1919.8451
53	1	-1665.4683	1945.3489
53	2	-1641.577	1949.659
53	3	-1657.2087	1951.7772
53	4	-1678.1923	1953.5708
53	5	-1678.5914	1943.7604
53	6	-1636.0609	1941.4877
53	7	-1692.5636	1942.9237
53	8	-1626.7561	1962.3678
53	9	-1599.3326	1999.1504
53	10	-1653.3228	1984.915
53	12	-1622.8153	1943.4846
53	13	-1634.4541	1979.4252
53	14	-1618.3202	1939.8556
53	15	-1673.1166	1937.8386
53	16	-1629.8478	1983.7048
53	17	-1697.6587	1927.8341
53	18	-1625.6547	1987.0227
53	20	-1682.1263	1996.7692
53	21	-1687.3527	2002.1271
53	22	-1673.9707	1975.149
53	23	-1607.1512	2002.3557
53	24	-1691.92	1911.5592
53	25	-1708.9562	1919.8451
54	1	-1665.4067	1945.3988
54	2	-1640.8046	1949.0557
54	3	-1657.0657	1951.9144
54	4	-1678.1923	1953.5708
54	5	-1678.5914	1943.7604
54	6	-1636.0609	1941.4877
54	7	-1692.5636	1942.9237
54	8	-1626.7561	1962.3678
54	9	-1598.4325	1999.8701
54	10	-1653.3228	1984.915
54	12	-1622.8153	1943.4846
54	13	-1634.4541	1979.4252
54	14	-1618.3202	1939.8556
54	15	-1672.8978	1938.0098
54	16	-1629.8478	1983.7048
54	17	-1697.6587	1927.8341
54	18	-1625.6547	1987.0227
54	20	-1682.1263	1996.7692
54	21	-1687.3527	2002.1271
54	22	-1673.3949	1974.6757
54	23	-1607.1512	2002.3557
54	24	-1691.92	1911.5592
54	25	-1708.9562	1919.8451
54	30	-1631.4786	1937.7214
55	1	-1665.3594	1945.4259
55	2	-1640.0243	1948.4493
55	3	-1656.9155	1952.0627
55	4	-1678.1923	1953.5708
55	5	-1678.5914	1943.7604
55	6	-1636.0609	1941.4877
55	7	-1692.5636	1942.9237
55	8	-1626.7561	1962.3678
55	9	-1597.4929	2000.6128
55	10	-1653.3228	1984.915
55	12	-1622.8153	1943.4846
55	13	-1634.4541	1979.4252
55	14	-1618.3202	1939.8556
55	15	-1672.697	1938.168
55	16	-1629.8478	1983.7048
55	17	-1697.6587	1927.8341
55	18	-1625.6547	1987.0227
55	20	-1682.1263	1996.7692
55	21	-1687.3527	2002.1271
55	22	-1672.8341	1974.2267
55	23	-1607.1512	2002.3557
55	24	-1691.92	1911.5592
55	25	-1708.9562	1919.8451
55	30	-1631.4786	1937.7214
56	1	-1665.2797	1945.5004
56	2	-1639.2395	1947.841
56	3	-1656.7573	1952.2219
56	4	-1678.1923	1953.5708
56	5	-1678.5914	1943.7604
56	6	-1636.0609	1941.4877
56	7	-1692.5636	1942.9237
56	8	-1626.7561	1962.3678
56	10	-1653.3228	1984.915
56	12	-1622.8153	1943.4846
56	13	-1634.4541	1979.4252
56	14	-1618.3202	1939.8556
56	15	-1672.4897	1938.3307
56	16	-1629.8478	1983.7048
56	17	-1697.6587	1927.8341
56	18	-1625.6547	1987.0227
56	20	-1682.1263	1996.7692
56	21	-1687.3527	2002.1271
56	22	-1672.305	1973.7996
56	23	-1607.1512	2002.3557
56	24	-1691.92	1911.5592
56	25	-1708.9562	1919.8451
56	30	-1631.4786	1937.7214
57	1	-1665.22	1945.5387
57	2	-1638.4474	1947.2253
57	3	-1656.5912	1952.3922
57	4	-1678.1923	1953.5708
57	5	-1678.5914	1943.7604
57	6	-1636.0609	1941.4877
57	7	-1692.5636	1942.9237
57	8	-1626.7561	1962.3678
57	10	-1653.3228	1984.915
57	12	-1622.8153	1943.4846
57	13	-1634.4541	1979.4252
57	14	-1618.3202	1939.8556
57	15	-1672.2952	1938.4843
57	16	-1629.8478	1983.7048
57	17	-1697.6587	1927.8341
57	18	-1625.6547	1987.0227
57	20	-1682.1263	1996.7692
57	21	-1687.3527	2002.1271
57	22	-1671.776	1973.3717
57	23	-1607.1512	2002.3557
57	24	-1691.92	1911.5592
57	25	-1708.9562	1919.8451
57	26	-1637.0859	1940.1465
57	30	-1631.4786	1937.7214
58	1	-1665.1573	1945.6095
58	2	-1637.6565	1946.6089
58	3	-1656.4202	1952.5726
58	4	-1678.1923	1953.5708
58	5	-1678.5914	1943.7604
58	6	-1636.0609	1941.4877
58	7	-1692.5636	1942.9237
58	8	-1626.7561	1962.3678
58	10	-1653.3228	1984.915
58	12	-1622.8153	1943.4846
58	13	-1634.4541	1979.4252
58	14	-1618.3202	1939.8556
58	15	-1672.126	1938.6198
58	16	-1629.8478	1983.7048
58	17	-1697.6587	1927.8341
58	18	-1625.6547	1987.0227
58	20	-1682.1263	1996.7692
58	21	-1687.3527	2002.1271
58	22	-1671.2622	1972.9563
58	23	-1607.1512	2002.3557
58	24	-1691.92	1911.5592
58	25	-1708.9562	1919.8451
58	26	-1637.0051	1940.0806
58	30	-1631.4786	1937.7214
59	1	-1665.0704	1945.6769
59	2	-1636.8536	1945.9937
59	3	-1656.2455	1952.7657
59	4	-1678.1923	1953.5708
59	5	-1678.5914	1943.7604
59	6	-1636.0609	1941.4877
59	7	-1692.5636	1942.9237
59	8	-1626.7561	1962.3678
59	10	-1653.3228	1984.915
59	12	-1622.8153	1943.4846
59	13	-1634.4541	1979.4252
59	14	-1618.3202	1939.8556
59	15	-1671.9514	1938.7618
59	16	-1629.8478	1983.7048
59	17	-1697.6587	1927.8341
59	18	-1625.6547	1987.0227
59	20	-1682.1263	1996.7692
59	21	-1687.3527	2002.1271
59	22	-1670.771	1972.5598
59	23	-1607.1512	2002.3557
59	24	-1691.92	1911.5592
59	25	-1708.9562	1919.8451
59	26	-1636.8923	1940.0038
59	28	-1618.0167	1941.9674
59	30	-1631.4786	1937.7214
60	1	-1665.0032	1945.7281
60	2	-1636.0543	1945.3767
60	3	-1656.0627	1952.9708
60	4	-1678.1923	1953.5708
60	5	-1678.5914	1943.7604
60	6	-1636.0609	1941.4877
60	7	-1692.5636	1942.9237
60	8	-1626.7561	1962.3678
60	10	-1653.3228	1984.915
60	12	-1622.8153	1943.4846
60	13	-1634.4541	1979.4252
60	14	-1618.3202	1939.8556
60	15	-1671.776	1938.892
60	16	-1629.8478	1983.7048
60	17	-1697.6587	1927.8341
60	18	-1625.6547	1987.0227
60	20	-1682.1263	1996.7692
60	21	-1687.3527	2002.1271
60	22	-1670.2872	1972.1708
60	23	-1607.1512	2002.3557
60	24	-1691.92	1911.5592
60	25	-1708.9562	1919.8451
60	26	-1636.7992	1939.9373
60	28	-1617.8618	1941.8683
60	30	-1631.4786	1937.7214
61	1	-1664.9152	1945.8071
61	2	-1635.2395	1944.7483
61	3	-1655.875	1953.1896
61	4	-1678.1923	1953.5708
61	5	-1678.5914	1943.7604
61	6	-1636.0609	1941.4877
61	7	-1692.5636	1942.9237
61	8	-1626.7561	1962.3678
61	10	-1653.3228	1984.915
61	12	-1622.8153	1943.4846
61	13	-1634.4541	1979.4252
61	14	-1618.3202	1939.8556
61	15	-1671.6282	1939.0109
61	16	-1629.8478	1983.7048
61	17	-1697.6587	1927.8341
61	18	-1625.6547	1987.0227
61	20	-1682.1263	1996.7692
61	21	-1687.3527	2002.1271
61	22	-1669.8229	1971.7915
61	23	-1607.1512	2002.3557
61	24	-1691.92	1911.5592
61	25	-1708.9562	1919.8451
61	26	-1636.7125	1939.858
61	28	-1617.7537	1941.7876
61	30	-1631.4786	1937.7214
62	1	-1664.8262	1945.8834
62	2	-1634.425	1944.1245
62	3	-1655.6843	1953.423
62	4	-1678.1923	1953.5708
62	5	-1678.5914	1943.7604
62	6	-1636.0609	1941.4877
62	7	-1692.5636	1942.9237
62	8	-1626.7561	1962.3678
62	10	-1653.3228	1984.915
62	12	-1622.8153	1943.4846
62	13	-1634.4541	1979.4252
62	14	-1618.3202	1939.8556
62	15	-1671.4758	1939.1385
62	16	-1629.8478	1983.7048
62	17	-1697.6587	1927.8341
62	18	-1625.6547	1987.0227
62	20	-1682.1263	1996.7692
62	21	-1687.3527	2002.1271
62	22	-1669.3776	1971.4252
62	23	-1607.1512	2002.3557
62	24	-1691.92	1911.5592
62	25	-1708.9562	1919.8451
62	26	-1636.6167	1939.7783
62	28	-1617.6354	1941.6575
62	30	-1631.4786	1937.7214
63	1	-1664.7363	1945.9531
63	2	-1633.5923	1943.4799
63	3	-1655.4924	1953.6711
63	4	-1678.1923	1953.5708
63	5	-1678.5914	1943.7604
63	6	-1636.0609	1941.4877
63	7	-1692.5636	1942.9237
63	8	-1626.7561	1962.3678
63	10	-1653.3228	1984.915
63	12	-1622.8153	1943.4846
63	13	-1634.4541	1979.4252
63	14	-1618.3202	1939.8556
63	15	-1671.3126	1939.2676
63	16	-1629.8478	1983.7048
63	17	-1697.6587	1927.8341
63	18	-1625.6547	1987.0227
63	20	-1682.1263	1996.7692
63	21	-1687.3527	2002.1271
63	22	-1668.9497	1971.0824
63	23	-1607.1512	2002.3557
63	24	-1691.92	1911.5592
63	25	-1708.9562	1919.8451
63	26	-1636.5308	1939.7004
63	30	-1631.4786	1937.7214
64	1	-1664.6013	1946.0626
64	2	-1632.7572	1942.8376
64	3	-1655.2982	1953.934
64	4	-1678.1923	1953.5708
64	5	-1678.5914	1943.7604
64	6	-1636.0609	1941.4877
64	7	-1692.5636	1942.9237
64	8	-1626.7561	1962.3678
64	10	-1653.3228	1984.915
64	12	-1622.8153	1943.4846
64	13	-1634.4541	1979.4252
64	14	-1618.3202	1939.8556
64	15	-1671.141	1939.4078
64	16	-1629.8478	1983.7048
64	17	-1697.6587	1927.8341
64	18	-1625.6547	1987.0227
64	20	-1682.1263	1996.7692
64	21	-1687.3527	2002.1271
64	22	-1668.5367	1970.7502
64	23	-1607.1512	2002.3557
64	24	-1691.92	1911.5592
64	25	-1708.9562	1919.8451
64	26	-1636.4524	1939.624
64	30	-1631.4786	1937.7214
65	1	-1664.4641	1946.1802
65	2	-1631.9124	1942.1838
65	3	-1655.1036	1954.2109
65	4	-1678.1923	1953.5708
65	5	-1678.5914	1943.7604
65	6	-1636.0609	1941.4877
65	7	-1692.5636	1942.9237
65	8	-1626.7561	1962.3678
65	10	-1653.3228	1984.915
65	12	-1622.8153	1943.4846
65	13	-1634.4541	1979.4252
65	14	-1618.3202	1939.8556
65	15	-1671.0072	1939.5148
65	16	-1629.8478	1983.7048
65	17	-1697.6587	1927.8341
65	18	-1625.6547	1987.0227
65	20	-1682.1263	1996.7692
65	21	-1687.3527	2002.1271
65	22	-1668.1467	1970.4342
65	23	-1607.1512	2002.3557
65	24	-1691.92	1911.5592
65	25	-1708.9562	1919.8451
65	26	-1636.3733	1939.5552
65	30	-1631.4786	1937.7214
66	1	-1664.3259	1946.3018
66	2	-1631.0564	1941.5206
66	3	-1654.9159	1954.5012
66	4	-1678.1923	1953.5708
66	5	-1678.5914	1943.7604
66	6	-1636.0609	1941.4877
66	7	-1692.5636	1942.9237
66	8	-1626.7561	1962.3678
66	10	-1653.3228	1984.915
66	12	-1622.8153	1943.4846
66	13	-1634.4541	1979.4252
66	14	-1618.3202	1939.8556
66	15	-1670.8723	1939.6294
66	16	-1629.8478	1983.7048
66	17	-1697.6587	1927.8341
66	18	-1625.6547	1987.0227
66	20	-1682.1263	1996.7692
66	21	-1687.3527	2002.1271
66	22	-1667.78	1970.1327
66	23	-1607.1512	2002.3557
66	24	-1691.92	1911.5592
66	25	-1708.9562	1919.8451
66	26	-1636.2814	1939.4824
66	30	-1631.4786	1937.7214
67	1	-1664.1538	1946.4402
67	2	-1630.2039	1940.8678
67	3	-1654.7317	1954.8046
67	4	-1678.1923	1953.5708
67	5	-1678.5914	1943.7604
67	6	-1636.0609	1941.4877
67	7	-1692.5636	1942.9237
67	8	-1626.7561	1962.3678
67	10	-1653.3228	1984.915
67	12	-1622.8153	1943.4846
67	13	-1634.4541	1979.4252
67	14	-1618.3202	1939.8556
67	15	-1670.747	1939.7197
67	16	-1629.8478	1983.7048
67	17	-1697.6587	1927.8341
67	18	-1625.6547	1987.0227
67	20	-1682.1263	1996.7692
67	21	-1687.3527	2002.1271
67	22	-1667.4037	1969.8232
67	23	-1607.1512	2002.3557
67	24	-1691.92	1911.5592
67	25	-1708.9562	1919.8451
67	26	-1636.2053	1939.4153
67	28	-1617.1553	1941.205
68	1	-1663.9749	1946.5902
68	2	-1629.3267	1940.2015
68	3	-1654.5519	1955.1224
68	4	-1678.1923	1953.5708
68	5	-1678.5914	1943.7604
68	6	-1636.0609	1941.4877
68	7	-1692.5636	1942.9237
68	8	-1626.7561	1962.3678
68	10	-1653.3228	1984.915
68	12	-1622.8153	1943.4846
68	13	-1634.4541	1979.4252
68	14	-1618.3202	1939.8556
68	15	-1670.6182	1939.8179
68	16	-1629.8478	1983.7048
68	17	-1697.6587	1927.8341
68	18	-1625.6547	1987.0227
68	20	-1682.1263	1996.7692
68	21	-1687.3527	2002.1271
68	22	-1667.0349	1969.5221
68	23	-1607.1512	2002.3557
68	24	-1691.92	1911.5592
68	25	-1708.9562	1919.8451
68	26	-1636.1222	1939.3362
69	1	-1663.7834	1946.7478
69	2	-1628.4633	1939.5475
69	3	-1654.3804	1955.4546
69	4	-1678.1923	1953.5708
69	5	-1678.5914	1943.7604
69	6	-1636.0609	1941.4877
69	7	-1692.5636	1942.9237
69	8	-1626.7561	1962.3678
69	10	-1653.3228	1984.915
69	12	-1622.8153	1943.4846
69	13	-1634.4541	1979.4252
69	14	-1618.3202	1939.8556
69	15	-1670.4977	1939.917
69	16	-1629.8478	1983.7048
69	17	-1697.6587	1927.8341
69	18	-1625.6547	1987.0227
69	20	-1682.1263	1996.7692
69	21	-1687.3527	2002.1271
69	22	-1666.6909	1969.2412
69	23	-1607.1512	2002.3557
69	24	-1691.92	1911.5592
69	26	-1636.0438	1939.264
69	27	-1623.792	1996.5001
70	1	-1663.5645	1946.9318
70	2	-1627.562	1938.8662
70	3	-1654.2188	1955.7997
70	4	-1678.1923	1953.5708
70	5	-1678.5914	1943.7604
70	6	-1636.0609	1941.4877
70	7	-1692.5636	1942.9237
70	8	-1626.7561	1962.3678
70	10	-1653.3228	1984.915
70	12	-1622.8153	1943.4846
70	13	-1634.4541	1979.4252
70	14	-1618.3202	1939.8556
70	15	-1670.3995	1940.0262
70	16	-1629.8478	1983.7048
70	17	-1697.6587	1927.8341
70	18	-1625.6547	1987.0227
70	20	-1682.1263	1996.7692
70	21	-1687.3527	2002.1271
70	22	-1666.3666	1968.9794
70	23	-1607.1512	2002.3557
70	24	-1691.92	1911.5592
70	25	-1708.9562	1919.8451
70	26	-1635.955	1939.2012
70	27	-1623.792	1996.5001
70	28	-1616.8424	1940.9617
71	1	-1663.3536	1947.1135
71	2	-1626.6987	1938.2089
71	3	-1654.0684	1956.1597
71	4	-1678.1923	1953.5708
71	5	-1678.5914	1943.7604
71	6	-1636.0609	1941.4877
71	7	-1692.5636	1942.9237
71	8	-1626.7561	1962.3678
71	10	-1653.3228	1984.915
71	12	-1622.8153	1943.4846
71	13	-1634.4541	1979.4252
71	14	-1618.3202	1939.8556
71	15	-1670.2667	1940.1296
71	16	-1629.8478	1983.7048
71	17	-1697.6587	1927.8341
71	18	-1625.6547	1987.0227
71	20	-1682.1263	1996.7692
71	21	-1687.3527	2002.1271
71	22	-1666.0538	1968.7258
71	23	-1607.1512	2002.3557
71	24	-1691.92	1911.5592
71	25	-1708.9562	1919.8451
71	26	-1635.8654	1939.1288
71	27	-1623.792	1996.5001
71	28	-1616.7141	1940.858
72	1	-1663.1194	1947.3214
72	2	-1625.824	1937.537
72	3	-1653.9309	1956.534
72	4	-1678.1923	1953.5708
72	5	-1678.5914	1943.7604
72	6	-1636.0609	1941.4877
72	7	-1692.5636	1942.9237
72	8	-1626.7561	1962.3678
72	10	-1653.3228	1984.915
72	12	-1622.8153	1943.4846
72	13	-1634.4541	1979.4252
72	14	-1618.3202	1939.8556
72	15	-1670.2014	1940.1729
72	16	-1629.8478	1983.7048
72	17	-1697.6587	1927.8341
72	18	-1625.6547	1987.0227
72	20	-1682.1263	1996.7692
72	21	-1687.3527	2002.1271
72	22	-1665.7516	1968.4835
72	23	-1607.1512	2002.3557
72	24	-1691.92	1911.5592
72	26	-1635.7772	1939.0718
72	27	-1623.792	1996.5001
73	1	-1662.9012	1947.5095
73	2	-1624.9209	1936.8411
73	3	-1653.8107	1956.9204
73	4	-1678.1923	1953.5708
73	5	-1678.5914	1943.7604
73	6	-1636.0609	1941.4877
73	7	-1692.5636	1942.9237
73	8	-1626.7561	1962.3678
73	10	-1653.3228	1984.915
73	12	-1622.8153	1943.4846
73	13	-1634.4541	1979.4252
73	14	-1618.3202	1939.8556
73	16	-1629.8478	1983.7048
73	17	-1697.6587	1927.8341
73	18	-1625.6547	1987.0227
73	20	-1682.1263	1996.7692
73	21	-1687.3527	2002.1271
73	22	-1665.4781	1968.2585
73	23	-1607.1512	2002.3557
73	24	-1691.92	1911.5592
73	26	-1635.7065	1939.0059
73	29	-1631.3483	1937.6997
74	1	-1662.662	1947.7147
74	2	-1624.03	1936.1571
74	3	-1653.7063	1957.3177
74	4	-1678.1923	1953.5708
74	5	-1678.5914	1943.7604
74	6	-1636.0609	1941.4877
74	7	-1692.5636	1942.9237
74	8	-1626.7561	1962.3678
74	10	-1653.3228	1984.915
74	12	-1622.8153	1943.4846
74	13	-1634.4541	1979.4252
74	14	-1618.3202	1939.8556
74	15	-1669.9811	1940.3771
74	16	-1629.8478	1983.7048
74	17	-1697.6587	1927.8341
74	18	-1625.6547	1987.0227
74	20	-1682.1263	1996.7692
74	21	-1687.3527	2002.1271
74	22	-1665.2386	1968.0657
74	23	-1607.1512	2002.3557
74	24	-1691.92	1911.5592
74	26	-1635.6283	1938.9431
74	28	-1616.344	1940.5793
74	29	-1631.3483	1937.6997
75	1	-1662.447	1947.9048
75	2	-1623.1299	1935.4518
75	3	-1653.6208	1957.7288
75	4	-1678.1923	1953.5708
75	5	-1678.5914	1943.7604
75	6	-1636.0609	1941.4877
75	7	-1692.5636	1942.9237
75	8	-1626.7561	1962.3678
75	10	-1653.3228	1984.915
75	12	-1622.8153	1943.4846
75	13	-1634.4541	1979.4252
75	14	-1618.3202	1939.8556
75	15	-1669.7356	1940.6113
75	16	-1629.8478	1983.7048
75	17	-1697.6587	1927.8341
75	18	-1625.6547	1987.0227
75	20	-1682.1263	1996.7692
75	21	-1687.3527	2002.1271
75	22	-1664.9899	1967.865
75	23	-1607.1512	2002.3557
75	24	-1691.92	1911.5592
75	26	-1635.556	1938.8828
75	27	-1623.792	1996.5001
75	29	-1631.3483	1937.6997
76	1	-1662.2211	1948.1038
76	2	-1622.2185	1934.7477
76	3	-1653.554	1958.1498
76	4	-1678.1923	1953.5708
76	5	-1678.5914	1943.7604
76	6	-1636.0609	1941.4877
76	7	-1692.5636	1942.9237
76	8	-1626.7561	1962.3678
76	10	-1653.3228	1984.915
76	12	-1622.8153	1943.4846
76	13	-1634.4541	1979.4252
76	14	-1618.3202	1939.8556
76	15	-1669.5449	1940.751
76	16	-1629.8478	1983.7048
76	17	-1697.6587	1927.8341
76	18	-1625.6547	1987.0227
76	20	-1682.1263	1996.7692
76	21	-1687.3527	2002.1271
76	22	-1664.7732	1967.6925
76	23	-1607.1512	2002.3557
76	24	-1691.92	1911.5592
76	26	-1635.4661	1938.8081
76	27	-1623.792	1996.5001
76	29	-1631.3483	1937.6997
77	1	-1661.9906	1948.309
77	2	-1621.3159	1934.0474
77	3	-1653.5078	1958.5789
77	4	-1678.1923	1953.5708
77	5	-1678.5914	1943.7604
77	6	-1636.0609	1941.4877
77	7	-1692.5636	1942.9237
77	8	-1626.7561	1962.3678
77	10	-1653.3228	1984.915
77	12	-1622.8153	1943.4846
77	13	-1634.4541	1979.4252
77	14	-1618.3202	1939.8556
77	15	-1669.3862	1940.9003
77	16	-1629.8478	1983.7048
77	17	-1697.6587	1927.8341
77	18	-1625.6547	1987.0227
77	20	-1682.1263	1996.7692
77	21	-1687.3527	2002.1271
77	22	-1664.5641	1967.5177
77	23	-1607.1512	2002.3557
77	24	-1691.92	1911.5592
77	26	-1635.3873	1938.758
77	29	-1631.3483	1937.6997
78	1	-1661.7734	1948.5088
78	2	-1620.4065	1933.3282
78	3	-1653.4873	1958.9722
78	4	-1678.1923	1953.5708
78	5	-1678.5914	1943.7604
78	6	-1636.0609	1941.4877
78	7	-1692.5636	1942.9237
78	8	-1626.7561	1962.3678
78	10	-1653.3228	1984.915
78	12	-1622.8153	1943.4846
78	13	-1634.4541	1979.4252
78	14	-1618.3202	1939.8556
78	15	-1669.2129	1941.056
78	17	-1697.6587	1927.8341
78	18	-1625.6547	1987.0227
78	20	-1682.1263	1996.7692
78	21	-1687.3527	2002.1271
78	22	-1664.3585	1967.358
78	23	-1607.1512	2002.3557
78	24	-1691.92	1911.5592
78	26	-1635.3131	1938.6926
78	27	-1623.792	1996.5001
78	29	-1631.3483	1937.6997
78	31	-1629.6897	1983.8752
79	1	-1661.5641	1948.6998
79	2	-1619.5021	1932.6138
79	3	-1653.487	1959.417
79	4	-1678.1923	1953.5708
79	5	-1678.5914	1943.7604
79	6	-1636.0609	1941.4877
79	7	-1692.5636	1942.9237
79	8	-1626.7561	1962.3678
79	10	-1653.3228	1984.915
79	12	-1622.8153	1943.4846
79	13	-1634.4541	1979.4252
79	14	-1618.3202	1939.8556
79	15	-1668.996	1941.2258
79	16	-1629.8478	1983.7048
79	17	-1697.6587	1927.8341
79	18	-1625.6547	1987.0227
79	20	-1682.1263	1996.7692
79	21	-1687.3527	2002.1271
79	22	-1664.1682	1967.2091
79	23	-1607.1512	2002.3557
79	24	-1691.92	1911.5592
79	26	-1635.2341	1938.6453
79	27	-1623.792	1996.5001
79	28	-1615.7428	1940.076
79	29	-1631.3483	1937.6997
80	1	-1661.3499	1948.8898
80	2	-1618.5846	1931.8794
80	3	-1653.5095	1959.8689
80	4	-1678.1923	1953.5708
80	5	-1678.5914	1943.7604
80	6	-1636.0609	1941.4877
80	7	-1692.5636	1942.9237
80	8	-1626.7561	1962.3678
80	10	-1653.3228	1984.915
80	12	-1622.8153	1943.4846
80	13	-1634.4541	1979.4252
80	14	-1618.3202	1939.8556
80	15	-1668.778	1941.3928
80	17	-1697.6587	1927.8341
80	18	-1625.6547	1987.0227
80	20	-1682.1263	1996.7692
80	21	-1687.3527	2002.1271
80	22	-1663.9885	1967.0652
80	23	-1607.1512	2002.3557
80	24	-1691.92	1911.5592
80	26	-1635.1549	1938.5873
80	27	-1623.792	1996.5001
80	28	-1615.6506	1939.9855
80	29	-1631.3483	1937.6997
81	1	-1661.1617	1949.0669
81	2	-1617.6815	1931.1642
81	3	-1653.56	1960.3269
81	4	-1678.1923	1953.5708
81	5	-1678.5914	1943.7604
81	6	-1636.0609	1941.4877
81	7	-1692.5636	1942.9237
81	8	-1626.7561	1962.3678
81	10	-1653.3228	1984.915
81	12	-1622.8153	1943.4846
81	13	-1634.4541	1979.4252
81	14	-1618.3202	1939.8556
81	15	-1668.5903	1941.5404
81	17	-1697.6587	1927.8341
81	18	-1625.6547	1987.0227
81	20	-1682.1263	1996.7692
81	21	-1687.3527	2002.1271
81	22	-1663.8197	1966.9324
81	23	-1607.1512	2002.3557
81	24	-1691.92	1911.5592
81	26	-1635.0653	1938.5306
81	27	-1623.792	1996.5001
81	28	-1615.5709	1939.9092
81	29	-1631.3483	1937.6997
82	1	-1660.9988	1949.2251
82	2	-1616.7714	1930.444
82	3	-1653.631	1960.7878
82	4	-1678.1923	1953.5708
82	5	-1678.5914	1943.7604
82	6	-1636.0609	1941.4877
82	7	-1692.5636	1942.9237
82	8	-1626.7561	1962.3678
82	10	-1653.3228	1984.915
82	12	-1622.8153	1943.4846
82	13	-1634.4541	1979.4252
82	14	-1618.3202	1939.8556
82	15	-1668.4159	1941.6805
82	17	-1697.6587	1927.8341
82	18	-1625.6547	1987.0227
82	20	-1682.1263	1996.7692
82	21	-1687.3527	2002.1271
82	22	-1663.693	1966.822
82	23	-1607.1512	2002.3557
82	24	-1691.92	1911.5592
82	26	-1634.9918	1938.4773
82	27	-1623.792	1996.5001
82	28	-1615.4752	1939.8431
82	29	-1631.3483	1937.6997
83	1	-1660.8286	1949.3821
83	2	-1615.822	1929.7043
83	3	-1653.7379	1961.2489
83	4	-1678.1923	1953.5708
83	5	-1678.5914	1943.7604
83	6	-1636.0609	1941.4877
83	7	-1692.5636	1942.9237
83	8	-1626.7561	1962.3678
83	10	-1653.3228	1984.915
83	12	-1622.8153	1943.4846
83	13	-1634.4541	1979.4252
83	14	-1618.3202	1939.8556
83	15	-1668.2404	1941.82
83	17	-1697.6587	1927.8341
83	18	-1625.6547	1987.0227
83	20	-1682.1263	1996.7692
83	21	-1687.3527	2002.1271
83	22	-1663.5718	1966.7307
83	23	-1607.1512	2002.3557
83	24	-1691.92	1911.5592
83	26	-1634.9089	1938.4211
83	27	-1623.792	1996.5001
83	29	-1631.3483	1937.6997
84	1	-1660.67	1949.5295
84	2	-1614.8828	1928.9622
84	3	-1653.8713	1961.7124
84	4	-1678.1923	1953.5708
84	5	-1678.5914	1943.7604
84	6	-1636.0609	1941.4877
84	7	-1692.5636	1942.9237
84	8	-1626.7561	1962.3678
84	10	-1653.3228	1984.915
84	12	-1622.8153	1943.4846
84	13	-1634.4541	1979.4252
84	14	-1618.3202	1939.8556
84	15	-1668.0673	1941.9441
84	17	-1697.6587	1927.8341
84	20	-1682.1263	1996.7692
84	21	-1687.3527	2002.1271
84	22	-1663.4855	1966.6543
84	23	-1607.1512	2002.3557
84	24	-1691.92	1911.5592
84	26	-1634.8077	1938.3633
84	27	-1623.792	1996.5001
84	28	-1615.3481	1939.6807
84	29	-1631.3483	1937.6997
85	1	-1660.5222	1949.6683
85	2	-1613.9567	1928.2253
85	3	-1654.0264	1962.1775
85	4	-1678.1923	1953.5708
85	5	-1678.5914	1943.7604
85	6	-1636.0609	1941.4877
85	7	-1692.5636	1942.9237
85	8	-1626.7561	1962.3678
85	10	-1653.3228	1984.915
85	12	-1622.8153	1943.4846
85	13	-1634.4541	1979.4252
85	14	-1618.3202	1939.8556
85	15	-1667.9065	1942.0704
85	17	-1697.6587	1927.8341
85	20	-1682.1263	1996.7692
85	21	-1687.3527	2002.1271
85	22	-1663.402	1966.5819
85	23	-1607.1512	2002.3557
85	24	-1691.92	1911.5592
85	26	-1634.7183	1938.321
85	27	-1623.792	1996.5001
85	28	-1615.255	1939.6403
85	29	-1631.3483	1937.6997
86	1	-1660.3947	1949.7891
86	2	-1613.0415	1927.5013
86	3	-1654.2139	1962.641
86	4	-1678.1923	1953.5708
86	5	-1678.5914	1943.7604
86	6	-1636.0609	1941.4877
86	7	-1692.5636	1942.9237
86	8	-1626.7561	1962.3678
86	10	-1653.3228	1984.915
86	12	-1622.8153	1943.4846
86	13	-1634.4541	1979.4252
86	14	-1618.3202	1939.8556
86	15	-1667.7351	1942.2085
86	17	-1697.6587	1927.8341
86	20	-1682.1263	1996.7692
86	21	-1687.3527	2002.1271
86	22	-1663.328	1966.5265
86	23	-1607.1512	2002.3557
86	24	-1691.92	1911.5592
86	26	-1634.615	1938.2527
86	27	-1623.792	1996.5001
86	28	-1615.1567	1939.5521
86	29	-1631.3483	1937.6997
87	1	-1660.2737	1949.902
87	2	-1612.1006	1926.7482
87	3	-1654.4225	1963.1023
87	4	-1678.1923	1953.5708
87	5	-1678.5914	1943.7604
87	6	-1636.0609	1941.4877
87	7	-1692.5636	1942.9237
87	8	-1626.7561	1962.3678
87	10	-1653.3228	1984.915
87	12	-1622.8153	1943.4846
87	13	-1634.4541	1979.4252
87	14	-1618.3202	1939.8556
87	15	-1667.5815	1942.3237
87	17	-1697.6587	1927.8341
87	18	-1625.6547	1987.0227
87	20	-1682.1263	1996.7692
87	21	-1687.3527	2002.1271
87	22	-1663.2583	1966.4669
87	23	-1607.1512	2002.3557
87	24	-1691.92	1911.5592
87	27	-1623.792	1996.5001
87	28	-1615.0507	1939.4735
87	29	-1631.3483	1937.6997
87	31	-1629.6897	1983.8752
88	1	-1660.1678	1950.0035
88	2	-1611.1432	1925.9634
88	3	-1654.6566	1963.5555
88	4	-1678.1923	1953.5708
88	5	-1678.5914	1943.7604
88	6	-1636.0609	1941.4877
88	7	-1692.5636	1942.9237
88	8	-1626.7561	1962.3678
88	10	-1653.3228	1984.915
88	12	-1622.8153	1943.4846
88	13	-1634.4541	1979.4252
88	14	-1618.3202	1939.8556
88	15	-1667.4105	1942.4612
88	17	-1697.6587	1927.8341
88	18	-1625.6547	1987.0227
88	20	-1682.1263	1996.7692
88	21	-1687.3527	2002.1271
88	22	-1663.2065	1966.4208
88	23	-1607.1512	2002.3557
88	24	-1691.92	1911.5592
88	27	-1623.792	1996.5001
88	28	-1614.9583	1939.4163
88	29	-1631.3483	1937.6997
88	31	-1629.6897	1983.8752
89	1	-1660.0822	1950.0867
89	2	-1610.1794	1925.1907
89	3	-1654.8951	1963.957
89	4	-1678.1923	1953.5708
89	5	-1678.5914	1943.7604
89	6	-1636.0609	1941.4877
89	7	-1692.5636	1942.9237
89	8	-1626.7561	1962.3678
89	10	-1653.3228	1984.915
89	12	-1622.8153	1943.4846
89	13	-1634.4541	1979.4252
89	14	-1618.3202	1939.8556
89	15	-1667.2388	1942.599
89	17	-1697.6587	1927.8341
89	18	-1625.6547	1987.0227
89	20	-1682.1263	1996.7692
89	21	-1687.3527	2002.1271
89	22	-1663.1371	1966.374
89	23	-1607.1512	2002.3557
89	24	-1691.92	1911.5592
89	27	-1623.792	1996.5001
89	28	-1614.8414	1939.3192
89	29	-1631.3483	1937.6997
89	31	-1629.6897	1983.8752
90	1	-1660.0017	1950.1661
90	2	-1609.2488	1924.4336
90	3	-1655.172	1964.4043
90	4	-1678.1923	1953.5708
90	5	-1678.5914	1943.7604
90	6	-1636.0609	1941.4877
90	7	-1692.5636	1942.9237
90	8	-1626.7561	1962.3678
90	10	-1653.3228	1984.915
90	12	-1622.8153	1943.4846
90	13	-1634.4541	1979.4252
90	14	-1618.3202	1939.8556
90	15	-1667.0618	1942.742
90	17	-1697.6587	1927.8341
90	18	-1625.6547	1987.0227
90	20	-1682.1263	1996.7692
90	21	-1687.3527	2002.1271
90	22	-1663.1014	1966.3414
90	23	-1607.1512	2002.3557
90	24	-1691.92	1911.5592
90	27	-1623.792	1996.5001
90	28	-1614.7418	1939.2368
90	29	-1631.3483	1937.6997
90	31	-1629.6897	1983.8752
