0	1	5365.1533	1222.9683
0	2	5403.0796	1233.9801
0	3	5377.7593	1227.9244
0	4	5353.882	1219.3607
0	5	5344.9478	1212.4309
0	6	5345.279	1226.623
0	7	5369.002	1219.0476
0	8	5334.965	1219.7095
0	9	5335.894	1226.582
0	10	5334.572	1222.8062
0	11	5334.9766	1212.0706
0	12	5317.9478	1199.243
0	13	5318.2	1222.8254
0	16	5361.623	1268.7362
0	17	5317.7827	1244.1758
0	18	5302.388	1214.5067
0	19	5298.1865	1228.5367
0	20	5302.0244	1248.2407
0	21	5365.5166	1164.4377
0	22	5298.623	1207.0454
0	23	5384.2246	1267.8573
0	24	5313.693	1252.1355
0	25	5422.7563	1219.1643
0	26	5397.579	1202.6265
0	27	5392.5493	1268.3468
0	28	5361.8784	1285.4082
0	29	5348.753	1152.2859
0	30	5385.238	1159.8564
0	31	5362.4043	1148.9437
0	34	5391.822	1159.8228
0	35	5298.9863	1183.3931
0	36	5317.4443	1269.2728
0	37	5350.22	1146.0164
0	39	5279.9243	1199.6299
0	40	5282.309	1227.3518
0	48	5314.0596	1224.6594
0	49	5350.5527	1264.1177
1	1	5364.3027	1222.9849
1	2	5403.009	1233.7794
1	3	5376.45	1228.1289
1	4	5353.532	1219.3602
1	5	5344.9478	1212.4309
1	6	5345.279	1226.623
1	7	5368.592	1219.0563
1	8	5334.965	1219.7095
1	9	5335.894	1226.582
1	10	5334.572	1222.8062
1	11	5334.9766	1212.0706
1	12	5317.944	1200.3993
1	13	5318.2134	1224.0891
1	16	5361.623	1268.7362
1	17	5317.789	1245.5767
1	18	5302.3994	1213.1508
1	20	5302.0186	1247.5085
1	21	5365.5166	1164.4377
1	22	5298.6157	1205.6978
1	23	5384.2246	1267.8573
1	24	5313.6865	1253.4801
1	25	5421.678	1219.1439
1	26	5398.892	1202.7094
1	27	5392.5493	1268.3468
1	28	5361.8784	1285.4082
1	29	5348.753	1152.2859
1	30	5385.238	1159.8564
1	31	5362.4043	1148.9437
1	34	5391.822	1159.8228
1	35	5298.9585	1181.8743
1	36	5317.4355	1270.7443
1	37	5350.22	1146.0164
1	38	5278.7188	1203.7262
1	39	5279.9873	1199.6445
1	40	5281.7534	1227.0808
1	48	5314.058	1226.1427
1	49	5350.5527	1264.1177
1	50	5295.443	1181.5172
2	1	5363.497	1222.976
2	2	5402.9365	1233.5435
2	3	5375.1514	1228.2954
2	4	5353.191	1219.3615
2	5	5344.9478	1212.4309
2	6	5345.279	1226.623
2	7	5368.0815	1219.0426
2	8	5334.965	1219.7095
2	9	5335.894	1226.582
2	10	5334.572	1222.8062
2	11	5334.9766	1212.0706
2	12	5317.925	1201.5137
2	13	5318.181	1225.4127
2	16	5361.623	1268.7362
2	17	5317.7285	1246.9307
2	18	5302.44	1211.8964
2	19	5298.22	1226.3997
2	20	5302.0483	1246.8057
2	21	5365.5166	1164.4377
2	22	5298.641	1204.4119
2	23	5384.2246	1267.8573
2	24	5313.659	1254.7396
2	25	5420.5728	1219.1299
2	26	5400.243	1202.8344
2	27	5392.5493	1268.3468
2	28	5361.8784	1285.4082
2	29	5348.753	1152.2859
2	30	5385.238	1159.8564
2	31	5362.4043	1148.9437
2	33	5295.3984	1183.3156
2	34	5391.822	1159.8228
2	35	5298.9946	1180.393
2	36	5317.4126	1272.4104
2	37	5350.22	1146.0164
2	38	5278.7188	1203.7262
2	39	5278.7812	1199.5665
2	40	5280.997	1227.0203
2	48	5313.9976	1227.1443
2	49	5350.5527	1264.1177
3	1	5362.688	1222.9747
3	2	5402.862	1233.2954
3	3	5373.8623	1228.4701
3	4	5352.8594	1219.3625
3	5	5344.9478	1212.4309
3	6	5345.279	1226.623
3	7	5367.6606	1219.0385
3	8	5334.965	1219.7095
3	9	5335.894	1226.582
3	10	5334.572	1222.8062
3	11	5334.9766	1212.0706
3	12	5317.932	1202.8248
3	13	5318.1772	1226.8124
3	15	5350.5244	1264.1996
3	16	5361.623	1268.7362
3	17	5317.7144	1248.3967
3	18	5302.4463	1210.4418
3	19	5298.217	1225.1217
3	20	5302.053	1246.027
3	21	5365.5166	1164.4377
3	22	5298.641	1202.9506
3	23	5384.2246	1267.8573
3	24	5313.6567	1256.1215
3	25	5419.5327	1219.1094
3	26	5401.556	1202.9216
3	27	5392.5493	1268.3468
3	28	5361.8784	1285.4082
3	29	5348.753	1152.2859
3	30	5385.238	1159.8564
3	31	5362.4043	1148.9437
3	33	5295.3975	1182.0829
3	34	5391.822	1159.8228
3	35	5299.006	1178.8181
3	36	5317.414	1273.8868
3	37	5350.22	1146.0164
3	38	5278.7188	1203.7262
3	39	5278.6167	1199.6558
3	40	5280.377	1226.8147
3	48	5313.9355	1228.2579
4	1	5361.9346	1222.9832
4	2	5402.771	1233.0907
4	3	5372.5776	1228.6554
4	4	5352.536	1219.3629
4	5	5344.9478	1212.4309
4	6	5345.279	1226.623
4	7	5367.2666	1219.0311
4	8	5334.965	1219.7095
4	9	5335.894	1226.582
4	10	5334.572	1222.8062
4	11	5334.9766	1212.0706
4	12	5317.955	1204.1085
4	13	5318.178	1228.2178
4	15	5350.5244	1264.1996
4	16	5361.623	1268.7362
4	17	5317.7017	1249.8474
4	18	5302.444	1209.0618
4	19	5298.2236	1223.9072
4	20	5302.07	1245.3364
4	21	5365.5166	1164.4377
4	22	5298.6426	1201.5491
4	23	5384.2246	1267.8573
4	24	5313.654	1257.532
4	25	5418.4688	1219.0868
4	26	5402.907	1202.993
4	27	5392.5493	1268.3468
4	28	5361.8784	1285.4082
4	29	5348.753	1152.2859
4	30	5385.238	1159.8564
4	31	5362.4043	1148.9437
4	32	5301.8	1276.5276
4	33	5295.3833	1180.8788
4	34	5391.822	1159.8228
4	35	5298.9956	1177.2557
4	36	5317.3916	1275.6111
4	37	5350.22	1146.0164
4	38	5278.7188	1203.7262
4	39	5278.7715	1199.6816
4	40	5279.78	1226.648
5	1	5361.196	1222.9884
5	2	5402.687	1232.8623
5	3	5371.3213	1228.8252
5	4	5352.22	1219.3644
5	5	5344.9478	1212.4309
5	6	5345.279	1226.623
5	7	5366.8525	1219.033
5	8	5334.965	1219.7095
5	9	5335.894	1226.582
5	10	5334.572	1222.8062
5	11	5334.9766	1212.0706
5	12	5317.962	1205.2527
5	13	5318.1743	1229.5826
5	15	5350.5244	1264.1996
5	16	5361.623	1268.7362
5	17	5317.689	1251.2942
5	18	5302.4453	1207.6788
5	19	5298.226	1222.671
5	20	5302.075	1244.5586
5	21	5365.5166	1164.4377
5	22	5298.643	1200.1757
5	23	5384.2246	1267.8573
5	24	5313.6514	1258.9178
5	25	5417.4863	1219.0731
5	26	5404.2573	1203.069
5	27	5392.5493	1268.3468
5	28	5361.8784	1285.4082
5	29	5348.753	1152.2859
5	30	5385.238	1159.8564
5	31	5362.4043	1148.9437
5	32	5301.819	1275.7288
5	33	5295.3657	1179.6744
5	34	5391.822	1159.8228
5	35	5299.003	1175.7441
5	36	5317.3716	1277.1536
5	37	5350.22	1146.0164
5	38	5278.7188	1203.7262
5	39	5278.6562	1199.7101
5	40	5279.1455	1226.5142
6	1	5360.4473	1222.998
6	2	5402.5786	1232.6508
6	3	5370.0254	1228.9907
6	4	5351.9126	1219.3643
6	5	5344.9478	1212.4309
6	6	5345.279	1226.623
6	7	5366.472	1219.0353
6	8	5334.965	1219.7095
6	9	5335.894	1226.582
6	10	5334.572	1222.8062
6	11	5334.9766	1212.0706
6	12	5317.9253	1206.5283
6	13	5318.1567	1230.8959
6	15	5350.5244	1264.1996
6	16	5361.623	1268.7362
6	17	5317.6704	1252.7555
6	18	5302.4385	1206.2205
6	19	5298.2256	1221.427
6	20	5302.06	1243.6367
6	21	5365.5166	1164.4377
6	22	5298.656	1198.6735
6	23	5384.2246	1267.8573
6	24	5313.6445	1260.2819
6	25	5416.4946	1219.0741
6	26	5405.613	1203.14
6	27	5392.5493	1268.3468
6	28	5361.8784	1285.4082
6	29	5348.753	1152.2859
6	30	5385.238	1159.8564
6	31	5362.4043	1148.9437
6	32	5301.831	1274.7911
6	33	5295.356	1178.4714
6	34	5391.822	1159.8228
6	35	5299.0054	1174.1836
6	36	5317.3506	1278.7109
6	37	5350.22	1146.0164
6	38	5278.7188	1203.7262
6	39	5278.7554	1199.7053
6	40	5278.495	1226.3866
7	1	5359.764	1223.0056
7	2	5402.4634	1232.3967
7	3	5368.748	1229.1508
7	4	5351.614	1219.3656
7	5	5344.9478	1212.4309
7	6	5345.279	1226.623
7	7	5366.068	1219.0417
7	8	5334.965	1219.7095
7	9	5335.894	1226.582
7	10	5334.572	1222.8062
7	11	5334.9766	1212.0706
7	12	5317.9375	1207.7705
7	13	5318.134	1232.2552
7	15	5350.5244	1264.1996
7	16	5361.623	1268.7362
7	17	5317.645	1254.2172
7	18	5302.4526	1204.7778
7	19	5298.222	1220.1418
7	20	5302.07	1242.7917
7	21	5365.5166	1164.4377
7	22	5298.6387	1197.2545
7	23	5384.2246	1267.8573
7	24	5313.647	1261.7513
7	25	5415.474	1219.0737
7	26	5406.9463	1203.2161
7	27	5392.5493	1268.3468
7	28	5361.8784	1285.4082
7	29	5348.753	1152.2859
7	30	5385.238	1159.8564
7	31	5362.4043	1148.9437
7	33	5295.343	1177.2324
7	34	5391.822	1159.8228
7	35	5299.0044	1172.5687
7	36	5317.349	1280.2435
7	37	5350.22	1146.0164
7	38	5278.7188	1203.7262
7	39	5279.053	1199.7615
7	40	5277.778	1226.2472
8	1	5359.034	1223.007
8	2	5402.3164	1232.1357
8	3	5367.451	1229.3103
8	4	5351.3228	1219.3667
8	5	5344.9478	1212.4309
8	6	5345.279	1226.623
8	7	5365.659	1219.0399
8	8	5334.965	1219.7095
8	9	5335.894	1226.582
8	10	5334.572	1222.8062
8	11	5334.9766	1212.0706
8	12	5317.9404	1209.0287
8	13	5318.137	1233.6267
8	15	5350.5244	1264.1996
8	16	5361.623	1268.7362
8	17	5317.646	1255.6937
8	19	5298.226	1218.8947
8	20	5302.0967	1241.9155
8	21	5365.5166	1164.4377
8	22	5298.6265	1195.7327
8	23	5384.2246	1267.8573
8	24	5313.6494	1263.1644
8	25	5414.4355	1219.0782
8	26	5408.298	1203.2732
8	27	5392.5493	1268.3468
8	28	5361.8784	1285.4082
8	29	5348.753	1152.2859
8	30	5385.238	1159.8564
8	31	5362.4043	1148.9437
8	33	5295.3438	1176.0253
8	34	5391.822	1159.8228
8	35	5299.0176	1170.9872
8	36	5317.337	1281.7131
8	37	5350.22	1146.0164
8	38	5278.7188	1203.7262
8	39	5278.995	1199.7621
8	40	5277.064	1226.1345
9	1	5358.364	1223.0109
9	2	5402.1675	1231.8859
9	3	5366.154	1229.4644
9	4	5351.0386	1219.368
9	5	5344.9478	1212.4309
9	6	5345.279	1226.623
9	7	5365.2617	1219.0461
9	8	5334.965	1219.7095
9	9	5335.894	1226.582
9	10	5334.572	1222.8062
9	11	5334.9766	1212.0706
9	12	5317.94	1210.306
9	13	5318.1187	1234.9979
9	15	5350.5244	1264.1996
9	16	5361.623	1268.7362
9	17	5317.6343	1257.1451
9	18	5302.4453	1201.9996
9	19	5298.224	1217.6182
9	21	5365.5166	1164.4377
9	22	5298.6426	1194.156
9	23	5384.2246	1267.8573
9	24	5313.6455	1264.6746
9	25	5413.4043	1219.0747
9	26	5409.682	1203.3254
9	27	5392.5493	1268.3468
9	28	5361.8784	1285.4082
9	29	5348.753	1152.2859
9	30	5385.238	1159.8564
9	31	5362.4043	1148.9437
9	32	5301.804	1272.6599
9	33	5295.335	1174.8197
9	34	5391.822	1159.8228
9	35	5299.0156	1169.4014
9	36	5317.3584	1283.1389
9	37	5350.22	1146.0164
9	38	5278.7188	1203.7262
9	39	5279.062	1199.7766
9	40	5276.3096	1226.0156
10	1	5357.697	1223.0099
10	2	5402.011	1231.6337
10	3	5364.8643	1229.6216
10	4	5350.7593	1219.3691
10	5	5344.9478	1212.4309
10	6	5345.279	1226.623
10	7	5364.886	1219.0477
10	8	5334.965	1219.7095
10	9	5335.894	1226.582
10	10	5334.572	1222.8062
10	11	5334.9766	1212.0706
10	12	5317.933	1211.5923
10	13	5318.114	1236.429
10	14	5314.13	1237.2922
10	15	5350.5244	1264.1996
10	16	5361.623	1268.7362
10	17	5317.6157	1258.6407
10	18	5302.436	1200.3796
10	19	5298.2207	1216.3
10	20	5302.0884	1240.1692
10	21	5365.5166	1164.4377
10	22	5298.6465	1192.7311
10	23	5384.2246	1267.8573
10	24	5313.6377	1266.1282
10	25	5412.383	1219.0658
10	26	5411.0254	1203.3895
10	27	5392.5493	1268.3468
10	28	5361.8784	1285.4082
10	29	5348.753	1152.2859
10	30	5385.238	1159.8564
10	31	5362.4043	1148.9437
10	32	5301.8135	1271.8527
10	33	5295.348	1173.5831
10	34	5391.822	1159.8228
10	35	5299.0264	1167.7777
10	36	5317.3965	1284.6707
10	37	5350.22	1146.0164
10	38	5278.7188	1203.7262
10	39	5279.055	1199.7751
10	40	5275.565	1225.9153
11	1	5357.039	1223.0107
11	2	5401.8184	1231.3685
11	3	5363.611	1229.7677
11	4	5350.487	1219.3702
11	5	5344.9478	1212.4309
11	6	5345.279	1226.623
11	7	5364.5225	1219.0513
11	8	5334.965	1219.7095
11	9	5335.894	1226.582
11	10	5334.572	1222.8062
11	11	5334.9766	1212.0706
11	12	5317.931	1212.8868
11	13	5318.1	1237.8628
11	14	5314.074	1238.5652
11	15	5350.5244	1264.1996
11	16	5361.623	1268.7362
11	17	5317.6016	1260.1526
11	18	5302.433	1198.9222
11	19	5298.212	1214.965
11	20	5302.1	1239.2638
11	21	5365.5166	1164.4377
11	22	5298.6323	1191.3228
11	23	5384.2246	1267.8573
11	24	5313.6367	1267.5638
11	25	5411.377	1219.0593
11	26	5412.408	1203.4579
11	27	5392.5493	1268.3468
11	28	5361.8784	1285.4082
11	29	5348.753	1152.2859
11	30	5385.238	1159.8564
11	31	5362.4043	1148.9437
11	32	5301.8066	1271.0276
11	33	5295.341	1172.3489
11	34	5391.822	1159.8228
11	35	5299.0366	1166.1542
11	36	5317.343	1286.0548
11	37	5350.22	1146.0164
11	38	5278.7188	1203.7262
11	39	5279.137	1199.7764
11	40	5274.825	1225.8408
12	1	5356.4395	1223.014
12	2	5401.614	1231.057
12	3	5362.338	1229.9095
12	4	5350.22	1219.3724
12	5	5344.9478	1212.4309
12	6	5345.279	1226.623
12	7	5364.1934	1219.0557
12	8	5334.965	1219.7095
12	9	5335.894	1226.582
12	10	5334.572	1222.8062
12	11	5334.9766	1212.0706
12	12	5317.9155	1214.1942
12	13	5318.0947	1239.3322
12	14	5314.051	1239.9241
12	15	5350.5244	1264.1996
12	16	5361.623	1268.7362
12	17	5317.5815	1261.684
12	18	5302.408	1197.409
12	19	5298.214	1213.6411
12	20	5302.11	1238.3937
12	21	5365.5166	1164.4377
12	22	5298.648	1189.7666
12	23	5384.2246	1267.8573
12	24	5313.624	1268.9882
12	25	5410.38	1219.0625
12	26	5413.801	1203.5083
12	27	5392.5493	1268.3468
12	28	5361.8784	1285.4082
12	29	5348.753	1152.2859
12	30	5385.238	1159.8564
12	31	5362.4043	1148.9437
12	32	5301.807	1270.2092
12	33	5295.3516	1171.132
12	34	5391.822	1159.8228
12	35	5299.0176	1164.5107
12	36	5317.3374	1287.7588
12	37	5350.22	1146.0164
12	38	5278.7188	1203.7262
12	39	5278.966	1199.765
12	40	5274.025	1225.814
13	1	5355.8213	1223.0219
13	2	5401.3857	1230.7367
13	3	5361.068	1230.041
13	4	5349.958	1219.3733
13	5	5344.9478	1212.4309
13	6	5345.279	1226.623
13	7	5363.8364	1219.0594
13	8	5334.965	1219.7095
13	9	5335.894	1226.582
13	10	5334.572	1222.8062
13	11	5334.9766	1212.0706
13	12	5317.9062	1215.4933
13	13	5318.0786	1240.673
13	14	5314.0093	1241.1653
13	15	5350.5244	1264.1996
13	16	5361.623	1268.7362
13	17	5317.572	1263.1827
13	18	5302.3677	1195.8477
13	20	5302.1226	1237.4668
13	21	5365.5166	1164.4377
13	22	5298.653	1188.2825
13	23	5384.2246	1267.8573
13	24	5313.6143	1270.46
13	25	5409.326	1219.061
13	26	5415.1597	1203.5537
13	27	5392.5493	1268.3468
13	28	5361.8784	1285.4082
13	29	5348.753	1152.2859
13	30	5385.238	1159.8564
13	31	5362.4043	1148.9437
13	32	5301.8047	1269.3553
13	33	5295.3643	1169.8651
13	34	5391.822	1159.8228
13	35	5299.0425	1162.8252
13	36	5317.2065	1289.28
13	37	5350.22	1146.0164
13	38	5278.7188	1203.7262
13	39	5278.8887	1199.7197
13	40	5273.183	1225.7144
14	1	5355.242	1223.0093
14	2	5401.142	1230.453
14	3	5359.8335	1230.1737
14	4	5349.701	1219.3756
14	5	5344.9478	1212.4309
14	6	5345.279	1226.623
14	7	5363.486	1219.0653
14	8	5334.965	1219.7095
14	9	5335.894	1226.582
14	10	5334.572	1222.8062
14	11	5334.9766	1212.0706
14	12	5317.9	1216.8158
14	13	5318.0483	1241.9966
14	14	5314.008	1242.648
14	15	5350.5244	1264.1996
14	16	5361.623	1268.7362
14	17	5317.564	1264.7035
14	18	5302.341	1194.2762
14	19	5298.2383	1210.9435
14	20	5302.134	1236.5442
14	21	5365.5166	1164.4377
14	22	5298.67	1186.7883
14	23	5384.2246	1267.8573
14	24	5313.5986	1271.9437
14	25	5408.3276	1219.0647
14	26	5416.557	1203.5975
14	27	5392.5493	1268.3468
14	28	5361.8784	1285.4082
14	29	5348.753	1152.2859
14	30	5385.238	1159.8564
14	31	5362.4043	1148.9437
14	32	5301.811	1268.495
14	33	5295.368	1168.6196
14	34	5391.822	1159.8228
14	37	5350.22	1146.0164
14	38	5278.7188	1203.7262
14	39	5278.8345	1199.7255
15	1	5354.642	1223.0142
15	2	5400.8647	1230.1449
15	3	5358.611	1230.2875
15	4	5349.4497	1219.3767
15	5	5344.9478	1212.4309
15	6	5345.279	1226.623
15	7	5363.1465	1219.0682
15	8	5334.965	1219.7095
15	9	5335.894	1226.582
15	10	5334.572	1222.8062
15	11	5334.9766	1212.0706
15	12	5317.888	1218.1611
15	13	5318.02	1243.4282
15	14	5313.981	1244.0277
15	15	5350.5244	1264.1996
15	16	5361.623	1268.7362
15	17	5317.5464	1266.2429
15	19	5298.2197	1209.5796
15	20	5302.1455	1235.6151
15	21	5365.5166	1164.4377
15	22	5298.671	1185.2985
15	23	5384.2246	1267.8573
15	24	5313.5796	1273.3779
15	25	5407.299	1219.0565
15	26	5417.9673	1203.6409
15	27	5392.5493	1268.3468
15	28	5361.8784	1285.4082
15	29	5348.753	1152.2859
15	30	5385.238	1159.8564
15	31	5362.4043	1148.9437
15	32	5301.8164	1267.645
15	33	5295.3706	1167.3694
15	34	5391.822	1159.8228
15	37	5350.22	1146.0164
15	38	5278.7188	1203.7262
15	39	5278.8447	1199.7274
16	1	5354.0566	1223.0135
16	2	5400.5845	1229.8348
16	3	5357.3843	1230.3894
16	4	5349.2046	1219.3783
16	5	5344.9478	1212.4309
16	6	5345.279	1226.623
16	7	5362.829	1219.0704
16	8	5334.965	1219.7095
16	9	5335.894	1226.582
16	10	5334.572	1222.8062
16	11	5334.9766	1212.0706
16	12	5317.8857	1219.5201
16	13	5318.014	1244.8774
16	14	5313.9624	1245.3845
16	15	5350.5244	1264.1996
16	16	5361.623	1268.7362
16	17	5317.5293	1267.7848
16	18	5302.3696	1191.269
16	19	5298.212	1208.2423
16	20	5302.161	1234.715
16	21	5365.5166	1164.4377
16	22	5298.6865	1183.7612
16	23	5384.2246	1267.8573
16	24	5313.5757	1274.833
16	25	5406.2812	1219.0632
16	26	5419.3447	1203.6921
16	27	5392.5493	1268.3468
16	28	5361.8784	1285.4082
16	29	5348.753	1152.2859
16	30	5385.238	1159.8564
16	31	5362.4043	1148.9437
16	32	5301.8306	1266.7196
16	33	5295.3525	1166.164
16	34	5391.822	1159.8228
16	37	5350.22	1146.0164
16	38	5278.7188	1203.7262
16	39	5278.8076	1199.7273
17	1	5353.5137	1223.0045
17	2	5400.2817	1229.5455
17	3	5356.176	1230.4897
17	4	5348.967	1219.3799
17	5	5344.9478	1212.4309
17	6	5345.279	1226.623
17	7	5362.4995	1219.0706
17	8	5334.965	1219.7095
17	9	5335.894	1226.582
17	10	5334.572	1222.8062
17	11	5334.9766	1212.0706
17	12	5317.8823	1220.864
17	13	5317.9985	1246.3016
17	14	5313.9395	1246.8049
17	15	5350.5244	1264.1996
17	16	5361.623	1268.7362
17	17	5317.5244	1269.3103
17	18	5302.3955	1189.7648
17	19	5298.2134	1206.8289
17	20	5302.1616	1233.7627
17	21	5365.5166	1164.4377
17	22	5298.672	1182.1841
17	23	5384.2246	1267.8573
17	24	5313.5596	1276.2457
17	25	5405.264	1219.0599
17	26	5420.734	1203.7332
17	27	5392.5493	1268.3468
17	28	5361.8784	1285.4082
17	29	5348.753	1152.2859
17	30	5385.238	1159.8564
17	31	5362.4043	1148.9437
17	32	5301.8247	1265.8888
17	33	5295.338	1164.8701
17	34	5391.822	1159.8228
17	37	5350.22	1146.0164
17	38	5278.7188	1203.7262
17	39	5278.9077	1199.734
18	1	5352.983	1222.9977
18	2	5399.9434	1229.2228
18	3	5354.996	1230.5851
18	4	5348.736	1219.3812
18	5	5344.9478	1212.4309
18	6	5345.279	1226.623
18	7	5362.1914	1219.0759
18	8	5334.965	1219.7095
18	9	5335.894	1226.582
18	10	5334.572	1222.8062
18	11	5334.9766	1212.0706
18	12	5317.8745	1222.2357
18	13	5317.9785	1247.7725
18	14	5313.95	1248.1915
18	15	5350.5244	1264.1996
18	16	5361.623	1268.7362
18	17	5317.4985	1270.8671
18	18	5302.4	1188.1697
18	19	5298.2114	1205.4254
18	20	5302.1714	1232.8208
18	21	5365.5166	1164.4377
18	22	5298.665	1180.6025
18	23	5384.2246	1267.8573
18	24	5313.5625	1277.6792
18	25	5404.3164	1219.0532
18	26	5422.181	1203.7526
18	27	5392.5493	1268.3468
18	28	5361.8784	1285.4082
18	29	5348.753	1152.2859
18	30	5385.238	1159.8564
18	31	5362.4043	1148.9437
18	32	5301.8184	1265.0825
18	34	5391.822	1159.8228
18	37	5350.22	1146.0164
18	38	5278.7188	1203.7262
18	39	5278.801	1199.7354
19	1	5352.4424	1222.995
19	2	5399.5967	1228.9093
19	3	5353.818	1230.6804
19	4	5348.514	1219.383
19	5	5344.9478	1212.4309
19	6	5345.279	1226.623
19	7	5361.8906	1219.088
19	8	5334.965	1219.7095
19	9	5335.894	1226.582
19	10	5334.572	1222.8062
19	11	5334.9766	1212.0706
19	12	5317.8647	1223.6055
19	13	5317.962	1249.2134
19	14	5313.9556	1249.5875
19	15	5350.5244	1264.1996
19	16	5361.623	1268.7362
19	17	5317.4976	1272.4207
19	18	5302.415	1186.5974
19	19	5298.2197	1203.9957
19	20	5302.1743	1231.81
19	21	5365.5166	1164.4377
19	22	5298.6846	1179.0304
19	23	5384.2246	1267.8573
19	24	5313.5483	1279.1729
19	25	5403.373	1219.0485
19	26	5423.5386	1203.7786
19	27	5392.5493	1268.3468
19	28	5361.8784	1285.4082
19	29	5348.753	1152.2859
19	30	5385.238	1159.8564
19	31	5362.4043	1148.9437
19	34	5391.822	1159.8228
19	37	5350.22	1146.0164
19	38	5278.7188	1203.7262
19	39	5278.8184	1199.7362
20	1	5351.928	1222.9908
20	2	5399.2056	1228.5798
20	3	5352.6797	1230.763
20	4	5348.3022	1219.3845
20	5	5344.9478	1212.4309
20	6	5345.279	1226.623
20	7	5361.613	1219.0854
20	8	5334.965	1219.7095
20	9	5335.894	1226.582
20	10	5334.572	1222.8062
20	11	5334.9766	1212.0706
20	12	5317.8423	1225.0272
20	13	5317.952	1250.675
20	14	5313.9214	1250.9755
20	15	5350.5244	1264.1996
20	16	5361.623	1268.7362
20	17	5317.5054	1273.9882
20	18	5302.406	1185.0852
20	19	5298.2227	1202.5608
20	20	5302.182	1230.745
20	21	5365.5166	1164.4377
20	22	5298.6963	1177.4261
20	23	5384.2246	1267.8573
20	24	5313.536	1280.5548
20	25	5402.4233	1219.0294
20	27	5392.5493	1268.3468
20	28	5361.8784	1285.4082
20	29	5348.753	1152.2859
20	30	5385.238	1159.8564
20	31	5362.4043	1148.9437
20	34	5391.822	1159.8228
20	37	5350.22	1146.0164
20	38	5278.7188	1203.7262
20	39	5279.374	1199.7456
21	1	5351.4165	1222.9884
21	2	5398.8164	1228.2682
21	3	5351.5737	1230.8373
21	4	5348.1	1219.3859
21	5	5344.9478	1212.4309
21	6	5345.279	1226.623
21	7	5361.309	1219.0844
21	8	5334.965	1219.7095
21	9	5335.894	1226.582
21	10	5334.572	1222.8062
21	11	5334.9766	1212.0706
21	12	5317.843	1226.4364
21	13	5317.944	1252.1609
21	14	5313.9263	1252.3922
21	15	5350.5244	1264.1996
21	16	5361.623	1268.7362
21	17	5317.494	1275.6069
21	18	5302.4277	1183.5203
21	19	5298.235	1201.0594
21	20	5302.202	1229.6403
21	21	5365.5166	1164.4377
21	22	5298.6934	1175.8181
21	23	5384.2246	1267.8573
21	24	5313.51	1282.0369
21	25	5401.3843	1219.0293
21	27	5392.5493	1268.3468
21	28	5361.8784	1285.4082
21	29	5348.753	1152.2859
21	30	5385.238	1159.8564
21	31	5362.4043	1148.9437
21	32	5301.814	1262.2855
21	34	5391.822	1159.8228
21	37	5350.22	1146.0164
21	38	5278.7188	1203.7262
21	39	5278.738	1199.7487
22	1	5350.9404	1222.9893
22	2	5398.3916	1227.9515
22	3	5350.4917	1230.9059
22	4	5347.907	1219.3876
22	5	5344.9478	1212.4309
22	6	5345.279	1226.623
22	7	5361.019	1219.0864
22	8	5334.965	1219.7095
22	9	5335.894	1226.582
22	10	5334.572	1222.8062
22	11	5334.9766	1212.0706
22	12	5317.8267	1227.8585
22	13	5317.938	1253.6366
22	14	5313.8994	1253.8135
22	15	5350.5244	1264.1996
22	16	5361.623	1268.7362
22	17	5317.473	1277.1509
22	18	5302.4424	1181.9615
22	19	5298.23	1199.629
22	20	5302.1816	1228.6752
22	21	5365.5166	1164.4377
22	22	5298.6934	1174.2246
22	23	5384.2246	1267.8573
22	24	5313.496	1283.56
22	25	5400.386	1219.0493
22	27	5392.5493	1268.3468
22	28	5361.8784	1285.4082
22	29	5348.753	1152.2859
22	30	5385.238	1159.8564
22	31	5362.4043	1148.9437
22	32	5301.819	1261.4225
22	34	5391.822	1159.8228
22	37	5350.22	1146.0164
22	38	5278.7188	1203.7262
22	39	5278.5635	1199.7566
23	1	5350.497	1222.9938
23	2	5397.931	1227.6472
23	3	5349.422	1230.9783
23	4	5347.724	1219.389
23	5	5344.9478	1212.4309
23	6	5345.279	1226.623
23	7	5360.752	1219.0873
23	8	5334.965	1219.7095
23	9	5335.894	1226.582
23	10	5334.572	1222.8062
23	11	5334.9766	1212.0706
23	12	5317.797	1229.3353
23	13	5317.9175	1255.1318
23	14	5313.8706	1255.2432
23	15	5350.5244	1264.1996
23	16	5361.623	1268.7362
23	17	5317.462	1278.7745
23	18	5302.454	1180.3687
23	19	5298.228	1198.1438
23	20	5302.1704	1227.4688
23	21	5365.5166	1164.4377
23	22	5298.6943	1172.5796
23	23	5384.2246	1267.8573
23	24	5313.49	1285.0127
23	25	5399.4033	1219.0498
23	27	5392.5493	1268.3468
23	28	5361.8784	1285.4082
23	29	5348.753	1152.2859
23	30	5385.238	1159.8564
23	31	5362.4043	1148.9437
23	32	5301.8267	1260.4917
23	34	5391.822	1159.8228
23	37	5350.22	1146.0164
23	38	5278.7188	1203.7262
23	39	5278.61	1199.7498
24	1	5350.0527	1222.9855
24	2	5397.4595	1227.3397
24	3	5348.3794	1231.0515
24	4	5347.551	1219.3903
24	5	5344.9478	1212.4309
24	6	5345.279	1226.623
24	7	5360.498	1219.0886
24	8	5334.965	1219.7095
24	9	5335.894	1226.582
24	10	5334.572	1222.8062
24	11	5334.9766	1212.0706
24	12	5317.7764	1230.7119
24	13	5317.9097	1256.6294
24	14	5313.8486	1256.6915
24	15	5350.5244	1264.1996
24	16	5361.623	1268.7362
24	17	5317.4375	1280.3228
24	18	5302.456	1178.7308
24	19	5298.2363	1196.5762
24	20	5302.17	1226.3859
24	21	5365.5166	1164.4377
24	22	5298.704	1170.973
24	23	5384.2246	1267.8573
24	24	5313.509	1286.4966
24	25	5398.4	1219.0552
24	27	5392.5493	1268.3468
24	28	5361.8784	1285.4082
24	29	5348.753	1152.2859
24	30	5385.238	1159.8564
24	31	5362.4043	1148.9437
24	32	5301.827	1259.5933
24	34	5391.822	1159.8228
24	37	5350.22	1146.0164
24	38	5278.7188	1203.7262
24	39	5278.469	1199.7552
25	1	5349.609	1222.9738
25	2	5396.966	1227.0443
25	3	5347.3677	1231.1227
25	4	5347.386	1219.3916
25	5	5344.9478	1212.4309
25	6	5345.279	1226.623
25	7	5360.249	1219.0925
25	8	5334.965	1219.7095
25	9	5335.894	1226.582
25	10	5334.572	1222.8062
25	11	5334.9766	1212.0706
25	12	5317.768	1232.1239
25	13	5317.8936	1258.128
25	14	5313.8394	1258.1095
25	15	5350.5244	1264.1996
25	16	5361.623	1268.7362
25	17	5317.4	1281.9548
25	18	5302.4634	1177.1244
25	19	5298.218	1195.0524
25	20	5302.1733	1225.2817
25	21	5365.5166	1164.4377
25	22	5298.6978	1169.2844
25	23	5384.2246	1267.8573
25	24	5313.4873	1288.1046
25	25	5397.407	1219.051
25	27	5392.5493	1268.3468
25	28	5361.8784	1285.4082
25	29	5348.753	1152.2859
25	30	5385.238	1159.8564
25	31	5362.4043	1148.9437
25	32	5301.8335	1258.638
25	34	5391.822	1159.8228
25	37	5350.22	1146.0164
25	38	5278.7188	1203.7262
25	39	5278.331	1199.7628
26	1	5349.181	1222.9761
26	2	5396.4517	1226.7601
26	3	5346.409	1231.1525
26	4	5347.231	1219.3933
26	5	5344.9478	1212.4309
26	6	5345.279	1226.623
26	7	5359.9966	1219.0963
26	8	5334.965	1219.7095
26	9	5335.894	1226.582
26	10	5334.572	1222.8062
26	11	5334.9766	1212.0706
26	12	5317.752	1233.5248
26	13	5317.8755	1259.629
26	14	5313.834	1259.528
26	15	5350.5244	1264.1996
26	16	5361.623	1268.7362
26	17	5317.3926	1283.559
26	18	5302.439	1175.474
26	19	5298.216	1193.493
26	20	5302.1685	1224.1503
26	21	5365.5166	1164.4377
26	22	5298.701	1167.6222
26	23	5384.2246	1267.8573
26	25	5396.5215	1219.0579
26	27	5392.5493	1268.3468
26	28	5361.8784	1285.4082
26	29	5348.753	1152.2859
26	30	5385.238	1159.8564
26	31	5362.4043	1148.9437
26	32	5301.843	1257.7195
26	34	5391.822	1159.8228
26	37	5350.22	1146.0164
26	38	5278.7188	1203.7262
26	39	5278.2734	1199.7616
27	1	5348.7666	1222.9653
27	2	5395.905	1226.4924
27	3	5345.4575	1231.1903
27	4	5347.083	1219.394
27	5	5344.9478	1212.4309
27	6	5345.279	1226.623
27	7	5359.766	1219.0951
27	8	5334.965	1219.7095
27	9	5335.894	1226.582
27	10	5334.572	1222.8062
27	11	5334.9766	1212.0706
27	12	5317.74	1234.9854
27	13	5317.8633	1261.1226
27	14	5313.824	1261.0444
27	15	5350.5244	1264.1996
27	16	5361.623	1268.7362
27	17	5317.4023	1285.1295
27	18	5302.4746	1173.8611
27	19	5298.2314	1191.9006
27	20	5302.164	1223.0403
27	21	5365.5166	1164.4377
27	22	5298.718	1165.9509
27	23	5384.2246	1267.8573
27	25	5395.5483	1219.061
27	27	5392.5493	1268.3468
27	28	5361.8784	1285.4082
27	29	5348.753	1152.2859
27	30	5385.238	1159.8564
27	31	5362.4043	1148.9437
27	32	5301.8486	1256.7761
27	34	5391.822	1159.8228
27	37	5350.22	1146.0164
27	38	5278.7188	1203.7262
27	39	5278.189	1199.755
28	1	5348.4014	1222.9636
28	2	5395.344	1226.2538
28	3	5344.489	1231.2272
28	4	5346.944	1219.3958
28	5	5344.9478	1212.4309
28	6	5345.279	1226.623
28	7	5359.5103	1219.0994
28	8	5334.965	1219.7095
28	9	5335.894	1226.582
28	10	5334.572	1222.8062
28	11	5334.9766	1212.0706
28	12	5317.725	1236.44
28	13	5317.852	1262.6249
28	14	5313.813	1262.4844
28	15	5350.5244	1264.1996
28	16	5361.623	1268.7362
28	17	5317.3716	1286.8048
28	18	5302.469	1172.28
28	19	5298.2188	1190.3003
28	20	5302.1636	1221.9243
28	21	5365.5166	1164.4377
28	22	5298.7383	1164.2947
28	23	5384.2246	1267.8573
28	25	5394.6196	1219.0554
28	27	5392.5493	1268.3468
28	28	5361.8784	1285.4082
28	29	5348.753	1152.2859
28	30	5385.238	1159.8564
28	31	5362.4043	1148.9437
28	32	5301.8535	1255.8192
28	34	5391.822	1159.8228
28	37	5350.22	1146.0164
28	38	5278.7188	1203.7262
28	39	5278.2188	1199.7427
29	1	5348.0283	1222.9629
29	2	5394.7456	1226.023
29	3	5343.638	1231.2869
29	4	5346.812	1219.3969
29	5	5344.9478	1212.4309
29	6	5345.279	1226.623
29	7	5359.2944	1219.098
29	8	5334.965	1219.7095
29	9	5335.894	1226.582
29	10	5334.572	1222.8062
29	11	5334.9766	1212.0706
29	12	5317.7	1237.9055
29	13	5317.837	1264.156
29	14	5313.797	1263.9574
29	15	5350.5244	1264.1996
29	16	5361.623	1268.7362
29	18	5302.467	1170.6306
29	19	5298.219	1188.6826
29	20	5302.161	1220.785
29	21	5365.5166	1164.4377
29	22	5298.7427	1162.657
29	23	5384.2246	1267.8573
29	25	5393.728	1219.0503
29	27	5392.5493	1268.3468
29	28	5361.8784	1285.4082
29	29	5348.753	1152.2859
29	30	5385.238	1159.8564
29	31	5362.4043	1148.9437
29	32	5301.86	1254.8582
29	34	5391.822	1159.8228
29	37	5350.22	1146.0164
29	38	5278.7188	1203.7262
29	39	5278.2866	1199.7386
29	41	5301.999	1275.8624
29	42	5298.346	1277.6638
30	1	5347.6733	1222.957
30	2	5394.1426	1225.8002
30	3	5342.7534	1231.335
30	4	5346.686	1219.3984
30	5	5344.9478	1212.4309
30	6	5345.279	1226.623
30	7	5359.089	1219.1022
30	8	5334.965	1219.7095
30	9	5335.894	1226.582
30	10	5334.572	1222.8062
30	11	5334.9766	1212.0706
30	12	5317.68	1239.4166
30	13	5317.8164	1265.7292
30	14	5313.7837	1265.4032
30	15	5350.5244	1264.1996
30	16	5361.623	1268.7362
30	17	5317.48	1290.107
30	18	5302.472	1168.9606
30	19	5298.223	1187.0427
30	20	5302.169	1219.6307
30	21	5365.5166	1164.4377
30	22	5298.731	1160.8893
30	23	5384.2246	1267.8573
30	25	5392.832	1219.0345
30	27	5392.5493	1268.3468
30	28	5361.8784	1285.4082
30	29	5348.753	1152.2859
30	30	5385.238	1159.8564
30	31	5362.4043	1148.9437
30	32	5301.8716	1253.9149
30	34	5391.822	1159.8228
30	37	5350.22	1146.0164
30	38	5278.7188	1203.7262
30	39	5278.1953	1199.7393
30	41	5301.97	1275.0059
30	42	5298.4214	1275.9237
31	1	5347.3267	1222.9535
31	2	5393.5	1225.6061
31	3	5341.897	1231.3674
31	4	5346.5654	1219.3995
31	5	5344.9478	1212.4309
31	6	5345.279	1226.623
31	7	5358.89	1219.1033
31	8	5334.965	1219.7095
31	9	5335.894	1226.582
31	10	5334.572	1222.8062
31	11	5334.9766	1212.0706
31	12	5317.6533	1240.9083
31	13	5317.801	1267.2826
31	14	5313.7695	1266.817
31	15	5350.5244	1264.1996
31	16	5361.623	1268.7362
31	18	5302.4746	1167.2826
31	19	5298.201	1185.4384
31	20	5302.166	1218.463
31	21	5365.5166	1164.4377
31	23	5384.2246	1267.8573
31	25	5391.9653	1219.0283
31	27	5392.5493	1268.3468
31	28	5361.8784	1285.4082
31	29	5348.753	1152.2859
31	30	5385.238	1159.8564
31	31	5362.4043	1148.9437
31	32	5301.88	1252.9028
31	34	5391.822	1159.8228
31	37	5350.22	1146.0164
31	38	5278.7188	1203.7262
31	39	5278.2104	1199.7451
31	41	5301.963	1274.1727
31	42	5298.406	1274.2423
32	1	5347.008	1222.9479
32	2	5392.824	1225.4122
32	3	5341.1113	1231.4099
32	4	5346.45	1219.4006
32	5	5344.9478	1212.4309
32	6	5345.279	1226.623
32	7	5358.696	1219.1053
32	8	5334.965	1219.7095
32	9	5335.894	1226.582
32	10	5334.572	1222.8062
32	11	5334.9766	1212.0706
32	12	5317.6284	1242.397
32	13	5317.781	1268.8556
32	14	5313.7524	1268.3464
32	15	5350.5244	1264.1996
32	16	5361.623	1268.7362
32	18	5302.485	1165.6333
32	19	5298.1973	1183.821
32	20	5302.159	1217.2653
32	21	5365.5166	1164.4377
32	23	5384.2246	1267.8573
32	25	5391.125	1219.0397
32	27	5392.5493	1268.3468
32	28	5361.8784	1285.4082
32	29	5348.753	1152.2859
32	30	5385.238	1159.8564
32	31	5362.4043	1148.9437
32	32	5301.871	1251.933
32	34	5391.822	1159.8228
32	37	5350.22	1146.0164
32	38	5278.7188	1203.7262
32	39	5278.237	1199.7471
32	41	5301.967	1273.2924
32	42	5298.4	1272.4701
33	1	5346.704	1222.9432
33	2	5392.1313	1225.2396
33	3	5340.354	1231.4429
33	4	5346.3394	1219.4015
33	5	5344.9478	1212.4309
33	6	5345.279	1226.623
33	7	5358.4976	1219.1091
33	8	5334.965	1219.7095
33	9	5335.894	1226.582
33	10	5334.572	1222.8062
33	11	5334.9766	1212.0706
33	12	5317.6104	1243.9093
33	13	5317.78	1270.3695
33	14	5313.7393	1269.8818
33	15	5350.5244	1264.1996
33	16	5361.623	1268.7362
33	18	5302.48	1163.9597
33	19	5298.1997	1182.1786
33	20	5302.153	1216.07
33	21	5365.5166	1164.4377
33	23	5384.2246	1267.8573
33	25	5390.257	1219.0399
33	27	5392.5493	1268.3468
33	28	5361.8784	1285.4082
33	29	5348.753	1152.2859
33	30	5385.238	1159.8564
33	31	5362.4043	1148.9437
33	32	5301.8774	1250.9222
33	34	5391.822	1159.8228
33	37	5350.22	1146.0164
33	38	5278.7188	1203.7262
33	39	5278.2163	1199.7511
33	41	5301.98	1272.3815
33	42	5298.3945	1270.8322
34	1	5346.394	1222.945
34	2	5391.455	1225.0842
34	3	5339.638	1231.4756
34	4	5346.233	1219.4031
34	5	5344.9478	1212.4309
34	6	5345.279	1226.623
34	7	5358.3086	1219.1085
34	8	5334.965	1219.7095
34	9	5335.894	1226.582
34	10	5334.572	1222.8062
34	11	5334.9766	1212.0706
34	12	5317.592	1245.3995
34	13	5317.7837	1271.9382
34	14	5313.7246	1271.4456
34	15	5350.5244	1264.1996
34	16	5361.623	1268.7362
34	18	5302.496	1162.2766
34	19	5298.2104	1180.5271
34	20	5302.155	1214.8585
34	21	5365.5166	1164.4377
34	23	5384.2246	1267.8573
34	25	5389.4126	1219.0303
34	27	5392.5493	1268.3468
34	29	5348.753	1152.2859
34	30	5385.238	1159.8564
34	31	5362.4043	1148.9437
34	32	5301.889	1249.9242
34	34	5391.822	1159.8228
34	37	5350.22	1146.0164
34	38	5278.7188	1203.7262
34	39	5278.273	1199.7458
34	41	5301.9785	1271.5294
34	42	5298.402	1269.1051
35	1	5346.1274	1222.9413
35	2	5390.7524	1224.9448
35	3	5338.923	1231.5061
35	4	5346.133	1219.404
35	5	5344.9478	1212.4309
35	6	5345.279	1226.623
35	7	5358.1143	1219.1128
35	8	5334.965	1219.7095
35	9	5335.894	1226.582
35	10	5334.572	1222.8062
35	11	5334.9766	1212.0706
35	12	5317.563	1246.9012
35	13	5317.7637	1273.4988
35	14	5313.7295	1272.9882
35	15	5350.5244	1264.1996
35	16	5361.623	1268.7362
35	18	5302.494	1160.5916
35	19	5298.1973	1178.8787
35	20	5302.1514	1213.6577
35	21	5365.5166	1164.4377
35	23	5384.2246	1267.8573
35	25	5388.5605	1219.021
35	27	5392.5493	1268.3468
35	29	5348.753	1152.2859
35	30	5385.238	1159.8564
35	31	5362.4043	1148.9437
35	32	5301.892	1248.9445
35	34	5391.822	1159.8228
35	37	5350.22	1146.0164
35	38	5278.7188	1203.7262
35	39	5278.1235	1199.7539
35	41	5301.9995	1270.5425
35	42	5298.4497	1267.4496
36	1	5345.8545	1222.9337
36	2	5389.9863	1224.7996
36	3	5338.249	1231.5386
36	4	5346.038	1219.4052
36	5	5344.9478	1212.4309
36	6	5345.279	1226.623
36	7	5357.9624	1219.1189
36	8	5334.965	1219.7095
36	9	5335.894	1226.582
36	10	5334.572	1222.8062
36	11	5334.9766	1212.0706
36	12	5317.546	1248.4016
36	13	5317.753	1275.0979
36	14	5313.71	1274.4999
36	15	5350.5244	1264.1996
36	16	5361.623	1268.7362
36	18	5302.523	1158.883
36	19	5298.198	1177.1963
36	20	5302.1523	1212.4307
36	21	5365.5166	1164.4377
36	23	5384.2246	1267.8573
36	25	5387.713	1219.021
36	27	5392.5493	1268.3468
36	29	5348.753	1152.2859
36	30	5385.238	1159.8564
36	31	5362.4043	1148.9437
36	32	5301.904	1247.9471
36	34	5391.822	1159.8228
36	37	5350.22	1146.0164
36	38	5278.7188	1203.7262
36	39	5278.0938	1199.7521
36	41	5301.9893	1269.6204
37	1	5345.606	1222.9313
37	2	5389.247	1224.6743
37	3	5337.6187	1231.5629
37	4	5345.95	1219.4059
37	5	5344.9478	1212.4309
37	6	5345.279	1226.623
37	7	5357.8027	1219.1193
37	8	5334.965	1219.7095
37	9	5335.894	1226.582
37	10	5334.572	1222.8062
37	11	5334.9766	1212.0706
37	12	5317.5234	1249.9138
37	13	5317.7334	1276.7058
37	14	5313.6875	1275.9921
37	16	5361.623	1268.7362
37	18	5302.524	1157.1182
37	19	5298.1953	1175.4865
37	20	5302.154	1211.2053
37	21	5365.5166	1164.4377
37	23	5384.2246	1267.8573
37	25	5386.8916	1219.0195
37	27	5392.5493	1268.3468
37	29	5348.753	1152.2859
37	30	5385.238	1159.8564
37	31	5362.4043	1148.9437
37	32	5301.9136	1246.9427
37	34	5391.822	1159.8228
37	37	5350.22	1146.0164
37	38	5278.7188	1203.7262
37	39	5278.115	1199.7534
37	41	5302.0127	1268.7411
37	42	5298.437	1263.8032
38	1	5345.3574	1222.9299
38	2	5388.461	1224.5531
38	3	5337.004	1231.592
38	4	5345.8687	1219.4072
38	5	5344.9478	1212.4309
38	6	5345.279	1226.623
38	7	5357.6494	1219.121
38	8	5334.965	1219.7095
38	9	5335.894	1226.582
38	10	5334.572	1222.8062
38	11	5334.9766	1212.0706
38	12	5317.5044	1251.4684
38	13	5317.7188	1278.3024
38	14	5313.677	1277.4697
38	16	5361.623	1268.7362
38	19	5298.173	1173.7968
38	20	5302.138	1209.9485
38	21	5365.5166	1164.4377
38	23	5384.2246	1267.8573
38	25	5386.0674	1219.0134
38	27	5392.5493	1268.3468
38	29	5348.753	1152.2859
38	30	5385.238	1159.8564
38	31	5362.4043	1148.9437
38	32	5301.9214	1245.9296
38	34	5391.822	1159.8228
38	37	5350.22	1146.0164
38	38	5278.7188	1203.7262
38	39	5278.044	1199.749
38	41	5302.005	1267.8679
38	42	5298.3906	1262.0367
39	1	5345.1157	1222.9293
39	2	5387.666	1224.4338
39	3	5336.4214	1231.614
39	4	5345.794	1219.408
39	5	5344.9478	1212.4309
39	6	5345.279	1226.623
39	7	5357.489	1219.1217
39	8	5334.965	1219.7095
39	9	5335.894	1226.582
39	10	5334.572	1222.8062
39	11	5334.9766	1212.0706
39	12	5317.477	1252.9792
39	13	5317.7104	1279.8949
39	14	5313.674	1279.0157
39	16	5361.623	1268.7362
39	19	5298.188	1172.0868
39	20	5302.1396	1208.6892
39	21	5365.5166	1164.4377
39	23	5384.2246	1267.8573
39	25	5385.2876	1219.0065
39	27	5392.5493	1268.3468
39	29	5348.753	1152.2859
39	30	5385.238	1159.8564
39	31	5362.4043	1148.9437
39	32	5301.923	1244.9022
39	34	5391.822	1159.8228
39	37	5350.22	1146.0164
39	39	5278.041	1199.7456
39	41	5302.003	1266.9988
39	42	5298.3794	1260.1873
39	43	5321.6875	1148.2097
40	1	5344.8936	1222.9269
40	2	5386.864	1224.3362
40	3	5335.879	1231.6406
40	4	5345.727	1219.4087
40	5	5344.9478	1212.4309
40	6	5345.279	1226.623
40	7	5357.3296	1219.122
40	8	5334.965	1219.7095
40	9	5335.894	1226.582
40	10	5334.572	1222.8062
40	11	5334.9766	1212.0706
40	12	5317.4517	1254.5253
40	13	5317.7134	1281.5013
40	14	5313.66	1280.585
40	16	5361.623	1268.7362
40	19	5298.17	1170.3068
40	20	5302.138	1207.4194
40	21	5365.5166	1164.4377
40	23	5384.2246	1267.8573
40	25	5384.527	1218.9961
40	27	5392.5493	1268.3468
40	29	5348.753	1152.2859
40	30	5385.238	1159.8564
40	31	5362.4043	1148.9437
40	32	5301.932	1243.8676
40	34	5391.822	1159.8228
40	37	5350.22	1146.0164
40	38	5278.7188	1203.7262
40	39	5278.0127	1199.7457
40	41	5302.004	1266.0159
40	42	5298.376	1258.4194
40	43	5321.646	1150.0227
41	1	5344.6665	1222.9232
41	2	5386.065	1224.2444
41	3	5335.3237	1231.6661
41	4	5345.667	1219.409
41	5	5344.9478	1212.4309
41	6	5345.279	1226.623
41	7	5357.183	1219.1232
41	8	5334.965	1219.7095
41	9	5335.894	1226.582
41	10	5334.572	1222.8062
41	11	5334.9766	1212.0706
41	12	5317.425	1256.0831
41	13	5317.7065	1283.1204
41	14	5313.6523	1282.1414
41	16	5361.623	1268.7362
41	19	5298.185	1168.5686
41	20	5302.129	1206.1436
41	21	5365.5166	1164.4377
41	23	5384.2246	1267.8573
41	25	5383.7485	1218.9907
41	27	5392.5493	1268.3468
41	29	5348.753	1152.2859
41	30	5385.238	1159.8564
41	31	5362.4043	1148.9437
41	32	5301.944	1242.8463
41	34	5391.822	1159.8228
41	37	5350.22	1146.0164
41	38	5278.7188	1203.7262
41	39	5278.035	1199.7507
41	41	5302.0005	1265.0815
41	42	5298.368	1256.5878
41	43	5321.6763	1151.9805
42	1	5344.4775	1222.9159
42	2	5385.2593	1224.1561
42	3	5334.811	1231.6925
42	4	5345.614	1219.4097
42	5	5344.9478	1212.4309
42	6	5345.279	1226.623
42	7	5357.0557	1219.1244
42	8	5334.965	1219.7095
42	9	5335.894	1226.582
42	10	5334.572	1222.8062
42	11	5334.9766	1212.0706
42	12	5317.403	1257.6389
42	13	5317.7124	1284.8519
42	14	5313.6455	1283.7284
42	16	5361.623	1268.7362
42	19	5298.19	1166.8175
42	20	5302.1226	1204.8031
42	21	5365.5166	1164.4377
42	23	5384.2246	1267.8573
42	25	5383.001	1218.9926
42	27	5392.5493	1268.3468
42	29	5348.753	1152.2859
42	30	5385.238	1159.8564
42	31	5362.4043	1148.9437
42	32	5301.9473	1241.7948
42	34	5391.822	1159.8228
42	37	5350.22	1146.0164
42	38	5278.7188	1203.7262
42	39	5278.0005	1199.7603
42	41	5302.0005	1264.1185
42	42	5298.358	1254.8145
42	43	5321.676	1153.7245
43	1	5344.296	1222.9077
43	2	5384.421	1224.0747
43	3	5334.334	1231.7222
43	4	5345.567	1219.4094
43	5	5344.9478	1212.4309
43	6	5345.279	1226.623
43	7	5356.9326	1219.1248
43	8	5334.965	1219.7095
43	9	5335.894	1226.582
43	10	5334.572	1222.8062
43	11	5334.9766	1212.0706
43	12	5317.3853	1259.1993
43	13	5317.7656	1286.3248
43	14	5313.6206	1285.259
43	16	5361.623	1268.7362
43	19	5298.185	1165.0393
43	20	5302.124	1203.499
43	21	5365.5166	1164.4377
43	23	5384.2246	1267.8573
43	25	5382.292	1218.982
43	27	5392.5493	1268.3468
43	29	5348.753	1152.2859
43	30	5385.238	1159.8564
43	31	5362.4043	1148.9437
43	32	5301.954	1240.7322
43	34	5391.822	1159.8228
43	37	5350.22	1146.0164
43	38	5278.7188	1203.7262
43	39	5277.9844	1199.7562
43	41	5302.0024	1263.1788
43	42	5298.357	1252.9993
43	43	5321.6772	1155.568
44	1	5344.121	1222.905
44	2	5383.5527	1224.0079
44	3	5333.8984	1231.7467
44	4	5345.527	1219.4099
44	5	5344.9478	1212.4309
44	6	5345.279	1226.623
44	7	5356.8203	1219.1278
44	8	5334.965	1219.7095
44	9	5335.894	1226.582
44	10	5334.572	1222.8062
44	11	5334.9766	1212.0706
44	12	5317.367	1260.7891
44	13	5317.7153	1287.9293
44	14	5313.5996	1286.8855
44	16	5361.623	1268.7362
44	19	5298.205	1163.2671
44	20	5302.121	1202.1809
44	21	5365.5166	1164.4377
44	23	5384.2246	1267.8573
44	25	5381.5845	1218.9742
44	27	5392.5493	1268.3468
44	29	5348.753	1152.2859
44	30	5385.238	1159.8564
44	31	5362.4043	1148.9437
44	32	5301.959	1239.6992
44	34	5391.822	1159.8228
44	37	5350.22	1146.0164
44	38	5278.7188	1203.7262
44	39	5277.9756	1199.745
44	41	5302.0054	1262.2104
44	42	5298.359	1251.1208
44	43	5321.684	1157.4462
45	1	5343.975	1222.8953
45	2	5382.6846	1223.9343
45	3	5333.5093	1231.7622
45	4	5345.4927	1219.4104
45	5	5344.9478	1212.4309
45	6	5345.279	1226.623
45	7	5356.704	1219.1289
45	8	5334.965	1219.7095
45	9	5335.894	1226.582
45	10	5334.572	1222.8062
45	11	5334.9766	1212.0706
45	12	5317.347	1262.3577
45	14	5313.594	1288.513
45	16	5361.623	1268.7362
45	19	5298.1934	1161.5112
45	20	5302.1157	1200.8623
45	21	5365.5166	1164.4377
45	23	5384.2246	1267.8573
45	25	5380.9146	1218.9784
45	27	5392.5493	1268.3468
45	29	5348.753	1152.2859
45	30	5385.238	1159.8564
45	31	5362.4043	1148.9437
45	32	5301.973	1238.6289
45	34	5391.822	1159.8228
45	37	5350.22	1146.0164
45	38	5278.7188	1203.7262
45	39	5277.9233	1199.7444
45	41	5302.0093	1261.2461
45	42	5298.3726	1249.2452
45	43	5321.694	1159.2809
45	44	5294.995	1275.661
46	1	5343.8345	1222.893
46	2	5381.805	1223.8868
46	3	5333.1377	1231.7925
46	4	5345.4644	1219.4105
46	5	5344.9478	1212.4309
46	6	5345.279	1226.623
46	7	5356.5825	1219.1277
46	8	5334.965	1219.7095
46	9	5335.894	1226.582
46	10	5334.572	1222.8062
46	11	5334.9766	1212.0706
46	12	5317.3286	1263.9415
46	13	5317.5596	1291.1179
46	16	5361.623	1268.7362
46	19	5298.1855	1159.7516
46	20	5302.094	1199.5327
46	21	5365.5166	1164.4377
46	23	5384.2246	1267.8573
46	25	5380.2397	1218.981
46	27	5392.5493	1268.3468
46	29	5348.753	1152.2859
46	30	5385.238	1159.8564
46	31	5362.4043	1148.9437
46	32	5301.983	1237.5841
46	34	5391.822	1159.8228
46	37	5350.22	1146.0164
46	38	5278.7188	1203.7262
46	39	5277.9146	1199.7417
46	41	5302.005	1260.275
46	42	5298.376	1247.3864
46	43	5321.6807	1161.1388
46	44	5294.964	1274.099
47	1	5343.71	1222.8949
47	2	5380.895	1223.8115
47	3	5332.808	1231.7958
47	4	5345.4424	1219.4105
47	5	5344.9478	1212.4309
47	6	5345.279	1226.623
47	7	5356.4854	1219.1296
47	8	5334.965	1219.7095
47	9	5335.894	1226.582
47	10	5334.572	1222.8062
47	11	5334.9766	1212.0706
47	12	5317.313	1265.5378
47	16	5361.623	1268.7362
47	20	5302.095	1198.1724
47	21	5365.5166	1164.4377
47	23	5384.2246	1267.8573
47	25	5379.6143	1218.9863
47	27	5392.5493	1268.3468
47	29	5348.753	1152.2859
47	30	5385.238	1159.8564
47	31	5362.4043	1148.9437
47	32	5301.981	1236.5137
47	34	5391.822	1159.8228
47	37	5350.22	1146.0164
47	38	5278.7188	1203.7262
47	39	5277.9243	1199.7412
47	41	5302.0156	1259.2747
47	42	5298.386	1245.523
47	43	5321.686	1162.9725
47	44	5294.923	1272.5502
48	1	5343.5986	1222.8906
48	2	5379.9976	1223.7522
48	3	5332.4907	1231.8318
48	4	5345.4233	1219.4108
48	5	5344.9478	1212.4309
48	6	5345.279	1226.623
48	7	5356.3735	1219.131
48	8	5334.965	1219.7095
48	9	5335.894	1226.582
48	10	5334.572	1222.8062
48	11	5334.9766	1212.0706
48	12	5317.287	1267.1625
48	16	5361.623	1268.7362
48	20	5302.0986	1196.8047
48	21	5365.5166	1164.4377
48	23	5384.2246	1267.8573
48	25	5378.979	1218.9818
48	27	5392.5493	1268.3468
48	29	5348.753	1152.2859
48	30	5385.238	1159.8564
48	31	5362.4043	1148.9437
48	32	5301.986	1235.409
48	34	5391.822	1159.8228
48	37	5350.22	1146.0164
48	38	5278.7188	1203.7262
48	39	5277.9336	1199.7429
48	41	5302.02	1258.3047
48	42	5298.3755	1243.6191
48	43	5321.6772	1164.806
48	44	5294.919	1271.0492
48	45	5305.512	1283.6869
49	1	5343.4976	1222.8916
49	2	5379.1	1223.6891
49	3	5332.2144	1231.8701
49	4	5345.4097	1219.4111
49	5	5344.9478	1212.4309
49	6	5345.279	1226.623
49	7	5356.2803	1219.1342
49	8	5334.965	1219.7095
49	9	5335.894	1226.582
49	10	5334.572	1222.8062
49	11	5334.9766	1212.0706
49	12	5317.2695	1268.8004
49	16	5361.623	1268.7362
49	20	5302.0938	1195.4264
49	21	5365.5166	1164.4377
49	23	5384.2246	1267.8573
49	25	5378.381	1218.9727
49	27	5392.5493	1268.3468
49	29	5348.753	1152.2859
49	30	5385.238	1159.8564
49	31	5362.4043	1148.9437
49	32	5301.992	1234.3002
49	34	5391.822	1159.8228
49	37	5350.22	1146.0164
49	38	5278.7188	1203.7262
49	39	5277.964	1199.737
49	41	5302.0356	1257.289
49	42	5298.38	1241.7463
49	43	5321.683	1166.6942
49	44	5294.913	1269.5638
49	45	5305.495	1282.5051
50	1	5343.4126	1222.8932
50	2	5378.154	1223.6316
50	3	5331.941	1231.8936
50	4	5345.401	1219.4111
50	5	5344.9478	1212.4309
50	6	5345.279	1226.623
50	7	5356.1934	1219.1337
50	8	5334.965	1219.7095
50	9	5335.894	1226.582
50	10	5334.572	1222.8062
50	11	5334.9766	1212.0706
50	12	5317.2583	1270.3857
50	16	5361.623	1268.7362
50	20	5302.0884	1194.0183
50	21	5365.5166	1164.4377
50	23	5384.2246	1267.8573
50	25	5377.816	1218.9691
50	27	5392.5493	1268.3468
50	29	5348.753	1152.2859
50	30	5385.238	1159.8564
50	31	5362.4043	1148.9437
50	32	5301.9956	1233.2133
50	34	5391.822	1159.8228
50	37	5350.22	1146.0164
50	38	5278.7188	1203.7262
50	39	5277.9463	1199.7302
50	41	5302.036	1256.2687
50	42	5298.382	1239.9076
50	43	5321.679	1168.5789
50	44	5294.888	1268.0457
50	45	5305.4917	1281.3248
51	1	5343.341	1222.8887
51	2	5377.228	1223.5746
51	3	5331.729	1231.9395
51	4	5345.396	1219.4111
51	5	5344.9478	1212.4309
51	6	5345.279	1226.623
51	7	5356.126	1219.1355
51	8	5334.965	1219.7095
51	9	5335.894	1226.582
51	10	5334.572	1222.8062
51	11	5334.9766	1212.0706
51	12	5317.236	1272.0071
51	16	5361.623	1268.7362
51	20	5302.0825	1192.645
51	21	5365.5166	1164.4377
51	23	5384.2246	1267.8573
51	25	5377.2305	1218.9581
51	27	5392.5493	1268.3468
51	29	5348.753	1152.2859
51	30	5385.238	1159.8564
51	31	5362.4043	1148.9437
51	32	5302.0	1232.0945
51	34	5391.822	1159.8228
51	37	5350.22	1146.0164
51	38	5278.7188	1203.7262
51	39	5277.9614	1199.7268
51	41	5302.042	1255.2228
51	42	5298.3735	1238.0406
51	43	5321.669	1170.4396
51	44	5294.8936	1266.5867
51	45	5305.5	1280.2095
52	1	5343.2803	1222.8877
52	2	5376.3076	1223.5325
52	3	5331.514	1231.9747
52	4	5345.398	1219.4113
52	5	5344.9478	1212.4309
52	6	5345.279	1226.623
52	7	5356.0513	1219.1354
52	8	5334.965	1219.7095
52	9	5335.894	1226.582
52	10	5334.572	1222.8062
52	11	5334.9766	1212.0706
52	12	5317.2173	1273.6366
52	16	5361.623	1268.7362
52	20	5302.097	1191.2727
52	21	5365.5166	1164.4377
52	23	5384.2246	1267.8573
52	25	5376.6694	1218.9584
52	27	5392.5493	1268.3468
52	29	5348.753	1152.2859
52	30	5385.238	1159.8564
52	31	5362.4043	1148.9437
52	32	5302.005	1230.9852
52	34	5391.822	1159.8228
52	37	5350.22	1146.0164
52	38	5278.7188	1203.7262
52	39	5277.9624	1199.7264
52	41	5302.044	1254.1913
52	42	5298.3755	1236.2717
52	43	5321.6646	1172.2709
52	44	5294.904	1265.116
52	45	5305.517	1279.127
53	1	5343.228	1222.8873
53	2	5375.392	1223.4926
53	3	5331.297	1231.9877
53	4	5345.401	1219.4113
53	5	5344.9478	1212.4309
53	6	5345.279	1226.623
53	7	5355.9893	1219.137
53	8	5334.965	1219.7095
53	9	5335.894	1226.582
53	10	5334.572	1222.8062
53	11	5334.9766	1212.0706
53	12	5317.2065	1275.263
53	16	5361.623	1268.7362
53	20	5302.0884	1189.8225
53	21	5365.5166	1164.4377
53	23	5384.2246	1267.8573
53	25	5376.1245	1218.9592
53	27	5392.5493	1268.3468
53	29	5348.753	1152.2859
53	30	5385.238	1159.8564
53	31	5362.4043	1148.9437
53	32	5302.0083	1229.9009
53	34	5391.822	1159.8228
53	37	5350.22	1146.0164
53	38	5278.7188	1203.7262
53	39	5277.962	1199.7279
53	41	5302.06	1253.1655
53	42	5298.3833	1234.4153
53	43	5321.6616	1174.1141
53	44	5294.911	1263.6078
53	45	5305.5317	1278.0154
54	1	5343.1846	1222.8853
54	2	5374.4624	1223.4574
54	3	5331.0977	1231.9976
54	4	5345.4004	1219.4114
54	5	5344.9478	1212.4309
54	6	5345.279	1226.623
54	7	5355.9165	1219.1403
54	8	5334.965	1219.7095
54	9	5335.894	1226.582
54	10	5334.572	1222.8062
54	11	5334.9766	1212.0706
54	12	5317.1855	1276.9003
54	16	5361.623	1268.7362
54	20	5302.0835	1188.3367
54	21	5365.5166	1164.4377
54	23	5384.2246	1267.8573
54	25	5375.6025	1218.9515
54	27	5392.5493	1268.3468
54	29	5348.753	1152.2859
54	30	5385.238	1159.8564
54	31	5362.4043	1148.9437
54	32	5302.014	1228.7766
54	34	5391.822	1159.8228
54	37	5350.22	1146.0164
54	38	5278.7188	1203.7262
54	39	5277.9556	1199.7206
54	41	5302.0654	1252.116
54	42	5298.3813	1232.479
54	43	5321.6606	1176.0089
54	44	5294.917	1262.1028
54	45	5305.537	1276.9482
55	1	5343.158	1222.8828
55	2	5373.532	1223.4191
55	3	5330.9604	1232.0021
55	4	5345.399	1219.4109
55	5	5344.9478	1212.4309
55	6	5345.279	1226.623
55	7	5355.8657	1219.1403
55	8	5334.965	1219.7095
55	9	5335.894	1226.582
55	10	5334.572	1222.8062
55	11	5334.9766	1212.0706
55	12	5317.162	1278.5037
55	16	5361.623	1268.7362
55	20	5302.074	1186.8032
55	21	5365.5166	1164.4377
55	23	5384.2246	1267.8573
55	25	5375.071	1218.9572
55	27	5392.5493	1268.3468
55	29	5348.753	1152.2859
55	30	5385.238	1159.8564
55	31	5362.4043	1148.9437
55	32	5302.0093	1227.6514
55	34	5391.822	1159.8228
55	37	5350.22	1146.0164
55	38	5278.7188	1203.7262
55	39	5277.938	1199.7206
55	41	5302.0728	1251.0769
55	42	5298.36	1230.5651
55	43	5321.6543	1177.8833
55	44	5294.915	1260.5187
55	45	5305.545	1275.8433
56	1	5343.1343	1222.8842
56	2	5372.5933	1223.3927
56	3	5330.8325	1232.0157
56	4	5345.3984	1219.4109
56	5	5344.9478	1212.4309
56	6	5345.279	1226.623
56	7	5355.8164	1219.1414
56	8	5334.965	1219.7095
56	9	5335.894	1226.582
56	10	5334.572	1222.8062
56	11	5334.9766	1212.0706
56	12	5317.1562	1280.1061
56	16	5361.623	1268.7362
56	20	5302.089	1185.375
56	21	5365.5166	1164.4377
56	23	5384.2246	1267.8573
56	25	5374.579	1218.963
56	27	5392.5493	1268.3468
56	29	5348.753	1152.2859
56	30	5385.238	1159.8564
56	31	5362.4043	1148.9437
56	32	5302.0093	1226.5194
56	34	5391.822	1159.8228
56	37	5350.22	1146.0164
56	38	5278.7188	1203.7262
56	39	5277.9683	1199.7181
56	41	5302.08	1250.0105
56	42	5298.344	1228.6245
56	43	5321.6523	1179.7484
56	44	5294.923	1258.966
56	45	5305.5425	1274.7716
57	1	5343.1187	1222.8833
57	2	5371.6865	1223.3687
57	3	5330.7207	1232.002
57	4	5345.399	1219.4106
57	5	5344.9478	1212.4309
57	6	5345.279	1226.623
57	7	5355.7754	1219.1415
57	8	5334.965	1219.7095
57	9	5335.894	1226.582
57	10	5334.572	1222.8062
57	11	5334.9766	1212.0706
57	12	5317.116	1281.7401
57	16	5361.623	1268.7362
57	20	5302.0737	1183.8942
57	21	5365.5166	1164.4377
57	23	5384.2246	1267.8573
57	25	5374.1074	1218.9553
57	27	5392.5493	1268.3468
57	29	5348.753	1152.2859
57	30	5385.238	1159.8564
57	31	5362.4043	1148.9437
57	32	5302.018	1225.4064
57	34	5391.822	1159.8228
57	37	5350.22	1146.0164
57	38	5278.7188	1203.7262
57	39	5277.9917	1199.7207
57	41	5302.082	1248.9276
57	42	5298.3374	1226.6874
57	43	5321.645	1181.6211
57	44	5294.9243	1257.5134
57	45	5305.5513	1273.7115
58	1	5343.1045	1222.8812
58	2	5370.7817	1223.3513
58	3	5330.621	1232.0238
58	4	5345.3994	1219.4106
58	5	5344.9478	1212.4309
58	6	5345.279	1226.623
58	7	5355.733	1219.1366
58	8	5334.965	1219.7095
58	9	5335.894	1226.582
58	10	5334.572	1222.8062
58	11	5334.9766	1212.0706
58	12	5317.1074	1283.392
58	16	5361.623	1268.7362
58	20	5302.066	1182.3774
58	21	5365.5166	1164.4377
58	23	5384.2246	1267.8573
58	25	5373.6533	1218.9572
58	27	5392.5493	1268.3468
58	29	5348.753	1152.2859
58	30	5385.238	1159.8564
58	31	5362.4043	1148.9437
58	32	5302.016	1224.2324
58	34	5391.822	1159.8228
58	37	5350.22	1146.0164
58	38	5278.7188	1203.7262
58	39	5277.9985	1199.7172
58	41	5302.084	1247.8424
58	42	5298.332	1224.7546
58	43	5321.625	1183.481
58	44	5294.933	1255.9633
58	45	5305.557	1272.6696
59	1	5343.096	1222.8837
59	2	5369.883	1223.3368
59	3	5330.5728	1232.0338
59	4	5345.3994	1219.411
59	5	5344.9478	1212.4309
59	6	5345.279	1226.623
59	7	5355.697	1219.1389
59	8	5334.965	1219.7095
59	9	5335.894	1226.582
59	10	5334.572	1222.8062
59	11	5334.9766	1212.0706
59	12	5317.099	1285.0209
59	16	5361.623	1268.7362
59	20	5302.0825	1180.8691
59	21	5365.5166	1164.4377
59	23	5384.2246	1267.8573
59	25	5373.2153	1218.9613
59	27	5392.5493	1268.3468
59	29	5348.753	1152.2859
59	30	5385.238	1159.8564
59	31	5362.4043	1148.9437
59	32	5302.0205	1223.0858
59	34	5391.822	1159.8228
59	37	5350.22	1146.0164
59	38	5278.7188	1203.7262
59	39	5277.9814	1199.7083
59	41	5302.0874	1246.7346
59	42	5298.331	1222.8712
59	43	5321.612	1185.3674
59	44	5294.943	1254.2539
59	45	5305.5747	1271.693
60	1	5343.0947	1222.8809
60	2	5368.9854	1223.3196
60	3	5330.3296	1232.2594
60	4	5345.399	1219.411
60	5	5344.9478	1212.4309
60	6	5345.279	1226.623
60	7	5355.651	1219.1389
60	8	5334.965	1219.7095
60	9	5335.894	1226.582
60	10	5334.572	1222.8062
60	11	5334.9766	1212.0706
60	12	5317.0806	1286.6272
60	16	5361.623	1268.7362
60	20	5302.0786	1179.3324
60	21	5365.5166	1164.4377
60	23	5384.2246	1267.8573
60	25	5372.764	1218.9615
60	27	5392.5493	1268.3468
60	29	5348.753	1152.2859
60	30	5385.238	1159.8564
60	31	5362.4043	1148.9437
60	32	5302.024	1221.9199
60	34	5391.822	1159.8228
60	37	5350.22	1146.0164
60	38	5278.7188	1203.7262
60	39	5277.998	1199.7009
60	41	5302.102	1245.6748
60	42	5298.3643	1220.9595
60	43	5321.6074	1187.2593
60	44	5294.9385	1252.585
60	45	5305.5664	1270.7224
61	1	5343.093	1222.8834
61	2	5368.1006	1223.3109
61	4	5345.4	1219.4108
61	5	5344.9478	1212.4309
61	6	5345.279	1226.623
61	7	5355.633	1219.1409
61	8	5334.965	1219.7095
61	9	5335.894	1226.582
61	10	5334.572	1222.8062
61	11	5334.9766	1212.0706
61	12	5317.0903	1288.316
61	16	5361.623	1268.7362
61	20	5302.0776	1177.8276
61	21	5365.5166	1164.4377
61	23	5384.2246	1267.8573
61	25	5372.396	1218.9532
61	27	5392.5493	1268.3468
61	29	5348.753	1152.2859
61	30	5385.238	1159.8564
61	31	5362.4043	1148.9437
61	32	5302.0273	1220.7812
61	34	5391.822	1159.8228
61	37	5350.22	1146.0164
61	38	5278.7188	1203.7262
61	39	5277.995	1199.6987
61	41	5302.117	1244.5406
61	42	5298.3843	1219.1589
61	43	5321.601	1189.1158
61	44	5294.937	1250.998
61	45	5305.5747	1269.6454
62	1	5343.0913	1222.8817
62	2	5367.2217	1223.3057
62	4	5345.4	1219.411
62	5	5344.9478	1212.4309
62	6	5345.279	1226.623
62	7	5355.6147	1219.1409
62	8	5334.965	1219.7095
62	9	5335.894	1226.582
62	10	5334.572	1222.8062
62	11	5334.9766	1212.0706
62	12	5317.12	1289.9408
62	16	5361.623	1268.7362
62	20	5302.0806	1176.269
62	21	5365.5166	1164.4377
62	23	5384.2246	1267.8573
62	25	5371.996	1218.9525
62	27	5392.5493	1268.3468
62	29	5348.753	1152.2859
62	30	5385.238	1159.8564
62	31	5362.4043	1148.9437
62	32	5302.0273	1219.6108
62	34	5391.822	1159.8228
62	37	5350.22	1146.0164
62	38	5278.7188	1203.7262
62	39	5277.991	1199.7045
62	41	5302.123	1243.4276
62	42	5298.4043	1217.1707
62	43	5321.6045	1191.0186
62	44	5294.935	1249.3618
62	45	5305.5864	1268.7377
63	1	5343.084	1222.8853
63	2	5366.341	1223.2947
63	4	5345.4004	1219.4108
63	5	5344.9478	1212.4309
63	6	5345.279	1226.623
63	7	5355.594	1219.1385
63	8	5334.965	1219.7095
63	9	5335.894	1226.582
63	10	5334.572	1222.8062
63	11	5334.9766	1212.0706
63	16	5361.623	1268.7362
63	20	5302.0913	1174.7273
63	21	5365.5166	1164.4377
63	23	5384.2246	1267.8573
63	25	5371.6284	1218.9585
63	27	5392.5493	1268.3468
63	29	5348.753	1152.2859
63	30	5385.238	1159.8564
63	31	5362.4043	1148.9437
63	32	5302.0273	1218.4319
63	34	5391.822	1159.8228
63	37	5350.22	1146.0164
63	38	5278.7188	1203.7262
63	39	5278.007	1199.7035
63	41	5302.1206	1242.3372
63	42	5298.3896	1215.2988
63	43	5321.583	1192.8903
63	44	5294.937	1247.7006
63	45	5305.6094	1267.7843
64	1	5343.0835	1222.8827
64	2	5365.4976	1223.2869
64	4	5345.4004	1219.4106
64	5	5344.9478	1212.4309
64	6	5345.279	1226.623
64	7	5355.5815	1219.1405
64	8	5334.965	1219.7095
64	9	5335.894	1226.582
64	10	5334.572	1222.8062
64	11	5334.9766	1212.0706
64	16	5361.623	1268.7362
64	20	5302.1094	1173.1324
64	21	5365.5166	1164.4377
64	23	5384.2246	1267.8573
64	25	5371.294	1218.9579
64	27	5392.5493	1268.3468
64	29	5348.753	1152.2859
64	30	5385.238	1159.8564
64	31	5362.4043	1148.9437
64	32	5302.0254	1217.266
64	34	5391.822	1159.8228
64	37	5350.22	1146.0164
64	38	5278.7188	1203.7262
64	39	5278.012	1199.7037
64	41	5302.124	1241.1882
64	42	5298.3945	1213.3922
64	43	5321.559	1194.7589
64	44	5294.937	1245.9756
64	45	5305.6016	1266.8457
65	1	5343.076	1222.8839
65	2	5364.685	1223.2845
65	4	5345.4004	1219.4106
65	5	5344.9478	1212.4309
65	6	5345.279	1226.623
65	7	5355.568	1219.1418
65	8	5334.965	1219.7095
65	9	5335.894	1226.582
65	10	5334.572	1222.8062
65	11	5334.9766	1212.0706
65	16	5361.623	1268.7362
65	20	5302.126	1171.556
65	21	5365.5166	1164.4377
65	23	5384.2246	1267.8573
65	25	5370.9824	1218.9576
65	27	5392.5493	1268.3468
65	29	5348.753	1152.2859
65	30	5385.238	1159.8564
65	31	5362.4043	1148.9437
65	32	5302.023	1216.0746
65	34	5391.822	1159.8228
65	37	5350.22	1146.0164
65	38	5278.7188	1203.7262
65	39	5278.0244	1199.7045
65	41	5302.1255	1240.0767
65	42	5298.412	1211.4719
65	43	5321.5493	1196.5985
65	44	5294.959	1244.3801
65	45	5305.6143	1265.9849
66	1	5343.07	1222.887
66	2	5363.8975	1223.283
66	4	5345.4	1219.4109
66	5	5344.9478	1212.4309
66	6	5345.279	1226.623
66	7	5355.562	1219.1403
66	8	5334.965	1219.7095
66	9	5335.894	1226.582
66	10	5334.572	1222.8062
66	11	5334.9766	1212.0706
66	16	5361.623	1268.7362
66	20	5302.139	1169.9795
66	21	5365.5166	1164.4377
66	23	5384.2246	1267.8573
66	25	5370.699	1218.9606
66	27	5392.5493	1268.3468
66	29	5348.753	1152.2859
66	30	5385.238	1159.8564
66	31	5362.4043	1148.9437
66	32	5302.023	1214.8939
66	34	5391.822	1159.8228
66	37	5350.22	1146.0164
66	38	5278.7188	1203.7262
66	39	5278.0205	1199.6989
66	41	5302.1353	1238.8978
66	42	5298.425	1209.5858
66	43	5321.5283	1198.4193
66	44	5294.955	1242.7169
66	45	5305.6196	1265.0486
67	1	5343.0806	1222.8859
67	2	5363.1274	1223.2795
67	4	5345.4004	1219.411
67	5	5344.9478	1212.4309
67	6	5345.279	1226.623
67	7	5355.5566	1219.1434
67	8	5334.965	1219.7095
67	9	5335.894	1226.582
67	10	5334.572	1222.8062
67	11	5334.9766	1212.0706
67	16	5361.623	1268.7362
67	20	5302.1655	1168.3907
67	21	5365.5166	1164.4377
67	23	5384.2246	1267.8573
67	25	5370.3784	1218.9572
67	27	5392.5493	1268.3468
67	29	5348.753	1152.2859
67	30	5385.238	1159.8564
67	31	5362.4043	1148.9437
67	32	5302.027	1213.6907
67	34	5391.822	1159.8228
67	37	5350.22	1146.0164
67	39	5278.0195	1199.6954
67	41	5302.136	1237.7233
67	42	5298.4487	1207.6311
67	44	5294.963	1241.1006
67	45	5305.626	1264.2012
68	1	5343.08	1222.8872
68	2	5362.3984	1223.2777
68	4	5345.4004	1219.4109
68	5	5344.9478	1212.4309
68	6	5345.279	1226.623
68	7	5355.555	1219.143
68	8	5334.965	1219.7095
68	9	5335.894	1226.582
68	10	5334.572	1222.8062
68	11	5334.9766	1212.0706
68	16	5361.623	1268.7362
68	20	5302.1807	1166.7666
68	21	5365.5166	1164.4377
68	23	5384.2246	1267.8573
68	25	5370.014	1218.9541
68	27	5392.5493	1268.3468
68	29	5348.753	1152.2859
68	30	5385.238	1159.8564
68	31	5362.4043	1148.9437
68	32	5302.03	1212.5125
68	34	5391.822	1159.8228
68	37	5350.22	1146.0164
68	38	5278.7188	1203.7262
68	39	5278.014	1199.6914
68	41	5302.1377	1236.5767
68	42	5298.457	1205.7029
68	43	5321.518	1202.1936
68	44	5294.9727	1239.4186
68	45	5305.638	1263.3416
69	1	5343.072	1222.8868
69	2	5361.682	1223.2688
69	4	5345.4004	1219.4108
69	5	5344.9478	1212.4309
69	6	5345.279	1226.623
69	7	5355.5474	1219.1406
69	8	5334.965	1219.7095
69	9	5335.894	1226.582
69	10	5334.572	1222.8062
69	11	5334.9766	1212.0706
69	16	5361.623	1268.7362
69	20	5302.2227	1165.2091
69	21	5365.5166	1164.4377
69	23	5384.2246	1267.8573
69	25	5369.7505	1218.9525
69	27	5392.5493	1268.3468
69	29	5348.753	1152.2859
69	30	5385.238	1159.8564
69	31	5362.4043	1148.9437
69	32	5302.0264	1211.2875
69	34	5391.822	1159.8228
69	37	5350.22	1146.0164
69	38	5278.7188	1203.7262
69	39	5278.0054	1199.6947
69	41	5302.1357	1235.4032
69	42	5298.466	1203.7502
69	43	5321.5127	1204.2107
69	44	5294.993	1237.7174
69	45	5305.653	1262.5048
70	1	5343.0723	1222.8868
70	2	5361.0044	1223.2659
70	4	5345.4004	1219.411
70	5	5344.9478	1212.4309
70	6	5345.279	1226.623
70	7	5355.556	1219.1406
70	8	5334.965	1219.7095
70	9	5335.894	1226.582
70	10	5334.572	1222.8062
70	11	5334.9766	1212.0706
70	16	5361.623	1268.7362
70	20	5302.2217	1163.5543
70	21	5365.5166	1164.4377
70	23	5384.2246	1267.8573
70	25	5369.4526	1218.9585
70	27	5392.5493	1268.3468
70	29	5348.753	1152.2859
70	30	5385.238	1159.8564
70	31	5362.4043	1148.9437
70	32	5302.0312	1210.0923
70	34	5391.822	1159.8228
70	37	5350.22	1146.0164
70	38	5278.7188	1203.7262
70	39	5278.02	1199.6904
70	41	5302.131	1234.2388
70	42	5298.487	1201.8229
70	43	5321.507	1206.1796
70	44	5295.052	1235.8439
70	45	5305.666	1261.7239
71	1	5343.074	1222.8864
71	2	5360.355	1223.2559
71	4	5345.4004	1219.4109
71	5	5344.9478	1212.4309
71	6	5345.279	1226.623
71	7	5355.5605	1219.1426
71	8	5334.965	1219.7095
71	9	5335.894	1226.582
71	10	5334.572	1222.8062
71	11	5334.9766	1212.0706
71	16	5361.623	1268.7362
71	20	5302.2524	1161.9176
71	21	5365.5166	1164.4377
71	23	5384.2246	1267.8573
71	25	5369.2134	1218.9547
71	27	5392.5493	1268.3468
71	29	5348.753	1152.2859
71	30	5385.238	1159.8564
71	31	5362.4043	1148.9437
71	32	5302.027	1208.8625
71	34	5391.822	1159.8228
71	37	5350.22	1146.0164
71	38	5278.7188	1203.7262
71	39	5278.002	1199.6945
71	41	5302.132	1233.0231
71	42	5298.4873	1199.9102
71	43	5321.4863	1208.0859
71	44	5295.073	1234.1199
71	45	5305.67	1260.9161
72	1	5343.08	1222.8849
72	2	5359.7183	1223.2448
72	4	5345.4004	1219.4109
72	5	5344.9478	1212.4309
72	6	5345.279	1226.623
72	7	5355.56	1219.1392
72	8	5334.965	1219.7095
72	9	5335.894	1226.582
72	10	5334.572	1222.8062
72	11	5334.9766	1212.0706
72	16	5361.623	1268.7362
72	20	5302.268	1160.2759
72	21	5365.5166	1164.4377
72	23	5384.2246	1267.8573
72	25	5368.9956	1218.9607
72	27	5392.5493	1268.3468
72	29	5348.753	1152.2859
72	30	5385.238	1159.8564
72	31	5362.4043	1148.9437
72	32	5302.0317	1207.6204
72	34	5391.822	1159.8228
72	37	5350.22	1146.0164
72	38	5278.7188	1203.7262
72	39	5278.0137	1199.6925
72	41	5302.137	1231.8254
72	42	5298.501	1197.9148
72	43	5321.4707	1209.9927
72	44	5295.091	1232.4583
72	45	5305.6846	1260.1422
73	1	5343.0806	1222.8809
73	2	5359.1113	1223.2379
73	4	5345.4004	1219.411
73	5	5344.9478	1212.4309
73	6	5345.279	1226.623
73	7	5355.559	1219.1409
73	8	5334.965	1219.7095
73	9	5335.894	1226.582
73	10	5334.572	1222.8062
73	11	5334.9766	1212.0706
73	16	5361.623	1268.7362
73	20	5302.288	1158.7042
73	21	5365.5166	1164.4377
73	23	5384.2246	1267.8573
73	25	5368.7876	1218.9613
73	27	5392.5493	1268.3468
73	29	5348.753	1152.2859
73	30	5385.238	1159.8564
73	31	5362.4043	1148.9437
73	32	5302.034	1206.3552
73	34	5391.822	1159.8228
73	37	5350.22	1146.0164
73	38	5278.7188	1203.7262
73	39	5278.01	1199.6879
73	41	5302.1455	1230.6432
73	42	5298.5356	1195.978
73	43	5321.4614	1211.9283
73	44	5295.083	1230.8206
73	45	5305.6914	1259.3807
74	1	5343.086	1222.8833
74	2	5358.536	1223.2257
74	4	5345.4004	1219.4109
74	5	5344.9478	1212.4309
74	6	5345.279	1226.623
74	7	5355.554	1219.1417
74	8	5334.965	1219.7095
74	9	5335.894	1226.582
74	10	5334.572	1222.8062
74	11	5334.9766	1212.0706
74	16	5361.623	1268.7362
74	20	5302.2856	1157.0187
74	21	5365.5166	1164.4377
74	23	5384.2246	1267.8573
74	25	5368.634	1218.964
74	27	5392.5493	1268.3468
74	29	5348.753	1152.2859
74	30	5385.238	1159.8564
74	31	5362.4043	1148.9437
74	32	5302.0283	1205.1572
74	34	5391.822	1159.8228
74	37	5350.22	1146.0164
74	38	5278.7188	1203.7262
74	39	5278.0156	1199.691
74	41	5302.145	1229.4333
74	42	5298.549	1194.0464
74	43	5321.4585	1213.8389
74	44	5295.072	1229.2194
74	45	5305.6973	1258.6412
75	1	5343.09	1222.8853
75	2	5357.997	1223.2163
75	4	5345.4004	1219.411
75	5	5344.9478	1212.4309
75	6	5345.279	1226.623
75	7	5355.554	1219.1422
75	8	5334.965	1219.7095
75	9	5335.894	1226.582
75	10	5334.572	1222.8062
75	11	5334.9766	1212.0706
75	16	5361.623	1268.7362
75	21	5365.5166	1164.4377
75	23	5384.2246	1267.8573
75	25	5368.477	1218.9639
75	27	5392.5493	1268.3468
75	29	5348.753	1152.2859
75	30	5385.238	1159.8564
75	31	5362.4043	1148.9437
75	32	5302.027	1203.9042
75	34	5391.822	1159.8228
75	37	5350.22	1146.0164
75	38	5278.7188	1203.7262
75	39	5278.0205	1199.684
75	41	5302.14	1228.2272
75	42	5298.5493	1192.1031
75	43	5321.4546	1215.7512
75	44	5295.063	1227.6808
75	45	5305.717	1257.9264
76	1	5343.0884	1222.8832
76	2	5357.479	1223.2042
76	4	5345.401	1219.411
76	5	5344.9478	1212.4309
76	6	5345.279	1226.623
76	7	5355.5537	1219.1404
76	8	5334.965	1219.7095
76	9	5335.894	1226.582
76	10	5334.572	1222.8062
76	11	5334.9766	1212.0706
76	16	5361.623	1268.7362
76	21	5365.5166	1164.4377
76	23	5384.2246	1267.8573
76	25	5368.328	1218.9574
76	27	5392.5493	1268.3468
76	29	5348.753	1152.2859
76	30	5385.238	1159.8564
76	31	5362.4043	1148.9437
76	32	5302.019	1202.63
76	34	5391.822	1159.8228
76	37	5350.22	1146.0164
76	38	5278.7188	1203.7262
76	39	5278.0005	1199.6841
76	41	5302.14	1226.996
76	42	5298.562	1190.1146
76	43	5321.4453	1217.6593
76	44	5295.06	1226.0469
76	45	5305.719	1257.2555
76	46	5301.7715	1281.8911
77	1	5343.0806	1222.884
77	2	5356.9814	1223.194
77	4	5345.4004	1219.4109
77	5	5344.9478	1212.4309
77	6	5345.279	1226.623
77	7	5355.5513	1219.1406
77	8	5334.965	1219.7095
77	9	5335.894	1226.582
77	10	5334.572	1222.8062
77	11	5334.9766	1212.0706
77	16	5361.623	1268.7362
77	21	5365.5166	1164.4377
77	23	5384.2246	1267.8573
77	25	5368.192	1218.9604
77	27	5392.5493	1268.3468
77	29	5348.753	1152.2859
77	30	5385.238	1159.8564
77	31	5362.4043	1148.9437
77	32	5302.0205	1201.3706
77	34	5391.822	1159.8228
77	37	5350.22	1146.0164
77	38	5278.7188	1203.7262
77	39	5278.015	1199.689
77	41	5302.146	1225.7637
77	42	5298.579	1188.116
77	43	5321.43	1219.5706
77	44	5295.056	1224.4252
77	45	5305.729	1256.6017
77	46	5301.7544	1279.9142
78	1	5343.0757	1222.884
78	2	5356.5083	1223.1775
78	4	5345.4004	1219.4111
78	5	5344.9478	1212.4309
78	6	5345.279	1226.623
78	7	5355.5547	1219.1426
78	8	5334.965	1219.7095
78	9	5335.894	1226.582
78	10	5334.572	1222.8062
78	11	5334.9766	1212.0706
78	16	5361.623	1268.7362
78	21	5365.5166	1164.4377
78	23	5384.2246	1267.8573
78	25	5368.04	1218.9628
78	27	5392.5493	1268.3468
78	29	5348.753	1152.2859
78	30	5385.238	1159.8564
78	31	5362.4043	1148.9437
78	32	5302.0215	1200.0876
78	34	5391.822	1159.8228
78	37	5350.22	1146.0164
78	38	5278.7188	1203.7262
78	39	5278.008	1199.6918
78	41	5302.1484	1224.5336
78	42	5298.566	1186.0837
78	43	5321.422	1221.5149
78	44	5295.074	1222.8372
78	45	5305.7383	1255.9552
78	46	5301.744	1278.0988
79	1	5343.0786	1222.8859
79	2	5356.08	1223.1703
79	4	5345.4004	1219.4114
79	5	5344.9478	1212.4309
79	6	5345.279	1226.623
79	7	5355.55	1219.1376
79	8	5334.965	1219.7095
79	9	5335.894	1226.582
79	10	5334.572	1222.8062
79	11	5334.9766	1212.0706
79	16	5361.623	1268.7362
79	21	5365.5166	1164.4377
79	23	5384.2246	1267.8573
79	25	5367.893	1218.9623
79	27	5392.5493	1268.3468
79	29	5348.753	1152.2859
79	30	5385.238	1159.8564
79	31	5362.4043	1148.9437
79	32	5302.0234	1198.8264
79	34	5391.822	1159.8228
79	37	5350.22	1146.0164
79	38	5278.7188	1203.7262
79	39	5278.0283	1199.7012
79	41	5302.144	1223.2876
79	42	5298.5776	1184.0989
79	43	5321.397	1223.3967
79	44	5295.0615	1221.133
79	45	5305.7407	1255.3116
79	46	5301.7563	1276.2035
80	1	5343.0723	1222.887
80	2	5355.656	1223.1575
80	4	5345.401	1219.4115
80	5	5344.9478	1212.4309
80	6	5345.279	1226.623
80	7	5355.5522	1219.1427
80	8	5334.965	1219.7095
80	9	5335.894	1226.582
80	10	5334.572	1222.8062
80	11	5334.9766	1212.0706
80	16	5361.623	1268.7362
80	21	5365.5166	1164.4377
80	23	5384.2246	1267.8573
80	25	5367.7476	1218.9603
80	27	5392.5493	1268.3468
80	29	5348.753	1152.2859
80	30	5385.238	1159.8564
80	31	5362.4043	1148.9437
80	32	5302.014	1197.5228
80	34	5391.822	1159.8228
80	37	5350.22	1146.0164
80	38	5278.7188	1203.7262
80	39	5278.034	1199.6998
80	41	5302.139	1222.0613
80	42	5298.572	1182.1088
80	43	5321.387	1225.3708
80	44	5295.043	1219.4838
80	45	5305.749	1254.689
80	46	5301.7725	1274.2595
81	1	5343.0776	1222.8855
81	2	5355.273	1223.1552
81	4	5345.401	1219.4114
81	5	5344.9478	1212.4309
81	6	5345.279	1226.623
81	7	5355.555	1219.138
81	8	5334.965	1219.7095
81	9	5335.894	1226.582
81	10	5334.572	1222.8062
81	11	5334.9766	1212.0706
81	16	5361.623	1268.7362
81	21	5365.5166	1164.4377
81	23	5384.2246	1267.8573
81	25	5367.6274	1218.9663
81	27	5392.5493	1268.3468
81	29	5348.753	1152.2859
81	30	5385.238	1159.8564
81	31	5362.4043	1148.9437
81	32	5302.0137	1196.2153
81	34	5391.822	1159.8228
81	37	5350.22	1146.0164
81	38	5278.7188	1203.7262
81	39	5278.044	1199.7025
81	41	5302.1333	1220.8191
81	42	5298.5933	1180.1088
81	43	5321.353	1227.3057
81	44	5295.027	1217.8546
81	45	5305.749	1254.0961
81	46	5301.7812	1272.2634
82	1	5343.0767	1222.8871
82	2	5354.919	1223.1475
82	4	5345.401	1219.4111
82	5	5344.9478	1212.4309
82	6	5345.279	1226.623
82	7	5355.5547	1219.1409
82	8	5334.965	1219.7095
82	9	5335.894	1226.582
82	10	5334.572	1222.8062
82	11	5334.9766	1212.0706
82	16	5361.623	1268.7362
82	21	5365.5166	1164.4377
82	23	5384.2246	1267.8573
82	25	5367.5225	1218.963
82	27	5392.5493	1268.3468
82	29	5348.753	1152.2859
82	30	5385.238	1159.8564
82	31	5362.4043	1148.9437
82	32	5302.0044	1194.8696
82	34	5391.822	1159.8228
82	37	5350.22	1146.0164
82	38	5278.7188	1203.7262
82	39	5278.0366	1199.7019
82	41	5302.1216	1219.5823
82	42	5298.6064	1178.182
82	43	5321.328	1229.2802
82	44	5295.0117	1216.2731
82	45	5305.759	1253.4882
82	46	5301.8022	1270.3796
83	1	5343.0747	1222.8899
83	2	5354.5835	1223.148
83	4	5345.401	1219.411
83	5	5344.9478	1212.4309
83	6	5345.279	1226.623
83	7	5355.561	1219.1396
83	8	5334.965	1219.7095
83	9	5335.894	1226.582
83	10	5334.572	1222.8062
83	11	5334.9766	1212.0706
83	16	5361.623	1268.7362
83	21	5365.5166	1164.4377
83	23	5384.2246	1267.8573
83	25	5367.4214	1218.9663
83	27	5392.5493	1268.3468
83	29	5348.753	1152.2859
83	30	5385.238	1159.8564
83	31	5362.4043	1148.9437
83	32	5302.01	1193.5876
83	34	5391.822	1159.8228
83	37	5350.22	1146.0164
83	38	5278.7188	1203.7262
83	39	5278.0513	1199.705
83	41	5302.123	1218.3102
83	42	5298.638	1176.2018
83	43	5321.3228	1231.2736
83	44	5294.9976	1214.6766
83	45	5305.762	1252.9341
83	46	5301.803	1268.6289
84	1	5343.0776	1222.8854
84	2	5354.275	1223.1356
84	4	5345.401	1219.4111
84	5	5344.9478	1212.4309
84	6	5345.279	1226.623
84	7	5355.556	1219.1399
84	8	5334.965	1219.7095
84	9	5335.894	1226.582
84	10	5334.572	1222.8062
84	11	5334.9766	1212.0706
84	16	5361.623	1268.7362
84	21	5365.5166	1164.4377
84	23	5384.2246	1267.8573
84	25	5367.3135	1218.9675
84	27	5392.5493	1268.3468
84	29	5348.753	1152.2859
84	30	5385.238	1159.8564
84	31	5362.4043	1148.9437
84	32	5301.9966	1192.2213
84	34	5391.822	1159.8228
84	37	5350.22	1146.0164
84	38	5278.7188	1203.7262
84	39	5278.023	1199.7059
84	41	5302.118	1217.039
84	42	5298.6357	1174.2284
84	43	5321.304	1233.1752
84	44	5294.979	1213.1423
84	45	5305.7646	1252.3796
84	46	5301.7993	1266.7218
85	1	5343.0747	1222.8881
85	2	5353.989	1223.1329
85	4	5345.401	1219.4111
85	5	5344.9478	1212.4309
85	6	5345.279	1226.623
85	7	5355.55	1219.1389
85	8	5334.965	1219.7095
85	9	5335.894	1226.582
85	10	5334.572	1222.8062
85	11	5334.9766	1212.0706
85	16	5361.623	1268.7362
85	21	5365.5166	1164.4377
85	23	5384.2246	1267.8573
85	25	5367.2007	1218.9596
85	27	5392.5493	1268.3468
85	29	5348.753	1152.2859
85	30	5385.238	1159.8564
85	31	5362.4043	1148.9437
85	32	5301.9907	1190.8328
85	34	5391.822	1159.8228
85	37	5350.22	1146.0164
85	38	5278.7188	1203.7262
85	39	5278.027	1199.7007
85	41	5302.0967	1215.7365
85	42	5298.6597	1172.2252
85	43	5321.279	1235.135
85	44	5294.9717	1211.6454
85	45	5305.7686	1251.8744
85	46	5301.823	1264.7964
86	1	5343.081	1222.887
86	2	5353.7153	1223.1311
86	4	5345.401	1219.4111
86	5	5344.9478	1212.4309
86	6	5345.279	1226.623
86	7	5355.5522	1219.1396
86	8	5334.965	1219.7095
86	9	5335.894	1226.582
86	10	5334.572	1222.8062
86	11	5334.9766	1212.0706
86	16	5361.623	1268.7362
86	21	5365.5166	1164.4377
86	23	5384.2246	1267.8573
86	25	5367.1353	1218.9598
86	27	5392.5493	1268.3468
86	29	5348.753	1152.2859
86	30	5385.238	1159.8564
86	31	5362.4043	1148.9437
86	32	5302.013	1189.4951
86	34	5391.822	1159.8228
86	37	5350.22	1146.0164
86	38	5278.7188	1203.7262
86	39	5278.0117	1199.6963
86	41	5302.0874	1214.4475
86	42	5298.674	1170.2264
86	43	5321.261	1237.111
86	44	5294.9697	1210.0085
86	45	5305.775	1251.37
86	46	5301.8315	1262.9579
86	47	5328.3833	1232.7488
87	1	5343.0776	1222.8888
87	2	5353.4854	1223.1265
87	4	5345.401	1219.4113
87	5	5344.9478	1212.4309
87	6	5345.279	1226.623
87	7	5355.5483	1219.1394
87	8	5334.965	1219.7095
87	9	5335.894	1226.582
87	10	5334.572	1222.8062
87	11	5334.9766	1212.0706
87	16	5361.623	1268.7362
87	21	5365.5166	1164.4377
87	23	5384.2246	1267.8573
87	25	5367.073	1218.9578
87	27	5392.5493	1268.3468
87	29	5348.753	1152.2859
87	30	5385.238	1159.8564
87	31	5362.4043	1148.9437
87	32	5302.005	1188.108
87	34	5391.822	1159.8228
87	37	5350.22	1146.0164
87	39	5278.032	1199.6953
87	41	5302.0723	1213.161
87	42	5298.669	1168.1869
87	43	5321.2417	1239.1444
87	44	5294.9844	1208.3094
87	45	5305.7803	1250.8811
87	46	5301.8394	1261.0726
87	47	5327.6074	1232.8308
88	1	5343.074	1222.8878
88	2	5353.26	1223.1179
88	4	5345.4004	1219.4113
88	5	5344.9478	1212.4309
88	6	5345.279	1226.623
88	7	5355.552	1219.1381
88	8	5334.965	1219.7095
88	9	5335.894	1226.582
88	10	5334.572	1222.8062
88	11	5334.9766	1212.0706
88	16	5361.623	1268.7362
88	21	5365.5166	1164.4377
88	23	5384.2246	1267.8573
88	25	5367.0156	1218.9652
88	27	5392.5493	1268.3468
88	29	5348.753	1152.2859
88	30	5385.238	1159.8564
88	31	5362.4043	1148.9437
88	32	5302.0166	1186.7499
88	34	5391.822	1159.8228
88	37	5350.22	1146.0164
88	38	5278.7188	1203.7262
88	39	5278.0234	1199.6978
88	41	5302.0654	1211.8531
88	42	5298.6733	1166.1495
88	43	5321.225	1241.0869
88	44	5294.9897	1206.6943
88	45	5305.7915	1250.404
88	46	5301.8657	1259.3013
88	47	5327.508	1232.8542
89	1	5343.0786	1222.8904
89	2	5353.053	1223.113
89	4	5345.401	1219.4113
89	5	5344.9478	1212.4309
89	6	5345.279	1226.623
89	7	5355.5503	1219.1365
89	8	5334.965	1219.7095
89	9	5335.894	1226.582
89	10	5334.572	1222.8062
89	11	5334.9766	1212.0706
89	16	5361.623	1268.7362
89	21	5365.5166	1164.4377
89	23	5384.2246	1267.8573
89	25	5366.952	1218.9685
89	27	5392.5493	1268.3468
89	29	5348.753	1152.2859
89	30	5385.238	1159.8564
89	31	5362.4043	1148.9437
89	32	5302.0264	1185.4669
89	34	5391.822	1159.8228
89	37	5350.22	1146.0164
89	38	5278.7188	1203.7262
89	39	5278.015	1199.7046
89	41	5302.053	1210.5618
89	42	5298.667	1164.1132
89	43	5321.2124	1243.0277
89	44	5294.98	1205.0326
89	45	5305.797	1249.9589
89	46	5301.8896	1257.451
89	47	5327.0635	1232.9996
90	1	5343.074	1222.889
90	2	5352.8643	1223.106
90	4	5345.4004	1219.4113
90	5	5344.9478	1212.4309
90	6	5345.279	1226.623
90	7	5355.5444	1219.1388
90	8	5334.965	1219.7095
90	9	5335.894	1226.582
90	10	5334.572	1222.8062
90	11	5334.9766	1212.0706
90	16	5361.623	1268.7362
90	21	5365.5166	1164.4377
90	23	5384.2246	1267.8573
90	25	5366.923	1218.9666
90	27	5392.5493	1268.3468
90	29	5348.753	1152.2859
90	30	5385.238	1159.8564
90	31	5362.4043	1148.9437
90	32	5302.0225	1184.0425
90	34	5391.822	1159.8228
90	37	5350.22	1146.0164
90	39	5278.023	1199.6963
90	41	5302.04	1209.2401
90	42	5298.6577	1162.1018
90	43	5321.1904	1245.0148
90	44	5294.99	1203.4004
90	45	5305.7925	1249.5164
90	46	5301.91	1255.6957
90	47	5326.778	1233.114
