0	1	1094.6349	11048.084
0	2	1108.4906	11048.803
0	3	1100.8975	11052.353
0	4	999.6767	11041.677
0	5	1044.3955	11048.856
0	6	1060.9572	11037.875
0	7	1066.2861	11038.5625
0	8	1051.8696	11034.799
0	9	1074.53	11039.348
0	10	1057.5135	11028.384
0	12	1048.3551	11068.019
0	13	1033.0784	11035.966
0	14	1038.0558	11072.028
0	15	1053.087	11079.515
0	16	1083.744	11039.751
0	17	1027.5038	11068.566
0	18	1037.8209	11079.525
0	19	1024.9696	11035.28
0	20	1090.6974	11040.08
0	21	1036.853	11084.453
0	22	1021.01434	11067.933
0	23	1016.8813	11034.806
0	24	1014.27893	11061.66
0	25	1099.67	11041.301
0	26	1013.4252	11067.472
0	27	1010.7474	11034.336
0	28	1008.2632	11061.137
0	29	1107.3761	11041.736
0	30	1004.334	11066.538
0	31	1003.1502	11033.726
0	33	1035.5593	11105.39
0	34	997.79724	11066.405
0	35	994.1653	11033.01
0	36	991.9979	11059.416
0	37	1032.7592	11115.821
0	38	987.1201	11032.322
0	39	985.2412	11064.8125
0	40	1032.9117	11123.106
0	53	1033.6418	11119.914
0	58	1114.7821	11042.709
0	61	978.79083	11064.387
0	62	978.52423	11059.076
0	63	991.0943	11065.326
0	64	973.9697	11031.405
1	1	1095.5571	11048.146
1	2	1109.3544	11048.911
1	3	1102.2694	11052.477
1	4	1000.7077	11041.76
1	5	1045.547	11049.027
1	6	1060.9572	11037.875
1	7	1066.2861	11038.5625
1	8	1051.8777	11034.823
1	9	1074.53	11039.348
1	10	1057.5135	11028.384
1	12	1048.3906	11068.745
1	13	1033.0784	11035.966
1	14	1038.0558	11072.028
1	15	1053.087	11079.515
1	16	1083.744	11039.751
1	17	1027.5038	11068.566
1	18	1037.8209	11079.525
1	19	1024.9696	11035.28
1	20	1090.6974	11040.08
1	21	1036.853	11084.453
1	22	1021.01434	11067.933
1	23	1016.8813	11034.806
1	24	1014.27893	11061.66
1	25	1099.67	11041.301
1	26	1013.4252	11067.472
1	27	1010.7474	11034.336
1	28	1008.2632	11061.137
1	29	1107.3761	11041.736
1	30	1004.334	11066.538
1	31	1003.1502	11033.726
1	33	1035.5593	11105.39
1	34	997.79724	11066.405
1	35	994.1653	11033.01
1	36	992.01886	11059.406
1	37	1032.7592	11115.821
1	38	987.1201	11032.322
1	39	985.2412	11064.8125
1	40	1032.9117	11123.106
1	53	1033.6418	11119.914
1	58	1114.6836	11042.767
1	61	978.79083	11064.387
1	62	978.52423	11059.076
1	63	991.04987	11065.339
1	64	973.9525	11031.43
2	1	1096.408	11048.216
2	2	1110.2388	11049.007
2	3	1103.6534	11052.623
2	4	1002.1957	11041.844
2	5	1046.7015	11049.202
2	6	1060.9572	11037.875
2	7	1066.2861	11038.5625
2	8	1051.8871	11034.841
2	9	1074.53	11039.348
2	10	1057.5135	11028.384
2	11	1059.1567	11028.137
2	12	1048.4307	11069.49
2	13	1033.0784	11035.966
2	14	1038.0558	11072.028
2	15	1053.087	11079.515
2	16	1083.744	11039.751
2	17	1027.5038	11068.566
2	18	1037.8209	11079.525
2	19	1024.9696	11035.28
2	20	1090.6974	11040.08
2	21	1036.853	11084.453
2	22	1021.01434	11067.933
2	23	1016.8813	11034.806
2	24	1014.27893	11061.66
2	25	1099.67	11041.301
2	26	1013.4252	11067.472
2	27	1010.7474	11034.336
2	28	1008.2632	11061.137
2	29	1107.3761	11041.736
2	30	1004.334	11066.538
2	31	1003.1502	11033.726
2	33	1035.5593	11105.39
2	34	997.79724	11066.405
2	35	994.1653	11033.01
2	36	992.0379	11059.41
2	37	1032.7592	11115.821
2	38	987.1201	11032.322
2	39	985.2412	11064.8125
2	40	1032.9117	11123.106
2	53	1033.6418	11119.914
2	58	1114.575	11042.802
2	61	978.79083	11064.387
2	62	978.52423	11059.076
2	63	991.06616	11065.324
2	64	973.749	11031.389
3	1	1097.2645	11048.279
3	2	1111.1339	11049.098
3	3	1104.9506	11052.771
3	4	1003.6212	11041.908
3	5	1047.8602	11049.375
3	6	1060.9572	11037.875
3	7	1066.2861	11038.5625
3	8	1051.8901	11034.851
3	9	1074.53	11039.348
3	10	1057.5135	11028.384
3	11	1059.1353	11028.709
3	12	1048.4469	11070.177
3	13	1033.0784	11035.966
3	14	1038.0558	11072.028
3	15	1053.087	11079.515
3	16	1083.744	11039.751
3	17	1027.5038	11068.566
3	18	1037.8209	11079.525
3	19	1024.9696	11035.28
3	20	1090.6974	11040.08
3	21	1036.853	11084.453
3	22	1021.01434	11067.933
3	23	1016.8813	11034.806
3	24	1014.27893	11061.66
3	25	1099.67	11041.301
3	26	1013.4252	11067.472
3	27	1010.7474	11034.336
3	28	1008.2632	11061.137
3	29	1107.3761	11041.736
3	30	1004.334	11066.538
3	31	1003.1502	11033.726
3	33	1035.5593	11105.39
3	34	997.79724	11066.405
3	35	994.1653	11033.01
3	36	992.0469	11059.407
3	37	1032.7592	11115.821
3	38	987.1201	11032.322
3	39	985.2412	11064.8125
3	40	1032.9117	11123.106
3	53	1033.6418	11119.914
3	58	1114.4823	11042.823
3	61	978.79083	11064.387
3	62	978.52423	11059.076
3	63	991.04443	11065.326
3	64	973.7633	11031.419
4	1	1098.1029	11048.338
4	2	1112.0114	11049.196
4	3	1106.2852	11052.921
4	4	1005.02094	11041.998
4	5	1049.0206	11049.552
4	6	1060.9572	11037.875
4	7	1066.2861	11038.5625
4	8	1051.8932	11034.857
4	9	1074.53	11039.348
4	10	1057.5135	11028.384
4	11	1059.2738	11027.263
4	12	1048.4707	11070.8955
4	13	1033.0784	11035.966
4	14	1038.0558	11072.028
4	15	1053.087	11079.515
4	16	1083.744	11039.751
4	17	1027.5038	11068.566
4	18	1037.8209	11079.525
4	19	1024.9696	11035.28
4	20	1090.6974	11040.08
4	21	1036.853	11084.453
4	22	1021.01434	11067.933
4	23	1016.8813	11034.806
4	24	1014.27893	11061.66
4	25	1099.67	11041.301
4	26	1013.4252	11067.472
4	27	1010.7474	11034.336
4	28	1008.2632	11061.137
4	29	1107.3761	11041.736
4	30	1004.334	11066.538
4	31	1003.1502	11033.726
4	33	1035.5593	11105.39
4	34	997.79724	11066.405
4	35	994.1653	11033.01
4	36	992.0355	11059.403
4	37	1032.7592	11115.821
4	38	987.1201	11032.322
4	39	985.2412	11064.8125
4	40	1032.9117	11123.106
4	53	1033.6418	11119.914
4	58	1114.3801	11042.856
4	61	978.79083	11064.387
4	62	978.52423	11059.076
4	63	991.06995	11065.288
4	64	973.5445	11031.397
5	1	1098.9606	11048.409
5	2	1112.8873	11049.303
5	3	1107.5616	11053.058
5	4	1006.47015	11042.077
5	5	1050.1841	11049.734
5	6	1060.9572	11037.875
5	7	1066.2861	11038.5625
5	8	1051.8951	11034.866
5	9	1074.53	11039.348
5	10	1057.5135	11028.384
5	11	1059.166	11028.236
5	12	1048.4917	11071.668
5	13	1033.0784	11035.966
5	14	1038.0558	11072.028
5	15	1053.087	11079.515
5	16	1083.744	11039.751
5	17	1027.5038	11068.566
5	18	1037.8209	11079.525
5	19	1024.9696	11035.28
5	20	1090.6974	11040.08
5	21	1036.853	11084.453
5	22	1021.01434	11067.933
5	23	1016.8813	11034.806
5	24	1014.27893	11061.66
5	25	1099.67	11041.301
5	26	1013.4252	11067.472
5	27	1010.7474	11034.336
5	28	1008.2632	11061.137
5	29	1107.3761	11041.736
5	30	1004.334	11066.538
5	31	1003.1502	11033.726
5	33	1035.5593	11105.39
5	34	997.79724	11066.405
5	35	994.1653	11033.01
5	36	992.03455	11059.396
5	37	1032.7592	11115.821
5	38	987.1201	11032.322
5	39	985.2412	11064.8125
5	40	1032.9117	11123.106
5	53	1033.6418	11119.914
5	58	1114.2722	11042.911
5	61	978.79083	11064.387
5	62	978.52423	11059.076
5	63	991.069	11065.317
6	1	1099.8192	11048.469
6	2	1113.7421	11049.409
6	3	1108.8362	11053.2
6	4	1007.9579	11042.165
6	5	1051.3507	11049.909
6	6	1060.9572	11037.875
6	7	1066.2861	11038.5625
6	8	1051.8997	11034.861
6	9	1074.53	11039.348
6	10	1057.5135	11028.384
6	11	1059.0646	11028.051
6	12	1048.4976	11072.408
6	13	1033.0784	11035.966
6	14	1038.0558	11072.028
6	15	1053.087	11079.515
6	16	1083.744	11039.751
6	17	1027.5038	11068.566
6	18	1037.8209	11079.525
6	19	1024.9696	11035.28
6	20	1090.6974	11040.08
6	21	1036.853	11084.453
6	22	1021.01434	11067.933
6	23	1016.8813	11034.806
6	24	1014.27893	11061.66
6	25	1099.67	11041.301
6	26	1013.4252	11067.472
6	27	1010.7474	11034.336
6	28	1008.2632	11061.137
6	29	1107.3761	11041.736
6	30	1004.334	11066.538
6	31	1003.1502	11033.726
6	33	1035.5593	11105.39
6	34	997.79724	11066.405
6	35	994.1653	11033.01
6	36	992.03973	11059.385
6	37	1032.7592	11115.821
6	38	987.1201	11032.322
6	39	985.2412	11064.8125
6	40	1032.9117	11123.106
6	53	1033.6418	11119.914
6	58	1114.1741	11042.947
6	61	978.79083	11064.387
6	62	978.52423	11059.076
7	1	1100.6722	11048.541
7	2	1114.6216	11049.509
7	3	1110.1062	11053.357
7	4	1009.619	11042.238
7	5	1052.5155	11050.09
7	6	1060.9572	11037.875
7	7	1066.2861	11038.5625
7	8	1051.9	11034.875
7	9	1074.53	11039.348
7	10	1057.5135	11028.384
7	11	1059.205	11027.866
7	12	1048.4808	11073.174
7	13	1033.0784	11035.966
7	14	1038.0558	11072.028
7	15	1053.087	11079.515
7	16	1083.744	11039.751
7	17	1027.5038	11068.566
7	18	1037.8209	11079.525
7	19	1024.9696	11035.28
7	20	1090.6974	11040.08
7	21	1036.853	11084.453
7	22	1021.01434	11067.933
7	23	1016.8813	11034.806
7	24	1014.27893	11061.66
7	25	1099.67	11041.301
7	26	1013.4252	11067.472
7	27	1010.7474	11034.336
7	28	1008.2632	11061.137
7	29	1107.3761	11041.736
7	30	1004.334	11066.538
7	31	1003.1502	11033.726
7	32	1114.0721	11042.983
7	33	1035.5593	11105.39
7	34	997.79724	11066.405
7	35	994.1653	11033.01
7	36	992.05396	11059.383
7	37	1032.7592	11115.821
7	38	987.1201	11032.322
7	39	985.2412	11064.8125
7	40	1032.9117	11123.106
7	53	1033.6418	11119.914
7	61	978.79083	11064.387
7	62	978.52423	11059.076
8	1	1101.5227	11048.608
8	2	1115.4677	11049.604
8	3	1111.3597	11053.499
8	4	1011.373	11042.329
8	5	1053.6786	11050.27
8	6	1060.9572	11037.875
8	7	1066.2861	11038.5625
8	8	1051.9008	11034.882
8	9	1074.53	11039.348
8	10	1057.5135	11028.384
8	11	1059.4915	11027.205
8	12	1048.4619	11073.926
8	13	1033.0784	11035.966
8	14	1038.0558	11072.028
8	15	1053.087	11079.515
8	16	1083.744	11039.751
8	17	1027.5038	11068.566
8	18	1037.8209	11079.525
8	19	1024.9696	11035.28
8	20	1090.6974	11040.08
8	21	1036.853	11084.453
8	22	1021.01434	11067.933
8	23	1016.8813	11034.806
8	24	1014.27893	11061.66
8	25	1099.67	11041.301
8	26	1013.4252	11067.472
8	27	1010.7474	11034.336
8	28	1008.2632	11061.137
8	29	1107.3761	11041.736
8	30	1004.334	11066.538
8	31	1003.1502	11033.726
8	32	1113.9952	11043.009
8	33	1035.5593	11105.39
8	34	997.79724	11066.405
8	35	994.1653	11033.01
8	36	992.05	11059.377
8	37	1032.7592	11115.821
8	38	987.1201	11032.322
8	39	985.2412	11064.8125
8	40	1032.9117	11123.106
8	41	1130.6987	11051.882
8	53	1033.6418	11119.914
8	61	978.79083	11064.387
8	62	978.52423	11059.076
9	1	1102.3795	11048.676
9	2	1116.298	11049.701
9	3	1112.608	11053.658
9	4	1012.925	11042.459
9	5	1054.84	11050.445
9	6	1060.9572	11037.875
9	7	1066.2861	11038.5625
9	8	1051.8976	11034.881
9	9	1074.53	11039.348
9	10	1057.5135	11028.384
9	11	1058.7477	11027.782
9	12	1048.4398	11074.672
9	13	1033.0784	11035.966
9	14	1038.0558	11072.028
9	15	1053.087	11079.515
9	16	1083.744	11039.751
9	17	1027.5038	11068.566
9	18	1037.8209	11079.525
9	19	1024.9696	11035.28
9	20	1090.6974	11040.08
9	21	1036.853	11084.453
9	22	1021.01434	11067.933
9	23	1016.8813	11034.806
9	24	1014.27893	11061.66
9	25	1099.67	11041.301
9	26	1013.4252	11067.472
9	27	1010.7474	11034.336
9	28	1008.2632	11061.137
9	29	1107.3761	11041.736
9	30	1004.334	11066.538
9	31	1003.1502	11033.726
9	32	1113.7787	11043.109
9	33	1035.5593	11105.39
9	34	997.79724	11066.405
9	35	994.1653	11033.01
9	36	992.04407	11059.381
9	37	1032.7592	11115.821
9	38	987.1201	11032.322
9	39	985.2412	11064.8125
9	40	1032.9117	11123.106
9	41	1131.3951	11051.948
9	53	1033.6418	11119.914
9	61	978.79083	11064.387
9	62	978.52423	11059.076
10	1	1103.2524	11048.748
10	2	1117.176	11049.802
10	3	1113.8303	11053.811
10	4	1014.53235	11042.557
10	5	1055.9962	11050.62
10	6	1060.9572	11037.875
10	7	1066.2861	11038.5625
10	8	1051.9004	11034.893
10	9	1074.53	11039.348
10	10	1057.5135	11028.384
10	11	1059.1272	11027.805
10	12	1048.4099	11075.519
10	13	1033.0784	11035.966
10	14	1038.0558	11072.028
10	15	1053.087	11079.515
10	16	1083.744	11039.751
10	17	1027.5038	11068.566
10	18	1037.8209	11079.525
10	19	1024.9696	11035.28
10	20	1090.6974	11040.08
10	21	1036.853	11084.453
10	22	1021.01434	11067.933
10	23	1016.8813	11034.806
10	24	1014.27893	11061.66
10	25	1099.67	11041.301
10	26	1013.4252	11067.472
10	27	1010.7474	11034.336
10	28	1008.2632	11061.137
10	29	1107.3761	11041.736
10	30	1004.334	11066.538
10	31	1003.1502	11033.726
10	32	1113.6527	11043.148
10	33	1035.5593	11105.39
10	34	997.79724	11066.405
10	35	994.1653	11033.01
10	36	992.0444	11059.382
10	37	1032.7592	11115.821
10	38	987.1201	11032.322
10	39	985.2412	11064.8125
10	40	1032.9117	11123.106
10	41	1132.1016	11052.069
11	1	1104.097	11048.814
11	2	1118.0104	11049.907
11	3	1115.0134	11053.963
11	4	1016.1612	11042.658
11	5	1057.1501	11050.794
11	6	1060.9572	11037.875
11	7	1066.2861	11038.5625
11	8	1051.9023	11034.903
11	9	1074.53	11039.348
11	10	1057.5135	11028.384
11	11	1059.1038	11027.793
11	12	1048.3745	11076.317
11	13	1033.0784	11035.966
11	14	1038.0558	11072.028
11	15	1053.087	11079.515
11	16	1083.744	11039.751
11	17	1027.5038	11068.566
11	18	1037.8209	11079.525
11	19	1024.9696	11035.28
11	20	1090.6974	11040.08
11	21	1036.853	11084.453
11	22	1021.01434	11067.933
11	23	1016.8813	11034.806
11	24	1014.27893	11061.66
11	25	1099.67	11041.301
11	26	1013.4252	11067.472
11	27	1010.7474	11034.336
11	28	1008.2632	11061.137
11	29	1107.3761	11041.736
11	30	1004.334	11066.538
11	31	1003.1502	11033.726
11	32	1113.6525	11043.162
11	33	1035.5593	11105.39
11	34	997.79724	11066.405
11	35	994.1653	11033.01
11	36	992.0389	11059.383
11	37	1032.7592	11115.821
11	38	987.1201	11032.322
11	39	985.2412	11064.8125
11	40	1032.9117	11123.106
11	41	1132.7582	11052.159
11	53	1033.6418	11119.914
12	1	1104.96	11048.884
12	2	1118.858	11050.007
12	3	1116.2102	11054.14
12	4	1017.6331	11042.747
12	5	1058.301	11050.965
12	6	1060.9572	11037.875
12	7	1066.2861	11038.5625
12	8	1051.9149	11034.905
12	9	1074.53	11039.348
12	10	1057.5135	11028.384
12	11	1059.0906	11027.999
12	12	1048.3392	11077.11
12	13	1033.0784	11035.966
12	14	1038.0558	11072.028
12	15	1053.087	11079.515
12	16	1083.744	11039.751
12	17	1027.5038	11068.566
12	18	1037.8209	11079.525
12	19	1024.9696	11035.28
12	20	1090.6974	11040.08
12	21	1036.853	11084.453
12	22	1021.01434	11067.933
12	23	1016.8813	11034.806
12	24	1014.27893	11061.66
12	25	1099.67	11041.301
12	26	1013.4252	11067.472
12	27	1010.7474	11034.336
12	28	1008.2632	11061.137
12	29	1107.3761	11041.736
12	30	1004.334	11066.538
12	31	1003.1502	11033.726
12	32	1113.5393	11043.209
12	33	1035.5593	11105.39
12	34	997.79724	11066.405
12	35	994.1653	11033.01
12	36	992.0445	11059.384
12	38	987.1201	11032.322
12	39	985.2412	11064.8125
12	40	1032.9117	11123.106
12	41	1133.4943	11052.278
12	53	1033.6418	11119.914
13	1	1105.8151	11048.95
13	2	1119.6414	11050.108
13	3	1117.3953	11054.283
13	4	1019.1198	11042.873
13	5	1059.4512	11051.133
13	6	1060.9572	11037.875
13	7	1066.2861	11038.5625
13	8	1051.9165	11034.909
13	9	1074.53	11039.348
13	10	1057.5135	11028.384
13	11	1058.8711	11028.198
13	12	1048.2998	11077.893
13	13	1033.0784	11035.966
13	14	1038.0558	11072.028
13	15	1053.087	11079.515
13	16	1083.744	11039.751
13	17	1027.5038	11068.566
13	18	1037.8209	11079.525
13	19	1024.9696	11035.28
13	20	1090.6974	11040.08
13	21	1036.853	11084.453
13	22	1021.01434	11067.933
13	23	1016.8813	11034.806
13	24	1014.27893	11061.66
13	25	1099.67	11041.301
13	26	1013.4252	11067.472
13	27	1010.7474	11034.336
13	28	1008.2632	11061.137
13	29	1107.3761	11041.736
13	30	1004.334	11066.538
13	31	1003.1502	11033.726
13	32	1113.3259	11043.276
13	33	1035.5593	11105.39
13	34	997.79724	11066.405
13	35	994.1653	11033.01
13	36	992.04425	11059.373
13	37	1032.7592	11115.821
13	38	987.1201	11032.322
13	39	985.2412	11064.8125
13	40	1032.9117	11123.106
13	41	1134.2112	11052.386
13	53	1033.6418	11119.914
14	1	1106.6748	11049.025
14	2	1120.4373	11050.212
14	3	1118.5135	11054.44
14	4	1020.5987	11042.996
14	5	1060.5974	11051.298
14	6	1060.9572	11037.875
14	7	1066.2861	11038.5625
14	8	1051.9229	11034.912
14	9	1074.53	11039.348
14	10	1057.5135	11028.384
14	11	1059.1013	11027.299
14	12	1048.2615	11078.715
14	13	1033.0784	11035.966
14	14	1038.0558	11072.028
14	15	1053.087	11079.515
14	16	1083.744	11039.751
14	17	1027.5038	11068.566
14	18	1037.8209	11079.525
14	19	1024.9696	11035.28
14	20	1090.6974	11040.08
14	21	1036.853	11084.453
14	22	1021.01434	11067.933
14	23	1016.8813	11034.806
14	24	1014.27893	11061.66
14	25	1099.67	11041.301
14	26	1013.4252	11067.472
14	27	1010.7474	11034.336
14	28	1008.2632	11061.137
14	29	1107.3761	11041.736
14	30	1004.334	11066.538
14	31	1003.1502	11033.726
14	33	1035.5593	11105.39
14	34	997.79724	11066.405
14	35	994.1653	11033.01
14	36	992.0529	11059.354
14	37	1032.7592	11115.821
14	39	985.2412	11064.8125
14	41	1134.9257	11052.516
14	53	1033.6418	11119.914
14	58	1113.3458	11043.259
15	1	1107.519	11049.092
15	2	1121.2513	11050.318
15	3	1119.6139	11054.588
15	4	1022.008	11043.13
15	5	1061.7396	11051.461
15	6	1060.9572	11037.875
15	7	1066.2861	11038.5625
15	8	1051.9225	11034.923
15	9	1074.53	11039.348
15	10	1057.5135	11028.384
15	11	1059.2202	11027.659
15	12	1048.2252	11079.54
15	13	1033.0784	11035.966
15	14	1038.0558	11072.028
15	15	1053.087	11079.515
15	16	1083.744	11039.751
15	17	1027.5038	11068.566
15	18	1037.8209	11079.525
15	19	1024.9696	11035.28
15	20	1090.6974	11040.08
15	21	1036.853	11084.453
15	22	1021.01434	11067.933
15	23	1016.8813	11034.806
15	24	1014.27893	11061.66
15	25	1099.67	11041.301
15	26	1013.4252	11067.472
15	27	1010.7474	11034.336
15	28	1008.2632	11061.137
15	29	1107.3761	11041.736
15	30	1004.334	11066.538
15	31	1003.1502	11033.726
15	32	1113.1298	11043.316
15	33	1035.5593	11105.39
15	34	997.79724	11066.405
15	35	994.1653	11033.01
15	36	992.0542	11059.356
15	37	1032.7592	11115.821
15	41	1135.6677	11052.623
15	42	1137.0936	11042.123
15	53	1033.6418	11119.914
16	1	1108.3833	11049.167
16	2	1122.0037	11050.427
16	3	1120.6979	11054.739
16	4	1023.3894	11043.238
16	5	1062.8792	11051.619
16	6	1060.9572	11037.875
16	7	1066.2861	11038.5625
16	8	1051.9237	11034.932
16	9	1074.53	11039.348
16	10	1057.5135	11028.384
16	11	1059.239	11027.649
16	12	1048.1869	11080.344
16	13	1033.0784	11035.966
16	14	1038.0558	11072.028
16	15	1053.087	11079.515
16	16	1083.744	11039.751
16	17	1027.5038	11068.566
16	18	1037.8209	11079.525
16	19	1024.9696	11035.28
16	20	1090.6974	11040.08
16	21	1036.853	11084.453
16	22	1021.01434	11067.933
16	23	1016.8813	11034.806
16	24	1014.27893	11061.66
16	25	1099.67	11041.301
16	26	1013.4252	11067.472
16	27	1010.7474	11034.336
16	28	1008.2632	11061.137
16	29	1107.3761	11041.736
16	30	1004.334	11066.538
16	31	1003.1502	11033.726
16	33	1035.5593	11105.39
16	34	997.79724	11066.405
16	35	994.1653	11033.01
16	36	992.06116	11059.365
16	37	1032.7592	11115.821
16	41	1136.3884	11052.744
16	42	1137.0936	11042.123
16	53	1033.6418	11119.914
16	58	1113.1514	11043.337
17	1	1109.2214	11049.252
17	2	1122.7882	11050.525
17	3	1121.754	11054.895
17	4	1024.7499	11043.36
17	5	1064.0146	11051.776
17	6	1060.9572	11037.875
17	7	1066.2861	11038.5625
17	8	1051.9287	11034.932
17	9	1074.53	11039.348
17	10	1057.5135	11028.384
17	11	1059.201	11027.6875
17	12	1048.1422	11081.174
17	13	1033.0784	11035.966
17	14	1038.0558	11072.028
17	15	1053.087	11079.515
17	16	1083.744	11039.751
17	17	1027.5038	11068.566
17	18	1037.8209	11079.525
17	19	1024.9696	11035.28
17	20	1090.6974	11040.08
17	21	1036.853	11084.453
17	22	1021.01434	11067.933
17	23	1016.8813	11034.806
17	24	1014.27893	11061.66
17	25	1099.67	11041.301
17	26	1013.4252	11067.472
17	27	1010.7474	11034.336
17	28	1008.2632	11061.137
17	29	1107.3761	11041.736
17	30	1004.334	11066.538
17	31	1003.1502	11033.726
17	32	1113.0344	11043.383
17	33	1035.5593	11105.39
17	34	997.79724	11066.405
17	35	994.1653	11033.01
17	36	992.02673	11059.331
17	37	1032.7592	11115.821
17	41	1137.1473	11052.868
17	42	1137.0936	11042.123
17	53	1033.6418	11119.914
18	1	1110.0764	11049.325
18	2	1123.5272	11050.628
18	3	1122.815	11055.055
18	4	1026.1163	11043.48
18	5	1065.1465	11051.931
18	6	1060.9572	11037.875
18	7	1066.2861	11038.5625
18	8	1051.9253	11034.957
18	9	1074.53	11039.348
18	10	1057.5135	11028.384
18	11	1058.606	11027.305
18	12	1048.097	11081.994
18	13	1033.0784	11035.966
18	14	1038.0558	11072.028
18	15	1053.087	11079.515
18	16	1083.744	11039.751
18	17	1027.5038	11068.566
18	18	1037.8209	11079.525
18	19	1024.9696	11035.28
18	20	1090.6974	11040.08
18	21	1036.853	11084.453
18	22	1021.01434	11067.933
18	23	1016.8813	11034.806
18	24	1014.27893	11061.66
18	25	1099.67	11041.301
18	26	1013.4252	11067.472
18	27	1010.7474	11034.336
18	28	1008.2632	11061.137
18	29	1107.3761	11041.736
18	30	1004.334	11066.538
18	31	1003.1502	11033.726
18	33	1035.5593	11105.39
18	34	997.79724	11066.405
18	35	994.1653	11033.01
18	36	992.0775	11059.349
18	37	1032.7592	11115.821
18	41	1137.8533	11052.961
18	42	1137.0936	11042.123
18	43	1137.6719	11033.521
18	53	1033.6418	11119.914
18	58	1112.9299	11043.402
19	1	1110.9365	11049.399
19	2	1124.2961	11050.7295
19	3	1123.8674	11055.216
19	4	1027.4916	11043.622
19	5	1066.2755	11052.08
19	6	1060.9572	11037.875
19	7	1066.2861	11038.5625
19	8	1051.9291	11034.959
19	9	1074.53	11039.348
19	10	1057.5135	11028.384
19	11	1058.2545	11027.35
19	12	1048.0493	11082.789
19	13	1033.0784	11035.966
19	14	1038.0558	11072.028
19	15	1053.087	11079.515
19	16	1083.744	11039.751
19	17	1027.5038	11068.566
19	18	1037.8209	11079.525
19	19	1024.9696	11035.28
19	20	1090.6974	11040.08
19	21	1036.853	11084.453
19	22	1021.01434	11067.933
19	23	1016.8813	11034.806
19	24	1014.27893	11061.66
19	25	1099.67	11041.301
19	26	1013.4252	11067.472
19	27	1010.7474	11034.336
19	28	1008.2632	11061.137
19	29	1107.3761	11041.736
19	30	1004.334	11066.538
19	31	1003.1502	11033.726
19	32	1112.7501	11043.428
19	33	1035.5593	11105.39
19	34	997.79724	11066.405
19	35	994.1653	11033.01
19	36	992.0892	11059.317
19	41	1138.6045	11053.111
19	42	1137.0936	11042.123
19	43	1137.6719	11033.521
19	53	1033.6418	11119.914
20	1	1111.7881	11049.481
20	2	1125.0533	11050.835
20	3	1124.8584	11055.383
20	4	1028.8423	11043.754
20	5	1067.4017	11052.227
20	6	1060.9572	11037.875
20	7	1066.2861	11038.5625
20	8	1051.9272	11034.972
20	9	1074.53	11039.348
20	10	1057.5135	11028.384
20	12	1048.0312	11083.66
20	13	1033.0784	11035.966
20	14	1038.0558	11072.028
20	15	1053.087	11079.515
20	16	1083.744	11039.751
20	17	1027.5038	11068.566
20	18	1037.8209	11079.525
20	19	1024.9696	11035.28
20	20	1090.6974	11040.08
20	21	1036.853	11084.453
20	22	1021.01434	11067.933
20	23	1016.8813	11034.806
20	24	1014.27893	11061.66
20	25	1099.67	11041.301
20	26	1013.4252	11067.472
20	27	1010.7474	11034.336
20	28	1008.2632	11061.137
20	29	1107.3761	11041.736
20	30	1004.334	11066.538
20	31	1003.1502	11033.726
20	33	1035.5593	11105.39
20	34	997.79724	11066.405
20	35	994.1653	11033.01
20	37	1032.7592	11115.821
20	41	1139.3385	11053.223
20	42	1137.0936	11042.123
20	43	1137.6719	11033.521
20	53	1033.6418	11119.914
20	58	1112.6898	11043.513
20	60	1070.4783	11048.442
21	1	1112.6285	11049.562
21	2	1125.7859	11050.9375
21	3	1125.7932	11055.531
21	4	1030.1831	11043.876
21	5	1068.5231	11052.365
21	6	1060.9572	11037.875
21	7	1066.2861	11038.5625
21	8	1051.9293	11034.977
21	9	1074.53	11039.348
21	10	1057.5135	11028.384
21	12	1047.9855	11084.526
21	13	1033.0784	11035.966
21	14	1038.0558	11072.028
21	15	1053.087	11079.515
21	16	1083.744	11039.751
21	17	1027.5038	11068.566
21	18	1037.8209	11079.525
21	19	1024.9696	11035.28
21	20	1090.6974	11040.08
21	21	1036.853	11084.453
21	22	1021.01434	11067.933
21	23	1016.8813	11034.806
21	24	1014.27893	11061.66
21	25	1099.67	11041.301
21	26	1013.4252	11067.472
21	27	1010.7474	11034.336
21	28	1008.2632	11061.137
21	29	1107.3761	11041.736
21	30	1004.334	11066.538
21	31	1003.1502	11033.726
21	33	1035.5593	11105.39
21	34	997.79724	11066.405
21	35	994.1653	11033.01
21	37	1032.7592	11115.821
21	41	1140.0991	11053.354
21	42	1137.0936	11042.123
21	43	1137.6719	11033.521
21	58	1112.5592	11043.548
21	60	1072.0503	11048.627
22	1	1113.4846	11049.637
22	2	1126.4767	11051.038
22	3	1126.7607	11055.686
22	4	1031.5334	11044.019
22	5	1069.642	11052.5
22	6	1060.9572	11037.875
22	7	1066.2861	11038.5625
22	8	1051.9308	11034.991
22	9	1074.53	11039.348
22	10	1057.5135	11028.384
22	12	1047.9434	11085.368
22	13	1033.0784	11035.966
22	14	1038.0558	11072.028
22	15	1053.087	11079.515
22	16	1083.744	11039.751
22	17	1027.5038	11068.566
22	18	1037.8209	11079.525
22	19	1024.9696	11035.28
22	20	1090.6974	11040.08
22	21	1036.853	11084.453
22	22	1021.01434	11067.933
22	23	1016.8813	11034.806
22	24	1014.27893	11061.66
22	25	1099.67	11041.301
22	26	1013.4252	11067.472
22	27	1010.7474	11034.336
22	28	1008.2632	11061.137
22	29	1107.3761	11041.736
22	30	1004.334	11066.538
22	31	1003.1502	11033.726
22	33	1035.5593	11105.39
22	34	997.79724	11066.405
22	41	1140.8918	11053.508
22	42	1137.0936	11042.123
22	43	1137.6719	11033.521
22	44	1145.052	11069.955
22	60	1073.7017	11048.831
23	1	1114.339	11049.72
23	2	1127.1929	11051.1455
23	3	1127.691	11055.846
23	4	1032.8632	11044.164
23	5	1070.7584	11052.631
23	6	1060.9572	11037.875
23	7	1066.2861	11038.5625
23	8	1051.9319	11034.985
23	9	1074.53	11039.348
23	10	1057.5135	11028.384
23	12	1047.9038	11086.287
23	13	1033.0784	11035.966
23	14	1038.0558	11072.028
23	15	1053.087	11079.515
23	16	1083.744	11039.751
23	17	1027.5038	11068.566
23	18	1037.8209	11079.525
23	19	1024.9696	11035.28
23	20	1090.6974	11040.08
23	21	1036.853	11084.453
23	22	1021.01434	11067.933
23	23	1016.8813	11034.806
23	24	1014.27893	11061.66
23	25	1099.67	11041.301
23	26	1013.4252	11067.472
23	27	1010.7474	11034.336
23	28	1008.2632	11061.137
23	29	1107.3761	11041.736
23	30	1004.334	11066.538
23	31	1003.1502	11033.726
23	32	1112.4828	11043.629
23	34	997.79724	11066.405
23	41	1141.6589	11053.631
23	42	1137.0936	11042.123
23	43	1137.6719	11033.521
23	44	1144.4696	11069.935
23	60	1075.3207	11049.077
24	1	1115.1659	11049.795
24	2	1127.9077	11051.25
24	3	1128.6295	11056.01
24	4	1034.2063	11044.314
24	5	1071.8729	11052.756
24	6	1060.9572	11037.875
24	7	1066.2861	11038.5625
24	8	1051.9321	11035.008
24	9	1074.53	11039.348
24	10	1057.5135	11028.384
24	11	1059.1097	11027.042
24	12	1047.864	11087.129
24	13	1033.0784	11035.966
24	14	1038.0558	11072.028
24	15	1053.087	11079.515
24	16	1083.744	11039.751
24	17	1027.5038	11068.566
24	18	1037.8209	11079.525
24	19	1024.9696	11035.28
24	20	1090.6974	11040.08
24	21	1036.853	11084.453
24	22	1021.01434	11067.933
24	23	1016.8813	11034.806
24	24	1014.27893	11061.66
24	25	1099.67	11041.301
24	26	1013.4252	11067.472
24	27	1010.7474	11034.336
24	28	1008.2632	11061.137
24	29	1107.3761	11041.736
24	30	1004.334	11066.538
24	31	1003.1502	11033.726
24	32	1112.2471	11043.6875
24	34	997.79724	11066.405
24	41	1142.4303	11053.796
24	42	1137.0936	11042.123
24	43	1137.6719	11033.521
24	44	1144.1696	11069.914
24	60	1076.967	11049.26
25	1	1116.0189	11049.884
25	2	1128.6394	11051.36
25	3	1129.5144	11056.151
25	4	1035.5385	11044.458
25	5	1072.9819	11052.876
25	6	1060.9572	11037.875
25	7	1066.2861	11038.5625
25	8	1051.9303	11035.03
25	9	1074.53	11039.348
25	10	1057.5135	11028.384
25	11	1059.0696	11026.98
25	13	1033.0784	11035.966
25	14	1038.0558	11072.028
25	15	1053.087	11079.515
25	16	1083.744	11039.751
25	17	1027.5038	11068.566
25	18	1037.8209	11079.525
25	19	1024.9696	11035.28
25	20	1090.6974	11040.08
25	21	1036.853	11084.453
25	22	1021.01434	11067.933
25	23	1016.8813	11034.806
25	24	1014.27893	11061.66
25	25	1099.67	11041.301
25	26	1013.4252	11067.472
25	27	1010.7474	11034.336
25	28	1008.2632	11061.137
25	29	1107.3761	11041.736
25	30	1004.334	11066.538
25	31	1003.1502	11033.726
25	32	1112.1812	11043.662
25	34	997.79724	11066.405
25	41	1143.2194	11053.948
25	42	1137.0936	11042.123
25	43	1137.6719	11033.521
25	44	1143.7408	11069.882
25	52	1149.1805	11059.523
25	60	1078.5314	11049.4
26	1	1116.8496	11049.968
26	2	1129.3512	11051.47
26	3	1130.3844	11056.3
26	4	1036.849	11044.61
26	5	1074.0881	11052.991
26	6	1060.9572	11037.875
26	7	1066.2861	11038.5625
26	8	1051.9276	11035.061
26	9	1074.53	11039.348
26	10	1057.5135	11028.384
26	13	1033.0784	11035.966
26	14	1038.0558	11072.028
26	15	1053.087	11079.515
26	16	1083.744	11039.751
26	17	1027.5038	11068.566
26	18	1037.8209	11079.525
26	19	1024.9696	11035.28
26	20	1090.6974	11040.08
26	21	1036.853	11084.453
26	22	1021.01434	11067.933
26	23	1016.8813	11034.806
26	24	1014.27893	11061.66
26	25	1099.67	11041.301
26	26	1013.4252	11067.472
26	27	1010.7474	11034.336
26	28	1008.2632	11061.137
26	29	1107.3761	11041.736
26	30	1004.334	11066.538
26	31	1003.1502	11033.726
26	32	1112.0985	11043.702
26	34	997.79724	11066.405
26	41	1144.0338	11054.108
26	42	1137.0936	11042.123
26	43	1137.6719	11033.521
26	44	1143.3958	11069.845
26	52	1149.7799	11059.653
26	60	1080.1206	11049.68
27	1	1117.6759	11050.055
27	2	1130.0469	11051.581
27	3	1131.2263	11056.447
27	4	1038.1508	11044.768
27	5	1075.1902	11053.103
27	6	1060.9572	11037.875
27	7	1066.2861	11038.5625
27	8	1051.9281	11035.085
27	9	1074.53	11039.348
27	10	1057.5135	11028.384
27	13	1033.0784	11035.966
27	14	1038.0558	11072.028
27	16	1083.744	11039.751
27	17	1027.5038	11068.566
27	18	1037.8209	11079.525
27	19	1024.9696	11035.28
27	20	1090.6974	11040.08
27	21	1036.853	11084.453
27	22	1021.01434	11067.933
27	23	1016.8813	11034.806
27	24	1014.27893	11061.66
27	25	1099.67	11041.301
27	26	1013.4252	11067.472
27	27	1010.7474	11034.336
27	28	1008.2632	11061.137
27	29	1107.3761	11041.736
27	30	1004.334	11066.538
27	31	1003.1502	11033.726
27	41	1144.8715	11054.259
27	42	1137.0936	11042.123
27	43	1137.6719	11033.521
27	44	1143.0532	11069.767
27	52	1150.3093	11059.768
27	59	1081.8385	11049.834
27	60	1081.6818	11049.835
28	1	1118.4973	11050.152
28	2	1130.7487	11051.685
28	3	1132.1033	11056.601
28	4	1039.4592	11044.932
28	5	1076.2899	11053.208
28	6	1060.9572	11037.875
28	7	1066.2861	11038.5625
28	8	1051.9235	11035.121
28	9	1074.53	11039.348
28	10	1057.5135	11028.384
28	11	1058.7415	11027.388
28	13	1033.0784	11035.966
28	14	1038.0558	11072.028
28	16	1083.744	11039.751
28	17	1027.5038	11068.566
28	18	1037.8209	11079.525
28	19	1024.9696	11035.28
28	20	1090.6974	11040.08
28	21	1036.853	11084.453
28	22	1021.01434	11067.933
28	23	1016.8813	11034.806
28	24	1014.27893	11061.66
28	25	1099.67	11041.301
28	26	1013.4252	11067.472
28	27	1010.7474	11034.336
28	28	1008.2632	11061.137
28	29	1107.3761	11041.736
28	30	1004.334	11066.538
28	31	1003.1502	11033.726
28	32	1111.8253	11043.798
28	41	1145.7065	11054.419
28	42	1137.0936	11042.123
28	43	1137.6719	11033.521
28	44	1142.6313	11069.71
28	52	1150.7997	11059.85
28	59	1083.3848	11050.0
28	60	1083.2865	11050.066
29	1	1119.2863	11050.238
29	2	1131.43	11051.802
29	3	1132.945	11056.754
29	4	1040.7832	11045.087
29	5	1077.3849	11053.311
29	6	1060.9572	11037.875
29	7	1066.2861	11038.5625
29	8	1051.9202	11035.154
29	9	1074.53	11039.348
29	10	1057.5135	11028.384
29	11	1058.7426	11027.419
29	13	1033.0784	11035.966
29	14	1038.0558	11072.028
29	16	1083.744	11039.751
29	17	1027.5038	11068.566
29	18	1037.8209	11079.525
29	19	1024.9696	11035.28
29	20	1090.6974	11040.08
29	21	1036.853	11084.453
29	22	1021.01434	11067.933
29	23	1016.8813	11034.806
29	24	1014.27893	11061.66
29	25	1099.67	11041.301
29	26	1013.4252	11067.472
29	27	1010.7474	11034.336
29	28	1008.2632	11061.137
29	29	1107.3761	11041.736
29	30	1004.334	11066.538
29	31	1003.1502	11033.726
29	32	1111.7355	11043.822
29	41	1146.5316	11054.58
29	42	1137.0936	11042.123
29	43	1137.6719	11033.521
29	44	1142.17	11069.646
29	52	1151.3163	11059.954
29	59	1084.9706	11050.176
29	60	1084.8174	11050.297
30	1	1120.0763	11050.331
30	2	1132.1487	11051.909
30	3	1133.7618	11056.912
30	4	1042.0983	11045.262
30	5	1078.4752	11053.409
30	6	1060.9572	11037.875
30	7	1066.2861	11038.5625
30	8	1051.9203	11035.19
30	9	1074.53	11039.348
30	10	1057.5135	11028.384
30	13	1033.0784	11035.966
30	14	1038.0558	11072.028
30	16	1083.744	11039.751
30	17	1027.5038	11068.566
30	18	1037.8209	11079.525
30	19	1024.9696	11035.28
30	20	1090.6974	11040.08
30	21	1036.853	11084.453
30	22	1021.01434	11067.933
30	23	1016.8813	11034.806
30	24	1014.27893	11061.66
30	25	1099.67	11041.301
30	26	1013.4252	11067.472
30	27	1010.7474	11034.336
30	28	1008.2632	11061.137
30	29	1107.3761	11041.736
30	30	1004.334	11066.538
30	32	1111.6348	11043.848
30	41	1147.3518	11054.738
30	42	1137.0936	11042.123
30	43	1137.6719	11033.521
30	44	1141.7128	11069.597
30	52	1151.8322	11060.0205
30	59	1086.5092	11050.376
31	1	1120.8854	11050.426
31	2	1132.8549	11052.03
31	3	1134.6183	11057.062
31	4	1043.3698	11045.428
31	5	1079.557	11053.5
31	6	1060.9572	11037.875
31	7	1066.2861	11038.5625
31	8	1051.9153	11035.218
31	9	1074.53	11039.348
31	10	1057.5135	11028.384
31	13	1033.0784	11035.966
31	14	1038.0558	11072.028
31	16	1083.744	11039.751
31	17	1027.5038	11068.566
31	18	1037.8209	11079.525
31	19	1024.9696	11035.28
31	20	1090.6974	11040.08
31	21	1036.853	11084.453
31	22	1021.01434	11067.933
31	23	1016.8813	11034.806
31	24	1014.27893	11061.66
31	25	1099.67	11041.301
31	26	1013.4252	11067.472
31	27	1010.7474	11034.336
31	28	1008.2632	11061.137
31	29	1107.3761	11041.736
31	30	1004.334	11066.538
31	32	1111.4891	11043.86
31	41	1148.1886	11054.919
31	42	1137.0936	11042.123
31	43	1137.6719	11033.521
31	44	1141.2275	11069.538
31	45	1156.1211	11071.765
31	52	1152.3511	11060.132
31	59	1088.0505	11050.532
32	1	1121.6637	11050.5205
32	2	1133.5684	11052.149
32	3	1135.386	11057.2
32	4	1044.665	11045.6
32	5	1080.6287	11053.593
32	6	1060.9572	11037.875
32	7	1066.2861	11038.5625
32	8	1051.9115	11035.245
32	9	1074.53	11039.348
32	10	1057.5135	11028.384
32	13	1033.0784	11035.966
32	14	1038.0558	11072.028
32	16	1083.744	11039.751
32	17	1027.5038	11068.566
32	18	1037.8209	11079.525
32	19	1024.9696	11035.28
32	20	1090.6974	11040.08
32	21	1036.853	11084.453
32	22	1021.01434	11067.933
32	23	1016.8813	11034.806
32	24	1014.27893	11061.66
32	25	1099.67	11041.301
32	26	1013.4252	11067.472
32	27	1010.7474	11034.336
32	28	1008.2632	11061.137
32	29	1107.3761	11041.736
32	30	1004.334	11066.538
32	32	1111.4318	11043.887
32	41	1149.0059	11055.083
32	42	1137.0936	11042.123
32	43	1137.6719	11033.521
32	44	1140.7124	11069.468
32	45	1155.8739	11071.757
32	52	1152.8752	11060.207
32	59	1089.4614	11050.718
33	1	1122.4142	11050.623
33	2	1134.2501	11052.266
33	3	1136.1771	11057.349
33	4	1045.9609	11045.779
33	5	1081.6885	11053.674
33	6	1060.9572	11037.875
33	7	1066.2861	11038.5625
33	8	1051.9116	11035.27
33	9	1074.53	11039.348
33	10	1057.5135	11028.384
33	13	1033.0784	11035.966
33	14	1038.0558	11072.028
33	16	1083.744	11039.751
33	17	1027.5038	11068.566
33	18	1037.8209	11079.525
33	19	1024.9696	11035.28
33	20	1090.6974	11040.08
33	21	1036.853	11084.453
33	22	1021.01434	11067.933
33	23	1016.8813	11034.806
33	24	1014.27893	11061.66
33	25	1099.67	11041.301
33	26	1013.4252	11067.472
33	27	1010.7474	11034.336
33	28	1008.2632	11061.137
33	29	1107.3761	11041.736
33	32	1111.3275	11043.89
33	41	1149.8022	11055.237
33	42	1137.0936	11042.123
33	43	1137.6719	11033.521
33	44	1140.2206	11069.403
33	45	1155.9429	11071.614
33	52	1153.354	11060.307
33	59	1090.9545	11050.87
34	1	1123.1517	11050.713
34	2	1134.9661	11052.391
34	3	1136.9791	11057.496
34	4	1047.2292	11045.95
34	5	1082.7365	11053.757
34	6	1060.9572	11037.875
34	7	1066.2861	11038.5625
34	8	1051.9064	11035.312
34	9	1074.53	11039.348
34	10	1057.5135	11028.384
34	13	1033.0784	11035.966
34	14	1038.0558	11072.028
34	16	1083.744	11039.751
34	17	1027.5038	11068.566
34	18	1037.8209	11079.525
34	19	1024.9696	11035.28
34	20	1090.6974	11040.08
34	21	1036.853	11084.453
34	22	1021.01434	11067.933
34	23	1016.8813	11034.806
34	24	1014.27893	11061.66
34	25	1099.67	11041.301
34	26	1013.4252	11067.472
34	27	1010.7474	11034.336
34	28	1008.2632	11061.137
34	29	1107.3761	11041.736
34	32	1111.1708	11043.907
34	41	1150.6414	11055.408
34	42	1137.0936	11042.123
34	43	1137.6719	11033.521
34	44	1139.6796	11069.329
34	45	1155.6011	11071.487
34	52	1153.8212	11060.411
34	59	1092.4161	11051.025
35	1	1123.8973	11050.81
35	2	1135.6835	11052.509
35	3	1137.8087	11057.659
35	4	1048.5233	11046.135
35	5	1083.7736	11053.836
35	6	1060.9572	11037.875
35	7	1066.2861	11038.5625
35	8	1051.8977	11035.342
35	9	1074.53	11039.348
35	10	1057.5135	11028.384
35	13	1033.0784	11035.966
35	14	1038.0558	11072.028
35	16	1083.744	11039.751
35	17	1027.5038	11068.566
35	18	1037.8209	11079.525
35	19	1024.9696	11035.28
35	20	1090.6974	11040.08
35	21	1036.853	11084.453
35	22	1021.01434	11067.933
35	23	1016.8813	11034.806
35	24	1014.27893	11061.66
35	25	1099.67	11041.301
35	26	1013.4252	11067.472
35	27	1010.7474	11034.336
35	28	1008.2632	11061.137
35	29	1107.3761	11041.736
35	32	1111.0795	11043.913
35	41	1151.4371	11055.58
35	42	1137.0936	11042.123
35	43	1137.6719	11033.521
35	44	1139.1559	11069.262
35	45	1154.9459	11071.613
35	52	1154.2673	11060.523
35	59	1093.863	11051.172
36	1	1124.6293	11050.898
36	2	1136.3834	11052.638
36	3	1138.5963	11057.8125
36	4	1049.8024	11046.323
36	5	1084.7974	11053.91
36	6	1060.9572	11037.875
36	7	1066.2861	11038.5625
36	8	1051.8884	11035.374
36	9	1074.53	11039.348
36	10	1057.5135	11028.384
36	13	1033.0784	11035.966
36	14	1038.0558	11072.028
36	16	1083.744	11039.751
36	17	1027.5038	11068.566
36	18	1037.8209	11079.525
36	19	1024.9696	11035.28
36	20	1090.6974	11040.08
36	21	1036.853	11084.453
36	22	1021.01434	11067.933
36	23	1016.8813	11034.806
36	24	1014.27893	11061.66
36	25	1099.67	11041.301
36	26	1013.4252	11067.472
36	27	1010.7474	11034.336
36	28	1008.2632	11061.137
36	29	1107.3761	11041.736
36	32	1110.9332	11043.933
36	41	1152.1859	11055.736
36	42	1137.0936	11042.123
36	43	1137.6719	11033.521
36	44	1138.612	11069.196
36	45	1154.475	11071.559
36	46	1138.7235	11020.653
36	52	1154.7336	11060.626
37	1	1125.3201	11050.99
37	2	1137.0829	11052.762
37	3	1139.359	11057.952
37	4	1051.0668	11046.509
37	5	1085.8063	11053.988
37	6	1060.9572	11037.875
37	7	1066.2861	11038.5625
37	8	1051.8795	11035.406
37	9	1074.53	11039.348
37	10	1057.5135	11028.384
37	13	1033.0784	11035.966
37	14	1038.0558	11072.028
37	16	1083.744	11039.751
37	17	1027.5038	11068.566
37	18	1037.8209	11079.525
37	19	1024.9696	11035.28
37	20	1090.6974	11040.08
37	21	1036.853	11084.453
37	22	1021.01434	11067.933
37	23	1016.8813	11034.806
37	24	1014.27893	11061.66
37	25	1099.67	11041.301
37	26	1013.4252	11067.472
37	29	1107.3761	11041.736
37	32	1110.8173	11043.946
37	41	1152.9078	11055.891
37	42	1137.0936	11042.123
37	43	1137.6719	11033.521
37	44	1138.0457	11069.139
37	45	1154.0813	11071.521
37	46	1138.7235	11020.653
37	52	1155.1909	11060.719
38	1	1126.0186	11051.088
38	2	1137.7755	11052.887
38	3	1140.1139	11058.088
38	4	1052.3486	11046.701
38	5	1086.7991	11054.062
38	6	1060.9572	11037.875
38	7	1066.2861	11038.5625
38	8	1051.8774	11035.442
38	9	1074.53	11039.348
38	10	1057.5135	11028.384
38	13	1033.0784	11035.966
38	14	1038.0558	11072.028
38	16	1083.744	11039.751
38	17	1027.5038	11068.566
38	18	1037.8209	11079.525
38	19	1024.9696	11035.28
38	20	1090.6974	11040.08
38	22	1021.01434	11067.933
38	23	1016.8813	11034.806
38	24	1014.27893	11061.66
38	25	1099.67	11041.301
38	26	1013.4252	11067.472
38	29	1107.3761	11041.736
38	32	1110.674	11043.951
38	41	1153.6448	11056.054
38	42	1137.0936	11042.123
38	43	1137.6719	11033.521
38	44	1137.4801	11069.064
38	45	1153.3691	11071.471
38	46	1138.7235	11020.653
38	52	1155.6514	11060.784
39	1	1126.6882	11051.179
39	2	1138.5017	11053.006
39	3	1140.834	11058.226
39	4	1053.6163	11046.888
39	5	1087.7756	11054.135
39	6	1060.9572	11037.875
39	7	1066.2861	11038.5625
39	8	1051.8733	11035.487
39	9	1074.53	11039.348
39	13	1033.0784	11035.966
39	14	1038.0558	11072.028
39	16	1083.744	11039.751
39	17	1027.5038	11068.566
39	18	1037.8209	11079.525
39	19	1024.9696	11035.28
39	20	1090.6974	11040.08
39	22	1021.01434	11067.933
39	23	1016.8813	11034.806
39	24	1014.27893	11061.66
39	25	1099.67	11041.301
39	26	1013.4252	11067.472
39	29	1107.3761	11041.736
39	32	1110.5472	11043.954
39	41	1154.351	11056.198
39	42	1137.0936	11042.123
39	43	1137.6719	11033.521
39	44	1136.8881	11069.001
39	45	1152.8097	11071.402
39	46	1138.7235	11020.653
39	48	1164.144	11058.6875
39	52	1156.0405	11060.989
39	59	1099.8945	11051.895
40	1	1127.3607	11051.264
40	2	1139.1891	11053.139
40	3	1141.5337	11058.358
40	4	1054.863	11047.078
40	5	1088.7349	11054.209
40	6	1060.9572	11037.875
40	7	1066.2861	11038.5625
40	8	1051.8701	11035.528
40	9	1074.53	11039.348
40	13	1033.0784	11035.966
40	14	1038.0558	11072.028
40	16	1083.744	11039.751
40	17	1027.5038	11068.566
40	18	1037.8209	11079.525
40	19	1024.9696	11035.28
40	20	1090.6974	11040.08
40	22	1021.01434	11067.933
40	23	1016.8813	11034.806
40	24	1014.27893	11061.66
40	25	1099.67	11041.301
40	26	1013.4252	11067.472
40	29	1107.3761	11041.736
40	32	1110.3864	11043.98
40	41	1155.0151	11056.338
40	42	1137.0936	11042.123
40	43	1137.6719	11033.521
40	44	1136.2915	11068.929
40	45	1152.3644	11071.349
40	46	1138.7235	11020.653
40	48	1164.8564	11058.881
40	52	1156.4475	11061.105
41	1	1128.0297	11051.359
41	2	1139.8823	11053.2705
41	3	1142.2792	11058.498
41	4	1056.1035	11047.266
41	5	1089.6772	11054.279
41	6	1060.9572	11037.875
41	7	1066.2861	11038.5625
41	8	1051.865	11035.576
41	9	1074.53	11039.348
41	13	1033.0784	11035.966
41	14	1038.0558	11072.028
41	16	1083.744	11039.751
41	17	1027.5038	11068.566
41	18	1037.8209	11079.525
41	19	1024.9696	11035.28
41	20	1090.6974	11040.08
41	22	1021.01434	11067.933
41	23	1016.8813	11034.806
41	24	1014.27893	11061.66
41	25	1099.67	11041.301
41	26	1013.4252	11067.472
41	29	1107.3761	11041.736
41	32	1110.3145	11044.014
41	41	1155.6942	11056.486
41	42	1137.0936	11042.123
41	43	1137.6719	11033.521
41	44	1135.6954	11068.872
41	45	1151.7463	11071.279
41	46	1138.7235	11020.653
41	48	1165.4607	11059.015
41	52	1156.8756	11061.179
42	1	1128.7013	11051.453
42	2	1140.5898	11053.3955
42	3	1143.0061	11058.632
42	4	1057.378	11047.451
42	5	1090.5984	11054.35
42	6	1060.9572	11037.875
42	7	1066.2861	11038.5625
42	8	1051.8618	11035.626
42	9	1074.53	11039.348
42	13	1033.0784	11035.966
42	14	1038.0558	11072.028
42	16	1083.744	11039.751
42	17	1027.5038	11068.566
42	18	1037.8209	11079.525
42	19	1024.9696	11035.28
42	20	1090.6974	11040.08
42	22	1021.01434	11067.933
42	23	1016.8813	11034.806
42	24	1014.27893	11061.66
42	25	1099.67	11041.301
42	29	1107.3761	11041.736
42	32	1110.1412	11044.009
42	41	1156.37	11056.634
42	42	1137.0936	11042.123
42	43	1137.6719	11033.521
42	44	1135.0824	11068.784
42	45	1151.2388	11071.23
42	46	1138.7235	11020.653
42	48	1166.1312	11059.139
42	52	1157.2509	11061.318
42	59	1104.3058	11052.442
43	1	1129.3354	11051.557
43	2	1141.2953	11053.526
43	3	1143.7137	11058.759
43	4	1058.623	11047.656
43	5	1091.4998	11054.42
43	6	1060.9572	11037.875
43	7	1066.2861	11038.5625
43	8	1051.855	11035.69
43	9	1074.53	11039.348
43	13	1033.0784	11035.966
43	14	1038.0558	11072.028
43	16	1083.744	11039.751
43	17	1027.5038	11068.566
43	18	1037.8209	11079.525
43	19	1024.9696	11035.28
43	20	1090.6974	11040.08
43	22	1021.01434	11067.933
43	25	1099.67	11041.301
43	29	1107.3761	11041.736
43	32	1110.0311	11044.054
43	41	1157.0297	11056.795
43	42	1137.0936	11042.123
43	43	1137.6719	11033.521
43	44	1134.4653	11068.708
43	45	1150.7811	11071.169
43	46	1138.7235	11020.653
43	48	1166.7323	11059.224
43	52	1157.6014	11061.388
44	1	1130.0112	11051.663
44	2	1142.0044	11053.667
44	3	1144.3623	11058.893
44	4	1059.876	11047.859
44	5	1092.3806	11054.489
44	6	1060.9572	11037.875
44	7	1066.2861	11038.5625
44	8	1051.8492	11035.732
44	9	1074.53	11039.348
44	13	1033.0784	11035.966
44	14	1038.0558	11072.028
44	16	1083.744	11039.751
44	17	1027.5038	11068.566
44	18	1037.8209	11079.525
44	19	1024.9696	11035.28
44	20	1090.6974	11040.08
44	22	1021.01434	11067.933
44	25	1099.67	11041.301
44	29	1107.3761	11041.736
44	32	1109.889	11044.063
44	41	1157.6564	11056.905
44	42	1137.0936	11042.123
44	43	1137.6719	11033.521
44	44	1133.8386	11068.614
44	45	1150.0743	11071.091
44	46	1138.7235	11020.653
44	48	1167.3357	11059.364
44	52	1157.9395	11061.445
45	1	1130.6465	11051.76
45	2	1142.689	11053.794
45	3	1145.0454	11059.012
45	4	1061.127	11048.055
45	5	1093.2407	11054.553
45	6	1060.9572	11037.875
45	7	1066.2861	11038.5625
45	8	1051.8414	11035.791
45	9	1074.53	11039.348
45	13	1033.0784	11035.966
45	14	1038.0558	11072.028
45	16	1083.744	11039.751
45	17	1027.5038	11068.566
45	18	1037.8209	11079.525
45	19	1024.9696	11035.28
45	20	1090.6974	11040.08
45	22	1021.01434	11067.933
45	25	1099.67	11041.301
45	29	1107.3761	11041.736
45	32	1109.7148	11044.105
45	41	1158.304	11057.05
45	42	1137.0936	11042.123
45	43	1137.6719	11033.521
45	44	1133.2058	11068.537
45	45	1149.4603	11071.03
45	46	1138.7235	11020.653
45	48	1167.9526	11059.455
45	52	1158.2722	11061.496
46	1	1131.3058	11051.869
46	2	1143.3927	11053.929
46	3	1145.6785	11059.141
46	4	1062.3864	11048.25
46	5	1094.08	11054.62
46	6	1060.9572	11037.875
46	7	1066.2861	11038.5625
46	8	1051.8378	11035.838
46	9	1074.53	11039.348
46	13	1033.0784	11035.966
46	14	1038.0558	11072.028
46	16	1083.744	11039.751
46	17	1027.5038	11068.566
46	18	1037.8209	11079.525
46	19	1024.9696	11035.28
46	20	1090.6974	11040.08
46	22	1021.01434	11067.933
46	25	1099.67	11041.301
46	29	1107.3761	11041.736
46	32	1109.5718	11044.142
46	41	1158.9116	11057.18
46	42	1137.0936	11042.123
46	43	1137.6719	11033.521
46	44	1132.561	11068.455
46	45	1148.8665	11070.958
46	46	1138.7235	11020.653
46	47	1170.2064	11063.756
46	48	1168.585	11059.579
46	52	1158.6128	11061.602
47	1	1131.9384	11051.979
47	2	1144.0968	11054.065
47	3	1146.2926	11059.26
47	4	1063.6036	11048.439
47	5	1094.8986	11054.684
47	6	1060.9572	11037.875
47	7	1066.2861	11038.5625
47	8	1051.8313	11035.889
47	9	1074.53	11039.348
47	13	1033.0784	11035.966
47	14	1038.0558	11072.028
47	16	1083.744	11039.751
47	17	1027.5038	11068.566
47	18	1037.8209	11079.525
47	19	1024.9696	11035.28
47	20	1090.6974	11040.08
47	22	1021.01434	11067.933
47	25	1099.67	11041.301
47	29	1107.3761	11041.736
47	32	1109.3917	11044.192
47	41	1159.5382	11057.324
47	42	1137.0936	11042.123
47	43	1137.6719	11033.521
47	44	1131.8855	11068.369
47	45	1148.301	11070.899
47	46	1138.7235	11020.653
47	47	1170.538	11063.843
47	48	1169.1083	11059.707
47	56	1168.1833	11063.715
48	1	1132.5808	11052.096
48	2	1144.7777	11054.194
48	3	1146.9113	11059.386
48	4	1064.833	11048.634
48	5	1095.6957	11054.744
48	6	1060.9572	11037.875
48	7	1066.2861	11038.5625
48	8	1051.8254	11035.974
48	9	1074.53	11039.348
48	13	1033.0784	11035.966
48	14	1038.0558	11072.028
48	16	1083.744	11039.751
48	17	1027.5038	11068.566
48	18	1037.8209	11079.525
48	19	1024.9696	11035.28
48	20	1090.6974	11040.08
48	22	1021.01434	11067.933
48	25	1099.67	11041.301
48	29	1107.3761	11041.736
48	32	1109.2284	11044.241
48	41	1160.1658	11057.475
48	42	1137.0936	11042.123
48	43	1137.6719	11033.521
48	44	1131.209	11068.273
48	45	1147.7058	11070.822
48	46	1138.7235	11020.653
48	47	1170.5939	11063.912
48	48	1169.7328	11059.84
48	52	1159.2316	11061.863
48	56	1168.3293	11063.743
49	1	1133.216	11052.206
49	2	1145.4961	11054.332
49	3	1147.4858	11059.488
49	4	1066.0621	11048.826
49	5	1096.4717	11054.808
49	6	1060.9572	11037.875
49	7	1066.2861	11038.5625
49	8	1051.8229	11036.019
49	9	1074.53	11039.348
49	13	1033.0784	11035.966
49	14	1038.0558	11072.028
49	16	1083.744	11039.751
49	17	1027.5038	11068.566
49	18	1037.8209	11079.525
49	19	1024.9696	11035.28
49	20	1090.6974	11040.08
49	22	1021.01434	11067.933
49	25	1099.67	11041.301
49	29	1107.3761	11041.736
49	32	1109.0795	11044.284
49	41	1160.7659	11057.612
49	42	1137.0936	11042.123
49	43	1137.6719	11033.521
49	44	1130.5625	11068.196
49	45	1147.11	11070.75
49	46	1138.7235	11020.653
49	47	1170.7495	11063.865
49	48	1170.3438	11059.987
49	52	1159.3724	11062.589
50	1	1133.8427	11052.307
50	2	1146.214	11054.48
50	3	1148.0771	11059.601
50	4	1067.2709	11049.03
50	5	1097.2274	11054.867
50	6	1060.9572	11037.875
50	7	1066.2861	11038.5625
50	8	1051.8171	11036.097
50	9	1074.53	11039.348
50	13	1033.0784	11035.966
50	14	1038.0558	11072.028
50	16	1083.744	11039.751
50	17	1027.5038	11068.566
50	18	1037.8209	11079.525
50	19	1024.9696	11035.28
50	20	1090.6974	11040.08
50	25	1099.67	11041.301
50	29	1107.3761	11041.736
50	32	1108.9102	11044.348
50	41	1161.4053	11057.744
50	42	1137.0936	11042.123
50	43	1137.6719	11033.521
50	44	1129.8741	11068.103
50	45	1146.3798	11070.67
50	46	1138.7235	11020.653
50	47	1170.8807	11063.901
50	48	1170.9495	11060.156
50	49	1160.0748	11061.712
51	1	1134.4768	11052.427
51	2	1146.911	11054.63
51	3	1148.6469	11059.72
51	4	1068.515	11049.22
51	5	1097.963	11054.924
51	6	1060.9572	11037.875
51	7	1066.2861	11038.5625
51	8	1051.8134	11036.141
51	9	1074.53	11039.348
51	13	1033.0784	11035.966
51	14	1038.0558	11072.028
51	16	1083.744	11039.751
51	17	1027.5038	11068.566
51	19	1024.9696	11035.28
51	20	1090.6974	11040.08
51	25	1099.67	11041.301
51	29	1107.3761	11041.736
51	32	1108.7612	11044.411
51	41	1162.0137	11057.86
51	42	1137.0936	11042.123
51	43	1137.6719	11033.521
51	44	1129.1694	11068.01
51	45	1145.7163	11070.592
51	46	1138.7235	11020.653
51	47	1171.0963	11063.916
51	48	1171.506	11060.287
51	49	1160.4395	11061.805
51	56	1168.7927	11063.85
52	1	1135.1249	11052.538
52	2	1147.5923	11054.778
52	3	1149.1691	11059.799
52	4	1069.717	11049.415
52	5	1098.6757	11054.981
52	6	1060.9572	11037.875
52	7	1066.2861	11038.5625
52	8	1051.8102	11036.213
52	9	1074.53	11039.348
52	13	1033.0784	11035.966
52	14	1038.0558	11072.028
52	16	1083.744	11039.751
52	17	1027.5038	11068.566
52	19	1024.9696	11035.28
52	20	1090.6974	11040.08
52	25	1099.67	11041.301
52	29	1107.3761	11041.736
52	32	1108.5728	11044.505
52	41	1162.5635	11057.989
52	42	1137.0936	11042.123
52	43	1137.6719	11033.521
52	44	1128.4626	11067.904
52	45	1145.1333	11070.521
52	46	1138.7235	11020.653
52	47	1171.3069	11063.966
52	48	1172.1062	11060.42
52	49	1160.6935	11061.993
53	1	1135.7677	11052.652
53	2	1148.2599	11054.91
53	3	1149.7026	11059.895
53	4	1070.9214	11049.614
53	5	1099.3683	11055.038
53	6	1060.9572	11037.875
53	7	1066.2861	11038.5625
53	8	1051.8081	11036.28
53	9	1074.53	11039.348
53	13	1033.0784	11035.966
53	14	1038.0558	11072.028
53	16	1083.744	11039.751
53	17	1027.5038	11068.566
53	20	1090.6974	11040.08
53	25	1099.67	11041.301
53	29	1107.3761	11041.736
53	32	1108.3982	11044.596
53	41	1163.2015	11058.127
53	42	1137.0936	11042.123
53	43	1137.6719	11033.521
53	44	1127.7495	11067.809
53	45	1144.6748	11070.462
53	46	1138.7235	11020.653
53	47	1171.4624	11063.962
53	48	1172.6986	11060.62
53	49	1160.9434	11061.917
53	50	1174.6918	11073.154
54	1	1136.3807	11052.762
54	2	1148.9718	11055.065
54	3	1150.2261	11060.009
54	4	1072.1213	11049.805
54	5	1100.0391	11055.09
54	6	1060.9572	11037.875
54	7	1066.2861	11038.5625
54	8	1051.8021	11036.34
54	9	1074.53	11039.348
54	13	1033.0784	11035.966
54	14	1038.0558	11072.028
54	16	1083.744	11039.751
54	17	1027.5038	11068.566
54	20	1090.6974	11040.08
54	25	1099.67	11041.301
54	29	1107.3761	11041.736
54	32	1108.2335	11044.684
54	41	1163.765	11058.257
54	42	1137.0936	11042.123
54	43	1137.6719	11033.521
54	44	1127.0112	11067.709
54	45	1144.0225	11070.395
54	46	1138.7235	11020.653
54	47	1171.6624	11063.996
54	48	1173.3068	11060.777
54	49	1161.2166	11061.976
54	50	1173.7264	11073.122
54	56	1169.2621	11063.933
55	1	1137.0068	11052.869
55	2	1149.6909	11055.229
55	3	1150.7479	11060.101
55	4	1073.3429	11049.997
55	5	1100.6868	11055.144
55	6	1060.9572	11037.875
55	7	1066.2861	11038.5625
55	8	1051.7922	11036.413
55	9	1074.53	11039.348
55	13	1033.0784	11035.966
55	14	1038.0558	11072.028
55	16	1083.744	11039.751
55	17	1027.5038	11068.566
55	20	1090.6974	11040.08
55	25	1099.67	11041.301
55	29	1107.3761	11041.736
55	32	1108.0574	11044.788
55	41	1164.3839	11058.385
55	42	1137.0936	11042.123
55	43	1137.6719	11033.521
55	44	1126.249	11067.6
55	45	1143.3204	11070.328
55	46	1138.7235	11020.653
55	47	1171.8466	11064.002
55	48	1173.8859	11060.99
55	49	1161.4441	11062.042
55	50	1173.4463	11073.102
56	1	1137.6228	11052.9795
56	2	1150.3539	11055.374
56	3	1151.2056	11060.179
56	4	1074.5326	11050.192
56	5	1101.3171	11055.192
56	6	1060.9572	11037.875
56	7	1066.2861	11038.5625
56	8	1051.7799	11036.496
56	9	1074.53	11039.348
56	13	1033.0784	11035.966
56	14	1038.0558	11072.028
56	16	1083.744	11039.751
56	17	1027.5038	11068.566
56	20	1090.6974	11040.08
56	25	1099.67	11041.301
56	29	1107.3761	11041.736
56	32	1107.8804	11044.897
56	41	1164.919	11058.508
56	42	1137.0936	11042.123
56	43	1137.6719	11033.521
56	44	1125.5103	11067.493
56	45	1142.6249	11070.263
56	46	1138.7235	11020.653
56	47	1171.9525	11064.018
56	48	1174.479	11061.105
56	49	1161.6709	11062.095
56	50	1172.9308	11073.075
57	1	1138.2494	11053.095
57	2	1151.0791	11055.535
57	3	1151.6567	11060.265
57	4	1075.7299	11050.382
57	5	1101.9286	11055.245
57	6	1060.9572	11037.875
57	7	1066.2861	11038.5625
57	8	1051.7675	11036.578
57	9	1074.53	11039.348
57	13	1033.0784	11035.966
57	14	1038.0558	11072.028
57	16	1083.744	11039.751
57	17	1027.5038	11068.566
57	20	1090.6974	11040.08
57	25	1099.67	11041.301
57	29	1107.3761	11041.736
57	32	1107.7256	11045.015
57	41	1165.4797	11058.628
57	42	1137.0936	11042.123
57	43	1137.6719	11033.521
57	44	1124.7485	11067.383
57	45	1141.9124	11070.198
57	46	1138.7235	11020.653
57	47	1172.0756	11064.068
57	48	1175.0768	11061.177
57	49	1161.8912	11062.168
57	50	1171.6752	11073.031
57	56	1169.6548	11064.052
58	1	1138.9031	11053.205
58	2	1151.7852	11055.664
58	3	1152.1135	11060.347
58	4	1076.9146	11050.5625
58	5	1102.521	11055.291
58	6	1060.9572	11037.875
58	7	1066.2861	11038.5625
58	8	1051.7529	11036.645
58	9	1074.53	11039.348
58	13	1033.0784	11035.966
58	14	1038.0558	11072.028
58	16	1083.744	11039.751
58	17	1027.5038	11068.566
58	20	1090.6974	11040.08
58	25	1099.67	11041.301
58	29	1107.3761	11041.736
58	32	1107.573	11045.129
58	41	1166.0514	11058.76
58	42	1137.0936	11042.123
58	43	1137.6719	11033.521
58	44	1123.973	11067.276
58	45	1141.2141	11070.13
58	46	1138.7235	11020.653
58	47	1172.2693	11064.053
58	48	1175.654	11061.291
58	49	1162.1073	11062.214
58	50	1171.6111	11072.9795
59	1	1139.5299	11053.323
59	2	1152.4137	11055.797
59	3	1152.5071	11060.439
59	4	1078.0739	11050.743
59	5	1103.0914	11055.344
59	6	1060.9572	11037.875
59	7	1066.2861	11038.5625
59	8	1051.7439	11036.717
59	9	1074.53	11039.348
59	13	1033.0784	11035.966
59	14	1038.0558	11072.028
59	16	1083.744	11039.751
59	20	1090.6974	11040.08
59	25	1099.67	11041.301
59	29	1107.3761	11041.736
59	32	1107.3953	11045.249
59	41	1166.615	11058.891
59	42	1137.0936	11042.123
59	43	1137.6719	11033.521
59	44	1123.1863	11067.172
59	45	1140.4874	11070.07
59	46	1138.7235	11020.653
59	47	1172.3889	11064.091
59	48	1176.2845	11061.442
59	49	1162.2892	11062.266
59	50	1171.0254	11072.926
59	56	1169.951	11064.129
60	1	1140.163	11053.44
60	2	1153.0161	11055.932
60	3	1152.9023	11060.503
60	4	1079.2361	11050.93
60	5	1103.6458	11055.389
60	6	1060.9572	11037.875
60	7	1066.2861	11038.5625
60	8	1051.726	11036.782
60	9	1074.53	11039.348
60	13	1033.0784	11035.966
60	14	1038.0558	11072.028
60	16	1083.744	11039.751
60	20	1090.6974	11040.08
60	25	1099.67	11041.301
60	29	1107.3761	11041.736
60	32	1107.2362	11045.367
60	41	1167.1172	11059.001
60	42	1137.0936	11042.123
60	43	1137.6719	11033.521
60	44	1122.3923	11067.064
60	45	1139.7242	11069.981
60	46	1138.7235	11020.653
60	47	1172.5531	11064.066
60	48	1176.8329	11061.611
60	49	1162.487	11062.298
60	50	1170.2886	11072.837
60	56	1170.0762	11064.165
61	1	1140.8005	11053.558
61	2	1153.6604	11056.0625
61	3	1153.2904	11060.57
61	4	1080.3978	11051.108
61	5	1104.1785	11055.434
61	6	1060.9572	11037.875
61	7	1066.2861	11038.5625
61	8	1051.722	11036.833
61	9	1074.53	11039.348
61	13	1033.0784	11035.966
61	14	1038.0558	11072.028
61	16	1083.744	11039.751
61	20	1090.6974	11040.08
61	25	1099.67	11041.301
61	29	1107.3761	11041.736
61	32	1107.0961	11045.486
61	41	1167.6417	11059.104
61	42	1137.0936	11042.123
61	43	1137.6719	11033.521
61	44	1121.5735	11066.952
61	45	1139.0436	11069.907
61	46	1138.7235	11020.653
61	47	1172.7302	11064.08
61	48	1177.4274	11061.697
61	49	1162.6543	11062.353
61	50	1169.6287	11072.779
61	56	1170.2133	11064.188
62	1	1141.4252	11053.67
62	2	1154.2961	11056.204
62	3	1153.6422	11060.636
62	4	1081.535	11051.285
62	5	1104.6929	11055.478
62	6	1060.9572	11037.875
62	7	1066.2861	11038.5625
62	8	1051.7166	11036.858
62	9	1074.53	11039.348
62	13	1033.0784	11035.966
62	14	1038.0558	11072.028
62	16	1083.744	11039.751
62	20	1090.6974	11040.08
62	25	1099.67	11041.301
62	29	1107.3761	11041.736
62	32	1106.9401	11045.609
62	41	1168.1619	11059.2295
62	42	1137.0936	11042.123
62	43	1137.6719	11033.521
62	44	1120.7751	11066.843
62	45	1138.3531	11069.812
62	46	1138.7235	11020.653
62	47	1172.832	11064.08
62	48	1178.0015	11061.835
62	49	1162.8318	11062.392
62	50	1168.8673	11072.695
62	51	1129.5807	11055.769
63	1	1142.0607	11053.797
63	2	1154.9321	11056.331
63	3	1153.9747	11060.698
63	4	1082.6589	11051.456
63	5	1105.1904	11055.519
63	6	1060.9572	11037.875
63	7	1066.2861	11038.5625
63	8	1051.7175	11036.914
63	9	1074.53	11039.348
63	13	1033.0784	11035.966
63	14	1038.0558	11072.028
63	16	1083.744	11039.751
63	20	1090.6974	11040.08
63	25	1099.67	11041.301
63	29	1107.3761	11041.736
63	32	1106.7933	11045.733
63	41	1168.6805	11059.342
63	42	1137.0936	11042.123
63	43	1137.6719	11033.521
63	44	1119.9467	11066.728
63	45	1137.5469	11069.7
63	46	1138.7235	11020.653
63	47	1172.9889	11064.108
63	48	1178.5728	11061.977
63	49	1163.0054	11062.416
63	50	1168.1019	11072.65
63	51	1130.6316	11055.948
63	56	1170.4681	11064.212
64	1	1142.6721	11053.909
64	2	1155.5436	11056.469
64	3	1154.2931	11060.759
64	4	1083.7689	11051.633
64	5	1105.6699	11055.563
64	6	1060.9572	11037.875
64	7	1066.2861	11038.5625
64	8	1051.7167	11036.923
64	9	1074.53	11039.348
64	13	1033.0784	11035.966
64	14	1038.0558	11072.028
64	16	1083.744	11039.751
64	20	1090.6974	11040.08
64	25	1099.67	11041.301
64	29	1107.3761	11041.736
64	32	1106.6447	11045.85
64	41	1169.2233	11059.466
64	42	1137.0936	11042.123
64	43	1137.6719	11033.521
64	44	1119.0818	11066.611
64	45	1136.7936	11069.601
64	46	1138.7235	11020.653
64	47	1173.1096	11064.146
64	48	1179.1619	11062.035
64	49	1163.1924	11062.441
64	50	1167.2678	11072.58
64	51	1131.5747	11056.074
64	56	1170.607	11064.24
65	1	1143.3043	11054.032
65	2	1156.151	11056.6
65	3	1154.587	11060.82
65	4	1084.8864	11051.8
65	5	1106.1298	11055.603
65	6	1060.9572	11037.875
65	7	1066.2861	11038.5625
65	8	1051.7073	11036.951
65	9	1074.53	11039.348
65	13	1033.0784	11035.966
65	14	1038.0558	11072.028
65	16	1083.744	11039.751
65	20	1090.6974	11040.08
65	25	1099.67	11041.301
65	29	1107.3761	11041.736
65	32	1106.4855	11045.976
65	41	1169.7374	11059.576
65	42	1137.0936	11042.123
65	43	1137.6719	11033.521
65	44	1118.2382	11066.502
65	45	1136.03	11069.493
65	46	1138.7235	11020.653
65	47	1173.2769	11064.175
65	48	1179.7291	11062.103
65	49	1163.3949	11062.519
65	50	1166.4332	11072.504
65	51	1132.6681	11056.254
66	1	1143.8961	11054.148
66	2	1156.77	11056.72
66	3	1154.88	11060.866
66	4	1085.9332	11051.964
66	5	1106.5685	11055.642
66	6	1060.9572	11037.875
66	7	1066.2861	11038.5625
66	8	1051.6996	11036.966
66	9	1074.53	11039.348
66	13	1033.0784	11035.966
66	14	1038.0558	11072.028
66	16	1083.744	11039.751
66	20	1090.6974	11040.08
66	25	1099.67	11041.301
66	29	1107.3761	11041.736
66	32	1106.3159	11046.093
66	41	1170.2703	11059.692
66	42	1137.0936	11042.123
66	43	1137.6719	11033.521
66	44	1117.3945	11066.379
66	45	1135.2264	11069.378
66	46	1138.7235	11020.653
66	47	1173.4463	11064.2
66	48	1180.3108	11062.281
66	49	1163.5862	11062.53
66	50	1165.5675	11072.418
66	51	1133.6138	11056.446
67	1	1144.5227	11054.27
67	2	1157.3535	11056.851
67	3	1155.1577	11060.917
67	4	1086.9832	11052.117
67	5	1106.9874	11055.683
67	6	1060.9572	11037.875
67	7	1066.2861	11038.5625
67	8	1051.7013	11036.983
67	9	1074.53	11039.348
67	13	1033.0784	11035.966
67	14	1038.0558	11072.028
67	16	1083.744	11039.751
67	20	1090.6974	11040.08
67	25	1099.67	11041.301
67	29	1107.3761	11041.736
67	32	1106.133	11046.212
67	41	1170.758	11059.805
67	42	1137.0936	11042.123
67	43	1137.6719	11033.521
67	44	1116.5233	11066.272
67	45	1134.4453	11069.2705
67	46	1138.7235	11020.653
67	47	1173.4895	11064.2
67	48	1180.8802	11062.386
67	49	1163.7369	11062.58
67	50	1164.7605	11072.347
67	51	1134.5757	11056.605
68	1	1145.1484	11054.38
68	2	1157.9832	11056.986
68	3	1155.419	11060.975
68	4	1087.9894	11052.271
68	5	1107.388	11055.716
68	6	1060.9572	11037.875
68	7	1066.2861	11038.5625
68	8	1051.7004	11036.968
68	9	1074.53	11039.348
68	13	1033.0784	11035.966
68	14	1038.0558	11072.028
68	16	1083.744	11039.751
68	20	1090.6974	11040.08
68	25	1099.67	11041.301
68	29	1107.3761	11041.736
68	32	1105.9926	11046.312
68	41	1171.2526	11059.91
68	42	1137.0936	11042.123
68	43	1137.6719	11033.521
68	44	1115.658	11066.152
68	45	1133.6301	11069.143
68	46	1138.7235	11020.653
68	47	1173.5706	11064.228
68	48	1181.3617	11062.303
68	49	1163.9122	11062.622
68	50	1163.9681	11072.286
68	51	1135.5897	11056.776
68	56	1171.0068	11064.346
69	1	1145.779	11054.502
69	2	1158.5985	11057.133
69	3	1155.6359	11061.011
69	4	1088.9457	11052.416
69	5	1107.7698	11055.75
69	6	1060.9572	11037.875
69	7	1066.2861	11038.5625
69	8	1051.6892	11036.983
69	9	1074.53	11039.348
69	14	1038.0558	11072.028
69	16	1083.744	11039.751
69	20	1090.6974	11040.08
69	25	1099.67	11041.301
69	29	1107.3761	11041.736
69	32	1105.792	11046.427
69	41	1171.7677	11060.025
69	42	1137.0936	11042.123
69	43	1137.6719	11033.521
69	44	1114.7755	11066.046
69	45	1132.8672	11069.025
69	46	1138.7235	11020.653
69	47	1173.6838	11064.22
69	48	1181.9286	11062.45
69	49	1164.0675	11062.655
69	50	1163.2036	11072.219
69	51	1136.5051	11056.934
69	56	1171.1111	11064.382
70	1	1146.3993	11054.623
70	2	1159.1979	11057.273
70	3	1155.8475	11061.052
70	4	1089.896	11052.554
70	5	1108.1335	11055.785
70	6	1060.9572	11037.875
70	7	1066.2861	11038.5625
70	8	1051.6891	11036.981
70	9	1074.53	11039.348
70	14	1038.0558	11072.028
70	16	1083.744	11039.751
70	20	1090.6974	11040.08
70	25	1099.67	11041.301
70	29	1107.3761	11041.736
70	32	1105.6373	11046.526
70	41	1172.2487	11060.133
70	42	1137.0936	11042.123
70	43	1137.6719	11033.521
70	44	1113.9146	11065.94
70	45	1132.072	11068.899
70	46	1138.7235	11020.653
70	47	1173.7805	11064.203
70	48	1182.4587	11062.472
70	49	1164.2268	11062.678
70	50	1162.4097	11072.15
70	51	1137.4597	11057.119
70	56	1171.2311	11064.403
71	1	1147.0062	11054.739
71	2	1159.8104	11057.408
71	3	1156.04	11061.095
71	4	1090.7833	11052.687
71	5	1108.4812	11055.813
71	6	1060.9572	11037.875
71	7	1066.2861	11038.5625
71	8	1051.682	11036.973
71	9	1074.53	11039.348
71	14	1038.0558	11072.028
71	16	1083.744	11039.751
71	20	1090.6974	11040.08
71	25	1099.67	11041.301
71	29	1107.3761	11041.736
71	32	1105.4586	11046.634
71	41	1172.7874	11060.243
71	42	1137.0936	11042.123
71	43	1137.6719	11033.521
71	44	1113.0154	11065.822
71	45	1131.2719	11068.7705
71	46	1138.7235	11020.653
71	47	1173.8966	11064.229
71	48	1183.0098	11062.668
71	49	1164.3685	11062.699
71	50	1161.629	11072.093
71	51	1138.3276	11057.289
71	56	1171.328	11064.439
72	1	1147.6357	11054.861
72	2	1160.4255	11057.533
72	3	1156.2205	11061.12
72	4	1091.6034	11052.803
72	5	1108.8131	11055.847
72	6	1060.9572	11037.875
72	7	1066.2861	11038.5625
72	8	1051.6932	11036.948
72	9	1074.53	11039.348
72	14	1038.0558	11072.028
72	16	1083.744	11039.751
72	20	1090.6974	11040.08
72	25	1099.67	11041.301
72	29	1107.3761	11041.736
72	32	1105.288	11046.736
72	41	1173.1926	11060.35
72	42	1137.0936	11042.123
72	43	1137.6719	11033.521
72	44	1112.1195	11065.714
72	45	1130.4779	11068.6455
72	46	1138.7235	11020.653
72	47	1173.9893	11064.262
72	48	1183.5188	11062.826
72	49	1164.5282	11062.717
72	50	1160.8942	11072.026
72	51	1139.089	11057.423
72	55	1146.8564	10989.527
72	56	1171.4203	11064.456
73	1	1148.2421	11054.977
73	2	1161.0122	11057.654
73	3	1156.419	11061.163
73	4	1092.4215	11052.921
73	5	1109.1302	11055.875
73	6	1060.9572	11037.875
73	7	1066.2861	11038.5625
73	8	1051.6931	11036.971
73	9	1074.53	11039.348
73	14	1038.0558	11072.028
73	16	1083.744	11039.751
73	20	1090.6974	11040.08
73	25	1099.67	11041.301
73	29	1107.3761	11041.736
73	32	1105.0931	11046.875
73	41	1173.7236	11060.457
73	42	1137.0936	11042.123
73	43	1137.6719	11033.521
73	44	1111.221	11065.603
73	45	1129.66	11068.508
73	46	1138.7235	11020.653
73	47	1174.0872	11064.289
73	48	1184.0	11062.73
73	49	1164.7041	11062.79
73	50	1160.0865	11071.955
73	51	1139.8994	11057.577
73	55	1146.7821	10990.719
73	56	1171.5255	11064.492
74	1	1148.8512	11055.094
74	2	1161.6172	11057.795
74	3	1156.5964	11061.202
74	4	1093.1768	11053.029
74	5	1109.4319	11055.902
74	6	1060.9572	11037.875
74	7	1066.2861	11038.5625
74	8	1051.6995	11036.964
74	9	1074.53	11039.348
74	14	1038.0558	11072.028
74	16	1083.744	11039.751
74	20	1090.6974	11040.08
74	25	1099.67	11041.301
74	29	1107.3761	11041.736
74	32	1104.9259	11046.9795
74	41	1174.2551	11060.531
74	42	1137.0936	11042.123
74	43	1137.6719	11033.521
74	44	1110.3112	11065.499
74	45	1128.8414	11068.369
74	46	1138.7235	11020.653
74	47	1174.1501	11064.297
74	48	1184.5457	11062.7
74	49	1164.8319	11062.839
74	50	1159.3634	11071.894
74	51	1140.7368	11057.694
74	54	1034.6697	11041.253
74	55	1146.6982	10991.973
74	56	1171.6302	11064.527
75	1	1149.463	11055.219
75	2	1162.2434	11057.936
75	3	1156.7539	11061.225
75	4	1093.9502	11053.139
75	5	1109.7175	11055.93
75	6	1060.9572	11037.875
75	7	1066.2861	11038.5625
75	8	1051.7079	11036.959
75	9	1074.53	11039.348
75	14	1038.0558	11072.028
75	16	1083.744	11039.751
75	20	1090.6974	11040.08
75	25	1099.67	11041.301
75	29	1107.3761	11041.736
75	32	1104.7937	11047.113
75	41	1174.6771	11060.649
75	42	1137.0936	11042.123
75	43	1137.6719	11033.521
75	44	1109.4004	11065.4
75	45	1128.0256	11068.231
75	46	1138.7235	11020.653
75	47	1174.259	11064.311
75	48	1185.0405	11062.802
75	49	1165.0225	11062.842
75	50	1158.5116	11071.808
75	51	1141.3975	11057.843
75	54	1036.1453	11041.444
75	55	1146.6241	10993.2
76	1	1150.0747	11055.341
76	2	1162.8291	11058.0625
76	3	1156.9188	11061.25
76	4	1094.681	11053.237
76	5	1109.9886	11055.955
76	6	1060.9572	11037.875
76	7	1066.2861	11038.5625
76	8	1051.6915	11036.946
76	9	1074.53	11039.348
76	14	1038.0558	11072.028
76	16	1083.744	11039.751
76	20	1090.6974	11040.08
76	25	1099.67	11041.301
76	29	1107.3761	11041.736
76	32	1104.6024	11047.241
76	41	1175.2338	11060.745
76	42	1137.0936	11042.123
76	43	1137.6719	11033.521
76	44	1108.4755	11065.302
76	45	1127.2412	11068.099
76	46	1138.7235	11020.653
76	47	1174.3647	11064.312
76	49	1165.2152	11062.887
76	50	1157.7775	11071.749
76	51	1142.0696	11057.96
76	54	1037.5658	11041.622
76	55	1146.5414	10994.391
77	1	1150.6941	11055.462
77	2	1163.3882	11058.185
77	3	1157.0897	11061.29
77	4	1095.345	11053.333
77	5	1110.2441	11055.978
77	6	1060.9572	11037.875
77	7	1066.2861	11038.5625
77	8	1051.695	11036.981
77	9	1074.53	11039.348
77	14	1038.0558	11072.028
77	16	1083.744	11039.751
77	20	1090.6974	11040.08
77	25	1099.67	11041.301
77	29	1107.3761	11041.736
77	32	1104.4268	11047.408
77	41	1175.7106	11060.841
77	42	1137.0936	11042.123
77	43	1137.6719	11033.521
77	44	1107.5225	11065.206
77	45	1126.3849	11067.952
77	46	1138.7235	11020.653
77	47	1174.5009	11064.33
77	48	1185.9875	11063.108
77	49	1165.3007	11062.906
77	50	1156.9232	11071.677
77	51	1142.6884	11058.067
77	54	1038.9985	11041.807
77	55	1146.4637	10995.577
77	57	1144.4907	10987.063
78	1	1151.3007	11055.581
78	2	1163.9917	11058.307
78	3	1157.2651	11061.319
78	4	1096.0182	11053.428
78	5	1110.4873	11056.002
78	6	1060.9572	11037.875
78	7	1066.2861	11038.5625
78	8	1051.6967	11036.98
78	9	1074.53	11039.348
78	14	1038.0558	11072.028
78	16	1083.744	11039.751
78	20	1090.6974	11040.08
78	25	1099.67	11041.301
78	29	1107.3761	11041.736
78	32	1104.2373	11047.579
78	41	1176.1672	11060.972
78	42	1137.0936	11042.123
78	43	1137.6719	11033.521
78	44	1106.5848	11065.112
78	45	1125.5326	11067.814
78	46	1138.7235	11020.653
78	47	1174.5292	11064.339
78	48	1186.3696	11063.244
78	49	1165.4364	11062.912
78	50	1156.1636	11071.613
78	51	1143.2938	11058.2
78	54	1040.4188	11041.9795
78	55	1146.3889	10996.768
78	57	1144.3265	10988.69
79	1	1151.9467	11055.708
79	2	1164.5664	11058.434
79	3	1157.4111	11061.345
79	4	1096.6658	11053.514
79	5	1110.7202	11056.025
79	6	1060.9572	11037.875
79	7	1066.2861	11038.5625
79	8	1051.7059	11036.985
79	9	1074.53	11039.348
79	14	1038.0558	11072.028
79	16	1083.744	11039.751
79	20	1090.6974	11040.08
79	25	1099.67	11041.301
79	29	1107.3761	11041.736
79	32	1104.0925	11047.75
79	41	1176.6709	11061.049
79	42	1137.0936	11042.123
79	43	1137.6719	11033.521
79	44	1105.6417	11065.013
79	45	1124.693	11067.67
79	46	1138.7235	11020.653
79	47	1174.669	11064.342
79	48	1186.8629	11063.495
79	49	1165.6068	11062.938
79	50	1155.4491	11071.549
79	51	1143.9187	11058.321
79	54	1041.8623	11042.165
79	55	1146.3198	10997.947
79	57	1144.1697	10990.319
80	1	1152.5648	11055.831
80	2	1165.1215	11058.557
80	3	1157.5735	11061.373
80	4	1097.2594	11053.598
80	5	1110.9432	11056.045
80	6	1060.9572	11037.875
80	7	1066.2861	11038.5625
80	8	1051.7045	11037.024
80	9	1074.53	11039.348
80	14	1038.0558	11072.028
80	16	1083.744	11039.751
80	20	1090.6974	11040.08
80	25	1099.67	11041.301
80	29	1107.3761	11041.736
80	32	1103.9637	11047.959
80	41	1177.1578	11061.123
80	42	1137.0936	11042.123
80	43	1137.6719	11033.521
80	44	1104.6943	11064.913
80	45	1123.8589	11067.536
80	46	1138.7235	11020.653
80	47	1174.6882	11064.362
80	49	1165.784	11062.979
80	50	1154.7349	11071.478
80	51	1144.3873	11058.425
80	54	1043.2819	11042.339
80	55	1146.2473	10999.071
80	57	1143.9985	10991.999
81	1	1153.1805	11055.949
81	2	1165.666	11058.684
81	3	1157.7314	11061.412
81	4	1097.8263	11053.674
81	5	1111.1562	11056.067
81	6	1060.9572	11037.875
81	7	1066.2861	11038.5625
81	8	1051.7018	11037.01
81	9	1074.53	11039.348
81	14	1038.0558	11072.028
81	16	1083.744	11039.751
81	20	1090.6974	11040.08
81	25	1099.67	11041.301
81	29	1107.3761	11041.736
81	32	1103.8309	11048.142
81	42	1137.0936	11042.123
81	43	1137.6719	11033.521
81	44	1103.7443	11064.826
81	45	1123.0201	11067.405
81	46	1138.7235	11020.653
81	47	1174.7029	11064.355
81	48	1187.7023	11063.663
81	49	1165.9448	11063.035
81	50	1153.974	11071.406
81	51	1144.8538	11058.53
81	54	1044.722	11042.525
81	55	1146.1663	11000.174
81	57	1143.8291	10993.615
82	1	1153.7982	11056.068
82	2	1166.2473	11058.8125
82	3	1157.894	11061.436
82	4	1098.3397	11053.745
82	5	1111.36	11056.088
82	6	1060.9572	11037.875
82	7	1066.2861	11038.5625
82	8	1051.7048	11036.985
82	9	1074.53	11039.348
82	14	1038.0558	11072.028
82	16	1083.744	11039.751
82	20	1090.6974	11040.08
82	25	1099.67	11041.301
82	29	1107.3761	11041.736
82	32	1103.709	11048.322
82	42	1137.0936	11042.123
82	43	1137.6719	11033.521
82	44	1102.785	11064.74
82	45	1122.1796	11067.277
82	46	1138.7235	11020.653
82	47	1174.7649	11064.363
82	49	1166.0653	11063.048
82	50	1153.2057	11071.337
82	51	1145.3367	11058.618
82	54	1046.1285	11042.723
82	55	1146.0897	11001.311
82	57	1143.6796	10995.267
83	1	1154.3862	11056.185
83	2	1166.7751	11058.931
83	3	1158.0332	11061.456
83	4	1098.8646	11053.816
83	5	1111.5553	11056.105
83	6	1060.9572	11037.875
83	7	1066.2861	11038.5625
83	8	1051.7129	11036.994
83	9	1074.53	11039.348
83	14	1038.0558	11072.028
83	16	1083.744	11039.751
83	20	1090.6974	11040.08
83	25	1099.67	11041.301
83	29	1107.3761	11041.736
83	32	1103.5958	11048.527
83	42	1137.0936	11042.123
83	43	1137.6719	11033.521
83	44	1101.7728	11064.641
83	45	1121.3033	11067.141
83	46	1138.7235	11020.653
83	47	1174.7953	11064.362
83	49	1166.163	11063.059
83	50	1152.4666	11071.2705
83	51	1145.7944	11058.718
83	54	1047.5411	11042.891
83	55	1146.0172	11002.387
83	57	1143.5176	10996.87
84	1	1154.9755	11056.305
84	2	1167.3125	11059.049
84	3	1158.174	11061.479
84	4	1099.3378	11053.884
84	5	1111.743	11056.125
84	6	1060.9572	11037.875
84	7	1066.2861	11038.5625
84	8	1051.6976	11037.015
84	9	1074.53	11039.348
84	14	1038.0558	11072.028
84	16	1083.744	11039.751
84	20	1090.6974	11040.08
84	25	1099.67	11041.301
84	29	1107.3761	11041.736
84	32	1103.467	11048.752
84	42	1137.0936	11042.123
84	43	1137.6719	11033.521
84	44	1100.7922	11064.546
84	45	1120.3773	11066.99
84	46	1138.7235	11020.653
84	47	1174.8575	11064.363
84	49	1166.2914	11063.069
84	50	1151.661	11071.191
84	51	1146.2471	11058.765
84	54	1048.9515	11043.059
84	55	1145.9368	11003.445
84	57	1143.3556	10998.496
85	1	1155.5846	11056.432
85	2	1167.8362	11059.155
85	3	1158.3414	11061.512
85	4	1099.803	11053.941
85	5	1111.922	11056.143
85	6	1060.9572	11037.875
85	7	1066.2861	11038.5625
85	8	1051.694	11037.018
85	9	1074.53	11039.348
85	14	1038.0558	11072.028
85	16	1083.744	11039.751
85	20	1090.6974	11040.08
85	25	1099.67	11041.301
85	29	1107.3761	11041.736
85	32	1103.3903	11048.933
85	42	1137.0936	11042.123
85	43	1137.6719	11033.521
85	44	1099.7843	11064.462
85	45	1119.4678	11066.857
85	46	1138.7235	11020.653
85	47	1174.8396	11064.358
85	50	1150.9073	11071.143
85	51	1146.6748	11058.867
85	54	1050.3525	11043.24
85	55	1145.8475	11004.54
85	57	1143.2217	11000.123
86	1	1156.1765	11056.552
86	2	1168.3242	11059.2705
86	3	1158.4856	11061.559
86	4	1100.2286	11054.001
86	5	1112.0942	11056.16
86	6	1060.9572	11037.875
86	7	1066.2861	11038.5625
86	8	1051.6997	11037.0
86	9	1074.53	11039.348
86	14	1038.0558	11072.028
86	16	1083.744	11039.751
86	20	1090.6974	11040.08
86	25	1099.67	11041.301
86	29	1107.3761	11041.736
86	32	1103.293	11049.136
86	42	1137.0936	11042.123
86	43	1137.6719	11033.521
86	44	1098.7698	11064.362
86	45	1118.5067	11066.705
86	46	1138.7235	11020.653
86	47	1174.8645	11064.366
86	49	1166.5221	11063.129
86	50	1150.1461	11071.048
86	51	1147.0704	11058.91
86	54	1051.7533	11043.412
86	55	1145.7705	11005.557
86	57	1143.0536	11001.694
87	1	1156.7701	11056.677
87	2	1168.8192	11059.371
87	3	1158.6128	11061.583
87	4	1100.6108	11054.057
87	5	1112.2599	11056.175
87	6	1060.9572	11037.875
87	7	1066.2861	11038.5625
87	8	1051.7043	11037.002
87	9	1074.53	11039.348
87	14	1038.0558	11072.028
87	16	1083.744	11039.751
87	20	1090.6974	11040.08
87	25	1099.67	11041.301
87	29	1107.3761	11041.736
87	32	1103.2146	11049.302
87	42	1137.0936	11042.123
87	43	1137.6719	11033.521
87	44	1097.7422	11064.272
87	45	1117.6143	11066.576
87	46	1138.7235	11020.653
87	47	1174.9242	11064.36
87	49	1166.5554	11063.131
87	50	1149.3424	11070.9795
87	51	1147.3052	11059.0
87	54	1053.1511	11043.575
87	55	1145.7134	11006.592
87	57	1142.9241	11003.274
88	1	1157.3704	11056.802
88	2	1169.3245	11059.476
88	3	1158.7827	11061.615
88	4	1101.0167	11054.114
88	5	1112.4172	11056.19
88	6	1060.9572	11037.875
88	7	1066.2861	11038.5625
88	8	1051.7014	11037.003
88	9	1074.53	11039.348
88	14	1038.0558	11072.028
88	16	1083.744	11039.751
88	20	1090.6974	11040.08
88	25	1099.67	11041.301
88	29	1107.3761	11041.736
88	32	1103.126	11049.503
88	42	1137.0936	11042.123
88	43	1137.6719	11033.521
88	44	1096.704	11064.178
88	45	1116.7389	11066.4375
88	46	1138.7235	11020.653
88	47	1174.9458	11064.358
88	49	1166.5784	11063.13
88	50	1148.5454	11070.897
88	51	1147.7705	11059.13
88	54	1054.5334	11043.755
88	55	1145.6544	11007.64
88	57	1142.7935	11004.853
89	1	1157.9586	11056.934
89	2	1169.8005	11059.59
89	3	1158.928	11061.651
89	4	1101.3855	11054.169
89	5	1112.5677	11056.205
89	6	1060.9572	11037.875
89	7	1066.2861	11038.5625
89	8	1051.7107	11037.017
89	9	1074.53	11039.348
89	14	1038.0558	11072.028
89	16	1083.744	11039.751
89	20	1090.6974	11040.08
89	25	1099.67	11041.301
89	29	1107.3761	11041.736
89	32	1103.026	11049.701
89	42	1137.0936	11042.123
89	43	1137.6719	11033.521
89	44	1095.6969	11064.086
89	45	1115.817	11066.3
89	46	1138.7235	11020.653
89	47	1175.0002	11064.373
89	50	1147.803	11070.813
89	51	1148.207	11059.247
89	54	1055.9032	11043.918
89	57	1142.6794	11006.445
89	65	1186.4806	11067.267
90	1	1158.5388	11057.054
90	2	1170.2941	11059.698
90	3	1159.0691	11061.689
90	4	1101.7139	11054.218
90	5	1112.7137	11056.219
90	6	1060.9572	11037.875
90	7	1066.2861	11038.5625
90	8	1051.7164	11036.989
90	9	1074.53	11039.348
90	14	1038.0558	11072.028
90	16	1083.744	11039.751
90	20	1090.6974	11040.08
90	25	1099.67	11041.301
90	29	1107.3761	11041.736
90	32	1102.9441	11049.879
90	42	1137.0936	11042.123
90	43	1137.6719	11033.521
90	44	1094.6511	11063.987
90	45	1114.8818	11066.161
90	46	1138.7235	11020.653
90	47	1175.0101	11064.374
90	49	1166.7332	11063.169
90	50	1147.0187	11070.7
90	51	1148.4971	11059.246
90	54	1057.2886	11044.086
90	57	1142.5413	11007.969
90	65	1186.5292	11067.269
