0	1	-845.35297	-3276.1562
0	2	-811.5588	-3269.6748
0	3	-813.13385	-3221.4473
0	4	-850.5542	-3256.4224
0	5	-858.5185	-3254.3271
0	6	-864.9555	-3253.073
0	7	-840.9465	-3262.2131
0	8	-851.3313	-3275.1416
0	9	-818.22406	-3261.9507
0	10	-810.1332	-3266.4646
0	11	-908.64966	-3236.7268
0	12	-810.43646	-3232.2341
0	13	-908.61957	-3231.5898
0	14	-804.03485	-3278.5488
0	15	-795.21155	-3296.269
0	16	-921.1722	-3242.7136
0	22	-865.6575	-3293.9863
1	1	-845.0343	-3275.7307
1	2	-811.99756	-3269.433
1	3	-813.8266	-3222.2659
1	4	-850.55426	-3256.4224
1	5	-858.5185	-3254.3271
1	6	-864.8103	-3253.1125
1	7	-841.74567	-3263.233
1	8	-852.0698	-3276.113
1	9	-818.22406	-3261.9507
1	10	-810.12305	-3266.4695
1	11	-908.64966	-3236.7268
1	12	-809.5183	-3230.881
1	13	-908.61957	-3231.5898
1	14	-802.97925	-3279.0947
1	15	-795.21155	-3296.269
1	16	-921.1722	-3242.7136
1	22	-866.27246	-3294.8782
2	1	-844.71234	-3275.2961
2	2	-812.42084	-3269.18
2	3	-814.5699	-3223.1558
2	4	-850.5543	-3256.4224
2	5	-858.5185	-3254.3271
2	6	-864.80646	-3253.1282
2	7	-842.5269	-3264.2642
2	8	-852.8122	-3277.0945
2	9	-818.22406	-3261.9507
2	10	-810.1241	-3266.4685
2	11	-908.64966	-3236.7268
2	12	-808.6048	-3229.5444
2	13	-908.61957	-3231.5898
2	14	-801.9668	-3279.5923
2	15	-795.21155	-3296.269
2	16	-921.1722	-3242.7136
2	22	-866.72784	-3295.582
3	1	-844.4105	-3274.89
3	2	-812.8435	-3268.9446
3	3	-815.28284	-3224.0222
3	4	-850.55426	-3256.4224
3	5	-858.5185	-3254.3271
3	6	-864.8224	-3253.109
3	7	-843.30664	-3265.2898
3	8	-853.5483	-3278.0693
3	9	-818.22406	-3261.9507
3	10	-810.12805	-3266.4683
3	11	-908.64966	-3236.7268
3	12	-807.6953	-3228.2012
3	13	-908.61957	-3231.5898
3	14	-800.9441	-3280.1038
3	15	-795.21155	-3296.269
3	16	-921.1722	-3242.7136
3	22	-867.35974	-3296.5078
4	1	-844.13367	-3274.5144
4	2	-813.2705	-3268.6997
4	3	-815.9753	-3224.86
4	4	-850.5542	-3256.4224
4	5	-858.5185	-3254.3271
4	7	-844.08325	-3266.309
4	8	-854.292	-3279.059
4	9	-818.22406	-3261.9507
4	10	-810.12396	-3266.4722
4	11	-908.64966	-3236.7268
4	12	-806.7935	-3226.8616
4	13	-908.61957	-3231.5898
4	14	-799.86743	-3280.6355
4	15	-795.21155	-3296.269
4	16	-921.1722	-3242.7136
4	22	-868.0906	-3297.4802
5	1	-843.8774	-3274.1648
5	2	-813.63153	-3268.4812
5	3	-816.6431	-3225.6675
5	4	-850.5542	-3256.422
5	5	-858.5185	-3254.3271
5	6	-864.78345	-3253.098
5	7	-844.863	-3267.3372
5	8	-855.0303	-3280.0454
5	9	-818.22406	-3261.9507
5	10	-810.13324	-3266.4675
5	11	-908.64966	-3236.7268
5	12	-805.9033	-3225.5344
5	13	-908.61957	-3231.5898
5	14	-798.8393	-3281.1392
5	15	-795.21155	-3296.269
5	16	-921.1722	-3242.7136
5	22	-868.8628	-3298.502
6	1	-843.60376	-3273.7834
6	2	-813.9965	-3268.2686
6	3	-817.3058	-3226.496
6	4	-850.5542	-3256.422
6	5	-858.5185	-3254.3271
6	6	-864.71313	-3253.1143
6	7	-845.65234	-3268.3733
6	8	-855.7755	-3281.0454
6	9	-818.22406	-3261.9507
6	10	-810.12964	-3266.4712
6	11	-908.64966	-3236.7268
6	12	-805.01215	-3224.2083
6	13	-908.61957	-3231.5898
6	14	-797.783	-3281.661
6	15	-795.21155	-3296.269
6	16	-921.1722	-3242.7136
7	1	-843.3436	-3273.4512
7	2	-814.3418	-3268.0708
7	3	-817.96387	-3227.303
7	4	-850.55426	-3256.4224
7	5	-858.5185	-3254.3271
7	6	-864.65906	-3253.122
7	7	-846.4306	-3269.4023
7	8	-856.5282	-3282.059
7	9	-818.22406	-3261.9507
7	10	-810.12146	-3266.4734
7	11	-908.64966	-3236.7268
7	12	-804.1322	-3222.8896
7	13	-908.61957	-3231.5898
7	14	-796.71045	-3282.1653
7	15	-795.21155	-3296.269
7	16	-921.1722	-3242.7136
8	1	-843.09955	-3273.1233
8	2	-814.6687	-3267.8809
8	3	-818.59644	-3228.102
8	4	-850.55426	-3256.4224
8	5	-858.5185	-3254.3271
8	6	-864.5795	-3253.1475
8	7	-847.21484	-3270.4348
8	8	-857.28015	-3283.063
8	9	-818.22406	-3261.9507
8	10	-810.11725	-3266.4778
8	11	-908.64966	-3236.7268
8	12	-803.22327	-3221.5754
8	13	-908.61957	-3231.5898
8	14	-795.6128	-3282.692
8	15	-795.21155	-3296.269
8	16	-921.1722	-3242.7136
9	1	-842.8726	-3272.8167
9	2	-814.99567	-3267.6934
9	3	-819.21533	-3228.8738
9	4	-850.5542	-3256.4224
9	5	-858.5185	-3254.3271
9	6	-864.56866	-3253.1562
9	7	-847.9969	-3271.464
9	8	-857.9909	-3284.0195
9	9	-818.22406	-3261.9507
9	10	-810.1227	-3266.4736
9	11	-908.64966	-3236.7268
9	12	-802.31006	-3220.2212
9	13	-908.61957	-3231.5898
9	14	-794.5406	-3283.1775
9	15	-795.21155	-3296.269
9	16	-921.1722	-3242.7136
10	1	-842.6528	-3272.533
10	2	-815.30786	-3267.5098
10	3	-819.8435	-3229.674
10	4	-850.55414	-3256.4224
10	5	-858.5185	-3254.3271
10	6	-864.59235	-3253.1443
10	7	-848.7688	-3272.495
10	8	-858.6822	-3284.9924
10	9	-818.22406	-3261.9507
10	10	-810.1259	-3266.481
10	11	-908.64966	-3236.7268
10	12	-801.3797	-3218.867
10	13	-908.61957	-3231.5898
10	14	-793.44006	-3283.6814
10	15	-795.21155	-3296.269
10	16	-921.1722	-3242.7136
11	1	-842.4528	-3272.2483
11	2	-815.6018	-3267.3345
11	3	-820.4537	-3230.4536
11	4	-850.5541	-3256.4224
11	5	-858.5185	-3254.3271
11	6	-864.63885	-3253.126
11	7	-849.5542	-3273.5195
11	8	-859.44434	-3285.9822
11	9	-818.22406	-3261.9507
11	10	-810.1244	-3266.4817
11	11	-908.64966	-3236.7268
11	12	-800.50116	-3217.5544
11	13	-908.61957	-3231.5898
11	14	-792.30725	-3284.17
11	15	-795.21155	-3296.269
11	16	-921.1722	-3242.7136
12	1	-842.2501	-3271.9758
12	2	-815.8713	-3267.1772
12	3	-821.0553	-3231.2239
12	4	-850.5542	-3256.4224
12	5	-858.5185	-3254.3271
12	6	-864.67914	-3253.1223
12	7	-850.33185	-3274.5261
12	8	-860.1852	-3287.0046
12	9	-818.22406	-3261.9507
12	10	-810.1284	-3266.482
12	11	-908.64966	-3236.7268
12	12	-799.60474	-3216.2163
12	13	-908.61957	-3231.5898
12	14	-791.2003	-3284.6653
12	15	-795.21155	-3296.269
12	16	-921.1722	-3242.7136
13	1	-842.0508	-3271.7097
13	2	-816.1462	-3267.0146
13	3	-821.61536	-3231.9282
13	4	-850.5543	-3256.4226
13	5	-858.5185	-3254.3271
13	6	-864.5933	-3253.134
13	7	-851.09216	-3275.5596
13	9	-818.22406	-3261.9507
13	10	-810.1255	-3266.484
13	11	-908.64966	-3236.7268
13	12	-798.72107	-3214.8782
13	13	-908.61957	-3231.5898
13	14	-790.07336	-3285.1465
13	15	-795.21155	-3296.269
13	16	-921.1722	-3242.7136
14	1	-841.8562	-3271.4575
14	2	-816.3865	-3266.874
14	3	-822.18976	-3232.6704
14	4	-850.5544	-3256.4226
14	5	-858.5185	-3254.3271
14	6	-864.5958	-3253.1401
14	7	-851.8617	-3276.5684
14	9	-818.22406	-3261.9507
14	10	-810.14087	-3266.4736
14	11	-908.64966	-3236.7268
14	12	-797.8111	-3213.5781
14	13	-908.61957	-3231.5898
14	14	-788.91406	-3285.6443
14	15	-795.21155	-3296.269
14	16	-921.1722	-3242.7136
15	1	-841.67816	-3271.21
15	2	-816.61206	-3266.7383
15	3	-822.773	-3233.4382
15	4	-850.55444	-3256.4226
15	5	-858.5185	-3254.3271
15	6	-864.5784	-3253.1516
15	7	-852.638	-3277.5776
15	9	-818.22406	-3261.9507
15	10	-810.1391	-3266.4783
15	11	-908.64966	-3236.7268
15	13	-908.61957	-3231.5898
15	14	-787.7199	-3286.11
15	15	-795.21155	-3296.269
15	16	-921.1722	-3242.7136
16	1	-841.5006	-3270.9639
16	2	-816.82654	-3266.611
16	3	-823.31586	-3234.1506
16	4	-850.55444	-3256.4226
16	5	-858.5185	-3254.3271
16	6	-864.5516	-3253.154
16	7	-853.4282	-3278.6038
16	9	-818.22406	-3261.9507
16	10	-810.13043	-3266.4917
16	11	-908.64966	-3236.7268
16	13	-908.61957	-3231.5898
16	14	-786.55426	-3286.596
16	15	-795.21155	-3296.269
16	16	-921.1722	-3242.7136
16	17	-866.3611	-3310.9219
17	1	-841.32434	-3270.72
17	2	-817.04694	-3266.486
17	3	-823.8644	-3234.8762
17	4	-850.55444	-3256.4226
17	5	-858.5185	-3254.3271
17	7	-854.1894	-3279.618
17	9	-818.22406	-3261.9507
17	10	-810.1239	-3266.496
17	11	-908.64966	-3236.7268
17	13	-908.61957	-3231.5898
17	14	-785.3943	-3287.0684
17	15	-795.21155	-3296.269
17	16	-921.1722	-3242.7136
17	17	-865.44086	-3309.6506
18	1	-841.15234	-3270.48
18	2	-817.2285	-3266.3816
18	3	-824.38214	-3235.569
18	4	-850.55444	-3256.4226
18	5	-858.5185	-3254.3271
18	6	-864.5225	-3253.1677
18	7	-854.9793	-3280.6387
18	9	-818.22406	-3261.9507
18	10	-810.1211	-3266.4902
18	11	-908.64966	-3236.7268
18	12	-794.355	-3208.4915
18	13	-908.61957	-3231.5898
18	14	-784.1977	-3287.5642
18	15	-795.21155	-3296.269
18	16	-921.1722	-3242.7136
18	17	-864.5269	-3308.3774
19	1	-840.99243	-3270.25
19	2	-817.4255	-3266.2632
19	3	-824.89124	-3236.2622
19	4	-850.55444	-3256.4226
19	5	-858.5185	-3254.3271
19	6	-864.50226	-3253.1726
19	7	-855.74493	-3281.6467
19	9	-818.22406	-3261.9507
19	10	-810.1215	-3266.4788
19	11	-908.64966	-3236.7268
19	12	-793.3551	-3207.1218
19	13	-908.61957	-3231.5898
19	14	-783.06415	-3288.0354
19	15	-795.21155	-3296.269
19	16	-921.1722	-3242.7136
19	17	-863.623	-3307.0854
20	1	-840.83453	-3270.0278
20	2	-817.5998	-3266.163
20	3	-825.37085	-3236.921
20	4	-850.55457	-3256.4226
20	5	-858.5185	-3254.3271
20	6	-864.4705	-3253.1636
20	7	-856.51117	-3282.6619
20	9	-818.22406	-3261.9507
20	10	-810.11896	-3266.4802
20	11	-908.64966	-3236.7268
20	12	-792.3967	-3205.7766
20	13	-908.61957	-3231.5898
20	14	-781.82904	-3288.5417
20	15	-795.21155	-3296.269
20	16	-921.1722	-3242.7136
20	17	-862.75104	-3305.9148
21	1	-840.67426	-3269.8025
21	2	-817.77386	-3266.0637
21	3	-825.83984	-3237.5671
21	4	-850.5545	-3256.4226
21	5	-858.5185	-3254.3271
21	6	-864.4938	-3253.1511
21	7	-857.2526	-3283.6553
21	9	-818.22406	-3261.9507
21	10	-810.1191	-3266.4707
21	11	-908.64966	-3236.7268
21	13	-908.61957	-3231.5898
21	15	-795.21155	-3296.269
21	16	-921.1722	-3242.7136
22	1	-840.51904	-3269.5762
22	2	-817.926	-3265.9688
22	3	-826.30646	-3238.2266
22	4	-850.5546	-3256.4226
22	5	-858.5185	-3254.3271
22	6	-864.5061	-3253.1611
22	7	-858.0088	-3284.655
22	9	-818.22406	-3261.9507
22	10	-810.1201	-3266.4673
22	11	-908.64966	-3236.7268
22	13	-908.61957	-3231.5898
22	15	-795.21155	-3296.269
22	16	-921.1722	-3242.7136
22	17	-860.9175	-3303.4053
22	19	-849.13916	-3230.9033
23	1	-840.36774	-3269.3542
23	2	-818.0842	-3265.8796
23	3	-826.7728	-3238.883
23	4	-850.5546	-3256.4226
23	5	-858.5185	-3254.3271
23	6	-864.47687	-3253.1763
23	7	-858.7135	-3285.597
23	9	-818.22406	-3261.9507
23	10	-810.1334	-3266.4543
23	11	-908.64966	-3236.7268
23	13	-908.61957	-3231.5898
23	15	-795.21155	-3296.269
23	16	-921.1722	-3242.7136
23	17	-859.9886	-3302.1333
23	19	-849.0891	-3230.9495
24	1	-840.22394	-3269.1436
24	2	-818.2192	-3265.8035
24	3	-827.26355	-3239.5635
24	4	-850.5548	-3256.4229
24	5	-858.5185	-3254.3271
24	6	-864.55035	-3253.1626
24	7	-859.4483	-3286.5784
24	9	-818.22406	-3261.9507
24	10	-810.13947	-3266.4473
24	11	-908.64966	-3236.7268
24	13	-908.61957	-3231.5898
24	15	-795.21155	-3296.269
24	16	-921.1722	-3242.7136
24	17	-859.08887	-3300.907
24	19	-849.0682	-3230.9602
25	1	-840.09106	-3268.942
25	2	-818.3621	-3265.721
25	3	-827.72565	-3240.2156
25	4	-850.5548	-3256.4229
25	5	-858.5185	-3254.3271
25	6	-864.6134	-3253.1404
25	7	-860.2129	-3287.578
25	9	-818.22406	-3261.9507
25	10	-810.13635	-3266.4492
25	11	-908.64966	-3236.7268
25	13	-908.61957	-3231.5898
25	16	-921.1722	-3242.7136
25	17	-858.1889	-3299.6545
25	18	-795.23004	-3296.2224
25	19	-849.036	-3230.9639
26	1	-839.9673	-3268.7502
26	2	-818.477	-3265.648
26	3	-828.17163	-3240.8323
26	4	-850.55493	-3256.4229
26	5	-858.5185	-3254.3271
26	6	-864.69556	-3253.1038
26	9	-818.22406	-3261.9507
26	10	-810.1393	-3266.4438
26	11	-908.64966	-3236.7268
26	13	-908.61957	-3231.5898
26	16	-921.1722	-3242.7136
26	17	-857.2633	-3298.3909
26	18	-795.23004	-3296.2224
26	19	-849.0481	-3230.9602
27	1	-839.84796	-3268.5596
27	2	-818.60657	-3265.5752
27	3	-828.6342	-3241.462
27	4	-850.555	-3256.4229
27	5	-858.5185	-3254.3271
27	6	-864.71497	-3253.093
27	9	-818.22406	-3261.9507
27	10	-810.13934	-3266.439
27	11	-908.64966	-3236.7268
27	13	-908.61957	-3231.5898
27	16	-921.1722	-3242.7136
27	17	-856.36694	-3297.1565
27	18	-795.23004	-3296.2224
27	19	-849.0593	-3230.9292
28	1	-839.7282	-3268.3672
28	2	-818.71906	-3265.5093
28	3	-829.0851	-3242.0598
28	4	-850.55493	-3256.4229
28	5	-858.5185	-3254.3271
28	6	-864.6638	-3253.1184
28	9	-818.22406	-3261.9507
28	10	-810.1497	-3266.4243
28	11	-908.64966	-3236.7268
28	13	-908.61957	-3231.5898
28	16	-921.1722	-3242.7136
28	17	-855.47363	-3295.9182
28	18	-795.23004	-3296.2224
28	19	-849.0794	-3230.9036
29	1	-839.60925	-3268.1724
29	2	-818.83386	-3265.445
29	3	-829.5087	-3242.6287
29	4	-850.55493	-3256.4229
29	5	-858.5185	-3254.3271
29	6	-864.6332	-3253.1204
29	9	-818.22406	-3261.9507
29	10	-810.15857	-3266.4126
29	11	-908.64966	-3236.7268
29	13	-908.61957	-3231.5898
29	16	-921.1722	-3242.7136
29	17	-854.5777	-3294.675
29	18	-795.23004	-3296.2224
29	19	-849.0726	-3230.875
30	1	-839.489	-3267.982
30	2	-818.9393	-3265.3835
30	3	-829.94086	-3243.1875
30	4	-850.5548	-3256.4229
30	5	-858.5185	-3254.3271
30	6	-864.5661	-3253.146
30	9	-818.22406	-3261.9507
30	10	-810.151	-3266.4126
30	11	-908.64966	-3236.7268
30	13	-908.61957	-3231.5898
30	16	-921.1722	-3242.7136
30	17	-853.67224	-3293.4187
30	18	-795.23004	-3296.2224
30	19	-849.0768	-3230.8533
31	1	-839.3676	-3267.783
31	2	-819.0359	-3265.3225
31	3	-830.37317	-3243.7363
31	4	-850.5549	-3256.4229
31	5	-858.5185	-3254.3271
31	6	-864.59015	-3253.1487
31	9	-818.22406	-3261.9507
31	10	-810.1549	-3266.402
31	11	-908.64966	-3236.7268
31	13	-908.61957	-3231.5898
31	16	-921.1722	-3242.7136
31	17	-852.7791	-3292.1965
31	18	-795.23004	-3296.2224
31	19	-849.0873	-3230.8264
32	1	-839.2439	-3267.5796
32	2	-819.1345	-3265.2656
32	3	-830.8142	-3244.2795
32	4	-850.55493	-3256.4229
32	5	-858.5185	-3254.3271
32	6	-864.66547	-3253.1328
32	9	-818.22406	-3261.9507
32	10	-810.16223	-3266.3975
32	11	-908.64966	-3236.7268
32	13	-908.61957	-3231.5898
32	16	-921.1722	-3242.7136
32	17	-851.8895	-3290.9688
32	18	-795.23004	-3296.2224
32	19	-849.08435	-3230.8022
33	1	-839.13324	-3267.3845
33	2	-819.2279	-3265.2192
33	3	-831.25525	-3244.8076
33	4	-850.555	-3256.4226
33	5	-858.5185	-3254.3271
33	6	-864.71173	-3253.117
33	9	-818.22406	-3261.9507
33	10	-810.1677	-3266.388
33	11	-908.64966	-3236.7268
33	13	-908.61957	-3231.5898
33	16	-921.1722	-3242.7136
33	17	-850.991	-3289.7273
33	18	-795.23004	-3296.2224
33	19	-849.14307	-3230.7378
34	1	-839.0223	-3267.1807
34	2	-819.2867	-3265.1787
34	3	-831.6803	-3245.3027
34	4	-850.555	-3256.4229
34	5	-858.5185	-3254.3271
34	6	-864.64795	-3253.1401
34	9	-818.22406	-3261.9507
34	10	-810.17285	-3266.3813
34	11	-908.64966	-3236.7268
34	13	-908.61957	-3231.5898
34	16	-921.1722	-3242.7136
34	17	-850.10474	-3288.5012
34	18	-795.23004	-3296.2224
34	19	-849.0997	-3230.7278
35	1	-838.915	-3266.9836
35	2	-819.3707	-3265.1304
35	3	-832.1283	-3245.793
35	4	-850.5551	-3256.4229
35	5	-858.5185	-3254.3271
35	6	-864.6662	-3253.134
35	9	-818.22406	-3261.9507
35	10	-810.1834	-3266.3745
35	11	-908.64966	-3236.7268
35	13	-908.61957	-3231.5898
35	16	-921.1722	-3242.7136
35	17	-849.2097	-3287.26
35	18	-795.23004	-3296.2224
35	19	-849.11884	-3230.717
36	1	-838.8037	-3266.7754
36	2	-819.43256	-3265.0903
36	3	-832.5631	-3246.2454
36	4	-850.555	-3256.4229
36	5	-858.5185	-3254.3271
36	6	-864.6022	-3253.1545
36	9	-818.22406	-3261.9507
36	10	-810.1948	-3266.3643
36	11	-908.64966	-3236.7268
36	13	-908.61957	-3231.5898
36	16	-921.1722	-3242.7136
36	17	-848.3366	-3286.0393
36	18	-795.23004	-3296.2224
36	19	-849.15137	-3230.6917
37	1	-838.68866	-3266.554
37	2	-819.497	-3265.0547
37	3	-833.01086	-3246.6887
37	4	-850.5549	-3256.423
37	5	-858.5185	-3254.3271
37	6	-864.60614	-3253.1523
37	9	-818.22406	-3261.9507
37	10	-810.2075	-3266.3547
37	11	-908.64966	-3236.7268
37	13	-908.61957	-3231.5898
37	16	-921.1722	-3242.7136
37	17	-847.45654	-3284.819
37	18	-795.23004	-3296.2224
37	19	-849.17847	-3230.6614
38	1	-838.5812	-3266.33
38	2	-819.5475	-3265.03
38	3	-833.4799	-3247.1316
38	4	-850.5548	-3256.423
38	5	-858.5185	-3254.3271
38	6	-864.701	-3253.1182
38	9	-818.22406	-3261.9507
38	10	-810.2256	-3266.3408
38	11	-908.64966	-3236.7268
38	13	-908.61957	-3231.5898
38	16	-921.1722	-3242.7136
38	17	-846.567	-3283.5913
38	18	-795.23004	-3296.2224
38	19	-849.2053	-3230.6316
39	1	-838.4739	-3266.1003
39	2	-819.62195	-3264.9893
39	3	-833.94214	-3247.5415
39	4	-850.55493	-3256.423
39	5	-858.5185	-3254.3271
39	6	-864.7043	-3253.114
39	9	-818.22406	-3261.9507
39	10	-810.24146	-3266.3276
39	11	-908.64966	-3236.7268
39	13	-908.61957	-3231.5898
39	16	-921.1722	-3242.7136
39	17	-845.69183	-3282.376
39	18	-795.23004	-3296.2224
39	19	-849.22656	-3230.5952
40	1	-838.3627	-3265.8613
40	2	-819.67944	-3264.9585
40	3	-834.42285	-3247.9343
40	4	-850.555	-3256.423
40	5	-858.5185	-3254.3271
40	6	-864.72974	-3253.1038
40	9	-818.22406	-3261.9507
40	10	-810.25073	-3266.3186
40	11	-908.64966	-3236.7268
40	13	-908.61957	-3231.5898
40	16	-921.1722	-3242.7136
40	17	-844.8144	-3281.1626
40	18	-795.23004	-3296.2224
40	19	-849.2377	-3230.5652
41	1	-838.2591	-3265.6235
41	2	-819.7378	-3264.9314
41	3	-834.9213	-3248.3213
41	4	-850.555	-3256.423
41	5	-858.5185	-3254.3271
41	6	-864.65106	-3253.127
41	9	-818.22406	-3261.9507
41	10	-810.2574	-3266.3086
41	11	-908.64966	-3236.7268
41	13	-908.61957	-3231.5898
41	16	-921.1722	-3242.7136
41	17	-843.93866	-3279.9468
41	18	-795.23004	-3296.2224
41	19	-849.26196	-3230.5405
42	1	-838.1578	-3265.3682
42	2	-819.81274	-3264.8909
42	3	-835.40717	-3248.6611
42	4	-850.55493	-3256.423
42	5	-858.5185	-3254.3271
42	6	-864.6723	-3253.1228
42	9	-818.22406	-3261.9507
42	10	-810.2671	-3266.3096
42	11	-908.64966	-3236.7268
42	13	-908.61957	-3231.5898
42	16	-921.1722	-3242.7136
42	17	-843.0547	-3278.7212
42	18	-795.23004	-3296.2224
42	19	-849.28754	-3230.511
43	1	-838.06445	-3265.1174
43	2	-819.8717	-3264.859
43	3	-835.91315	-3248.993
43	4	-850.5549	-3256.423
43	5	-858.5185	-3254.3271
43	6	-864.64343	-3253.1367
43	9	-818.22406	-3261.9507
43	10	-810.29736	-3266.2861
43	11	-908.64966	-3236.7268
43	13	-908.61957	-3231.5898
43	16	-921.1722	-3242.7136
43	17	-842.18915	-3277.4934
43	18	-795.23004	-3296.2224
43	19	-849.30664	-3230.481
44	1	-837.9725	-3264.8435
44	2	-819.91656	-3264.8398
44	3	-836.41815	-3249.293
44	4	-850.5548	-3256.4229
44	5	-858.5185	-3254.3271
44	6	-864.56464	-3253.1626
44	9	-818.22406	-3261.9507
44	10	-810.31024	-3266.2742
44	11	-908.64966	-3236.7268
44	13	-908.61957	-3231.5898
44	16	-921.1722	-3242.7136
44	17	-841.3167	-3276.283
44	18	-795.23004	-3296.2224
44	19	-849.31506	-3230.4666
45	1	-837.88464	-3264.5789
45	2	-819.9723	-3264.7986
45	3	-836.9352	-3249.5623
45	4	-850.5548	-3256.423
45	5	-858.5185	-3254.3271
45	6	-864.57825	-3253.16
45	9	-818.22406	-3261.9507
45	10	-810.3267	-3266.2595
45	11	-908.64966	-3236.7268
45	13	-908.61957	-3231.5898
45	16	-921.1722	-3242.7136
45	17	-840.43774	-3275.0603
45	18	-795.23004	-3296.2224
45	19	-849.3253	-3230.4468
46	1	-837.8042	-3264.2937
46	2	-820.01196	-3264.782
46	3	-837.4704	-3249.8276
46	4	-850.5548	-3256.423
46	5	-858.5185	-3254.3271
46	6	-864.5874	-3253.1467
46	9	-818.22406	-3261.9507
46	10	-810.35645	-3266.2415
46	11	-908.64966	-3236.7268
46	13	-908.61957	-3231.5898
46	16	-921.1722	-3242.7136
46	17	-839.5688	-3273.8333
46	18	-795.23004	-3296.2224
46	19	-849.3259	-3230.436
47	1	-837.7226	-3264.0022
47	2	-820.05005	-3264.7534
47	3	-837.9729	-3250.0442
47	4	-850.55475	-3256.423
47	5	-858.5185	-3254.3271
47	6	-864.546	-3253.1675
47	9	-818.22406	-3261.9507
47	10	-810.3726	-3266.2273
47	11	-908.64966	-3236.7268
47	13	-908.61957	-3231.5898
47	16	-921.1722	-3242.7136
47	17	-838.6904	-3272.6025
47	18	-795.23004	-3296.2224
47	19	-849.33453	-3230.4175
48	1	-837.6577	-3263.705
48	2	-820.09894	-3264.731
48	3	-838.49084	-3250.253
48	4	-850.5547	-3256.423
48	5	-858.5185	-3254.3271
48	6	-864.5818	-3253.1565
48	9	-818.22406	-3261.9507
48	10	-810.4145	-3266.2092
48	11	-908.64966	-3236.7268
48	13	-908.61957	-3231.5898
48	16	-921.1722	-3242.7136
48	17	-837.82886	-3271.4146
48	18	-795.23004	-3296.2224
48	19	-849.33844	-3230.4045
49	1	-837.5962	-3263.3862
49	2	-820.12067	-3264.7166
49	3	-839.02374	-3250.443
49	4	-850.5549	-3256.423
49	5	-858.5185	-3254.3271
49	6	-864.67865	-3253.1296
49	9	-818.22406	-3261.9507
49	10	-810.43915	-3266.1897
49	11	-908.64966	-3236.7268
49	13	-908.61957	-3231.5898
49	16	-921.1722	-3242.7136
49	17	-836.9747	-3270.199
49	18	-795.23004	-3296.2224
49	19	-849.3455	-3230.401
50	1	-837.5477	-3263.0603
50	2	-820.1736	-3264.6863
50	3	-839.55347	-3250.5947
50	4	-850.5548	-3256.423
50	5	-858.5185	-3254.3271
50	6	-864.669	-3253.1326
50	9	-818.22406	-3261.9507
50	10	-810.46704	-3266.1797
50	11	-908.64966	-3236.7268
50	13	-908.61957	-3231.5898
50	16	-921.1722	-3242.7136
50	17	-836.1285	-3268.9983
50	18	-795.23004	-3296.2224
50	19	-849.33746	-3230.393
51	1	-837.50287	-3262.7397
51	2	-820.2035	-3264.6716
51	3	-840.07654	-3250.7278
51	4	-850.55475	-3256.423
51	5	-858.5185	-3254.3271
51	6	-864.6392	-3253.138
51	9	-818.22406	-3261.9507
51	10	-810.513	-3266.158
51	11	-908.64966	-3236.7268
51	13	-908.61957	-3231.5898
51	16	-921.1722	-3242.7136
51	17	-835.2936	-3267.8157
51	18	-795.23004	-3296.2224
51	19	-849.3264	-3230.3894
52	1	-837.47516	-3262.398
52	2	-820.23145	-3264.6538
52	3	-840.6452	-3250.8384
52	4	-850.55475	-3256.423
52	5	-858.5185	-3254.3271
52	6	-864.5888	-3253.159
52	9	-818.22406	-3261.9507
52	10	-810.54364	-3266.1372
52	11	-908.64966	-3236.7268
52	13	-908.61957	-3231.5898
52	16	-921.1722	-3242.7136
52	17	-834.41895	-3266.5935
52	18	-795.23004	-3296.2224
52	19	-849.3091	-3230.3904
53	1	-837.4601	-3262.0493
53	2	-820.2681	-3264.6343
53	3	-841.19434	-3250.925
53	4	-850.55475	-3256.423
53	5	-858.5185	-3254.3271
53	6	-864.64124	-3253.1514
53	9	-818.22406	-3261.9507
53	10	-810.58527	-3266.1218
53	11	-908.64966	-3236.7268
53	13	-908.61957	-3231.5898
53	16	-921.1722	-3242.7136
53	17	-833.5745	-3265.3904
53	18	-795.23004	-3296.2224
53	19	-849.3118	-3230.4023
54	1	-837.47125	-3261.6868
54	2	-820.301	-3264.6143
54	3	-841.73456	-3250.992
54	4	-850.55475	-3256.423
54	5	-858.5185	-3254.3271
54	6	-864.662	-3253.1445
54	9	-818.22406	-3261.9507
54	10	-810.6217	-3266.0942
54	11	-908.64966	-3236.7268
54	13	-908.61957	-3231.5898
54	16	-921.1722	-3242.7136
54	17	-832.6927	-3264.1482
54	18	-795.23004	-3296.2224
54	19	-849.28424	-3230.43
55	1	-837.48346	-3261.3198
55	2	-820.30817	-3264.614
55	3	-842.27484	-3251.026
55	4	-850.5547	-3256.423
55	5	-858.5185	-3254.3271
55	6	-864.7958	-3253.093
55	9	-818.22406	-3261.9507
55	10	-810.65924	-3266.0703
55	11	-908.64966	-3236.7268
55	13	-908.61957	-3231.5898
55	16	-921.1722	-3242.7136
55	17	-831.81885	-3262.9084
55	18	-795.23004	-3296.2224
55	19	-849.26074	-3230.4355
56	1	-837.51605	-3260.9426
56	2	-820.34595	-3264.5996
56	3	-842.82983	-3251.0461
56	4	-850.5546	-3256.423
56	5	-858.5185	-3254.3271
56	6	-864.82477	-3253.0938
56	9	-818.22406	-3261.9507
56	10	-810.6715	-3266.0537
56	11	-908.64966	-3236.7268
56	13	-908.61957	-3231.5898
56	16	-921.1722	-3242.7136
56	17	-830.97705	-3261.7212
56	18	-795.23004	-3296.2224
56	19	-849.2457	-3230.4556
57	1	-837.5614	-3260.5574
57	2	-820.3373	-3264.5989
57	3	-843.40265	-3251.0396
57	4	-850.5546	-3256.423
57	5	-858.5185	-3254.3271
57	6	-864.779	-3253.1028
57	9	-818.22406	-3261.9507
57	10	-810.7592	-3266.017
57	11	-908.64966	-3236.7268
57	13	-908.61957	-3231.5898
57	16	-921.1722	-3242.7136
57	17	-830.11755	-3260.504
57	18	-795.23004	-3296.2224
57	19	-849.2295	-3230.4863
58	1	-837.6193	-3260.1692
58	2	-820.35406	-3264.593
58	3	-843.9566	-3251.0137
58	4	-850.5546	-3256.423
58	5	-858.5185	-3254.3271
58	6	-864.6515	-3253.1367
58	9	-818.22406	-3261.9507
58	10	-810.7846	-3266.0017
58	11	-908.64966	-3236.7268
58	13	-908.61957	-3231.5898
58	16	-921.1722	-3242.7136
58	17	-829.29865	-3259.3286
58	18	-795.23004	-3296.2224
58	19	-849.20715	-3230.5134
59	1	-837.7067	-3259.7815
59	2	-820.38	-3264.574
59	3	-844.5319	-3250.9639
59	4	-850.5546	-3256.423
59	5	-858.5185	-3254.3271
59	6	-864.6834	-3253.1213
59	9	-818.22406	-3261.9507
59	10	-810.8075	-3265.9722
59	11	-908.64966	-3236.7268
59	13	-908.61957	-3231.5898
59	16	-921.1722	-3242.7136
59	17	-828.47186	-3258.1377
59	18	-795.23004	-3296.2224
59	19	-849.17	-3230.545
60	1	-837.80365	-3259.376
60	2	-820.3873	-3264.5723
60	3	-845.11536	-3250.8962
60	4	-850.5546	-3256.423
60	5	-858.5185	-3254.3271
60	6	-864.6174	-3253.1396
60	9	-818.22406	-3261.9507
60	10	-810.85565	-3265.9453
60	11	-908.64966	-3236.7268
60	13	-908.61957	-3231.5898
60	16	-921.1722	-3242.7136
60	17	-827.6124	-3256.9402
60	18	-795.23004	-3296.2224
60	19	-849.12836	-3230.5774
60	20	-868.42035	-3317.0115
60	21	-796.392	-3201.493
61	1	-837.91986	-3258.9795
61	2	-820.3859	-3264.5679
61	3	-845.6979	-3250.8018
61	4	-850.55475	-3256.423
61	5	-858.5185	-3254.3271
61	6	-864.5277	-3253.1677
61	9	-818.22406	-3261.9507
61	10	-810.89545	-3265.921
61	11	-908.64966	-3236.7268
61	13	-908.61957	-3231.5898
61	16	-921.1722	-3242.7136
61	17	-826.76874	-3255.7168
61	18	-795.23004	-3296.2224
61	19	-849.0942	-3230.5906
61	20	-867.6189	-3315.8098
61	21	-797.09076	-3202.2708
62	1	-838.06006	-3258.585
62	2	-820.39355	-3264.566
62	3	-846.291	-3250.6926
62	4	-850.55475	-3256.423
62	5	-858.5185	-3254.3271
62	6	-864.5409	-3253.1677
62	9	-818.22406	-3261.9507
62	10	-810.94086	-3265.903
62	11	-908.64966	-3236.7268
62	13	-908.61957	-3231.5898
62	16	-921.1722	-3242.7136
62	17	-825.8976	-3254.4832
62	18	-795.23004	-3296.2224
62	19	-849.09143	-3230.6147
62	20	-866.81696	-3314.6938
62	21	-797.8201	-3203.1519
63	1	-838.2201	-3258.1882
63	2	-820.4167	-3264.5522
63	3	-846.8822	-3250.5686
63	4	-850.55475	-3256.423
63	5	-858.5185	-3254.3271
63	6	-864.60486	-3253.1487
63	9	-818.22406	-3261.9507
63	10	-810.9695	-3265.872
63	11	-908.64966	-3236.7268
63	13	-908.61957	-3231.5898
63	16	-921.1722	-3242.7136
63	17	-825.06903	-3253.2688
63	18	-795.23004	-3296.2224
63	19	-849.0858	-3230.6172
63	20	-866.00555	-3313.6301
63	21	-798.5265	-3204.0073
64	1	-838.4028	-3257.7908
64	2	-820.43494	-3264.5417
64	3	-847.4705	-3250.4263
64	4	-850.5547	-3256.423
64	5	-858.5185	-3254.3271
64	6	-864.61017	-3253.1404
64	9	-818.22406	-3261.9507
64	10	-811.0182	-3265.847
64	11	-908.64966	-3236.7268
64	13	-908.61957	-3231.5898
64	16	-921.1722	-3242.7136
64	17	-824.23193	-3252.0466
64	18	-795.23004	-3296.2224
64	19	-849.09595	-3230.6406
64	20	-865.2214	-3312.547
64	21	-799.21875	-3204.8342
65	1	-838.6005	-3257.4036
65	2	-820.4328	-3264.5437
65	3	-848.0696	-3250.2808
65	4	-850.5546	-3256.423
65	5	-858.5185	-3254.3271
65	6	-864.6514	-3253.1362
65	9	-818.22406	-3261.9507
65	10	-811.04706	-3265.836
65	11	-908.64966	-3236.7268
65	13	-908.61957	-3231.5898
65	16	-921.1722	-3242.7136
65	17	-823.3753	-3250.8098
65	18	-795.23004	-3296.2224
65	19	-849.11255	-3230.6365
65	20	-864.45935	-3311.521
65	21	-799.91846	-3205.6582
66	1	-838.8129	-3257.025
66	2	-820.42755	-3264.5417
66	3	-848.6726	-3250.1233
66	4	-850.5546	-3256.423
66	5	-858.5185	-3254.3271
66	6	-864.73193	-3253.105
66	9	-818.22406	-3261.9507
66	10	-811.0769	-3265.814
66	11	-908.64966	-3236.7268
66	13	-908.61957	-3231.5898
66	16	-921.1722	-3242.7136
66	17	-822.5281	-3249.5962
66	18	-795.23004	-3296.2224
66	19	-849.1326	-3230.6287
66	20	-863.65686	-3310.439
66	21	-800.60834	-3206.4565
67	1	-839.06036	-3256.6333
67	2	-820.4256	-3264.543
67	3	-849.3007	-3249.9536
67	4	-850.5546	-3256.423
67	5	-858.5185	-3254.3271
67	6	-864.7006	-3253.1135
67	9	-818.22406	-3261.9507
67	10	-811.09393	-3265.8022
67	11	-908.64966	-3236.7268
67	13	-908.61957	-3231.5898
67	16	-921.1722	-3242.7136
67	17	-821.68353	-3248.3645
67	18	-795.23004	-3296.2224
67	19	-849.14014	-3230.633
67	20	-862.89105	-3309.439
67	21	-801.31714	-3207.2637
68	1	-839.32446	-3256.257
68	2	-820.4326	-3264.5383
68	3	-849.93054	-3249.7754
68	4	-850.5547	-3256.4229
68	5	-858.5185	-3254.3271
68	6	-864.63464	-3253.1355
68	9	-818.22406	-3261.9507
68	10	-811.1287	-3265.7834
68	11	-908.64966	-3236.7268
68	13	-908.61957	-3231.5898
68	16	-921.1722	-3242.7136
68	17	-820.8212	-3247.1245
68	18	-795.23004	-3296.2224
68	19	-849.1578	-3230.599
68	20	-862.08734	-3308.355
68	21	-802.01526	-3208.0615
69	1	-839.6036	-3255.893
69	2	-820.4431	-3264.5405
69	3	-850.5897	-3249.588
69	4	-850.5548	-3256.423
69	5	-858.5185	-3254.3271
69	6	-864.6294	-3253.1313
69	9	-818.22406	-3261.9507
69	10	-811.1627	-3265.775
69	11	-908.64966	-3236.7268
69	13	-908.61957	-3231.5898
69	16	-921.1722	-3242.7136
69	17	-819.96716	-3245.8726
69	18	-795.23004	-3296.2224
69	19	-849.1445	-3230.5933
69	20	-861.2929	-3307.3286
69	21	-802.70605	-3208.869
70	1	-839.919	-3255.5247
70	2	-820.4374	-3264.5393
70	3	-851.219	-3249.41
70	4	-850.5548	-3256.423
70	5	-858.5185	-3254.3271
70	6	-864.5915	-3253.1575
70	9	-818.22406	-3261.9507
70	10	-811.16754	-3265.77
70	11	-908.64966	-3236.7268
70	13	-908.61957	-3231.5898
70	16	-921.1722	-3242.7136
70	17	-819.1262	-3244.6252
70	18	-795.23004	-3296.2224
70	19	-849.1725	-3230.5935
70	20	-860.55206	-3306.3481
70	21	-803.4014	-3209.6753
71	1	-840.24817	-3255.1655
71	2	-820.44	-3264.5366
71	3	-851.87744	-3249.2158
71	4	-850.55475	-3256.423
71	5	-858.5185	-3254.3271
71	6	-864.5256	-3253.1833
71	9	-818.22406	-3261.9507
71	10	-811.1729	-3265.753
71	11	-908.64966	-3236.7268
71	13	-908.61957	-3231.5898
71	16	-921.1722	-3242.7136
71	17	-818.2861	-3243.3948
71	18	-795.23004	-3296.2224
71	19	-849.16064	-3230.5974
71	20	-859.8101	-3305.3577
71	21	-804.0912	-3210.4673
72	1	-840.6085	-3254.8074
72	2	-820.44495	-3264.5347
72	3	-852.56445	-3249.0261
72	4	-850.5548	-3256.423
72	5	-858.5185	-3254.3271
72	6	-864.6274	-3253.1587
72	9	-818.22406	-3261.9507
72	10	-811.1939	-3265.7483
72	11	-908.64966	-3236.7268
72	13	-908.61957	-3231.5898
72	16	-921.1722	-3242.7136
72	17	-817.4379	-3242.1602
72	18	-795.23004	-3296.2224
72	19	-849.1681	-3230.5544
72	20	-859.05255	-3304.3472
72	21	-804.792	-3211.2805
73	1	-840.97217	-3254.47
73	2	-820.4465	-3264.533
73	3	-853.2562	-3248.8213
73	4	-850.5547	-3256.423
73	5	-858.5185	-3254.3271
73	6	-864.7221	-3253.1309
73	9	-818.22406	-3261.9507
73	10	-811.19635	-3265.754
73	11	-908.64966	-3236.7268
73	13	-908.61957	-3231.5898
73	16	-921.1722	-3242.7136
73	17	-816.58167	-3240.9048
73	18	-795.23004	-3296.2224
73	19	-849.1888	-3230.5454
73	20	-858.2894	-3303.3328
73	21	-805.4788	-3212.0613
74	1	-841.3684	-3254.1223
74	2	-820.4422	-3264.536
74	3	-853.9314	-3248.623
74	4	-850.55457	-3256.423
74	5	-858.5185	-3254.3271
74	6	-864.67505	-3253.1426
74	9	-818.22406	-3261.9507
74	10	-811.20917	-3265.749
74	11	-908.64966	-3236.7268
74	13	-908.61957	-3231.5898
74	16	-921.1722	-3242.7136
74	17	-815.71484	-3239.6504
74	18	-795.23004	-3296.2224
74	20	-857.559	-3302.3716
74	21	-806.1608	-3212.8481
75	1	-841.77875	-3253.794
75	2	-820.4409	-3264.5393
75	3	-854.6438	-3248.39
75	4	-850.55457	-3256.423
75	5	-858.5185	-3254.3271
75	6	-864.6881	-3253.1296
75	9	-818.22406	-3261.9507
75	10	-811.20483	-3265.756
75	11	-908.64966	-3236.7268
75	13	-908.61957	-3231.5898
75	16	-921.1722	-3242.7136
75	17	-814.86163	-3238.3806
75	18	-795.23004	-3296.2224
75	20	-856.8214	-3301.3982
75	21	-806.8297	-3213.632
76	1	-842.1999	-3253.4622
76	2	-820.4408	-3264.5376
76	3	-855.3867	-3248.1934
76	4	-850.5546	-3256.423
76	5	-858.5185	-3254.3271
76	6	-864.64294	-3253.1465
76	9	-818.22406	-3261.9507
76	10	-811.2207	-3265.7478
76	11	-908.64966	-3236.7268
76	13	-908.61957	-3231.5898
76	16	-921.1722	-3242.7136
76	17	-814.0224	-3237.1526
76	18	-795.23004	-3296.2224
76	20	-856.07715	-3300.4153
76	21	-807.5004	-3214.4207
77	1	-842.65405	-3253.1448
77	2	-820.43066	-3264.5425
77	3	-856.1295	-3248.0002
77	4	-850.55475	-3256.4229
77	5	-858.5185	-3254.3271
77	6	-864.6541	-3253.151
77	9	-818.22406	-3261.9507
77	10	-811.2139	-3265.756
77	11	-908.64966	-3236.7268
77	13	-908.61957	-3231.5898
77	16	-921.1722	-3242.7136
77	17	-813.156	-3235.8933
77	18	-795.23004	-3296.2224
77	19	-849.3165	-3230.6296
77	20	-855.35693	-3299.4727
77	21	-808.1625	-3215.1904
78	1	-843.1136	-3252.8223
78	2	-820.44135	-3264.5261
78	3	-856.8716	-3247.768
78	4	-850.55475	-3256.4229
78	5	-858.5185	-3254.3271
78	6	-864.7257	-3253.137
78	9	-818.22406	-3261.9507
78	10	-811.22046	-3265.7546
78	11	-908.64966	-3236.7268
78	13	-908.61957	-3231.5898
78	16	-921.1722	-3242.7136
78	17	-812.3081	-3234.6326
78	18	-795.23004	-3296.2224
78	19	-849.27386	-3230.5935
78	20	-854.6519	-3298.5388
78	21	-808.826	-3215.9436
79	1	-843.58545	-3252.5164
79	2	-820.44165	-3264.5276
79	3	-857.6478	-3247.5571
79	4	-850.55475	-3256.423
79	5	-858.5185	-3254.3271
79	6	-864.7909	-3253.1128
79	9	-818.22406	-3261.9507
79	10	-811.2062	-3265.7585
79	11	-908.64966	-3236.7268
79	13	-908.61957	-3231.5898
79	16	-921.1722	-3242.7136
79	17	-811.45636	-3233.3694
79	18	-795.23004	-3296.2224
79	19	-849.23834	-3230.5544
79	20	-853.9277	-3297.583
79	21	-809.4939	-3216.7168
80	1	-844.0906	-3252.2048
80	2	-820.44507	-3264.5288
80	3	-858.4247	-3247.3494
80	4	-850.55475	-3256.423
80	5	-858.5185	-3254.3271
80	6	-864.8088	-3253.1052
80	9	-818.22406	-3261.9507
80	10	-811.2235	-3265.7537
80	11	-908.64966	-3236.7268
80	13	-908.61957	-3231.5898
80	16	-921.1722	-3242.7136
80	17	-810.593	-3232.093
80	18	-795.23004	-3296.2224
80	20	-853.22424	-3296.648
80	21	-810.1331	-3217.4814
81	1	-844.5935	-3251.905
81	2	-820.44885	-3264.5327
81	3	-859.2182	-3247.1465
81	4	-850.5548	-3256.4229
81	5	-858.5185	-3254.3271
81	6	-864.82574	-3253.0964
81	9	-818.22406	-3261.9507
81	10	-811.2159	-3265.7595
81	11	-908.64966	-3236.7268
81	13	-908.61957	-3231.5898
81	16	-921.1722	-3242.7136
81	17	-809.7337	-3230.8086
81	18	-795.23004	-3296.2224
81	20	-852.5251	-3295.7136
81	21	-810.78265	-3218.2495
82	1	-845.125	-3251.599
82	2	-820.43506	-3264.5378
82	3	-860.0432	-3246.9336
82	4	-850.55493	-3256.423
82	5	-858.5185	-3254.3271
82	6	-864.8095	-3253.1052
82	9	-818.22406	-3261.9507
82	10	-811.2285	-3265.7603
82	11	-908.64966	-3236.7268
82	13	-908.61957	-3231.5898
82	16	-921.1722	-3242.7136
82	17	-808.8918	-3229.5657
82	18	-795.23004	-3296.2224
82	20	-851.84576	-3294.7932
82	21	-811.4033	-3219.003
83	1	-845.67053	-3251.3022
83	2	-820.4469	-3264.5378
83	3	-860.85925	-3246.7356
83	4	-850.5548	-3256.4229
83	5	-858.5185	-3254.3271
83	6	-864.7629	-3253.1274
83	9	-818.22406	-3261.9507
83	10	-811.219	-3265.763
83	11	-908.64966	-3236.7268
83	13	-908.61957	-3231.5898
83	16	-921.1722	-3242.7136
83	17	-808.02545	-3228.2876
83	18	-795.23004	-3296.2224
83	19	-849.2557	-3230.59
83	20	-851.15735	-3293.8774
83	21	-812.04626	-3219.771
84	1	-846.2294	-3251.0107
84	2	-820.45087	-3264.5376
84	3	-861.7	-3246.5479
84	4	-850.5549	-3256.423
84	5	-858.5185	-3254.3271
84	6	-864.74884	-3253.1262
84	9	-818.22406	-3261.9507
84	10	-811.2143	-3265.766
84	11	-908.64966	-3236.7268
84	13	-908.61957	-3231.5898
84	16	-921.1722	-3242.7136
84	17	-807.186	-3227.0352
84	18	-795.23004	-3296.2224
84	19	-849.1879	-3230.5554
84	20	-850.49524	-3292.991
84	21	-812.675	-3220.5464
85	1	-846.7853	-3250.7312
85	2	-820.44226	-3264.5432
85	3	-862.5607	-3246.3584
85	4	-850.5549	-3256.423
85	5	-858.5185	-3254.3271
85	6	-864.6429	-3253.158
85	9	-818.22406	-3261.9507
85	10	-811.2121	-3265.765
85	11	-908.64966	-3236.7268
85	13	-908.61957	-3231.5898
85	16	-921.1722	-3242.7136
85	17	-806.3532	-3225.7705
85	18	-795.23004	-3296.2224
85	19	-849.08484	-3230.5117
85	20	-849.8283	-3292.099
85	21	-813.2944	-3221.3025
86	1	-847.3686	-3250.4443
86	2	-820.44	-3264.541
86	3	-863.4218	-3246.1733
86	4	-850.5548	-3256.423
86	5	-858.5185	-3254.3271
86	6	-864.6838	-3253.151
86	9	-818.22406	-3261.9507
86	10	-811.22064	-3265.7632
86	11	-908.64966	-3236.7268
86	13	-908.61957	-3231.5898
86	16	-921.1722	-3242.7136
86	17	-805.4978	-3224.5022
86	18	-795.23004	-3296.2224
86	20	-849.17206	-3291.2205
86	21	-813.906	-3222.0696
87	1	-847.9532	-3250.1636
87	2	-820.45135	-3264.5364
87	3	-864.3044	-3246.0037
87	4	-850.5548	-3256.423
87	5	-858.5185	-3254.3271
87	6	-864.6923	-3253.1553
87	9	-818.22406	-3261.9507
87	10	-811.2246	-3265.7668
87	11	-908.64966	-3236.7268
87	13	-908.61957	-3231.5898
87	16	-921.1722	-3242.7136
87	17	-804.61273	-3223.1921
87	18	-795.23004	-3296.2224
87	19	-849.19604	-3230.5764
87	20	-848.5273	-3290.35
87	21	-814.5232	-3222.8242
88	1	-848.5508	-3249.8843
88	2	-820.4416	-3264.5403
88	3	-865.1797	-3245.8418
88	4	-850.5548	-3256.423
88	5	-858.5185	-3254.3271
88	6	-864.71387	-3253.1362
88	9	-818.22406	-3261.9507
88	10	-811.22284	-3265.765
88	11	-908.64966	-3236.7268
88	13	-908.61957	-3231.5898
88	16	-921.1722	-3242.7136
88	17	-803.75604	-3221.9028
88	18	-795.23004	-3296.2224
88	19	-849.1478	-3230.5408
88	20	-847.9072	-3289.5095
88	21	-815.127	-3223.5662
89	1	-849.1481	-3249.616
89	2	-820.44165	-3264.538
89	3	-866.0832	-3245.6946
89	4	-850.5548	-3256.4229
89	5	-858.5185	-3254.3271
89	6	-864.72955	-3253.1382
89	9	-818.22406	-3261.9507
89	10	-811.22516	-3265.7651
89	11	-908.64966	-3236.7268
89	13	-908.61957	-3231.5898
89	16	-921.1722	-3242.7136
89	17	-802.8921	-3220.6104
89	18	-795.23004	-3296.2224
89	20	-847.29114	-3288.6655
89	21	-815.72076	-3224.3162
90	1	-849.78925	-3249.3447
90	2	-820.4331	-3264.547
90	3	-867.0061	-3245.56
90	4	-850.5548	-3256.4229
90	5	-858.5185	-3254.3271
90	6	-864.77386	-3253.1396
90	9	-818.22406	-3261.9507
90	10	-811.2408	-3265.754
90	11	-908.64966	-3236.7268
90	13	-908.61957	-3231.5898
90	16	-921.1722	-3242.7136
90	17	-802.02905	-3219.3425
90	18	-795.23004	-3296.2224
90	20	-846.6867	-3287.8396
90	21	-816.3391	-3225.0898
