0	1	-19033.14	-24253.318
0	2	-19058.068	-24243.979
0	3	-19024.861	-24233.432
0	4	-19074.576	-24235.875
0	5	-19051.04	-24247.861
0	6	-19045.084	-24236.215
0	7	-19036.354	-24248.523
0	8	-19040.94	-24261.303
0	9	-19067.117	-24235.916
0	10	-19041.197	-24264.244
0	12	-19074.29	-24235.123
0	13	-19023.768	-24261.387
0	14	-19023.783	-24228.588
0	15	-19013.303	-24243.613
0	16	-19026.375	-24191.229
0	17	-19060.576	-24313.174
0	28	-19032.162	-24190.838
1	1	-19033.148	-24253.168
1	2	-19058.854	-24243.986
1	3	-19024.842	-24233.549
1	4	-19074.44	-24235.875
1	5	-19051.04	-24247.861
1	6	-19045.213	-24236.184
1	7	-19036.342	-24249.182
1	8	-19040.951	-24261.441
1	9	-19066.97	-24235.93
1	10	-19041.193	-24264.43
1	12	-19074.176	-24235.121
1	13	-19023.773	-24261.543
1	14	-19023.783	-24228.44
1	15	-19013.48	-24243.617
1	16	-19026.373	-24191.365
1	17	-19060.576	-24313.174
1	28	-19032.217	-24189.943
2	1	-19033.174	-24253.064
2	2	-19059.662	-24243.99
2	3	-19024.818	-24233.664
2	4	-19074.303	-24235.88
2	5	-19051.04	-24247.861
2	6	-19045.363	-24236.152
2	7	-19036.336	-24249.863
2	8	-19040.97	-24261.57
2	9	-19066.826	-24235.945
2	10	-19041.188	-24264.62
2	11	-19074.143	-24235.469
2	12	-19074.055	-24235.121
2	13	-19023.78	-24261.693
2	14	-19023.785	-24228.285
2	15	-19013.646	-24243.625
2	16	-19026.363	-24191.508
2	17	-19060.576	-24313.174
2	28	-19032.266	-24189.04
3	1	-19033.188	-24252.87
3	2	-19060.518	-24243.982
3	3	-19024.797	-24233.781
3	4	-19074.164	-24235.889
3	5	-19051.04	-24247.861
3	6	-19045.514	-24236.129
3	7	-19036.32	-24250.553
3	8	-19040.986	-24261.713
3	9	-19066.678	-24235.959
3	10	-19041.184	-24264.809
3	11	-19074.064	-24235.506
3	12	-19073.926	-24235.121
3	13	-19023.785	-24261.86
3	14	-19023.79	-24228.13
3	15	-19013.777	-24243.635
3	16	-19026.357	-24191.654
3	17	-19060.576	-24313.174
3	28	-19032.328	-24188.059
4	1	-19033.217	-24252.676
4	2	-19061.352	-24243.982
4	3	-19024.777	-24233.912
4	4	-19074.02	-24235.902
4	5	-19051.04	-24247.861
4	6	-19045.668	-24236.107
4	7	-19036.305	-24251.246
4	8	-19041.0	-24261.855
4	9	-19066.537	-24235.975
4	10	-19041.174	-24265.004
4	12	-19073.8	-24235.129
4	13	-19023.795	-24262.004
4	14	-19023.783	-24227.988
4	15	-19013.928	-24243.633
4	16	-19026.352	-24191.787
4	17	-19060.576	-24313.174
4	28	-19032.387	-24187.268
5	1	-19033.24	-24252.42
5	2	-19062.188	-24243.977
5	3	-19024.748	-24234.037
5	4	-19073.885	-24235.918
5	5	-19051.04	-24247.861
5	6	-19045.814	-24236.088
5	7	-19036.285	-24251.928
5	8	-19041.02	-24261.994
5	9	-19066.398	-24235.988
5	10	-19041.166	-24265.19
5	12	-19073.664	-24235.133
5	13	-19023.805	-24262.166
5	14	-19023.791	-24227.824
5	15	-19014.035	-24243.637
5	16	-19026.348	-24191.94
5	17	-19060.576	-24313.174
6	1	-19033.31	-24252.184
6	2	-19063.059	-24243.97
6	3	-19024.715	-24234.16
6	4	-19073.734	-24235.936
6	5	-19051.04	-24247.861
6	6	-19045.965	-24236.074
6	7	-19036.27	-24252.637
6	8	-19041.031	-24262.162
6	9	-19066.258	-24236.002
6	10	-19041.16	-24265.377
6	12	-19073.53	-24235.14
6	13	-19023.809	-24262.32
6	14	-19023.799	-24227.684
6	15	-19014.105	-24243.643
6	16	-19026.35	-24192.082
6	17	-19060.576	-24313.174
7	1	-19033.379	-24251.92
7	2	-19063.95	-24243.959
7	3	-19024.69	-24234.271
7	4	-19073.59	-24235.955
7	5	-19051.04	-24247.861
7	6	-19046.117	-24236.062
7	7	-19036.244	-24253.334
7	8	-19041.055	-24262.303
7	9	-19066.107	-24236.016
7	10	-19041.16	-24265.559
7	11	-19073.46	-24235.56
7	12	-19073.385	-24235.146
7	13	-19023.814	-24262.469
7	14	-19023.803	-24227.52
7	15	-19014.193	-24243.652
7	16	-19026.348	-24192.21
7	17	-19060.576	-24313.174
8	1	-19033.451	-24251.662
8	2	-19064.84	-24243.951
8	3	-19024.66	-24234.389
8	4	-19073.44	-24235.975
8	5	-19051.04	-24247.861
8	6	-19046.271	-24236.064
8	7	-19036.219	-24254.035
8	8	-19041.076	-24262.445
8	9	-19065.955	-24236.025
8	10	-19041.154	-24265.752
8	12	-19073.246	-24235.154
8	13	-19023.82	-24262.625
8	14	-19023.807	-24227.363
8	15	-19014.27	-24243.65
8	16	-19026.35	-24192.352
8	17	-19060.576	-24313.174
9	1	-19033.53	-24251.389
9	2	-19065.746	-24243.94
9	3	-19024.63	-24234.506
9	4	-19073.285	-24235.992
9	5	-19051.04	-24247.861
9	6	-19046.434	-24236.043
9	7	-19036.193	-24254.744
9	8	-19041.088	-24262.605
9	9	-19065.81	-24236.031
9	10	-19041.148	-24265.936
9	11	-19073.172	-24235.637
9	12	-19073.098	-24235.16
9	13	-19023.822	-24262.787
9	14	-19023.81	-24227.205
9	15	-19014.281	-24243.662
9	16	-19026.344	-24192.498
9	17	-19060.576	-24313.174
10	1	-19033.637	-24251.115
10	2	-19066.656	-24243.928
10	3	-19024.602	-24234.633
10	4	-19073.135	-24236.018
10	5	-19051.04	-24247.861
10	6	-19046.592	-24236.037
10	7	-19036.162	-24255.48
10	8	-19041.094	-24262.78
10	9	-19065.672	-24236.04
10	10	-19041.143	-24266.111
10	11	-19073.012	-24235.621
10	12	-19072.957	-24235.168
10	13	-19023.834	-24262.94
10	14	-19023.816	-24227.059
10	15	-19014.307	-24243.664
10	16	-19026.338	-24192.639
10	17	-19060.576	-24313.174
11	1	-19033.762	-24250.799
11	2	-19067.578	-24243.914
11	3	-19024.564	-24234.756
11	4	-19072.977	-24236.033
11	5	-19051.04	-24247.861
11	6	-19046.738	-24236.03
11	7	-19036.125	-24256.207
11	8	-19041.111	-24262.94
11	9	-19065.51	-24236.049
11	10	-19041.135	-24266.3
11	11	-19072.873	-24235.645
11	12	-19072.814	-24235.176
11	13	-19023.842	-24263.09
11	14	-19023.832	-24226.895
11	15	-19014.309	-24243.666
11	16	-19026.326	-24192.787
11	17	-19060.576	-24313.174
12	1	-19033.922	-24250.479
12	2	-19068.521	-24243.895
12	3	-19024.541	-24234.863
12	4	-19072.828	-24236.05
12	5	-19051.04	-24247.861
12	6	-19046.893	-24236.03
12	7	-19036.102	-24256.93
12	8	-19041.123	-24263.09
12	9	-19065.352	-24236.057
12	10	-19041.125	-24266.479
12	12	-19072.668	-24235.19
12	13	-19023.848	-24263.244
12	14	-19023.842	-24226.73
12	15	-19014.334	-24243.662
12	16	-19026.31	-24192.922
12	17	-19060.576	-24313.174
13	1	-19034.096	-24250.174
13	2	-19069.473	-24243.877
13	3	-19024.516	-24234.977
13	4	-19072.688	-24236.064
13	5	-19051.04	-24247.863
13	6	-19047.064	-24236.041
13	7	-19036.068	-24257.676
13	8	-19041.133	-24263.24
13	9	-19065.197	-24236.07
13	10	-19041.107	-24266.64
13	12	-19072.523	-24235.201
13	13	-19023.861	-24263.398
13	14	-19023.852	-24226.588
13	15	-19014.324	-24243.666
13	16	-19026.299	-24193.062
13	17	-19060.576	-24313.174
14	1	-19034.303	-24249.857
14	2	-19070.406	-24243.857
14	3	-19024.492	-24235.078
14	4	-19072.54	-24236.074
14	5	-19051.04	-24247.861
14	6	-19047.213	-24236.04
14	7	-19036.031	-24258.416
14	8	-19041.148	-24263.393
14	9	-19065.047	-24236.078
14	10	-19041.096	-24266.836
14	12	-19072.379	-24235.217
14	13	-19023.861	-24263.559
14	14	-19023.865	-24226.43
14	15	-19014.326	-24243.66
14	16	-19026.287	-24193.203
14	17	-19060.576	-24313.174
15	1	-19034.531	-24249.547
15	2	-19071.379	-24243.826
15	3	-19024.473	-24235.188
15	4	-19072.387	-24236.084
15	5	-19051.04	-24247.861
15	6	-19047.396	-24236.043
15	7	-19036.0	-24259.125
15	8	-19041.16	-24263.541
15	9	-19064.904	-24236.092
15	10	-19041.08	-24267.006
15	12	-19072.23	-24235.236
15	13	-19023.875	-24263.701
15	14	-19023.883	-24226.271
15	15	-19014.334	-24243.654
15	16	-19026.273	-24193.35
15	17	-19060.576	-24313.174
16	1	-19034.795	-24249.232
16	2	-19072.365	-24243.799
16	3	-19024.457	-24235.295
16	4	-19072.246	-24236.094
16	5	-19051.04	-24247.861
16	6	-19047.54	-24236.043
16	7	-19035.951	-24259.945
16	8	-19041.174	-24263.686
16	9	-19064.746	-24236.11
16	10	-19041.074	-24267.174
16	12	-19072.086	-24235.25
16	13	-19023.88	-24263.855
16	14	-19023.896	-24226.121
16	15	-19014.326	-24243.658
16	16	-19026.254	-24193.494
16	17	-19060.576	-24313.174
17	1	-19035.088	-24248.932
17	2	-19073.33	-24243.762
17	3	-19024.445	-24235.402
17	4	-19072.1	-24236.104
17	5	-19051.04	-24247.861
17	6	-19047.684	-24236.031
17	7	-19035.924	-24260.684
17	8	-19041.18	-24263.838
17	9	-19064.6	-24236.125
17	10	-19041.031	-24267.377
17	12	-19071.934	-24235.264
17	13	-19023.889	-24264.006
17	14	-19023.908	-24225.96
17	15	-19014.326	-24243.656
17	16	-19026.238	-24193.63
17	17	-19060.576	-24313.174
17	24	-19021.35	-24304.78
18	1	-19035.396	-24248.625
18	2	-19074.332	-24243.723
18	3	-19024.434	-24235.506
18	4	-19071.951	-24236.111
18	5	-19051.04	-24247.861
18	6	-19047.82	-24236.035
18	7	-19035.879	-24261.494
18	8	-19041.188	-24263.988
18	9	-19064.453	-24236.137
18	12	-19071.787	-24235.277
18	13	-19023.895	-24264.164
18	14	-19023.924	-24225.805
18	15	-19014.326	-24243.652
18	16	-19026.22	-24193.773
18	17	-19060.576	-24313.174
18	24	-19021.432	-24304.547
19	1	-19035.734	-24248.332
19	2	-19075.326	-24243.682
19	3	-19024.422	-24235.596
19	4	-19071.795	-24236.12
19	5	-19051.04	-24247.861
19	6	-19047.955	-24236.041
19	7	-19035.832	-24262.268
19	8	-19041.19	-24264.137
19	9	-19064.322	-24236.146
19	12	-19071.639	-24235.295
19	13	-19023.904	-24264.312
19	14	-19023.938	-24225.65
19	15	-19014.312	-24243.656
19	16	-19026.201	-24193.92
19	17	-19060.576	-24313.174
19	24	-19021.45	-24304.418
20	1	-19036.09	-24248.035
20	2	-19076.338	-24243.643
20	3	-19024.412	-24235.703
20	4	-19071.652	-24236.13
20	5	-19051.04	-24247.861
20	6	-19048.158	-24236.047
20	7	-19035.787	-24263.06
20	8	-19041.193	-24264.287
20	9	-19064.174	-24236.148
20	12	-19071.486	-24235.312
20	13	-19023.918	-24264.465
20	14	-19023.96	-24225.488
20	15	-19014.33	-24243.656
20	16	-19026.184	-24194.07
20	17	-19060.576	-24313.174
20	24	-19021.502	-24304.271
21	1	-19036.473	-24247.742
21	2	-19077.355	-24243.605
21	3	-19024.406	-24235.809
21	4	-19071.512	-24236.139
21	5	-19051.04	-24247.861
21	6	-19048.305	-24236.041
21	7	-19035.744	-24263.86
21	8	-19041.191	-24264.434
21	9	-19064.025	-24236.156
21	12	-19071.344	-24235.326
21	13	-19023.924	-24264.62
21	14	-19023.973	-24225.35
21	15	-19014.342	-24243.648
21	16	-19026.164	-24194.219
21	17	-19060.576	-24313.174
21	24	-19021.53	-24304.104
22	1	-19036.879	-24247.467
22	2	-19078.361	-24243.562
22	3	-19024.402	-24235.904
22	4	-19071.363	-24236.143
22	5	-19051.04	-24247.861
22	6	-19048.455	-24236.04
22	7	-19035.7	-24264.664
22	8	-19041.195	-24264.568
22	9	-19063.88	-24236.166
22	12	-19071.186	-24235.34
22	13	-19023.928	-24264.764
22	14	-19023.992	-24225.19
22	15	-19014.326	-24243.652
22	16	-19026.154	-24194.355
22	17	-19060.576	-24313.174
22	24	-19021.55	-24303.98
23	1	-19037.324	-24247.191
23	2	-19079.404	-24243.514
23	3	-19024.406	-24235.996
23	4	-19071.209	-24236.148
23	5	-19051.04	-24247.863
23	6	-19048.6	-24236.033
23	7	-19035.652	-24265.45
23	8	-19041.191	-24264.719
23	9	-19063.738	-24236.18
23	12	-19071.035	-24235.352
23	13	-19023.932	-24264.924
23	14	-19024.014	-24225.043
23	15	-19014.324	-24243.645
23	16	-19026.145	-24194.5
23	17	-19060.576	-24313.174
23	24	-19021.574	-24303.805
24	1	-19037.78	-24246.943
24	2	-19080.441	-24243.475
24	3	-19024.406	-24236.084
24	4	-19071.057	-24236.154
24	5	-19051.04	-24247.861
24	6	-19048.748	-24236.04
24	7	-19035.61	-24266.256
24	8	-19041.2	-24264.871
24	9	-19063.6	-24236.186
24	12	-19070.88	-24235.361
24	13	-19023.934	-24265.076
24	14	-19024.033	-24224.889
24	15	-19014.336	-24243.67
24	16	-19026.127	-24194.637
24	17	-19060.576	-24313.174
24	24	-19021.604	-24303.67
25	1	-19038.262	-24246.69
25	2	-19081.49	-24243.428
25	3	-19024.408	-24236.164
25	4	-19070.902	-24236.162
25	5	-19051.04	-24247.863
25	6	-19048.898	-24236.057
25	7	-19035.576	-24267.02
25	8	-19041.207	-24265.025
25	9	-19063.44	-24236.195
25	12	-19070.73	-24235.371
25	13	-19023.94	-24265.21
25	14	-19024.053	-24224.736
25	16	-19026.113	-24194.783
25	17	-19060.576	-24313.174
25	18	-19014.344	-24243.668
25	21	-19070.78	-24235.727
25	24	-19021.66	-24303.547
26	1	-19038.766	-24246.447
26	2	-19082.521	-24243.39
26	3	-19024.408	-24236.25
26	4	-19070.756	-24236.172
26	5	-19051.04	-24247.863
26	6	-19049.05	-24236.062
26	7	-19035.53	-24267.842
26	8	-19041.201	-24265.191
26	9	-19063.254	-24236.197
26	12	-19070.58	-24235.38
26	13	-19023.945	-24265.354
26	14	-19024.07	-24224.588
26	16	-19026.1	-24194.926
26	17	-19060.576	-24313.174
26	24	-19021.695	-24303.426
27	1	-19039.291	-24246.213
27	2	-19083.576	-24243.348
27	3	-19024.412	-24236.326
27	4	-19070.604	-24236.186
27	5	-19051.04	-24247.863
27	6	-19049.197	-24236.068
27	7	-19035.492	-24268.654
27	8	-19041.201	-24265.346
27	9	-19063.107	-24236.203
27	12	-19070.438	-24235.387
27	13	-19023.95	-24265.514
27	14	-19024.096	-24224.432
27	16	-19026.092	-24195.068
27	17	-19060.576	-24313.174
27	18	-19014.344	-24243.668
27	21	-19070.473	-24235.787
28	1	-19039.846	-24245.992
28	2	-19084.633	-24243.303
28	3	-19024.42	-24236.398
28	4	-19070.451	-24236.2
28	5	-19051.04	-24247.863
28	6	-19049.355	-24236.078
28	7	-19035.453	-24269.49
28	8	-19041.2	-24265.5
28	9	-19062.97	-24236.207
28	12	-19070.283	-24235.396
28	13	-19023.951	-24265.672
28	14	-19024.111	-24224.295
28	16	-19026.08	-24195.191
28	17	-19060.576	-24313.174
28	18	-19014.344	-24243.668
29	1	-19040.396	-24245.793
29	2	-19085.697	-24243.252
29	3	-19024.418	-24236.465
29	4	-19070.293	-24236.213
29	5	-19051.04	-24247.863
29	6	-19049.506	-24236.084
29	7	-19035.428	-24270.31
29	8	-19041.195	-24265.66
29	9	-19062.838	-24236.21
29	12	-19070.127	-24235.402
29	13	-19023.95	-24265.834
29	14	-19024.133	-24224.13
29	16	-19026.062	-24195.334
29	17	-19060.576	-24313.174
29	18	-19014.344	-24243.668
29	21	-19070.197	-24235.834
30	1	-19040.986	-24245.607
30	2	-19086.783	-24243.23
30	3	-19024.418	-24236.52
30	4	-19070.13	-24236.225
30	5	-19051.04	-24247.863
30	6	-19049.658	-24236.09
30	7	-19035.402	-24271.14
30	8	-19041.182	-24265.838
30	9	-19062.693	-24236.207
30	12	-19069.979	-24235.41
30	13	-19023.945	-24265.99
30	14	-19024.154	-24223.979
30	16	-19026.053	-24195.482
30	17	-19060.576	-24313.174
30	18	-19014.344	-24243.668
30	21	-19070.05	-24235.8
31	1	-19041.596	-24245.438
31	2	-19087.854	-24243.188
31	3	-19024.416	-24236.578
31	4	-19069.986	-24236.234
31	5	-19051.04	-24247.863
31	6	-19049.81	-24236.096
31	7	-19035.365	-24271.973
31	8	-19041.172	-24265.967
31	9	-19062.545	-24236.225
31	12	-19069.828	-24235.416
31	13	-19023.95	-24266.139
31	14	-19024.174	-24223.826
31	16	-19026.049	-24195.611
31	17	-19060.576	-24313.174
31	18	-19014.344	-24243.668
31	21	-19069.92	-24235.818
32	1	-19042.232	-24245.277
32	2	-19088.941	-24243.145
32	3	-19024.412	-24236.633
32	4	-19069.836	-24236.248
32	5	-19051.04	-24247.863
32	6	-19049.96	-24236.105
32	7	-19035.312	-24272.87
32	8	-19041.166	-24266.107
32	9	-19062.4	-24236.24
32	12	-19069.672	-24235.422
32	13	-19023.95	-24266.291
32	14	-19024.201	-24223.678
32	16	-19026.043	-24195.748
32	17	-19060.576	-24313.174
32	18	-19014.344	-24243.668
32	19	-18995.865	-24240.205
32	21	-19069.75	-24235.828
32	26	-19025.896	-24177.379
33	1	-19042.883	-24245.135
33	2	-19090.023	-24243.111
33	3	-19024.406	-24236.684
33	4	-19069.688	-24236.254
33	5	-19051.04	-24247.861
33	6	-19050.107	-24236.105
33	7	-19035.268	-24273.723
33	8	-19041.15	-24266.256
33	9	-19062.254	-24236.256
33	12	-19069.521	-24235.43
33	13	-19023.951	-24266.445
33	14	-19024.217	-24223.541
33	16	-19026.031	-24195.883
33	17	-19060.576	-24313.174
33	18	-19014.344	-24243.668
33	19	-18996.533	-24240.205
33	21	-19069.621	-24235.838
33	26	-19025.865	-24177.553
34	1	-19043.553	-24245.004
34	2	-19091.1	-24243.084
34	3	-19024.4	-24236.732
34	4	-19069.53	-24236.268
34	5	-19051.04	-24247.861
34	6	-19050.275	-24236.113
34	7	-19035.215	-24274.506
34	8	-19041.143	-24266.402
34	9	-19062.105	-24236.268
34	12	-19069.37	-24235.44
34	13	-19023.951	-24266.605
34	14	-19024.236	-24223.377
34	16	-19026.027	-24196.014
34	17	-19060.576	-24313.174
34	18	-19014.344	-24243.668
34	19	-18997.172	-24240.234
34	21	-19069.443	-24235.844
34	26	-19025.867	-24177.71
35	1	-19044.236	-24244.883
35	2	-19092.188	-24243.059
35	3	-19024.393	-24236.781
35	4	-19069.377	-24236.277
35	5	-19051.04	-24247.861
35	6	-19050.42	-24236.125
35	7	-19035.166	-24275.285
35	8	-19041.14	-24266.527
35	9	-19061.947	-24236.285
35	12	-19069.22	-24235.45
35	13	-19023.95	-24266.762
35	14	-19024.258	-24223.21
35	16	-19026.018	-24196.158
35	17	-19060.576	-24313.174
35	18	-19014.344	-24243.668
35	19	-18997.818	-24240.25
35	21	-19069.283	-24235.836
35	26	-19025.863	-24177.861
36	1	-19044.951	-24244.781
36	2	-19093.307	-24243.002
36	3	-19024.383	-24236.838
36	4	-19069.229	-24236.293
36	5	-19051.04	-24247.861
36	6	-19050.568	-24236.125
36	7	-19035.125	-24276.11
36	8	-19041.117	-24266.643
36	9	-19061.787	-24236.303
36	12	-19069.074	-24235.459
36	13	-19023.953	-24266.924
36	14	-19024.275	-24223.062
36	16	-19026.012	-24196.299
36	17	-19060.576	-24313.174
36	18	-19014.344	-24243.668
36	19	-18998.441	-24240.254
36	21	-19069.143	-24235.854
36	26	-19025.865	-24177.963
37	1	-19045.686	-24244.676
37	2	-19094.434	-24242.969
37	3	-19024.379	-24236.883
37	4	-19069.082	-24236.307
37	5	-19051.04	-24247.861
37	6	-19050.705	-24236.117
37	7	-19035.064	-24276.934
37	8	-19041.107	-24266.777
37	9	-19061.627	-24236.314
37	12	-19068.93	-24235.47
37	13	-19023.953	-24267.078
37	14	-19024.285	-24222.908
37	16	-19026.014	-24196.426
37	17	-19060.576	-24313.174
37	18	-19014.344	-24243.668
37	19	-18999.064	-24240.262
37	21	-19069.016	-24235.889
37	26	-19025.867	-24178.115
38	1	-19046.447	-24244.596
38	2	-19095.523	-24242.953
38	3	-19024.367	-24236.941
38	4	-19068.92	-24236.32
38	5	-19051.04	-24247.861
38	6	-19050.803	-24236.111
38	7	-19035.04	-24277.705
38	8	-19041.092	-24266.912
38	9	-19061.477	-24236.326
38	12	-19068.777	-24235.48
38	13	-19023.951	-24267.238
38	14	-19024.312	-24222.74
38	16	-19026.01	-24196.559
38	17	-19060.576	-24313.174
38	18	-19014.344	-24243.668
38	19	-18999.672	-24240.25
38	21	-19068.857	-24235.885
38	26	-19025.848	-24178.266
39	1	-19047.232	-24244.514
39	2	-19096.648	-24242.908
39	3	-19024.355	-24236.996
39	4	-19068.764	-24236.334
39	5	-19051.04	-24247.861
39	6	-19050.998	-24236.121
39	7	-19034.982	-24278.56
39	8	-19041.062	-24267.04
39	9	-19061.32	-24236.336
39	12	-19068.63	-24235.496
39	13	-19023.953	-24267.402
39	14	-19024.326	-24222.586
39	16	-19026.008	-24196.695
39	17	-19060.576	-24313.174
39	18	-19014.344	-24243.668
39	19	-19000.277	-24240.256
39	21	-19068.715	-24235.895
39	26	-19025.889	-24178.38
40	1	-19048.035	-24244.436
40	2	-19097.777	-24242.861
40	3	-19024.352	-24237.035
40	4	-19068.604	-24236.35
40	5	-19051.04	-24247.861
40	6	-19051.191	-24236.135
40	7	-19034.904	-24279.426
40	8	-19041.104	-24267.123
40	9	-19061.166	-24236.346
40	12	-19068.484	-24235.51
40	13	-19023.951	-24267.562
40	14	-19024.342	-24222.447
40	16	-19026.014	-24196.828
40	17	-19060.576	-24313.174
40	18	-19014.344	-24243.668
40	19	-19000.85	-24240.26
40	20	-19021.234	-24301.129
40	21	-19068.56	-24235.91
40	26	-19025.84	-24178.496
41	1	-19048.855	-24244.373
41	2	-19098.898	-24242.828
41	3	-19024.346	-24237.078
41	4	-19068.459	-24236.363
41	5	-19051.04	-24247.861
41	6	-19051.379	-24236.139
41	7	-19034.887	-24280.246
41	9	-19061.0	-24236.355
41	12	-19068.334	-24235.525
41	13	-19023.953	-24267.719
41	14	-19024.355	-24222.32
41	16	-19026.021	-24196.97
41	17	-19060.576	-24313.174
41	18	-19014.344	-24243.668
41	19	-19001.416	-24240.305
41	20	-19021.322	-24300.986
41	21	-19068.418	-24235.928
42	1	-19049.693	-24244.318
42	2	-19100.021	-24242.791
42	3	-19024.34	-24237.137
42	4	-19068.312	-24236.377
42	5	-19051.04	-24247.861
42	6	-19051.502	-24236.121
42	7	-19034.87	-24281.057
42	9	-19060.846	-24236.365
42	12	-19068.184	-24235.54
42	13	-19023.95	-24267.883
42	14	-19024.375	-24222.18
42	16	-19026.03	-24197.11
42	17	-19060.576	-24313.174
42	18	-19014.344	-24243.668
42	19	-19001.97	-24240.318
42	20	-19021.348	-24300.824
42	21	-19068.271	-24235.95
43	1	-19050.525	-24244.271
43	2	-19101.148	-24242.75
43	3	-19024.33	-24237.178
43	4	-19068.16	-24236.387
43	5	-19051.04	-24247.861
43	6	-19051.645	-24236.12
43	9	-19060.7	-24236.379
43	12	-19068.035	-24235.555
43	13	-19023.947	-24268.035
43	14	-19024.395	-24221.92
43	16	-19026.037	-24197.24
43	17	-19060.576	-24313.174
43	18	-19014.344	-24243.668
43	19	-19002.508	-24240.322
43	20	-19021.371	-24300.68
43	21	-19068.102	-24235.959
44	1	-19051.373	-24244.242
44	2	-19102.271	-24242.695
44	3	-19024.322	-24237.217
44	4	-19068.0	-24236.396
44	5	-19051.04	-24247.861
44	6	-19051.795	-24236.135
44	9	-19060.543	-24236.39
44	12	-19067.887	-24235.57
44	13	-19023.947	-24268.197
44	14	-19024.404	-24221.766
44	16	-19026.045	-24197.379
44	17	-19060.576	-24313.174
44	18	-19014.344	-24243.668
44	19	-19003.037	-24240.336
44	20	-19021.38	-24300.549
44	21	-19067.92	-24235.977
45	1	-19052.234	-24244.227
45	2	-19103.416	-24242.652
45	3	-19024.312	-24237.258
45	4	-19067.844	-24236.41
45	5	-19051.04	-24247.861
45	6	-19051.936	-24236.129
45	9	-19060.383	-24236.402
45	12	-19067.74	-24235.59
45	13	-19023.953	-24268.355
45	14	-19024.414	-24221.605
45	16	-19026.045	-24197.525
45	17	-19060.576	-24313.174
45	18	-19014.344	-24243.668
45	19	-19003.562	-24240.367
45	20	-19021.387	-24300.402
45	21	-19067.8	-24235.992
46	1	-19053.102	-24244.195
46	2	-19104.5	-24242.611
46	3	-19024.305	-24237.29
46	4	-19067.695	-24236.426
46	5	-19051.04	-24247.861
46	6	-19052.088	-24236.123
46	9	-19060.22	-24236.408
46	12	-19067.586	-24235.604
46	13	-19023.95	-24268.521
46	14	-19024.422	-24221.455
46	16	-19026.041	-24197.66
46	17	-19060.576	-24313.174
46	18	-19014.344	-24243.668
46	19	-19004.062	-24240.38
46	20	-19021.402	-24300.266
46	21	-19067.646	-24236.021
47	1	-19054.0	-24244.156
47	2	-19105.64	-24242.564
47	3	-19024.299	-24237.32
47	4	-19067.545	-24236.44
47	5	-19051.04	-24247.861
47	6	-19052.25	-24236.123
47	9	-19060.072	-24236.412
47	12	-19067.438	-24235.623
47	13	-19023.947	-24268.678
47	14	-19024.44	-24221.309
47	16	-19026.06	-24197.77
47	17	-19060.576	-24313.174
47	18	-19014.344	-24243.668
47	19	-19004.57	-24240.395
47	20	-19021.4	-24300.123
47	21	-19067.496	-24236.033
48	1	-19054.924	-24244.12
48	2	-19106.762	-24242.523
48	3	-19024.29	-24237.355
48	4	-19067.389	-24236.455
48	5	-19051.04	-24247.861
48	6	-19052.408	-24236.143
48	9	-19059.914	-24236.412
48	12	-19067.285	-24235.639
48	13	-19023.94	-24268.844
48	14	-19024.453	-24221.148
48	16	-19026.07	-24197.912
48	17	-19060.576	-24313.174
48	18	-19014.344	-24243.668
48	19	-19005.055	-24240.41
48	20	-19021.406	-24299.97
48	21	-19067.346	-24236.041
49	1	-19055.832	-24244.09
49	2	-19107.91	-24242.453
49	3	-19024.275	-24237.387
49	4	-19067.225	-24236.463
49	5	-19051.04	-24247.861
49	6	-19052.545	-24236.127
49	9	-19059.76	-24236.42
49	12	-19067.135	-24235.654
49	13	-19023.936	-24269.006
49	14	-19024.459	-24221.004
49	16	-19026.08	-24198.041
49	17	-19060.576	-24313.174
49	18	-19014.344	-24243.668
49	19	-19005.531	-24240.43
49	20	-19021.41	-24299.82
49	21	-19067.2	-24236.072
50	1	-19056.78	-24244.068
50	2	-19109.06	-24242.422
50	3	-19024.26	-24237.428
50	4	-19067.062	-24236.473
50	5	-19051.04	-24247.861
50	6	-19052.684	-24236.104
50	9	-19059.61	-24236.426
50	12	-19066.986	-24235.67
50	13	-19023.928	-24269.172
50	14	-19024.467	-24220.857
50	16	-19026.08	-24198.174
50	17	-19060.576	-24313.174
50	18	-19014.344	-24243.668
50	19	-19006.002	-24240.44
50	20	-19021.41	-24299.68
50	21	-19067.014	-24236.078
51	1	-19057.76	-24244.035
51	2	-19110.191	-24242.36
51	3	-19024.246	-24237.457
51	4	-19066.898	-24236.482
51	5	-19051.04	-24247.861
51	6	-19052.83	-24236.107
51	9	-19059.463	-24236.438
51	12	-19066.83	-24235.688
51	13	-19023.928	-24269.316
51	14	-19024.479	-24220.703
51	16	-19026.066	-24198.297
51	17	-19060.576	-24313.174
51	18	-19014.344	-24243.668
51	19	-19006.45	-24240.457
51	20	-19021.418	-24299.535
51	21	-19066.87	-24236.088
52	1	-19058.762	-24244.002
52	2	-19111.326	-24242.32
52	3	-19024.24	-24237.48
52	4	-19066.738	-24236.49
52	5	-19051.04	-24247.861
52	6	-19052.969	-24236.107
52	9	-19059.32	-24236.451
52	12	-19066.68	-24235.701
52	13	-19023.92	-24269.465
52	14	-19024.488	-24220.549
52	17	-19060.576	-24313.174
52	18	-19014.344	-24243.668
52	19	-19006.893	-24240.469
52	20	-19021.428	-24299.387
52	21	-19066.709	-24236.1
53	1	-19059.773	-24243.975
53	2	-19112.46	-24242.273
53	3	-19024.24	-24237.5
53	4	-19066.604	-24236.496
53	5	-19051.04	-24247.861
53	6	-19053.13	-24236.094
53	9	-19059.174	-24236.467
53	12	-19066.535	-24235.719
53	13	-19023.914	-24269.623
53	14	-19024.492	-24220.395
53	17	-19060.576	-24313.174
53	18	-19014.344	-24243.668
53	19	-19007.295	-24240.482
53	20	-19021.432	-24299.225
53	21	-19066.547	-24236.098
54	1	-19060.816	-24243.945
54	2	-19113.598	-24242.188
54	3	-19024.238	-24237.52
54	4	-19066.455	-24236.502
54	5	-19051.04	-24247.861
54	6	-19053.283	-24236.09
54	9	-19059.027	-24236.486
54	12	-19066.39	-24235.729
54	13	-19023.916	-24269.768
54	14	-19024.496	-24220.244
54	17	-19060.576	-24313.174
54	18	-19014.344	-24243.668
54	19	-19007.67	-24240.488
54	20	-19021.44	-24299.082
55	1	-19061.871	-24243.914
55	2	-19114.738	-24242.145
55	3	-19024.236	-24237.533
55	4	-19066.291	-24236.514
55	5	-19051.04	-24247.861
55	6	-19053.424	-24236.088
55	9	-19058.87	-24236.496
55	12	-19066.242	-24235.746
55	13	-19023.914	-24269.928
55	14	-19024.502	-24220.104
55	17	-19060.576	-24313.174
55	18	-19014.344	-24243.668
55	19	-19008.04	-24240.516
55	20	-19021.44	-24298.93
55	21	-19066.223	-24236.121
56	1	-19062.957	-24243.87
56	2	-19115.844	-24242.08
56	3	-19024.236	-24237.555
56	4	-19066.143	-24236.521
56	5	-19051.04	-24247.861
56	6	-19053.568	-24236.078
56	9	-19058.713	-24236.502
56	12	-19066.098	-24235.764
56	13	-19023.914	-24270.062
56	14	-19024.514	-24219.941
56	17	-19060.576	-24313.174
56	18	-19014.344	-24243.668
56	19	-19008.408	-24240.506
56	20	-19021.443	-24298.773
56	21	-19066.078	-24236.125
57	1	-19064.035	-24243.846
57	2	-19117.006	-24241.988
57	3	-19024.238	-24237.57
57	4	-19065.992	-24236.535
57	5	-19051.04	-24247.861
57	6	-19053.717	-24236.07
57	9	-19058.566	-24236.52
57	12	-19065.941	-24235.783
57	13	-19023.916	-24270.207
57	14	-19024.52	-24219.791
57	17	-19060.576	-24313.174
57	18	-19014.344	-24243.668
57	19	-19008.762	-24240.518
57	20	-19021.453	-24298.617
57	21	-19065.94	-24236.143
58	1	-19065.13	-24243.803
58	2	-19118.15	-24241.957
58	3	-19024.238	-24237.584
58	4	-19065.838	-24236.545
58	5	-19051.04	-24247.861
58	6	-19053.863	-24236.06
58	9	-19058.418	-24236.533
58	12	-19065.783	-24235.8
58	13	-19023.908	-24270.361
58	14	-19024.525	-24219.637
58	17	-19060.576	-24313.174
58	18	-19014.344	-24243.668
58	19	-19009.098	-24240.53
58	20	-19021.465	-24298.467
58	21	-19065.787	-24236.156
59	1	-19066.256	-24243.766
59	2	-19119.27	-24241.867
59	3	-19024.24	-24237.594
59	4	-19065.682	-24236.559
59	5	-19051.04	-24247.861
59	6	-19054.016	-24236.049
59	9	-19058.27	-24236.547
59	12	-19065.623	-24235.814
59	13	-19023.902	-24270.531
59	14	-19024.533	-24219.48
59	17	-19060.576	-24313.174
59	18	-19014.344	-24243.668
59	19	-19009.404	-24240.547
59	20	-19021.48	-24298.31
59	21	-19065.637	-24236.178
60	1	-19067.373	-24243.732
60	2	-19120.396	-24241.8
60	3	-19024.24	-24237.613
60	4	-19065.518	-24236.57
60	5	-19051.04	-24247.861
60	6	-19054.152	-24236.041
60	9	-19058.117	-24236.559
60	12	-19065.47	-24235.828
60	13	-19023.9	-24270.68
60	14	-19024.543	-24219.328
60	17	-19060.576	-24313.174
60	18	-19014.344	-24243.668
60	19	-19009.703	-24240.562
60	20	-19021.5	-24298.172
60	21	-19065.518	-24236.2
61	1	-19068.508	-24243.695
61	2	-19121.557	-24241.709
61	3	-19024.242	-24237.629
61	4	-19065.367	-24236.582
61	5	-19051.04	-24247.861
61	6	-19054.307	-24236.03
61	9	-19057.969	-24236.572
61	12	-19065.31	-24235.844
61	13	-19023.898	-24270.834
61	14	-19024.549	-24219.168
61	17	-19060.576	-24313.174
61	18	-19014.344	-24243.668
61	19	-19009.998	-24240.572
61	20	-19021.52	-24298.023
61	21	-19065.36	-24236.203
62	1	-19069.668	-24243.658
62	2	-19122.71	-24241.656
62	3	-19024.24	-24237.645
62	4	-19065.21	-24236.592
62	5	-19051.04	-24247.861
62	6	-19054.457	-24236.018
62	9	-19057.818	-24236.598
62	12	-19065.143	-24235.857
62	13	-19023.9	-24270.977
62	14	-19024.559	-24219.004
62	17	-19060.576	-24313.174
62	18	-19014.344	-24243.668
62	19	-19010.318	-24240.604
62	20	-19021.545	-24297.871
62	21	-19065.197	-24236.223
63	1	-19070.83	-24243.621
63	2	-19123.86	-24241.57
63	3	-19024.24	-24237.648
63	4	-19065.047	-24236.602
63	5	-19051.04	-24247.861
63	6	-19054.604	-24236.006
63	9	-19057.678	-24236.613
63	12	-19064.99	-24235.867
63	13	-19023.898	-24271.13
63	14	-19024.56	-24218.86
63	17	-19060.576	-24313.174
63	18	-19014.344	-24243.668
63	19	-19010.611	-24240.615
63	20	-19021.568	-24297.725
63	21	-19065.006	-24236.227
63	22	-19025.303	-24181.646
64	1	-19071.99	-24243.584
64	2	-19125.031	-24241.516
64	3	-19024.244	-24237.668
64	4	-19064.893	-24236.607
64	5	-19051.04	-24247.861
64	6	-19054.752	-24235.996
64	9	-19057.486	-24236.611
64	12	-19064.846	-24235.885
64	13	-19023.893	-24271.291
64	14	-19024.568	-24218.695
64	17	-19060.576	-24313.174
64	18	-19014.344	-24243.668
64	19	-19010.865	-24240.627
64	20	-19021.586	-24297.568
64	21	-19064.848	-24236.244
64	22	-19025.342	-24181.768
65	1	-19073.145	-24243.553
65	2	-19126.23	-24241.416
65	3	-19024.242	-24237.691
65	4	-19064.736	-24236.621
65	5	-19051.04	-24247.861
65	6	-19054.896	-24235.988
65	9	-19057.322	-24236.62
65	12	-19064.697	-24235.904
65	13	-19023.895	-24271.44
65	14	-19024.574	-24218.537
65	17	-19060.576	-24313.174
65	18	-19014.344	-24243.668
65	19	-19011.152	-24240.63
65	20	-19021.6	-24297.418
65	21	-19064.682	-24236.252
65	22	-19025.346	-24181.883
66	1	-19074.309	-24243.52
66	2	-19127.28	-24241.352
66	3	-19024.238	-24237.701
66	4	-19064.574	-24236.63
66	5	-19051.04	-24247.861
66	6	-19055.045	-24235.975
66	9	-19057.172	-24236.627
66	12	-19064.543	-24235.904
66	13	-19023.896	-24271.586
66	14	-19024.584	-24218.371
66	17	-19060.576	-24313.174
66	18	-19014.344	-24243.668
66	19	-19011.396	-24240.65
66	20	-19021.611	-24297.266
66	21	-19064.54	-24236.26
66	22	-19025.367	-24182.02
67	1	-19075.455	-24243.477
67	3	-19024.234	-24237.723
67	4	-19064.416	-24236.645
67	5	-19051.04	-24247.861
67	6	-19055.184	-24235.965
67	9	-19057.031	-24236.639
67	12	-19064.383	-24235.902
67	13	-19023.895	-24271.729
67	14	-19024.59	-24218.219
67	17	-19060.576	-24313.174
67	18	-19014.344	-24243.668
67	19	-19011.637	-24240.658
67	20	-19021.625	-24297.11
67	21	-19064.406	-24236.273
67	22	-19025.361	-24182.16
67	27	-19025.994	-24200.633
68	1	-19076.645	-24243.44
68	3	-19024.23	-24237.73
68	4	-19064.266	-24236.66
68	5	-19051.04	-24247.861
68	6	-19055.326	-24235.957
68	9	-19056.893	-24236.646
68	12	-19064.236	-24235.91
68	13	-19023.887	-24271.854
68	14	-19024.6	-24218.07
68	17	-19060.576	-24313.174
68	18	-19014.344	-24243.668
68	19	-19011.867	-24240.688
68	20	-19021.633	-24296.95
68	21	-19064.262	-24236.273
68	22	-19025.373	-24182.275
68	27	-19026.012	-24200.762
69	1	-19077.81	-24243.402
69	3	-19024.23	-24237.74
69	4	-19064.102	-24236.68
69	5	-19051.04	-24247.861
69	6	-19055.47	-24235.947
69	9	-19056.74	-24236.652
69	12	-19064.086	-24235.922
69	13	-19023.87	-24272.018
69	14	-19024.607	-24217.91
69	17	-19060.576	-24313.174
69	18	-19014.344	-24243.668
69	19	-19012.092	-24240.695
69	20	-19021.662	-24296.785
69	21	-19064.125	-24236.285
69	22	-19025.38	-24182.41
69	27	-19026.053	-24200.9
70	1	-19079.0	-24243.361
70	3	-19024.225	-24237.746
70	4	-19063.92	-24236.691
70	5	-19051.04	-24247.861
70	6	-19055.61	-24235.938
70	9	-19056.59	-24236.658
70	12	-19063.96	-24235.934
70	13	-19023.855	-24272.172
70	14	-19024.615	-24217.748
70	17	-19060.576	-24313.174
70	18	-19014.344	-24243.668
70	19	-19012.281	-24240.703
70	20	-19021.688	-24296.621
70	21	-19063.941	-24236.291
70	22	-19025.383	-24182.553
70	27	-19026.07	-24201.012
71	1	-19080.172	-24243.334
71	3	-19024.22	-24237.748
71	4	-19063.78	-24236.713
71	5	-19051.04	-24247.861
71	6	-19055.752	-24235.928
71	9	-19056.447	-24236.666
71	12	-19063.81	-24235.934
71	13	-19023.857	-24272.318
71	14	-19024.621	-24217.594
71	17	-19060.576	-24313.174
71	18	-19014.344	-24243.668
71	19	-19012.455	-24240.715
71	20	-19021.709	-24296.451
71	21	-19063.807	-24236.3
71	22	-19025.385	-24182.7
71	27	-19026.088	-24201.13
72	1	-19081.357	-24243.291
72	3	-19024.219	-24237.75
72	4	-19063.623	-24236.725
72	5	-19051.04	-24247.861
72	6	-19055.889	-24235.92
72	9	-19056.3	-24236.674
72	12	-19063.621	-24235.932
72	13	-19023.867	-24272.475
72	14	-19024.623	-24217.434
72	17	-19060.576	-24313.174
72	18	-19014.344	-24243.668
72	19	-19012.66	-24240.736
72	20	-19021.729	-24296.275
72	21	-19063.643	-24236.31
72	22	-19025.389	-24182.816
72	27	-19026.115	-24201.266
73	1	-19082.521	-24243.246
73	3	-19024.217	-24237.756
73	4	-19063.459	-24236.725
73	5	-19051.04	-24247.861
73	6	-19056.014	-24235.906
73	9	-19056.156	-24236.68
73	12	-19063.436	-24235.932
73	13	-19023.867	-24272.613
73	14	-19024.627	-24217.277
73	17	-19060.576	-24313.174
73	18	-19014.344	-24243.668
73	19	-19012.822	-24240.738
73	20	-19021.742	-24296.111
73	21	-19063.47	-24236.303
73	22	-19025.39	-24182.947
73	27	-19026.14	-24201.393
74	1	-19083.68	-24243.207
74	3	-19024.213	-24237.758
74	4	-19063.307	-24236.736
74	5	-19051.04	-24247.861
74	6	-19056.146	-24235.895
74	9	-19056.004	-24236.682
74	12	-19063.281	-24235.938
74	13	-19023.875	-24272.71
74	14	-19024.629	-24217.117
74	17	-19060.576	-24313.174
74	18	-19014.344	-24243.668
74	19	-19012.96	-24240.742
74	20	-19021.766	-24295.945
74	22	-19025.398	-24183.074
74	27	-19026.158	-24201.52
75	1	-19084.83	-24243.16
75	3	-19024.209	-24237.762
75	4	-19063.162	-24236.752
75	5	-19051.04	-24247.861
75	6	-19056.307	-24235.883
75	9	-19055.857	-24236.684
75	12	-19063.137	-24235.938
75	13	-19023.88	-24272.848
75	14	-19024.63	-24216.955
75	17	-19060.576	-24313.174
75	18	-19014.344	-24243.668
75	19	-19013.078	-24240.754
75	20	-19021.78	-24295.775
75	22	-19025.404	-24183.205
76	1	-19086.008	-24243.111
76	3	-19024.205	-24237.76
76	4	-19063.02	-24236.773
76	5	-19051.04	-24247.861
76	6	-19056.44	-24235.867
76	9	-19055.713	-24236.688
76	12	-19062.986	-24235.941
76	13	-19023.854	-24273.084
76	14	-19024.635	-24216.799
76	17	-19060.576	-24313.174
76	18	-19014.344	-24243.668
76	19	-19013.191	-24240.756
76	20	-19021.797	-24295.604
76	22	-19025.404	-24183.354
77	1	-19087.195	-24243.062
77	3	-19024.2	-24237.758
77	4	-19062.873	-24236.791
77	5	-19051.04	-24247.861
77	6	-19056.59	-24235.852
77	9	-19055.566	-24236.691
77	12	-19062.828	-24235.951
77	13	-19023.861	-24273.293
77	14	-19024.63	-24216.652
77	17	-19060.576	-24313.174
77	18	-19014.344	-24243.668
77	19	-19013.273	-24240.764
77	20	-19021.814	-24295.434
77	22	-19025.404	-24183.484
77	23	-18974.537	-24242.205
78	1	-19088.36	-24243.014
78	3	-19024.195	-24237.76
78	4	-19062.697	-24236.797
78	5	-19051.04	-24247.861
78	6	-19056.734	-24235.836
78	9	-19055.41	-24236.697
78	12	-19062.668	-24235.965
78	13	-19023.84	-24273.451
78	14	-19024.637	-24216.488
78	17	-19060.576	-24313.174
78	18	-19014.344	-24243.668
78	19	-19013.37	-24240.756
78	20	-19021.838	-24295.26
78	22	-19025.4	-24183.613
78	23	-18975.615	-24242.209
79	1	-19089.521	-24242.965
79	3	-19024.191	-24237.752
79	4	-19062.541	-24236.809
79	5	-19051.04	-24247.861
79	6	-19056.873	-24235.816
79	9	-19055.258	-24236.7
79	12	-19062.52	-24235.979
79	13	-19023.83	-24273.613
79	14	-19024.637	-24216.33
79	17	-19060.576	-24313.174
79	18	-19014.344	-24243.668
79	19	-19013.46	-24240.764
79	20	-19021.865	-24295.084
79	22	-19025.398	-24183.756
79	23	-18976.68	-24242.287
79	25	-19062.49	-24236.393
80	1	-19090.713	-24242.908
80	3	-19024.19	-24237.752
80	4	-19062.402	-24236.818
80	5	-19051.04	-24247.861
80	6	-19057.02	-24235.795
80	9	-19055.12	-24236.709
80	12	-19062.37	-24235.99
80	13	-19023.834	-24273.746
80	14	-19024.63	-24216.16
80	17	-19060.576	-24313.174
80	18	-19014.344	-24243.668
80	19	-19013.523	-24240.764
80	20	-19021.9	-24294.91
80	22	-19025.385	-24183.887
80	23	-18977.65	-24242.303
80	25	-19062.33	-24236.361
81	1	-19091.885	-24242.871
81	3	-19024.19	-24237.752
81	4	-19062.27	-24236.824
81	5	-19051.04	-24247.861
81	6	-19057.162	-24235.768
81	9	-19054.977	-24236.719
81	12	-19062.205	-24236.002
81	13	-19023.836	-24273.91
81	14	-19024.625	-24216.021
81	17	-19060.576	-24313.174
81	18	-19014.344	-24243.668
81	19	-19013.586	-24240.764
81	20	-19021.934	-24294.73
81	22	-19025.377	-24184.041
81	23	-18978.684	-24242.322
82	1	-19093.105	-24242.822
82	3	-19024.193	-24237.754
82	4	-19062.139	-24236.832
82	5	-19051.04	-24247.861
82	6	-19057.312	-24235.754
82	9	-19054.824	-24236.725
82	12	-19062.059	-24236.014
82	13	-19023.838	-24274.074
82	14	-19024.62	-24215.879
82	17	-19060.576	-24313.174
82	18	-19014.344	-24243.668
82	19	-19013.613	-24240.768
82	20	-19021.96	-24294.549
82	22	-19025.373	-24184.162
82	23	-18979.697	-24242.357
82	25	-19062.096	-24236.412
83	1	-19094.277	-24242.77
83	3	-19024.197	-24237.746
83	4	-19061.996	-24236.846
83	5	-19051.04	-24247.861
83	6	-19057.455	-24235.727
83	9	-19054.666	-24236.727
83	12	-19061.904	-24236.03
83	13	-19023.828	-24274.246
83	14	-19024.617	-24215.727
83	17	-19060.576	-24313.174
83	18	-19014.344	-24243.668
83	19	-19013.64	-24240.775
83	20	-19021.977	-24294.375
83	22	-19025.365	-24184.293
83	23	-18980.71	-24242.38
84	1	-19095.473	-24242.744
84	3	-19024.201	-24237.746
84	4	-19061.852	-24236.865
84	5	-19051.04	-24247.861
84	6	-19057.58	-24235.705
84	9	-19054.52	-24236.73
84	12	-19061.748	-24236.041
84	13	-19023.822	-24274.398
84	14	-19024.623	-24215.576
84	17	-19060.576	-24313.174
84	18	-19014.344	-24243.668
84	19	-19013.67	-24240.771
84	20	-19021.992	-24294.184
84	22	-19025.365	-24184.424
84	23	-18981.703	-24242.426
84	25	-19061.771	-24236.434
85	1	-19096.668	-24242.686
85	3	-19024.205	-24237.748
85	4	-19061.701	-24236.885
85	5	-19051.04	-24247.861
85	6	-19057.705	-24235.686
85	9	-19054.377	-24236.736
85	12	-19061.598	-24236.06
85	13	-19023.82	-24274.568
85	14	-19024.604	-24215.451
85	17	-19060.576	-24313.174
85	18	-19014.344	-24243.668
85	19	-19013.68	-24240.77
85	20	-19022.0	-24294.01
85	22	-19025.357	-24184.557
85	23	-18982.705	-24242.47
85	25	-19061.654	-24236.473
86	1	-19097.88	-24242.652
86	3	-19024.207	-24237.746
86	4	-19061.559	-24236.902
86	5	-19051.04	-24247.861
86	6	-19057.836	-24235.648
86	9	-19054.236	-24236.748
86	12	-19061.447	-24236.074
86	13	-19023.822	-24274.727
86	14	-19024.613	-24215.322
86	17	-19060.576	-24313.174
86	18	-19014.344	-24243.668
86	19	-19013.682	-24240.77
86	20	-19022.012	-24293.834
86	22	-19025.354	-24184.678
86	23	-18983.654	-24242.514
86	25	-19061.508	-24236.51
87	1	-19099.078	-24242.592
87	3	-19024.21	-24237.742
87	4	-19061.408	-24236.914
87	5	-19051.037	-24247.861
87	6	-19058.041	-24235.627
87	9	-19054.086	-24236.756
87	12	-19061.287	-24236.086
87	13	-19023.82	-24274.88
87	14	-19024.617	-24215.195
87	17	-19060.576	-24313.174
87	18	-19014.344	-24243.668
87	19	-19013.686	-24240.764
87	20	-19022.023	-24293.672
87	22	-19025.35	-24184.812
87	23	-18984.6	-24242.541
87	25	-19061.338	-24236.482
88	1	-19100.28	-24242.562
88	3	-19024.215	-24237.742
88	4	-19061.248	-24236.93
88	5	-19051.035	-24247.863
88	6	-19058.21	-24235.605
88	9	-19053.945	-24236.762
88	12	-19061.135	-24236.098
88	13	-19023.814	-24275.04
88	14	-19024.607	-24215.043
88	17	-19060.576	-24313.174
88	18	-19014.344	-24243.668
88	19	-19013.695	-24240.766
88	20	-19022.05	-24293.488
88	22	-19025.344	-24184.938
88	23	-18985.572	-24242.61
88	25	-19061.184	-24236.479
89	1	-19101.49	-24242.504
89	3	-19024.219	-24237.742
89	4	-19061.09	-24236.945
89	5	-19051.031	-24247.863
89	6	-19058.37	-24235.584
89	9	-19053.803	-24236.77
89	12	-19060.984	-24236.107
89	13	-19023.805	-24275.205
89	17	-19060.576	-24313.174
89	18	-19014.344	-24243.668
89	19	-19013.69	-24240.768
89	20	-19022.074	-24293.295
89	22	-19025.344	-24185.066
89	23	-18986.496	-24242.639
89	25	-19061.06	-24236.527
90	1	-19102.688	-24242.459
90	3	-19024.225	-24237.74
90	4	-19060.94	-24236.963
90	5	-19051.03	-24247.863
90	6	-19058.521	-24235.57
90	9	-19053.662	-24236.78
90	12	-19060.84	-24236.12
90	13	-19023.797	-24275.36
90	17	-19060.576	-24313.174
90	18	-19014.344	-24243.668
90	19	-19013.678	-24240.766
90	20	-19022.086	-24293.121
90	22	-19025.342	-24185.201
90	23	-18987.361	-24242.719
90	25	-19060.902	-24236.545
