0	1	-219.50975	-5285.0894
0	2	-220.72618	-5265.8022
0	3	-219.15912	-5316.274
0	4	-217.83177	-5354.092
0	5	-213.57529	-5311.7744
1	1	-219.45349	-5286.813
1	2	-220.67789	-5267.271
1	3	-219.1232	-5318.02
1	4	-217.78508	-5355.857
1	5	-213.68623	-5309.868
2	1	-219.39311	-5288.536
2	2	-220.62514	-5268.953
2	3	-219.0872	-5319.752
2	4	-217.7262	-5357.618
2	5	-213.79765	-5307.881
3	1	-219.32652	-5290.287
3	2	-220.58447	-5270.5156
3	3	-219.04926	-5321.47
3	4	-217.67432	-5359.3794
3	5	-213.9182	-5305.8726
4	1	-219.27046	-5292.0156
4	2	-220.52237	-5272.1484
4	3	-219.01314	-5323.174
4	4	-217.6217	-5361.136
4	5	-214.03659	-5303.815
5	1	-219.21053	-5293.766
5	2	-220.48016	-5273.853
5	3	-218.97623	-5324.864
5	4	-217.55664	-5362.9233
5	5	-214.15839	-5301.7505
6	1	-219.15248	-5295.5063
6	2	-220.42471	-5275.555
6	3	-218.94313	-5326.538
6	4	-217.49977	-5364.708
6	5	-214.26746	-5299.697
7	1	-219.10051	-5297.213
7	2	-220.36992	-5277.1655
7	3	-218.90866	-5328.1963
7	4	-217.4363	-5366.502
7	5	-214.38928	-5297.6284
8	1	-219.0511	-5298.937
8	2	-220.31953	-5278.891
8	3	-218.87463	-5329.8384
8	4	-217.37584	-5368.259
8	5	-214.49683	-5295.549
9	1	-219.00333	-5300.659
9	2	-220.25572	-5280.569
9	3	-218.84305	-5331.4634
9	4	-217.31796	-5370.0503
9	5	-214.61378	-5293.451
10	1	-218.95018	-5302.4033
10	2	-220.20387	-5282.281
10	3	-218.80867	-5333.0703
10	4	-217.24844	-5371.824
10	5	-214.72638	-5291.3794
10	6	-196.49994	-5404.0728
11	1	-218.89406	-5304.1426
11	2	-220.15079	-5283.98
11	3	-218.77524	-5334.6562
11	4	-217.19275	-5373.6387
11	5	-214.82956	-5289.316
11	6	-196.36919	-5404.1294
12	1	-218.84377	-5305.857
12	2	-220.0833	-5285.818
12	3	-218.74197	-5336.223
12	4	-217.1315	-5375.4355
12	5	-214.92654	-5287.2646
12	6	-196.32545	-5404.1494
13	1	-218.8023	-5307.564
13	2	-220.0256	-5287.7314
13	3	-218.70572	-5337.77
13	4	-217.06905	-5377.236
13	5	-215.03491	-5285.198
13	6	-196.32507	-5404.128
14	1	-218.75856	-5309.2817
14	2	-219.97614	-5289.4043
14	3	-218.6712	-5339.295
14	4	-217.01215	-5379.0186
14	5	-215.13467	-5283.082
14	6	-196.32213	-5404.1274
14	7	-188.73285	-5408.791
15	1	-218.71803	-5310.9805
15	2	-219.92857	-5291.125
15	3	-218.63284	-5340.798
15	4	-216.94614	-5380.8066
15	5	-215.24257	-5280.9946
15	6	-196.25998	-5404.1484
15	7	-188.35938	-5408.9824
16	1	-218.6798	-5312.6514
16	2	-219.88004	-5292.5864
16	3	-218.59734	-5342.2793
16	4	-216.8854	-5382.609
16	5	-215.36194	-5278.901
16	6	-196.2533	-5404.15
16	7	-188.30879	-5409.0337
17	1	-218.63742	-5314.3267
17	2	-219.83844	-5293.863
17	3	-218.56184	-5343.7383
17	4	-216.82999	-5384.435
17	5	-215.46991	-5276.8394
17	6	-196.22876	-5404.155
17	7	-188.3286	-5409.036
18	1	-218.60336	-5316.0156
18	2	-219.79623	-5295.3765
18	3	-218.52647	-5345.1733
18	4	-216.76175	-5386.217
18	5	-215.58015	-5274.7397
18	6	-196.24925	-5404.14
18	7	-188.3027	-5409.032
18	8	-207.82306	-5420.8926
19	1	-218.56544	-5317.633
19	2	-219.76036	-5296.926
19	3	-218.49033	-5346.5845
19	4	-216.69237	-5388.035
19	5	-215.68097	-5272.675
19	6	-196.25887	-5404.14
19	7	-188.31001	-5409.041
19	8	-208.12318	-5419.1797
20	1	-218.5305	-5319.291
20	2	-219.70747	-5298.4614
20	3	-218.4549	-5347.972
20	4	-216.63904	-5389.8564
20	5	-215.78746	-5270.5356
20	6	-196.27162	-5404.1343
20	7	-188.26947	-5409.0103
20	8	-208.20816	-5417.193
21	1	-218.49283	-5320.909
21	2	-219.66534	-5299.942
21	3	-218.41866	-5349.336
21	4	-216.57115	-5391.657
21	6	-196.29297	-5404.131
21	7	-188.2278	-5409.017
21	8	-208.26222	-5415.15
22	1	-218.46011	-5322.528
22	2	-219.60756	-5301.528
22	3	-218.38309	-5350.6733
22	4	-216.51976	-5393.461
22	6	-196.30305	-5404.1206
22	7	-188.2279	-5409.009
22	8	-208.33786	-5413.226
23	1	-218.42247	-5324.119
23	2	-219.57861	-5303.0996
23	3	-218.3473	-5351.986
23	4	-216.46344	-5395.2524
23	6	-196.294	-5404.1177
23	7	-188.24756	-5409.005
23	8	-208.41328	-5411.2554
24	1	-218.38896	-5325.7075
24	2	-219.53893	-5304.633
24	3	-218.31291	-5353.2734
24	4	-216.38388	-5397.0835
24	6	-196.30345	-5404.115
24	7	-188.27599	-5409.0034
24	8	-208.48976	-5409.2744
25	1	-218.35658	-5327.2627
25	2	-219.51945	-5306.206
25	3	-218.27861	-5354.531
25	4	-216.3392	-5398.915
25	6	-196.33868	-5404.1
25	7	-188.25714	-5409.0127
25	8	-208.57446	-5407.3364
26	1	-218.32416	-5328.7837
26	2	-219.47606	-5307.7954
26	3	-218.24413	-5355.762
26	4	-216.28514	-5400.7397
26	6	-196.34615	-5404.0947
26	7	-188.20343	-5409.0044
26	8	-208.65427	-5405.3857
27	1	-218.28671	-5330.3213
27	2	-219.42255	-5309.401
27	3	-218.21014	-5356.9663
27	4	-216.23132	-5402.5386
27	6	-196.3667	-5404.0806
27	7	-188.21298	-5409.0005
27	8	-208.73434	-5403.418
28	1	-218.2572	-5331.817
28	2	-219.37677	-5310.9844
28	3	-218.17603	-5358.1426
28	4	-216.18175	-5404.3647
28	6	-196.39265	-5404.0693
28	7	-188.19716	-5408.9937
28	8	-208.80632	-5401.4316
28	9	-207.98079	-5432.4087
29	1	-218.22115	-5333.265
29	2	-219.32751	-5312.4893
29	3	-218.1414	-5359.2905
29	4	-216.11852	-5406.2
29	6	-196.42276	-5404.0513
29	7	-188.19283	-5408.9863
29	8	-208.87999	-5399.4053
29	9	-207.98407	-5430.5234
30	1	-218.1955	-5334.6953
30	2	-219.2612	-5314.1733
30	3	-218.10803	-5360.412
30	4	-216.06139	-5408.0337
30	6	-196.46924	-5404.0283
30	7	-188.1876	-5408.9785
30	8	-208.94771	-5397.442
30	9	-208.0822	-5428.6113
31	1	-218.16815	-5336.1445
31	2	-219.18909	-5315.8354
31	3	-218.07423	-5361.5054
31	4	-216.02145	-5409.833
31	6	-196.523	-5404.0005
31	7	-188.19472	-5408.978
31	8	-209.03008	-5395.4204
31	9	-208.15416	-5426.641
32	1	-218.13025	-5337.564
32	2	-219.07797	-5317.9287
32	3	-218.04251	-5362.574
32	4	-215.95581	-5411.6665
32	6	-196.58832	-5403.9736
32	7	-188.18753	-5408.974
32	8	-209.10074	-5393.4214
32	9	-208.2332	-5424.6924
33	1	-218.09894	-5338.9404
33	2	-218.98273	-5319.2695
33	3	-218.01003	-5363.6147
33	4	-215.90385	-5413.472
33	6	-196.6969	-5403.9277
33	7	-188.17874	-5408.972
33	8	-209.1855	-5391.403
33	9	-208.31517	-5422.639
34	1	-218.06792	-5340.2954
34	2	-218.89186	-5320.842
34	3	-217.97855	-5364.63
34	4	-215.84059	-5415.343
34	6	-196.7978	-5403.8853
34	7	-188.14407	-5408.965
34	8	-209.2694	-5389.4136
34	9	-208.39102	-5420.6846
35	1	-218.03767	-5341.6157
35	2	-218.80392	-5322.2544
35	3	-217.94788	-5365.618
35	4	-215.76796	-5417.2007
35	6	-196.95094	-5403.822
35	7	-188.16154	-5408.9585
35	8	-209.36319	-5387.414
35	9	-208.45508	-5418.787
36	1	-218.00931	-5342.9277
36	2	-218.73	-5323.6685
36	3	-217.91821	-5366.5776
36	4	-215.69608	-5419.0356
36	6	-197.10657	-5403.753
36	7	-188.16844	-5408.9478
36	8	-209.4622	-5385.421
36	9	-208.53955	-5416.801
37	1	-217.98318	-5344.232
37	2	-218.62259	-5325.0273
37	3	-217.88858	-5367.509
37	4	-215.64012	-5420.83
37	6	-197.26283	-5403.6772
37	7	-188.14655	-5408.94
37	8	-209.56	-5383.4175
37	9	-208.63828	-5414.78
38	1	-217.9596	-5345.483
38	2	-218.52599	-5326.2026
38	3	-217.85918	-5368.4146
38	4	-215.55614	-5422.669
38	6	-197.45424	-5403.5796
38	7	-188.16417	-5408.9385
38	8	-209.65443	-5381.4175
38	9	-208.69044	-5412.7954
39	1	-217.92802	-5346.7163
39	2	-218.4143	-5327.636
39	3	-217.83112	-5369.295
39	4	-215.50177	-5424.5337
39	6	-197.66382	-5403.4766
39	7	-188.15794	-5408.933
39	8	-209.75024	-5379.4287
39	9	-208.76987	-5410.823
40	1	-217.90149	-5347.951
40	2	-218.2857	-5329.0273
40	3	-217.80367	-5370.149
40	4	-215.42017	-5426.4
40	6	-197.90305	-5403.363
40	7	-188.1674	-5408.935
40	8	-209.85248	-5377.4414
40	9	-208.8016	-5408.834
41	1	-217.87555	-5349.128
41	2	-218.14981	-5330.3657
41	3	-217.77676	-5370.978
41	4	-215.32866	-5428.247
41	6	-198.12228	-5403.2456
41	7	-188.17555	-5408.931
41	8	-209.94775	-5375.4937
41	9	-208.88834	-5406.8823
42	1	-217.84975	-5350.2935
42	2	-218.05922	-5331.5327
42	3	-217.74995	-5371.783
42	4	-215.25604	-5430.103
42	6	-198.46255	-5403.0605
42	7	-188.17607	-5408.9316
42	8	-210.03004	-5373.545
42	9	-208.9468	-5404.8857
43	1	-217.8244	-5351.424
43	2	-217.91628	-5332.95
43	3	-217.72432	-5372.563
43	4	-215.1728	-5431.9624
43	6	-198.67343	-5402.931
43	7	-188.17975	-5408.924
43	8	-210.13028	-5371.671
43	9	-209.0113	-5402.8745
44	1	-217.80243	-5352.552
44	2	-217.7688	-5334.3477
44	3	-217.69936	-5373.3174
44	4	-215.07297	-5433.813
44	6	-198.97519	-5402.75
44	7	-188.16765	-5408.9224
44	8	-210.22331	-5369.726
44	9	-209.07256	-5400.8843
45	1	-217.77423	-5353.6064
45	2	-217.64854	-5335.543
45	3	-217.67493	-5374.047
45	4	-214.95168	-5435.658
45	6	-199.2408	-5402.5796
45	7	-188.1868	-5408.9253
45	8	-210.3115	-5367.7705
45	9	-209.13388	-5398.88
46	1	-217.7595	-5354.6685
46	2	-217.5335	-5336.742
46	3	-217.65195	-5374.7524
46	4	-214.84741	-5437.539
46	6	-199.54141	-5402.3906
46	7	-188.17441	-5408.925
46	8	-210.41774	-5365.7935
46	9	-209.19336	-5396.9
47	1	-217.73962	-5355.7104
47	2	-217.41	-5337.9375
47	3	-217.62927	-5375.433
47	4	-214.75491	-5439.4014
47	6	-199.86066	-5402.178
47	7	-188.18185	-5408.9175
47	8	-210.51982	-5363.802
47	9	-209.24367	-5394.8813
48	1	-217.71587	-5356.6924
48	2	-217.28618	-5339.1963
48	3	-217.60794	-5376.09
48	4	-214.6523	-5441.2666
48	6	-200.1761	-5401.957
48	7	-188.18394	-5408.9165
48	8	-210.63344	-5361.764
48	9	-209.2945	-5392.921
49	1	-217.69585	-5357.6626
49	2	-217.15303	-5340.422
49	3	-217.58768	-5376.721
49	4	-214.55183	-5443.1606
49	6	-200.4844	-5401.719
49	7	-188.16612	-5408.9126
49	8	-210.73836	-5359.6987
49	9	-209.34308	-5390.9395
49	10	-219.324	-5309.785
50	1	-217.67291	-5358.6084
50	2	-217.03146	-5341.7173
50	3	-217.56792	-5377.3306
50	4	-214.42947	-5445.0703
50	6	-200.7375	-5401.5166
50	7	-188.18683	-5408.908
50	8	-210.83894	-5357.6353
50	9	-209.40193	-5388.963
51	1	-217.64655	-5359.555
51	2	-216.90778	-5342.8677
51	3	-217.54808	-5377.916
51	4	-214.30162	-5446.951
51	6	-201.19643	-5401.1113
51	7	-188.18338	-5408.9097
51	8	-210.9456	-5355.5464
51	9	-209.4444	-5386.9663
51	10	-219.28497	-5312.4604
52	1	-217.62206	-5360.4517
52	2	-216.78302	-5344.116
52	3	-217.52882	-5378.4795
52	4	-214.1911	-5448.8325
52	6	-201.47812	-5400.8384
52	7	-188.17409	-5408.904
52	8	-211.05339	-5353.454
52	9	-209.50073	-5385.0127
52	10	-219.25766	-5313.8403
53	1	-217.59529	-5361.3413
53	2	-216.66452	-5345.3364
53	3	-217.50993	-5379.0195
53	4	-214.07605	-5450.712
53	6	-201.80649	-5400.501
53	7	-188.17923	-5408.903
53	8	-211.15887	-5351.3403
53	9	-209.55927	-5383.043
53	10	-219.24416	-5315.2017
54	1	-217.57492	-5362.217
54	2	-216.54765	-5346.531
54	3	-217.4938	-5379.539
54	4	-213.95956	-5452.5957
54	6	-202.11087	-5400.1675
54	7	-188.18321	-5408.8975
54	8	-211.27054	-5349.253
54	9	-209.61484	-5381.115
54	10	-219.24127	-5316.5176
55	1	-217.55225	-5363.0415
55	2	-216.43135	-5347.688
55	3	-217.47652	-5380.0366
55	4	-213.8413	-5454.4565
55	6	-202.4304	-5399.7935
55	7	-188.18935	-5408.897
55	8	-211.39244	-5347.148
55	9	-209.67917	-5379.169
55	10	-219.2205	-5317.8374
56	1	-217.53172	-5363.8574
56	2	-216.31741	-5348.8564
56	3	-217.46123	-5380.5107
56	4	-213.74008	-5456.4214
56	6	-202.77303	-5399.3594
56	7	-188.18443	-5408.8994
56	8	-211.50578	-5345.0312
56	9	-209.73328	-5377.2637
56	10	-219.21027	-5319.169
57	1	-217.51305	-5364.636
57	2	-216.20897	-5350.0
57	3	-217.44545	-5380.9653
57	6	-203.09464	-5398.9263
57	7	-188.18011	-5408.897
57	8	-211.6262	-5342.9175
57	9	-209.77635	-5375.286
57	10	-219.17566	-5320.4756
58	1	-217.49135	-5365.381
58	2	-216.09248	-5351.1665
58	3	-217.43126	-5381.399
58	6	-203.42073	-5398.4565
58	7	-188.19063	-5408.8926
58	8	-211.74066	-5340.786
58	9	-209.82278	-5373.323
58	10	-219.14085	-5321.781
59	1	-217.47342	-5366.1196
59	2	-215.98451	-5352.2915
59	3	-217.41801	-5381.811
59	6	-203.72935	-5397.998
59	7	-188.18956	-5408.89
59	8	-211.84769	-5338.66
59	9	-209.86876	-5371.335
59	10	-219.12062	-5323.0776
60	1	-217.45677	-5366.8267
60	2	-215.875	-5353.3696
60	3	-217.40439	-5382.204
60	6	-204.00688	-5397.548
60	7	-188.19499	-5408.8857
60	8	-211.9722	-5336.515
60	9	-209.92332	-5369.3003
60	10	-219.13216	-5324.3345
61	1	-217.44362	-5367.5117
61	2	-215.7735	-5354.428
61	3	-217.3927	-5382.577
61	6	-204.24577	-5397.1123
61	7	-188.2037	-5408.8804
61	8	-212.11455	-5334.388
61	9	-209.9722	-5367.2754
61	10	-219.10947	-5325.628
61	11	-218.04951	-5306.8506
62	1	-217.43134	-5368.1543
62	2	-215.67447	-5355.4946
62	3	-217.38034	-5382.9307
62	6	-204.48447	-5396.6416
62	7	-188.21504	-5408.882
62	8	-212.28032	-5332.2686
62	9	-210.02422	-5365.238
62	11	-217.96117	-5308.2837
63	1	-217.41304	-5368.7935
63	2	-215.57816	-5356.5205
63	3	-217.36969	-5383.265
63	6	-204.73396	-5396.124
63	7	-188.25343	-5408.8857
63	8	-212.44144	-5330.101
63	9	-210.06525	-5363.206
63	10	-219.09506	-5328.1733
63	11	-217.83022	-5309.7363
64	1	-217.40254	-5369.4385
64	2	-215.4856	-5357.4844
64	3	-217.35945	-5383.581
64	6	-204.99718	-5395.5566
64	7	-188.31885	-5408.888
64	9	-210.18643	-5361.127
64	10	-219.06563	-5329.4307
64	11	-217.7438	-5311.1567
65	1	-217.39006	-5370.014
65	2	-215.40138	-5358.473
65	3	-217.3501	-5383.877
65	6	-205.24013	-5394.974
65	7	-188.3712	-5408.8926
65	9	-210.24525	-5359.0684
65	10	-219.04977	-5330.6514
65	11	-217.66685	-5312.547
66	1	-217.37672	-5370.58
66	2	-215.31519	-5359.477
66	3	-217.34131	-5384.1553
66	6	-205.46841	-5394.3877
66	9	-210.307	-5357.034
66	10	-219.01138	-5331.961
66	11	-217.59868	-5313.9937
67	1	-217.35814	-5371.128
67	2	-215.23447	-5360.4194
67	3	-217.33252	-5384.416
67	6	-205.70389	-5393.766
67	7	-188.37561	-5408.8813
67	9	-210.38046	-5354.932
67	10	-219.01436	-5333.2397
67	11	-217.52533	-5315.3774
68	1	-217.34798	-5371.661
68	2	-215.15016	-5361.3394
68	3	-217.32428	-5384.659
68	6	-205.91963	-5393.1196
68	7	-188.38474	-5408.8906
68	9	-210.45348	-5352.865
68	10	-218.96667	-5334.6675
68	11	-217.43571	-5316.7476
69	1	-217.33765	-5372.1587
69	2	-215.0663	-5362.274
69	3	-217.31668	-5384.8853
69	6	-206.12962	-5392.442
69	7	-188.4471	-5408.886
69	9	-210.52202	-5350.8164
69	10	-218.99323	-5335.81
69	11	-217.33899	-5318.1333
70	1	-217.32564	-5372.635
70	2	-214.98471	-5363.1646
70	3	-217.30956	-5385.096
70	6	-206.32271	-5391.75
70	7	-188.57332	-5408.8936
70	9	-210.6133	-5348.7617
70	10	-218.9722	-5337.302
70	11	-217.25998	-5319.517
71	1	-217.31897	-5373.1035
71	2	-214.90903	-5364.0327
71	3	-217.30309	-5385.2915
71	6	-206.50784	-5391.041
71	7	-188.67708	-5408.9
71	9	-210.70633	-5346.6416
71	10	-218.93915	-5338.8633
71	11	-217.16698	-5320.852
72	1	-217.30037	-5373.5625
72	2	-214.83783	-5364.8975
72	3	-217.29655	-5385.471
72	6	-206.68312	-5390.3057
72	7	-188.80193	-5408.91
72	9	-210.79869	-5344.5166
72	10	-218.91507	-5339.9917
72	11	-217.06699	-5322.2065
73	1	-217.29788	-5373.986
73	2	-214.76865	-5365.732
73	3	-217.29173	-5385.635
73	6	-206.83669	-5389.5786
73	7	-188.94623	-5408.9126
73	10	-218.87651	-5341.192
73	11	-216.96909	-5323.5557
74	1	-217.2907	-5374.414
74	2	-214.70645	-5366.5527
74	3	-217.28647	-5385.784
74	6	-206.99896	-5388.811
74	7	-189.15202	-5408.92
74	10	-218.85693	-5342.34
74	11	-216.86511	-5324.9307
75	1	-217.2813	-5374.8
75	2	-214.63933	-5367.3765
75	3	-217.28165	-5385.9185
75	6	-207.14934	-5388.025
75	7	-189.35374	-5408.9272
75	10	-218.82993	-5343.27
75	11	-216.76617	-5326.2686
76	1	-217.27426	-5375.19
76	2	-214.57362	-5368.164
76	3	-217.27762	-5386.039
76	6	-207.28944	-5387.2393
76	7	-189.57292	-5408.94
76	10	-218.80327	-5343.8413
76	11	-216.66154	-5327.593
77	1	-217.26256	-5375.527
77	2	-214.516	-5368.933
77	3	-217.27347	-5386.1465
77	6	-207.42265	-5386.4263
77	7	-189.85335	-5408.9463
77	10	-218.78098	-5345.0933
77	11	-216.56934	-5328.923
78	1	-217.2567	-5375.869
78	2	-214.46222	-5369.6836
78	3	-217.26994	-5386.242
78	6	-207.53654	-5385.5913
78	7	-190.11688	-5408.966
78	10	-218.7931	-5346.0176
78	11	-216.47726	-5330.2505
78	12	-143.89969	-5404.712
78	13	-211.47273	-5331.921
79	1	-217.24388	-5376.195
79	2	-214.4039	-5370.3975
79	3	-217.26692	-5386.3267
79	6	-207.64488	-5384.7554
79	7	-190.4347	-5408.9834
79	10	-218.76724	-5347.0483
79	11	-216.37453	-5331.5557
79	12	-145.1559	-5404.7
79	13	-211.57994	-5329.8496
80	1	-217.23935	-5376.4995
80	2	-214.35442	-5371.1035
80	3	-217.2641	-5386.4004
80	6	-207.74574	-5383.907
80	7	-190.76138	-5409.0063
80	10	-218.75156	-5348.0234
80	11	-216.28961	-5332.8467
80	12	-146.30751	-5404.787
80	13	-211.67114	-5327.732
81	1	-217.22676	-5376.798
81	2	-214.3006	-5371.8027
81	3	-217.26143	-5386.464
81	6	-207.85121	-5383.005
81	7	-191.11519	-5409.0264
81	10	-218.72748	-5348.536
81	11	-216.19476	-5334.1553
81	12	-147.49858	-5404.8057
81	13	-211.77937	-5325.6294
82	1	-217.22104	-5377.0264
82	2	-214.25323	-5372.477
82	3	-217.25949	-5386.518
82	6	-207.9352	-5382.114
82	7	-191.4931	-5409.051
82	10	-218.65195	-5350.006
82	11	-216.11209	-5335.419
82	13	-211.91225	-5323.492
83	1	-217.21626	-5377.244
83	2	-214.20885	-5373.14
83	3	-217.25896	-5386.564
83	6	-208.01724	-5381.2065
83	7	-191.9007	-5409.0767
83	10	-218.64172	-5351.009
83	11	-216.01521	-5336.683
83	12	-149.97922	-5404.8496
83	13	-212.01776	-5321.3525
84	1	-217.21278	-5377.4497
84	2	-214.16287	-5373.796
84	3	-217.25763	-5386.606
84	6	-208.10246	-5380.277
84	7	-192.30653	-5409.1143
84	10	-218.61308	-5352.0435
84	11	-215.94614	-5337.9243
84	12	-151.20395	-5404.8813
84	13	-212.12271	-5319.2095
85	1	-217.20714	-5377.5986
85	2	-214.12286	-5374.415
85	3	-217.25595	-5386.6406
85	6	-208.18153	-5379.3213
85	7	-192.77185	-5409.152
85	10	-218.57819	-5353.162
85	11	-215.8646	-5339.115
85	12	-152.39021	-5404.9253
85	13	-212.24417	-5317.054
86	1	-217.20197	-5377.7793
86	2	-214.08687	-5375.0283
86	3	-217.25444	-5386.6665
86	6	-208.26503	-5378.365
86	7	-193.21385	-5409.2026
86	10	-218.55618	-5354.2104
86	11	-215.78235	-5340.335
86	12	-153.51115	-5404.976
86	13	-212.3671	-5314.9385
87	1	-217.199	-5377.91
87	2	-214.05374	-5375.63
87	3	-217.25238	-5386.6895
87	6	-208.33926	-5377.3843
87	7	-193.68819	-5409.2583
87	10	-218.53195	-5355.1807
87	11	-215.70758	-5341.4927
87	12	-154.67659	-5405.0117
87	13	-212.47372	-5312.767
88	1	-217.19308	-5378.029
88	2	-214.0218	-5376.2114
88	3	-217.25153	-5386.7056
88	6	-208.41942	-5376.3936
88	7	-194.16402	-5409.3184
88	10	-218.47693	-5356.268
88	11	-215.62843	-5342.6953
88	12	-155.90279	-5405.044
88	13	-212.5737	-5310.573
89	1	-217.19005	-5378.1553
89	2	-213.9891	-5376.795
89	3	-217.25237	-5386.7173
89	6	-208.4948	-5375.354
89	7	-194.68076	-5409.4004
89	10	-218.46016	-5357.0024
89	11	-215.54984	-5343.8564
89	12	-157.15738	-5405.0615
90	1	-217.19038	-5378.2383
90	2	-213.9571	-5377.3496
90	3	-217.25232	-5386.726
90	6	-208.57634	-5374.3003
90	7	-195.18527	-5409.494
90	10	-218.4257	-5358.0293
90	11	-215.47078	-5345.01
90	12	-158.24123	-5405.088
