0	1	-7024.3794	12383.685
0	2	-7089.1553	12379.986
0	3	-7009.9067	12386.621
0	4	-7051.614	12378.936
0	5	-7040.231	12376.205
0	6	-7045.853	12376.018
0	7	-7041.031	12393.581
0	8	-7057.305	12375.194
0	9	-7049.2446	12393.192
0	10	-7036.785	12393.667
0	11	-7062.6025	12374.976
0	12	-7062.005	12392.405
0	13	-7018.472	12380.786
0	14	-7067.7363	12374.755
0	15	-7068.911	12392.049
0	16	-7080.0356	12391.383
0	17	-7085.6245	12390.949
0	18	-7087.769	12364.987
0	19	-7104.542	12376.056
0	20	-7098.326	12390.265
0	21	-7097.719	12363.79
0	22	-6982.523	12379.694
0	23	-7103.652	12390.083
0	24	-6977.666	12380.088
0	25	-7109.9067	12389.643
0	26	-7110.7583	12372.417
0	27	-7121.42	12374.551
0	29	-7116.5405	12371.91
0	37	-7121.5938	12388.968
0	40	-7125.099	12371.517
1	1	-7024.053	12383.703
1	2	-7087.714	12380.075
1	3	-7009.824	12386.564
1	4	-7050.658	12378.989
1	5	-7040.231	12376.205
1	6	-7045.853	12376.018
1	7	-7041.031	12393.581
1	8	-7057.305	12375.194
1	9	-7049.2446	12393.192
1	10	-7036.785	12393.667
1	11	-7062.6025	12374.976
1	12	-7062.005	12392.405
1	13	-7018.479	12380.779
1	14	-7067.7363	12374.755
1	15	-7068.911	12392.049
1	16	-7080.0356	12391.383
1	17	-7085.6245	12390.949
1	18	-7087.769	12364.987
1	19	-7103.5806	12376.12
1	20	-7098.326	12390.265
1	21	-7097.719	12363.79
1	22	-6982.523	12379.694
1	23	-7103.652	12390.083
1	24	-6977.666	12380.088
1	25	-7109.9067	12389.643
1	26	-7110.7583	12372.417
1	27	-7120.6504	12374.607
1	29	-7116.5405	12371.91
1	37	-7121.5938	12388.968
1	40	-7125.099	12371.517
2	1	-7023.7627	12383.718
2	2	-7086.265	12380.167
2	3	-7009.733	12386.483
2	4	-7049.7188	12379.048
2	5	-7040.231	12376.205
2	6	-7045.853	12376.018
2	7	-7041.031	12393.581
2	8	-7057.305	12375.194
2	9	-7049.2446	12393.192
2	10	-7036.785	12393.667
2	11	-7062.6025	12374.976
2	12	-7062.005	12392.405
2	13	-7018.4614	12380.777
2	14	-7067.7363	12374.755
2	15	-7068.911	12392.049
2	16	-7080.0356	12391.383
2	17	-7085.6245	12390.949
2	18	-7087.769	12364.987
2	19	-7102.5835	12376.185
2	20	-7098.326	12390.265
2	21	-7097.719	12363.79
2	22	-6982.523	12379.694
2	23	-7103.652	12390.083
2	24	-6977.666	12380.088
2	25	-7109.9067	12389.643
2	26	-7110.7583	12372.417
2	27	-7119.8633	12374.64
2	29	-7116.5405	12371.91
2	37	-7121.5938	12388.968
2	40	-7125.099	12371.517
3	1	-7023.496	12383.734
3	2	-7084.8438	12380.253
3	3	-7009.627	12386.412
3	4	-7048.7944	12379.104
3	5	-7040.231	12376.205
3	6	-7045.853	12376.018
3	7	-7041.031	12393.581
3	8	-7057.305	12375.194
3	9	-7049.2446	12393.192
3	10	-7036.785	12393.667
3	11	-7062.6025	12374.976
3	12	-7062.005	12392.405
3	13	-7018.488	12380.772
3	14	-7067.7363	12374.755
3	15	-7068.911	12392.049
3	16	-7080.0356	12391.383
3	17	-7085.6245	12390.949
3	18	-7087.769	12364.987
3	19	-7101.6406	12376.249
3	20	-7098.326	12390.265
3	21	-7097.719	12363.79
3	22	-6982.523	12379.694
3	23	-7103.652	12390.083
3	24	-6977.666	12380.088
3	25	-7109.9067	12389.643
3	26	-7110.7583	12372.417
3	27	-7118.8438	12374.681
3	28	-6972.5425	12380.574
3	29	-7116.5405	12371.91
3	37	-7121.5938	12388.968
3	40	-7125.099	12371.517
4	1	-7023.253	12383.75
4	2	-7083.417	12380.344
4	3	-7009.5317	12386.296
4	4	-7047.8833	12379.156
4	5	-7040.231	12376.205
4	6	-7045.853	12376.018
4	7	-7041.031	12393.581
4	8	-7057.305	12375.194
4	9	-7049.2446	12393.192
4	10	-7036.785	12393.667
4	11	-7062.6025	12374.976
4	12	-7062.005	12392.405
4	13	-7018.476	12380.772
4	14	-7067.7363	12374.755
4	15	-7068.911	12392.049
4	16	-7080.0356	12391.383
4	17	-7085.6245	12390.949
4	18	-7087.769	12364.987
4	19	-7100.656	12376.294
4	20	-7098.326	12390.265
4	21	-7097.719	12363.79
4	22	-6982.523	12379.694
4	23	-7103.652	12390.083
4	24	-6977.666	12380.088
4	25	-7109.9067	12389.643
4	26	-7110.7583	12372.417
4	27	-7117.7773	12374.753
4	28	-6972.5425	12380.574
4	29	-7116.5405	12371.91
4	37	-7121.5938	12388.968
5	1	-7023.0503	12383.762
5	2	-7081.9946	12380.425
5	3	-7009.403	12386.214
5	4	-7046.99	12379.214
5	5	-7040.231	12376.205
5	6	-7045.853	12376.018
5	7	-7041.031	12393.581
5	8	-7057.305	12375.194
5	9	-7049.2446	12393.192
5	10	-7036.785	12393.667
5	11	-7062.6025	12374.976
5	12	-7062.005	12392.405
5	13	-7018.4814	12380.769
5	14	-7067.7363	12374.755
5	15	-7068.911	12392.049
5	16	-7080.0356	12391.383
5	17	-7085.6245	12390.949
5	18	-7087.769	12364.987
5	19	-7099.6396	12376.368
5	20	-7098.326	12390.265
5	21	-7097.719	12363.79
5	22	-6982.523	12379.694
5	23	-7103.652	12390.083
5	24	-6977.666	12380.088
5	25	-7109.9067	12389.643
5	26	-7110.7583	12372.417
5	27	-7117.056	12374.781
5	28	-6972.5425	12380.574
5	29	-7116.5405	12371.91
5	37	-7121.5938	12388.968
6	1	-7022.8604	12383.775
6	2	-7080.5923	12380.5205
6	3	-7009.311	12386.087
6	4	-7046.117	12379.263
6	5	-7040.231	12376.205
6	6	-7045.853	12376.018
6	7	-7041.031	12393.581
6	8	-7057.305	12375.194
6	9	-7049.2446	12393.192
6	10	-7036.785	12393.667
6	11	-7062.6025	12374.976
6	12	-7062.005	12392.405
6	13	-7018.492	12380.771
6	14	-7067.7363	12374.755
6	15	-7068.911	12392.049
6	16	-7080.0356	12391.383
6	17	-7085.6245	12390.949
6	18	-7087.769	12364.987
6	19	-7098.707	12376.42
6	20	-7098.326	12390.265
6	21	-7097.719	12363.79
6	22	-6982.523	12379.694
6	23	-7103.652	12390.083
6	24	-6977.666	12380.088
6	25	-7109.9067	12389.643
6	26	-7110.7583	12372.417
6	27	-7115.723	12374.883
6	28	-6972.5425	12380.574
6	29	-7116.5405	12371.91
6	37	-7121.5938	12388.968
7	1	-7022.6846	12383.782
7	2	-7079.1987	12380.61
7	3	-7009.198	12386.018
7	4	-7045.265	12379.311
7	5	-7040.231	12376.205
7	6	-7045.853	12376.018
7	7	-7041.031	12393.581
7	8	-7057.305	12375.194
7	9	-7049.2446	12393.192
7	10	-7036.785	12393.667
7	11	-7062.6025	12374.976
7	12	-7062.005	12392.405
7	13	-7018.4873	12380.767
7	14	-7067.7363	12374.755
7	15	-7068.911	12392.049
7	16	-7080.0356	12391.383
7	17	-7085.6245	12390.949
7	18	-7087.769	12364.987
7	19	-7097.75	12376.481
7	20	-7098.326	12390.265
7	21	-7097.719	12363.79
7	22	-6982.523	12379.694
7	23	-7103.652	12390.083
7	24	-6977.666	12380.088
7	25	-7109.9067	12389.643
7	26	-7110.7583	12372.417
7	27	-7114.4185	12374.9795
7	28	-6972.5425	12380.574
7	29	-7116.5405	12371.91
7	37	-7121.5938	12388.968
8	1	-7022.5166	12383.791
8	2	-7077.791	12380.702
8	3	-7009.096	12385.866
8	4	-7044.4326	12379.36
8	5	-7040.231	12376.205
8	6	-7045.853	12376.018
8	7	-7041.031	12393.581
8	8	-7057.305	12375.194
8	9	-7049.2446	12393.192
8	10	-7036.785	12393.667
8	11	-7062.6025	12374.976
8	12	-7062.005	12392.405
8	13	-7018.4897	12380.769
8	14	-7067.7363	12374.755
8	15	-7068.911	12392.049
8	16	-7080.0356	12391.383
8	17	-7085.6245	12390.949
8	18	-7087.769	12364.987
8	19	-7096.758	12376.552
8	20	-7098.326	12390.265
8	21	-7097.719	12363.79
8	22	-6982.523	12379.694
8	23	-7103.652	12390.083
8	24	-6977.666	12380.088
8	25	-7109.9067	12389.643
8	26	-7110.7583	12372.417
8	27	-7113.689	12374.9795
8	28	-6972.5425	12380.574
8	29	-7116.5405	12371.91
9	1	-7022.3774	12383.797
9	2	-7076.392	12380.789
9	3	-7008.991	12385.723
9	4	-7043.6167	12379.404
9	5	-7040.231	12376.205
9	6	-7045.853	12376.018
9	7	-7041.031	12393.581
9	8	-7057.305	12375.194
9	9	-7049.2446	12393.192
9	10	-7036.785	12393.667
9	11	-7062.6025	12374.976
9	12	-7062.005	12392.405
9	13	-7018.5015	12380.767
9	14	-7067.7363	12374.755
9	15	-7068.911	12392.049
9	16	-7080.0356	12391.383
9	17	-7085.6245	12390.949
9	18	-7087.769	12364.987
9	19	-7095.8	12376.615
9	20	-7098.326	12390.265
9	21	-7097.719	12363.79
9	22	-6982.523	12379.694
9	23	-7103.652	12390.083
9	24	-6977.666	12380.088
9	25	-7109.9067	12389.643
9	26	-7110.7583	12372.417
9	27	-7112.5776	12375.026
9	28	-6972.5425	12380.574
9	29	-7116.5405	12371.91
10	1	-7022.246	12383.806
10	2	-7074.9956	12380.875
10	3	-7008.905	12385.591
10	4	-7042.816	12379.445
10	5	-7040.231	12376.205
10	6	-7045.853	12376.018
10	7	-7041.031	12393.581
10	8	-7057.305	12375.194
10	9	-7049.2446	12393.192
10	10	-7036.785	12393.667
10	11	-7062.6025	12374.976
10	12	-7062.005	12392.405
10	13	-7018.4995	12380.767
10	14	-7067.7363	12374.755
10	15	-7068.911	12392.049
10	16	-7080.0356	12391.383
10	17	-7085.6245	12390.949
10	18	-7087.769	12364.987
10	19	-7094.824	12376.673
10	20	-7098.326	12390.265
10	21	-7097.719	12363.79
10	22	-6982.523	12379.694
10	23	-7103.652	12390.083
10	24	-6977.666	12380.088
10	25	-7109.9067	12389.643
10	26	-7110.7583	12372.417
10	27	-7111.5527	12375.087
10	28	-6972.5425	12380.574
10	29	-7116.5405	12371.91
11	1	-7022.1235	12383.816
11	2	-7073.629	12380.958
11	3	-7008.786	12385.437
11	4	-7042.0317	12379.488
11	5	-7040.231	12376.205
11	6	-7045.853	12376.018
11	7	-7041.031	12393.581
11	8	-7057.305	12375.194
11	9	-7049.2446	12393.192
11	10	-7036.785	12393.667
11	11	-7062.6025	12374.976
11	12	-7062.005	12392.405
11	13	-7018.4766	12380.765
11	14	-7067.7363	12374.755
11	15	-7068.911	12392.049
11	16	-7080.0356	12391.383
11	17	-7085.6245	12390.949
11	18	-7087.769	12364.987
11	19	-7093.8867	12376.735
11	20	-7098.326	12390.265
11	21	-7097.719	12363.79
11	22	-6982.523	12379.694
11	23	-7103.652	12390.083
11	24	-6977.666	12380.088
11	25	-7109.9067	12389.643
11	26	-7110.7583	12372.417
11	27	-7110.4834	12375.156
11	28	-6972.5425	12380.574
11	29	-7116.5405	12371.91
12	1	-7022.0205	12383.819
12	2	-7072.266	12381.047
12	3	-7008.698	12385.258
12	4	-7041.266	12379.52
12	5	-7040.231	12376.205
12	6	-7045.853	12376.018
12	7	-7041.031	12393.581
12	8	-7057.305	12375.194
12	9	-7049.2446	12393.192
12	10	-7036.785	12393.667
12	11	-7062.6025	12374.976
12	12	-7062.005	12392.405
12	13	-7018.5083	12380.766
12	14	-7067.7363	12374.755
12	15	-7068.911	12392.049
12	16	-7080.0356	12391.383
12	17	-7085.6245	12390.949
12	18	-7087.769	12364.987
12	19	-7092.917	12376.797
12	20	-7098.326	12390.265
12	21	-7097.719	12363.79
12	22	-6982.523	12379.694
12	23	-7103.652	12390.083
12	24	-6977.666	12380.088
12	25	-7109.9067	12389.643
12	26	-7110.7583	12372.417
12	27	-7109.194	12375.236
12	28	-6972.5425	12380.574
12	29	-7116.5405	12371.91
13	1	-7021.9204	12383.825
13	2	-7070.9243	12381.134
13	3	-7008.615	12385.11
13	4	-7040.521	12379.55
13	5	-7040.231	12376.205
13	6	-7045.853	12376.018
13	7	-7041.031	12393.581
13	8	-7057.305	12375.194
13	9	-7049.2446	12393.192
13	10	-7036.785	12393.667
13	11	-7062.6025	12374.976
13	12	-7062.005	12392.405
13	13	-7018.509	12380.759
13	14	-7067.7363	12374.755
13	15	-7068.911	12392.049
13	16	-7080.0356	12391.383
13	17	-7085.6245	12390.949
13	18	-7087.769	12364.987
13	19	-7091.983	12376.856
13	20	-7098.326	12390.265
13	21	-7097.719	12363.79
13	22	-6982.523	12379.694
13	23	-7103.652	12390.083
13	24	-6977.666	12380.088
13	25	-7109.9067	12389.643
13	26	-7110.7583	12372.417
13	27	-7108.229	12375.313
13	28	-6972.5425	12380.574
13	29	-7116.5405	12371.91
14	1	-7021.8315	12383.832
14	2	-7069.584	12381.217
14	3	-7008.5684	12384.962
14	4	-7039.793	12379.58
14	5	-7040.231	12376.205
14	6	-7045.853	12376.018
14	7	-7041.031	12393.581
14	8	-7057.305	12375.194
14	9	-7049.2446	12393.192
14	10	-7036.785	12393.667
14	11	-7062.6025	12374.976
14	12	-7062.005	12392.405
14	13	-7018.5215	12380.757
14	14	-7067.7363	12374.755
14	15	-7068.911	12392.049
14	16	-7080.0356	12391.383
14	17	-7085.6245	12390.949
14	18	-7087.769	12364.987
14	19	-7090.9775	12376.918
14	20	-7098.326	12390.265
14	21	-7097.719	12363.79
14	22	-6982.523	12379.694
14	23	-7103.652	12390.083
14	24	-6977.666	12380.088
14	25	-7109.9067	12389.643
14	26	-7110.7583	12372.417
14	27	-7107.046	12375.357
14	28	-6972.5425	12380.574
15	1	-7021.732	12383.84
15	2	-7068.2534	12381.307
15	3	-7008.5054	12384.788
15	4	-7039.0806	12379.597
15	5	-7040.231	12376.205
15	6	-7045.853	12376.018
15	7	-7041.031	12393.581
15	8	-7057.305	12375.194
15	9	-7049.2446	12393.192
15	10	-7036.785	12393.667
15	11	-7062.6025	12374.976
15	12	-7062.005	12392.405
15	13	-7018.514	12380.761
15	14	-7067.7363	12374.755
15	15	-7068.911	12392.049
15	16	-7080.0356	12391.383
15	17	-7085.6245	12390.949
15	18	-7087.769	12364.987
15	19	-7089.9883	12376.983
15	20	-7098.326	12390.265
15	21	-7097.719	12363.79
15	22	-6982.523	12379.694
15	23	-7103.652	12390.083
15	24	-6977.666	12380.088
15	25	-7109.9067	12389.643
15	26	-7110.7583	12372.417
15	27	-7105.969	12375.428
15	28	-6972.5425	12380.574
16	1	-7021.6455	12383.842
16	2	-7066.941	12381.395
16	3	-7008.463	12384.634
16	4	-7038.3867	12379.617
16	5	-7040.231	12376.205
16	6	-7045.853	12376.018
16	7	-7041.031	12393.581
16	8	-7057.305	12375.194
16	9	-7049.2446	12393.192
16	10	-7036.785	12393.667
16	11	-7062.6025	12374.976
16	12	-7062.005	12392.405
16	13	-7018.5366	12380.757
16	14	-7067.7363	12374.755
16	15	-7068.911	12392.049
16	16	-7080.0356	12391.383
16	17	-7085.6245	12390.949
16	18	-7087.769	12364.987
16	19	-7088.9873	12377.05
16	20	-7098.326	12390.265
16	21	-7097.719	12363.79
16	22	-6982.523	12379.694
16	23	-7103.652	12390.083
16	24	-6977.666	12380.088
16	25	-7109.9067	12389.643
16	26	-7110.7583	12372.417
16	27	-7104.943	12375.498
16	28	-6972.5425	12380.574
17	1	-7021.575	12383.843
17	2	-7065.6353	12381.4795
17	3	-7008.444	12384.457
17	4	-7037.706	12379.626
17	5	-7040.231	12376.205
17	6	-7045.853	12376.018
17	7	-7041.031	12393.581
17	8	-7057.305	12375.194
17	9	-7049.2446	12393.192
17	10	-7036.785	12393.667
17	11	-7062.6025	12374.976
17	12	-7062.005	12392.405
17	13	-7018.538	12380.759
17	14	-7067.7363	12374.755
17	15	-7068.911	12392.049
17	16	-7080.0356	12391.383
17	17	-7085.6245	12390.949
17	18	-7087.769	12364.987
17	19	-7087.9863	12377.112
17	20	-7098.326	12390.265
17	21	-7097.719	12363.79
17	22	-6982.523	12379.694
17	23	-7103.652	12390.083
17	24	-6977.666	12380.088
17	25	-7109.9067	12389.643
17	26	-7110.7583	12372.417
17	27	-7103.985	12375.572
17	28	-6972.5425	12380.574
18	1	-7021.4863	12383.848
18	2	-7064.365	12381.561
18	3	-7008.407	12384.301
18	4	-7037.048	12379.63
18	5	-7040.231	12376.205
18	6	-7045.853	12376.018
18	7	-7041.031	12393.581
18	8	-7057.305	12375.194
18	9	-7049.2446	12393.192
18	10	-7036.785	12393.667
18	11	-7062.6025	12374.976
18	12	-7062.005	12392.405
18	13	-7018.553	12380.754
18	14	-7067.7363	12374.755
18	15	-7068.911	12392.049
18	16	-7080.0356	12391.383
18	17	-7085.6245	12390.949
18	18	-7087.769	12364.987
18	19	-7086.785	12377.175
18	20	-7098.326	12390.265
18	21	-7097.719	12363.79
18	22	-6982.523	12379.694
18	23	-7103.652	12390.083
18	24	-6977.666	12380.088
18	25	-7109.9067	12389.643
18	26	-7110.7583	12372.417
18	27	-7102.9077	12375.654
18	28	-6972.5425	12380.574
19	1	-7021.3936	12383.853
19	2	-7063.096	12381.644
19	3	-7008.3623	12384.142
19	4	-7036.407	12379.627
19	5	-7040.231	12376.205
19	6	-7045.853	12376.018
19	7	-7041.031	12393.581
19	8	-7057.305	12375.194
19	9	-7049.2446	12393.192
19	10	-7036.785	12393.667
19	11	-7062.6025	12374.976
19	12	-7062.005	12392.405
19	13	-7018.544	12380.756
19	14	-7067.7363	12374.755
19	15	-7068.911	12392.049
19	16	-7080.0356	12391.383
19	17	-7085.6245	12390.949
19	18	-7087.769	12364.987
19	19	-7085.5513	12377.25
19	20	-7098.326	12390.265
19	21	-7097.719	12363.79
19	22	-6982.523	12379.694
19	23	-7103.652	12390.083
19	24	-6977.666	12380.088
19	25	-7109.9067	12389.643
19	26	-7110.7583	12372.417
19	27	-7101.884	12375.728
19	28	-6972.5425	12380.574
20	1	-7021.3022	12383.854
20	2	-7061.857	12381.723
20	3	-7008.303	12383.949
20	4	-7035.785	12379.62
20	5	-7040.231	12376.205
20	6	-7045.853	12376.018
20	7	-7041.031	12393.581
20	8	-7057.305	12375.194
20	9	-7049.2446	12393.192
20	10	-7036.785	12393.667
20	11	-7062.6025	12374.976
20	12	-7062.005	12392.405
20	13	-7018.56	12380.753
20	14	-7067.7363	12374.755
20	15	-7068.911	12392.049
20	16	-7080.0356	12391.383
20	17	-7085.6245	12390.949
20	18	-7087.769	12364.987
20	19	-7084.5195	12377.3125
20	20	-7098.326	12390.265
20	21	-7097.719	12363.79
20	22	-6982.523	12379.694
20	23	-7103.652	12390.083
20	24	-6977.666	12380.088
20	25	-7109.9067	12389.643
20	26	-7110.7583	12372.417
20	27	-7100.888	12375.79
20	28	-6972.5425	12380.574
21	1	-7021.2207	12383.858
21	2	-7060.6353	12381.803
21	3	-7008.265	12383.767
21	4	-7035.183	12379.604
21	5	-7040.231	12376.205
21	6	-7045.853	12376.018
21	7	-7041.031	12393.581
21	8	-7057.305	12375.194
21	9	-7049.2446	12393.192
21	10	-7036.785	12393.667
21	11	-7062.6025	12374.976
21	12	-7062.005	12392.405
21	13	-7018.5713	12380.753
21	14	-7067.7363	12374.755
21	15	-7068.911	12392.049
21	16	-7080.0356	12391.383
21	17	-7085.6245	12390.949
21	18	-7087.769	12364.987
21	19	-7083.5244	12377.387
21	20	-7098.326	12390.265
21	21	-7097.719	12363.79
21	22	-6982.523	12379.694
21	23	-7103.652	12390.083
21	24	-6977.666	12380.088
21	25	-7109.9067	12389.643
21	26	-7110.7583	12372.417
21	27	-7099.8647	12375.853
21	28	-6972.5425	12380.574
22	1	-7021.1304	12383.865
22	2	-7059.407	12381.873
22	3	-7008.2017	12383.615
22	4	-7034.598	12379.578
22	5	-7040.231	12376.205
22	6	-7045.853	12376.018
22	7	-7041.031	12393.581
22	8	-7057.305	12375.194
22	9	-7049.2446	12393.192
22	10	-7036.785	12393.667
22	11	-7062.6025	12374.976
22	12	-7062.005	12392.405
22	13	-7018.573	12380.752
22	14	-7067.7363	12374.755
22	15	-7068.911	12392.049
22	16	-7080.0356	12391.383
22	17	-7085.6245	12390.949
22	18	-7087.769	12364.987
22	19	-7082.5327	12377.451
22	20	-7098.326	12390.265
22	21	-7097.719	12363.79
22	22	-6982.523	12379.694
22	23	-7103.652	12390.083
22	24	-6977.666	12380.088
22	25	-7109.9067	12389.643
22	26	-7110.7583	12372.417
22	27	-7098.8438	12375.8955
22	28	-6972.5425	12380.574
23	1	-7021.0464	12383.87
23	2	-7058.216	12381.948
23	3	-7008.158	12383.438
23	4	-7034.0312	12379.553
23	5	-7040.231	12376.205
23	6	-7045.853	12376.018
23	7	-7041.031	12393.581
23	8	-7057.305	12375.194
23	9	-7049.2446	12393.192
23	10	-7036.785	12393.667
23	11	-7062.6025	12374.976
23	12	-7062.005	12392.405
23	13	-7018.5713	12380.75
23	14	-7067.7363	12374.755
23	15	-7068.911	12392.049
23	16	-7080.0356	12391.383
23	17	-7085.6245	12390.949
23	18	-7087.769	12364.987
23	19	-7081.5684	12377.514
23	20	-7098.326	12390.265
23	21	-7097.719	12363.79
23	22	-6982.523	12379.694
23	23	-7103.652	12390.083
23	24	-6977.666	12380.088
23	25	-7109.9067	12389.643
23	27	-7097.8667	12375.955
23	28	-6972.5425	12380.574
24	1	-7020.9526	12383.873
24	2	-7057.016	12382.024
24	3	-7008.1313	12383.281
24	4	-7033.481	12379.518
24	5	-7040.231	12376.205
24	6	-7045.853	12376.018
24	7	-7041.031	12393.581
24	8	-7057.305	12375.194
24	9	-7049.2446	12393.192
24	10	-7036.785	12393.667
24	11	-7062.6025	12374.976
24	12	-7062.005	12392.405
24	13	-7018.5747	12380.737
24	14	-7067.7363	12374.755
24	15	-7068.911	12392.049
24	16	-7080.0356	12391.383
24	17	-7085.6245	12390.949
24	18	-7087.769	12364.987
24	19	-7080.623	12377.58
24	20	-7098.326	12390.265
24	21	-7097.719	12363.79
24	22	-6982.523	12379.694
24	23	-7103.652	12390.083
24	24	-6977.666	12380.088
24	25	-7109.9067	12389.643
24	27	-7096.8857	12376.015
24	28	-6972.5425	12380.574
25	1	-7020.8643	12383.879
25	2	-7055.863	12382.093
25	3	-7008.0864	12383.085
25	4	-7032.949	12379.481
25	5	-7040.231	12376.205
25	6	-7045.853	12376.018
25	7	-7041.031	12393.581
25	8	-7057.305	12375.194
25	9	-7049.2446	12393.192
25	10	-7036.785	12393.667
25	11	-7062.6025	12374.976
25	12	-7062.005	12392.405
25	13	-7018.577	12380.736
25	14	-7067.7363	12374.755
25	15	-7068.911	12392.049
25	16	-7080.0356	12391.383
25	17	-7085.6245	12390.949
25	18	-7087.769	12364.987
25	19	-7079.6875	12377.64
25	20	-7098.326	12390.265
25	21	-7097.719	12363.79
25	22	-6982.523	12379.694
25	23	-7103.652	12390.083
25	24	-6977.666	12380.088
25	27	-7095.9297	12376.087
25	28	-6972.5425	12380.574
26	1	-7020.765	12383.885
26	2	-7054.7607	12382.153
26	3	-7008.064	12382.921
26	4	-7032.437	12379.438
26	5	-7040.231	12376.205
26	6	-7045.853	12376.018
26	7	-7041.031	12393.581
26	8	-7057.305	12375.194
26	9	-7049.2446	12393.192
26	10	-7036.785	12393.667
26	11	-7062.6025	12374.976
26	12	-7062.005	12392.405
26	13	-7018.5737	12380.74
26	14	-7067.7363	12374.755
26	15	-7068.911	12392.049
26	16	-7080.0356	12391.383
26	17	-7085.6245	12390.949
26	18	-7087.769	12364.987
26	19	-7078.7656	12377.703
26	20	-7098.326	12390.265
26	21	-7097.719	12363.79
26	22	-6982.523	12379.694
26	23	-7103.652	12390.083
26	24	-6977.666	12380.088
26	27	-7094.9136	12376.151
26	28	-6972.5425	12380.574
27	1	-7020.66	12383.892
27	2	-7053.6694	12382.214
27	3	-7008.0312	12382.716
27	4	-7031.942	12379.393
27	5	-7040.231	12376.205
27	6	-7045.853	12376.018
27	7	-7041.031	12393.581
27	8	-7057.305	12375.194
27	9	-7049.2446	12393.192
27	10	-7036.785	12393.667
27	11	-7062.6025	12374.976
27	12	-7062.005	12392.405
27	13	-7018.589	12380.745
27	14	-7067.7363	12374.755
27	15	-7068.911	12392.049
27	16	-7080.0356	12391.383
27	17	-7085.6245	12390.949
27	18	-7087.769	12364.987
27	19	-7077.8164	12377.761
27	20	-7098.326	12390.265
27	21	-7097.719	12363.79
27	22	-6982.523	12379.694
27	24	-6977.666	12380.088
27	27	-7093.9443	12376.225
27	28	-6972.5425	12380.574
28	1	-7020.548	12383.896
28	2	-7052.589	12382.267
28	3	-7007.994	12382.501
28	4	-7031.466	12379.347
28	5	-7040.231	12376.205
28	6	-7045.853	12376.018
28	7	-7041.031	12393.581
28	8	-7057.305	12375.194
28	9	-7049.2446	12393.192
28	10	-7036.785	12393.667
28	11	-7062.6025	12374.976
28	12	-7062.005	12392.405
28	13	-7018.585	12380.737
28	14	-7067.7363	12374.755
28	15	-7068.911	12392.049
28	16	-7080.0356	12391.383
28	17	-7085.6245	12390.949
28	18	-7087.769	12364.987
28	19	-7076.884	12377.81
28	20	-7098.326	12390.265
28	21	-7097.719	12363.79
28	22	-6982.523	12379.694
28	24	-6977.666	12380.088
28	27	-7092.9204	12376.29
28	28	-6972.5425	12380.574
29	1	-7020.425	12383.902
29	2	-7051.502	12382.328
29	3	-7007.956	12382.309
29	4	-7031.011	12379.295
29	5	-7040.231	12376.205
29	6	-7045.853	12376.018
29	7	-7041.031	12393.581
29	8	-7057.305	12375.194
29	9	-7049.2446	12393.192
29	10	-7036.785	12393.667
29	11	-7062.6025	12374.976
29	12	-7062.005	12392.405
29	13	-7018.5713	12380.7295
29	14	-7067.7363	12374.755
29	15	-7068.911	12392.049
29	16	-7080.0356	12391.383
29	17	-7085.6245	12390.949
29	18	-7087.769	12364.987
29	19	-7075.934	12377.859
29	20	-7098.326	12390.265
29	21	-7097.719	12363.79
29	22	-6982.523	12379.694
29	23	-7103.652	12390.083
29	24	-6977.666	12380.088
29	27	-7091.9536	12376.359
29	28	-6972.5425	12380.574
29	31	-6993.2817	12366.035
30	1	-7020.2905	12383.915
30	2	-7050.4897	12382.382
30	3	-7007.924	12382.1455
30	4	-7030.576	12379.243
30	5	-7040.231	12376.205
30	6	-7045.853	12376.018
30	7	-7041.031	12393.581
30	8	-7057.305	12375.194
30	9	-7049.2446	12393.192
30	10	-7036.785	12393.667
30	11	-7062.6025	12374.976
30	12	-7062.005	12392.405
30	13	-7018.564	12380.741
30	14	-7067.7363	12374.755
30	15	-7068.911	12392.049
30	16	-7080.0356	12391.383
30	17	-7085.6245	12390.949
30	18	-7087.769	12364.987
30	19	-7075.0186	12377.928
30	20	-7098.326	12390.265
30	21	-7097.719	12363.79
30	22	-6982.523	12379.694
30	23	-7103.652	12390.083
30	24	-6977.666	12380.088
30	27	-7090.9746	12376.431
30	28	-6972.5425	12380.574
31	1	-7020.1436	12383.925
31	2	-7049.5054	12382.435
31	3	-7007.8867	12381.967
31	4	-7030.1567	12379.188
31	5	-7040.231	12376.205
31	6	-7045.853	12376.018
31	7	-7041.031	12393.581
31	8	-7057.305	12375.194
31	9	-7049.2446	12393.192
31	10	-7036.785	12393.667
31	11	-7062.6025	12374.976
31	12	-7062.005	12392.405
31	13	-7018.561	12380.728
31	14	-7067.7363	12374.755
31	15	-7068.911	12392.049
31	16	-7080.0356	12391.383
31	17	-7085.6245	12390.949
31	18	-7087.769	12364.987
31	19	-7074.109	12377.987
31	20	-7098.326	12390.265
31	21	-7097.719	12363.79
31	22	-6982.523	12379.694
31	23	-7103.652	12390.083
31	24	-6977.666	12380.088
31	27	-7090.0107	12376.475
31	28	-6972.5425	12380.574
31	31	-6993.2817	12366.035
32	1	-7019.9917	12383.929
32	2	-7048.534	12382.483
32	3	-7007.859	12381.781
32	4	-7029.7515	12379.134
32	5	-7040.231	12376.205
32	6	-7045.853	12376.018
32	7	-7041.031	12393.581
32	8	-7057.305	12375.194
32	9	-7049.2446	12393.192
32	10	-7036.785	12393.667
32	11	-7062.6025	12374.976
32	12	-7062.005	12392.405
32	13	-7018.5483	12380.719
32	14	-7067.7363	12374.755
32	15	-7068.911	12392.049
32	16	-7080.0356	12391.383
32	17	-7085.6245	12390.949
32	18	-7087.769	12364.987
32	19	-7073.2104	12378.053
32	20	-7098.326	12390.265
32	21	-7097.719	12363.79
32	22	-6982.523	12379.694
32	24	-6977.666	12380.088
32	27	-7089.0234	12376.547
32	28	-6972.5425	12380.574
32	31	-6993.2817	12366.035
32	39	-7103.7153	12389.969
33	1	-7019.805	12383.945
33	2	-7047.5786	12382.53
33	3	-7007.8	12381.631
33	4	-7029.363	12379.078
33	5	-7040.231	12376.205
33	6	-7045.853	12376.018
33	7	-7041.031	12393.581
33	8	-7057.305	12375.194
33	9	-7049.2446	12393.192
33	10	-7036.785	12393.667
33	11	-7062.6025	12374.976
33	12	-7062.005	12392.405
33	13	-7018.5444	12380.717
33	14	-7067.7363	12374.755
33	15	-7068.911	12392.049
33	16	-7080.0356	12391.383
33	17	-7085.6245	12390.949
33	18	-7087.769	12364.987
33	19	-7072.2925	12378.123
33	20	-7098.326	12390.265
33	21	-7097.719	12363.79
33	22	-6982.523	12379.694
33	24	-6977.666	12380.088
33	27	-7088.055	12376.599
33	28	-6972.5425	12380.574
33	31	-6993.2817	12366.035
33	39	-7103.5815	12390.037
34	1	-7019.6074	12383.957
34	2	-7046.686	12382.575
34	3	-7007.7563	12381.455
34	4	-7028.9893	12379.021
34	5	-7040.231	12376.205
34	6	-7045.853	12376.018
34	7	-7041.031	12393.581
34	8	-7057.305	12375.194
34	9	-7049.2446	12393.192
34	10	-7036.785	12393.667
34	11	-7062.6025	12374.976
34	12	-7062.005	12392.405
34	13	-7018.548	12380.707
34	14	-7067.7363	12374.755
34	15	-7068.911	12392.049
34	16	-7080.0356	12391.383
34	17	-7085.6245	12390.949
34	18	-7087.769	12364.987
34	19	-7071.3853	12378.186
34	20	-7098.326	12390.265
34	21	-7097.719	12363.79
34	22	-6982.523	12379.694
34	24	-6977.666	12380.088
34	27	-7087.0786	12376.674
34	28	-6972.5425	12380.574
34	31	-6993.2817	12366.035
34	39	-7103.6284	12390.019
35	1	-7019.3965	12383.972
35	2	-7045.783	12382.627
35	3	-7007.705	12381.244
35	4	-7028.6284	12378.965
35	5	-7040.231	12376.205
35	6	-7045.853	12376.018
35	7	-7041.031	12393.581
35	8	-7057.305	12375.194
35	9	-7049.2446	12393.192
35	10	-7036.785	12393.667
35	11	-7062.6025	12374.976
35	12	-7062.005	12392.405
35	13	-7018.539	12380.705
35	14	-7067.7363	12374.755
35	15	-7068.911	12392.049
35	16	-7080.0356	12391.383
35	17	-7085.6245	12390.949
35	18	-7087.769	12364.987
35	19	-7070.506	12378.249
35	20	-7098.326	12390.265
35	21	-7097.719	12363.79
35	22	-6982.523	12379.694
35	24	-6977.666	12380.088
35	27	-7086.112	12376.736
35	28	-6972.5425	12380.574
35	31	-6993.2817	12366.035
35	39	-7103.5586	12390.011
36	1	-7019.16	12383.983
36	2	-7044.9277	12382.672
36	3	-7007.6816	12381.082
36	4	-7028.2793	12378.907
36	5	-7040.231	12376.205
36	6	-7045.853	12376.018
36	7	-7041.031	12393.581
36	8	-7057.305	12375.194
36	9	-7049.2446	12393.192
36	10	-7036.785	12393.667
36	11	-7062.6025	12374.976
36	12	-7062.005	12392.405
36	13	-7018.5215	12380.706
36	14	-7067.7363	12374.755
36	15	-7068.911	12392.049
36	16	-7080.0356	12391.383
36	17	-7085.6245	12390.949
36	18	-7087.769	12364.987
36	19	-7069.6196	12378.309
36	20	-7098.326	12390.265
36	21	-7097.719	12363.79
36	22	-6982.523	12379.694
36	24	-6977.666	12380.088
36	27	-7085.089	12376.794
36	28	-6972.5425	12380.574
36	31	-6993.2817	12366.035
36	39	-7103.594	12389.996
37	1	-7018.914	12383.996
37	2	-7044.0786	12382.714
37	3	-7007.6465	12380.921
37	4	-7027.943	12378.853
37	5	-7040.231	12376.205
37	6	-7045.853	12376.018
37	7	-7041.031	12393.581
37	8	-7057.305	12375.194
37	9	-7049.2446	12393.192
37	10	-7036.785	12393.667
37	11	-7062.6025	12374.976
37	12	-7062.005	12392.405
37	13	-7018.507	12380.702
37	14	-7067.7363	12374.755
37	15	-7068.911	12392.049
37	16	-7080.0356	12391.383
37	17	-7085.6245	12390.949
37	18	-7087.769	12364.987
37	19	-7068.752	12378.373
37	20	-7098.326	12390.265
37	21	-7097.719	12363.79
37	22	-6982.523	12379.694
37	24	-6977.666	12380.088
37	27	-7084.1567	12376.866
37	28	-6972.5425	12380.574
37	31	-6993.2817	12366.035
38	1	-7018.6387	12384.013
38	2	-7043.265	12382.751
38	3	-7007.6025	12380.739
38	4	-7027.6216	12378.8
38	5	-7040.231	12376.205
38	6	-7045.853	12376.018
38	7	-7041.031	12393.581
38	8	-7057.305	12375.194
38	9	-7049.2446	12393.192
38	10	-7036.785	12393.667
38	11	-7062.6025	12374.976
38	12	-7062.005	12392.405
38	13	-7018.499	12380.709
38	14	-7067.7363	12374.755
38	15	-7068.911	12392.049
38	16	-7080.0356	12391.383
38	17	-7085.6245	12390.949
38	18	-7087.769	12364.987
38	19	-7067.876	12378.425
38	20	-7098.326	12390.265
38	21	-7097.719	12363.79
38	22	-6982.523	12379.694
38	24	-6977.666	12380.088
38	27	-7083.1675	12376.922
38	28	-6972.5425	12380.574
38	31	-6993.2817	12366.035
39	1	-7018.3447	12384.034
39	2	-7042.458	12382.793
39	3	-7007.5664	12380.5625
39	4	-7027.3154	12378.748
39	5	-7040.231	12376.205
39	6	-7045.853	12376.018
39	7	-7041.031	12393.581
39	8	-7057.305	12375.194
39	9	-7049.2446	12393.192
39	10	-7036.785	12393.667
39	11	-7062.6025	12374.976
39	12	-7062.005	12392.405
39	13	-7018.479	12380.709
39	14	-7067.7363	12374.755
39	15	-7068.911	12392.049
39	16	-7080.0356	12391.383
39	17	-7085.6245	12390.949
39	18	-7087.769	12364.987
39	19	-7066.985	12378.487
39	20	-7098.326	12390.265
39	21	-7097.719	12363.79
39	22	-6982.523	12379.694
39	24	-6977.666	12380.088
39	27	-7082.2305	12376.991
39	28	-6972.5425	12380.574
39	31	-6993.2817	12366.035
40	1	-7018.045	12384.051
40	2	-7041.6875	12382.831
40	3	-7007.537	12380.388
40	4	-7027.0254	12378.7
40	5	-7040.231	12376.205
40	6	-7045.853	12376.018
40	7	-7041.031	12393.581
40	8	-7057.305	12375.194
40	9	-7049.2446	12393.192
40	10	-7036.785	12393.667
40	11	-7062.6025	12374.976
40	12	-7062.005	12392.405
40	13	-7018.4595	12380.706
40	14	-7067.7363	12374.755
40	15	-7068.911	12392.049
40	16	-7080.0356	12391.383
40	17	-7085.6245	12390.949
40	18	-7087.769	12364.987
40	19	-7066.122	12378.537
40	20	-7098.326	12390.265
40	21	-7097.719	12363.79
40	22	-6982.523	12379.694
40	24	-6977.666	12380.088
40	27	-7081.2812	12377.036
40	28	-6972.5425	12380.574
40	31	-6993.2817	12366.035
41	1	-7017.7114	12384.065
41	2	-7040.951	12382.866
41	3	-7007.512	12380.27
41	4	-7026.7505	12378.656
41	5	-7040.231	12376.205
41	6	-7045.853	12376.018
41	7	-7041.031	12393.581
41	8	-7057.305	12375.194
41	9	-7049.2446	12393.192
41	10	-7036.785	12393.667
41	11	-7062.6025	12374.976
41	12	-7062.005	12392.405
41	13	-7018.4307	12380.71
41	14	-7067.7363	12374.755
41	15	-7068.911	12392.049
41	16	-7080.0356	12391.383
41	17	-7085.6245	12390.949
41	18	-7087.769	12364.987
41	19	-7065.2676	12378.597
41	20	-7098.326	12390.265
41	21	-7097.719	12363.79
41	22	-6982.523	12379.694
41	24	-6977.666	12380.088
41	27	-7080.3076	12377.102
41	28	-6972.5425	12380.574
41	31	-6993.2817	12366.035
42	1	-7017.3716	12384.088
42	2	-7040.2256	12382.9
42	3	-7007.492	12380.067
42	4	-7026.4893	12378.613
42	5	-7040.231	12376.205
42	6	-7045.853	12376.018
42	7	-7041.031	12393.581
42	8	-7057.305	12375.194
42	9	-7049.2446	12393.192
42	10	-7036.785	12393.667
42	11	-7062.6025	12374.976
42	12	-7062.005	12392.405
42	13	-7018.4	12380.713
42	14	-7067.7363	12374.755
42	15	-7068.911	12392.049
42	16	-7080.0356	12391.383
42	17	-7085.6245	12390.949
42	18	-7087.769	12364.987
42	19	-7064.3887	12378.653
42	20	-7098.326	12390.265
42	21	-7097.719	12363.79
42	22	-6982.523	12379.694
42	24	-6977.666	12380.088
42	27	-7079.3604	12377.161
42	28	-6972.5425	12380.574
42	31	-6993.2817	12366.035
43	1	-7017.011	12384.114
43	2	-7039.5264	12382.93
43	3	-7007.461	12379.864
43	4	-7026.242	12378.577
43	5	-7040.231	12376.205
43	6	-7045.853	12376.018
43	7	-7041.031	12393.581
43	8	-7057.305	12375.194
43	9	-7049.2446	12393.192
43	10	-7036.785	12393.667
43	11	-7062.6025	12374.976
43	12	-7062.005	12392.405
43	13	-7018.3706	12380.716
43	14	-7067.7363	12374.755
43	15	-7068.911	12392.049
43	16	-7080.0356	12391.383
43	17	-7085.6245	12390.949
43	18	-7087.769	12364.987
43	19	-7063.5386	12378.706
43	20	-7098.326	12390.265
43	21	-7097.719	12363.79
43	22	-6982.523	12379.694
43	24	-6977.666	12380.088
43	27	-7078.4185	12377.218
43	28	-6972.5425	12380.574
43	31	-6993.2817	12366.035
44	1	-7016.6313	12384.135
44	2	-7038.874	12382.964
44	3	-7007.431	12379.691
44	4	-7026.008	12378.543
44	5	-7040.231	12376.205
44	6	-7045.853	12376.018
44	7	-7041.031	12393.581
44	8	-7057.305	12375.194
44	9	-7049.2446	12393.192
44	10	-7036.785	12393.667
44	11	-7062.6025	12374.976
44	12	-7062.005	12392.405
44	13	-7018.3394	12380.716
44	14	-7067.7363	12374.755
44	15	-7068.911	12392.049
44	16	-7080.0356	12391.383
44	17	-7085.6245	12390.949
44	18	-7087.769	12364.987
44	19	-7062.6743	12378.766
44	20	-7098.326	12390.265
44	21	-7097.719	12363.79
44	22	-6982.523	12379.694
44	24	-6977.666	12380.088
44	27	-7077.454	12377.289
44	28	-6972.5425	12380.574
44	31	-6993.2817	12366.035
45	1	-7016.24	12384.156
45	2	-7038.2417	12382.994
45	3	-7007.4136	12379.543
45	4	-7025.7847	12378.51
45	5	-7040.231	12376.205
45	6	-7045.853	12376.018
45	7	-7041.031	12393.581
45	8	-7057.305	12375.194
45	9	-7049.2446	12393.192
45	10	-7036.785	12393.667
45	11	-7062.6025	12374.976
45	12	-7062.005	12392.405
45	13	-7018.278	12380.721
45	14	-7067.7363	12374.755
45	15	-7068.911	12392.049
45	16	-7080.0356	12391.383
45	17	-7085.6245	12390.949
45	18	-7087.769	12364.987
45	19	-7061.84	12378.817
45	20	-7098.326	12390.265
45	21	-7097.719	12363.79
45	22	-6982.523	12379.694
45	24	-6977.666	12380.088
45	27	-7076.5093	12377.346
45	31	-6993.2817	12366.035
46	1	-7015.8145	12384.171
46	2	-7037.627	12383.0205
46	3	-7007.394	12379.357
46	4	-7025.5723	12378.481
46	5	-7040.231	12376.205
46	6	-7045.853	12376.018
46	7	-7041.031	12393.581
46	8	-7057.305	12375.194
46	9	-7049.2446	12393.192
46	10	-7036.785	12393.667
46	11	-7062.6025	12374.976
46	12	-7062.005	12392.405
46	13	-7018.2163	12380.719
46	14	-7067.7363	12374.755
46	15	-7068.911	12392.049
46	16	-7080.0356	12391.383
46	17	-7085.6245	12390.949
46	18	-7087.769	12364.987
46	19	-7061.0107	12378.867
46	20	-7098.326	12390.265
46	21	-7097.719	12363.79
46	22	-6982.523	12379.694
46	24	-6977.666	12380.088
46	27	-7075.602	12377.408
46	28	-6972.5425	12380.574
46	31	-6993.2817	12366.035
47	1	-7015.3804	12384.194
47	2	-7037.019	12383.052
47	3	-7007.3643	12379.18
47	4	-7025.3677	12378.451
47	5	-7040.231	12376.205
47	6	-7045.853	12376.018
47	7	-7041.031	12393.581
47	8	-7057.305	12375.194
47	9	-7049.2446	12393.192
47	10	-7036.785	12393.667
47	11	-7062.6025	12374.976
47	12	-7062.005	12392.405
47	13	-7018.1377	12380.724
47	14	-7067.7363	12374.755
47	15	-7068.911	12392.049
47	16	-7080.0356	12391.383
47	17	-7085.6245	12390.949
47	18	-7087.769	12364.987
47	19	-7060.1855	12378.914
47	20	-7098.326	12390.265
47	21	-7097.719	12363.79
47	22	-6982.523	12379.694
47	24	-6977.666	12380.088
47	27	-7074.6475	12377.479
47	28	-6972.5425	12380.574
47	31	-6993.2817	12366.035
48	1	-7014.923	12384.219
48	2	-7036.43	12383.082
48	3	-7007.3335	12379.014
48	4	-7025.166	12378.426
48	5	-7040.231	12376.205
48	6	-7045.853	12376.018
48	7	-7041.031	12393.581
48	8	-7057.305	12375.194
48	9	-7049.2446	12393.192
48	10	-7036.785	12393.667
48	11	-7062.6025	12374.976
48	12	-7062.005	12392.405
48	13	-7018.051	12380.722
48	14	-7067.7363	12374.755
48	15	-7068.911	12392.049
48	16	-7080.0356	12391.383
48	17	-7085.6245	12390.949
48	18	-7087.769	12364.987
48	19	-7059.3457	12378.97
48	20	-7098.326	12390.265
48	21	-7097.719	12363.79
48	22	-6982.523	12379.694
48	24	-6977.666	12380.088
48	27	-7073.711	12377.546
48	28	-6972.5425	12380.574
48	31	-6993.2817	12366.035
49	1	-7014.429	12384.241
49	2	-7035.876	12383.106
49	3	-7007.31	12378.844
49	4	-7024.9673	12378.402
49	5	-7040.231	12376.205
49	6	-7045.853	12376.018
49	7	-7041.031	12393.581
49	8	-7057.305	12375.194
49	9	-7049.2446	12393.192
49	10	-7036.785	12393.667
49	11	-7062.6025	12374.976
49	12	-7062.005	12392.405
49	13	-7017.9565	12380.728
49	14	-7067.7363	12374.755
49	15	-7068.911	12392.049
49	16	-7080.0356	12391.383
49	17	-7085.6245	12390.949
49	19	-7058.5347	12379.017
49	20	-7098.326	12390.265
49	21	-7097.719	12363.79
49	22	-6982.523	12379.694
49	24	-6977.666	12380.088
49	27	-7072.802	12377.616
49	28	-6972.5425	12380.574
49	30	-7104.592	12375.562
49	31	-6993.2817	12366.035
50	1	-7013.946	12384.268
50	2	-7035.3354	12383.132
50	3	-7007.271	12378.658
50	4	-7024.773	12378.379
50	5	-7040.231	12376.205
50	6	-7045.853	12376.018
50	7	-7041.031	12393.581
50	8	-7057.305	12375.194
50	9	-7049.2446	12393.192
50	10	-7036.785	12393.667
50	11	-7062.6025	12374.976
50	12	-7062.005	12392.405
50	13	-7017.824	12380.7295
50	14	-7067.7363	12374.755
50	15	-7068.911	12392.049
50	16	-7080.0356	12391.383
50	17	-7085.6245	12390.949
50	19	-7057.701	12379.064
50	20	-7098.326	12390.265
50	21	-7097.719	12363.79
50	22	-6982.523	12379.694
50	24	-6977.666	12380.088
50	27	-7071.836	12377.681
50	28	-6972.5425	12380.574
50	30	-7103.9443	12375.607
50	31	-6993.2817	12366.035
51	1	-7013.433	12384.29
51	2	-7034.7886	12383.16
51	3	-7007.26	12378.485
51	4	-7024.581	12378.359
51	5	-7040.231	12376.205
51	6	-7045.853	12376.018
51	7	-7041.031	12393.581
51	8	-7057.305	12375.194
51	9	-7049.2446	12393.192
51	10	-7036.785	12393.667
51	11	-7062.6025	12374.976
51	12	-7062.005	12392.405
51	13	-7017.704	12380.735
51	14	-7067.7363	12374.755
51	15	-7068.911	12392.049
51	16	-7080.0356	12391.383
51	17	-7085.6245	12390.949
51	19	-7056.8867	12379.113
51	20	-7098.326	12390.265
51	21	-7097.719	12363.79
51	22	-6982.523	12379.694
51	24	-6977.666	12380.088
51	27	-7070.919	12377.745
51	28	-6972.5425	12380.574
51	30	-7103.121	12375.655
51	31	-6993.2817	12366.035
52	1	-7012.917	12384.314
52	2	-7034.2715	12383.182
52	3	-7007.2256	12378.272
52	4	-7024.391	12378.34
52	5	-7040.231	12376.205
52	6	-7045.853	12376.018
52	7	-7041.031	12393.581
52	8	-7057.305	12375.194
52	9	-7049.2446	12393.192
52	10	-7036.785	12393.667
52	11	-7062.6025	12374.976
52	12	-7062.005	12392.405
52	13	-7017.572	12380.738
52	14	-7067.7363	12374.755
52	15	-7068.911	12392.049
52	16	-7080.0356	12391.383
52	17	-7085.6245	12390.949
52	19	-7056.084	12379.159
52	20	-7098.326	12390.265
52	21	-7097.719	12363.79
52	22	-6982.523	12379.694
52	24	-6977.666	12380.088
52	27	-7069.99	12377.809
52	28	-6972.5425	12380.574
52	30	-7102.4795	12375.681
52	31	-6993.2817	12366.035
53	1	-7012.3647	12384.347
53	2	-7033.7407	12383.207
53	3	-7007.1816	12378.093
53	4	-7024.2036	12378.322
53	5	-7040.231	12376.205
53	6	-7045.853	12376.018
53	7	-7041.031	12393.581
53	8	-7057.305	12375.194
53	9	-7049.2446	12393.192
53	10	-7036.785	12393.667
53	11	-7062.6025	12374.976
53	12	-7062.005	12392.405
53	13	-7017.413	12380.748
53	14	-7067.7363	12374.755
53	15	-7068.911	12392.049
53	16	-7080.0356	12391.383
53	17	-7085.6245	12390.949
53	19	-7055.299	12379.204
53	20	-7098.326	12390.265
53	21	-7097.719	12363.79
53	22	-6982.523	12379.694
53	24	-6977.666	12380.088
53	27	-7069.08	12377.868
53	28	-6972.5425	12380.574
53	30	-7101.8193	12375.731
53	31	-6993.2817	12366.035
54	1	-7011.8125	12384.37
54	2	-7033.237	12383.234
54	3	-7007.166	12377.944
54	4	-7024.0186	12378.307
54	5	-7040.231	12376.205
54	6	-7045.853	12376.018
54	7	-7041.031	12393.581
54	8	-7057.305	12375.194
54	9	-7049.2446	12393.192
54	10	-7036.785	12393.667
54	11	-7062.6025	12374.976
54	12	-7062.005	12392.405
54	13	-7017.2485	12380.754
54	14	-7067.7363	12374.755
54	15	-7068.911	12392.049
54	16	-7080.0356	12391.383
54	17	-7085.6245	12390.949
54	19	-7054.4907	12379.25
54	20	-7098.326	12390.265
54	22	-6982.523	12379.694
54	24	-6977.666	12380.088
54	27	-7068.1836	12377.936
54	28	-6972.5425	12380.574
54	30	-7101.1396	12375.772
54	31	-6993.2817	12366.035
55	1	-7011.2583	12384.39
55	2	-7032.7446	12383.252
55	3	-7007.151	12377.758
55	4	-7023.8364	12378.291
55	5	-7040.231	12376.205
55	6	-7045.853	12376.018
55	7	-7041.031	12393.581
55	8	-7057.305	12375.194
55	9	-7049.2446	12393.192
55	10	-7036.785	12393.667
55	11	-7062.6025	12374.976
55	12	-7062.005	12392.405
55	13	-7017.0483	12380.763
55	14	-7067.7363	12374.755
55	15	-7068.911	12392.049
55	16	-7080.0356	12391.383
55	17	-7085.6245	12390.949
55	19	-7053.7104	12379.286
55	20	-7098.326	12390.265
55	21	-7097.719	12363.79
55	22	-6982.523	12379.694
55	24	-6977.666	12380.088
55	27	-7067.269	12377.996
55	30	-7100.3916	12375.82
55	31	-6993.2817	12366.035
56	1	-7010.672	12384.419
56	2	-7032.248	12383.283
56	3	-7007.148	12377.599
56	4	-7023.6587	12378.276
56	5	-7040.231	12376.205
56	6	-7045.853	12376.018
56	7	-7041.031	12393.581
56	8	-7057.305	12375.194
56	9	-7049.2446	12393.192
56	10	-7036.785	12393.667
56	11	-7062.6025	12374.976
56	12	-7062.005	12392.405
56	13	-7016.854	12380.772
56	14	-7067.7363	12374.755
56	15	-7068.911	12392.049
56	16	-7080.0356	12391.383
56	17	-7085.6245	12390.949
56	19	-7052.9214	12379.328
56	20	-7098.326	12390.265
56	21	-7097.719	12363.79
56	22	-6982.523	12379.694
56	24	-6977.666	12380.088
56	27	-7066.36	12378.059
56	28	-6972.5425	12380.574
56	30	-7099.481	12375.902
56	31	-6993.2817	12366.035
57	1	-7010.072	12384.45
57	2	-7031.762	12383.305
57	3	-7007.1406	12377.456
57	4	-7023.483	12378.265
57	5	-7040.231	12376.205
57	6	-7045.853	12376.018
57	7	-7041.031	12393.581
57	8	-7057.305	12375.194
57	9	-7049.2446	12393.192
57	10	-7036.785	12393.667
57	11	-7062.6025	12374.976
57	12	-7062.005	12392.405
57	13	-7016.6465	12380.776
57	14	-7067.7363	12374.755
57	15	-7068.911	12392.049
57	16	-7080.0356	12391.383
57	17	-7085.6245	12390.949
57	19	-7052.1475	12379.365
57	20	-7098.326	12390.265
57	21	-7097.719	12363.79
57	22	-6982.523	12379.694
57	24	-6977.666	12380.088
57	27	-7065.4526	12378.116
57	28	-6972.5425	12380.574
57	30	-7098.613	12375.955
57	31	-6993.2817	12366.035
58	1	-7009.4644	12384.484
58	2	-7031.283	12383.319
58	3	-7007.1294	12377.307
58	4	-7023.309	12378.252
58	5	-7040.231	12376.205
58	6	-7045.853	12376.018
58	7	-7041.031	12393.581
58	8	-7057.305	12375.194
58	9	-7049.2446	12393.192
58	10	-7036.785	12393.667
58	11	-7062.6025	12374.976
58	12	-7062.005	12392.405
58	13	-7016.4106	12380.795
58	14	-7067.7363	12374.755
58	15	-7068.911	12392.049
58	16	-7080.0356	12391.383
58	17	-7085.6245	12390.949
58	19	-7051.4204	12379.405
58	20	-7098.326	12390.265
58	21	-7097.719	12363.79
58	22	-6982.523	12379.694
58	24	-6977.666	12380.088
58	27	-7064.5557	12378.176
58	30	-7097.849	12375.982
58	31	-6993.2817	12366.035
59	1	-7008.8296	12384.52
59	2	-7030.806	12383.345
59	3	-7007.1113	12377.169
59	4	-7023.136	12378.241
59	5	-7040.231	12376.205
59	6	-7045.853	12376.018
59	7	-7041.031	12393.581
59	8	-7057.305	12375.194
59	9	-7049.2446	12393.192
59	10	-7036.785	12393.667
59	11	-7062.6025	12374.976
59	12	-7062.005	12392.405
59	13	-7016.157	12380.801
59	14	-7067.7363	12374.755
59	15	-7068.911	12392.049
59	16	-7080.0356	12391.383
59	17	-7085.6245	12390.949
59	19	-7050.734	12379.4375
59	20	-7098.326	12390.265
59	22	-6982.523	12379.694
59	24	-6977.666	12380.088
59	27	-7063.646	12378.23
59	30	-7096.944	12376.056
59	31	-6993.2817	12366.035
60	1	-7008.2017	12384.556
60	2	-7030.3457	12383.366
60	3	-7007.0967	12377.006
60	4	-7022.9644	12378.23
60	5	-7040.231	12376.205
60	6	-7045.853	12376.018
60	7	-7041.031	12393.581
60	8	-7057.305	12375.194
60	9	-7049.2446	12393.192
60	10	-7036.785	12393.667
60	11	-7062.6025	12374.976
60	12	-7062.005	12392.405
60	13	-7015.8896	12380.826
60	14	-7067.7363	12374.755
60	15	-7068.911	12392.049
60	16	-7080.0356	12391.383
60	17	-7085.6245	12390.949
60	19	-7050.2017	12379.473
60	20	-7098.326	12390.265
60	22	-6982.523	12379.694
60	24	-6977.666	12380.088
60	27	-7062.7524	12378.282
60	30	-7095.988	12376.121
60	31	-6993.2817	12366.035
60	33	-7003.2505	12367.277
61	1	-7007.5664	12384.592
61	2	-7029.89	12383.382
61	3	-7007.0835	12376.83
61	4	-7022.791	12378.221
61	5	-7040.231	12376.205
61	6	-7045.853	12376.018
61	7	-7041.031	12393.581
61	8	-7057.305	12375.194
61	9	-7049.2446	12393.192
61	10	-7036.785	12393.667
61	11	-7062.6025	12374.976
61	12	-7062.005	12392.405
61	13	-7015.616	12380.842
61	14	-7067.7363	12374.755
61	15	-7068.911	12392.049
61	16	-7080.0356	12391.383
61	17	-7085.6245	12390.949
61	19	-7049.5503	12379.512
61	20	-7098.326	12390.265
61	22	-6982.523	12379.694
61	24	-6977.666	12380.088
61	27	-7061.851	12378.342
61	30	-7095.1387	12376.166
61	31	-6993.2817	12366.035
61	33	-7003.2505	12367.277
62	1	-7006.9385	12384.627
62	2	-7029.429	12383.407
62	3	-7007.0723	12376.657
62	4	-7022.614	12378.212
62	5	-7040.231	12376.205
62	6	-7045.853	12376.018
62	7	-7041.031	12393.581
62	8	-7057.305	12375.194
62	9	-7049.2446	12393.192
62	10	-7036.785	12393.667
62	11	-7062.6025	12374.976
62	12	-7062.005	12392.405
62	13	-7015.326	12380.861
62	14	-7067.7363	12374.755
62	15	-7068.911	12392.049
62	16	-7080.0356	12391.383
62	17	-7085.6245	12390.949
62	19	-7048.897	12379.544
62	20	-7098.326	12390.265
62	22	-6982.523	12379.694
62	24	-6977.666	12380.088
62	27	-7060.9834	12378.398
62	30	-7094.2837	12376.243
62	31	-6993.2817	12366.035
62	33	-7003.2505	12367.277
63	1	-7006.2983	12384.659
63	2	-7028.967	12383.428
63	3	-7007.058	12376.5205
63	4	-7022.431	12378.204
63	5	-7040.231	12376.205
63	6	-7045.853	12376.018
63	7	-7041.031	12393.581
63	8	-7057.305	12375.194
63	9	-7049.2446	12393.192
63	10	-7036.785	12393.667
63	11	-7062.6025	12374.976
63	12	-7062.005	12392.405
63	13	-7015.015	12380.878
63	14	-7067.7363	12374.755
63	15	-7068.911	12392.049
63	16	-7080.0356	12391.383
63	17	-7085.6245	12390.949
63	19	-7048.1626	12379.585
63	20	-7098.326	12390.265
63	22	-6982.523	12379.694
63	24	-6977.666	12380.088
63	27	-7060.119	12378.446
63	30	-7093.428	12376.301
63	31	-6993.2817	12366.035
63	32	-6966.6406	12380.421
63	33	-7003.2505	12367.277
64	1	-7005.614	12384.696
64	2	-7028.5156	12383.453
64	3	-7007.023	12376.364
64	4	-7022.242	12378.196
64	5	-7040.231	12376.205
64	6	-7045.853	12376.018
64	7	-7041.031	12393.581
64	8	-7057.305	12375.194
64	9	-7049.2446	12393.192
64	10	-7036.785	12393.667
64	11	-7062.6025	12374.976
64	12	-7062.005	12392.405
64	13	-7014.6934	12380.8955
64	14	-7067.7363	12374.755
64	15	-7068.911	12392.049
64	16	-7080.0356	12391.383
64	17	-7085.6245	12390.949
64	19	-7047.45	12379.624
64	20	-7098.326	12390.265
64	22	-6982.523	12379.694
64	24	-6977.666	12380.088
64	27	-7059.2812	12378.494
64	30	-7092.688	12376.322
64	31	-6993.2817	12366.035
64	32	-6966.6406	12380.421
64	33	-7003.2505	12367.277
65	1	-7004.915	12384.733
65	2	-7028.083	12383.475
65	3	-7007.0103	12376.238
65	4	-7022.044	12378.188
65	5	-7040.231	12376.205
65	6	-7045.853	12376.018
65	7	-7041.031	12393.581
65	8	-7057.305	12375.194
65	9	-7049.2446	12393.192
65	10	-7036.785	12393.667
65	11	-7062.6025	12374.976
65	12	-7062.005	12392.405
65	13	-7014.3374	12380.916
65	14	-7067.7363	12374.755
65	15	-7068.911	12392.049
65	16	-7080.0356	12391.383
65	17	-7085.6245	12390.949
65	19	-7046.6924	12379.66
65	20	-7098.326	12390.265
65	22	-6982.523	12379.694
65	24	-6977.666	12380.088
65	27	-7058.52	12378.537
65	30	-7091.8467	12376.385
65	31	-6993.2817	12366.035
65	32	-6966.6406	12380.421
65	33	-7003.2505	12367.277
66	1	-7004.2188	12384.771
66	2	-7027.6484	12383.499
66	3	-7007.002	12376.093
66	4	-7021.8384	12378.181
66	5	-7040.231	12376.205
66	6	-7045.853	12376.018
66	7	-7041.031	12393.581
66	8	-7057.305	12375.194
66	9	-7049.2446	12393.192
66	10	-7036.785	12393.667
66	11	-7062.6025	12374.976
66	12	-7062.005	12392.405
66	13	-7013.97	12380.938
66	14	-7067.7363	12374.755
66	15	-7068.911	12392.049
66	16	-7080.0356	12391.383
66	17	-7085.6245	12390.949
66	19	-7045.9233	12379.698
66	22	-6982.523	12379.694
66	24	-6977.666	12380.088
66	27	-7057.796	12378.578
66	30	-7090.9717	12376.45
66	31	-6993.2817	12366.035
66	32	-6966.6406	12380.421
66	33	-7003.2505	12367.277
67	1	-7003.5273	12384.809
67	2	-7027.224	12383.519
67	3	-7006.9927	12375.95
67	4	-7021.625	12378.175
67	5	-7040.231	12376.205
67	6	-7045.853	12376.018
67	7	-7041.031	12393.581
67	8	-7057.305	12375.194
67	9	-7049.2446	12393.192
67	10	-7036.785	12393.667
67	11	-7062.6025	12374.976
67	12	-7062.005	12392.405
67	13	-7013.5986	12380.956
67	14	-7067.7363	12374.755
67	15	-7068.911	12392.049
67	16	-7080.0356	12391.383
67	17	-7085.6245	12390.949
67	19	-7045.149	12379.734
67	22	-6982.523	12379.694
67	24	-6977.666	12380.088
67	27	-7057.0205	12378.623
67	30	-7090.312	12376.485
67	31	-6993.2817	12366.035
67	32	-6966.6406	12380.421
67	33	-7003.2505	12367.277
68	1	-7002.819	12384.845
68	2	-7026.798	12383.536
68	3	-7006.9785	12375.817
68	4	-7021.404	12378.17
68	5	-7040.231	12376.205
68	6	-7045.853	12376.018
68	7	-7041.031	12393.581
68	8	-7057.305	12375.194
68	9	-7049.2446	12393.192
68	10	-7036.785	12393.667
68	11	-7062.6025	12374.976
68	12	-7062.005	12392.405
68	13	-7013.214	12380.976
68	14	-7067.7363	12374.755
68	15	-7068.911	12392.049
68	16	-7080.0356	12391.383
68	17	-7085.6245	12390.949
68	19	-7044.4204	12379.768
68	22	-6982.523	12379.694
68	24	-6977.666	12380.088
68	27	-7056.3677	12378.649
68	30	-7089.484	12376.537
68	31	-6993.2817	12366.035
68	32	-6966.6406	12380.421
68	33	-7003.2505	12367.277
69	1	-7002.0894	12384.886
69	2	-7026.3657	12383.559
69	3	-7006.9634	12375.696
69	4	-7021.174	12378.165
69	5	-7040.231	12376.205
69	6	-7045.853	12376.018
69	7	-7041.031	12393.581
69	8	-7057.305	12375.194
69	9	-7049.2446	12393.192
69	10	-7036.785	12393.667
69	11	-7062.6025	12374.976
69	12	-7062.005	12392.405
69	13	-7012.8	12381.002
69	14	-7067.7363	12374.755
69	15	-7068.911	12392.049
69	16	-7080.0356	12391.383
69	17	-7085.6245	12390.949
69	19	-7043.688	12379.811
69	22	-6982.523	12379.694
69	24	-6977.666	12380.088
69	27	-7055.6255	12378.704
69	30	-7088.7144	12376.585
69	31	-6993.2817	12366.035
69	32	-6966.6406	12380.421
69	33	-7003.2505	12367.277
70	1	-7001.3525	12384.927
70	2	-7025.9395	12383.582
70	3	-7006.9453	12375.572
70	4	-7020.9365	12378.162
70	5	-7040.231	12376.205
70	6	-7045.853	12376.018
70	7	-7041.031	12393.581
70	8	-7057.305	12375.194
70	9	-7049.2446	12393.192
70	11	-7062.6025	12374.976
70	12	-7062.005	12392.405
70	13	-7012.386	12381.022
70	14	-7067.7363	12374.755
70	15	-7068.911	12392.049
70	16	-7080.0356	12391.383
70	17	-7085.6245	12390.949
70	19	-7042.9814	12379.846
70	22	-6982.523	12379.694
70	24	-6977.666	12380.088
70	27	-7054.8413	12378.745
70	30	-7087.9697	12376.626
70	31	-6993.2817	12366.035
70	32	-6966.6406	12380.421
70	33	-7003.2505	12367.277
71	1	-7000.601	12384.967
71	2	-7025.494	12383.605
71	3	-7006.949	12375.434
71	4	-7020.6934	12378.159
71	5	-7040.231	12376.205
71	6	-7045.853	12376.018
71	7	-7041.031	12393.581
71	8	-7057.305	12375.194
71	9	-7049.2446	12393.192
71	10	-7036.785	12393.667
71	11	-7062.6025	12374.976
71	12	-7062.005	12392.405
71	13	-7011.953	12381.053
71	14	-7067.7363	12374.755
71	15	-7068.911	12392.049
71	16	-7080.0356	12391.383
71	17	-7085.6245	12390.949
71	19	-7042.2812	12379.883
71	22	-6982.523	12379.694
71	24	-6977.666	12380.088
71	27	-7054.109	12378.794
71	30	-7087.1313	12376.674
71	32	-6966.6406	12380.421
71	33	-7003.2505	12367.277
71	34	-6961.719	12380.783
72	1	-6999.838	12385.011
72	2	-7025.0557	12383.627
72	3	-7006.9365	12375.328
72	4	-7020.442	12378.16
72	5	-7040.231	12376.205
72	6	-7045.853	12376.018
72	7	-7041.031	12393.581
72	8	-7057.305	12375.194
72	9	-7049.2446	12393.192
72	11	-7062.6025	12374.976
72	12	-7062.005	12392.405
72	13	-7011.501	12381.075
72	14	-7067.7363	12374.755
72	15	-7068.911	12392.049
72	16	-7080.0356	12391.383
72	17	-7085.6245	12390.949
72	19	-7041.5767	12379.919
72	22	-6982.523	12379.694
72	24	-6977.666	12380.088
72	27	-7053.3726	12378.843
72	30	-7086.375	12376.689
72	32	-6966.6406	12380.421
72	33	-7003.2505	12367.277
72	34	-6961.719	12380.783
73	1	-6999.0796	12385.057
73	2	-7024.596	12383.651
73	3	-7006.918	12375.219
73	4	-7020.1816	12378.162
73	5	-7040.231	12376.205
73	6	-7045.853	12376.018
73	7	-7041.031	12393.581
73	8	-7057.305	12375.194
73	9	-7049.2446	12393.192
73	10	-7036.785	12393.667
73	12	-7062.005	12392.405
73	13	-7011.033	12381.104
73	14	-7067.7363	12374.755
73	15	-7068.911	12392.049
73	16	-7080.0356	12391.383
73	17	-7085.6245	12390.949
73	19	-7040.892	12379.954
73	22	-6982.523	12379.694
73	24	-6977.666	12380.088
73	27	-7052.6206	12378.885
73	30	-7085.821	12376.737
73	32	-6966.6406	12380.421
73	33	-7003.2505	12367.277
73	34	-6961.719	12380.783
74	1	-6998.2915	12385.099
74	2	-7024.104	12383.678
74	3	-7006.9053	12375.089
74	4	-7019.914	12378.165
74	5	-7040.231	12376.205
74	6	-7045.853	12376.018
74	7	-7041.031	12393.581
74	8	-7057.305	12375.194
74	9	-7049.2446	12393.192
74	10	-7036.785	12393.667
74	12	-7062.005	12392.405
74	13	-7010.5566	12381.136
74	14	-7067.7363	12374.755
74	15	-7068.911	12392.049
74	16	-7080.0356	12391.383
74	17	-7085.6245	12390.949
74	19	-7040.201	12379.988
74	22	-6982.523	12379.694
74	24	-6977.666	12380.088
74	27	-7051.89	12378.915
74	30	-7085.021	12376.79
74	32	-6966.6406	12380.421
74	33	-7003.2505	12367.277
74	34	-6961.719	12380.783
75	1	-6997.5137	12385.142
75	2	-7023.614	12383.704
75	3	-7006.8853	12374.967
75	4	-7019.6377	12378.172
75	5	-7040.231	12376.205
75	6	-7045.853	12376.018
75	7	-7041.031	12393.581
75	8	-7057.305	12375.194
75	9	-7049.2446	12393.192
75	10	-7036.785	12393.667
75	12	-7062.005	12392.405
75	13	-7010.037	12381.163
75	14	-7067.7363	12374.755
75	15	-7068.911	12392.049
75	16	-7080.0356	12391.383
75	17	-7085.6245	12390.949
75	19	-7039.521	12380.026
75	22	-6982.523	12379.694
75	24	-6977.666	12380.088
75	27	-7051.136	12378.96
75	30	-7084.379	12376.832
75	32	-6966.6406	12380.421
75	33	-7003.2505	12367.277
76	1	-6996.7075	12385.188
76	2	-7023.095	12383.732
76	3	-7006.877	12374.846
76	4	-7019.3535	12378.179
76	5	-7040.231	12376.205
76	6	-7045.853	12376.018
76	7	-7041.031	12393.581
76	8	-7057.305	12375.194
76	9	-7049.2446	12393.192
76	10	-7036.785	12393.667
76	12	-7062.005	12392.405
76	13	-7009.525	12381.19
76	14	-7067.7363	12374.755
76	15	-7068.911	12392.049
76	16	-7080.0356	12391.383
76	17	-7085.6245	12390.949
76	19	-7038.877	12380.061
76	22	-6982.523	12379.694
76	24	-6977.666	12380.088
76	27	-7050.4307	12378.994
76	30	-7083.437	12376.866
76	32	-6966.6406	12380.421
76	33	-7003.2505	12367.277
76	34	-6961.719	12380.783
77	1	-6995.894	12385.23
77	2	-7022.5615	12383.757
77	3	-7006.851	12374.743
77	4	-7019.062	12378.1875
77	5	-7040.231	12376.205
77	6	-7045.853	12376.018
77	7	-7041.031	12393.581
77	8	-7057.305	12375.194
77	9	-7049.2446	12393.192
77	10	-7036.785	12393.667
77	12	-7062.005	12392.405
77	13	-7008.994	12381.227
77	14	-7067.7363	12374.755
77	15	-7068.911	12392.049
77	16	-7080.0356	12391.383
77	17	-7085.6245	12390.949
77	19	-7038.241	12380.097
77	22	-6982.523	12379.694
77	24	-6977.666	12380.088
77	27	-7049.721	12379.037
77	30	-7082.6924	12376.908
77	32	-6966.6406	12380.421
77	33	-7003.2505	12367.277
77	34	-6961.719	12380.783
78	1	-6995.081	12385.272
78	2	-7022.0093	12383.786
78	3	-7006.8286	12374.623
78	4	-7018.7637	12378.199
78	5	-7040.231	12376.205
78	6	-7045.853	12376.018
78	7	-7041.031	12393.581
78	8	-7057.305	12375.194
78	9	-7049.2446	12393.192
78	10	-7036.785	12393.667
78	12	-7062.005	12392.405
78	13	-7008.457	12381.256
78	14	-7067.7363	12374.755
78	15	-7068.911	12392.049
78	16	-7080.0356	12391.383
78	17	-7085.6245	12390.949
78	19	-7037.6187	12380.13
78	22	-6982.523	12379.694
78	24	-6977.666	12380.088
78	27	-7049.029	12379.067
78	30	-7082.0645	12376.943
78	32	-6966.6406	12380.421
78	35	-6993.3066	12365.875
79	1	-6994.2646	12385.316
79	2	-7021.448	12383.815
79	3	-7006.804	12374.501
79	4	-7018.4585	12378.212
79	5	-7040.231	12376.205
79	6	-7045.853	12376.018
79	7	-7041.031	12393.581
79	8	-7057.305	12375.194
79	9	-7049.2446	12393.192
79	10	-7036.785	12393.667
79	12	-7062.005	12392.405
79	13	-7007.8955	12381.287
79	14	-7067.7363	12374.755
79	15	-7068.911	12392.049
79	16	-7080.0356	12391.383
79	17	-7085.6245	12390.949
79	19	-7037.015	12380.161
79	22	-6982.523	12379.694
79	24	-6977.666	12380.088
79	27	-7048.353	12379.1
79	30	-7081.364	12376.976
79	32	-6966.6406	12380.421
79	34	-6961.719	12380.783
79	35	-6993.3066	12365.875
80	1	-6993.4355	12385.357
80	2	-7020.848	12383.845
80	3	-7006.7783	12374.398
80	4	-7018.146	12378.226
80	5	-7040.231	12376.205
80	6	-7045.853	12376.018
80	7	-7041.031	12393.581
80	8	-7057.305	12375.194
80	9	-7049.2446	12393.192
80	10	-7036.785	12393.667
80	12	-7062.005	12392.405
80	13	-7007.3213	12381.322
80	15	-7068.911	12392.049
80	16	-7080.0356	12391.383
80	17	-7085.6245	12390.949
80	19	-7036.424	12380.195
80	22	-6982.523	12379.694
80	24	-6977.666	12380.088
80	27	-7047.672	12379.13
80	30	-7080.551	12377.015
80	32	-6966.6406	12380.421
80	34	-6961.719	12380.783
80	35	-6993.3066	12365.875
81	1	-6992.606	12385.408
81	2	-7020.241	12383.877
81	3	-7006.752	12374.295
81	4	-7017.824	12378.241
81	5	-7040.231	12376.205
81	6	-7045.853	12376.018
81	7	-7041.031	12393.581
81	8	-7057.305	12375.194
81	9	-7049.2446	12393.192
81	10	-7036.785	12393.667
81	12	-7062.005	12392.405
81	13	-7006.735	12381.36
81	15	-7068.911	12392.049
81	16	-7080.0356	12391.383
81	17	-7085.6245	12390.949
81	19	-7035.8525	12380.229
81	22	-6982.523	12379.694
81	24	-6977.666	12380.088
81	27	-7047.0024	12379.167
81	30	-7079.907	12377.048
81	32	-6966.6406	12380.421
81	34	-6961.719	12380.783
81	35	-6993.3066	12365.875
82	1	-6991.7754	12385.442
82	2	-7019.6113	12383.903
82	3	-7006.72	12374.196
82	4	-7017.494	12378.259
82	5	-7040.231	12376.205
82	6	-7045.853	12376.018
82	7	-7041.031	12393.581
82	8	-7057.305	12375.194
82	9	-7049.2446	12393.192
82	10	-7036.785	12393.667
82	12	-7062.005	12392.405
82	13	-7006.1255	12381.393
82	15	-7068.911	12392.049
82	16	-7080.0356	12391.383
82	17	-7085.6245	12390.949
82	19	-7035.3066	12380.263
82	22	-6982.523	12379.694
82	24	-6977.666	12380.088
82	27	-7046.36	12379.196
82	30	-7079.229	12377.091
82	32	-6966.6406	12380.421
82	34	-6961.719	12380.783
82	35	-6993.3066	12365.875
82	36	-6972.7446	12380.307
83	1	-6990.9053	12385.485
83	2	-7018.9736	12383.936
83	3	-7006.6924	12374.093
83	4	-7017.1587	12378.278
83	5	-7040.231	12376.205
83	6	-7045.853	12376.018
83	7	-7041.031	12393.581
83	8	-7057.305	12375.194
83	9	-7049.2446	12393.192
83	10	-7036.785	12393.667
83	12	-7062.005	12392.405
83	13	-7005.5234	12381.427
83	15	-7068.911	12392.049
83	16	-7080.0356	12391.383
83	17	-7085.6245	12390.949
83	19	-7034.768	12380.293
83	22	-6982.523	12379.694
83	24	-6977.666	12380.088
83	27	-7045.712	12379.228
83	30	-7078.4834	12377.14
83	32	-6966.6406	12380.421
83	34	-6961.719	12380.783
83	35	-6993.3066	12365.875
84	1	-6990.0615	12385.538
84	2	-7018.309	12383.967
84	3	-7006.663	12373.993
84	4	-7016.818	12378.302
84	5	-7040.231	12376.205
84	6	-7045.853	12376.018
84	7	-7041.031	12393.581
84	8	-7057.305	12375.194
84	9	-7049.2446	12393.192
84	10	-7036.785	12393.667
84	12	-7062.005	12392.405
84	13	-7004.908	12381.474
84	15	-7068.911	12392.049
84	16	-7080.0356	12391.383
84	17	-7085.6245	12390.949
84	19	-7034.2417	12380.324
84	22	-6982.523	12379.694
84	24	-6977.666	12380.088
84	27	-7045.068	12379.259
84	30	-7077.93	12377.169
84	32	-6966.6406	12380.421
84	34	-6961.719	12380.783
84	35	-6993.3066	12365.875
84	36	-6972.7446	12380.307
84	38	-7003.298	12367.32
85	1	-6989.182	12385.59
85	2	-7017.6406	12384.006
85	3	-7006.6177	12373.888
85	4	-7016.4707	12378.323
85	5	-7040.231	12376.205
85	6	-7045.853	12376.018
85	7	-7041.031	12393.581
85	8	-7057.305	12375.194
85	9	-7049.2446	12393.192
85	10	-7036.785	12393.667
85	12	-7062.005	12392.405
85	13	-7004.268	12381.516
85	15	-7068.911	12392.049
85	16	-7080.0356	12391.383
85	17	-7085.6245	12390.949
85	19	-7033.7275	12380.355
85	22	-6982.523	12379.694
85	24	-6977.666	12380.088
85	27	-7044.449	12379.292
85	30	-7077.192	12377.21
85	32	-6966.6406	12380.421
85	34	-6961.719	12380.783
85	35	-6993.3066	12365.875
85	36	-6972.7446	12380.307
85	38	-7003.298	12367.32
86	1	-6988.2964	12385.636
86	2	-7016.946	12384.038
86	3	-7006.5757	12373.796
86	4	-7016.117	12378.348
86	5	-7040.231	12376.205
86	6	-7045.853	12376.018
86	7	-7041.031	12393.581
86	8	-7057.305	12375.194
86	9	-7049.2446	12393.192
86	10	-7036.785	12393.667
86	12	-7062.005	12392.405
86	13	-7003.608	12381.552
86	15	-7068.911	12392.049
86	16	-7080.0356	12391.383
86	17	-7085.6245	12390.949
86	19	-7033.221	12380.387
86	22	-6982.523	12379.694
86	24	-6977.666	12380.088
86	27	-7043.8315	12379.317
86	30	-7076.451	12377.253
86	32	-6966.6406	12380.421
86	34	-6961.719	12380.783
86	35	-6993.3066	12365.875
86	36	-6972.7446	12380.307
86	38	-7003.298	12367.32
87	1	-6987.4175	12385.701
87	2	-7016.2554	12384.07
87	3	-7006.523	12373.697
87	4	-7015.7563	12378.373
87	5	-7040.231	12376.205
87	6	-7045.853	12376.018
87	7	-7041.031	12393.581
87	8	-7057.305	12375.194
87	9	-7049.2446	12393.192
87	10	-7036.785	12393.667
87	12	-7062.005	12392.405
87	13	-7002.948	12381.595
87	15	-7068.911	12392.049
87	16	-7080.0356	12391.383
87	17	-7085.6245	12390.949
87	19	-7032.7314	12380.413
87	22	-6982.523	12379.694
87	24	-6977.666	12380.088
87	27	-7043.223	12379.342
87	30	-7075.74	12377.281
87	32	-6966.6406	12380.421
87	34	-6961.719	12380.783
87	35	-6993.3066	12365.875
87	36	-6972.7446	12380.307
87	38	-7003.298	12367.32
88	1	-6986.51	12385.756
88	2	-7015.528	12384.114
88	3	-7006.483	12373.597
88	4	-7015.3887	12378.398
88	5	-7040.231	12376.205
88	6	-7045.853	12376.018
88	7	-7041.031	12393.581
88	8	-7057.305	12375.194
88	9	-7049.2446	12393.192
88	10	-7036.785	12393.667
88	12	-7062.005	12392.405
88	13	-7002.2666	12381.631
88	15	-7068.911	12392.049
88	16	-7080.0356	12391.383
88	17	-7085.6245	12390.949
88	19	-7032.2773	12380.436
88	22	-6982.523	12379.694
88	24	-6977.666	12380.088
88	27	-7042.6426	12379.37
88	30	-7075.0527	12377.333
88	32	-6966.6406	12380.421
88	34	-6961.719	12380.783
88	35	-6993.3066	12365.875
88	36	-6972.7446	12380.307
88	38	-7003.298	12367.32
88	41	-6992.22	12350.379
89	1	-6985.5903	12385.822
89	2	-7014.7876	12384.153
89	3	-7006.423	12373.513
89	4	-7015.0137	12378.424
89	5	-7040.231	12376.205
89	6	-7045.853	12376.018
89	7	-7041.031	12393.581
89	8	-7057.305	12375.194
89	9	-7049.2446	12393.192
89	10	-7036.785	12393.667
89	12	-7062.005	12392.405
89	13	-7001.577	12381.67
89	15	-7068.911	12392.049
89	16	-7080.0356	12391.383
89	17	-7085.6245	12390.949
89	19	-7031.821	12380.459
89	22	-6982.523	12379.694
89	24	-6977.666	12380.088
89	27	-7042.069	12379.3955
89	30	-7074.343	12377.358
89	32	-6966.6406	12380.421
89	34	-6961.719	12380.783
89	35	-6993.3066	12365.875
89	36	-6972.7446	12380.307
89	38	-7003.298	12367.32
89	41	-6992.22	12350.379
90	1	-6984.68	12385.873
90	2	-7014.037	12384.192
90	3	-7006.377	12373.434
90	4	-7014.6353	12378.454
90	5	-7040.231	12376.205
90	6	-7045.853	12376.018
90	7	-7041.031	12393.581
90	8	-7057.305	12375.194
90	9	-7049.2446	12393.192
90	10	-7036.785	12393.667
90	12	-7062.005	12392.405
90	13	-7000.8696	12381.711
90	15	-7068.911	12392.049
90	16	-7080.0356	12391.383
90	17	-7085.6245	12390.949
90	19	-7031.381	12380.483
90	22	-6982.523	12379.694
90	24	-6977.666	12380.088
90	27	-7041.505	12379.422
90	30	-7073.7007	12377.392
90	32	-6966.6406	12380.421
90	34	-6961.719	12380.783
90	35	-6993.3066	12365.875
90	36	-6972.7446	12380.307
90	38	-7003.298	12367.32
90	41	-6992.22	12350.379
