0	1	10867.217	3089.7842
0	2	10863.357	3082.9993
0	3	10836.602	3076.045
0	4	10879.031	3090.257
0	5	10912.279	3086.489
0	6	10919.566	3057.1355
0	7	10917.824	3054.7825
1	1	10867.199	3089.785
1	2	10863.315	3082.997
1	3	10836.717	3076.0425
1	4	10878.859	3090.2556
1	5	10910.904	3086.4744
1	6	10919.566	3057.1355
1	7	10917.824	3054.7825
2	1	10867.18	3089.7803
2	2	10863.282	3082.9995
2	3	10836.836	3076.0586
2	4	10878.696	3090.2546
2	5	10909.496	3086.4534
2	6	10919.566	3057.1355
2	7	10917.824	3054.7825
3	1	10867.154	3089.7795
3	2	10863.241	3082.9978
3	3	10836.973	3076.0642
3	4	10878.541	3090.2537
3	5	10908.097	3086.4363
3	6	10919.566	3057.1355
3	7	10917.824	3054.7825
4	1	10867.126	3089.781
4	2	10863.191	3082.998
4	3	10837.116	3076.05
4	4	10878.394	3090.2522
4	5	10906.702	3086.4192
4	6	10919.566	3057.1355
4	7	10917.824	3054.7825
5	1	10867.097	3089.7817
5	2	10863.129	3082.9998
5	3	10837.279	3076.0547
5	4	10878.251	3090.2515
5	5	10905.305	3086.3933
5	6	10919.566	3057.1355
5	7	10917.824	3054.7825
6	1	10867.047	3089.7786
6	2	10863.069	3082.9988
6	3	10837.434	3076.0747
6	4	10878.114	3090.2505
6	5	10903.907	3086.3877
6	6	10919.566	3057.1355
6	7	10917.824	3054.7825
7	1	10867.02	3089.7786
7	2	10862.986	3082.999
7	3	10837.616	3076.0688
7	4	10877.985	3090.249
7	5	10902.49	3086.3647
7	6	10919.566	3057.1355
7	7	10917.824	3054.7825
8	1	10866.9795	3089.7754
8	2	10862.916	3082.998
8	3	10837.83	3076.0645
8	4	10877.861	3090.2483
8	5	10901.061	3086.344
8	6	10919.566	3057.1355
8	7	10917.824	3054.7825
9	1	10866.917	3089.7764
9	2	10862.84	3083.0
9	3	10838.08	3076.0647
9	4	10877.744	3090.2476
9	5	10899.64	3086.3274
9	6	10919.566	3057.1355
9	7	10917.824	3054.7825
10	1	10866.828	3089.7783
10	2	10862.746	3082.999
10	3	10838.31	3076.0654
10	4	10877.633	3090.2466
10	5	10898.207	3086.305
10	6	10919.566	3057.1355
10	7	10917.824	3054.7825
11	1	10866.743	3089.7764
11	2	10862.659	3083.001
11	3	10838.509	3076.043
11	4	10877.527	3090.2458
11	5	10896.796	3086.291
11	6	10919.566	3057.1355
11	7	10917.824	3054.7825
12	1	10866.623	3089.781
12	2	10862.55	3082.9998
12	3	10838.803	3076.0696
12	4	10877.427	3090.245
12	5	10895.364	3086.275
12	6	10919.566	3057.1355
12	7	10917.824	3054.7825
13	1	10866.488	3089.7756
13	2	10862.432	3083.0017
13	3	10839.106	3076.0732
13	4	10877.331	3090.2444
13	5	10893.923	3086.261
13	6	10919.566	3057.1355
13	7	10917.824	3054.7825
14	1	10866.326	3089.777
14	2	10862.314	3082.9978
14	3	10839.393	3076.0754
14	4	10877.24	3090.2437
14	5	10892.502	3086.24
14	6	10919.566	3057.1355
14	7	10917.824	3054.7825
15	1	10866.145	3089.7734
15	2	10862.183	3082.9983
15	3	10839.726	3076.078
15	4	10877.151	3090.2432
15	5	10891.022	3086.2375
15	6	10919.566	3057.1355
15	7	10917.824	3054.7825
16	1	10865.939	3089.7793
16	2	10862.037	3082.9958
16	3	10840.041	3076.082
16	4	10877.063	3090.2424
16	5	10889.567	3086.221
16	6	10919.566	3057.1355
16	7	10917.824	3054.7825
17	1	10865.739	3089.77
17	2	10861.874	3082.9966
17	3	10840.38	3076.0818
17	4	10876.976	3090.2417
17	5	10888.093	3086.2148
17	6	10919.566	3057.1355
17	7	10917.824	3054.7825
18	1	10865.488	3089.764
18	2	10861.692	3082.9966
18	3	10840.756	3076.0854
18	4	10876.886	3090.2412
18	5	10886.638	3086.1992
18	6	10919.566	3057.1355
18	7	10917.824	3054.7825
19	1	10865.186	3089.7627
19	2	10861.503	3082.9927
19	3	10841.114	3076.081
19	4	10876.792	3090.2407
19	5	10885.143	3086.1865
19	6	10919.566	3057.1355
19	7	10917.824	3054.7825
20	1	10864.912	3089.761
20	2	10861.301	3082.9893
20	3	10841.484	3076.0745
20	4	10876.693	3090.2402
20	5	10883.653	3086.1724
20	6	10919.566	3057.1355
20	7	10917.824	3054.7825
21	1	10864.6045	3089.7556
21	2	10861.076	3082.9888
21	3	10841.87	3076.0764
21	4	10876.587	3090.2393
21	5	10882.134	3086.17
21	6	10919.566	3057.1355
21	7	10917.824	3054.7825
22	1	10864.259	3089.7488
22	2	10860.838	3082.9856
22	3	10842.285	3076.0686
22	4	10876.475	3090.2388
22	5	10880.617	3086.156
22	6	10919.566	3057.1355
22	7	10917.824	3054.7825
23	1	10863.908	3089.7405
23	2	10860.595	3082.9822
23	3	10842.674	3076.0632
23	4	10876.352	3090.238
23	5	10879.066	3086.157
23	6	10919.566	3057.1355
23	7	10917.824	3054.7825
23	17	10807.7	3059.107
24	1	10863.529	3089.7393
24	2	10860.338	3082.9763
24	3	10843.054	3076.0623
24	4	10876.217	3090.237
24	5	10877.538	3086.141
24	6	10919.566	3057.1355
24	7	10917.824	3054.7825
24	17	10807.678	3059.258
25	1	10863.143	3089.7334
25	2	10860.061	3082.972
25	3	10843.487	3076.0588
25	4	10876.07	3090.236
25	5	10875.96	3086.1265
25	6	10919.566	3057.1355
25	7	10917.824	3054.7825
25	17	10807.653	3059.1274
26	1	10862.725	3089.731
26	2	10859.782	3082.965
26	3	10843.935	3076.0605
26	4	10875.911	3090.235
26	5	10874.376	3086.115
26	6	10919.566	3057.1355
26	7	10917.824	3054.7825
26	17	10807.601	3058.817
27	1	10862.284	3089.7263
27	2	10859.487	3082.952
27	3	10844.421	3076.0583
27	4	10875.738	3090.234
27	5	10872.795	3086.116
27	6	10919.566	3057.1355
27	7	10917.824	3054.7825
27	17	10807.529	3058.7795
28	1	10861.83	3089.7197
28	2	10859.178	3082.9429
28	3	10844.894	3076.06
28	4	10875.553	3090.233
28	5	10871.241	3086.108
28	6	10919.566	3057.1355
28	7	10917.824	3054.7825
29	1	10861.346	3089.7112
29	2	10858.8545	3082.9294
29	3	10845.378	3076.053
29	4	10875.352	3090.2317
29	5	10869.683	3086.1008
29	6	10919.566	3057.1355
29	7	10917.824	3054.7825
30	1	10860.822	3089.7092
30	2	10858.51	3082.9111
30	3	10845.845	3076.0618
30	4	10875.136	3090.2302
30	5	10868.108	3086.1042
30	6	10919.566	3057.1355
30	7	10917.824	3054.7825
30	8	10952.551	3090.2666
31	1	10860.295	3089.705
31	2	10858.189	3082.8872
31	3	10846.322	3076.0598
31	4	10874.905	3090.229
31	5	10866.537	3086.1125
31	6	10919.566	3057.1355
31	7	10917.824	3054.7825
31	8	10951.581	3090.2292
32	1	10859.747	3089.7004
32	2	10857.884	3082.8662
32	3	10846.857	3076.0676
32	4	10874.659	3090.2273
32	5	10864.947	3086.1135
32	6	10919.566	3057.1355
32	7	10917.824	3054.7825
32	8	10950.139	3090.2969
33	1	10859.221	3089.693
33	2	10857.515	3082.8323
33	3	10847.382	3076.0615
33	4	10874.396	3090.2256
33	5	10863.37	3086.1143
33	6	10919.566	3057.1355
33	7	10917.824	3054.7825
33	8	10948.79	3090.2893
34	1	10858.667	3089.6843
34	2	10857.212	3082.7979
34	3	10847.898	3076.0618
34	4	10874.116	3090.2244
34	5	10861.773	3086.117
34	6	10919.566	3057.1355
34	7	10917.824	3054.7825
34	8	10947.27	3090.2827
35	1	10858.082	3089.6787
35	2	10856.849	3082.7573
35	3	10848.457	3076.0544
35	4	10873.818	3090.2222
35	5	10860.162	3086.1157
35	6	10919.566	3057.1355
35	7	10917.824	3054.7825
35	8	10945.747	3090.2732
36	1	10857.463	3089.6714
36	2	10856.53	3082.7126
36	3	10849.002	3076.0535
36	4	10873.502	3090.2205
36	5	10858.571	3086.1206
36	6	10919.566	3057.1355
36	7	10917.824	3054.7825
36	8	10944.232	3090.2664
37	1	10856.851	3089.6611
37	2	10856.135	3082.6494
37	3	10849.561	3076.0496
37	4	10873.167	3090.218
37	5	10856.96	3086.1162
37	6	10919.566	3057.1355
37	7	10917.824	3054.7825
37	8	10942.66	3090.2598
38	1	10856.227	3089.6536
38	2	10855.763	3082.577
38	3	10850.145	3076.0466
38	4	10872.8125	3090.2158
38	5	10855.332	3086.1204
38	6	10919.566	3057.1355
38	7	10917.824	3054.7825
38	8	10941.087	3090.2505
38	9	10846.301	3161.1267
39	1	10855.558	3089.6436
39	2	10855.387	3082.4976
39	3	10850.732	3076.0396
39	4	10872.439	3090.213
39	5	10853.6875	3086.125
39	6	10919.566	3057.1355
39	7	10917.824	3054.7825
39	8	10939.568	3090.2427
39	9	10846.3	3159.6853
40	1	10854.871	3089.6362
40	2	10855.004	3082.4055
40	3	10851.333	3076.0393
40	4	10872.048	3090.2107
40	5	10852.037	3086.1255
40	6	10919.566	3057.1355
40	7	10917.824	3054.7825
40	8	10938.044	3090.242
40	9	10846.289	3158.2632
41	1	10854.159	3089.6326
41	2	10854.627	3082.299
41	3	10851.941	3076.0347
41	4	10871.637	3090.2083
41	5	10850.378	3086.1287
41	6	10919.566	3057.1355
41	7	10917.824	3054.7825
41	8	10936.565	3090.2476
41	9	10846.273	3156.8381
42	1	10853.452	3089.6226
42	2	10854.254	3082.1816
42	3	10852.577	3076.0278
42	4	10871.206	3090.205
42	5	10848.7	3086.1296
42	6	10919.566	3057.1355
42	7	10917.824	3054.7825
42	8	10935.092	3090.2305
42	9	10846.24	3155.3965
43	1	10852.716	3089.6196
43	2	10853.862	3082.0464
43	3	10853.216	3076.0186
43	4	10870.757	3090.2017
43	5	10847.033	3086.1357
43	6	10919.566	3057.1355
43	7	10917.824	3054.7825
43	8	10933.62	3090.2212
43	9	10846.201	3153.9756
43	10	10862.785	3021.676
44	1	10851.972	3089.6108
44	2	10853.491	3081.9048
44	3	10853.855	3076.0144
44	4	10870.288	3090.1982
44	5	10845.345	3086.1414
44	6	10919.566	3057.1355
44	7	10917.824	3054.7825
44	8	10932.111	3090.2012
44	9	10846.17	3152.5945
44	10	10862.785	3021.676
45	1	10851.2	3089.6084
45	2	10853.106	3081.723
45	3	10854.516	3076.0032
45	4	10869.8	3090.1948
45	5	10843.658	3086.1458
45	6	10919.566	3057.1355
45	7	10917.824	3054.7825
45	8	10930.596	3090.1921
45	9	10846.139	3151.176
45	10	10862.785	3021.676
46	1	10850.431	3089.6023
46	2	10852.745	3081.5461
46	3	10855.179	3076.0002
46	4	10869.293	3090.1907
46	5	10841.981	3086.1487
46	6	10919.566	3057.1355
46	7	10917.824	3054.7825
46	8	10929.178	3090.1804
46	9	10846.092	3149.8384
46	10	10862.785	3021.676
47	1	10849.646	3089.5972
47	2	10852.365	3081.3442
47	3	10855.86	3075.9954
47	4	10868.767	3090.1863
47	5	10840.276	3086.1533
47	6	10919.566	3057.1355
47	8	10927.687	3090.1814
47	9	10846.068	3148.4507
47	10	10862.785	3021.676
48	1	10848.826	3089.593
48	2	10851.988	3081.1255
48	3	10856.545	3075.9844
48	4	10868.222	3090.182
48	5	10838.582	3086.16
48	6	10919.566	3057.1355
48	8	10926.204	3090.1682
48	9	10846.045	3147.0981
48	10	10862.785	3021.676
49	1	10847.975	3089.5896
49	2	10851.606	3080.8857
49	3	10857.241	3075.974
49	4	10867.658	3090.1768
49	5	10836.882	3086.1711
49	6	10919.566	3057.1355
49	8	10924.737	3090.1663
49	9	10846.027	3145.799
49	10	10862.785	3021.676
50	1	10847.123	3089.5847
50	2	10851.237	3080.6267
50	3	10857.954	3075.969
50	4	10867.075	3090.1724
50	5	10835.187	3086.177
50	6	10919.566	3057.1355
50	8	10923.281	3090.1602
50	9	10845.999	3144.4478
50	10	10862.785	3021.676
51	1	10846.247	3089.5764
51	2	10850.867	3080.3428
51	3	10858.675	3075.9436
51	4	10866.474	3090.1677
51	5	10833.48	3086.1777
51	6	10919.566	3057.1355
51	8	10921.805	3090.1526
51	9	10845.988	3143.1482
51	10	10862.785	3021.676
51	11	10867.964	3021.3535
52	1	10845.366	3089.572
52	2	10850.495	3080.04
52	3	10859.401	3075.9277
52	4	10865.854	3090.1628
52	5	10831.779	3086.176
52	6	10919.566	3057.1355
52	8	10920.305	3090.1504
52	9	10845.96	3141.8235
52	10	10862.785	3021.676
52	11	10867.964	3021.3535
53	1	10844.466	3089.5664
53	2	10850.12	3079.7097
53	3	10860.124	3075.9202
53	4	10865.215	3090.1584
53	5	10830.068	3086.1758
53	6	10919.566	3057.1355
53	8	10918.899	3090.1448
53	9	10845.925	3140.5784
53	10	10862.785	3021.676
53	11	10867.964	3021.3535
54	1	10843.575	3089.5662
54	2	10849.745	3079.351
54	3	10860.847	3075.9114
54	4	10864.559	3090.1526
54	5	10828.364	3086.1748
54	6	10919.566	3057.1355
54	8	10917.47	3090.146
54	9	10845.912	3139.296
54	10	10862.785	3021.676
54	11	10867.964	3021.3535
55	1	10842.645	3089.5615
55	2	10849.392	3078.9766
55	3	10861.588	3075.8984
55	4	10863.883	3090.1477
55	5	10826.668	3086.1719
55	6	10919.566	3057.1355
55	8	10916.01	3090.1326
55	9	10845.904	3138.0188
55	10	10862.785	3021.676
55	11	10867.964	3021.3535
56	1	10841.701	3089.5642
56	2	10849.062	3078.59
56	3	10862.324	3075.8806
56	4	10863.189	3090.1428
56	5	10824.951	3086.179
56	6	10919.566	3057.1355
56	8	10914.581	3090.121
56	9	10845.878	3136.7732
56	10	10862.785	3021.676
56	11	10867.964	3021.3535
57	1	10840.748	3089.561
57	2	10848.744	3078.1687
57	3	10863.065	3075.8752
57	4	10862.479	3090.137
57	5	10823.228	3086.181
57	6	10919.566	3057.1355
57	8	10913.161	3090.1167
57	9	10845.864	3135.5398
57	10	10862.785	3021.676
57	11	10867.964	3021.3535
58	1	10839.775	3089.561
58	2	10848.426	3077.7256
58	3	10863.816	3075.8647
58	4	10861.75	3090.1316
58	5	10821.503	3086.1914
58	6	10919.566	3057.1355
58	8	10911.704	3090.112
58	9	10845.84	3134.3342
58	10	10862.785	3021.676
58	11	10867.964	3021.3535
59	1	10838.789	3089.5583
59	2	10848.126	3077.2712
59	3	10864.609	3075.847
59	4	10861.002	3090.1267
59	5	10819.765	3086.188
59	6	10919.566	3057.1355
59	8	10910.288	3090.1006
59	9	10845.815	3133.1282
59	10	10862.785	3021.676
59	11	10867.964	3021.3535
60	1	10837.775	3089.5583
60	2	10847.831	3076.7917
60	3	10865.389	3075.835
60	4	10860.238	3090.1216
60	5	10818.032	3086.1912
60	6	10919.566	3057.1355
60	8	10908.856	3090.0886
60	9	10845.816	3131.915
60	10	10862.785	3021.676
60	11	10867.964	3021.3535
61	1	10836.768	3089.558
61	2	10847.561	3076.2874
61	3	10866.178	3075.8254
61	4	10859.457	3090.116
61	5	10816.282	3086.1965
61	6	10919.566	3057.1355
61	8	10907.441	3090.0796
61	9	10845.794	3130.742
61	10	10862.785	3021.676
61	11	10867.964	3021.3535
62	1	10835.765	3089.5525
62	2	10847.306	3075.768
62	3	10866.989	3075.8157
62	4	10858.659	3090.111
62	5	10814.545	3086.1904
62	6	10919.566	3057.1355
62	8	10906.038	3090.076
62	9	10845.786	3129.5508
62	10	10862.785	3021.676
62	11	10867.964	3021.3535
63	1	10834.733	3089.5383
63	2	10847.062	3075.2146
63	3	10867.811	3075.7869
63	4	10857.843	3090.1057
63	5	10812.812	3086.1802
63	6	10919.566	3057.1355
63	8	10904.648	3090.0613
63	9	10845.788	3128.424
63	10	10862.785	3021.676
63	11	10867.964	3021.3535
64	1	10833.705	3089.5496
64	2	10846.854	3074.656
64	3	10868.639	3075.7756
64	4	10857.01	3090.0996
64	5	10811.071	3086.1882
64	6	10919.566	3057.1355
64	8	10903.246	3090.0571
64	9	10845.786	3127.3096
64	10	10862.785	3021.676
64	11	10867.964	3021.3535
65	1	10832.635	3089.5486
65	2	10846.648	3074.0583
65	3	10869.48	3075.7588
65	4	10856.161	3090.0945
65	5	10809.316	3086.1865
65	6	10919.566	3057.1355
65	8	10901.857	3090.0444
65	9	10845.784	3126.193
65	10	10862.785	3021.676
65	11	10867.964	3021.3535
66	1	10831.562	3089.55
66	2	10846.469	3073.4487
66	3	10870.362	3075.736
66	4	10855.295	3090.0896
66	5	10807.554	3086.1802
66	6	10919.566	3057.1355
66	8	10900.447	3090.03
66	9	10845.775	3125.0928
66	10	10862.785	3021.676
66	11	10867.964	3021.3535
67	1	10830.431	3089.5435
67	2	10846.306	3072.813
67	3	10871.234	3075.7158
67	4	10854.413	3090.0837
67	5	10805.795	3086.1763
67	6	10919.566	3057.1355
67	8	10899.052	3090.0244
67	9	10845.764	3123.996
67	10	10862.785	3021.676
67	11	10867.964	3021.3535
68	1	10829.335	3089.553
68	2	10846.153	3072.1602
68	3	10872.124	3075.7
68	4	10853.515	3090.0781
68	5	10804.02	3086.1665
68	6	10919.566	3057.1355
68	8	10897.651	3090.0178
68	9	10845.757	3122.9375
68	10	10862.785	3021.676
68	11	10867.964	3021.3535
69	1	10828.186	3089.5522
69	2	10846.023	3071.4724
69	3	10873.03	3075.6907
69	4	10852.602	3090.0728
69	5	10802.238	3086.1597
69	6	10919.566	3057.1355
69	8	10896.253	3090.009
69	9	10845.743	3121.882
69	10	10862.785	3021.676
69	11	10867.964	3021.3535
70	1	10827.041	3089.5554
70	2	10845.913	3070.7874
70	3	10873.944	3075.6868
70	4	10851.672	3090.0647
70	5	10800.455	3086.1628
70	6	10919.566	3057.1355
70	8	10894.88	3090.0007
70	9	10845.734	3120.8467
70	10	10862.785	3021.676
70	11	10867.964	3021.3535
70	12	10816.376	3024.1484
71	1	10825.874	3089.5564
71	2	10845.821	3070.073
71	3	10874.86	3075.6724
71	4	10850.728	3090.058
71	5	10798.648	3086.157
71	6	10919.566	3057.1355
71	8	10893.4795	3089.993
71	9	10845.716	3119.8315
71	10	10862.785	3021.676
71	11	10867.964	3021.3535
71	12	10816.376	3024.1484
72	1	10824.674	3089.564
72	2	10845.747	3069.3376
72	3	10875.791	3075.6628
72	4	10849.768	3090.0522
72	5	10796.832	3086.1545
72	6	10919.566	3057.1355
72	8	10892.088	3089.9807
72	9	10845.698	3118.8545
72	10	10862.785	3021.676
72	11	10867.964	3021.3535
72	12	10816.376	3024.1484
73	1	10823.46	3089.568
73	2	10845.692	3068.6038
73	3	10876.749	3075.6501
73	4	10848.791	3090.0452
73	5	10795.018	3086.1492
73	8	10890.684	3089.9712
73	9	10845.683	3117.903
73	10	10862.785	3021.676
73	11	10867.964	3021.3535
73	12	10816.376	3024.1484
74	1	10822.239	3089.5718
74	2	10845.662	3067.8389
74	3	10877.708	3075.644
74	4	10847.799	3090.0383
74	5	10793.207	3086.1533
74	8	10889.302	3089.963
74	9	10845.659	3116.9587
74	10	10862.785	3021.676
74	11	10867.964	3021.3535
74	12	10816.376	3024.1484
74	13	10810.967	3023.3838
75	1	10820.98	3089.5752
75	2	10845.645	3067.064
75	3	10878.682	3075.6284
75	4	10846.79	3090.032
75	5	10791.379	3086.1438
75	8	10887.886	3089.9556
75	9	10845.634	3116.034
75	10	10862.785	3021.676
75	11	10867.964	3021.3535
75	12	10816.376	3024.1484
75	13	10810.967	3023.3838
76	1	10819.732	3089.5762
76	2	10845.644	3066.2688
76	3	10879.669	3075.6284
76	4	10845.763	3090.0261
76	5	10789.538	3086.1384
76	8	10886.492	3089.9448
76	9	10845.6045	3115.1433
76	10	10862.785	3021.676
76	11	10867.964	3021.3535
76	12	10816.376	3024.1484
76	13	10810.967	3023.3838
76	14	10808.312	3023.0674
77	1	10818.474	3089.578
77	2	10845.646	3065.4253
77	3	10880.653	3075.6213
77	4	10844.719	3090.0203
77	5	10787.706	3086.1252
77	8	10885.107	3089.9348
77	9	10845.584	3114.2554
77	10	10862.785	3021.676
77	11	10867.964	3021.3535
77	12	10816.376	3024.1484
77	13	10810.967	3023.3838
77	14	10808.312	3023.0674
78	1	10817.196	3089.581
78	2	10845.666	3064.5696
78	3	10881.662	3075.6172
78	4	10843.656	3090.0144
78	5	10785.862	3086.1106
78	8	10883.709	3089.9272
78	9	10845.56	3113.4087
78	10	10862.785	3021.676
78	11	10867.964	3021.3535
78	12	10816.376	3024.1484
78	13	10810.967	3023.3838
78	14	10808.312	3023.0674
79	1	10815.871	3089.5867
79	2	10845.68	3063.7148
79	3	10882.665	3075.616
79	4	10842.578	3090.0093
79	5	10784.032	3086.1082
79	8	10882.298	3089.922
79	9	10845.523	3112.581
79	10	10862.785	3021.676
79	11	10867.964	3021.3535
79	12	10816.376	3024.1484
79	13	10810.967	3023.3838
79	14	10808.312	3023.0674
80	1	10814.544	3089.586
80	2	10845.706	3062.8008
80	3	10883.697	3075.6072
80	4	10841.481	3090.0032
80	5	10782.19	3086.1055
80	8	10880.909	3089.9104
80	9	10845.495	3111.7786
80	10	10862.785	3021.676
80	11	10867.964	3021.3535
80	12	10816.376	3024.1484
80	13	10810.967	3023.3838
80	14	10808.312	3023.0674
80	15	10793.283	3103.595
81	1	10813.203	3089.5886
81	2	10845.735	3061.866
81	3	10884.683	3075.6074
81	4	10840.367	3089.9968
81	5	10780.348	3086.0945
81	8	10879.515	3089.9038
81	9	10845.46	3111.0068
81	10	10862.785	3021.676
81	11	10867.964	3021.3535
81	12	10816.376	3024.1484
81	13	10810.967	3023.3838
81	14	10808.312	3023.0674
81	15	10793.283	3103.595
82	1	10811.831	3089.5833
82	2	10845.761	3060.9326
82	3	10885.69	3075.611
82	4	10839.235	3089.9907
82	5	10778.492	3086.0837
82	8	10878.097	3089.887
82	9	10845.432	3110.25
82	10	10862.785	3021.676
82	11	10867.964	3021.3535
82	12	10816.376	3024.1484
82	13	10810.967	3023.3838
82	14	10808.312	3023.0674
82	15	10793.283	3103.595
83	1	10810.457	3089.5842
83	2	10845.792	3060.0212
83	3	10886.778	3075.6047
83	4	10838.086	3089.9841
83	5	10776.629	3086.0737
83	8	10876.689	3089.8774
83	9	10845.393	3109.5447
83	10	10862.785	3021.676
83	11	10867.964	3021.3535
83	12	10816.376	3024.1484
83	13	10810.967	3023.3838
83	14	10808.312	3023.0674
83	15	10793.283	3103.595
84	1	10809.068	3089.5774
84	2	10845.821	3059.083
84	3	10887.796	3075.613
84	4	10836.919	3089.977
84	5	10774.777	3086.0684
84	8	10875.297	3089.8643
84	9	10845.361	3108.8489
84	10	10862.785	3021.676
84	11	10867.964	3021.3535
84	12	10816.376	3024.1484
84	13	10810.967	3023.3838
84	14	10808.312	3023.0674
84	15	10793.283	3103.595
85	1	10807.654	3089.5737
85	2	10845.85	3058.112
85	3	10888.83	3075.6055
85	4	10835.734	3089.9697
85	5	10772.918	3086.051
85	8	10873.902	3089.8533
85	9	10845.33	3108.1655
85	10	10862.785	3021.676
85	11	10867.964	3021.3535
85	12	10816.376	3024.1484
85	13	10810.967	3023.3838
85	14	10808.312	3023.0674
85	15	10793.283	3103.595
85	16	10779.434	3103.3677
86	1	10806.186	3089.5703
86	2	10845.878	3057.1555
86	3	10889.92	3075.6106
86	4	10834.535	3089.9631
86	5	10771.062	3086.0552
86	8	10872.477	3089.8394
86	9	10845.303	3107.52
86	10	10862.785	3021.676
86	11	10867.964	3021.3535
86	12	10816.376	3024.1484
86	13	10810.967	3023.3838
86	14	10808.312	3023.0674
86	15	10793.283	3103.595
86	16	10779.434	3103.3677
87	1	10804.791	3089.562
87	2	10845.907	3056.16
87	3	10890.961	3075.6113
87	4	10833.317	3089.955
87	5	10769.159	3086.0312
87	8	10871.074	3089.8225
87	9	10845.269	3106.902
87	10	10862.785	3021.676
87	11	10867.964	3021.3535
87	12	10816.376	3024.1484
87	13	10810.967	3023.3838
87	14	10808.312	3023.0674
87	15	10793.283	3103.595
87	16	10779.434	3103.3677
88	1	10803.313	3089.5566
88	2	10845.931	3055.1716
88	3	10892.032	3075.6172
88	4	10832.083	3089.9478
88	5	10767.294	3086.0186
88	8	10869.675	3089.8066
88	9	10845.236	3106.352
88	10	10862.785	3021.676
88	11	10867.964	3021.3535
88	12	10816.376	3024.1484
88	13	10810.967	3023.3838
88	14	10808.312	3023.0674
88	15	10793.283	3103.595
88	16	10779.434	3103.3677
89	1	10801.834	3089.5557
89	2	10845.955	3054.1467
89	3	10893.137	3075.6306
89	4	10830.831	3089.9402
89	5	10765.416	3086.0115
89	8	10868.266	3089.7935
89	9	10845.211	3105.8264
89	10	10862.785	3021.676
89	12	10816.376	3024.1484
89	13	10810.967	3023.3838
89	14	10808.312	3023.0674
89	15	10793.283	3103.595
89	16	10779.434	3103.3677
90	1	10800.352	3089.555
90	2	10845.971	3053.0972
90	3	10894.219	3075.648
90	4	10829.564	3089.9326
90	5	10763.551	3086.002
90	8	10866.829	3089.7786
90	9	10845.184	3105.248
90	10	10862.785	3021.676
90	12	10816.376	3024.1484
90	13	10810.967	3023.3838
90	14	10808.312	3023.0674
90	15	10793.283	3103.595
90	16	10779.434	3103.3677
