0	1	9010.559	-1535.9174
0	2	9060.208	-1532.0538
0	3	8976.395	-1533.2516
0	4	9046.288	-1528.9049
0	5	9098.739	-1558.0223
0	6	9104.384	-1557.9689
0	7	9098.514	-1536.0664
1	1	9010.571	-1535.9249
1	2	9059.219	-1532.0667
1	3	8977.314	-1533.232
1	4	9046.288	-1528.9048
1	5	9098.739	-1558.0223
1	6	9104.384	-1557.9689
1	7	9099.858	-1536.0482
2	1	9010.591	-1535.9167
2	2	9058.246	-1532.079
2	3	8978.194	-1533.191
2	4	9046.288	-1528.9048
2	5	9098.739	-1558.0223
2	6	9104.384	-1557.9689
2	7	9101.209	-1536.0409
3	1	9010.585	-1535.9225
3	2	9057.321	-1532.0938
3	3	8979.066	-1533.1466
3	4	9046.289	-1528.9048
3	5	9098.739	-1558.0223
3	6	9104.384	-1557.9689
3	7	9102.549	-1536.0189
4	1	9010.606	-1535.9242
4	2	9056.412	-1532.1031
4	3	8979.922	-1533.1093
4	4	9046.288	-1528.9049
4	5	9098.739	-1558.0223
4	6	9104.384	-1557.9689
4	7	9103.974	-1535.9888
5	1	9010.618	-1535.9303
5	2	9055.545	-1532.1202
5	3	8980.791	-1533.1288
5	4	9046.288	-1528.9048
5	5	9098.739	-1558.0223
5	6	9104.384	-1557.9689
5	7	9105.336	-1535.9603
6	1	9010.628	-1535.936
6	2	9054.669	-1532.1309
6	3	8981.592	-1533.0883
6	4	9046.288	-1528.9047
6	5	9098.739	-1558.0223
6	6	9104.384	-1557.9689
6	7	9106.739	-1535.957
7	1	9010.65	-1535.9325
7	2	9053.869	-1532.1464
7	3	8982.374	-1533.0497
7	4	9046.288	-1528.9047
7	5	9098.739	-1558.0223
7	6	9104.384	-1557.9689
7	7	9108.078	-1535.9153
8	1	9010.636	-1535.931
8	2	9053.073	-1532.1544
8	3	8983.127	-1533.0026
8	4	9046.288	-1528.9049
8	5	9098.739	-1558.0223
8	6	9104.384	-1557.9689
8	7	9109.52	-1535.9158
9	1	9010.662	-1535.9319
9	2	9052.327	-1532.1676
9	3	8983.921	-1533.0034
9	4	9046.288	-1528.9049
9	5	9098.739	-1558.0223
9	6	9104.384	-1557.9689
9	7	9110.92	-1535.8962
10	1	9010.663	-1535.9261
10	2	9051.601	-1532.177
10	3	8984.686	-1532.9615
10	4	9046.288	-1528.9049
10	5	9098.739	-1558.0223
10	6	9104.384	-1557.9689
10	7	9112.391	-1535.9115
11	1	9010.668	-1535.9349
11	2	9050.89	-1532.1875
11	3	8985.439	-1532.9402
11	4	9046.288	-1528.9047
11	5	9098.739	-1558.0223
11	6	9104.384	-1557.9689
11	7	9113.842	-1535.866
12	1	9010.702	-1535.9333
12	2	9050.19	-1532.1986
12	3	8986.187	-1532.9271
12	4	9046.288	-1528.9049
12	5	9098.739	-1558.0223
12	6	9104.384	-1557.9689
12	7	9115.227	-1535.845
13	1	9010.713	-1535.9338
13	2	9049.506	-1532.2123
13	3	8986.942	-1532.9054
13	4	9046.288	-1528.9048
13	5	9098.739	-1558.0223
13	6	9104.384	-1557.9689
13	7	9116.719	-1535.7815
14	1	9010.733	-1535.9344
14	2	9048.855	-1532.2255
14	3	8987.669	-1532.8923
14	4	9046.288	-1528.9048
14	5	9098.739	-1558.0223
14	6	9104.384	-1557.9689
14	7	9118.201	-1535.7853
15	1	9010.751	-1535.9402
15	2	9048.225	-1532.2229
15	3	8988.3955	-1532.8954
15	4	9046.288	-1528.9049
15	5	9098.739	-1558.0223
15	6	9104.384	-1557.9689
15	7	9119.537	-1535.7483
16	1	9010.754	-1535.9382
16	2	9047.632	-1532.2383
16	3	8989.103	-1532.8378
16	4	9046.287	-1528.9047
16	5	9098.739	-1558.0223
16	6	9104.384	-1557.9689
16	7	9121.126	-1535.7455
17	1	9010.775	-1535.9485
17	2	9047.025	-1532.2455
17	3	8989.823	-1532.8359
17	4	9046.282	-1528.9052
17	5	9098.739	-1558.0223
17	6	9104.384	-1557.9689
17	7	9122.65	-1535.7429
18	1	9010.8125	-1535.9423
18	2	9046.46	-1532.3073
18	3	8990.511	-1532.8071
18	4	9046.271	-1528.9056
18	5	9098.739	-1558.0223
18	6	9104.384	-1557.9689
19	1	9010.852	-1535.94
19	2	9045.93	-1532.297
19	3	8991.183	-1532.7815
19	4	9046.25	-1528.9081
19	5	9098.739	-1558.0223
19	6	9104.384	-1557.9689
20	1	9010.907	-1535.9393
20	2	9045.407	-1532.2902
20	3	8991.868	-1532.7666
20	4	9046.219	-1528.907
20	5	9098.739	-1558.0223
20	6	9104.384	-1557.9689
21	1	9010.966	-1535.9401
21	2	9044.9375	-1532.2965
21	3	8992.551	-1532.74
21	4	9046.175	-1528.9073
21	5	9098.739	-1558.0223
21	6	9104.384	-1557.9689
22	1	9011.053	-1535.9456
22	2	9044.455	-1532.308
22	3	8993.207	-1532.7277
22	4	9046.117	-1528.9075
22	5	9098.739	-1558.0223
22	6	9104.384	-1557.9689
23	1	9011.177	-1535.9432
23	2	9044.032	-1532.3192
23	3	8993.843	-1532.7183
23	4	9046.048	-1528.9078
23	5	9098.739	-1558.0223
23	6	9104.384	-1557.9689
24	1	9011.309	-1535.9252
24	2	9043.627	-1532.3309
24	3	8994.477	-1532.6888
24	4	9045.963	-1528.9081
24	5	9098.739	-1558.0223
24	6	9104.384	-1557.9689
25	1	9011.48	-1535.9314
25	2	9043.236	-1532.3457
25	3	8995.119	-1532.6808
25	4	9045.865	-1528.9089
25	5	9098.739	-1558.0223
25	6	9104.384	-1557.9689
26	1	9011.678	-1535.9226
26	2	9042.89	-1532.3611
26	3	8995.785	-1532.6704
26	4	9045.755	-1528.9093
26	5	9098.739	-1558.0223
26	6	9104.384	-1557.9689
27	1	9011.89	-1535.919
27	2	9042.5625	-1532.3771
27	3	8996.422	-1532.6495
27	4	9045.629	-1528.9102
27	5	9098.739	-1558.0223
27	6	9104.384	-1557.9689
28	1	9012.1455	-1535.9222
28	2	9042.241	-1532.3883
28	3	8997.023	-1532.6498
28	4	9045.486	-1528.9108
28	5	9098.739	-1558.0223
28	6	9104.384	-1557.9689
29	1	9012.422	-1535.9193
29	2	9041.967	-1532.3972
29	3	8997.604	-1532.6362
29	4	9045.328	-1528.9116
29	5	9098.739	-1558.0223
29	6	9104.384	-1557.9689
30	1	9012.725	-1535.9138
30	2	9041.716	-1532.4043
30	3	8998.207	-1532.626
30	4	9045.154	-1528.9128
30	5	9098.739	-1558.0223
30	6	9104.384	-1557.9689
31	1	9013.077	-1535.9193
31	2	9041.476	-1532.4231
31	3	8998.799	-1532.6007
31	4	9044.964	-1528.9128
31	5	9098.739	-1558.0223
31	6	9104.384	-1557.9689
32	1	9013.45	-1535.9067
32	2	9041.266	-1532.427
32	3	8999.3545	-1532.5967
32	4	9044.757	-1528.9137
32	5	9098.739	-1558.0223
32	6	9104.384	-1557.9689
33	1	9013.859	-1535.9121
33	2	9041.083	-1532.4271
33	3	8999.894	-1532.5844
33	4	9044.533	-1528.915
33	5	9098.739	-1558.0223
33	6	9104.384	-1557.9689
33	8	9047.199	-1593.8826
34	1	9014.278	-1535.9148
34	2	9040.932	-1532.4268
34	3	9000.425	-1532.5898
34	4	9044.291	-1528.9155
34	5	9098.739	-1558.0223
34	6	9104.384	-1557.9689
34	8	9047.199	-1593.8826
35	1	9014.733	-1535.9131
35	2	9040.764	-1532.4346
35	3	9000.972	-1532.593
35	4	9044.031	-1528.9161
35	5	9098.739	-1558.0223
35	6	9104.384	-1557.9689
35	8	9047.199	-1593.8826
36	1	9015.199	-1535.914
36	2	9040.612	-1532.442
36	3	9001.462	-1532.5736
36	4	9043.755	-1528.9172
36	5	9098.739	-1558.0223
36	6	9104.384	-1557.9689
36	8	9047.199	-1593.8826
37	1	9015.675	-1535.9182
37	2	9040.447	-1532.4279
37	3	9001.945	-1532.5721
37	4	9043.458	-1528.9178
37	5	9098.739	-1558.0223
37	6	9104.384	-1557.9689
37	8	9047.199	-1593.8826
38	1	9016.215	-1535.9222
38	2	9040.283	-1532.4363
38	3	9002.439	-1532.5524
38	4	9043.142	-1528.9185
38	5	9098.739	-1558.0223
38	6	9104.384	-1557.9689
38	8	9047.199	-1593.8826
39	1	9016.762	-1535.9353
39	2	9040.143	-1532.4409
39	3	9002.89	-1532.5443
39	4	9042.806	-1528.9192
39	5	9098.739	-1558.0223
39	6	9104.384	-1557.9689
39	8	9047.199	-1593.8826
40	1	9017.326	-1535.9241
40	2	9039.986	-1532.4365
40	3	9003.331	-1532.5427
40	4	9042.45	-1528.9197
40	5	9098.739	-1558.0223
40	6	9104.384	-1557.9689
40	8	9047.199	-1593.8826
41	1	9017.926	-1535.9425
41	2	9039.828	-1532.4397
41	3	9003.767	-1532.5378
41	4	9042.073	-1528.9197
41	5	9098.739	-1558.0223
41	6	9104.384	-1557.9689
41	8	9047.199	-1593.8826
42	1	9018.513	-1535.9413
42	2	9039.679	-1532.4437
42	3	9004.212	-1532.5288
42	4	9041.677	-1528.9199
42	5	9098.739	-1558.0223
42	6	9104.384	-1557.9689
42	8	9047.199	-1593.8826
43	1	9019.168	-1535.9406
43	2	9039.511	-1532.4507
43	3	9004.627	-1532.5219
43	4	9041.261	-1528.9193
43	5	9098.739	-1558.0223
43	6	9104.384	-1557.9689
43	8	9047.199	-1593.8826
44	1	9019.836	-1535.9507
44	2	9039.342	-1532.4656
44	3	9005.044	-1532.5126
44	4	9040.821	-1528.9197
44	5	9098.739	-1558.0223
44	6	9104.384	-1557.9689
44	8	9047.199	-1593.8826
45	1	9020.552	-1535.944
45	2	9039.168	-1532.4652
45	3	9005.446	-1532.5055
45	4	9040.359	-1528.9198
45	5	9098.739	-1558.0223
45	6	9104.384	-1557.9689
45	8	9047.199	-1593.8826
46	1	9021.261	-1535.9443
46	2	9038.997	-1532.469
46	3	9005.806	-1532.5001
46	4	9039.876	-1528.9196
46	5	9098.739	-1558.0223
46	6	9104.384	-1557.9689
46	8	9047.199	-1593.8826
47	1	9022.019	-1535.9471
47	2	9038.793	-1532.4781
47	3	9006.1875	-1532.4883
47	4	9039.373	-1528.9198
47	5	9098.739	-1558.0223
47	6	9104.384	-1557.9689
47	8	9047.199	-1593.8826
48	1	9022.782	-1535.9476
48	2	9038.577	-1532.4874
48	3	9006.584	-1532.4832
48	4	9038.848	-1528.9186
48	5	9098.739	-1558.0223
48	6	9104.384	-1557.9689
48	8	9047.199	-1593.8826
49	1	9023.53	-1535.9362
49	2	9038.348	-1532.5032
49	3	9006.9375	-1532.4725
49	4	9038.3	-1528.9181
49	5	9098.739	-1558.0223
49	6	9104.384	-1557.9689
49	8	9047.199	-1593.8826
50	1	9024.35	-1535.9451
50	2	9038.117	-1532.5193
50	3	9007.295	-1532.472
50	4	9037.732	-1528.9165
50	5	9098.739	-1558.0223
50	6	9104.384	-1557.9689
50	8	9047.199	-1593.8826
51	1	9025.15	-1535.9441
51	2	9037.861	-1532.5479
51	3	9007.627	-1532.4705
51	4	9037.144	-1528.9164
51	5	9098.739	-1558.0223
51	6	9104.384	-1557.9689
51	8	9047.199	-1593.8826
52	1	9025.993	-1535.9498
52	2	9037.574	-1532.5475
52	3	9007.992	-1532.4666
52	4	9036.535	-1528.9146
52	5	9098.739	-1558.0223
52	6	9104.384	-1557.9689
52	8	9047.199	-1593.8826
53	1	9026.828	-1535.9546
53	2	9037.287	-1532.568
53	3	9008.328	-1532.4623
53	4	9035.905	-1528.9124
53	5	9098.739	-1558.0223
53	6	9104.384	-1557.9689
53	8	9047.199	-1593.8826
53	12	9009.212	-1456.6254
54	1	9027.691	-1535.9552
54	2	9036.977	-1532.5686
54	3	9008.657	-1532.4711
54	4	9035.254	-1528.9108
54	5	9098.739	-1558.0223
54	6	9104.384	-1557.9689
54	8	9047.199	-1593.8826
54	12	9009.212	-1456.6254
55	1	9028.577	-1535.9507
55	2	9036.636	-1532.6326
55	3	9008.996	-1532.4614
55	4	9034.582	-1528.9084
55	5	9098.739	-1558.0223
55	6	9104.384	-1557.9689
55	8	9047.199	-1593.8826
55	12	9009.212	-1456.6254
56	1	9029.485	-1535.9595
56	2	9036.26	-1532.6646
56	3	9009.302	-1532.4623
56	4	9033.889	-1528.9059
56	5	9098.739	-1558.0223
56	6	9104.384	-1557.9689
56	8	9047.199	-1593.8826
56	12	9009.212	-1456.6254
57	1	9030.398	-1535.9475
57	2	9035.9	-1532.7063
57	3	9009.601	-1532.4583
57	4	9033.172	-1528.9023
57	5	9098.739	-1558.0223
57	6	9104.384	-1557.9689
57	8	9047.199	-1593.8826
57	9	8990.103	-1591.9247
57	12	9009.212	-1456.6254
58	1	9031.301	-1535.933
58	2	9035.471	-1532.759
58	3	9009.885	-1532.4606
58	4	9032.434	-1528.8992
58	5	9098.739	-1558.0223
58	8	9047.199	-1593.8826
58	9	8990.103	-1591.9247
58	12	9009.212	-1456.6254
59	1	9032.221	-1535.9259
59	2	9035.076	-1532.8129
59	3	9010.196	-1532.4547
59	4	9031.673	-1528.8945
59	5	9098.739	-1558.0223
59	8	9047.199	-1593.8826
59	9	8990.103	-1591.9247
59	12	9009.212	-1456.6254
60	1	9033.142	-1535.9248
60	2	9034.647	-1532.8843
60	3	9010.489	-1532.4552
60	4	9030.891	-1528.8896
60	5	9098.739	-1558.0223
60	8	9047.199	-1593.8826
60	9	8990.103	-1591.9247
60	12	9009.212	-1456.6254
61	1	9034.074	-1535.9115
61	2	9034.204	-1532.9746
61	3	9010.776	-1532.4541
61	4	9030.086	-1528.8861
61	5	9098.739	-1558.0223
61	8	9047.199	-1593.8826
61	9	8990.103	-1591.9247
61	10	8987.543	-1592.3136
61	12	9009.212	-1456.6254
62	1	9035.114	-1535.9191
62	2	9033.759	-1533.0796
62	3	9011.045	-1532.4524
62	4	9029.261	-1528.8805
62	5	9098.739	-1558.0223
62	8	9047.199	-1593.8826
62	9	8990.103	-1591.9247
62	10	8987.543	-1592.3136
62	11	8958.84	-1511.7349
62	12	9009.212	-1456.6254
63	1	9036.144	-1535.9329
63	2	9033.297	-1533.199
63	3	9011.324	-1532.4552
63	4	9028.414	-1528.8762
63	5	9098.739	-1558.0223
63	8	9047.199	-1593.8826
63	9	8990.103	-1591.9247
63	10	8987.543	-1592.3136
63	12	9009.212	-1456.6254
64	1	9037.244	-1535.9186
64	2	9032.844	-1533.352
64	3	9011.606	-1532.4458
64	4	9027.545	-1528.8726
64	5	9098.739	-1558.0223
64	8	9047.199	-1593.8826
64	9	8990.103	-1591.9247
64	10	8987.543	-1592.3136
64	11	8958.84	-1511.7349
64	12	9009.212	-1456.6254
65	1	9038.375	-1535.9109
65	2	9032.384	-1533.5054
65	3	9011.871	-1532.4557
65	4	9026.653	-1528.8679
65	8	9047.199	-1593.8826
65	9	8990.103	-1591.9247
65	10	8987.543	-1592.3136
65	11	8958.84	-1511.7349
65	12	9009.212	-1456.6254
66	1	9039.392	-1535.9314
66	2	9031.926	-1533.6763
66	3	9012.149	-1532.4489
66	4	9025.741	-1528.8645
66	8	9047.199	-1593.8826
66	9	8990.103	-1591.9247
66	10	8987.543	-1592.3136
66	11	8958.84	-1511.7349
66	12	9009.212	-1456.6254
67	1	9040.487	-1535.9247
67	2	9031.464	-1533.8741
67	3	9012.4	-1532.4474
67	4	9024.807	-1528.8612
67	8	9047.199	-1593.8826
67	9	8990.103	-1591.9247
67	10	8987.543	-1592.3136
67	11	8958.84	-1511.7349
67	12	9009.212	-1456.6254
68	1	9041.621	-1535.9257
68	2	9031.034	-1534.0853
68	3	9012.698	-1532.4435
68	4	9023.851	-1528.8588
68	8	9047.199	-1593.8826
68	9	8990.103	-1591.9247
68	10	8987.543	-1592.3136
68	11	8958.84	-1511.7349
68	12	9009.212	-1456.6254
69	1	9042.785	-1535.9094
69	2	9030.631	-1534.2767
69	3	9012.925	-1532.4385
69	4	9022.873	-1528.8563
69	8	9047.199	-1593.8826
69	9	8990.103	-1591.9247
69	10	8987.543	-1592.3136
69	11	8958.84	-1511.7349
70	1	9043.95	-1535.9054
70	2	9030.187	-1534.5911
70	3	9013.215	-1532.4386
70	4	9021.874	-1528.8545
70	8	9047.199	-1593.8826
70	9	8990.103	-1591.9247
70	10	8987.543	-1592.3136
70	11	8958.84	-1511.7349
70	12	9009.212	-1456.6254
71	1	9045.156	-1535.8892
71	2	9029.789	-1534.8906
71	3	9013.467	-1532.4381
71	4	9020.854	-1528.8546
71	8	9047.199	-1593.8826
71	9	8990.103	-1591.9247
71	10	8987.543	-1592.3136
71	11	8958.84	-1511.7349
71	12	9009.212	-1456.6254
72	1	9046.347	-1535.8755
72	2	9029.386	-1535.1869
72	3	9013.668	-1532.4252
72	4	9019.812	-1528.8535
72	8	9047.199	-1593.8826
72	9	8990.103	-1591.9247
72	10	8987.543	-1592.3136
72	11	8958.84	-1511.7349
72	12	9009.212	-1456.6254
73	1	9047.556	-1535.8556
73	2	9029.014	-1535.498
73	3	9013.892	-1532.4132
73	4	9018.748	-1528.8539
73	8	9047.199	-1593.8826
73	9	8990.103	-1591.9247
73	10	8987.543	-1592.3136
73	11	8958.84	-1511.7349
73	12	9009.212	-1456.6254
74	1	9048.764	-1535.8347
74	2	9028.662	-1535.8282
74	3	9014.131	-1532.421
74	4	9017.666	-1528.8546
74	8	9047.199	-1593.8826
74	9	8990.103	-1591.9247
74	10	8987.543	-1592.3136
74	11	8958.84	-1511.7349
74	12	9009.212	-1456.6254
75	1	9050.002	-1535.8124
75	2	9028.317	-1536.176
75	3	9014.39	-1532.4027
75	4	9016.562	-1528.8553
75	8	9047.199	-1593.8826
75	9	8990.103	-1591.9247
75	10	8987.543	-1592.3136
75	11	8958.84	-1511.7349
75	12	9009.212	-1456.6254
76	1	9051.276	-1535.7887
76	2	9027.969	-1536.5577
76	3	9014.68	-1532.3945
76	4	9015.436	-1528.8583
76	8	9047.199	-1593.8826
76	9	8990.103	-1591.9247
76	10	8987.543	-1592.3136
76	11	8958.84	-1511.7349
76	12	9009.212	-1456.6254
77	1	9052.548	-1535.7687
77	2	9027.641	-1536.9618
77	3	9014.942	-1532.3776
77	4	9014.289	-1528.8612
77	8	9047.199	-1593.8826
77	9	8990.103	-1591.9247
77	10	8987.543	-1592.3136
77	11	8958.84	-1511.7349
77	12	9009.212	-1456.6254
78	1	9053.84	-1535.7404
78	2	9027.318	-1537.3864
78	3	9015.185	-1532.3651
78	4	9013.123	-1528.8649
78	8	9047.199	-1593.8826
78	9	8990.103	-1591.9247
78	10	8987.543	-1592.3136
78	11	8958.84	-1511.7349
78	12	9009.212	-1456.6254
79	1	9055.092	-1535.7275
79	2	9027.008	-1537.8251
79	3	9015.429	-1532.3634
79	4	9011.937	-1528.8696
79	8	9047.199	-1593.8826
79	9	8990.103	-1591.9247
79	10	8987.543	-1592.3136
79	11	8958.84	-1511.7349
80	1	9056.402	-1535.6981
80	2	9026.729	-1538.3016
80	3	9015.682	-1532.3755
80	4	9010.73	-1528.8751
80	8	9047.199	-1593.8826
80	9	8990.103	-1591.9247
80	10	8987.543	-1592.3136
80	11	8958.84	-1511.7349
80	13	8973.209	-1513.7594
81	1	9057.699	-1535.6749
81	2	9026.477	-1538.7961
81	3	9015.948	-1532.3704
81	4	9009.505	-1528.8811
81	8	9047.199	-1593.8826
81	9	8990.103	-1591.9247
81	10	8987.543	-1592.3136
81	11	8958.84	-1511.7349
81	13	8973.209	-1513.7594
82	1	9059.061	-1535.664
82	2	9026.233	-1539.304
82	3	9016.214	-1532.3573
82	4	9008.261	-1528.8889
82	8	9047.199	-1593.8826
82	9	8990.103	-1591.9247
82	10	8987.543	-1592.3136
82	11	8958.84	-1511.7349
82	13	8973.209	-1513.7594
82	14	8969.274	-1515.924
83	1	9060.4	-1535.6399
83	2	9026.03	-1539.8488
83	3	9016.512	-1532.3331
83	4	9006.998	-1528.8967
83	8	9047.199	-1593.8826
83	9	8990.103	-1591.9247
83	10	8987.543	-1592.3136
83	11	8958.84	-1511.7349
83	13	8973.209	-1513.7594
83	14	8969.284	-1515.9299
84	1	9061.752	-1535.6261
84	2	9025.852	-1540.3682
84	3	9016.817	-1532.312
84	4	9005.716	-1528.9059
84	8	9047.199	-1593.8826
84	9	8990.103	-1591.9247
84	10	8987.543	-1592.3136
84	11	8958.84	-1511.7349
84	13	8973.209	-1513.7594
84	14	8969.273	-1515.92
85	1	9063.078	-1535.6047
85	2	9025.683	-1540.9417
85	3	9017.113	-1532.2854
85	4	9004.415	-1528.9161
85	9	8990.103	-1591.9247
85	10	8987.543	-1592.3136
85	11	8958.84	-1511.7349
85	13	8973.209	-1513.7594
85	14	8969.275	-1515.9199
86	1	9064.48	-1535.5925
86	2	9025.541	-1541.529
86	3	9017.454	-1532.2504
86	4	9003.096	-1528.926
86	9	8990.103	-1591.9247
86	10	8987.543	-1592.3136
86	11	8958.84	-1511.7349
86	13	8973.209	-1513.7594
86	14	8969.281	-1515.9241
87	1	9065.843	-1535.52
87	2	9025.427	-1542.1052
87	3	9017.8125	-1532.2094
87	4	9001.759	-1528.9377
87	9	8990.103	-1591.9247
87	10	8987.543	-1592.3136
87	11	8958.84	-1511.7349
87	13	8973.209	-1513.7594
87	14	8969.276	-1515.9269
88	1	9067.284	-1535.5309
88	2	9025.312	-1542.7177
88	3	9018.179	-1532.1594
88	4	9000.404	-1528.9492
88	9	8990.103	-1591.9247
88	10	8987.543	-1592.3136
88	11	8958.84	-1511.7349
88	13	8973.209	-1513.7594
88	14	8969.276	-1515.9275
88	15	8972.788	-1503.4818
89	1	9068.724	-1535.5021
89	2	9025.227	-1543.3414
89	3	9018.562	-1532.1035
89	4	8999.032	-1528.9609
89	9	8990.103	-1591.9247
89	10	8987.543	-1592.3136
89	11	8958.84	-1511.7349
89	13	8973.209	-1513.7594
89	14	8969.26	-1515.9325
90	1	9070.192	-1535.4326
90	2	9025.145	-1543.9521
90	3	9018.935	-1532.0319
90	4	8997.643	-1528.9724
90	9	8990.103	-1591.9247
90	10	8987.543	-1592.3136
90	11	8958.84	-1511.7349
90	13	8973.209	-1513.7594
90	14	8969.28	-1515.9342
