0	1	-435.3486	-669.15
0	2	-409.1214	-633.41473
0	3	-455.11505	-638.8479
0	4	-446.69156	-693.2
0	5	-461.61288	-680.98206
0	6	-476.88696	-723.5938
0	7	-442.25375	-741.59265
0	8	-470.82446	-744.1083
0	9	-482.6874	-736.01373
0	10	-426.62384	-749.3416
0	12	-434.49857	-753.48157
0	13	-431.66556	-753.996
0	14	-486.35822	-742.8412
0	19	-443.55212	-749.82196
0	21	-419.77493	-758.167
0	22	-415.64215	-709.96747
0	23	-486.21207	-750.4821
0	24	-407.97443	-712.73096
0	25	-489.5407	-749.9752
0	26	-494.41992	-738.0187
0	27	-401.93268	-715.1188
0	28	-399.1638	-721.3791
0	29	-411.3123	-708.4041
0	30	-395.3209	-717.636
0	33	-440.62683	-749.6929
0	35	-458.69717	-637.11536
0	36	-489.5925	-756.9303
0	37	-492.35965	-755.585
1	1	-434.8435	-668.00555
1	2	-409.16556	-633.39813
1	3	-455.16064	-638.9653
1	4	-446.17188	-692.11127
1	5	-461.74612	-681.5296
1	6	-477.01907	-723.8675
1	7	-442.04352	-741.69116
1	8	-470.54822	-743.55615
1	9	-482.6874	-736.01373
1	10	-426.58554	-749.35175
1	12	-434.49857	-753.48157
1	13	-431.66556	-753.996
1	14	-486.35822	-742.8412
1	19	-443.55212	-749.82196
1	21	-419.77493	-758.167
1	22	-415.64215	-709.96747
1	23	-486.21207	-750.4821
1	24	-407.97443	-712.73096
1	25	-489.5407	-749.9752
1	26	-495.03873	-739.28876
1	27	-401.93268	-715.1188
1	28	-399.7815	-721.1596
1	29	-411.4463	-708.427
1	30	-395.3209	-717.636
2	1	-434.33267	-666.8735
2	2	-409.17056	-633.4044
2	3	-455.22012	-639.06976
2	4	-445.65158	-691.02185
2	5	-461.88702	-682.0743
2	6	-477.14465	-724.1445
2	7	-441.80893	-741.80634
2	8	-470.2358	-742.94714
2	9	-482.6874	-736.01373
2	10	-426.53412	-749.378
2	12	-434.49857	-753.48157
2	13	-431.66556	-753.996
2	14	-486.35822	-742.8412
2	19	-443.55212	-749.82196
2	21	-419.77493	-758.167
2	22	-415.64215	-709.96747
2	23	-486.21207	-750.4821
2	24	-407.97443	-712.73096
2	25	-489.5407	-749.9752
2	26	-495.63635	-740.51666
2	27	-401.93268	-715.1188
2	28	-400.39615	-720.95276
2	29	-411.58392	-708.4375
2	30	-395.3209	-717.636
3	1	-433.81522	-665.7016
3	2	-409.1369	-633.4006
3	3	-455.25543	-639.1921
3	4	-445.12946	-689.9293
3	5	-462.0483	-682.61554
3	6	-477.2741	-724.4075
3	7	-441.5782	-741.9027
3	8	-469.96454	-742.42834
3	9	-482.6874	-736.01373
3	10	-426.46515	-749.4197
3	12	-434.49857	-753.48157
3	13	-431.66556	-753.996
3	14	-486.35822	-742.8412
3	19	-443.55212	-749.82196
3	21	-419.77493	-758.167
3	22	-415.64215	-709.96747
3	23	-486.21207	-750.4821
3	24	-407.97443	-712.73096
3	25	-489.5407	-749.9752
3	26	-496.2406	-741.7759
3	27	-401.93268	-715.1188
3	28	-401.00714	-720.7244
3	29	-411.71436	-708.4215
4	1	-433.32358	-664.57086
4	2	-409.14514	-633.39417
4	3	-455.32117	-639.3055
4	4	-444.60608	-688.8348
4	5	-462.22537	-683.168
4	6	-477.39258	-724.65393
4	7	-441.33908	-742.0194
4	8	-469.67212	-741.8842
4	9	-482.6874	-736.01373
4	10	-426.4384	-749.4475
4	12	-434.49857	-753.48157
4	13	-431.66556	-753.996
4	14	-486.35822	-742.8412
4	19	-443.55212	-749.82196
4	21	-419.77493	-758.167
4	22	-415.64215	-709.96747
4	23	-486.21207	-750.4821
4	24	-407.97443	-712.73096
4	25	-489.5407	-749.9752
4	26	-496.82938	-743.03424
4	27	-401.93268	-715.1188
4	33	-440.6187	-749.81354
5	1	-432.82297	-663.4232
5	2	-409.1432	-633.40247
5	3	-455.35413	-639.40424
5	4	-444.082	-687.739
5	5	-462.40222	-683.7171
5	6	-477.51526	-724.8997
5	8	-469.4065	-741.4225
5	9	-482.6874	-736.01373
5	10	-426.37003	-749.4827
5	11	-437.684	-751.56085
5	12	-434.49857	-753.48157
5	13	-431.66556	-753.996
5	14	-486.35822	-742.8412
5	19	-443.55212	-749.82196
5	21	-419.77493	-758.167
5	22	-415.64215	-709.96747
5	23	-486.21207	-750.4821
5	24	-407.97443	-712.73096
5	25	-489.5407	-749.9752
6	1	-432.34668	-662.31116
6	2	-409.16562	-633.3986
6	3	-455.41068	-639.51294
6	4	-443.5564	-686.6428
6	5	-462.5929	-684.2732
6	6	-477.62057	-725.119
6	8	-469.14963	-740.97186
6	9	-482.6874	-736.01373
6	10	-426.2393	-749.5587
6	11	-437.684	-751.56085
6	12	-434.49857	-753.48157
6	13	-431.66556	-753.996
6	14	-486.35822	-742.8412
6	19	-443.55212	-749.82196
6	21	-419.77493	-758.167
6	22	-415.64215	-709.96747
6	23	-486.21207	-750.4821
7	1	-431.85428	-661.15967
7	2	-409.11957	-633.41223
7	3	-455.46097	-639.6217
7	4	-443.03128	-685.545
7	5	-462.80276	-684.8478
7	6	-477.72266	-725.32874
7	8	-468.86954	-740.5143
7	9	-482.6874	-736.01373
7	10	-426.1777	-749.6015
7	11	-437.684	-751.56085
7	12	-434.49857	-753.48157
7	13	-431.66556	-753.996
7	14	-486.35822	-742.8412
7	19	-443.55212	-749.82196
8	1	-431.36823	-659.995
8	2	-409.14975	-633.4061
8	3	-455.49603	-639.71576
8	4	-442.50293	-684.4434
8	5	-463.01364	-685.4232
8	6	-477.82822	-725.53906
8	8	-468.58224	-740.1009
8	9	-482.6874	-736.01373
8	10	-426.1099	-749.63416
8	11	-437.684	-751.56085
8	12	-434.49857	-753.48157
8	13	-431.66556	-753.996
8	14	-486.35822	-742.8412
8	19	-443.55212	-749.82196
9	1	-430.87665	-658.85754
9	2	-409.14774	-633.4054
9	3	-455.533	-639.81476
9	4	-441.9747	-683.3394
9	5	-463.23834	-686.02856
9	6	-477.92755	-725.73956
9	7	-440.1649	-742.5646
9	8	-468.33514	-739.7269
9	9	-482.6874	-736.01373
9	10	-426.0446	-749.67065
9	11	-437.684	-751.56085
9	12	-434.49857	-753.48157
9	13	-431.66556	-753.996
9	14	-486.35822	-742.8412
9	19	-443.55212	-749.82196
10	1	-430.38895	-657.691
10	2	-409.1347	-633.4237
10	3	-455.58374	-639.9306
10	4	-441.44635	-682.2352
10	5	-463.46292	-686.61
10	6	-478.01624	-725.9317
10	7	-439.92514	-742.6856
10	8	-468.01282	-739.2788
10	9	-482.6874	-736.01373
10	10	-425.96713	-749.7158
10	11	-437.684	-751.56085
10	12	-434.49857	-753.48157
10	13	-431.66556	-753.996
10	14	-486.35822	-742.8412
11	1	-429.91818	-656.54425
11	2	-409.1471	-633.4188
11	3	-455.63022	-640.03186
11	4	-440.91754	-681.132
11	5	-463.69415	-687.19977
11	6	-478.09097	-726.11206
11	7	-439.72873	-742.807
11	8	-467.69263	-738.86774
11	9	-482.6874	-736.01373
11	10	-425.91888	-749.7238
11	11	-437.684	-751.56085
11	12	-434.49857	-753.48157
11	13	-431.66556	-753.996
11	14	-486.35822	-742.8412
12	1	-429.4291	-655.3882
12	2	-409.15173	-633.41156
12	3	-455.6747	-640.14075
12	4	-440.3888	-680.0278
12	5	-463.93365	-687.81305
12	6	-478.1672	-726.27075
12	7	-439.56967	-742.8725
12	8	-467.4403	-738.53827
12	9	-482.6874	-736.01373
12	10	-425.81622	-749.806
12	11	-437.684	-751.56085
12	12	-434.49857	-753.48157
12	13	-431.66556	-753.996
12	14	-486.35822	-742.8412
13	1	-428.953	-654.2234
13	2	-409.16837	-633.40674
13	3	-455.729	-640.2506
13	4	-439.86075	-678.9227
13	5	-464.19354	-688.4489
13	6	-478.2298	-726.40857
13	7	-439.28204	-743.0158
13	8	-467.15958	-738.21674
13	9	-482.6874	-736.01373
13	10	-425.6948	-749.8724
13	11	-437.684	-751.56085
13	12	-434.49857	-753.48157
13	13	-431.66556	-753.996
14	1	-428.49072	-653.08124
14	2	-409.1502	-633.4165
14	3	-455.7792	-640.3745
14	4	-439.33392	-677.81744
14	5	-464.44986	-689.0848
14	6	-478.30292	-726.5492
14	7	-439.2005	-743.0726
14	8	-466.8731	-737.91376
14	9	-482.6874	-736.01373
14	10	-425.60855	-749.9299
14	11	-437.684	-751.56085
14	12	-434.49857	-753.48157
14	13	-431.66556	-753.996
15	1	-428.00998	-651.92004
15	2	-409.1584	-633.4143
15	3	-455.8289	-640.48065
15	4	-438.80753	-676.71405
15	5	-464.71735	-689.729
15	6	-478.41766	-726.768
15	7	-439.03738	-743.15894
15	8	-466.60556	-737.6392
15	9	-482.6874	-736.01373
15	10	-425.46738	-750.04645
15	11	-437.684	-751.56085
16	1	-427.54416	-650.7669
16	2	-409.15314	-633.41833
16	3	-455.88208	-640.5955
16	4	-438.28494	-675.6097
16	5	-464.9999	-690.3765
16	6	-478.41702	-726.8163
16	7	-438.8649	-743.24335
16	8	-466.32056	-737.36273
16	9	-482.6874	-736.01373
16	10	-425.3283	-750.1082
17	1	-427.07697	-649.615
17	2	-409.13556	-633.4191
17	3	-455.94247	-640.6954
17	4	-437.76248	-674.50555
17	5	-465.27765	-691.04865
17	6	-478.4809	-726.933
17	7	-438.6363	-743.3541
17	8	-466.01813	-737.0909
17	9	-482.6874	-736.01373
18	1	-426.59253	-648.4555
18	2	-409.1435	-633.41925
18	3	-455.98447	-640.81366
18	4	-437.24335	-673.4017
18	5	-465.5734	-691.72565
18	6	-478.53146	-727.0242
18	7	-438.42654	-743.4514
18	8	-465.7371	-736.85724
18	9	-482.6874	-736.01373
19	1	-426.11652	-647.27893
19	2	-409.13474	-633.4257
19	3	-456.02277	-640.9168
19	4	-436.7273	-672.3013
19	5	-465.87442	-692.40076
19	6	-478.5895	-727.1336
19	7	-438.2459	-743.53253
19	8	-465.53674	-736.69617
20	1	-425.659	-646.1557
20	2	-409.12976	-633.4227
20	3	-456.09338	-641.0106
20	4	-436.21634	-671.2014
20	5	-466.18933	-693.1001
20	6	-478.60413	-727.1687
20	7	-438.06873	-743.63043
20	8	-465.25378	-736.4815
21	1	-425.17935	-644.972
21	2	-409.12982	-633.42377
21	3	-456.14282	-641.12573
21	4	-435.7076	-670.10187
21	5	-466.50394	-693.8219
21	6	-478.64258	-727.2535
21	7	-437.86917	-743.73425
21	8	-464.9408	-736.24835
22	1	-424.7338	-643.8522
22	2	-409.13104	-633.42633
22	3	-456.19077	-641.23895
22	4	-435.20258	-669.00244
22	5	-466.82092	-694.5093
22	6	-478.66837	-727.2802
22	7	-437.6152	-743.8917
22	8	-464.66696	-736.0635
23	1	-424.26328	-642.69305
23	2	-409.11343	-633.43243
23	3	-456.22888	-641.3506
23	4	-434.70227	-667.9055
23	5	-467.16254	-695.2596
23	6	-478.67758	-727.33777
23	8	-464.38733	-735.8835
24	1	-423.7967	-641.5367
24	2	-409.10687	-633.4316
24	3	-456.28027	-641.4611
24	4	-434.20764	-666.81055
24	5	-467.48483	-696.0057
24	6	-478.71774	-727.3815
24	8	-464.14175	-735.70776
25	1	-423.32178	-640.3816
25	2	-409.10217	-633.4372
25	3	-456.34027	-641.55347
25	4	-433.7161	-665.7178
25	5	-467.82898	-696.7706
25	6	-478.733	-727.42505
25	8	-463.9212	-735.5895
26	1	-422.8681	-639.25
26	2	-409.1013	-633.4288
26	3	-456.38803	-641.6592
26	4	-433.22726	-664.62537
26	5	-468.1729	-697.505
26	6	-478.75073	-727.48883
26	8	-463.80316	-735.51746
27	1	-422.40237	-638.1045
27	2	-409.09946	-633.43317
27	3	-456.44467	-641.76587
27	4	-432.7437	-663.53143
27	5	-468.53043	-698.2778
28	1	-421.93536	-636.96216
28	2	-409.10077	-633.4265
28	3	-456.50656	-641.8683
28	4	-432.31177	-662.54956
28	5	-468.89883	-699.0798
29	1	-421.4731	-635.82825
29	2	-409.08856	-633.43463
29	3	-456.56546	-641.95233
29	4	-431.8337	-661.4604
29	5	-469.25986	-699.8416
30	1	-421.01544	-634.70605
30	2	-409.10507	-633.4314
30	3	-456.61414	-642.0402
30	4	-431.35883	-660.373
30	5	-469.63928	-700.6385
31	1	-420.5646	-633.58453
31	2	-409.10815	-633.43054
31	3	-456.6769	-642.15234
31	4	-430.88925	-659.28516
31	5	-470.01727	-701.4526
32	1	-420.1069	-632.47253
32	2	-409.12076	-633.4276
32	3	-456.70746	-642.2661
32	4	-430.41998	-658.1997
32	5	-470.3973	-702.264
33	1	-419.64767	-631.3536
33	2	-409.1256	-633.42633
33	3	-456.75867	-642.3569
33	4	-429.95425	-657.1129
33	5	-470.78955	-703.0775
34	1	-419.19736	-630.2481
34	2	-409.13818	-633.4243
34	3	-456.816	-642.4678
34	4	-429.4892	-656.02814
34	5	-471.20554	-703.9203
35	1	-418.74173	-629.143
35	2	-409.1494	-633.42035
35	3	-456.87497	-642.5664
35	4	-429.02676	-654.94366
35	5	-471.6141	-704.7627
36	1	-418.28943	-628.04974
36	2	-409.16125	-633.41736
36	3	-456.9374	-642.6732
36	4	-428.56354	-653.858
36	5	-472.03333	-705.6202
37	1	-417.84253	-626.9668
37	2	-409.17462	-633.41376
37	3	-456.98563	-642.76764
37	4	-428.10193	-652.7703
37	5	-472.4704	-706.49713
38	1	-417.39532	-625.8752
38	2	-409.1907	-633.40686
38	3	-457.04037	-642.8878
38	4	-427.6422	-651.68524
38	5	-472.8899	-707.3644
39	1	-416.9395	-624.78674
39	2	-409.20633	-633.4026
39	3	-457.10062	-642.99335
39	4	-427.18457	-650.6026
39	5	-473.3062	-708.229
40	1	-416.49048	-623.70984
40	2	-409.24167	-633.3914
40	3	-457.16443	-643.0786
40	4	-426.72906	-649.5215
40	5	-473.75137	-709.14923
41	1	-416.04825	-622.6482
41	2	-409.26144	-633.3857
41	3	-457.2065	-643.18115
41	4	-426.27557	-648.44025
42	1	-415.60022	-621.5802
42	2	-409.3037	-633.36633
42	4	-425.82196	-647.3612
43	1	-415.15247	-620.5158
43	2	-409.33093	-633.35394
43	3	-457.30295	-643.38275
43	4	-425.37338	-646.28217
44	1	-414.7112	-619.46124
44	2	-409.36856	-633.33716
44	3	-457.35535	-643.47644
44	4	-424.92462	-645.2059
45	1	-414.2694	-618.41486
45	2	-409.40588	-633.31757
45	3	-457.40134	-643.5902
45	4	-424.47833	-644.1304
46	1	-413.82184	-617.3495
46	2	-409.46252	-633.2899
46	3	-457.46585	-643.70374
46	4	-424.03305	-643.0544
47	1	-413.3777	-616.3117
47	2	-409.53192	-633.2602
47	3	-457.51663	-643.8139
47	4	-423.59033	-641.97754
48	1	-412.95374	-615.3
48	2	-409.61063	-633.2233
48	3	-457.57523	-643.9269
48	4	-423.15002	-640.8994
49	1	-412.5099	-614.2678
49	2	-409.6824	-633.18823
49	3	-457.62534	-644.03296
49	4	-422.7097	-639.82
50	1	-412.0658	-613.23083
50	2	-409.78644	-633.1418
50	3	-457.68378	-644.1488
50	4	-422.26935	-638.7359
51	1	-411.63223	-612.233
51	2	-409.8862	-633.088
51	3	-457.72485	-644.2116
51	4	-421.82892	-637.6462
52	1	-411.2015	-611.23315
52	2	-409.984	-633.0383
52	3	-457.76465	-644.31586
52	4	-421.38568	-636.5508
53	1	-410.7516	-610.2042
53	2	-410.09882	-632.9825
53	3	-457.82715	-644.4422
53	4	-420.94095	-635.4487
54	1	-410.3159	-609.1924
54	2	-410.22095	-632.90814
54	3	-457.87817	-644.55347
54	4	-420.49396	-634.3419
55	1	-409.88458	-608.2001
55	2	-410.35144	-632.8515
55	3	-457.92062	-644.66925
55	4	-420.0466	-633.23315
56	1	-409.4445	-607.19714
56	2	-410.48978	-632.77673
56	3	-457.9554	-644.779
56	4	-419.5986	-632.1221
56	15	-388.05392	-562.14435
57	1	-409.01837	-606.222
57	2	-410.6469	-632.6935
57	3	-457.9958	-644.9052
57	4	-419.15063	-631.01074
57	15	-387.62164	-561.312
58	1	-408.59253	-605.25867
58	2	-410.76035	-632.6386
58	3	-458.04117	-645.00995
58	4	-418.70242	-629.90015
58	15	-387.18317	-560.4415
59	1	-408.16193	-604.27435
59	2	-410.9073	-632.55743
59	3	-458.09598	-645.11194
59	4	-418.25476	-628.79395
59	15	-386.77148	-559.557
60	1	-407.72916	-603.29083
60	2	-411.0586	-632.47614
60	3	-458.15466	-645.2075
60	4	-417.81097	-627.695
60	15	-386.3267	-558.67664
61	1	-407.31372	-602.3522
61	2	-411.19257	-632.38745
61	4	-417.36893	-626.59973
61	15	-385.9397	-557.849
62	1	-406.88895	-601.3815
62	2	-411.36096	-632.2955
62	3	-458.24155	-645.4014
62	4	-416.92584	-625.5063
62	15	-385.5597	-557.0457
63	1	-406.46606	-600.43085
63	2	-411.5206	-632.19604
63	3	-458.2845	-645.5141
63	4	-416.483	-624.4191
63	15	-385.16614	-556.2033
64	1	-406.04562	-599.48956
64	2	-411.6973	-632.0837
64	3	-458.34634	-645.6251
64	4	-416.04327	-623.339
64	15	-384.77948	-555.39276
65	1	-405.6178	-598.5435
65	2	-411.87006	-631.9804
65	3	-458.37964	-645.73627
65	4	-415.60538	-622.267
65	15	-384.41183	-554.61176
66	1	-405.19373	-597.59735
66	2	-412.05347	-631.85364
66	3	-458.4429	-645.8513
66	4	-415.167	-621.20325
66	15	-384.04434	-553.8382
67	1	-404.7809	-596.6837
67	2	-412.24713	-631.70776
67	3	-458.48462	-645.9538
67	4	-414.7302	-620.14484
67	15	-383.70615	-553.13025
68	1	-404.3522	-595.74475
68	2	-412.43796	-631.56976
68	3	-458.54977	-646.0612
68	4	-414.29535	-619.0901
68	15	-383.3642	-552.4267
68	16	-377.03378	-551.80493
69	1	-403.93994	-594.8252
69	2	-412.63626	-631.4143
69	3	-458.5907	-646.17267
69	4	-413.85852	-618.0457
69	15	-383.02698	-551.71204
69	16	-376.79016	-551.77966
70	1	-403.51947	-593.9039
70	2	-412.8388	-631.24347
70	3	-458.65207	-646.27795
70	4	-413.42795	-617.0081
70	15	-382.70157	-551.0373
70	16	-376.64227	-551.702
71	1	-403.10382	-592.9977
71	2	-413.0519	-631.0551
71	3	-458.69446	-646.3873
71	4	-412.9932	-615.9799
71	15	-382.3888	-550.3879
71	16	-376.47415	-551.66406
72	1	-402.6823	-592.08405
72	2	-413.25137	-630.85974
72	3	-458.7518	-646.4914
72	4	-412.56006	-614.9554
72	15	-382.07843	-549.7532
72	16	-376.32465	-551.6344
73	1	-402.2756	-591.2055
73	2	-413.4541	-630.63934
73	3	-458.80963	-646.59705
73	4	-412.13052	-613.93463
73	15	-381.79385	-549.1427
73	16	-376.15894	-551.5932
74	1	-401.8595	-590.3011
74	2	-413.67117	-630.3961
74	3	-458.86252	-646.69135
74	4	-411.69537	-612.92316
74	15	-381.52216	-548.5657
74	16	-376.0342	-551.5722
74	17	-366.54254	-552.0413
75	1	-401.4439	-589.4084
75	2	-413.8658	-630.14105
75	3	-458.91174	-646.8223
75	4	-411.26407	-611.92053
75	15	-381.2501	-548.0033
75	16	-375.88486	-551.5555
75	17	-366.64185	-551.8312
76	1	-401.02972	-588.51855
76	2	-414.06277	-629.8708
76	3	-458.97293	-646.8936
76	4	-410.83713	-610.9242
76	15	-380.94705	-547.3989
76	16	-375.72336	-551.56433
76	17	-366.6998	-551.80493
77	1	-400.61404	-587.6409
77	2	-414.26898	-629.57196
77	3	-459.02225	-647.0085
77	4	-410.40674	-609.9386
77	15	-380.6862	-546.8381
77	16	-375.61447	-551.55035
77	17	-366.7559	-551.77795
77	18	-435.16135	-547.33203
78	1	-400.20206	-586.7782
78	2	-414.44632	-629.2719
78	3	-459.08667	-647.1108
78	4	-409.9815	-608.95746
78	15	-380.43805	-546.3698
78	16	-375.42917	-551.52405
78	17	-366.81964	-551.7549
79	1	-399.7863	-585.90643
79	2	-414.633	-628.93646
79	3	-459.14304	-647.23083
79	4	-409.55438	-607.9843
79	15	-380.18042	-545.8139
79	16	-375.29547	-551.5265
79	17	-366.87567	-551.72
80	1	-399.38004	-585.03925
80	2	-414.80438	-628.5962
80	3	-459.2029	-647.33563
80	4	-409.08728	-606.9209
80	15	-379.9373	-545.32605
80	16	-375.15317	-551.53613
80	17	-366.93073	-551.684
80	18	-435.23788	-547.2262
81	1	-398.9663	-584.1734
81	2	-414.96118	-628.2237
81	3	-459.24942	-647.45135
81	4	-408.66302	-605.9638
81	15	-379.70425	-544.8951
81	16	-374.99496	-551.53815
81	17	-366.9832	-551.71185
81	18	-435.251	-547.17773
81	20	-364.11	-544.18024
82	1	-398.56354	-583.3149
82	2	-415.09897	-627.844
82	3	-459.30457	-647.5555
82	4	-408.2411	-605.0127
82	15	-379.5052	-544.44073
82	16	-374.85706	-551.5547
82	17	-367.0296	-551.68176
82	18	-435.2723	-547.1392
82	20	-364.11	-544.18024
83	1	-398.16068	-582.4674
83	2	-415.22955	-627.4273
83	3	-459.3568	-647.6655
83	4	-407.82074	-604.0695
83	15	-379.26865	-543.98724
83	16	-374.70395	-551.5752
83	17	-367.04758	-551.68243
83	18	-435.313	-547.11206
83	20	-364.11	-544.18024
84	1	-397.7569	-581.61255
84	2	-415.35083	-626.9855
84	3	-459.42914	-647.7679
84	4	-407.40063	-603.13336
84	15	-379.06317	-543.5733
84	16	-374.55145	-551.61365
84	17	-367.07172	-551.6469
84	18	-435.30972	-547.0671
84	20	-364.11	-544.18024
85	1	-397.36038	-580.77716
85	2	-415.43436	-626.52716
85	4	-406.98352	-602.206
85	15	-378.87744	-543.1627
85	16	-374.40506	-551.6395
85	17	-367.109	-551.60626
85	18	-435.33167	-547.0279
85	20	-364.11	-544.18024
85	31	-378.0719	-533.6848
86	1	-396.96692	-579.9412
86	2	-415.51498	-626.02783
86	3	-459.49966	-647.96814
86	4	-406.5681	-601.28705
86	15	-378.65234	-542.7397
86	16	-374.24316	-551.7009
86	17	-367.0963	-551.60846
86	18	-435.3695	-547.0055
86	20	-364.11	-544.18024
86	31	-378.0719	-533.6848
87	1	-396.5663	-579.1108
87	2	-415.5576	-625.5311
87	3	-459.55792	-648.09125
87	4	-406.15576	-600.3758
87	15	-378.47946	-542.38214
87	16	-374.09256	-551.75507
87	17	-367.0844	-551.61304
87	18	-435.3779	-546.9848
87	20	-364.11	-544.18024
88	1	-396.1762	-578.27655
88	2	-415.58575	-624.98535
88	3	-459.6176	-648.18744
88	4	-405.74323	-599.47375
88	15	-378.28607	-541.9926
88	16	-373.9332	-551.81586
88	17	-367.09564	-551.60504
88	18	-435.4007	-546.9544
88	20	-364.11	-544.18024
88	32	-456.62305	-542.19055
89	1	-395.78232	-577.4521
89	2	-415.58685	-624.4319
89	3	-459.67236	-648.2928
89	4	-405.3375	-598.58044
89	15	-378.1249	-541.69476
89	16	-373.73453	-551.87976
89	17	-367.11786	-551.6011
89	18	-435.4183	-546.9202
89	20	-364.11	-544.18024
89	31	-378.0719	-533.6848
89	32	-455.99927	-542.7744
90	1	-395.383	-576.6233
90	2	-415.56046	-623.9089
90	3	-459.72702	-648.4154
90	4	-404.93152	-597.6966
90	15	-377.95154	-541.3197
90	16	-373.564	-551.9524
90	17	-367.13147	-551.59845
90	18	-435.43988	-546.8822
90	20	-364.11	-544.18024
90	32	-455.36636	-543.27783
90	34	-409.32013	-520.8641
