0	1	406.414	2990.3225
0	2	424.53174	2996.0686
0	6	444.0612	2980.8267
0	8	471.05484	3012.881
0	9	385.79385	2991.1125
0	10	453.93005	2929.7466
0	11	479.52267	2947.8013
0	12	415.2695	3037.361
0	13	482.24902	2947.854
0	14	484.95978	2947.8804
0	15	427.52182	3044.1316
0	16	374.0286	2953.0525
0	17	487.47528	2948.4756
0	20	481.37656	2935.5273
0	23	495.3953	2948.6792
0	25	433.3575	3054.1787
0	26	498.59628	2949.0256
1	1	405.88962	2990.3223
1	2	424.52646	2996.0208
1	6	442.78125	2980.7805
1	7	385.2021	2994.711
1	8	471.05484	3012.881
1	9	385.32812	2991.303
1	10	453.93005	2929.7466
1	11	479.52267	2947.8013
1	12	415.2695	3037.361
1	13	482.24902	2947.854
1	14	484.95978	2947.8804
1	15	427.52182	3044.1316
1	16	374.00598	2953.0437
1	17	487.47528	2948.4756
1	19	415.52277	3044.964
1	20	481.37656	2935.5273
1	23	495.3953	2948.6792
1	25	433.3575	3054.1787
1	26	498.59628	2949.0256
2	1	405.41275	2990.3174
2	2	424.52173	2995.9998
2	3	517.71796	2984.5813
2	6	441.50888	2980.7417
2	7	385.19632	2994.6868
2	8	471.05484	3012.881
2	9	384.79727	2991.534
2	10	453.93005	2929.7466
2	11	479.52267	2947.8013
2	12	415.2695	3037.361
2	13	482.24902	2947.854
2	14	484.95978	2947.8804
2	15	427.52182	3044.1316
2	16	374.01245	2953.0261
2	17	487.47528	2948.4756
2	19	415.52277	3044.964
2	20	481.37656	2935.5273
2	21	373.6996	2945.154
2	23	495.3953	2948.6792
2	25	433.3575	3054.1787
2	26	498.59628	2949.0256
3	1	404.9322	2990.31
3	2	424.52112	2995.9739
3	3	516.1971	2984.615
3	4	370.1501	2953.9438
3	6	440.2426	2980.7056
3	7	385.18137	2994.6692
3	8	471.05484	3012.881
3	9	384.27774	2991.7974
3	10	453.93005	2929.7466
3	11	479.52267	2947.8013
3	12	415.2695	3037.361
3	13	482.24902	2947.854
3	14	484.95978	2947.8804
3	15	427.52182	3044.1316
3	16	374.00748	2953.04
3	17	487.47528	2948.4756
3	19	415.52277	3044.964
3	20	481.37656	2935.5273
3	21	373.70325	2945.1458
3	23	495.3953	2948.6792
3	25	433.3575	3054.1787
3	26	498.59628	2949.0256
4	1	404.4651	2990.305
4	2	424.51602	2995.955
4	3	514.7667	2984.546
4	4	370.15918	2953.949
4	5	368.22845	3007.4866
4	6	438.98584	2980.675
4	7	385.20258	2994.6733
4	8	471.05484	3012.881
4	9	383.7447	2992.1018
4	10	453.93005	2929.7466
4	11	479.52267	2947.8013
4	12	415.2695	3037.361
4	13	482.24902	2947.854
4	14	484.95978	2947.8804
4	15	427.52182	3044.1316
4	16	374.01358	2953.049
4	17	487.47528	2948.4756
4	19	415.52277	3044.964
4	20	481.37656	2935.5273
4	21	373.69247	2945.1858
4	23	495.3953	2948.6792
4	25	433.3575	3054.1787
4	26	498.59628	2949.0256
5	1	404.01617	2990.302
5	2	424.5106	2995.9343
5	3	513.2913	2984.4795
5	4	370.16376	2953.955
5	5	368.2242	3007.4622
5	6	437.74048	2980.6497
5	7	385.20605	2994.6707
5	8	471.05484	3012.881
5	9	383.26578	2992.4006
5	10	453.93005	2929.7466
5	11	479.52267	2947.8013
5	12	415.2695	3037.361
5	13	482.24902	2947.854
5	14	484.95978	2947.8804
5	15	427.52182	3044.1316
5	16	374.01428	2953.0437
5	17	487.47528	2948.4756
5	18	437.53854	2915.3953
5	19	415.52277	3044.964
5	20	481.37656	2935.5273
5	21	373.67062	2945.1877
5	23	495.3953	2948.6792
5	25	433.3575	3054.1787
5	26	498.59628	2949.0256
6	1	403.5661	2990.2974
6	2	424.5094	2995.921
6	3	511.9533	2984.4424
6	4	370.16348	2953.992
6	5	368.23322	3007.4573
6	6	436.50607	2980.6267
6	7	385.2039	2994.663
6	8	471.05484	3012.881
6	9	382.81146	2992.731
6	10	453.93005	2929.7466
6	11	479.52267	2947.8013
6	12	415.2695	3037.361
6	13	482.24902	2947.854
6	14	484.95978	2947.8804
6	15	427.52182	3044.1316
6	16	374.0115	2953.0317
6	17	487.47528	2948.4756
6	18	437.55475	2915.5854
6	19	415.52277	3044.964
6	20	481.37656	2935.5273
6	21	373.67377	2945.1682
6	22	369.7509	2945.6895
6	23	495.3953	2948.6792
6	24	365.1166	3007.7395
6	25	433.3575	3054.1787
6	26	498.59628	2949.0256
7	1	403.1309	2990.2913
7	2	424.51105	2995.914
7	3	511.0989	2984.424
7	4	370.1643	2954.0076
7	5	368.23013	3007.4365
7	6	435.28278	2980.6062
7	7	385.2168	2994.6582
7	8	471.05484	3012.881
7	9	382.3185	2993.0708
7	10	453.93005	2929.7466
7	11	479.52267	2947.8013
7	12	415.2695	3037.361
7	13	482.24902	2947.854
7	14	484.95978	2947.8804
7	15	427.52182	3044.1316
7	16	374.01398	2953.042
7	17	487.47528	2948.4756
7	18	436.41516	2914.4705
7	19	415.52277	3044.964
7	20	481.37656	2935.5273
7	21	373.66553	2945.2263
7	22	369.7574	2945.7285
7	23	495.3953	2948.6792
7	24	365.097	3007.4917
7	25	433.3575	3054.1787
7	26	498.59628	2949.0256
8	1	402.68213	2990.2825
8	2	424.50494	2995.91
8	3	509.83835	2984.3328
8	4	370.16302	2954.0264
8	5	368.2264	3007.4333
8	6	434.06943	2980.589
8	7	385.21384	2994.664
8	8	471.05484	3012.881
8	9	381.88507	2993.484
8	10	453.93005	2929.7466
8	11	479.52267	2947.8013
8	12	415.2695	3037.361
8	13	482.24902	2947.854
8	14	484.95978	2947.8804
8	15	427.52182	3044.1316
8	16	374.00595	2953.0532
8	17	487.47528	2948.4756
8	18	436.39096	2914.4988
8	19	415.52277	3044.964
8	20	481.37656	2935.5273
8	21	373.66684	2945.206
8	22	369.75476	2945.7146
8	23	495.3953	2948.6792
8	24	365.1116	3007.504
8	25	433.3575	3054.1787
8	26	498.59628	2949.0256
9	1	402.26343	2990.2808
9	2	424.4997	2995.9229
9	3	508.53564	2984.2961
9	4	370.15848	2954.033
9	5	368.22977	3007.4077
9	6	432.87097	2980.573
9	7	385.20493	2994.6614
9	8	471.05484	3012.881
9	9	381.45023	2993.917
9	10	453.93005	2929.7466
9	11	479.52267	2947.8013
9	12	415.2695	3037.361
9	13	482.24902	2947.854
9	14	484.95978	2947.8804
9	15	427.52182	3044.1316
9	16	374.00732	2953.0583
9	17	487.47528	2948.4756
9	18	436.38644	2914.4167
9	19	415.52277	3044.964
9	20	481.37656	2935.5273
9	21	373.66724	2945.2075
9	22	369.76068	2945.7048
9	23	495.3953	2948.6792
9	24	365.11542	3007.498
9	25	433.3575	3054.1787
9	26	498.59628	2949.0256
10	1	401.84604	2990.2761
10	2	424.50095	2995.9177
10	3	506.85837	2984.23
10	4	370.15253	2954.035
10	5	368.22845	3007.4324
10	6	431.68604	2980.558
10	7	385.22153	2994.6448
10	8	471.05484	3012.881
10	9	380.97745	2994.3208
10	10	453.93005	2929.7466
10	11	479.52267	2947.8013
10	12	415.2695	3037.361
10	13	482.24902	2947.854
10	14	484.95978	2947.8804
10	15	427.52182	3044.1316
10	16	374.01138	2953.078
10	17	487.47528	2948.4756
10	18	436.34482	2914.3845
10	19	415.52277	3044.964
10	20	481.37656	2935.5273
10	21	373.66968	2945.2493
10	22	369.76724	2945.7188
10	23	495.3953	2948.6792
10	24	365.1365	3007.4766
10	25	433.3575	3054.1787
10	26	498.59628	2949.0256
11	1	401.42438	2990.2722
11	2	424.49542	2995.9302
11	3	504.72946	2984.192
11	4	370.1499	2954.07
11	5	368.22192	3007.457
11	6	430.5147	2980.5461
11	7	385.2115	2994.6482
11	8	471.05484	3012.881
11	9	380.55984	2994.8215
11	10	453.93005	2929.7466
11	11	479.52267	2947.8013
11	12	415.2695	3037.361
11	13	482.24902	2947.854
11	14	484.95978	2947.8804
11	15	427.52182	3044.1316
11	16	374.00272	2953.0981
11	17	487.47528	2948.4756
11	18	436.36157	2914.3674
11	19	415.52277	3044.964
11	20	481.37656	2935.5273
11	21	373.66592	2945.2534
11	22	369.75842	2945.705
11	23	495.3953	2948.6792
11	24	365.1565	3007.4714
11	25	433.3575	3054.1787
11	26	498.59628	2949.0256
11	42	446.6704	2914.5505
12	1	401.0067	2990.268
12	2	424.50085	2995.922
12	3	502.9714	2984.1096
12	4	370.14496	2954.0696
12	5	368.22308	3007.4473
12	6	429.35617	2980.5342
12	7	385.2225	2994.6487
12	8	471.05484	3012.881
12	9	380.17297	2995.31
12	10	453.93005	2929.7466
12	11	479.52267	2947.8013
12	12	415.2695	3037.361
12	13	482.24902	2947.854
12	14	484.95978	2947.8804
12	15	427.52182	3044.1316
12	16	374.0087	2953.078
12	17	487.47528	2948.4756
12	18	436.35437	2914.3533
12	19	415.52277	3044.964
12	20	481.37656	2935.5273
12	21	373.66946	2945.3064
12	22	369.75577	2945.6814
12	23	495.3953	2948.6792
12	24	365.15613	3007.4783
12	25	433.3575	3054.1787
12	26	498.59628	2949.0256
12	27	358.58585	3003.308
12	42	446.6704	2914.5505
13	1	400.58078	2990.2632
13	2	424.49512	2995.923
13	3	501.46252	2984.0466
13	4	370.13864	2954.0737
13	5	368.23517	3007.4167
13	6	428.2129	2980.5251
13	7	385.20602	2994.6418
13	8	471.05484	3012.881
13	9	379.80255	2995.8635
13	11	479.52267	2947.8013
13	12	415.2695	3037.361
13	13	482.24902	2947.854
13	14	484.95978	2947.8804
13	15	427.52182	3044.1316
13	16	374.00635	2953.0771
13	17	487.47528	2948.4756
13	18	436.3577	2914.3516
13	19	415.52277	3044.964
13	20	481.37656	2935.5273
13	21	373.66452	2945.3318
13	22	369.74857	2945.7388
13	23	495.3953	2948.6792
13	24	365.11157	3007.5212
13	25	433.3575	3054.1787
13	27	358.55942	3003.27
13	42	446.6704	2914.5505
14	1	400.21497	2990.257
14	2	424.49985	2995.916
14	3	500.0256	2983.9827
14	4	370.13696	2954.0896
14	5	368.23462	3007.423
14	6	427.08563	2980.516
14	7	385.21585	2994.636
14	8	471.05484	3012.881
14	9	379.45908	2996.44
14	11	479.52267	2947.8013
14	12	415.2695	3037.361
14	13	482.24902	2947.854
14	14	484.95978	2947.8804
14	15	427.52182	3044.1316
14	16	374.01	2953.0835
14	17	487.47528	2948.4756
14	18	436.35596	2914.3696
14	19	415.52277	3044.964
14	20	481.37656	2935.5273
14	21	373.6578	2945.2886
14	22	369.74997	2945.7305
14	23	495.3953	2948.6792
14	24	365.11328	3007.5503
14	25	433.3575	3054.1787
14	42	446.6704	2914.5505
15	1	399.81198	2990.2522
15	2	424.49548	2995.9146
15	3	498.61914	2983.9167
15	4	370.12994	2954.1548
15	5	368.22775	3007.393
15	6	425.97552	2980.5078
15	7	385.21677	2994.6384
15	8	471.05484	3012.881
15	9	379.12274	2997.037
15	11	479.52267	2947.8013
15	12	415.2695	3037.361
15	13	482.24902	2947.854
15	14	484.95978	2947.8804
15	15	427.52182	3044.1316
15	16	374.0091	2953.0786
15	17	487.47528	2948.4756
15	18	436.35986	2914.3862
15	19	415.52277	3044.964
15	20	481.37656	2935.5273
15	21	373.6495	2945.3508
15	22	369.7512	2945.7532
15	23	495.3953	2948.6792
15	24	365.0886	3007.5383
15	25	433.3575	3054.1787
15	27	358.625	3003.4497
15	42	446.6704	2914.5505
16	1	399.44702	2990.2473
16	2	424.50198	2995.9211
16	3	497.19785	2983.8623
16	4	370.1196	2954.201
16	5	368.22983	3007.3862
16	6	424.88217	2980.5007
16	7	385.21027	2994.6248
16	8	471.05484	3012.881
16	9	378.83536	2997.6475
16	11	479.52267	2947.8013
16	12	415.2695	3037.361
16	13	482.24902	2947.854
16	14	484.95978	2947.8804
16	15	427.52182	3044.1316
16	16	373.9988	2953.075
16	17	487.47528	2948.4756
16	18	436.3612	2914.3704
16	19	415.52277	3044.964
16	20	481.37656	2935.5273
16	21	373.65665	2945.3337
16	22	369.74667	2945.7136
16	24	365.09888	3007.582
16	25	433.3575	3054.1787
16	27	358.61285	3003.407
16	42	446.6704	2914.5505
17	1	399.0881	2990.246
17	2	424.49707	2995.9285
17	3	495.77185	2983.8093
17	4	370.11917	2954.2935
17	5	368.22775	3007.361
17	6	423.80777	2980.495
17	7	385.1972	2994.6357
17	8	471.05484	3012.881
17	9	378.57394	2998.2507
17	11	479.52267	2947.8013
17	12	415.2695	3037.361
17	13	482.24902	2947.854
17	14	484.95978	2947.8804
17	15	427.52182	3044.1316
17	16	374.00464	2953.0789
17	17	487.47528	2948.4756
17	19	415.52277	3044.964
17	20	481.37656	2935.5273
17	21	373.64856	2945.3408
17	22	369.75497	2945.7502
17	24	365.08514	3007.619
17	25	433.3575	3054.1787
17	27	358.64313	3003.3494
17	42	446.6704	2914.5505
18	1	398.72952	2990.2383
18	2	424.5013	2995.9138
18	3	494.37823	2983.767
18	4	370.117	2954.3755
18	5	368.2307	3007.3357
18	6	422.75034	2980.4893
18	7	385.19565	2994.629
18	8	471.05484	3012.881
18	9	378.3326	2998.9465
18	11	479.52267	2947.8013
18	12	415.2695	3037.361
18	13	482.24902	2947.854
18	14	484.95978	2947.8804
18	15	427.52182	3044.1316
18	16	374.00995	2953.079
18	17	487.47528	2948.4756
18	19	415.52277	3044.964
18	20	481.37656	2935.5273
18	21	373.65027	2945.3389
18	22	369.7515	2945.755
18	24	365.0802	3007.614
18	25	433.3575	3054.1787
18	27	358.65622	3003.202
18	42	446.6704	2914.5505
19	1	398.3945	2990.2307
19	2	424.49744	2995.9197
19	3	493.00525	2983.7026
19	4	370.0985	2954.443
19	5	368.22922	3007.303
19	6	421.7128	2980.4846
19	7	385.1948	2994.6213
19	8	471.05484	3012.881
19	9	378.10428	2999.6523
19	11	479.52267	2947.8013
19	12	415.2695	3037.361
19	13	482.24902	2947.854
19	14	484.95978	2947.8804
19	15	427.52182	3044.1316
19	16	374.00577	2953.07
19	17	487.47528	2948.4756
19	18	436.3449	2914.3154
19	19	415.52277	3044.964
19	20	481.37656	2935.5273
19	21	373.64792	2945.3606
19	22	369.75232	2945.7664
19	24	365.10486	3007.526
19	25	433.3575	3054.1787
19	27	358.66376	3003.095
19	42	446.6704	2914.5505
20	1	398.0692	2990.2227
20	2	424.4907	2995.9353
20	3	491.61404	2983.6401
20	4	370.08466	2954.5889
20	5	368.2205	3007.3235
20	6	420.69424	2980.481
20	7	385.20212	2994.6218
20	8	471.05484	3012.881
20	9	377.90366	3000.357
20	11	479.52267	2947.8013
20	12	415.2695	3037.361
20	13	482.24902	2947.854
20	15	427.52182	3044.1316
20	16	374.00885	2953.0789
20	17	487.47528	2948.4756
20	18	436.33365	2914.323
20	19	415.52277	3044.964
20	20	481.37656	2935.5273
20	21	373.65292	2945.3508
20	22	369.75833	2945.7878
20	25	433.3575	3054.1787
20	27	358.67838	3003.0234
20	42	446.6704	2914.5505
21	1	397.7627	2990.2214
21	2	424.4953	2995.948
21	3	490.27454	2983.5854
21	4	370.08047	2954.742
21	5	368.20706	3007.2722
21	6	419.69662	2980.4773
21	7	385.18472	2994.6318
21	8	471.05484	3012.881
21	9	377.69934	3001.1235
21	11	479.52267	2947.8013
21	12	415.2695	3037.361
21	13	482.24902	2947.854
21	15	427.52182	3044.1316
21	16	374.0101	2953.094
21	17	487.47528	2948.4756
21	18	436.32574	2914.3774
21	19	415.52277	3044.964
21	20	481.37656	2935.5273
21	21	373.6444	2945.3525
21	22	369.75128	2945.8457
21	24	365.12665	3007.5896
21	25	433.3575	3054.1787
21	27	358.6824	3002.895
21	33	453.885	2929.7312
21	42	446.6704	2914.5505
22	1	397.45334	2990.2173
22	2	424.49576	2995.942
22	3	488.87946	2983.528
22	4	370.08456	2954.9236
22	5	368.24945	3006.9204
22	6	418.71747	2980.474
22	7	385.17896	2994.6206
22	8	471.05484	3012.881
22	9	377.49533	3001.8977
22	11	479.52267	2947.8013
22	12	415.2695	3037.361
22	13	482.24902	2947.854
22	15	427.52182	3044.1316
22	16	374.0145	2953.0862
22	17	487.47528	2948.4756
22	19	415.52277	3044.964
22	21	373.64655	2945.3508
22	22	369.73846	2945.825
22	24	365.1213	3007.5396
22	25	433.3575	3054.1787
22	27	358.69025	3002.824
22	33	453.885	2929.7312
22	35	436.328	2914.3508
22	42	446.6704	2914.5505
23	1	397.16803	2990.2087
23	2	424.49356	2995.9495
23	3	487.5508	2983.4663
23	4	370.07495	2955.1064
23	6	417.75772	2980.4717
23	7	385.18472	2994.6187
23	8	471.05484	3012.881
23	9	377.3272	3002.7214
23	11	479.52267	2947.8013
23	13	482.24902	2947.854
23	15	427.52182	3044.1316
23	16	374.0096	2953.0876
23	17	487.47528	2948.4756
23	19	415.52277	3044.964
23	21	373.64	2945.3438
23	22	369.74112	2945.8792
23	24	365.1239	3007.605
23	25	433.3575	3054.1787
23	27	358.6879	3002.7493
23	28	342.3728	2975.1265
23	33	453.885	2929.7312
23	35	436.328	2914.3508
23	42	446.6704	2914.5505
24	1	396.8851	2990.2087
24	2	424.48752	2995.951
24	3	486.1954	2983.3975
24	4	370.06982	2955.3218
24	5	368.21634	3006.839
24	6	416.8169	2980.4685
24	7	385.18726	2994.6206
24	8	471.05484	3012.881
24	9	377.18	3003.5183
24	11	479.52267	2947.8013
24	13	482.24902	2947.854
24	15	427.52182	3044.1316
24	16	374.016	2953.0945
24	21	373.64462	2945.36
24	22	369.73535	2945.9153
24	24	365.11432	3007.6182
24	25	433.3575	3054.1787
24	27	358.6641	3002.7166
24	28	342.7698	2975.1248
24	33	453.885	2929.7312
24	42	446.6704	2914.5505
24	45	358.69986	3008.5881
25	1	396.62982	2990.205
25	2	424.48834	2995.9458
25	3	484.83563	2983.348
25	4	370.07358	2955.624
25	5	368.2277	3006.6538
25	6	415.89758	2980.4663
25	7	385.1836	2994.6265
25	8	471.05484	3012.881
25	9	377.04547	3004.3281
25	11	479.52267	2947.8013
25	12	415.2695	3037.361
25	13	482.24902	2947.854
25	15	427.52182	3044.1316
25	16	374.00162	2953.0754
25	21	373.6361	2945.3647
25	22	369.74387	2946.0034
25	24	365.1091	3007.656
25	25	433.3575	3054.1787
25	27	358.65292	3002.6643
25	28	342.91574	2975.1328
25	33	453.885	2929.7312
25	42	446.6704	2914.5505
25	45	358.69986	3008.5881
26	1	396.38376	2990.1997
26	2	424.49527	2995.955
26	3	483.45453	2983.2686
26	4	370.07617	2955.9167
26	5	368.23477	3006.4753
26	6	414.9993	2980.4639
26	7	385.1872	2994.6326
26	8	471.05484	3012.881
26	9	376.91296	3005.1907
26	11	479.52267	2947.8013
26	12	415.2695	3037.361
26	13	482.24902	2947.854
26	15	427.52182	3044.1316
26	16	374.00345	2953.0852
26	21	373.63547	2945.3667
26	22	369.73117	2946.0835
26	24	365.11588	3007.6365
26	25	433.3575	3054.1787
26	27	358.66107	3002.6306
26	28	343.28305	2975.0957
26	33	453.885	2929.7312
26	42	446.6704	2914.5505
26	45	358.69986	3008.5881
27	1	396.14124	2990.1963
27	2	424.4908	2995.9504
27	3	482.14044	2983.2136
27	4	370.07483	2956.2769
27	5	368.24335	3006.2722
27	6	414.121	2980.4614
27	7	385.19202	2994.6365
27	8	471.05484	3012.881
27	9	376.83356	3006.0288
27	11	479.52267	2947.8013
27	12	415.2695	3037.361
27	13	482.24902	2947.854
27	15	427.52182	3044.1316
27	16	374.00726	2953.095
27	21	373.63428	2945.3833
27	22	369.7433	2946.2014
27	24	365.10577	3007.6387
27	27	358.66406	3002.579
27	28	343.53415	2975.0886
27	33	453.885	2929.7312
27	42	446.6704	2914.5505
27	45	358.69986	3008.5881
28	1	395.9126	2990.1921
28	2	424.49005	2995.9304
28	3	480.7831	2983.1577
28	4	370.0716	2956.624
28	5	368.25464	3006.0325
28	6	413.26382	2980.4597
28	7	385.18573	2994.6362
28	8	471.05484	3012.881
28	9	376.7594	3006.8877
28	11	479.52267	2947.8013
28	13	482.24902	2947.854
28	15	427.52182	3044.1316
28	16	373.9992	2953.102
28	21	373.62668	2945.382
28	22	369.73978	2946.3167
28	24	365.12082	3007.6033
28	27	358.65393	3002.5642
28	28	343.76608	2975.0852
28	33	453.885	2929.7312
28	35	436.328	2914.3508
28	42	446.6704	2914.5505
28	45	358.69986	3008.5881
29	1	395.71487	2990.1887
29	2	424.484	2995.9412
29	3	479.45166	2983.111
29	4	370.06818	2957.0017
29	5	368.2605	3005.7686
29	6	412.42728	2980.4583
29	7	385.18262	2994.6357
29	8	471.05484	3012.881
29	9	376.73004	3007.8018
29	11	479.52267	2947.8013
29	15	427.52182	3044.1316
29	16	374.00168	2953.0903
29	21	373.62244	2945.429
29	22	369.73834	2946.392
29	24	365.11765	3007.567
29	27	358.6663	3002.5466
29	28	343.90698	2975.1003
29	33	453.885	2929.7312
29	35	436.328	2914.3508
29	45	358.69986	3008.5881
30	1	395.5109	2990.1853
30	2	424.48727	2995.9285
30	3	478.16144	2983.0422
30	4	370.06107	2957.4004
30	5	368.25894	3005.4607
30	6	411.61194	2980.4563
30	7	385.19174	2994.6108
30	8	471.05484	3012.881
30	9	376.64062	3008.7385
30	11	479.52267	2947.8013
30	15	427.52182	3044.1316
30	16	373.99823	2953.0928
30	21	373.6226	2945.4722
30	22	369.73752	2946.527
30	24	365.11243	3007.5605
30	27	358.66342	3002.523
30	28	344.12173	2975.1274
30	33	453.885	2929.7312
30	35	436.328	2914.3508
30	39	358.28046	3021.0764
30	42	446.6704	2914.5505
30	45	358.69986	3008.5881
31	1	395.3117	2990.1836
31	2	424.48553	2995.9353
31	3	476.88864	2982.9805
31	4	370.04984	2957.8406
31	5	368.27032	3005.151
31	6	410.81708	2980.4558
31	7	385.19534	2994.6265
31	8	471.05484	3012.881
31	9	376.64807	3009.6838
31	11	479.52267	2947.8013
31	16	373.99673	2953.097
31	21	373.6144	2945.5176
31	22	369.73987	2946.6616
31	24	365.12897	3007.5422
31	27	358.66693	3002.513
31	28	344.39688	2975.1025
31	33	453.885	2929.7312
31	35	436.328	2914.3508
31	39	358.29593	3020.87
31	45	358.69986	3008.5881
32	1	395.15207	2990.178
32	2	424.48447	2995.9443
32	3	475.60184	2982.922
32	4	370.03317	2958.2983
32	5	368.27252	3004.8218
32	6	410.04327	2980.4548
32	7	385.19052	2994.6243
32	8	471.05484	3012.881
32	9	376.7687	3010.6294
32	11	479.52267	2947.8013
32	16	373.9959	2953.1062
32	21	373.61795	2945.578
32	22	369.72836	2946.8447
32	24	365.13235	3007.5356
32	27	358.66125	3002.497
32	28	344.60236	2975.106
32	33	453.885	2929.7312
32	35	436.328	2914.3508
32	39	358.3139	3020.6997
32	45	358.69986	3008.5881
33	1	394.99036	2990.1785
33	2	424.4797	2995.9434
33	3	474.29916	2982.8638
33	4	370.00528	2958.763
33	5	368.27576	3004.4766
33	6	409.29102	2980.4539
33	7	385.1864	2994.6316
33	8	471.05484	3012.881
33	15	427.52182	3044.1316
33	16	373.9929	2953.0994
33	21	373.61523	2945.6304
33	22	369.73468	2947.1165
33	24	365.12106	3007.515
33	27	358.65833	3002.4985
33	28	344.70148	2975.1262
33	29	368.5858	3015.6401
33	33	453.885	2929.7312
33	35	436.328	2914.3508
33	37	361.54758	3020.4644
33	39	358.30994	3020.548
33	43	415.14713	3037.398
33	45	358.69986	3008.5881
34	1	394.83316	2990.1733
34	2	424.4806	2995.9465
34	3	473.02963	2982.8142
34	4	369.98953	2959.2803
34	5	368.27936	3004.1208
34	6	408.55927	2980.4536
34	7	385.18744	2994.6343
34	8	471.05484	3012.881
34	15	427.52182	3044.1316
34	16	373.98914	2953.1028
34	21	373.62772	2945.6658
34	22	369.72656	2947.3477
34	24	365.11078	3007.5425
34	27	358.6536	3002.4917
34	28	344.95538	2975.1206
34	29	368.5477	3015.4993
34	33	453.885	2929.7312
34	35	436.328	2914.3508
34	37	361.57736	3019.8782
34	39	358.30676	3020.3904
34	43	415.14713	3037.398
34	45	358.69986	3008.5881
35	1	394.68634	2990.1738
35	2	424.4744	2995.946
35	3	471.77612	2982.745
35	4	369.95923	2959.774
35	5	368.2868	3003.7039
35	6	407.84827	2980.4531
35	7	385.18262	2994.6384
35	8	471.05484	3012.881
35	15	427.52182	3044.1316
35	16	373.99103	2953.0964
35	21	373.62036	2945.6924
35	22	369.74445	2947.6692
35	24	365.12085	3007.5474
35	27	358.6498	3002.5156
35	28	345.13815	2975.1013
35	29	368.54398	3015.3638
35	33	453.885	2929.7312
35	35	436.328	2914.3508
35	37	361.5868	3019.3286
35	39	358.31702	3020.2007
35	43	415.14713	3037.398
36	1	394.54495	2990.1753
36	2	424.4778	2995.9539
36	3	470.55032	2982.6973
36	4	369.92538	2960.327
36	5	368.2971	3003.275
36	6	407.15848	2980.453
36	7	385.18118	2994.6345
36	8	471.05484	3012.881
36	16	373.99005	2953.0957
36	21	373.6216	2945.7249
36	22	369.74063	2948.0752
36	24	365.12552	3007.5208
36	27	358.64868	3002.5398
36	28	345.2907	2975.0996
36	29	368.52914	3015.2424
36	33	453.885	2929.7312
36	35	436.328	2914.3508
36	37	361.60287	3018.7107
36	39	358.3279	3020.0312
36	43	415.14713	3037.398
37	1	394.4127	2990.1658
37	2	424.47485	2995.9514
37	3	469.3073	2982.6328
37	4	369.88525	2960.8875
37	5	368.31036	3002.8547
37	6	406.48938	2980.452
37	7	385.1796	2994.6333
37	8	471.05484	3012.881
37	16	373.9942	2953.1013
37	21	373.62396	2945.7341
37	22	369.74118	2948.4734
37	24	365.1316	3007.5369
37	27	358.65076	3002.5745
37	28	345.42856	2975.0898
37	29	368.51688	3015.0422
37	33	453.885	2929.7312
37	35	436.328	2914.3508
37	37	361.63214	3018.1812
37	39	358.3246	3019.8694
37	43	415.14713	3037.398
38	1	394.29294	2990.1653
38	2	424.4724	2995.9558
38	3	468.2145	2982.589
38	4	369.83405	2961.4634
38	5	368.32803	3002.4023
38	6	405.84042	2980.4531
38	7	385.17462	2994.6318
38	8	471.05484	3012.881
38	16	373.98724	2953.0952
38	21	373.62653	2945.7239
38	22	369.724	2948.7988
38	24	365.12436	3007.5437
38	27	358.65063	3002.5674
38	28	345.57922	2975.0989
38	29	368.5162	3014.8474
38	33	453.885	2929.7312
38	35	436.328	2914.3508
38	37	361.63287	3017.688
38	39	358.32074	3019.7048
38	43	415.14713	3037.398
39	1	394.18	2990.1614
39	2	424.4719	2995.9458
39	3	467.31265	2982.5205
39	4	369.7677	2962.0793
39	5	368.34387	3001.9504
39	6	405.21164	2980.4526
39	7	385.182	2994.6326
39	8	471.05484	3012.881
39	16	373.98587	2953.0889
39	21	373.63165	2945.7522
39	22	369.71558	2949.1655
39	24	365.12628	3007.5518
39	27	358.64734	3002.562
39	28	345.69562	2975.0916
39	29	368.51138	3014.6506
39	33	453.885	2929.7312
39	35	436.328	2914.3508
39	37	361.6428	3017.1465
39	39	358.31494	3019.568
39	43	415.14713	3037.398
40	1	394.0705	2990.1614
40	2	424.47165	2995.9448
40	3	466.36157	2982.4707
40	4	369.69098	2962.6892
40	5	368.36816	3001.4636
40	6	404.6029	2980.4526
40	7	385.18314	2994.6296
40	8	471.05484	3012.881
40	16	373.9877	2953.092
40	21	373.63242	2945.7375
40	22	369.7223	2949.5625
40	24	365.1346	3007.5767
40	27	358.64902	3002.552
40	28	345.8063	2975.0908
40	29	368.50787	3014.4312
40	30	427.49622	3044.149
40	33	453.885	2929.7312
40	35	436.328	2914.3508
40	37	361.65967	3016.6172
40	39	358.3102	3019.404
40	43	415.14713	3037.398
41	1	393.97214	2990.1565
41	2	424.47043	2995.9375
41	3	465.6474	2982.4353
41	4	369.60846	2963.302
41	5	368.4013	3000.9639
41	6	404.0128	2980.4534
41	7	385.18085	2994.6294
41	8	471.05484	3012.881
41	16	373.98444	2953.0994
41	21	373.63376	2945.7373
41	22	369.73053	2949.9648
41	24	365.13022	3007.6028
41	27	358.6494	3002.5764
41	28	345.8869	2975.1025
41	29	368.49973	3014.1665
41	30	427.49622	3044.149
41	33	453.885	2929.7312
41	35	436.328	2914.3508
41	37	361.67413	3016.1172
41	39	358.3189	3019.2014
41	43	415.14713	3037.398
42	1	393.88065	2990.1536
42	2	424.4713	2995.9434
42	3	463.86716	2982.329
42	4	369.50317	2963.921
42	5	368.44235	3000.4485
42	6	403.4412	2980.453
42	7	385.17566	2994.6162
42	8	471.05484	3012.881
42	16	373.9852	2953.1038
42	21	373.63498	2945.7385
42	22	369.72534	2950.367
42	24	365.12296	3007.5796
42	27	358.6493	3002.578
42	28	345.9449	2975.107
42	29	368.49255	3013.9104
42	30	427.49622	3044.149
42	32	358.5701	3032.31
42	33	453.885	2929.7312
42	35	436.328	2914.3508
42	37	361.67896	3015.6602
42	39	358.31705	3019.0515
42	43	415.14713	3037.398
43	1	393.79443	2990.1494
43	2	424.47156	2995.9482
43	3	462.6519	2982.2634
43	4	369.38406	2964.5654
43	5	368.50015	2999.8936
43	6	402.88852	2980.4543
43	7	385.18167	2994.6187
43	8	471.05484	3012.881
43	16	373.98734	2953.101
43	21	373.63458	2945.7522
43	22	369.73074	2950.7874
43	24	365.12582	3007.5645
43	27	358.65607	3002.5757
43	28	346.06876	2975.1125
43	29	368.4849	3013.6394
43	30	427.49622	3044.149
43	32	358.61642	3032.1804
43	33	453.885	2929.7312
43	35	436.328	2914.3508
43	37	361.68677	3015.2188
43	38	358.7243	3008.3577
43	39	358.30374	3018.88
43	43	415.14713	3037.398
44	1	393.71323	2990.153
44	2	424.47354	2995.9458
44	3	461.45245	2982.1804
44	4	369.24005	2965.2097
44	5	368.56418	2999.3506
44	6	402.35364	2980.4539
44	7	385.1826	2994.616
44	8	471.05484	3012.881
44	16	373.98615	2953.101
44	21	373.63364	2945.757
44	22	369.72647	2951.2087
44	24	365.12637	3007.559
44	27	358.65817	3002.594
44	28	346.08313	2975.098
44	29	368.48785	3013.3672
44	30	427.49622	3044.149
44	32	358.6042	3032.0898
44	33	453.885	2929.7312
44	35	436.328	2914.3508
44	37	361.6862	3014.7961
44	38	358.7243	3008.3577
44	39	358.31693	3018.755
44	43	415.14713	3037.398
45	1	393.652	2990.1494
45	2	424.47043	2995.9343
45	3	460.2201	2982.1167
45	4	369.07816	2965.8716
45	5	368.65125	2998.8
45	6	401.83646	2980.4546
45	7	385.18185	2994.626
45	16	373.98584	2953.106
45	21	373.63684	2945.7607
45	22	369.72913	2951.6438
45	24	365.11676	3007.5735
45	27	358.6691	3002.5696
45	28	346.0986	2975.098
45	29	368.47998	3013.0483
45	30	427.49622	3044.149
45	32	358.61765	3032.008
45	33	453.885	2929.7312
45	35	436.328	2914.3508
45	37	361.69904	3014.3923
45	38	358.7243	3008.3577
45	39	358.3279	3018.7966
45	43	415.14713	3037.398
46	1	393.57742	2990.148
46	2	424.4699	2995.935
46	3	459.01892	2982.057
46	4	368.896	2966.5342
46	5	368.74265	2998.234
46	6	401.33783	2980.4548
46	7	385.19168	2994.6301
46	16	373.98666	2953.102
46	21	373.63705	2945.762
46	22	369.72784	2952.105
46	24	365.1194	3007.574
46	27	358.66116	3002.6372
46	28	346.1352	2975.096
46	29	368.47467	3012.7603
46	30	427.49622	3044.149
46	32	358.60797	3031.9067
46	33	453.885	2929.7312
46	35	436.328	2914.3508
46	37	361.70276	3014.0151
46	38	358.7243	3008.3577
46	39	358.3298	3018.6614
46	43	415.14713	3037.398
47	1	393.52353	2990.147
47	2	424.47293	2995.9224
47	3	457.80365	2981.9854
47	4	368.6768	2967.2202
47	5	368.85153	2997.675
47	6	400.85703	2980.4553
47	7	385.19098	2994.6204
47	16	373.98566	2953.1055
47	21	373.63852	2945.77
47	22	369.7296	2952.5842
47	24	365.11917	3007.5857
47	27	358.65225	3002.5999
47	28	346.18262	2975.088
47	29	368.46823	3012.4556
47	30	427.49622	3044.149
47	31	365.3395	3028.5154
47	32	358.5917	3031.7244
47	33	453.885	2929.7312
47	35	436.328	2914.3508
47	37	361.71783	3013.5623
47	38	358.7243	3008.3577
47	39	358.33264	3018.5835
47	43	415.14713	3037.398
48	1	393.46948	2990.1487
48	2	424.47452	2995.9197
48	3	456.63486	2981.9207
48	4	368.4432	2967.8938
48	5	368.97552	2997.1025
48	6	400.3947	2980.4553
48	7	385.18942	2994.6206
48	16	373.9901	2953.1108
48	21	373.6408	2945.7593
48	22	369.72	2953.0535
48	24	365.11426	3007.572
48	27	358.654	3002.576
48	28	346.09006	2975.151
48	29	368.45682	3012.0828
48	30	427.49622	3044.149
48	31	365.222	3028.2869
48	32	358.57797	3031.642
48	33	453.885	2929.7312
48	35	436.328	2914.3508
48	37	361.72168	3013.0857
48	38	358.7243	3008.3577
48	39	358.33276	3018.4746
48	43	415.14713	3037.398
49	1	393.42767	2990.145
49	2	424.4764	2995.9097
49	3	455.41516	2981.8293
49	4	368.17926	2968.5728
49	5	369.12103	2996.5166
49	6	399.94888	2980.4558
49	7	385.19052	2994.6206
49	16	373.99	2953.1064
49	21	373.6423	2945.7664
49	22	369.7167	2953.5278
49	24	365.11914	3007.5776
49	27	358.6622	3002.6038
49	28	346.091	2975.1394
49	29	368.45755	3011.7153
49	30	427.49622	3044.149
49	31	365.3067	3028.1567
49	32	358.5635	3031.5508
49	33	453.885	2929.7312
49	35	436.328	2914.3508
49	37	361.71494	3012.7424
49	38	358.7243	3008.3577
49	39	358.3365	3018.3572
49	43	415.14713	3037.398
50	1	393.37857	2990.1472
50	2	424.48013	2995.8992
50	3	454.21097	2981.7551
50	4	367.89438	2969.2556
50	5	369.28366	2995.9155
50	6	399.52026	2980.4553
50	7	385.1917	2994.617
50	16	373.988	2953.105
50	21	373.6438	2945.768
50	22	369.70743	2954.0266
50	24	365.11456	3007.5823
50	27	358.67554	3002.5906
50	28	346.09973	2975.146
50	29	368.44443	3011.344
50	30	427.49622	3044.149
50	31	365.29858	3028.004
50	32	358.56857	3031.4922
50	33	453.885	2929.7312
50	35	436.328	2914.3508
50	37	361.71338	3012.4026
50	38	358.7243	3008.3577
50	39	358.35202	3018.2424
50	43	415.14713	3037.398
51	1	393.3518	2990.149
51	2	424.48224	2995.8752
51	3	452.97604	2981.6833
51	4	367.5667	2969.9492
51	5	369.4632	2995.3188
51	6	399.10757	2980.4553
51	7	385.19818	2994.6143
51	16	373.99295	2953.119
51	21	373.64066	2945.7588
51	22	369.69513	2954.5256
51	24	365.11844	3007.5974
51	27	358.68567	3002.6602
51	28	346.09314	2975.1455
51	29	368.43393	3010.9727
51	30	427.49622	3044.149
51	31	365.31427	3027.908
51	32	358.57053	3031.3923
51	33	453.885	2929.7312
51	35	436.328	2914.3508
51	37	361.71793	3012.087
51	38	358.7243	3008.3577
51	39	358.35248	3018.0916
51	43	415.14713	3037.398
52	1	393.32407	2990.148
52	2	424.48734	2995.8586
52	3	451.777	2981.6118
52	4	367.21268	2970.65
52	5	369.66534	2994.7026
52	6	398.71072	2980.4563
52	7	385.1978	2994.6106
52	16	373.99313	2953.114
52	21	373.64572	2945.7744
52	22	369.6854	2955.0637
52	24	365.10327	3007.6035
52	27	358.6857	3002.6868
52	28	346.04395	2975.1357
52	29	368.43207	3010.589
52	30	427.49622	3044.149
52	31	365.25977	3027.8225
52	32	358.58112	3031.3335
52	33	453.885	2929.7312
52	35	436.328	2914.3508
52	37	361.71967	3011.7888
52	38	358.7243	3008.3577
52	39	358.35492	3018.0332
53	1	393.31107	2990.1428
53	2	424.48752	2995.826
53	3	450.55716	2981.5337
53	4	366.82898	2971.3228
53	5	369.87488	2994.0825
53	6	398.33032	2980.4558
53	7	385.189	2994.623
53	16	373.99167	2953.1143
53	21	373.64377	2945.7734
53	22	369.6643	2955.5908
53	24	365.09775	3007.5903
53	27	358.69678	3002.678
53	28	346.0854	2975.139
53	29	368.42587	3010.1426
53	30	427.49622	3044.149
53	31	365.2703	3027.6655
53	32	358.57904	3031.2375
53	33	453.885	2929.7312
53	35	436.328	2914.3508
53	37	361.74127	3011.4941
53	38	358.7243	3008.3577
53	39	358.3446	3017.908
54	1	393.29092	2990.1392
54	2	424.4912	2995.781
54	3	449.35864	2981.4753
54	4	366.42126	2972.015
54	5	370.12247	2993.4592
54	6	397.96744	2980.4543
54	7	385.19403	2994.6233
54	16	373.98987	2953.111
54	21	373.64514	2945.7734
54	22	369.64734	2956.1284
54	24	365.09573	3007.583
54	27	358.68704	3002.6262
54	28	346.07428	2975.1382
54	29	368.41977	3009.7395
54	31	365.2709	3027.507
54	32	358.58777	3031.1292
54	33	453.885	2929.7312
54	35	436.328	2914.3508
54	37	361.7442	3011.2703
54	38	358.7243	3008.3577
54	39	358.3577	3017.909
55	1	393.28036	2990.1455
55	2	424.49036	2995.729
55	3	448.1923	2981.406
55	4	365.96878	2972.6978
55	5	370.38358	2992.8318
55	6	397.6204	2980.4536
55	7	385.19162	2994.62
55	16	373.98785	2953.1125
55	21	373.64142	2945.7688
55	22	369.62222	2956.6826
55	24	365.09598	3007.5728
55	27	358.66812	3002.6157
55	28	346.02097	2975.1177
55	29	368.4135	3009.306
55	30	427.49622	3044.149
55	31	365.2733	3027.3618
55	32	358.57123	3031.0571
55	33	453.885	2929.7312
55	35	436.328	2914.3508
55	37	361.76953	3010.9807
55	38	358.7243	3008.3577
56	1	393.26462	2990.1487
56	2	424.49597	2995.6716
56	3	447.01077	2981.3337
56	4	365.4798	2973.3887
56	5	370.6754	2992.1868
56	6	397.28986	2980.4504
56	7	385.19266	2994.6267
56	16	373.9913	2953.121
56	21	373.64258	2945.7717
56	22	369.59406	2957.2622
56	24	365.0976	3007.5608
56	27	358.66238	3002.605
56	28	346.01038	2975.1277
56	29	368.41104	3008.833
56	30	427.49622	3044.149
56	31	365.2682	3027.235
56	32	358.55884	3030.8857
56	33	453.885	2929.7312
56	34	358.4787	3043.6453
56	35	436.328	2914.3508
56	37	361.78195	3010.649
56	38	358.7243	3008.3577
57	1	393.25812	2990.1492
57	2	424.50546	2995.5835
57	3	445.83908	2981.2683
57	4	364.96313	2974.072
57	5	370.98392	2991.5557
57	6	396.97577	2980.4478
57	7	385.18948	2994.6282
57	16	373.99335	2953.1326
57	21	373.64157	2945.7678
57	22	369.5507	2957.8384
57	24	365.0993	3007.575
57	27	358.66364	3002.576
57	28	345.99118	2975.1245
57	29	368.4059	3008.3643
57	30	427.49622	3044.149
57	31	365.2648	3027.1055
57	32	358.558	3030.799
57	34	358.46796	3043.5918
57	35	436.328	2914.3508
57	37	361.77893	3010.255
57	38	358.7243	3008.3577
58	1	393.25134	2990.148
58	2	424.5094	2995.4739
58	3	444.67517	2981.2007
58	4	364.42004	2974.739
58	5	371.31262	2990.9111
58	6	396.67883	2980.4434
58	7	385.1826	2994.6147
58	16	373.9958	2953.1367
58	21	373.64462	2945.765
58	22	369.50073	2958.4377
58	24	365.09198	3007.6099
58	27	358.66705	3002.5693
58	28	345.9868	2975.1355
58	29	368.40582	3007.8723
58	30	427.49622	3044.149
58	31	365.2857	3026.9744
58	32	358.5538	3030.682
58	34	358.4711	3043.4802
58	35	436.328	2914.3508
58	37	361.79337	3009.9868
58	38	358.7243	3008.3577
58	47	397.67618	3050.298
59	1	393.24234	2990.153
59	2	424.51627	2995.341
59	3	443.519	2981.151
59	4	363.8445	2975.4011
59	5	371.66718	2990.2795
59	6	396.3981	2980.4387
59	7	385.18716	2994.6196
59	16	373.9938	2953.1365
59	21	373.6433	2945.758
59	22	369.43854	2959.0305
59	24	365.0964	3007.6248
59	27	358.674	3002.562
59	28	345.95364	2975.1362
59	29	368.40585	3007.3865
59	30	427.49622	3044.149
59	31	365.28452	3026.8523
59	32	358.55997	3030.5806
59	34	358.4769	3043.3296
59	37	361.7833	3009.6013
59	38	358.7243	3008.3577
60	1	393.2459	2990.1536
60	2	424.5213	2995.1814
60	3	442.33713	2981.0645
60	4	363.2343	2976.056
60	5	372.0546	2989.6401
60	6	396.1336	2980.4321
60	7	385.19122	2994.6133
60	16	373.9964	2953.1394
60	21	373.64392	2945.7715
60	22	369.36356	2959.65
60	24	365.08417	3007.6677
60	27	358.67648	3002.564
60	28	345.94254	2975.133
60	29	368.41254	3006.8496
60	30	427.49622	3044.149
60	31	365.28033	3026.759
60	32	358.55527	3030.4763
60	34	358.46243	3043.243
60	36	358.43195	3017.9585
60	37	361.74307	3008.0
60	38	358.7243	3008.3577
60	47	397.76193	3050.2388
61	1	393.2373	2990.154
61	2	424.5318	2995.0024
61	3	441.19473	2981.0105
61	4	362.60086	2976.6995
61	5	372.45883	2989.007
61	6	395.8876	2980.4263
61	7	385.1897	2994.6357
61	16	373.99603	2953.1387
61	21	373.6443	2945.76
61	22	369.277	2960.2817
61	24	365.0847	3007.6768
61	27	358.67047	3002.5608
61	28	345.9797	2975.1506
61	29	368.42053	3006.351
61	30	427.49622	3044.149
61	31	365.27286	3026.616
61	32	358.55652	3030.3257
61	34	358.45554	3043.1213
61	36	358.3286	3017.9106
61	38	358.7243	3008.3577
61	47	397.778	3050.2734
62	1	393.2372	2990.1506
62	2	424.53772	2994.8096
62	3	440.108	2980.9578
62	4	361.93588	2977.3184
62	5	372.88773	2988.3613
62	6	395.65793	2980.4194
62	7	385.1907	2994.6235
62	16	373.9918	2953.1323
62	21	373.64386	2945.7676
62	22	369.18115	2960.922
62	24	365.08844	3007.6946
62	27	358.67358	3002.5605
62	28	346.02695	2975.138
62	29	368.42468	3005.8052
62	30	427.49622	3044.149
62	31	365.2577	3026.5374
62	32	358.5497	3030.1829
62	34	358.45193	3043.0107
62	36	358.32962	3017.9553
62	38	358.7243	3008.3577
62	47	397.78052	3050.251
63	1	393.24365	2990.1519
63	2	424.55072	2994.596
63	3	439.0322	2980.8801
63	4	361.2295	2977.9321
63	5	373.33795	2987.7295
63	6	395.4448	2980.4119
63	7	385.19504	2994.62
63	16	373.99078	2953.1304
63	21	373.64484	2945.764
63	22	369.06863	2961.566
63	24	365.07852	3007.6736
63	27	358.68115	3002.5544
63	28	345.94104	2975.1543
63	29	368.44553	3005.2576
63	30	427.49622	3044.149
63	31	365.26416	3026.4248
63	32	358.5631	3030.0747
63	34	358.45786	3042.9077
63	36	358.32416	3017.927
63	38	358.7243	3008.3577
63	47	397.75253	3050.263
64	1	393.24612	2990.152
64	2	424.5562	2994.3398
64	3	437.98584	2980.8225
64	4	360.49146	2978.5298
64	5	373.81223	2987.094
64	6	395.2472	2980.4045
64	7	385.19415	2994.62
64	16	373.9902	2953.1296
64	21	373.6448	2945.76
64	22	368.93686	2962.211
64	24	365.07965	3007.6323
64	27	358.67935	3002.5393
64	28	345.87396	2975.119
64	29	368.46948	3004.7026
64	30	427.49622	3044.149
64	31	365.2663	3026.3323
64	32	358.56912	3029.9946
64	34	358.46747	3042.8052
64	36	358.323	3017.9128
64	38	358.7243	3008.3577
64	47	397.79245	3050.2932
65	1	393.23074	2990.1526
65	2	424.56418	2994.0754
65	3	436.9313	2980.768
65	4	359.73654	2979.0977
65	5	374.30798	2986.4712
65	6	395.06583	2980.3977
65	7	385.18976	2994.6284
65	16	373.9906	2953.1313
65	21	373.6465	2945.7627
65	22	368.78836	2962.8845
65	24	365.06668	3007.5945
65	27	358.6784	3002.554
65	28	345.88232	2975.097
65	29	368.4853	3004.1345
65	30	427.49622	3044.149
65	31	365.26852	3026.2427
65	32	358.57327	3029.8936
65	34	358.47012	3042.6787
65	36	358.32712	3017.907
65	38	358.7243	3008.3577
66	1	393.24387	2990.1516
66	2	424.57358	2993.789
66	3	435.90475	2980.7278
66	4	358.93787	2979.661
66	5	374.83148	2985.8447
66	6	394.90234	2980.3904
66	7	385.185	2994.6199
66	16	373.99008	2953.128
66	21	373.64804	2945.7686
66	22	368.61996	2963.5486
66	24	365.09332	3007.5986
66	27	358.67065	3002.5588
66	28	345.9472	2975.1523
66	29	368.52402	3003.5447
66	30	427.49622	3044.149
66	31	365.26828	3026.1548
66	32	358.57925	3029.761
66	34	358.47113	3042.523
66	36	358.33307	3017.8975
66	38	358.7243	3008.3577
67	1	393.23953	2990.1543
67	2	424.5899	2993.4917
67	3	434.8663	2980.6868
67	4	358.11716	2980.2078
67	5	375.37497	2985.2317
67	6	394.7545	2980.3835
67	7	385.18985	2994.6199
67	16	373.99207	2953.127
67	21	373.65094	2945.7659
67	22	368.43146	2964.2224
67	24	365.0844	3007.5486
67	27	358.66748	3002.5686
67	28	345.92368	2975.1548
67	29	368.5652	3002.9514
67	30	427.49622	3044.149
67	31	365.26355	3026.054
67	32	358.5838	3029.6487
67	34	358.472	3042.3716
67	36	358.3416	3017.9106
67	38	358.7243	3008.3577
67	40	362.01086	3029.1824
68	1	393.24176	2990.1492
68	2	424.59338	2993.1548
68	3	433.85806	2980.647
68	4	357.26294	2980.7388
68	5	375.937	2984.613
68	6	394.62305	2980.378
68	7	385.1847	2994.6143
68	16	373.99054	2953.1353
68	21	373.65146	2945.7659
68	22	368.22412	2964.9077
68	24	365.08588	3007.4968
68	27	358.6777	3002.5774
68	28	345.91968	2975.1548
68	29	368.61703	3002.3877
68	30	427.49622	3044.149
68	31	365.26782	3025.969
68	32	358.6009	3029.4937
68	34	358.4686	3042.2168
68	36	358.34988	3017.9048
68	38	358.7243	3008.3577
68	40	361.99982	3028.7039
69	1	393.22845	2990.152
69	2	424.61255	2992.8186
69	3	432.85565	2980.5964
69	4	356.38257	2981.245
69	5	376.52377	2984.0056
69	6	394.50854	2980.3718
69	7	385.18402	2994.6099
69	16	373.99066	2953.1372
69	21	373.6517	2945.7678
69	22	367.98895	2965.6013
69	24	365.09677	3007.5505
69	27	358.6796	3002.5872
69	28	345.9067	2975.1558
69	29	368.65906	3001.8245
69	30	427.49622	3044.149
69	31	365.2629	3025.885
69	32	358.61783	3029.37
69	34	358.46674	3042.0386
69	36	358.33936	3017.8958
69	38	358.7243	3008.3577
69	40	361.99527	3028.33
70	1	393.2389	2990.1523
70	2	424.62057	2992.4592
70	3	431.90466	2980.5667
70	4	355.4791	2981.7283
70	5	377.13962	2983.4094
70	6	394.41708	2980.367
70	7	385.18085	2994.6064
70	16	373.99094	2953.1357
70	21	373.65158	2945.7695
70	22	367.73856	2966.3047
70	24	365.09027	3007.5586
70	27	358.67767	3002.5637
70	28	345.9282	2975.1533
70	29	368.72958	3001.1514
70	30	427.49622	3044.149
70	31	365.26434	3025.8103
70	32	358.6179	3029.2927
70	34	358.47098	3042.0276
70	36	358.34335	3017.8926
70	40	361.9908	3027.8755
70	41	361.80438	3008.7368
71	1	393.23245	2990.1523
71	2	424.6228	2992.0452
71	3	430.9342	2980.5525
71	4	354.54153	2982.1995
71	5	377.77475	2982.8152
71	6	394.3513	2980.3635
71	7	385.18134	2994.6147
71	16	373.98883	2953.13
71	21	373.6528	2945.7686
71	22	367.46664	2966.982
71	24	365.0926	3007.5247
71	27	358.6792	3002.5588
71	28	345.8932	2975.155
71	29	368.79675	3000.5032
71	30	427.49622	3044.149
71	31	365.26096	3025.7195
71	32	358.62115	3029.175
71	34	358.4656	3041.893
71	36	358.3496	3017.8865
71	40	362.00626	3027.41
71	41	361.7966	3008.4897
72	1	393.22757	2990.1506
72	2	424.61615	2991.6326
72	3	429.97195	2980.5173
72	4	353.582	2982.6455
72	5	378.43228	2982.2388
72	6	394.30524	2980.361
72	7	385.1846	2994.6165
72	16	373.98874	2953.1262
72	21	373.65585	2945.7715
72	22	367.18228	2967.647
72	24	365.10825	3007.532
72	27	358.6775	3002.5461
72	28	345.90546	2975.1572
72	29	368.88956	2999.8755
72	30	427.49622	3044.149
72	31	365.26193	3025.6516
72	32	358.61285	3029.0808
72	34	358.476	3041.7732
72	36	358.35547	3017.8647
72	40	361.9939	3027.0322
72	41	361.80203	3008.5654
73	1	393.2366	2990.144
73	2	424.59903	2991.2046
73	3	429.00394	2980.4946
73	4	352.58453	2983.0618
73	5	379.11584	2981.6675
73	6	394.27734	2980.3596
73	7	385.18002	2994.6104
73	16	373.99164	2953.1365
73	21	373.65466	2945.7666
73	22	366.8563	2968.3362
73	24	365.09705	3007.5674
73	27	358.68158	3002.5396
73	28	345.90848	2975.1584
73	29	368.98328	2999.2175
73	30	427.49622	3044.149
73	31	365.26672	3025.5735
73	32	358.62054	3029.023
73	34	358.47314	3041.6707
73	36	358.35867	3017.881
73	40	361.98135	3026.6614
73	41	361.8088	3008.914
74	1	393.22794	2990.1519
74	2	424.56897	2990.7773
74	3	428.09192	2980.4656
74	4	351.60684	2983.4316
74	5	379.82385	2981.1082
74	6	394.26413	2980.3584
74	7	385.1837	2994.604
74	16	373.9935	2953.1267
74	21	373.65952	2945.7651
74	22	366.51672	2969.0183
74	24	365.0999	3007.5732
74	27	358.68048	3002.5396
74	28	345.95746	2975.1523
74	29	369.0879	2998.5579
74	30	427.49622	3044.149
74	31	365.26398	3025.517
74	32	358.62305	3028.994
74	34	358.47107	3041.5928
74	36	358.36597	3017.9062
74	40	361.9735	3026.291
74	41	361.8062	3008.7979
75	1	393.2352	2990.1504
75	2	424.53253	2990.3257
75	3	427.1885	2980.4377
75	4	350.58682	2983.7957
75	5	380.56473	2980.5574
75	6	394.2575	2980.3586
75	7	385.18097	2994.6143
75	16	373.9953	2953.1304
75	21	373.65933	2945.7678
75	22	366.16943	2969.6775
75	24	365.09726	3007.5667
75	27	358.67453	3002.5403
75	28	345.92523	2975.1475
75	29	369.20908	2997.8853
75	30	427.49622	3044.149
75	31	365.26843	3025.4668
75	32	358.61786	3028.9873
75	34	358.4649	3041.4875
75	36	358.36896	3017.9243
75	40	361.99646	3025.8774
75	41	361.80344	3008.9512
75	44	358.74387	3008.834
76	1	393.22525	2990.1516
76	2	424.47366	2989.8728
76	3	426.30365	2980.4202
76	4	349.51654	2984.1426
76	5	381.3239	2980.0273
76	6	394.26086	2980.3584
76	7	385.18298	2994.6072
76	16	373.99878	2953.1243
76	21	373.66022	2945.7734
76	22	365.7926	2970.3506
76	24	365.09943	3007.567
76	27	358.6799	3002.561
76	28	345.94168	2975.1533
76	29	369.34647	2997.209
76	30	427.49622	3044.149
76	31	365.27042	3025.4077
76	32	358.613	3028.8965
76	34	358.47446	3041.3884
76	36	358.37512	3017.9248
76	40	361.9956	3025.4912
76	41	361.80383	3008.9512
76	44	358.74408	3008.6487
77	1	393.2321	2990.15
77	2	424.40146	2989.4001
77	3	425.42206	2980.4058
77	4	348.42593	2984.4617
77	5	382.11365	2979.5168
77	6	394.26022	2980.3577
77	7	385.1786	2994.598
77	16	373.9934	2953.1152
77	21	373.66187	2945.7737
77	22	365.39566	2971.0227
77	24	365.0954	3007.58
77	27	358.67566	3002.5605
77	28	345.91702	2975.1562
77	29	369.49997	2996.52
77	30	427.49622	3044.149
77	31	365.26932	3025.3335
77	32	358.6072	3028.8794
77	34	358.46542	3041.2878
77	36	358.37057	3017.9446
77	40	361.9762	3025.183
77	41	361.80936	3008.9897
77	44	358.74707	3008.5388
78	1	393.23337	2990.1494
78	2	424.31076	2988.9456
78	3	424.53006	2980.3918
78	4	347.33658	2984.75
78	5	382.92953	2979.019
78	6	394.25876	2980.3582
78	7	385.1819	2994.6082
78	16	373.9974	2953.1218
78	21	373.6625	2945.7788
78	22	364.9791	2971.705
78	24	365.1089	3007.5798
78	28	345.91812	2975.1665
78	29	369.66873	2995.848
78	30	427.49622	3044.149
78	31	365.27267	3025.2825
78	32	358.59778	3028.7815
78	34	358.46677	3041.1726
78	36	358.37787	3017.9546
78	40	361.96716	3024.8752
78	41	361.80692	3008.995
78	44	358.74246	3008.489
79	1	393.23788	2990.1484
79	2	424.20914	2988.501
79	3	423.66684	2980.3765
79	4	346.236	2985.0007
79	5	383.76358	2978.5562
79	6	394.25934	2980.3584
79	7	385.18167	2994.6023
79	16	373.9945	2953.1213
79	21	373.66788	2945.7808
79	22	364.54843	2972.3608
79	24	365.10214	3007.56
79	28	345.93546	2975.16
79	29	369.85007	2995.157
79	30	427.49622	3044.149
79	31	365.2656	3025.2412
79	34	358.45645	3041.0454
79	36	358.3739	3017.9478
79	40	361.96213	3024.4988
79	41	361.8105	3009.0046
79	44	358.7382	3008.444
80	1	393.22845	2990.1492
80	2	424.08157	2988.047
80	3	422.83804	2980.3662
80	4	345.10458	2985.2407
80	5	384.62842	2978.108
80	6	394.26083	2980.3586
80	7	385.1818	2994.5999
80	16	373.9962	2953.1199
80	21	373.66708	2945.773
80	22	364.0982	2973.0237
80	24	365.09854	3007.5588
80	27	358.71326	3002.5537
80	28	345.9499	2975.151
80	29	370.05988	2994.4424
80	30	427.49622	3044.149
80	31	365.262	3025.1843
80	34	358.4601	3040.9224
80	36	358.37982	3017.9263
80	40	361.96408	3024.1372
80	41	361.80707	3009.025
80	44	358.72736	3008.4248
80	46	358.57495	3027.4075
81	1	393.23483	2990.152
81	2	423.9381	2987.5994
81	3	422.02072	2980.3513
81	4	343.9481	2985.4644
81	5	385.5094	2977.6904
81	6	394.2636	2980.359
81	7	385.18082	2994.6023
81	16	373.99695	2953.1257
81	21	373.66653	2945.7788
81	22	363.6337	2973.6892
81	24	365.1083	3007.5518
81	27	358.68915	3002.5037
81	28	345.953	2975.1572
81	29	370.2768	2993.756
81	30	427.49622	3044.149
81	31	365.26508	3025.1433
81	34	358.45502	3040.816
81	36	358.3893	3017.9673
81	40	361.9716	3023.819
81	41	361.80878	3009.013
81	44	358.73117	3008.422
82	1	393.2363	2990.1504
82	2	423.77203	2987.1716
82	3	421.24893	2980.3396
82	4	342.78577	2985.6538
82	5	386.42795	2977.2998
82	6	394.2657	2980.3586
82	7	385.18552	2994.6016
82	16	374.00314	2953.1223
82	21	373.66867	2945.7827
82	22	363.14557	2974.3435
82	24	365.10364	3007.5596
82	27	358.6996	3002.5176
82	28	345.9533	2975.1667
82	29	370.52017	2993.038
82	30	427.49622	3044.149
82	31	365.26746	3025.1162
82	34	358.45847	3040.7185
82	36	358.38608	3017.9543
82	40	361.98056	3023.53
82	41	361.81314	3009.0269
82	44	358.73593	3008.382
83	1	393.2369	2990.1487
83	2	423.59842	2986.7422
83	3	420.45978	2980.3237
83	4	341.5788	2985.8357
83	5	387.35358	2976.929
83	6	394.26556	2980.359
83	7	385.18478	2994.6091
83	16	374.00226	2953.1235
83	21	373.6707	2945.777
83	22	362.633	2974.9873
83	24	365.1035	3007.5627
83	27	358.708	3002.55
83	28	345.96283	2975.163
83	29	370.77347	2992.3455
83	30	427.49622	3044.149
83	31	365.26492	3025.0752
83	34	358.45773	3040.574
83	36	358.39026	3017.9841
83	40	361.98264	3023.2236
83	41	361.8051	3009.039
83	44	358.73325	3008.3743
84	1	393.23718	2990.1526
84	2	423.40332	2986.3418
84	3	419.67828	2980.311
84	4	340.39673	2985.973
84	5	388.28088	2976.597
84	6	394.26566	2980.3591
84	7	385.18472	2994.6116
84	16	374.0013	2953.1243
84	21	373.66827	2945.7788
84	22	362.1149	2975.6145
84	24	365.10858	3007.5693
84	27	358.7021	3002.5488
84	28	345.984	2975.1558
84	29	371.044	2991.6487
84	30	427.49622	3044.149
84	31	365.26822	3025.038
84	34	358.4617	3040.4973
84	36	358.39822	3017.9656
84	40	361.99432	3022.9492
84	41	361.80576	3009.0217
84	44	358.7385	3008.3745
84	46	358.57495	3027.4075
85	1	393.2394	2990.1516
85	2	423.19824	2985.9363
85	3	418.9382	2980.3086
85	4	339.20966	2986.0945
85	5	389.23218	2976.2942
85	6	394.26587	2980.3594
85	7	385.18613	2994.6104
85	16	374.00278	2953.12
85	21	373.66605	2945.78
85	22	361.575	2976.2395
85	24	365.09534	3007.5479
85	27	358.68698	3002.5608
85	28	345.976	2975.1575
85	29	371.33228	2990.9404
85	30	427.49622	3044.149
85	31	365.27377	3024.998
85	34	358.4608	3040.388
85	36	358.4037	3018.0537
85	40	361.983	3022.686
85	41	361.8085	3009.034
85	44	358.73737	3008.3704
85	46	358.57495	3027.4075
86	1	393.23422	2990.1516
86	2	422.9628	2985.5469
86	3	418.21255	2980.3015
86	4	337.96793	2986.2024
86	5	390.20316	2976.013
86	6	394.2654	2980.3594
86	7	385.18915	2994.616
86	16	374.0025	2953.1248
86	21	373.66888	2945.7756
86	22	360.99524	2976.87
86	24	365.09775	3007.558
86	27	358.6851	3002.5566
86	29	371.63782	2990.2444
86	30	427.49622	3044.149
86	31	365.26932	3024.9824
86	34	358.4634	3040.2915
86	36	358.40573	3018.0464
86	40	361.99008	3022.427
86	41	361.81018	3009.0205
86	44	358.75427	3008.3906
86	46	358.57495	3027.4075
87	1	393.2433	2990.1475
87	2	422.72528	2985.1697
87	3	417.49847	2980.2947
87	4	336.76038	2986.2844
87	5	391.16718	2975.7612
87	6	394.26447	2980.3594
87	7	385.1876	2994.612
87	16	374.00256	2953.1238
87	21	373.66867	2945.7815
87	22	360.4104	2977.4775
87	24	365.10242	3007.5466
87	27	358.68607	3002.551
87	29	371.96072	2989.5662
87	30	427.49622	3044.149
87	31	365.26944	3024.9592
87	34	358.46222	3040.2188
87	36	358.4023	3018.084
87	40	361.99582	3022.1907
87	41	361.8066	3009.0154
87	44	358.75092	3008.3665
87	46	358.57495	3027.4075
88	1	393.23706	2990.1511
88	2	422.47583	2984.8137
88	3	416.80597	2980.29
88	4	335.5189	2986.3564
88	5	392.16922	2975.5317
88	6	394.26443	2980.3594
88	7	385.1839	2994.61
88	16	374.00247	2953.1257
88	21	373.67038	2945.7866
88	22	359.79257	2978.082
88	24	365.0981	3007.5386
88	27	358.6808	3002.5388
88	29	372.31027	2988.8767
88	30	427.49622	3044.149
88	31	365.2688	3024.932
88	34	358.46198	3040.1404
88	36	358.40176	3018.0288
88	40	361.99402	3021.9644
88	41	361.8071	3009.0217
88	44	358.74396	3008.3586
88	46	358.57495	3027.4075
89	1	393.2453	2990.1497
89	2	422.20963	2984.4607
89	3	416.11725	2980.2898
89	4	334.2779	2986.44
89	5	393.16443	2975.3267
89	6	394.2644	2980.3591
89	7	385.1884	2994.6108
89	16	374.00128	2953.1296
89	21	373.66977	2945.7893
89	22	359.16293	2978.6785
89	24	365.10077	3007.5427
89	27	358.68808	3002.5386
89	28	345.95132	2975.1692
89	29	372.67517	2988.194
89	30	427.49622	3044.149
89	31	365.26834	3024.9165
89	34	358.4652	3040.079
89	36	358.4005	3017.9849
89	40	362.01108	3021.7341
89	41	361.8057	3009.018
89	44	358.7478	3008.3672
89	46	358.57495	3027.4075
90	1	393.24127	2990.1519
90	2	421.9301	2984.127
90	3	415.4703	2980.288
90	4	333.00473	2986.488
90	5	394.2034	2975.1409
90	6	394.2641	2980.3594
90	7	385.19098	2994.615
90	16	374.00214	2953.1267
90	21	373.66772	2945.785
90	22	358.50964	2979.2566
90	24	365.10406	3007.5562
90	27	358.6806	3002.555
90	28	345.94635	2975.1655
90	29	373.06854	2987.5015
90	30	427.49622	3044.149
90	31	365.26703	3024.9028
90	34	358.4618	3039.9814
90	36	358.40222	3018.0044
90	40	361.99377	3021.515
90	41	361.81006	3009.0178
90	44	358.75177	3008.3562
90	46	358.57495	3027.4075
