0	1	3590.961	-1154.7136
0	2	3561.9766	-1168.8787
0	3	3529.602	-1165.3065
0	4	3616.2432	-1144.4111
0	5	3652.838	-1181.0399
0	6	3606.1394	-1153.6316
0	7	3585.7664	-1164.1053
0	8	3597.269	-1164.6929
0	9	3574.0237	-1154.6246
0	11	3599.4636	-1137.3917
0	12	3599.4583	-1134.5636
0	13	3599.528	-1195.3219
0	14	3600.6008	-1131.4008
0	15	3597.991	-1200.3988
0	16	3601.567	-1128.1082
0	17	3608.539	-1200.5764
0	18	3630.9978	-1159.9329
0	19	3603.5522	-1122.038
0	20	3612.7673	-1125.2871
0	21	3606.8843	-1206.6487
0	22	3638.534	-1160.7914
0	23	3614.4282	-1118.7915
0	24	3620.6235	-1121.4926
0	25	3606.2388	-1113.0979
0	26	3634.9182	-1136.4692
0	27	3635.6226	-1133.8046
0	28	3616.5652	-1111.9061
0	30	3638.4133	-1125.5972
0	31	3615.9497	-1221.7872
0	32	3648.8281	-1137.906
0	33	3652.8938	-1181.6436
0	35	3624.3833	-1108.2992
0	36	3519.2627	-1149.3604
0	37	3650.4087	-1132.0801
0	44	3652.874	-1181.3624
0	52	3656.0044	-1182.5234
0	53	3647.4856	-1142.6715
0	55	3512.7644	-1186.461
0	56	3634.031	-1138.8717
0	57	3624.2578	-1108.2112
1	1	3590.2537	-1154.6847
1	2	3563.1106	-1168.8607
1	3	3530.8994	-1165.2494
1	4	3616.3896	-1144.4304
1	5	3652.735	-1181.0214
1	6	3606.1624	-1153.7869
1	7	3585.9514	-1164.1112
1	8	3597.3394	-1164.6967
1	9	3573.0215	-1154.6376
1	11	3599.4636	-1137.3917
1	12	3599.4583	-1134.5636
1	13	3599.528	-1195.3219
1	14	3600.6008	-1131.4008
1	15	3597.991	-1200.3988
1	16	3601.567	-1128.1082
1	17	3608.539	-1200.5764
1	18	3631.0022	-1159.9359
1	19	3603.5522	-1122.038
1	20	3612.7673	-1125.2871
1	21	3606.8843	-1206.6487
1	22	3638.5408	-1160.7943
1	23	3614.4282	-1118.7915
1	24	3620.6235	-1121.4926
1	25	3606.2388	-1113.0979
1	26	3634.9182	-1136.4692
1	27	3635.6226	-1133.8046
1	28	3616.5652	-1111.9061
1	30	3638.4133	-1125.5972
1	31	3615.9497	-1221.7872
1	32	3648.8281	-1137.906
1	33	3652.7937	-1181.6165
1	35	3624.3833	-1108.2992
1	36	3519.3835	-1149.3527
1	37	3650.4087	-1132.0801
1	52	3655.9324	-1182.5216
1	53	3647.4856	-1142.6715
1	55	3512.7644	-1186.461
1	56	3634.0015	-1138.8983
1	57	3624.2578	-1108.2112
2	1	3589.545	-1154.6732
2	2	3564.2542	-1168.839
2	3	3532.0847	-1165.2173
2	4	3616.5525	-1144.4493
2	5	3652.6309	-1181.0133
2	6	3606.1726	-1153.9412
2	7	3586.1323	-1164.117
2	8	3597.3906	-1164.7035
2	9	3572.0178	-1154.6324
2	11	3599.4636	-1137.3917
2	12	3599.4583	-1134.5636
2	13	3599.528	-1195.3219
2	14	3600.6008	-1131.4008
2	15	3597.991	-1200.3988
2	16	3601.567	-1128.1082
2	17	3608.539	-1200.5764
2	18	3631.0156	-1159.9329
2	19	3603.5522	-1122.038
2	20	3612.7673	-1125.2871
2	21	3606.8843	-1206.6487
2	22	3638.5505	-1160.7987
2	23	3614.4282	-1118.7915
2	24	3620.6235	-1121.4926
2	25	3606.2388	-1113.0979
2	26	3634.9182	-1136.4692
2	27	3635.6226	-1133.8046
2	28	3616.5652	-1111.9061
2	30	3638.4133	-1125.5972
2	31	3615.9497	-1221.7872
2	32	3648.8281	-1137.906
2	33	3652.6897	-1181.6094
2	35	3624.3833	-1108.2992
2	36	3519.5125	-1149.3379
2	37	3650.4087	-1132.0801
2	44	3652.693	-1181.337
2	52	3655.823	-1182.5037
2	53	3647.4856	-1142.6715
2	55	3512.7644	-1186.461
2	56	3633.9893	-1138.9524
3	1	3588.8123	-1154.6616
3	2	3565.404	-1168.8218
3	3	3533.2676	-1165.1687
3	4	3616.7224	-1144.4702
3	5	3652.5442	-1181.0024
3	6	3606.1873	-1154.1233
3	7	3586.3096	-1164.1221
3	8	3597.4343	-1164.7051
3	9	3570.9924	-1154.6635
3	11	3599.4636	-1137.3917
3	12	3599.4583	-1134.5636
3	13	3599.528	-1195.3219
3	14	3600.6008	-1131.4008
3	15	3597.991	-1200.3988
3	16	3601.567	-1128.1082
3	17	3608.539	-1200.5764
3	18	3631.0215	-1159.9365
3	19	3603.5522	-1122.038
3	20	3612.7673	-1125.2871
3	21	3606.8843	-1206.6487
3	22	3638.5789	-1160.777
3	23	3614.4282	-1118.7915
3	24	3620.6235	-1121.4926
3	25	3606.2388	-1113.0979
3	26	3634.9182	-1136.4692
3	27	3635.6226	-1133.8046
3	28	3616.5652	-1111.9061
3	30	3638.4133	-1125.5972
3	31	3615.9497	-1221.7872
3	32	3648.8281	-1137.906
3	33	3652.5867	-1181.5944
3	35	3624.3833	-1108.2992
3	36	3519.6362	-1149.3337
3	37	3650.4087	-1132.0801
3	52	3655.721	-1182.5065
3	53	3647.4856	-1142.6715
3	55	3512.7644	-1186.461
3	56	3633.8398	-1138.8259
4	1	3588.0854	-1154.6375
4	2	3566.512	-1168.8097
4	3	3534.282	-1165.0968
4	4	3616.8708	-1144.4888
4	5	3652.4495	-1180.9955
4	6	3606.194	-1154.3125
4	7	3586.4805	-1164.1284
4	8	3597.5012	-1164.7102
4	9	3569.9292	-1154.6849
4	11	3599.4636	-1137.3917
4	12	3599.4583	-1134.5636
4	13	3599.528	-1195.3219
4	14	3600.6008	-1131.4008
4	15	3597.991	-1200.3988
4	16	3601.567	-1128.1082
4	17	3608.539	-1200.5764
4	18	3631.0215	-1159.9327
4	19	3603.5522	-1122.038
4	20	3612.7673	-1125.2871
4	21	3606.8843	-1206.6487
4	22	3638.5806	-1160.7725
4	23	3614.4282	-1118.7915
4	24	3620.6235	-1121.4926
4	25	3606.2388	-1113.0979
4	26	3634.9182	-1136.4692
4	27	3635.6226	-1133.8046
4	28	3616.5652	-1111.9061
4	30	3638.4133	-1125.5972
4	31	3615.9497	-1221.7872
4	32	3648.8281	-1137.906
4	33	3652.5054	-1181.5939
4	35	3624.3833	-1108.2992
4	36	3519.769	-1149.3154
4	37	3650.4087	-1132.0801
4	44	3652.4673	-1181.3098
4	52	3655.6482	-1182.4906
4	53	3647.4856	-1142.6715
5	1	3587.3396	-1154.6094
5	2	3567.5974	-1168.7926
5	3	3535.6511	-1165.0463
5	4	3617.0298	-1144.5063
5	5	3652.3618	-1180.9869
5	6	3606.1826	-1154.4888
5	7	3586.6453	-1164.1335
5	8	3597.5337	-1164.7146
5	9	3568.8748	-1154.6995
5	11	3599.4636	-1137.3917
5	12	3599.4583	-1134.5636
5	13	3599.528	-1195.3219
5	14	3600.6008	-1131.4008
5	15	3597.991	-1200.3988
5	16	3601.567	-1128.1082
5	17	3608.539	-1200.5764
5	18	3631.011	-1159.9285
5	19	3603.5522	-1122.038
5	20	3612.7673	-1125.2871
5	21	3606.8843	-1206.6487
5	22	3638.5908	-1160.7648
5	23	3614.4282	-1118.7915
5	24	3620.6235	-1121.4926
5	25	3606.2388	-1113.0979
5	26	3634.9182	-1136.4692
5	27	3635.6226	-1133.8046
5	28	3616.5652	-1111.9061
5	30	3638.4133	-1125.5972
5	31	3615.9497	-1221.7872
5	32	3648.8281	-1137.906
5	33	3652.4004	-1181.5852
5	34	3624.2744	-1108.2692
5	35	3624.3833	-1108.2992
5	36	3519.8904	-1149.3153
5	37	3650.4087	-1132.0801
5	52	3655.5667	-1182.4899
5	53	3647.4856	-1142.6715
5	55	3512.7644	-1186.461
6	1	3586.5696	-1154.5908
6	2	3568.6804	-1168.7825
6	3	3536.7979	-1164.9995
6	4	3617.1729	-1144.5239
6	5	3652.2542	-1180.9813
6	6	3606.1702	-1154.7102
6	7	3586.804	-1164.1398
6	8	3597.577	-1164.7214
6	9	3567.8052	-1154.7213
6	11	3599.4636	-1137.3917
6	12	3599.4583	-1134.5636
6	13	3599.528	-1195.3219
6	14	3600.6008	-1131.4008
6	15	3597.991	-1200.3988
6	16	3601.567	-1128.1082
6	17	3608.539	-1200.5764
6	18	3631.0464	-1159.9359
6	19	3603.5522	-1122.038
6	20	3612.7673	-1125.2871
6	21	3606.8843	-1206.6487
6	22	3638.5862	-1160.7911
6	23	3614.4282	-1118.7915
6	24	3620.6235	-1121.4926
6	25	3606.2388	-1113.0979
6	26	3634.9182	-1136.4692
6	27	3635.6226	-1133.8046
6	28	3616.5652	-1111.9061
6	30	3638.4133	-1125.5972
6	31	3615.9497	-1221.7872
6	32	3648.8281	-1137.906
6	33	3652.3062	-1181.5686
6	34	3624.2744	-1108.2692
6	35	3624.3833	-1108.2992
6	36	3520.0154	-1149.313
6	37	3650.4087	-1132.0801
6	44	3652.2705	-1181.296
6	52	3655.4512	-1182.4875
6	53	3647.4856	-1142.6715
7	1	3585.8958	-1154.6068
7	2	3569.7341	-1168.7772
7	3	3537.8435	-1164.9202
7	4	3617.325	-1144.5469
7	5	3652.158	-1180.9663
7	6	3606.1704	-1154.9108
7	7	3586.9565	-1164.1447
7	8	3597.607	-1164.7255
7	9	3566.6821	-1154.7455
7	11	3599.4636	-1137.3917
7	12	3599.4583	-1134.5636
7	13	3599.528	-1195.3219
7	14	3600.6008	-1131.4008
7	15	3597.991	-1200.3988
7	16	3601.567	-1128.1082
7	17	3608.539	-1200.5764
7	18	3631.041	-1159.9374
7	19	3603.5522	-1122.038
7	20	3612.7673	-1125.2871
7	21	3606.8843	-1206.6487
7	22	3638.5671	-1160.7621
7	23	3614.4282	-1118.7915
7	24	3620.6235	-1121.4926
7	25	3606.2388	-1113.0979
7	26	3634.9182	-1136.4692
7	27	3635.6226	-1133.8046
7	28	3616.5652	-1111.9061
7	30	3638.4133	-1125.5972
7	31	3615.9497	-1221.7872
7	32	3648.8281	-1137.906
7	33	3652.1956	-1181.5648
7	34	3624.2744	-1108.2692
7	35	3624.3833	-1108.2992
7	36	3520.1453	-1149.3073
7	37	3650.4087	-1132.0801
7	44	3652.1672	-1181.2834
7	52	3655.3489	-1182.4457
7	53	3647.4856	-1142.6715
8	1	3584.9993	-1154.574
8	2	3570.7761	-1168.7811
8	3	3538.879	-1164.875
8	4	3617.4846	-1144.5725
8	5	3652.0803	-1180.9451
8	6	3606.165	-1155.1401
8	7	3587.103	-1164.1489
8	8	3597.6423	-1164.7313
8	9	3565.572	-1154.7633
8	11	3599.4636	-1137.3917
8	12	3599.4583	-1134.5636
8	13	3599.528	-1195.3219
8	14	3600.6008	-1131.4008
8	15	3597.991	-1200.3988
8	16	3601.567	-1128.1082
8	17	3608.539	-1200.5764
8	18	3631.0415	-1159.9346
8	19	3603.5522	-1122.038
8	20	3612.7673	-1125.2871
8	21	3606.8843	-1206.6487
8	22	3638.5706	-1160.7628
8	23	3614.4282	-1118.7915
8	24	3620.6235	-1121.4926
8	25	3606.2388	-1113.0979
8	26	3634.9182	-1136.4692
8	27	3635.6226	-1133.8046
8	28	3616.5652	-1111.9061
8	29	3647.5327	-1142.7238
8	30	3638.4133	-1125.5972
8	31	3615.9497	-1221.7872
8	32	3648.8281	-1137.906
8	33	3652.087	-1181.5463
8	34	3624.2744	-1108.2692
8	35	3624.3833	-1108.2992
8	36	3520.279	-1149.293
8	37	3650.4087	-1132.0801
8	52	3655.2654	-1182.4492
9	1	3584.1914	-1154.5594
9	2	3571.8022	-1168.7893
9	3	3540.2637	-1164.8264
9	4	3617.6372	-1144.5966
9	5	3651.9895	-1180.9315
9	6	3606.1528	-1155.3378
9	7	3587.242	-1164.154
9	8	3597.6697	-1164.7329
9	9	3564.4243	-1154.7875
9	11	3599.4636	-1137.3917
9	12	3599.4583	-1134.5636
9	13	3599.528	-1195.3219
9	14	3600.6008	-1131.4008
9	15	3597.991	-1200.3988
9	16	3601.567	-1128.1082
9	17	3608.539	-1200.5764
9	18	3631.0486	-1159.9379
9	19	3603.5522	-1122.038
9	20	3612.7673	-1125.2871
9	21	3606.8843	-1206.6487
9	22	3638.5479	-1160.7712
9	23	3614.4282	-1118.7915
9	24	3620.6235	-1121.4926
9	25	3606.2388	-1113.0979
9	26	3634.9182	-1136.4692
9	27	3635.6226	-1133.8046
9	28	3616.5652	-1111.9061
9	29	3647.5327	-1142.7238
9	30	3638.4133	-1125.5972
9	31	3615.9497	-1221.7872
9	32	3648.8281	-1137.906
9	33	3652.0073	-1181.5333
9	34	3624.2744	-1108.2692
9	35	3624.3833	-1108.2992
9	36	3520.424	-1149.2821
9	37	3650.4087	-1132.0801
9	44	3652.0244	-1181.2351
10	1	3583.375	-1154.564
10	2	3572.8042	-1168.7921
10	3	3541.1582	-1164.767
10	4	3617.788	-1144.6183
10	5	3651.8984	-1180.9058
10	6	3606.1467	-1155.5591
10	7	3587.3752	-1164.1589
10	8	3597.689	-1164.7365
10	9	3563.2773	-1154.8107
10	10	3601.097	-1139.1095
10	11	3599.4636	-1137.3917
10	12	3599.4583	-1134.5636
10	13	3599.528	-1195.3219
10	14	3600.6008	-1131.4008
10	15	3597.991	-1200.3988
10	16	3601.567	-1128.1082
10	17	3608.539	-1200.5764
10	18	3631.0386	-1159.9337
10	19	3603.5522	-1122.038
10	20	3612.7673	-1125.2871
10	21	3606.8843	-1206.6487
10	22	3638.5364	-1160.7654
10	23	3614.4282	-1118.7915
10	24	3620.6235	-1121.4926
10	25	3606.2388	-1113.0979
10	26	3634.9182	-1136.4692
10	27	3635.6226	-1133.8046
10	28	3616.5652	-1111.9061
10	29	3647.5327	-1142.7238
10	30	3638.4133	-1125.5972
10	31	3615.9497	-1221.7872
10	32	3648.8281	-1137.906
10	33	3651.909	-1181.5139
10	34	3624.2744	-1108.2692
10	35	3624.3833	-1108.2992
10	36	3520.534	-1149.264
10	37	3650.4087	-1132.0801
11	1	3582.5554	-1154.5475
11	2	3573.7866	-1168.8
11	3	3542.277	-1164.7301
11	4	3617.934	-1144.6422
11	5	3651.7961	-1180.8931
11	6	3606.1475	-1155.7833
11	7	3587.5012	-1164.1635
11	8	3597.7095	-1164.7341
11	9	3562.074	-1154.8325
11	10	3601.0942	-1139.1146
11	11	3599.4636	-1137.3917
11	12	3599.4583	-1134.5636
11	13	3599.528	-1195.3219
11	14	3600.6008	-1131.4008
11	15	3597.991	-1200.3988
11	16	3601.567	-1128.1082
11	17	3608.539	-1200.5764
11	18	3631.0366	-1159.9355
11	19	3603.5522	-1122.038
11	20	3612.7673	-1125.2871
11	21	3606.8843	-1206.6487
11	22	3638.5366	-1160.7737
11	23	3614.4282	-1118.7915
11	24	3620.6235	-1121.4926
11	25	3606.2388	-1113.0979
11	26	3634.9182	-1136.4692
11	27	3635.6226	-1133.8046
11	28	3616.5652	-1111.9061
11	29	3647.5327	-1142.7238
11	30	3638.4133	-1125.5972
11	31	3615.9497	-1221.7872
11	32	3648.8281	-1137.906
11	33	3651.8027	-1181.4817
11	34	3624.2744	-1108.2692
11	35	3624.3833	-1108.2992
11	36	3520.6594	-1149.2477
11	37	3650.4087	-1132.0801
11	38	3620.875	-1097.5989
12	1	3581.7178	-1154.5394
12	2	3574.7585	-1168.8109
12	3	3543.287	-1164.6854
12	4	3618.0981	-1144.6681
12	5	3651.7058	-1180.873
12	6	3606.1309	-1156.0122
12	7	3587.6204	-1164.1675
12	8	3597.7314	-1164.7357
12	9	3560.891	-1154.8779
12	10	3601.1064	-1139.1212
12	11	3599.4636	-1137.3917
12	12	3599.4583	-1134.5636
12	13	3599.528	-1195.3219
12	14	3600.6008	-1131.4008
12	15	3597.991	-1200.3988
12	16	3601.567	-1128.1082
12	17	3608.539	-1200.5764
12	18	3631.034	-1159.934
12	19	3603.5522	-1122.038
12	20	3612.7673	-1125.2871
12	21	3606.8843	-1206.6487
12	22	3638.552	-1160.7838
12	23	3614.4282	-1118.7915
12	24	3620.6235	-1121.4926
12	25	3606.2388	-1113.0979
12	26	3634.9182	-1136.4692
12	27	3635.6226	-1133.8046
12	28	3616.5652	-1111.9061
12	29	3647.5327	-1142.7238
12	30	3638.4133	-1125.5972
12	31	3615.9497	-1221.7872
12	32	3648.8281	-1137.906
12	33	3651.7168	-1181.4833
12	34	3624.2744	-1108.2692
12	35	3624.3833	-1108.2992
12	36	3520.778	-1149.2494
12	37	3650.4087	-1132.0801
12	38	3620.875	-1097.5989
13	1	3580.8503	-1154.5518
13	2	3575.7046	-1168.8257
13	3	3544.2798	-1164.6235
13	4	3618.2686	-1144.6937
13	5	3651.6206	-1180.8511
13	6	3606.1074	-1156.2144
13	7	3587.7322	-1164.1711
13	8	3597.7495	-1164.7372
13	9	3559.6582	-1154.9005
13	10	3601.1235	-1139.1206
13	11	3599.4636	-1137.3917
13	12	3599.4583	-1134.5636
13	13	3599.528	-1195.3219
13	14	3600.6008	-1131.4008
13	15	3597.991	-1200.3988
13	16	3601.567	-1128.1082
13	17	3608.539	-1200.5764
13	18	3631.0212	-1159.9287
13	19	3603.5522	-1122.038
13	20	3612.7673	-1125.2871
13	21	3606.8843	-1206.6487
13	22	3638.5415	-1160.7761
13	23	3614.4282	-1118.7915
13	24	3620.6235	-1121.4926
13	25	3606.2388	-1113.0979
13	26	3634.9182	-1136.4692
13	27	3635.6226	-1133.8046
13	28	3616.5652	-1111.9061
13	29	3647.5327	-1142.7238
13	30	3638.4133	-1125.5972
13	31	3615.9497	-1221.7872
13	32	3648.8281	-1137.906
13	33	3651.6223	-1181.457
13	34	3624.2744	-1108.2692
13	35	3624.3833	-1108.2992
13	36	3520.8862	-1149.2329
13	37	3650.4087	-1132.0801
13	38	3620.875	-1097.5989
14	1	3580.014	-1154.5402
14	2	3576.6353	-1168.845
14	3	3545.3225	-1164.6
14	4	3618.4192	-1144.7234
14	5	3651.5234	-1180.8375
14	6	3606.0989	-1156.3743
14	7	3587.8381	-1164.1753
14	8	3597.7615	-1164.7384
14	9	3558.4412	-1154.9333
14	10	3601.1216	-1139.1134
14	11	3599.4636	-1137.3917
14	12	3599.4583	-1134.5636
14	13	3599.528	-1195.3219
14	14	3600.6008	-1131.4008
14	15	3597.991	-1200.3988
14	16	3601.567	-1128.1082
14	17	3608.539	-1200.5764
14	18	3631.0288	-1159.9374
14	19	3603.5522	-1122.038
14	20	3612.7673	-1125.2871
14	21	3606.8843	-1206.6487
14	22	3638.5442	-1160.7784
14	23	3614.4282	-1118.7915
14	24	3620.6235	-1121.4926
14	25	3606.2388	-1113.0979
14	26	3634.9182	-1136.4692
14	27	3635.6226	-1133.8046
14	28	3616.5652	-1111.9061
14	29	3647.5327	-1142.7238
14	30	3638.4133	-1125.5972
14	31	3615.9497	-1221.7872
14	32	3648.8281	-1137.906
14	33	3651.531	-1181.4451
14	34	3624.2744	-1108.2692
14	35	3624.3833	-1108.2992
14	36	3521.044	-1149.21
14	37	3650.4087	-1132.0801
14	38	3620.875	-1097.5989
14	47	3654.6887	-1182.2706
15	1	3579.1362	-1154.5327
15	2	3577.552	-1168.8597
15	3	3546.263	-1164.56
15	4	3618.559	-1144.7518
15	5	3651.423	-1180.8109
15	6	3606.0715	-1156.6467
15	7	3587.936	-1164.1786
15	8	3597.7722	-1164.736
15	9	3557.1677	-1154.9729
15	10	3601.1301	-1139.11
15	11	3599.4636	-1137.3917
15	12	3599.4583	-1134.5636
15	13	3599.528	-1195.3219
15	14	3600.6008	-1131.4008
15	15	3597.991	-1200.3988
15	16	3601.567	-1128.1082
15	17	3608.539	-1200.5764
15	18	3631.0234	-1159.9369
15	19	3603.5522	-1122.038
15	20	3612.7673	-1125.2871
15	21	3606.8843	-1206.6487
15	22	3638.5618	-1160.7952
15	23	3614.4282	-1118.7915
15	24	3620.6235	-1121.4926
15	25	3606.2388	-1113.0979
15	26	3634.9182	-1136.4692
15	27	3635.6226	-1133.8046
15	28	3616.5652	-1111.9061
15	29	3647.5327	-1142.7238
15	30	3638.4133	-1125.5972
15	31	3615.9497	-1221.7872
15	32	3648.8281	-1137.906
15	33	3651.4185	-1181.4104
15	34	3624.2744	-1108.2692
15	35	3624.3833	-1108.2992
15	36	3521.1707	-1149.1907
15	37	3650.4087	-1132.0801
15	38	3620.875	-1097.5989
15	47	3654.5981	-1182.2693
15	50	3655.6375	-1182.3467
16	1	3578.229	-1154.5365
16	2	3578.4468	-1168.8633
16	3	3547.3164	-1164.5173
16	4	3618.7112	-1144.7775
16	5	3651.331	-1180.7981
16	6	3606.0552	-1156.85
16	7	3588.0276	-1164.182
16	8	3597.7637	-1164.735
16	9	3555.9683	-1155.0466
16	10	3601.131	-1139.1074
16	11	3599.4636	-1137.3917
16	12	3599.4583	-1134.5636
16	13	3599.528	-1195.3219
16	14	3600.6008	-1131.4008
16	15	3597.991	-1200.3988
16	16	3601.567	-1128.1082
16	17	3608.539	-1200.5764
16	18	3631.0173	-1159.9396
16	19	3603.5522	-1122.038
16	20	3612.7673	-1125.2871
16	21	3606.8843	-1206.6487
16	22	3638.5657	-1160.7943
16	23	3614.4282	-1118.7915
16	24	3620.6235	-1121.4926
16	25	3606.2388	-1113.0979
16	26	3634.9182	-1136.4692
16	27	3635.6226	-1133.8046
16	28	3616.5652	-1111.9061
16	29	3647.5327	-1142.7238
16	30	3638.4133	-1125.5972
16	31	3615.9497	-1221.7872
16	32	3648.8281	-1137.906
16	33	3651.3333	-1181.3832
16	34	3624.2744	-1108.2692
16	35	3624.3833	-1108.2992
16	36	3521.28	-1149.1852
16	37	3650.4087	-1132.0801
16	38	3620.875	-1097.5989
16	47	3654.4688	-1182.2045
16	50	3655.5076	-1182.3313
17	1	3577.3115	-1154.5343
17	2	3579.3257	-1168.8909
17	3	3548.317	-1164.4779
17	4	3618.863	-1144.8038
17	5	3651.2373	-1180.7694
17	6	3606.041	-1157.1058
17	7	3588.1128	-1164.1853
17	8	3597.761	-1164.7435
17	9	3554.698	-1155.0919
17	10	3601.138	-1139.1118
17	11	3599.4636	-1137.3917
17	12	3599.4583	-1134.5636
17	13	3599.528	-1195.3219
17	14	3600.6008	-1131.4008
17	15	3597.991	-1200.3988
17	16	3601.567	-1128.1082
17	17	3608.539	-1200.5764
17	18	3631.0166	-1159.9379
17	19	3603.5522	-1122.038
17	20	3612.7673	-1125.2871
17	21	3606.8843	-1206.6487
17	22	3638.5718	-1160.7927
17	23	3614.4282	-1118.7915
17	24	3620.6235	-1121.4926
17	25	3606.2388	-1113.0979
17	26	3634.9182	-1136.4692
17	27	3635.6226	-1133.8046
17	28	3616.5652	-1111.9061
17	29	3647.5327	-1142.7238
17	30	3638.4133	-1125.5972
17	31	3615.9497	-1221.7872
17	32	3648.8281	-1137.906
17	33	3651.2346	-1181.3977
17	34	3624.2744	-1108.2692
17	35	3624.3833	-1108.2992
17	36	3521.4329	-1149.201
17	37	3650.4087	-1132.0801
17	38	3620.875	-1097.5989
17	47	3654.4302	-1182.2285
17	50	3655.4346	-1182.3389
18	1	3576.3418	-1154.5449
18	2	3580.1638	-1168.903
18	3	3549.36	-1164.4331
18	4	3619.0212	-1144.829
18	5	3651.1438	-1180.7488
18	6	3606.0386	-1157.3627
18	7	3588.1917	-1164.1882
18	8	3597.7607	-1164.7404
18	9	3553.3645	-1155.1287
18	10	3601.1528	-1139.1083
18	11	3599.4636	-1137.3917
18	12	3599.4583	-1134.5636
18	13	3599.528	-1195.3219
18	14	3600.6008	-1131.4008
18	15	3597.991	-1200.3988
18	16	3601.567	-1128.1082
18	17	3608.539	-1200.5764
18	18	3631.0183	-1159.9382
18	19	3603.5522	-1122.038
18	20	3612.7673	-1125.2871
18	21	3606.8843	-1206.6487
18	22	3638.5571	-1160.7886
18	23	3614.4282	-1118.7915
18	24	3620.6235	-1121.4926
18	25	3606.2388	-1113.0979
18	26	3634.9182	-1136.4692
18	27	3635.6226	-1133.8046
18	28	3616.5652	-1111.9061
18	29	3647.5327	-1142.7238
18	30	3638.4133	-1125.5972
18	31	3615.9497	-1221.7872
18	32	3648.8281	-1137.906
18	33	3651.146	-1181.3732
18	34	3624.2744	-1108.2692
18	35	3624.3833	-1108.2992
18	37	3650.4087	-1132.0801
18	38	3620.875	-1097.5989
18	44	3651.1724	-1181.0616
18	47	3654.3093	-1182.1365
18	50	3655.3447	-1182.3085
19	1	3575.4436	-1154.5461
19	2	3581.0093	-1168.9232
19	3	3550.3257	-1164.3903
19	4	3619.1707	-1144.8601
19	5	3651.0579	-1180.7255
19	6	3606.026	-1157.5573
19	7	3588.2634	-1164.1906
19	8	3597.758	-1164.7383
19	9	3552.0442	-1155.1807
19	10	3601.1597	-1139.1133
19	11	3599.4636	-1137.3917
19	12	3599.4583	-1134.5636
19	13	3599.528	-1195.3219
19	14	3600.6008	-1131.4008
19	15	3597.991	-1200.3988
19	16	3601.567	-1128.1082
19	17	3608.539	-1200.5764
19	18	3631.0154	-1159.9465
19	19	3603.5522	-1122.038
19	20	3612.7673	-1125.2871
19	21	3606.8843	-1206.6487
19	22	3638.551	-1160.7928
19	23	3614.4282	-1118.7915
19	24	3620.6235	-1121.4926
19	25	3606.2388	-1113.0979
19	26	3634.9182	-1136.4692
19	27	3635.6226	-1133.8046
19	28	3616.5652	-1111.9061
19	29	3647.5327	-1142.7238
19	30	3638.4133	-1125.5972
19	31	3615.9497	-1221.7872
19	32	3648.8281	-1137.906
19	33	3651.0386	-1181.3478
19	34	3624.2744	-1108.2692
19	37	3650.4087	-1132.0801
19	38	3620.875	-1097.5989
19	44	3651.078	-1181.0546
20	1	3574.4375	-1154.559
20	2	3581.822	-1168.9348
20	3	3551.334	-1164.3524
20	4	3619.324	-1144.8871
20	5	3650.9622	-1180.7041
20	6	3606.0044	-1157.7921
20	7	3588.3284	-1164.1931
20	8	3597.7595	-1164.7435
20	9	3550.7085	-1155.2397
20	10	3601.1711	-1139.1189
20	11	3599.4636	-1137.3917
20	12	3599.4583	-1134.5636
20	13	3599.528	-1195.3219
20	14	3600.6008	-1131.4008
20	15	3597.991	-1200.3988
20	16	3601.567	-1128.1082
20	17	3608.539	-1200.5764
20	18	3631.008	-1159.9404
20	19	3603.5522	-1122.038
20	20	3612.7673	-1125.2871
20	21	3606.8843	-1206.6487
20	22	3638.5479	-1160.793
20	23	3614.4282	-1118.7915
20	24	3620.6235	-1121.4926
20	25	3606.2388	-1113.0979
20	27	3635.6226	-1133.8046
20	28	3616.5652	-1111.9061
20	29	3647.5327	-1142.7238
20	30	3638.4133	-1125.5972
20	31	3615.9497	-1221.7872
20	32	3648.8281	-1137.906
20	33	3650.942	-1181.3195
20	34	3624.2744	-1108.2692
20	37	3650.4087	-1132.0801
20	38	3620.875	-1097.5989
20	39	3634.8875	-1136.4086
20	40	3633.9375	-1138.972
20	47	3654.157	-1182.1051
20	50	3655.0906	-1182.2817
21	1	3573.5103	-1154.5762
21	2	3582.6133	-1168.9495
21	3	3552.2505	-1164.3146
21	4	3619.4585	-1144.9106
21	5	3650.8672	-1180.6849
21	6	3605.9902	-1158.0466
21	7	3588.387	-1164.1951
21	8	3597.758	-1164.74
21	9	3549.3813	-1155.3141
21	10	3601.1943	-1139.1088
21	11	3599.4636	-1137.3917
21	12	3599.4583	-1134.5636
21	13	3599.528	-1195.3219
21	15	3597.991	-1200.3988
21	16	3601.567	-1128.1082
21	17	3608.539	-1200.5764
21	18	3631.0063	-1159.9406
21	19	3603.5522	-1122.038
21	20	3612.7673	-1125.2871
21	21	3606.8843	-1206.6487
21	22	3638.5503	-1160.7917
21	23	3614.4282	-1118.7915
21	25	3606.2388	-1113.0979
21	27	3635.6226	-1133.8046
21	28	3616.5652	-1111.9061
21	29	3647.5327	-1142.7238
21	30	3638.4133	-1125.5972
21	31	3615.9497	-1221.7872
21	32	3648.8281	-1137.906
21	33	3650.8665	-1181.3024
21	34	3624.2744	-1108.2692
21	37	3650.4087	-1132.0801
21	38	3620.875	-1097.5989
21	39	3634.8875	-1136.4086
21	40	3633.9375	-1138.972
22	1	3572.538	-1154.5796
22	2	3583.3945	-1168.9716
22	3	3553.1711	-1164.2747
22	4	3619.6025	-1144.9348
22	5	3650.7783	-1180.6575
22	6	3605.9746	-1158.2402
22	7	3588.4402	-1164.1969
22	8	3597.7642	-1164.7343
22	9	3548.0393	-1155.4026
22	10	3601.2249	-1139.1062
22	11	3599.4636	-1137.3917
22	12	3599.4583	-1134.5636
22	13	3599.528	-1195.3219
22	15	3597.991	-1200.3988
22	16	3601.567	-1128.1082
22	17	3608.539	-1200.5764
22	18	3631.0132	-1159.9406
22	19	3603.5522	-1122.038
22	20	3612.7673	-1125.2871
22	21	3606.8843	-1206.6487
22	22	3638.5344	-1160.8076
22	23	3614.4282	-1118.7915
22	25	3606.2388	-1113.0979
22	27	3635.6226	-1133.8046
22	28	3616.5652	-1111.9061
22	29	3647.5327	-1142.7238
22	30	3638.4133	-1125.5972
22	31	3615.9497	-1221.7872
22	32	3648.8281	-1137.906
22	33	3650.7556	-1181.3048
22	34	3624.2744	-1108.2692
22	37	3650.4087	-1132.0801
22	38	3620.875	-1097.5989
22	39	3634.8875	-1136.4086
22	40	3633.9375	-1138.972
23	1	3571.515	-1154.5884
23	2	3584.1497	-1168.993
23	3	3554.145	-1164.2352
23	4	3619.7607	-1144.9615
23	5	3650.6914	-1180.6346
23	6	3605.9421	-1158.4746
23	7	3588.4868	-1164.1984
23	8	3597.76	-1164.7432
23	9	3546.7048	-1155.4983
23	10	3601.2407	-1139.0864
23	11	3599.4636	-1137.3917
23	12	3599.4583	-1134.5636
23	13	3599.528	-1195.3219
23	15	3597.991	-1200.3988
23	16	3601.567	-1128.1082
23	17	3608.539	-1200.5764
23	18	3631.0144	-1159.9435
23	19	3603.5522	-1122.038
23	20	3612.7673	-1125.2871
23	21	3606.8843	-1206.6487
23	22	3638.5364	-1160.7887
23	23	3614.4282	-1118.7915
23	25	3606.2388	-1113.0979
23	27	3635.6226	-1133.8046
23	28	3616.5652	-1111.9061
23	29	3647.5327	-1142.7238
23	30	3638.4133	-1125.5972
23	31	3615.9497	-1221.7872
23	32	3648.8281	-1137.906
23	33	3650.6714	-1181.267
23	34	3624.2744	-1108.2692
23	37	3650.4087	-1132.0801
23	38	3620.875	-1097.5989
23	39	3634.8875	-1136.4086
23	40	3633.9375	-1138.972
23	41	3620.6445	-1121.5372
23	47	3653.8506	-1182.0181
24	1	3570.5083	-1154.6119
24	2	3584.8823	-1169.0139
24	3	3555.1035	-1164.2053
24	4	3619.9182	-1144.988
24	5	3650.5867	-1180.615
24	6	3605.901	-1158.6952
24	7	3588.5286	-1164.1998
24	8	3597.765	-1164.7323
24	9	3545.3408	-1155.5674
24	10	3601.2815	-1139.0779
24	11	3599.4636	-1137.3917
24	12	3599.4583	-1134.5636
24	13	3599.528	-1195.3219
24	15	3597.991	-1200.3988
24	16	3601.567	-1128.1082
24	17	3608.539	-1200.5764
24	18	3631.0183	-1159.942
24	19	3603.5522	-1122.038
24	20	3612.7673	-1125.2871
24	21	3606.8843	-1206.6487
24	22	3638.5361	-1160.7968
24	23	3614.4282	-1118.7915
24	25	3606.2388	-1113.0979
24	27	3635.6226	-1133.8046
24	28	3616.5652	-1111.9061
24	29	3647.5327	-1142.7238
24	30	3638.4133	-1125.5972
24	31	3615.9497	-1221.7872
24	32	3648.8281	-1137.906
24	33	3650.6047	-1181.2421
24	34	3624.2744	-1108.2692
24	37	3650.4087	-1132.0801
24	38	3620.875	-1097.5989
24	39	3634.8875	-1136.4086
24	40	3633.9375	-1138.972
24	41	3620.6445	-1121.5372
24	44	3650.6091	-1180.9132
24	45	3600.172	-1138.3995
24	47	3653.7654	-1181.9623
25	1	3569.456	-1154.6262
25	2	3585.613	-1169.039
25	3	3556.0237	-1164.1655
25	4	3620.0789	-1145.0181
25	5	3650.5046	-1180.5922
25	6	3605.8635	-1158.9164
25	7	3588.5645	-1164.2008
25	8	3597.757	-1164.7397
25	9	3543.9824	-1155.6572
25	10	3601.3374	-1139.0635
25	11	3599.4636	-1137.3917
25	12	3599.4583	-1134.5636
25	13	3599.528	-1195.3219
25	15	3597.991	-1200.3988
25	16	3601.567	-1128.1082
25	17	3608.539	-1200.5764
25	18	3631.025	-1159.942
25	19	3603.5522	-1122.038
25	20	3612.7673	-1125.2871
25	21	3606.8843	-1206.6487
25	22	3638.5454	-1160.8065
25	23	3614.4282	-1118.7915
25	25	3606.2388	-1113.0979
25	27	3635.6226	-1133.8046
25	28	3616.5652	-1111.9061
25	29	3647.5327	-1142.7238
25	30	3638.4133	-1125.5972
25	31	3615.9497	-1221.7872
25	32	3648.8281	-1137.906
25	33	3650.5415	-1181.2504
25	34	3624.2744	-1108.2692
25	37	3650.4087	-1132.0801
25	38	3620.875	-1097.5989
25	39	3634.8875	-1136.4086
25	40	3633.9375	-1138.972
25	41	3620.6445	-1121.5372
25	47	3653.6555	-1181.9851
25	50	3654.7104	-1182.1306
26	1	3568.4497	-1154.6453
26	2	3586.3057	-1169.055
26	3	3556.9016	-1164.117
26	4	3620.2256	-1145.0403
26	5	3650.4065	-1180.5717
26	6	3605.8284	-1159.1469
26	7	3588.5925	-1164.2008
26	8	3597.76	-1164.7377
26	9	3542.606	-1155.7594
26	10	3601.4019	-1139.0316
26	11	3599.4636	-1137.3917
26	12	3599.4583	-1134.5636
26	13	3599.528	-1195.3219
26	15	3597.991	-1200.3988
26	16	3601.567	-1128.1082
26	17	3608.539	-1200.5764
26	18	3631.0327	-1159.9384
26	19	3603.5522	-1122.038
26	20	3612.7673	-1125.2871
26	21	3606.8843	-1206.6487
26	22	3638.538	-1160.8005
26	23	3614.4282	-1118.7915
26	25	3606.2388	-1113.0979
26	27	3635.6226	-1133.8046
26	28	3616.5652	-1111.9061
26	29	3647.5327	-1142.7238
26	30	3638.4133	-1125.5972
26	31	3615.9497	-1221.7872
26	32	3648.8281	-1137.906
26	33	3650.4373	-1181.2101
26	34	3624.2744	-1108.2692
26	37	3650.4087	-1132.0801
26	38	3620.875	-1097.5989
26	39	3634.8875	-1136.4086
26	40	3633.9375	-1138.972
26	41	3620.6445	-1121.5372
26	44	3650.4482	-1180.901
26	47	3653.5703	-1181.9539
26	50	3654.637	-1182.0624
27	1	3567.3716	-1154.6772
27	2	3586.9717	-1169.0795
27	3	3557.7268	-1164.0901
27	4	3620.3667	-1145.0618
27	5	3650.3237	-1180.5616
27	6	3605.797	-1159.3585
27	7	3588.6162	-1164.2009
27	8	3597.767	-1164.7327
27	9	3541.1985	-1155.8663
27	10	3601.4724	-1138.9954
27	11	3599.4636	-1137.3917
27	12	3599.4583	-1134.5636
27	13	3599.528	-1195.3219
27	15	3597.991	-1200.3988
27	16	3601.567	-1128.1082
27	17	3608.539	-1200.5764
27	18	3631.0293	-1159.943
27	19	3603.5522	-1122.038
27	20	3612.7673	-1125.2871
27	21	3606.8843	-1206.6487
27	22	3638.53	-1160.8
27	23	3614.4282	-1118.7915
27	25	3606.2388	-1113.0979
27	27	3635.6226	-1133.8046
27	28	3616.5652	-1111.9061
27	29	3647.5327	-1142.7238
27	30	3638.4133	-1125.5972
27	31	3615.9497	-1221.7872
27	32	3648.8281	-1137.906
27	33	3650.3743	-1181.202
27	34	3624.2744	-1108.2692
27	37	3650.4087	-1132.0801
27	38	3620.875	-1097.5989
27	39	3634.8875	-1136.4086
27	41	3620.6445	-1121.5372
27	47	3653.5156	-1181.9341
27	50	3654.5483	-1182.0748
28	1	3566.3215	-1154.7086
28	2	3587.625	-1169.1053
28	3	3558.5586	-1164.0609
28	4	3620.5247	-1145.0853
28	5	3650.213	-1180.5333
28	6	3605.7551	-1159.5524
28	7	3588.637	-1164.2024
28	8	3597.7603	-1164.7285
28	9	3539.7822	-1155.9747
28	10	3601.5513	-1138.959
28	11	3599.4636	-1137.3917
28	12	3599.4583	-1134.5636
28	13	3599.528	-1195.3219
28	15	3597.991	-1200.3988
28	16	3601.567	-1128.1082
28	17	3608.539	-1200.5764
28	18	3631.0498	-1159.9402
28	19	3603.5522	-1122.038
28	20	3612.7673	-1125.2871
28	21	3606.8843	-1206.6487
28	22	3638.552	-1160.7985
28	23	3614.4282	-1118.7915
28	25	3606.2388	-1113.0979
28	27	3635.6226	-1133.8046
28	28	3616.5652	-1111.9061
28	29	3647.5327	-1142.7238
28	30	3638.4133	-1125.5972
28	31	3615.9497	-1221.7872
28	32	3648.8281	-1137.906
28	33	3650.2632	-1181.1774
28	34	3624.2744	-1108.2692
28	37	3650.4087	-1132.0801
28	38	3620.875	-1097.5989
28	39	3634.8875	-1136.4086
28	40	3633.9375	-1138.972
28	41	3620.6445	-1121.5372
28	44	3650.2346	-1180.8308
28	47	3653.4314	-1181.9152
28	50	3654.4424	-1182.0332
29	1	3565.2415	-1154.739
29	2	3588.2542	-1169.1289
29	3	3559.4045	-1164.0258
29	4	3620.691	-1145.1111
29	5	3650.1187	-1180.5259
29	6	3605.7163	-1159.8107
29	7	3588.6528	-1164.2032
29	8	3597.7634	-1164.737
29	9	3538.4097	-1156.0933
29	10	3601.6287	-1138.9252
29	11	3599.4636	-1137.3917
29	12	3599.4583	-1134.5636
29	13	3599.528	-1195.3219
29	15	3597.991	-1200.3988
29	16	3601.567	-1128.1082
29	17	3608.539	-1200.5764
29	18	3631.039	-1159.9374
29	19	3603.5522	-1122.038
29	20	3612.7673	-1125.2871
29	21	3606.8843	-1206.6487
29	22	3638.538	-1160.7863
29	23	3614.4282	-1118.7915
29	25	3606.2388	-1113.0979
29	27	3635.6226	-1133.8046
29	28	3616.5652	-1111.9061
29	29	3647.5327	-1142.7238
29	30	3638.4133	-1125.5972
29	31	3615.9497	-1221.7872
29	32	3648.8281	-1137.906
29	33	3650.1792	-1181.1555
29	34	3624.2744	-1108.2692
29	37	3650.4087	-1132.0801
29	38	3620.875	-1097.5989
29	39	3634.8875	-1136.4086
29	40	3633.9375	-1138.972
29	41	3620.6445	-1121.5372
29	44	3650.1714	-1180.8492
29	45	3600.1335	-1138.3905
29	47	3653.3386	-1181.899
29	50	3654.3433	-1181.9799
30	1	3564.165	-1154.7666
30	2	3588.875	-1169.1654
30	3	3560.2683	-1163.9895
30	4	3620.8499	-1145.1423
30	5	3650.0112	-1180.4922
30	6	3605.6704	-1159.9685
30	7	3588.6643	-1164.2041
30	8	3597.757	-1164.7424
30	9	3536.9678	-1156.208
30	10	3601.6875	-1138.9016
30	11	3599.4636	-1137.3917
30	12	3599.4583	-1134.5636
30	13	3599.528	-1195.3219
30	15	3597.991	-1200.3988
30	16	3601.567	-1128.1082
30	17	3608.539	-1200.5764
30	18	3631.0393	-1159.9448
30	19	3603.5522	-1122.038
30	20	3612.7673	-1125.2871
30	21	3606.8843	-1206.6487
30	22	3638.5417	-1160.7947
30	23	3614.4282	-1118.7915
30	25	3606.2388	-1113.0979
30	27	3635.6226	-1133.8046
30	28	3616.5652	-1111.9061
30	29	3647.5327	-1142.7238
30	30	3638.4133	-1125.5972
30	31	3615.9497	-1221.7872
30	32	3648.8281	-1137.906
30	33	3650.1013	-1181.1475
30	34	3624.2744	-1108.2692
30	37	3650.4087	-1132.0801
30	38	3620.875	-1097.5989
30	39	3634.8875	-1136.4086
30	40	3633.9375	-1138.972
30	41	3620.6445	-1121.5372
30	44	3650.064	-1180.8232
30	47	3653.2322	-1181.884
30	50	3654.2249	-1181.977
31	1	3563.0437	-1154.7893
31	2	3589.4592	-1169.1981
31	3	3561.1028	-1163.9585
31	4	3620.999	-1145.1704
31	5	3649.94	-1180.4855
31	6	3605.6238	-1160.205
31	7	3588.674	-1164.2053
31	8	3597.7593	-1164.7396
31	9	3535.5369	-1156.3163
31	10	3601.7644	-1138.8564
31	11	3599.4636	-1137.3917
31	12	3599.4583	-1134.5636
31	13	3599.528	-1195.3219
31	15	3597.991	-1200.3988
31	16	3601.567	-1128.1082
31	17	3608.539	-1200.5764
31	18	3631.0386	-1159.9402
31	19	3603.5522	-1122.038
31	20	3612.7673	-1125.2871
31	22	3638.5496	-1160.7906
31	23	3614.4282	-1118.7915
31	25	3606.2388	-1113.0979
31	27	3635.6226	-1133.8046
31	28	3616.5652	-1111.9061
31	29	3647.5327	-1142.7238
31	30	3638.4133	-1125.5972
31	31	3615.9497	-1221.7872
31	32	3648.8281	-1137.906
31	33	3650.017	-1181.1272
31	34	3624.2744	-1108.2692
31	37	3650.4087	-1132.0801
31	38	3620.875	-1097.5989
31	39	3634.8875	-1136.4086
31	40	3633.9375	-1138.972
31	41	3620.6445	-1121.5372
31	42	3661.6194	-1165.7692
31	43	3606.868	-1206.5856
31	44	3649.999	-1180.8387
31	45	3600.1602	-1138.4777
31	47	3653.1504	-1181.8606
32	1	3561.9907	-1154.8569
32	2	3590.0222	-1169.254
32	3	3561.9114	-1163.9271
32	4	3621.1587	-1145.1971
32	5	3649.8105	-1180.4746
32	6	3605.5642	-1160.3976
32	7	3588.681	-1164.2058
32	8	3597.7559	-1164.7406
32	9	3534.0261	-1156.4183
32	10	3601.8438	-1138.8075
32	11	3599.4636	-1137.3917
32	12	3599.4583	-1134.5636
32	13	3599.528	-1195.3219
32	15	3597.991	-1200.3988
32	16	3601.567	-1128.1082
32	17	3608.539	-1200.5764
32	18	3631.0466	-1159.9493
32	19	3603.5522	-1122.038
32	20	3612.7673	-1125.2871
32	22	3638.545	-1160.7965
32	23	3614.4282	-1118.7915
32	25	3606.2388	-1113.0979
32	27	3635.6226	-1133.8046
32	28	3616.5652	-1111.9061
32	29	3647.5327	-1142.7238
32	30	3638.4133	-1125.5972
32	31	3615.9497	-1221.7872
32	32	3648.8281	-1137.906
32	33	3649.9038	-1181.1322
32	34	3624.2744	-1108.2692
32	37	3650.4087	-1132.0801
32	38	3620.875	-1097.5989
32	39	3634.8875	-1136.4086
32	40	3633.9375	-1138.972
32	41	3620.6445	-1121.5372
32	42	3661.2573	-1165.7122
32	43	3606.868	-1206.5856
32	44	3649.8555	-1180.8224
32	45	3600.1604	-1138.4889
32	47	3653.0425	-1181.8285
33	1	3560.8667	-1154.9103
33	2	3590.566	-1169.3082
33	3	3562.742	-1163.8989
33	4	3621.294	-1145.2212
33	5	3649.755	-1180.4412
33	6	3605.5178	-1160.6035
33	7	3588.684	-1164.2063
33	8	3597.7551	-1164.7372
33	9	3532.5447	-1156.5142
33	10	3601.9153	-1138.7477
33	11	3599.4636	-1137.3917
33	12	3599.4583	-1134.5636
33	13	3599.528	-1195.3219
33	15	3597.991	-1200.3988
33	16	3601.567	-1128.1082
33	17	3608.539	-1200.5764
33	18	3631.039	-1159.9452
33	19	3603.5522	-1122.038
33	20	3612.7673	-1125.2871
33	22	3638.574	-1160.7957
33	23	3614.4282	-1118.7915
33	25	3606.2388	-1113.0979
33	27	3635.6226	-1133.8046
33	28	3616.5652	-1111.9061
33	29	3647.5327	-1142.7238
33	30	3638.4133	-1125.5972
33	31	3615.9497	-1221.7872
33	32	3648.8281	-1137.906
33	33	3649.8281	-1181.1062
33	34	3624.2744	-1108.2692
33	37	3650.4087	-1132.0801
33	38	3620.875	-1097.5989
33	39	3634.8875	-1136.4086
33	40	3633.9375	-1138.972
33	41	3620.6445	-1121.5372
33	42	3660.9805	-1165.6029
33	43	3606.868	-1206.5856
33	44	3649.7947	-1180.7706
33	45	3600.166	-1138.5067
33	47	3652.9294	-1181.8033
34	1	3559.7478	-1154.9492
34	2	3591.1094	-1169.3612
34	3	3563.551	-1163.8701
34	4	3621.452	-1145.2528
34	5	3649.6694	-1180.4224
34	6	3605.4622	-1160.8113
34	7	3588.6858	-1164.2067
34	8	3597.7527	-1164.74
34	9	3531.067	-1156.6088
34	10	3601.995	-1138.6963
34	11	3599.4636	-1137.3917
34	12	3599.4583	-1134.5636
34	13	3599.528	-1195.3219
34	15	3597.991	-1200.3988
34	16	3601.567	-1128.1082
34	17	3608.539	-1200.5764
34	18	3631.053	-1159.9501
34	19	3603.5522	-1122.038
34	20	3612.7673	-1125.2871
34	22	3638.573	-1160.8066
34	23	3614.4282	-1118.7915
34	25	3606.2388	-1113.0979
34	27	3635.6226	-1133.8046
34	28	3616.5652	-1111.9061
34	29	3647.5327	-1142.7238
34	30	3638.4133	-1125.5972
34	31	3615.9497	-1221.7872
34	32	3648.8281	-1137.906
34	33	3649.735	-1181.0693
34	34	3624.2744	-1108.2692
34	37	3650.4087	-1132.0801
34	38	3620.875	-1097.5989
34	39	3634.8875	-1136.4086
34	40	3633.9375	-1138.972
34	41	3620.6445	-1121.5372
34	42	3660.606	-1165.5281
34	43	3606.868	-1206.5856
34	47	3652.838	-1181.785
35	1	3558.6133	-1155.0007
35	2	3591.631	-1169.4219
35	3	3564.331	-1163.8475
35	4	3621.6138	-1145.283
35	5	3649.5706	-1180.4169
35	6	3605.4119	-1161.0216
35	7	3588.6865	-1164.2068
35	8	3597.7507	-1164.737
35	9	3529.5874	-1156.7175
35	10	3602.0522	-1138.6561
35	11	3599.4636	-1137.3917
35	12	3599.4583	-1134.5636
35	13	3599.528	-1195.3219
35	15	3597.991	-1200.3988
35	16	3601.567	-1128.1082
35	17	3608.539	-1200.5764
35	18	3631.0342	-1159.9456
35	19	3603.5522	-1122.038
35	20	3612.7673	-1125.2871
35	22	3638.5798	-1160.8047
35	23	3614.4282	-1118.7915
35	25	3606.2388	-1113.0979
35	27	3635.6226	-1133.8046
35	28	3616.5652	-1111.9061
35	29	3647.5327	-1142.7238
35	30	3638.4133	-1125.5972
35	31	3615.9497	-1221.7872
35	32	3648.8281	-1137.906
35	33	3649.64	-1181.0607
35	34	3624.2744	-1108.2692
35	37	3650.4087	-1132.0801
35	38	3620.875	-1097.5989
35	39	3634.8875	-1136.4086
35	40	3633.9375	-1138.972
35	41	3620.6445	-1121.5372
35	42	3660.2817	-1165.452
35	43	3606.868	-1206.5856
35	44	3649.6113	-1180.7852
35	45	3600.1768	-1138.4597
35	47	3652.7612	-1181.7599
35	50	3653.7632	-1181.8563
36	1	3557.4678	-1155.0592
36	2	3592.1113	-1169.4869
36	3	3565.0735	-1163.8268
36	4	3621.7688	-1145.3206
36	5	3649.4612	-1180.4005
36	6	3605.362	-1161.2183
36	7	3588.688	-1164.2069
36	8	3597.7488	-1164.7402
36	9	3528.03	-1156.8466
36	10	3602.113	-1138.6194
36	11	3599.4636	-1137.3917
36	12	3599.4583	-1134.5636
36	13	3599.528	-1195.3219
36	15	3597.991	-1200.3988
36	16	3601.567	-1128.1082
36	17	3608.539	-1200.5764
36	18	3631.0386	-1159.9467
36	19	3603.5522	-1122.038
36	20	3612.7673	-1125.2871
36	22	3638.6008	-1160.7938
36	23	3614.4282	-1118.7915
36	25	3606.2388	-1113.0979
36	27	3635.6226	-1133.8046
36	28	3616.5652	-1111.9061
36	29	3647.5327	-1142.7238
36	30	3638.4133	-1125.5972
36	31	3615.9497	-1221.7872
36	32	3648.8281	-1137.906
36	33	3649.5432	-1181.0518
36	34	3624.2744	-1108.2692
36	37	3650.4087	-1132.0801
36	38	3620.875	-1097.5989
36	39	3634.8875	-1136.4086
36	40	3633.9375	-1138.972
36	41	3620.6445	-1121.5372
36	42	3660.0403	-1165.4208
36	43	3606.868	-1206.5856
36	44	3649.514	-1180.7747
36	45	3600.148	-1138.4658
36	50	3653.6565	-1181.8336
37	1	3556.2905	-1155.1117
37	2	3592.563	-1169.5585
37	3	3565.8572	-1163.7992
37	4	3621.9102	-1145.3502
37	5	3649.369	-1180.3983
37	6	3605.303	-1161.4216
37	7	3588.6865	-1164.207
37	8	3597.746	-1164.7401
37	9	3526.5007	-1156.9287
37	10	3602.1577	-1138.5715
37	11	3599.4636	-1137.3917
37	12	3599.4583	-1134.5636
37	13	3599.528	-1195.3219
37	15	3597.991	-1200.3988
37	16	3601.567	-1128.1082
37	17	3608.539	-1200.5764
37	18	3631.04	-1159.945
37	19	3603.5522	-1122.038
37	20	3612.7673	-1125.2871
37	22	3638.587	-1160.7888
37	23	3614.4282	-1118.7915
37	25	3606.2388	-1113.0979
37	27	3635.6226	-1133.8046
37	28	3616.5652	-1111.9061
37	29	3647.5327	-1142.7238
37	30	3638.4133	-1125.5972
37	31	3615.9497	-1221.7872
37	32	3648.8281	-1137.906
37	33	3649.4521	-1181.0267
37	34	3624.2744	-1108.2692
37	37	3650.4087	-1132.0801
37	38	3620.875	-1097.5989
37	39	3634.8875	-1136.4086
37	40	3633.9375	-1138.972
37	41	3620.6445	-1121.5372
37	42	3659.7654	-1165.3457
37	43	3606.868	-1206.5856
37	44	3649.4019	-1180.7675
37	50	3653.566	-1181.8805
38	1	3555.065	-1155.1859
38	2	3593.0222	-1169.6232
38	3	3566.5986	-1163.7762
38	4	3622.0713	-1145.3804
38	5	3649.2573	-1180.3845
38	6	3605.254	-1161.636
38	7	3588.6843	-1164.2069
38	8	3597.741	-1164.7408
38	9	3524.911	-1157.048
38	10	3602.2026	-1138.5215
38	11	3599.4636	-1137.3917
38	12	3599.4583	-1134.5636
38	13	3599.528	-1195.3219
38	15	3597.991	-1200.3988
38	16	3601.567	-1128.1082
38	17	3608.539	-1200.5764
38	18	3631.0378	-1159.9475
38	19	3603.5522	-1122.038
38	20	3612.7673	-1125.2871
38	22	3638.5923	-1160.8037
38	23	3614.4282	-1118.7915
38	25	3606.2388	-1113.0979
38	27	3635.6226	-1133.8046
38	28	3616.5652	-1111.9061
38	29	3647.5327	-1142.7238
38	30	3638.4133	-1125.5972
38	31	3615.9497	-1221.7872
38	32	3648.8281	-1137.906
38	33	3649.3516	-1181.0131
38	34	3624.2744	-1108.2692
38	37	3650.4087	-1132.0801
38	38	3620.875	-1097.5989
38	39	3634.8875	-1136.4086
38	40	3633.9375	-1138.972
38	41	3620.6445	-1121.5372
38	42	3659.3645	-1165.2756
38	43	3606.868	-1206.5856
39	1	3553.865	-1155.2139
39	2	3593.4534	-1169.6996
39	3	3567.2864	-1163.7585
39	4	3622.2288	-1145.4164
39	5	3649.157	-1180.373
39	6	3605.2058	-1161.8315
39	7	3588.6826	-1164.207
39	8	3597.756	-1164.736
39	9	3523.3455	-1157.1815
39	10	3602.2332	-1138.4639
39	11	3599.4636	-1137.3917
39	12	3599.4583	-1134.5636
39	13	3599.528	-1195.3219
39	15	3597.991	-1200.3988
39	16	3601.567	-1128.1082
39	17	3608.539	-1200.5764
39	18	3631.051	-1159.9425
39	19	3603.5522	-1122.038
39	20	3612.7673	-1125.2871
39	22	3638.5955	-1160.7853
39	23	3614.4282	-1118.7915
39	25	3606.2388	-1113.0979
39	27	3635.6226	-1133.8046
39	28	3616.5652	-1111.9061
39	29	3647.5327	-1142.7238
39	30	3638.4133	-1125.5972
39	31	3615.9497	-1221.7872
39	32	3648.8281	-1137.906
39	33	3649.2532	-1181.001
39	34	3624.2744	-1108.2692
39	37	3650.4087	-1132.0801
39	38	3620.875	-1097.5989
39	39	3634.8875	-1136.4086
39	40	3633.9375	-1138.972
39	41	3620.6445	-1121.5372
39	42	3659.0881	-1165.2117
39	43	3606.868	-1206.5856
39	45	3600.1584	-1138.4557
40	1	3552.7065	-1155.304
40	2	3593.8757	-1169.7798
40	3	3567.9512	-1163.7373
40	4	3622.3813	-1145.4523
40	5	3649.047	-1180.3506
40	6	3605.15	-1162.0527
40	7	3588.6826	-1164.2068
40	8	3597.7544	-1164.7418
40	9	3521.81	-1157.3182
40	10	3602.2703	-1138.4558
40	11	3599.4636	-1137.3917
40	12	3599.4583	-1134.5636
40	13	3599.528	-1195.3219
40	15	3597.991	-1200.3988
40	16	3601.567	-1128.1082
40	17	3608.539	-1200.5764
40	18	3631.037	-1159.9485
40	19	3603.5522	-1122.038
40	20	3612.7673	-1125.2871
40	22	3638.5847	-1160.795
40	23	3614.4282	-1118.7915
40	25	3606.2388	-1113.0979
40	27	3635.6226	-1133.8046
40	28	3616.5652	-1111.9061
40	29	3647.5327	-1142.7238
40	30	3638.4133	-1125.5972
40	31	3615.9497	-1221.7872
40	32	3648.8281	-1137.906
40	33	3649.1284	-1180.9934
40	34	3624.2744	-1108.2692
40	37	3650.4087	-1132.0801
40	38	3620.875	-1097.5989
40	39	3634.8875	-1136.4086
40	40	3633.9375	-1138.972
40	41	3620.6445	-1121.5372
40	42	3658.6836	-1165.127
40	43	3606.868	-1206.5856
40	45	3600.181	-1138.4315
41	1	3551.4675	-1155.3656
41	2	3594.3123	-1169.8754
41	3	3568.6086	-1163.7233
41	4	3622.5366	-1145.49
41	5	3648.962	-1180.3441
41	6	3605.0876	-1162.2524
41	7	3588.6807	-1164.2068
41	8	3597.7534	-1164.739
41	9	3520.2102	-1157.4352
41	10	3602.2969	-1138.4069
41	11	3599.4636	-1137.3917
41	12	3599.4583	-1134.5636
41	13	3599.528	-1195.3219
41	15	3597.991	-1200.3988
41	16	3601.567	-1128.1082
41	17	3608.539	-1200.5764
41	18	3631.0364	-1159.9365
41	19	3603.5522	-1122.038
41	20	3612.7673	-1125.2871
41	22	3638.5928	-1160.787
41	23	3614.4282	-1118.7915
41	25	3606.2388	-1113.0979
41	27	3635.6226	-1133.8046
41	28	3616.5652	-1111.9061
41	29	3647.5327	-1142.7238
41	30	3638.4133	-1125.5972
41	31	3615.9497	-1221.7872
41	32	3648.8281	-1137.906
41	33	3649.0564	-1180.9796
41	34	3624.2744	-1108.2692
41	37	3650.4087	-1132.0801
41	38	3620.875	-1097.5989
41	39	3634.8875	-1136.4086
41	40	3633.9375	-1138.972
41	41	3620.6445	-1121.5372
41	42	3658.3774	-1165.0698
41	43	3606.868	-1206.5856
41	45	3600.1948	-1138.5094
42	1	3550.2449	-1155.4261
42	2	3594.7275	-1169.9751
42	3	3569.2437	-1163.7122
42	4	3622.6829	-1145.5205
42	5	3648.83	-1180.3344
42	6	3605.0332	-1162.4683
42	7	3588.6794	-1164.2068
42	8	3597.7483	-1164.7383
42	9	3518.692	-1157.6146
42	10	3602.3162	-1138.3551
42	11	3599.4636	-1137.3917
42	12	3599.4583	-1134.5636
42	13	3599.528	-1195.3219
42	15	3597.991	-1200.3988
42	16	3601.567	-1128.1082
42	17	3608.539	-1200.5764
42	18	3631.0676	-1159.9501
42	19	3603.5522	-1122.038
42	20	3612.7673	-1125.2871
42	22	3638.5833	-1160.8042
42	23	3614.4282	-1118.7915
42	25	3606.2388	-1113.0979
42	27	3635.6226	-1133.8046
42	28	3616.5652	-1111.9061
42	29	3647.5327	-1142.7238
42	30	3638.4133	-1125.5972
42	31	3615.9497	-1221.7872
42	32	3648.8281	-1137.906
42	33	3648.9453	-1180.9762
42	34	3624.2744	-1108.2692
42	37	3650.4087	-1132.0801
42	38	3620.875	-1097.5989
42	39	3634.8875	-1136.4086
42	40	3633.9375	-1138.972
42	41	3620.6445	-1121.5372
42	42	3658.0232	-1164.9856
42	43	3606.868	-1206.5856
42	45	3600.215	-1138.5017
43	1	3549.056	-1155.4948
43	2	3595.1482	-1170.0791
43	3	3569.8594	-1163.6976
43	4	3622.832	-1145.5563
43	5	3648.7407	-1180.3002
43	6	3604.9824	-1162.6604
43	7	3588.6772	-1164.2068
43	8	3597.736	-1164.7446
43	9	3517.0344	-1157.6871
43	10	3602.3228	-1138.3385
43	11	3599.4636	-1137.3917
43	12	3599.4583	-1134.5636
43	13	3599.528	-1195.3219
43	15	3597.991	-1200.3988
43	16	3601.567	-1128.1082
43	17	3608.539	-1200.5764
43	18	3631.0613	-1159.9485
43	19	3603.5522	-1122.038
43	20	3612.7673	-1125.2871
43	22	3638.597	-1160.7834
43	23	3614.4282	-1118.7915
43	25	3606.2388	-1113.0979
43	27	3635.6226	-1133.8046
43	28	3616.5652	-1111.9061
43	29	3647.5327	-1142.7238
43	30	3638.4133	-1125.5972
43	31	3615.9497	-1221.7872
43	32	3648.8281	-1137.906
43	33	3648.8503	-1180.9745
43	34	3624.2744	-1108.2692
43	37	3650.4087	-1132.0801
43	38	3620.875	-1097.5989
43	39	3634.8875	-1136.4086
43	40	3633.9375	-1138.972
43	41	3620.6445	-1121.5372
43	42	3657.7114	-1164.9149
43	43	3606.868	-1206.5856
43	44	3648.797	-1180.6941
43	45	3600.2275	-1138.4888
44	1	3547.8164	-1155.5634
44	2	3595.5544	-1170.1948
44	3	3570.484	-1163.6897
44	4	3622.9858	-1145.5919
44	5	3648.636	-1180.2936
44	6	3604.9392	-1162.8671
44	7	3588.6753	-1164.2067
44	8	3597.7327	-1164.7352
44	9	3515.441	-1157.8027
44	10	3602.3188	-1138.3226
44	11	3599.4636	-1137.3917
44	12	3599.4583	-1134.5636
44	13	3599.528	-1195.3219
44	15	3597.991	-1200.3988
44	16	3601.567	-1128.1082
44	17	3608.539	-1200.5764
44	18	3631.0383	-1159.9374
44	19	3603.5522	-1122.038
44	20	3612.7673	-1125.2871
44	22	3638.5776	-1160.8016
44	23	3614.4282	-1118.7915
44	25	3606.2388	-1113.0979
44	27	3635.6226	-1133.8046
44	28	3616.5652	-1111.9061
44	29	3647.5327	-1142.7238
44	30	3638.4133	-1125.5972
44	31	3615.9497	-1221.7872
44	32	3648.8281	-1137.906
44	33	3648.7336	-1180.9642
44	34	3624.2744	-1108.2692
44	37	3650.4087	-1132.0801
44	38	3620.875	-1097.5989
44	39	3634.8875	-1136.4086
44	40	3633.9375	-1138.972
44	41	3620.6445	-1121.5372
44	42	3657.349	-1164.8499
44	43	3606.868	-1206.5856
44	44	3648.6936	-1180.6545
44	45	3600.2249	-1138.4812
45	1	3546.6282	-1155.6636
45	2	3595.9504	-1170.3215
45	3	3571.0552	-1163.6799
45	4	3623.1462	-1145.6296
45	5	3648.5508	-1180.2894
45	6	3604.9053	-1163.0717
45	7	3588.6729	-1164.2064
45	8	3597.7231	-1164.7388
45	9	3513.8232	-1157.9417
45	10	3602.327	-1138.3286
45	11	3599.4636	-1137.3917
45	12	3599.4583	-1134.5636
45	13	3599.528	-1195.3219
45	15	3597.991	-1200.3988
45	16	3601.567	-1128.1082
45	17	3608.539	-1200.5764
45	18	3631.0537	-1159.941
45	19	3603.5522	-1122.038
45	20	3612.7673	-1125.2871
45	22	3638.5876	-1160.7994
45	23	3614.4282	-1118.7915
45	25	3606.2388	-1113.0979
45	27	3635.6226	-1133.8046
45	28	3616.5652	-1111.9061
45	29	3647.5327	-1142.7238
45	30	3638.4133	-1125.5972
45	31	3615.9497	-1221.7872
45	32	3648.8281	-1137.906
45	33	3648.6516	-1180.9612
45	34	3624.2744	-1108.2692
45	37	3650.4087	-1132.0801
45	38	3620.875	-1097.5989
45	39	3634.8875	-1136.4086
45	40	3633.9375	-1138.972
45	41	3620.6445	-1121.5372
45	42	3657.0344	-1164.7607
45	43	3606.868	-1206.5856
45	44	3648.5898	-1180.6443
45	45	3600.209	-1138.5177
46	1	3545.391	-1155.7461
46	2	3596.3457	-1170.4543
46	3	3571.6194	-1163.6698
46	4	3623.311	-1145.6685
46	5	3648.4412	-1180.2646
46	6	3604.8823	-1163.2205
46	7	3588.6711	-1164.2063
46	8	3597.7244	-1164.7402
46	9	3512.2493	-1158.0656
46	10	3602.3418	-1138.3005
46	11	3599.4636	-1137.3917
46	12	3599.4583	-1134.5636
46	13	3599.528	-1195.3219
46	15	3597.991	-1200.3988
46	16	3601.567	-1128.1082
46	17	3608.539	-1200.5764
46	18	3631.0547	-1159.9452
46	19	3603.5522	-1122.038
46	20	3612.7673	-1125.2871
46	22	3638.5444	-1160.7834
46	23	3614.4282	-1118.7915
46	25	3606.2388	-1113.0979
46	27	3635.6226	-1133.8046
46	28	3616.5652	-1111.9061
46	29	3647.5327	-1142.7238
46	30	3638.4133	-1125.5972
46	31	3615.9497	-1221.7872
46	32	3648.8281	-1137.906
46	33	3648.546	-1180.946
46	34	3624.2744	-1108.2692
46	37	3650.4087	-1132.0801
46	38	3620.875	-1097.5989
46	39	3634.8875	-1136.4086
46	40	3633.9375	-1138.972
46	41	3620.6445	-1121.5372
46	42	3656.7722	-1164.6934
46	43	3606.868	-1206.5856
46	44	3648.494	-1180.6735
46	45	3600.27	-1138.4796
47	1	3544.1096	-1155.8275
47	2	3596.732	-1170.6019
47	3	3572.1782	-1163.6665
47	4	3623.4521	-1145.7096
47	5	3648.3525	-1180.2582
47	6	3604.849	-1163.4136
47	7	3588.6697	-1164.2064
47	8	3597.7227	-1164.7437
47	10	3602.3567	-1138.2571
47	11	3599.4636	-1137.3917
47	12	3599.4583	-1134.5636
47	13	3599.528	-1195.3219
47	15	3597.991	-1200.3988
47	16	3601.567	-1128.1082
47	17	3608.539	-1200.5764
47	18	3631.0305	-1159.9359
47	19	3603.5522	-1122.038
47	20	3612.7673	-1125.2871
47	22	3638.573	-1160.7988
47	23	3614.4282	-1118.7915
47	25	3606.2388	-1113.0979
47	27	3635.6226	-1133.8046
47	28	3616.5652	-1111.9061
47	29	3647.5327	-1142.7238
47	30	3638.4133	-1125.5972
47	31	3615.9497	-1221.7872
47	32	3648.8281	-1137.906
47	33	3648.4465	-1180.9365
47	34	3624.2744	-1108.2692
47	37	3650.4087	-1132.0801
47	38	3620.875	-1097.5989
47	39	3634.8875	-1136.4086
47	40	3633.9375	-1138.972
47	41	3620.6445	-1121.5372
47	42	3656.4434	-1164.6042
47	43	3606.868	-1206.5856
47	45	3600.1921	-1138.5132
48	1	3542.903	-1155.9377
48	2	3597.0972	-1170.7468
48	3	3572.7344	-1163.6631
48	4	3623.6016	-1145.7484
48	5	3648.2656	-1180.2361
48	6	3604.813	-1163.6262
48	7	3588.6694	-1164.2065
48	8	3597.7285	-1164.7427
48	10	3602.354	-1138.2413
48	11	3599.4636	-1137.3917
48	12	3599.4583	-1134.5636
48	13	3599.528	-1195.3219
48	15	3597.991	-1200.3988
48	16	3601.567	-1128.1082
48	17	3608.539	-1200.5764
48	18	3631.039	-1159.9452
48	19	3603.5522	-1122.038
48	20	3612.7673	-1125.2871
48	22	3638.5764	-1160.7941
48	23	3614.4282	-1118.7915
48	25	3606.2388	-1113.0979
48	27	3635.6226	-1133.8046
48	28	3616.5652	-1111.9061
48	29	3647.5327	-1142.7238
48	30	3638.4133	-1125.5972
48	31	3615.9497	-1221.7872
48	32	3648.8281	-1137.906
48	33	3648.3208	-1180.9181
48	34	3624.2744	-1108.2692
48	37	3650.4087	-1132.0801
48	38	3620.875	-1097.5989
48	39	3634.8875	-1136.4086
48	40	3633.9375	-1138.972
48	41	3620.6445	-1121.5372
48	42	3656.2131	-1164.5496
48	43	3606.868	-1206.5856
48	44	3648.281	-1180.6045
48	45	3600.2368	-1138.493
49	1	3541.6145	-1156.0214
49	2	3597.4678	-1170.906
49	3	3573.261	-1163.6605
49	4	3623.744	-1145.788
49	5	3648.1506	-1180.2195
49	6	3604.7388	-1163.8517
49	7	3588.6697	-1164.2067
49	8	3597.7185	-1164.7432
49	10	3602.3477	-1138.222
49	11	3599.4636	-1137.3917
49	12	3599.4583	-1134.5636
49	13	3599.528	-1195.3219
49	15	3597.991	-1200.3988
49	16	3601.567	-1128.1082
49	17	3608.539	-1200.5764
49	18	3631.0273	-1159.9414
49	19	3603.5522	-1122.038
49	20	3612.7673	-1125.2871
49	22	3638.571	-1160.7888
49	23	3614.4282	-1118.7915
49	25	3606.2388	-1113.0979
49	27	3635.6226	-1133.8046
49	28	3616.5652	-1111.9061
49	29	3647.5327	-1142.7238
49	30	3638.4133	-1125.5972
49	31	3615.9497	-1221.7872
49	32	3648.8281	-1137.906
49	33	3648.2263	-1180.9087
49	34	3624.2744	-1108.2692
49	37	3650.4087	-1132.0801
49	38	3620.875	-1097.5989
49	39	3634.8875	-1136.4086
49	40	3633.9375	-1138.972
49	41	3620.6445	-1121.5372
49	42	3656.0012	-1164.4535
49	43	3606.868	-1206.5856
49	44	3648.2073	-1180.5835
49	45	3600.2046	-1138.5116
50	1	3540.3132	-1156.1056
50	2	3597.8452	-1171.0835
50	3	3573.7559	-1163.6566
50	4	3623.8938	-1145.8348
50	5	3648.0527	-1180.2039
50	6	3604.709	-1164.0554
50	7	3588.6694	-1164.2067
50	8	3597.7236	-1164.74
50	10	3602.4136	-1138.2216
50	11	3599.4636	-1137.3917
50	12	3599.4583	-1134.5636
50	13	3599.528	-1195.3219
50	15	3597.991	-1200.3988
50	16	3601.567	-1128.1082
50	17	3608.539	-1200.5764
50	18	3631.024	-1159.9495
50	19	3603.5522	-1122.038
50	20	3612.7673	-1125.2871
50	22	3638.5793	-1160.7965
50	23	3614.4282	-1118.7915
50	25	3606.2388	-1113.0979
50	27	3635.6226	-1133.8046
50	28	3616.5652	-1111.9061
50	29	3647.5327	-1142.7238
50	30	3638.4133	-1125.5972
50	31	3615.9497	-1221.7872
50	32	3648.8281	-1137.906
50	33	3648.1245	-1180.8956
50	34	3624.2744	-1108.2692
50	37	3650.4087	-1132.0801
50	38	3620.875	-1097.5989
50	39	3634.8875	-1136.4086
50	40	3633.9375	-1138.972
50	41	3620.6445	-1121.5372
50	42	3655.668	-1164.3783
50	43	3606.868	-1206.5856
50	44	3648.0972	-1180.565
50	45	3600.1934	-1138.5088
51	1	3538.9817	-1156.2197
51	2	3598.2344	-1171.2825
51	3	3574.235	-1163.6602
51	4	3624.044	-1145.8868
51	5	3647.9705	-1180.1915
51	6	3604.667	-1164.2638
51	7	3588.6692	-1164.2065
51	8	3597.7266	-1164.7385
51	10	3602.3892	-1138.1573
51	11	3599.4636	-1137.3917
51	12	3599.4583	-1134.5636
51	13	3599.528	-1195.3219
51	15	3597.991	-1200.3988
51	16	3601.567	-1128.1082
51	17	3608.539	-1200.5764
51	18	3631.0283	-1159.9495
51	19	3603.5522	-1122.038
51	20	3612.7673	-1125.2871
51	22	3638.589	-1160.7893
51	23	3614.4282	-1118.7915
51	25	3606.2388	-1113.0979
51	27	3635.6226	-1133.8046
51	28	3616.5652	-1111.9061
51	29	3647.5327	-1142.7238
51	30	3638.4133	-1125.5972
51	31	3615.9497	-1221.7872
51	32	3648.8281	-1137.906
51	33	3648.05	-1180.8768
51	34	3624.2744	-1108.2692
51	37	3650.4087	-1132.0801
51	38	3620.875	-1097.5989
51	39	3634.8875	-1136.4086
51	40	3633.9375	-1138.972
51	41	3620.6445	-1121.5372
51	42	3655.5134	-1164.3098
51	43	3606.868	-1206.5856
51	44	3648.034	-1180.5734
51	45	3600.1738	-1138.5112
52	1	3537.6943	-1156.3118
52	2	3598.574	-1171.4619
52	3	3574.702	-1163.6566
52	4	3624.1875	-1145.937
52	5	3647.868	-1180.1885
52	6	3604.6484	-1164.4598
52	7	3588.6692	-1164.2065
52	8	3597.7302	-1164.7385
52	10	3602.3933	-1138.1077
52	11	3599.4636	-1137.3917
52	12	3599.4583	-1134.5636
52	13	3599.528	-1195.3219
52	15	3597.991	-1200.3988
52	16	3601.567	-1128.1082
52	17	3608.539	-1200.5764
52	18	3631.0264	-1159.9447
52	19	3603.5522	-1122.038
52	20	3612.7673	-1125.2871
52	22	3638.6006	-1160.7927
52	23	3614.4282	-1118.7915
52	25	3606.2388	-1113.0979
52	27	3635.6226	-1133.8046
52	28	3616.5652	-1111.9061
52	29	3647.5327	-1142.7238
52	30	3638.4133	-1125.5972
52	31	3615.9497	-1221.7872
52	32	3648.8281	-1137.906
52	33	3647.9133	-1180.868
52	34	3624.2744	-1108.2692
52	37	3650.4087	-1132.0801
52	38	3620.875	-1097.5989
52	39	3634.8875	-1136.4086
52	40	3633.9375	-1138.972
52	41	3620.6445	-1121.5372
52	42	3655.27	-1164.2505
52	43	3606.868	-1206.5856
52	45	3600.1733	-1138.5079
53	1	3536.3806	-1156.4025
53	2	3598.9302	-1171.6774
53	3	3575.1328	-1163.6589
53	4	3624.33	-1145.9888
53	5	3647.7507	-1180.1709
53	6	3604.6116	-1164.6932
53	7	3588.6692	-1164.2068
53	8	3597.7388	-1164.7397
53	10	3602.3992	-1138.069
53	11	3599.4636	-1137.3917
53	12	3599.4583	-1134.5636
53	13	3599.528	-1195.3219
53	15	3597.991	-1200.3988
53	16	3601.567	-1128.1082
53	17	3608.539	-1200.5764
53	18	3631.0256	-1159.9448
53	19	3603.5522	-1122.038
53	20	3612.7673	-1125.2871
53	22	3638.6042	-1160.7822
53	23	3614.4282	-1118.7915
53	25	3606.2388	-1113.0979
53	27	3635.6226	-1133.8046
53	28	3616.5652	-1111.9061
53	29	3647.5327	-1142.7238
53	30	3638.4133	-1125.5972
53	31	3615.9497	-1221.7872
53	32	3648.8281	-1137.906
53	33	3647.8418	-1180.8601
53	34	3624.2744	-1108.2692
53	37	3650.4087	-1132.0801
53	38	3620.875	-1097.5989
53	39	3634.8875	-1136.4086
53	40	3633.9375	-1138.972
53	41	3620.6445	-1121.5372
53	42	3655.0676	-1164.2122
53	43	3606.868	-1206.5856
53	44	3647.8052	-1180.534
53	45	3600.1907	-1138.5012
54	1	3535.0027	-1156.4845
54	2	3599.2605	-1171.8864
54	3	3575.5664	-1163.6632
54	4	3624.481	-1146.0437
54	5	3647.6665	-1180.1738
54	6	3604.5386	-1165.0239
54	7	3588.669	-1164.2065
54	8	3597.7407	-1164.7439
54	10	3602.4062	-1138.0295
54	11	3599.4636	-1137.3917
54	12	3599.4583	-1134.5636
54	13	3599.528	-1195.3219
54	15	3597.991	-1200.3988
54	16	3601.567	-1128.1082
54	17	3608.539	-1200.5764
54	18	3631.029	-1159.9491
54	19	3603.5522	-1122.038
54	20	3612.7673	-1125.2871
54	22	3638.6082	-1160.7949
54	23	3614.4282	-1118.7915
54	25	3606.2388	-1113.0979
54	27	3635.6226	-1133.8046
54	28	3616.5652	-1111.9061
54	29	3647.5327	-1142.7238
54	30	3638.4133	-1125.5972
54	31	3615.9497	-1221.7872
54	32	3648.8281	-1137.906
54	33	3647.7427	-1180.8444
54	34	3624.2744	-1108.2692
54	37	3650.4087	-1132.0801
54	38	3620.875	-1097.5989
54	39	3634.8875	-1136.4086
54	40	3633.9375	-1138.972
54	41	3620.6445	-1121.5372
54	42	3654.8516	-1164.175
54	43	3606.868	-1206.5856
54	44	3647.712	-1180.4823
54	45	3600.1707	-1138.5012
55	1	3533.634	-1156.591
55	2	3599.5725	-1172.0999
55	3	3575.977	-1163.6632
55	4	3624.6262	-1146.1003
55	5	3647.557	-1180.1526
55	6	3604.51	-1165.284
55	7	3588.669	-1164.2065
55	8	3597.738	-1164.7406
55	10	3602.414	-1138.0325
55	11	3599.4636	-1137.3917
55	12	3599.4583	-1134.5636
55	13	3599.528	-1195.3219
55	15	3597.991	-1200.3988
55	16	3601.567	-1128.1082
55	17	3608.539	-1200.5764
55	18	3631.0295	-1159.9512
55	19	3603.5522	-1122.038
55	20	3612.7673	-1125.2871
55	22	3638.618	-1160.8031
55	23	3614.4282	-1118.7915
55	25	3606.2388	-1113.0979
55	27	3635.6226	-1133.8046
55	28	3616.5652	-1111.9061
55	29	3647.5327	-1142.7238
55	30	3638.4133	-1125.5972
55	31	3615.9497	-1221.7872
55	32	3648.8281	-1137.906
55	33	3647.6448	-1180.8312
55	34	3624.2744	-1108.2692
55	37	3650.4087	-1132.0801
55	38	3620.875	-1097.5989
55	39	3634.8875	-1136.4086
55	40	3633.9375	-1138.972
55	41	3620.6445	-1121.5372
55	42	3654.697	-1164.1315
55	43	3606.868	-1206.5856
55	44	3647.5935	-1180.4786
55	45	3600.176	-1138.486
56	1	3532.3008	-1156.6681
56	2	3599.8926	-1172.3484
56	3	3576.3706	-1163.6729
56	4	3624.7847	-1146.1677
56	5	3647.4595	-1180.1528
56	6	3604.4893	-1165.4868
56	7	3588.669	-1164.2065
56	8	3597.7446	-1164.7421
56	10	3602.4512	-1138.0233
56	11	3599.4636	-1137.3917
56	12	3599.4583	-1134.5636
56	13	3599.528	-1195.3219
56	15	3597.991	-1200.3988
56	16	3601.567	-1128.1082
56	17	3608.539	-1200.5764
56	18	3631.0237	-1159.9467
56	19	3603.5522	-1122.038
56	20	3612.7673	-1125.2871
56	22	3638.599	-1160.7965
56	23	3614.4282	-1118.7915
56	25	3606.2388	-1113.0979
56	27	3635.6226	-1133.8046
56	28	3616.5652	-1111.9061
56	29	3647.5327	-1142.7238
56	30	3638.4133	-1125.5972
56	31	3615.9497	-1221.7872
56	32	3648.8281	-1137.906
56	33	3647.5671	-1180.8196
56	34	3624.2744	-1108.2692
56	37	3650.4087	-1132.0801
56	38	3620.875	-1097.5989
56	39	3634.8875	-1136.4086
56	40	3633.9375	-1138.972
56	41	3620.6445	-1121.5372
56	42	3654.4854	-1164.083
56	43	3606.868	-1206.5856
56	44	3647.527	-1180.4624
56	45	3600.2039	-1138.4893
56	46	3526.3262	-1148.4478
57	1	3530.98	-1156.7997
57	2	3600.21	-1172.5985
57	3	3576.7424	-1163.6755
57	4	3624.9192	-1146.2325
57	5	3647.3557	-1180.1368
57	6	3604.4521	-1165.7484
57	7	3588.669	-1164.2065
57	8	3597.7405	-1164.7468
57	11	3599.4636	-1137.3917
57	12	3599.4583	-1134.5636
57	13	3599.528	-1195.3219
57	15	3597.991	-1200.3988
57	16	3601.567	-1128.1082
57	17	3608.539	-1200.5764
57	18	3631.0151	-1159.9443
57	19	3603.5522	-1122.038
57	20	3612.7673	-1125.2871
57	22	3638.5586	-1160.7864
57	23	3614.4282	-1118.7915
57	25	3606.2388	-1113.0979
57	27	3635.6226	-1133.8046
57	28	3616.5652	-1111.9061
57	29	3647.5327	-1142.7238
57	30	3638.4133	-1125.5972
57	31	3615.9497	-1221.7872
57	32	3648.8281	-1137.906
57	33	3647.4697	-1180.801
57	34	3624.2744	-1108.2692
57	37	3650.4087	-1132.0801
57	38	3620.875	-1097.5989
57	39	3634.8875	-1136.4086
57	40	3633.9375	-1138.972
57	41	3620.6445	-1121.5372
57	42	3654.3225	-1164.0507
57	43	3606.868	-1206.5856
57	44	3647.4214	-1180.4467
57	45	3600.2158	-1138.5005
57	46	3526.531	-1148.4142
58	1	3529.6194	-1156.9065
58	2	3600.507	-1172.8654
58	3	3577.097	-1163.679
58	4	3625.0527	-1146.2922
58	5	3647.2825	-1180.1285
58	6	3604.4294	-1165.9508
58	7	3588.669	-1164.2064
58	8	3597.7407	-1164.7461
58	11	3599.4636	-1137.3917
58	12	3599.4583	-1134.5636
58	13	3599.528	-1195.3219
58	15	3597.991	-1200.3988
58	16	3601.567	-1128.1082
58	17	3608.539	-1200.5764
58	18	3631.0437	-1159.9509
58	19	3603.5522	-1122.038
58	20	3612.7673	-1125.2871
58	22	3638.5742	-1160.7943
58	23	3614.4282	-1118.7915
58	25	3606.2388	-1113.0979
58	27	3635.6226	-1133.8046
58	28	3616.5652	-1111.9061
58	29	3647.5327	-1142.7238
58	30	3638.4133	-1125.5972
58	31	3615.9497	-1221.7872
58	32	3648.8281	-1137.906
58	33	3647.3896	-1180.7866
58	34	3624.2744	-1108.2692
58	37	3650.4087	-1132.0801
58	38	3620.875	-1097.5989
58	39	3634.8875	-1136.4086
58	40	3633.9375	-1138.972
58	41	3620.6445	-1121.5372
58	42	3654.173	-1164.0181
58	43	3606.868	-1206.5856
58	46	3526.612	-1148.4052
59	1	3528.1997	-1157.0383
59	2	3600.8062	-1173.1317
59	3	3577.416	-1163.6875
59	4	3625.192	-1146.3605
59	5	3647.1477	-1180.1211
59	6	3604.4128	-1166.1486
59	7	3588.6687	-1164.2067
59	8	3597.7383	-1164.7423
59	11	3599.4636	-1137.3917
59	12	3599.4583	-1134.5636
59	13	3599.528	-1195.3219
59	15	3597.991	-1200.3988
59	16	3601.567	-1128.1082
59	17	3608.539	-1200.5764
59	18	3631.0425	-1159.9445
59	19	3603.5522	-1122.038
59	20	3612.7673	-1125.2871
59	22	3638.5754	-1160.7733
59	23	3614.4282	-1118.7915
59	25	3606.2388	-1113.0979
59	27	3635.6226	-1133.8046
59	28	3616.5652	-1111.9061
59	29	3647.5327	-1142.7238
59	30	3638.4133	-1125.5972
59	31	3615.9497	-1221.7872
59	32	3648.8281	-1137.906
59	33	3647.2634	-1180.7778
59	34	3624.2744	-1108.2692
59	37	3650.4087	-1132.0801
59	38	3620.875	-1097.5989
59	39	3634.8875	-1136.4086
59	40	3633.9375	-1138.972
59	41	3620.6445	-1121.5372
59	42	3653.9968	-1163.9961
59	43	3606.868	-1206.5856
59	44	3647.2053	-1180.435
59	45	3600.2676	-1138.499
59	46	3526.7158	-1148.3918
60	1	3526.7678	-1157.1448
60	2	3601.0728	-1173.4026
60	3	3577.7236	-1163.6948
60	4	3625.3306	-1146.4346
60	5	3647.0808	-1180.1053
60	6	3604.3801	-1166.3876
60	7	3588.6687	-1164.2067
60	8	3597.742	-1164.745
60	11	3599.4636	-1137.3917
60	12	3599.4583	-1134.5636
60	13	3599.528	-1195.3219
60	15	3597.991	-1200.3988
60	16	3601.567	-1128.1082
60	17	3608.539	-1200.5764
60	18	3631.0369	-1159.9419
60	19	3603.5522	-1122.038
60	20	3612.7673	-1125.2871
60	22	3638.5288	-1160.7783
60	23	3614.4282	-1118.7915
60	25	3606.2388	-1113.0979
60	27	3635.6226	-1133.8046
60	28	3616.5652	-1111.9061
60	29	3647.5327	-1142.7238
60	30	3638.4133	-1125.5972
60	31	3615.9497	-1221.7872
60	32	3648.8281	-1137.906
60	33	3647.1836	-1180.7455
60	34	3624.2744	-1108.2692
60	37	3650.4087	-1132.0801
60	38	3620.875	-1097.5989
60	39	3634.8875	-1136.4086
60	40	3633.9375	-1138.972
60	41	3620.6445	-1121.5372
60	42	3653.8433	-1163.9573
60	43	3606.868	-1206.5856
60	44	3647.1704	-1180.4342
60	45	3600.3188	-1138.4915
60	46	3526.8738	-1148.3627
61	1	3525.3438	-1157.2664
61	2	3601.3137	-1173.6432
61	3	3577.9873	-1163.6967
61	4	3625.4749	-1146.5051
61	5	3646.9827	-1180.0917
61	6	3604.3525	-1166.6315
61	7	3588.6685	-1164.2065
61	8	3597.7383	-1164.751
61	11	3599.4636	-1137.3917
61	12	3599.4583	-1134.5636
61	13	3599.528	-1195.3219
61	15	3597.991	-1200.3988
61	16	3601.567	-1128.1082
61	17	3608.539	-1200.5764
61	18	3631.0288	-1159.943
61	19	3603.5522	-1122.038
61	20	3612.7673	-1125.2871
61	22	3638.5168	-1160.7871
61	23	3614.4282	-1118.7915
61	25	3606.2388	-1113.0979
61	27	3635.6226	-1133.8046
61	28	3616.5652	-1111.9061
61	29	3647.5327	-1142.7238
61	30	3638.4133	-1125.5972
61	31	3615.9497	-1221.7872
61	32	3648.8281	-1137.906
61	33	3647.0742	-1180.7416
61	34	3624.2744	-1108.2692
61	37	3650.4087	-1132.0801
61	38	3620.875	-1097.5989
61	39	3634.8875	-1136.4086
61	40	3633.9375	-1138.972
61	41	3620.6445	-1121.5372
61	42	3653.7163	-1163.917
61	43	3606.868	-1206.5856
61	44	3647.0251	-1180.3969
61	45	3600.3354	-1138.5037
61	46	3526.9912	-1148.3363
62	1	3524.0405	-1157.3876
62	2	3601.567	-1173.9387
62	3	3578.2683	-1163.704
62	4	3625.6096	-1146.575
62	5	3646.9119	-1180.0853
62	6	3604.335	-1166.8293
62	7	3588.6685	-1164.2064
62	8	3597.7424	-1164.7463
62	11	3599.4636	-1137.3917
62	12	3599.4583	-1134.5636
62	13	3599.528	-1195.3219
62	15	3597.991	-1200.3988
62	16	3601.567	-1128.1082
62	17	3608.539	-1200.5764
62	18	3631.0334	-1159.9473
62	19	3603.5522	-1122.038
62	20	3612.7673	-1125.2871
62	22	3638.546	-1160.8013
62	23	3614.4282	-1118.7915
62	25	3606.2388	-1113.0979
62	27	3635.6226	-1133.8046
62	28	3616.5652	-1111.9061
62	29	3647.5327	-1142.7238
62	30	3638.4133	-1125.5972
62	31	3615.9497	-1221.7872
62	32	3648.8281	-1137.906
62	33	3646.9692	-1180.7357
62	34	3624.2744	-1108.2692
62	37	3650.4087	-1132.0801
62	38	3620.875	-1097.5989
62	39	3634.8875	-1136.4086
62	40	3633.9375	-1138.972
62	41	3620.6445	-1121.5372
62	42	3653.5747	-1163.8883
62	43	3606.868	-1206.5856
62	46	3527.1238	-1148.3313
63	1	3522.613	-1157.4833
63	2	3601.7893	-1174.2423
63	3	3578.505	-1163.7134
63	4	3625.7358	-1146.6393
63	5	3646.8086	-1180.0565
63	6	3604.3035	-1167.0354
63	7	3588.6687	-1164.2065
63	8	3597.7476	-1164.7448
63	11	3599.4636	-1137.3917
63	12	3599.4583	-1134.5636
63	13	3599.528	-1195.3219
63	15	3597.991	-1200.3988
63	16	3601.567	-1128.1082
63	17	3608.539	-1200.5764
63	18	3631.0203	-1159.9387
63	19	3603.5522	-1122.038
63	20	3612.7673	-1125.2871
63	22	3638.5652	-1160.7864
63	23	3614.4282	-1118.7915
63	25	3606.2388	-1113.0979
63	27	3635.6226	-1133.8046
63	28	3616.5652	-1111.9061
63	29	3647.5327	-1142.7238
63	30	3638.4133	-1125.5972
63	31	3615.9497	-1221.7872
63	32	3648.8281	-1137.906
63	33	3646.872	-1180.714
63	34	3624.2744	-1108.2692
63	37	3650.4087	-1132.0801
63	38	3620.875	-1097.5989
63	39	3634.8875	-1136.4086
63	40	3633.9375	-1138.972
63	41	3620.6445	-1121.5372
63	42	3653.4375	-1163.8655
63	43	3606.868	-1206.5856
63	44	3646.8406	-1180.3783
63	45	3600.4907	-1138.5938
63	46	3527.247	-1148.3171
63	51	3601.3135	-1137.7911
64	1	3521.273	-1157.6241
64	2	3602.0205	-1174.5479
64	3	3578.7249	-1163.7173
64	4	3625.8767	-1146.7153
64	5	3646.7205	-1180.0349
64	6	3604.2646	-1167.2167
64	7	3588.6687	-1164.2065
64	8	3597.7498	-1164.748
64	11	3599.4636	-1137.3917
64	12	3599.4583	-1134.5636
64	13	3599.528	-1195.3219
64	15	3597.991	-1200.3988
64	16	3601.567	-1128.1082
64	17	3608.539	-1200.5764
64	18	3631.0125	-1159.9425
64	19	3603.5522	-1122.038
64	20	3612.7673	-1125.2871
64	22	3638.565	-1160.7954
64	23	3614.4282	-1118.7915
64	25	3606.2388	-1113.0979
64	27	3635.6226	-1133.8046
64	28	3616.5652	-1111.9061
64	29	3647.5327	-1142.7238
64	30	3638.4133	-1125.5972
64	31	3615.9497	-1221.7872
64	32	3648.8281	-1137.906
64	33	3646.7507	-1180.6881
64	34	3624.2744	-1108.2692
64	37	3650.4087	-1132.0801
64	38	3620.875	-1097.5989
64	39	3634.8875	-1136.4086
64	40	3633.9375	-1138.972
64	41	3620.6445	-1121.5372
64	42	3653.2961	-1163.8372
64	43	3606.868	-1206.5856
64	44	3646.795	-1180.3889
64	45	3600.5132	-1138.6206
64	46	3527.3745	-1148.3158
64	51	3601.3213	-1137.7819
65	1	3519.8657	-1157.7192
65	2	3602.249	-1174.8745
65	3	3578.9597	-1163.7231
65	4	3626.0044	-1146.7917
65	5	3646.6387	-1180.0043
65	6	3604.2222	-1167.4398
65	7	3588.6687	-1164.2065
65	8	3597.7515	-1164.7458
65	11	3599.4636	-1137.3917
65	12	3599.4583	-1134.5636
65	13	3599.528	-1195.3219
65	15	3597.991	-1200.3988
65	16	3601.567	-1128.1082
65	17	3608.539	-1200.5764
65	18	3631.0125	-1159.9429
65	19	3603.5522	-1122.038
65	20	3612.7673	-1125.2871
65	22	3638.5552	-1160.8035
65	23	3614.4282	-1118.7915
65	25	3606.2388	-1113.0979
65	27	3635.6226	-1133.8046
65	28	3616.5652	-1111.9061
65	29	3647.5327	-1142.7238
65	30	3638.4133	-1125.5972
65	31	3615.9497	-1221.7872
65	32	3648.8281	-1137.906
65	33	3646.6606	-1180.6919
65	34	3624.2744	-1108.2692
65	37	3650.4087	-1132.0801
65	38	3620.875	-1097.5989
65	39	3634.8875	-1136.4086
65	40	3633.9375	-1138.972
65	41	3620.6445	-1121.5372
65	42	3653.1904	-1163.8064
65	43	3606.868	-1206.5856
65	44	3646.6855	-1180.3337
65	45	3600.5796	-1138.6323
65	46	3527.5012	-1148.3003
65	51	3601.3347	-1137.7772
66	1	3518.465	-1157.8214
66	2	3602.4602	-1175.2035
66	3	3579.1492	-1163.7213
66	4	3626.1516	-1146.8683
66	5	3646.5361	-1179.9717
66	6	3604.1782	-1167.629
66	7	3588.6687	-1164.2065
66	8	3597.7544	-1164.7495
66	11	3599.4636	-1137.3917
66	12	3599.4583	-1134.5636
66	13	3599.528	-1195.3219
66	15	3597.991	-1200.3988
66	16	3601.567	-1128.1082
66	17	3608.539	-1200.5764
66	18	3630.9998	-1159.9448
66	19	3603.5522	-1122.038
66	20	3612.7673	-1125.2871
66	22	3638.5781	-1160.7875
66	23	3614.4282	-1118.7915
66	25	3606.2388	-1113.0979
66	27	3635.6226	-1133.8046
66	28	3616.5652	-1111.9061
66	29	3647.5327	-1142.7238
66	30	3638.4133	-1125.5972
66	31	3615.9497	-1221.7872
66	32	3648.8281	-1137.906
66	33	3646.5637	-1180.6475
66	34	3624.2744	-1108.2692
66	37	3650.4087	-1132.0801
66	38	3620.875	-1097.5989
66	39	3634.8875	-1136.4086
66	40	3633.9375	-1138.972
66	41	3620.6445	-1121.5372
66	42	3653.0725	-1163.8018
66	43	3606.868	-1206.5856
66	44	3646.5645	-1180.3094
66	46	3527.631	-1148.2911
66	51	3601.352	-1137.7775
67	1	3516.9966	-1157.9172
67	2	3602.67	-1175.5594
67	3	3579.3325	-1163.7289
67	4	3626.2737	-1146.9436
67	5	3646.445	-1179.9352
67	6	3604.1301	-1167.8519
67	7	3588.6685	-1164.2064
67	8	3597.75	-1164.7439
67	11	3599.4636	-1137.3917
67	12	3599.4583	-1134.5636
67	13	3599.528	-1195.3219
67	15	3597.991	-1200.3988
67	16	3601.567	-1128.1082
67	17	3608.539	-1200.5764
67	18	3630.9941	-1159.9412
67	19	3603.5522	-1122.038
67	20	3612.7673	-1125.2871
67	22	3638.5664	-1160.7911
67	23	3614.4282	-1118.7915
67	25	3606.2388	-1113.0979
67	27	3635.6226	-1133.8046
67	28	3616.5652	-1111.9061
67	29	3647.5327	-1142.7238
67	30	3638.4133	-1125.5972
67	31	3615.9497	-1221.7872
67	32	3648.8281	-1137.906
67	33	3646.4678	-1180.6295
67	34	3624.2744	-1108.2692
67	37	3650.4087	-1132.0801
67	38	3620.875	-1097.5989
67	39	3634.8875	-1136.4086
67	40	3633.9375	-1138.972
67	41	3620.6445	-1121.5372
67	42	3652.9766	-1163.794
67	43	3606.868	-1206.5856
67	44	3646.4617	-1180.2887
67	46	3527.7583	-1148.2848
67	51	3601.3577	-1137.777
68	1	3515.5627	-1158.0023
68	2	3602.8586	-1175.9078
68	3	3579.4912	-1163.728
68	4	3626.4104	-1147.0234
68	5	3646.3665	-1179.8977
68	6	3604.0872	-1168.0701
68	7	3588.6685	-1164.2064
68	8	3597.7476	-1164.7485
68	11	3599.4636	-1137.3917
68	12	3599.4583	-1134.5636
68	13	3599.528	-1195.3219
68	15	3597.991	-1200.3988
68	16	3601.567	-1128.1082
68	17	3608.539	-1200.5764
68	18	3630.9902	-1159.9395
68	19	3603.5522	-1122.038
68	20	3612.7673	-1125.2871
68	22	3638.557	-1160.7731
68	23	3614.4282	-1118.7915
68	25	3606.2388	-1113.0979
68	27	3635.6226	-1133.8046
68	28	3616.5652	-1111.9061
68	29	3647.5327	-1142.7238
68	30	3638.4133	-1125.5972
68	31	3615.9497	-1221.7872
68	32	3648.8281	-1137.906
68	33	3646.3584	-1180.6063
68	34	3624.2744	-1108.2692
68	37	3650.4087	-1132.0801
68	38	3620.875	-1097.5989
68	39	3634.8875	-1136.4086
68	40	3633.9375	-1138.972
68	41	3620.6445	-1121.5372
68	42	3652.878	-1163.7802
68	43	3606.868	-1206.5856
68	45	3600.6782	-1138.7435
68	46	3527.8877	-1148.2845
68	51	3601.3704	-1137.7751
69	1	3514.039	-1158.1062
69	2	3603.0542	-1176.2861
69	3	3579.65	-1163.7386
69	4	3626.5354	-1147.0969
69	5	3646.288	-1179.8634
69	6	3604.0247	-1168.2808
69	7	3588.6687	-1164.2065
69	8	3597.745	-1164.7394
69	11	3599.4636	-1137.3917
69	12	3599.4583	-1134.5636
69	13	3599.528	-1195.3219
69	15	3597.991	-1200.3988
69	16	3601.567	-1128.1082
69	17	3608.539	-1200.5764
69	18	3630.9932	-1159.9419
69	19	3603.5522	-1122.038
69	20	3612.7673	-1125.2871
69	22	3638.5454	-1160.7837
69	23	3614.4282	-1118.7915
69	25	3606.2388	-1113.0979
69	27	3635.6226	-1133.8046
69	28	3616.5652	-1111.9061
69	29	3647.5327	-1142.7238
69	30	3638.4133	-1125.5972
69	31	3615.9497	-1221.7872
69	32	3648.8281	-1137.906
69	33	3646.249	-1180.5615
69	34	3624.2744	-1108.2692
69	37	3650.4087	-1132.0801
69	38	3620.875	-1097.5989
69	39	3634.8875	-1136.4086
69	40	3633.9375	-1138.972
69	41	3620.6445	-1121.5372
69	42	3652.8047	-1163.7635
69	43	3606.868	-1206.5856
69	44	3646.2634	-1180.1866
69	45	3600.6934	-1138.7289
69	46	3528.0244	-1148.287
69	51	3601.383	-1137.777
70	1	3512.6526	-1158.208
70	2	3603.2356	-1176.6681
70	3	3579.785	-1163.7386
70	4	3626.6758	-1147.1738
70	5	3646.1917	-1179.8228
70	6	3603.9824	-1168.5106
70	7	3588.6687	-1164.2065
70	8	3597.7422	-1164.7428
70	11	3599.4636	-1137.3917
70	12	3599.4583	-1134.5636
70	13	3599.528	-1195.3219
70	15	3597.991	-1200.3988
70	16	3601.567	-1128.1082
70	17	3608.539	-1200.5764
70	18	3630.99	-1159.9447
70	19	3603.5522	-1122.038
70	20	3612.7673	-1125.2871
70	22	3638.57	-1160.7742
70	23	3614.4282	-1118.7915
70	25	3606.2388	-1113.0979
70	27	3635.6226	-1133.8046
70	28	3616.5652	-1111.9061
70	29	3647.5327	-1142.7238
70	30	3638.4133	-1125.5972
70	31	3615.9497	-1221.7872
70	32	3648.8281	-1137.906
70	33	3646.1345	-1180.5338
70	34	3624.2744	-1108.2692
70	37	3650.4087	-1132.0801
70	38	3620.875	-1097.5989
70	39	3634.8875	-1136.4086
70	40	3633.9375	-1138.972
70	41	3620.6445	-1121.5372
70	42	3652.7156	-1163.7578
70	43	3606.868	-1206.5856
70	44	3646.1584	-1180.1761
70	45	3600.7078	-1138.7515
70	46	3528.1484	-1148.2659
70	51	3601.3953	-1137.7776
71	2	3603.406	-1177.0677
71	3	3579.9006	-1163.7358
71	4	3626.7947	-1147.2454
71	5	3646.1157	-1179.7993
71	6	3603.9268	-1168.7249
71	7	3588.6687	-1164.2065
71	8	3597.755	-1164.7478
71	11	3599.4636	-1137.3917
71	12	3599.4583	-1134.5636
71	13	3599.528	-1195.3219
71	15	3597.991	-1200.3988
71	16	3601.567	-1128.1082
71	17	3608.539	-1200.5764
71	18	3630.9924	-1159.9375
71	19	3603.5522	-1122.038
71	20	3612.7673	-1125.2871
71	22	3638.5654	-1160.7697
71	23	3614.4282	-1118.7915
71	25	3606.2388	-1113.0979
71	27	3635.6226	-1133.8046
71	28	3616.5652	-1111.9061
71	29	3647.5327	-1142.7238
71	30	3638.4133	-1125.5972
71	31	3615.9497	-1221.7872
71	32	3648.8281	-1137.906
71	33	3646.054	-1180.5217
71	34	3624.2744	-1108.2692
71	37	3650.4087	-1132.0801
71	38	3620.875	-1097.5989
71	39	3634.8875	-1136.4086
71	40	3633.9375	-1138.972
71	41	3620.6445	-1121.5372
71	42	3652.6396	-1163.7345
71	43	3606.868	-1206.5856
71	44	3646.0933	-1180.1531
71	45	3600.7498	-1138.8
71	46	3528.2883	-1148.2526
71	51	3601.386	-1137.7584
72	2	3603.572	-1177.4824
72	3	3580.0076	-1163.7413
72	4	3626.9187	-1147.3234
72	5	3646.016	-1179.7437
72	6	3603.8618	-1168.9519
72	7	3588.6685	-1164.2065
72	8	3597.7537	-1164.7432
72	11	3599.4636	-1137.3917
72	12	3599.4583	-1134.5636
72	13	3599.528	-1195.3219
72	15	3597.991	-1200.3988
72	16	3601.567	-1128.1082
72	17	3608.539	-1200.5764
72	18	3630.988	-1159.9406
72	19	3603.5522	-1122.038
72	20	3612.7673	-1125.2871
72	22	3638.5571	-1160.7744
72	23	3614.4282	-1118.7915
72	25	3606.2388	-1113.0979
72	27	3635.6226	-1133.8046
72	28	3616.5652	-1111.9061
72	29	3647.5327	-1142.7238
72	30	3638.4133	-1125.5972
72	31	3615.9497	-1221.7872
72	32	3648.8281	-1137.906
72	33	3645.9575	-1180.4863
72	34	3624.2744	-1108.2692
72	37	3650.4087	-1132.0801
72	38	3620.875	-1097.5989
72	39	3634.8875	-1136.4086
72	40	3633.9375	-1138.972
72	41	3620.6445	-1121.5372
72	42	3652.559	-1163.7219
72	43	3606.868	-1206.5856
72	44	3646.013	-1180.118
72	45	3600.7573	-1138.7906
72	46	3528.416	-1148.2445
72	48	3649.2366	-1180.931
72	49	3602.5635	-1138.1332
72	51	3601.394	-1137.7709
73	2	3603.72	-1177.9047
73	3	3580.1033	-1163.7407
73	4	3627.0327	-1147.3932
73	5	3645.924	-1179.6958
73	6	3603.8008	-1169.1787
73	7	3588.6685	-1164.2065
73	8	3597.754	-1164.7445
73	11	3599.4636	-1137.3917
73	12	3599.4583	-1134.5636
73	13	3599.528	-1195.3219
73	15	3597.991	-1200.3988
73	16	3601.567	-1128.1082
73	17	3608.539	-1200.5764
73	18	3631.0154	-1159.9443
73	19	3603.5522	-1122.038
73	20	3612.7673	-1125.2871
73	22	3638.5857	-1160.7828
73	23	3614.4282	-1118.7915
73	25	3606.2388	-1113.0979
73	27	3635.6226	-1133.8046
73	28	3616.5652	-1111.9061
73	29	3647.5327	-1142.7238
73	30	3638.4133	-1125.5972
73	31	3615.9497	-1221.7872
73	32	3648.8281	-1137.906
73	33	3645.8796	-1180.4598
73	34	3624.2744	-1108.2692
73	37	3650.4087	-1132.0801
73	38	3620.875	-1097.5989
73	39	3634.8875	-1136.4086
73	40	3633.9375	-1138.972
73	41	3620.6445	-1121.5372
73	42	3652.4749	-1163.706
73	43	3606.868	-1206.5856
73	44	3645.9055	-1180.0602
73	45	3600.782	-1138.8262
73	46	3528.5525	-1148.2438
73	48	3649.177	-1180.915
73	49	3602.5623	-1138.1272
73	51	3601.4045	-1137.7739
74	2	3603.8667	-1178.3397
74	3	3580.1758	-1163.7351
74	4	3627.165	-1147.4674
74	5	3645.8354	-1179.6461
74	6	3603.734	-1169.4185
74	7	3588.6685	-1164.2065
74	8	3597.749	-1164.7407
74	11	3599.4636	-1137.3917
74	12	3599.4583	-1134.5636
74	13	3599.528	-1195.3219
74	15	3597.991	-1200.3988
74	16	3601.567	-1128.1082
74	17	3608.539	-1200.5764
74	18	3631.005	-1159.9448
74	19	3603.5522	-1122.038
74	20	3612.7673	-1125.2871
74	22	3638.5735	-1160.7793
74	23	3614.4282	-1118.7915
74	25	3606.2388	-1113.0979
74	27	3635.6226	-1133.8046
74	28	3616.5652	-1111.9061
74	29	3647.5327	-1142.7238
74	30	3638.4133	-1125.5972
74	31	3615.9497	-1221.7872
74	32	3648.8281	-1137.906
74	33	3645.7842	-1180.4696
74	34	3624.2744	-1108.2692
74	37	3650.4087	-1132.0801
74	38	3620.875	-1097.5989
74	39	3634.8875	-1136.4086
74	40	3633.9375	-1138.972
74	41	3620.6445	-1121.5372
74	42	3652.3997	-1163.6897
74	43	3606.868	-1206.5856
74	44	3645.8076	-1180.0723
74	45	3600.8152	-1138.8585
74	46	3528.6787	-1148.2421
74	48	3649.0242	-1180.8561
74	49	3602.5815	-1138.1256
75	2	3603.9893	-1178.7695
75	3	3580.2615	-1163.7441
75	4	3627.284	-1147.5468
75	5	3645.759	-1179.5925
75	6	3603.6921	-1169.637
75	7	3588.6685	-1164.2064
75	8	3597.7458	-1164.7388
75	11	3599.4636	-1137.3917
75	12	3599.4583	-1134.5636
75	13	3599.528	-1195.3219
75	15	3597.991	-1200.3988
75	16	3601.567	-1128.1082
75	17	3608.539	-1200.5764
75	18	3631.021	-1159.945
75	19	3603.5522	-1122.038
75	20	3612.7673	-1125.2871
75	22	3638.5713	-1160.7799
75	23	3614.4282	-1118.7915
75	25	3606.2388	-1113.0979
75	27	3635.6226	-1133.8046
75	28	3616.5652	-1111.9061
75	29	3647.5327	-1142.7238
75	30	3638.4133	-1125.5972
75	31	3615.9497	-1221.7872
75	32	3648.8281	-1137.906
75	33	3645.712	-1180.4158
75	34	3624.2744	-1108.2692
75	37	3650.4087	-1132.0801
75	38	3620.875	-1097.5989
75	39	3634.8875	-1136.4086
75	40	3633.9375	-1138.972
75	41	3620.6445	-1121.5372
75	42	3652.333	-1163.6758
75	43	3606.868	-1206.5856
75	44	3645.72	-1180.075
75	45	3600.8276	-1138.88
75	46	3528.8176	-1148.2197
75	48	3648.9485	-1180.8501
76	2	3604.1045	-1179.2134
76	3	3580.321	-1163.7423
76	4	3627.4114	-1147.6265
76	5	3645.6724	-1179.5608
76	6	3603.6448	-1169.8987
76	7	3588.6685	-1164.2064
76	8	3597.744	-1164.7418
76	11	3599.4636	-1137.3917
76	12	3599.4583	-1134.5636
76	13	3599.528	-1195.3219
76	15	3597.991	-1200.3988
76	16	3601.567	-1128.1082
76	17	3608.539	-1200.5764
76	18	3631.0215	-1159.9445
76	19	3603.5522	-1122.038
76	20	3612.7673	-1125.2871
76	22	3638.5603	-1160.7875
76	23	3614.4282	-1118.7915
76	25	3606.2388	-1113.0979
76	27	3635.6226	-1133.8046
76	28	3616.5652	-1111.9061
76	29	3647.5327	-1142.7238
76	30	3638.4133	-1125.5972
76	31	3615.9497	-1221.7872
76	32	3648.8281	-1137.906
76	33	3645.6353	-1180.4119
76	34	3624.2744	-1108.2692
76	37	3650.4087	-1132.0801
76	38	3620.875	-1097.5989
76	39	3634.8875	-1136.4086
76	40	3633.9375	-1138.972
76	41	3620.6445	-1121.5372
76	42	3652.254	-1163.6669
76	43	3606.868	-1206.5856
76	44	3645.6235	-1180.1018
76	45	3600.8428	-1138.8906
76	46	3528.943	-1148.2114
76	48	3648.8728	-1180.8325
76	49	3602.599	-1138.1368
77	2	3604.2185	-1179.672
77	3	3580.3735	-1163.7455
77	4	3627.4817	-1147.6965
77	5	3645.5781	-1179.5201
77	6	3603.6096	-1170.147
77	7	3588.6682	-1164.2064
77	8	3597.743	-1164.7389
77	11	3599.4636	-1137.3917
77	12	3599.4583	-1134.5636
77	13	3599.528	-1195.3219
77	15	3597.991	-1200.3988
77	16	3601.567	-1128.1082
77	17	3608.539	-1200.5764
77	18	3631.0266	-1159.9475
77	19	3603.5522	-1122.038
77	20	3612.7673	-1125.2871
77	22	3638.569	-1160.7822
77	23	3614.4282	-1118.7915
77	25	3606.2388	-1113.0979
77	27	3635.6226	-1133.8046
77	28	3616.5652	-1111.9061
77	29	3647.5327	-1142.7238
77	30	3638.4133	-1125.5972
77	31	3615.9497	-1221.7872
77	32	3648.8281	-1137.906
77	33	3645.488	-1180.3907
77	34	3624.2744	-1108.2692
77	37	3650.4087	-1132.0801
77	38	3620.875	-1097.5989
77	39	3634.8875	-1136.4086
77	40	3633.9375	-1138.972
77	41	3620.6445	-1121.5372
77	42	3652.1821	-1163.6572
77	43	3606.868	-1206.5856
77	45	3600.8667	-1138.9047
77	46	3529.0713	-1148.1996
77	48	3648.8113	-1180.8032
77	49	3602.6208	-1138.1241
78	2	3604.3262	-1180.1473
78	3	3580.41	-1163.7437
78	4	3627.5725	-1147.7789
78	5	3645.493	-1179.4828
78	6	3603.576	-1170.3894
78	7	3588.6682	-1164.2064
78	8	3597.7341	-1164.7396
78	11	3599.4636	-1137.3917
78	12	3599.4583	-1134.5636
78	13	3599.528	-1195.3219
78	15	3597.991	-1200.3988
78	16	3601.567	-1128.1082
78	17	3608.539	-1200.5764
78	18	3631.006	-1159.9445
78	19	3603.5522	-1122.038
78	20	3612.7673	-1125.2871
78	22	3638.5745	-1160.7886
78	23	3614.4282	-1118.7915
78	25	3606.2388	-1113.0979
78	27	3635.6226	-1133.8046
78	28	3616.5652	-1111.9061
78	29	3647.5327	-1142.7238
78	30	3638.4133	-1125.5972
78	31	3615.9497	-1221.7872
78	32	3648.8281	-1137.906
78	33	3645.394	-1180.3214
78	34	3624.2744	-1108.2692
78	37	3650.4087	-1132.0801
78	38	3620.875	-1097.5989
78	39	3634.8875	-1136.4086
78	40	3633.9375	-1138.972
78	41	3620.6445	-1121.5372
78	42	3652.118	-1163.6467
78	43	3606.868	-1206.5856
78	45	3600.878	-1138.9119
78	46	3529.2007	-1148.1826
78	48	3648.7083	-1180.7738
78	49	3602.597	-1138.0936
79	2	3604.411	-1180.6094
79	3	3580.4333	-1163.7434
79	5	3645.4062	-1179.4481
79	6	3603.5454	-1170.6501
79	7	3588.668	-1164.2065
79	8	3597.733	-1164.7389
79	11	3599.4636	-1137.3917
79	12	3599.4583	-1134.5636
79	13	3599.528	-1195.3219
79	15	3597.991	-1200.3988
79	16	3601.567	-1128.1082
79	17	3608.539	-1200.5764
79	18	3631.018	-1159.9473
79	19	3603.5522	-1122.038
79	20	3612.7673	-1125.2871
79	22	3638.5806	-1160.7794
79	23	3614.4282	-1118.7915
79	25	3606.2388	-1113.0979
79	27	3635.6226	-1133.8046
79	28	3616.5652	-1111.9061
79	29	3647.5327	-1142.7238
79	30	3638.4133	-1125.5972
79	31	3615.9497	-1221.7872
79	32	3648.8281	-1137.906
79	33	3645.3237	-1180.2926
79	34	3624.2744	-1108.2692
79	37	3650.4087	-1132.0801
79	38	3620.875	-1097.5989
79	39	3634.8875	-1136.4086
79	40	3633.9375	-1138.972
79	41	3620.6445	-1121.5372
79	42	3652.0632	-1163.6353
79	43	3606.868	-1206.5856
79	45	3600.8748	-1138.9064
79	46	3529.3376	-1148.1661
79	48	3648.6194	-1180.7494
79	49	3602.6135	-1138.0931
80	2	3604.4917	-1181.0934
80	3	3580.4568	-1163.7466
80	5	3645.2878	-1179.4088
80	6	3603.5195	-1170.8982
80	7	3588.668	-1164.2065
80	8	3597.736	-1164.7386
80	11	3599.4636	-1137.3917
80	12	3599.4583	-1134.5636
80	13	3599.528	-1195.3219
80	15	3597.991	-1200.3988
80	16	3601.567	-1128.1082
80	17	3608.539	-1200.5764
80	18	3631.027	-1159.947
80	19	3603.5522	-1122.038
80	20	3612.7673	-1125.2871
80	22	3638.558	-1160.7806
80	23	3614.4282	-1118.7915
80	25	3606.2388	-1113.0979
80	27	3635.6226	-1133.8046
80	28	3616.5652	-1111.9061
80	29	3647.5327	-1142.7238
80	30	3638.4133	-1125.5972
80	31	3615.9497	-1221.7872
80	32	3648.8281	-1137.906
80	33	3645.2932	-1180.2151
80	34	3624.2744	-1108.2692
80	37	3650.4087	-1132.0801
80	38	3620.875	-1097.5989
80	39	3634.8875	-1136.4086
80	40	3633.9375	-1138.972
80	41	3620.6445	-1121.5372
80	42	3651.9963	-1163.6277
80	43	3606.868	-1206.5856
80	45	3600.869	-1138.9042
80	46	3529.4604	-1148.15
80	48	3648.5432	-1180.7155
80	49	3602.6143	-1138.0692
81	2	3604.5518	-1181.5804
81	3	3580.4714	-1163.7489
81	5	3645.182	-1179.3796
81	6	3603.4934	-1171.1626
81	7	3588.6682	-1164.2064
81	8	3597.7317	-1164.737
81	11	3599.4636	-1137.3917
81	12	3599.4583	-1134.5636
81	13	3599.528	-1195.3219
81	15	3597.991	-1200.3988
81	16	3601.567	-1128.1082
81	17	3608.539	-1200.5764
81	18	3631.024	-1159.9384
81	19	3603.5522	-1122.038
81	20	3612.7673	-1125.2871
81	22	3638.579	-1160.7826
81	23	3614.4282	-1118.7915
81	25	3606.2388	-1113.0979
81	27	3635.6226	-1133.8046
81	28	3616.5652	-1111.9061
81	29	3647.5327	-1142.7238
81	30	3638.4133	-1125.5972
81	31	3615.9497	-1221.7872
81	32	3648.8281	-1137.906
81	34	3624.2744	-1108.2692
81	37	3650.4087	-1132.0801
81	38	3620.875	-1097.5989
81	39	3634.8875	-1136.4086
81	40	3633.9375	-1138.972
81	41	3620.6445	-1121.5372
81	42	3651.9448	-1163.6046
81	43	3606.868	-1206.5856
81	44	3645.1816	-1180.1797
81	45	3600.8723	-1138.8994
81	46	3529.587	-1148.134
81	48	3648.4465	-1180.6989
81	49	3602.61	-1138.0325
82	2	3604.6152	-1182.0663
82	3	3580.4934	-1163.7477
82	4	3628.305	-1148.2598
82	5	3645.0942	-1179.3485
82	6	3603.4788	-1171.4176
82	7	3588.6682	-1164.2065
82	8	3597.7244	-1164.7456
82	11	3599.4636	-1137.3917
82	12	3599.4583	-1134.5636
82	13	3599.528	-1195.3219
82	15	3597.991	-1200.3988
82	16	3601.567	-1128.1082
82	17	3608.539	-1200.5764
82	18	3631.023	-1159.944
82	19	3603.5522	-1122.038
82	20	3612.7673	-1125.2871
82	22	3638.5835	-1160.7819
82	23	3614.4282	-1118.7915
82	25	3606.2388	-1113.0979
82	27	3635.6226	-1133.8046
82	28	3616.5652	-1111.9061
82	29	3647.5327	-1142.7238
82	30	3638.4133	-1125.5972
82	31	3615.9497	-1221.7872
82	32	3648.8281	-1137.906
82	34	3624.2744	-1108.2692
82	37	3650.4087	-1132.0801
82	38	3620.875	-1097.5989
82	39	3634.8875	-1136.4086
82	40	3633.9375	-1138.972
82	41	3620.6445	-1121.5372
82	42	3651.9102	-1163.6062
82	43	3606.868	-1206.5856
82	44	3645.0806	-1180.1445
82	45	3600.8728	-1138.8892
82	46	3529.7139	-1148.128
82	48	3648.357	-1180.6807
82	49	3602.5999	-1138.0177
83	2	3604.6667	-1182.5596
83	3	3580.4958	-1163.743
83	4	3628.488	-1148.3989
83	5	3644.9983	-1179.3191
83	6	3603.4583	-1171.6945
83	7	3588.6682	-1164.2064
83	8	3597.7246	-1164.7424
83	11	3599.4636	-1137.3917
83	12	3599.4583	-1134.5636
83	13	3599.528	-1195.3219
83	15	3597.991	-1200.3988
83	16	3601.567	-1128.1082
83	17	3608.539	-1200.5764
83	18	3631.0244	-1159.9429
83	19	3603.5522	-1122.038
83	20	3612.7673	-1125.2871
83	22	3638.5757	-1160.7856
83	23	3614.4282	-1118.7915
83	25	3606.2388	-1113.0979
83	27	3635.6226	-1133.8046
83	28	3616.5652	-1111.9061
83	29	3647.5327	-1142.7238
83	30	3638.4133	-1125.5972
83	31	3615.9497	-1221.7872
83	32	3648.8281	-1137.906
83	34	3624.2744	-1108.2692
83	37	3650.4087	-1132.0801
83	38	3620.875	-1097.5989
83	39	3634.8875	-1136.4086
83	40	3633.9375	-1138.972
83	41	3620.6445	-1121.5372
83	42	3651.8735	-1163.5836
83	43	3606.868	-1206.5856
83	44	3645.0085	-1180.1138
83	45	3600.8762	-1138.879
83	46	3529.8452	-1148.1102
83	48	3648.2769	-1180.6633
83	49	3602.6035	-1137.9911
84	2	3604.6978	-1183.1091
84	3	3580.497	-1163.7434
84	4	3628.5361	-1148.4332
84	5	3644.8997	-1179.2922
84	6	3603.4504	-1171.9598
84	7	3588.668	-1164.2063
84	8	3597.726	-1164.7377
84	11	3599.4636	-1137.3917
84	12	3599.4583	-1134.5636
84	13	3599.528	-1195.3219
84	15	3597.991	-1200.3988
84	16	3601.567	-1128.1082
84	17	3608.539	-1200.5764
84	18	3631.0398	-1159.9491
84	19	3603.5522	-1122.038
84	20	3612.7673	-1125.2871
84	22	3638.5684	-1160.7828
84	23	3614.4282	-1118.7915
84	25	3606.2388	-1113.0979
84	27	3635.6226	-1133.8046
84	28	3616.5652	-1111.9061
84	29	3647.5327	-1142.7238
84	30	3638.4133	-1125.5972
84	31	3615.9497	-1221.7872
84	32	3648.8281	-1137.906
84	33	3644.9526	-1179.7437
84	34	3624.2744	-1108.2692
84	37	3650.4087	-1132.0801
84	38	3620.875	-1097.5989
84	39	3634.8875	-1136.4086
84	40	3633.9375	-1138.972
84	41	3620.6445	-1121.5372
84	42	3651.8337	-1163.5773
84	43	3606.868	-1206.5856
84	44	3644.9531	-1180.0924
84	45	3600.8765	-1138.8721
84	46	3529.987	-1148.0883
84	48	3648.1877	-1180.6292
84	49	3602.5903	-1137.9545
85	2	3604.7314	-1183.6213
85	3	3580.4954	-1163.7471
85	4	3628.6543	-1148.4967
85	5	3644.7961	-1179.2587
85	6	3603.422	-1172.2206
85	7	3588.6682	-1164.2063
85	8	3597.7258	-1164.7417
85	11	3599.4636	-1137.3917
85	12	3599.4583	-1134.5636
85	13	3599.528	-1195.3219
85	15	3597.991	-1200.3988
85	16	3601.567	-1128.1082
85	17	3608.539	-1200.5764
85	18	3631.0366	-1159.95
85	19	3603.5522	-1122.038
85	20	3612.7673	-1125.2871
85	22	3638.5928	-1160.7783
85	23	3614.4282	-1118.7915
85	25	3606.2388	-1113.0979
85	27	3635.6226	-1133.8046
85	28	3616.5652	-1111.9061
85	29	3647.5327	-1142.7238
85	30	3638.4133	-1125.5972
85	31	3615.9497	-1221.7872
85	32	3648.8281	-1137.906
85	33	3644.8408	-1179.7113
85	34	3624.2744	-1108.2692
85	38	3620.875	-1097.5989
85	39	3634.8875	-1136.4086
85	40	3633.9375	-1138.972
85	41	3620.6445	-1121.5372
85	42	3651.8018	-1163.5846
85	43	3606.868	-1206.5856
85	44	3644.8606	-1180.0673
85	45	3600.8706	-1138.8746
85	46	3530.1396	-1148.0657
85	48	3648.0964	-1180.5889
85	49	3602.6038	-1137.8909
85	54	3650.001	-1132.0178
86	2	3604.7446	-1184.1492
86	3	3580.4866	-1163.7463
86	4	3628.8022	-1148.5933
86	5	3644.7097	-1179.2288
86	6	3603.3987	-1172.5151
86	7	3588.6682	-1164.2063
86	8	3597.724	-1164.7421
86	11	3599.4636	-1137.3917
86	12	3599.4583	-1134.5636
86	13	3599.528	-1195.3219
86	15	3597.991	-1200.3988
86	16	3601.567	-1128.1082
86	17	3608.539	-1200.5764
86	18	3631.0286	-1159.9497
86	19	3603.5522	-1122.038
86	20	3612.7673	-1125.2871
86	22	3638.5835	-1160.7948
86	23	3614.4282	-1118.7915
86	25	3606.2388	-1113.0979
86	27	3635.6226	-1133.8046
86	28	3616.5652	-1111.9061
86	29	3647.5327	-1142.7238
86	30	3638.4133	-1125.5972
86	31	3615.9497	-1221.7872
86	32	3648.8281	-1137.906
86	33	3644.7402	-1179.6138
86	34	3624.2744	-1108.2692
86	38	3620.875	-1097.5989
86	39	3634.8875	-1136.4086
86	40	3633.9375	-1138.972
86	41	3620.6445	-1121.5372
86	42	3651.7913	-1163.571
86	43	3606.868	-1206.5856
86	44	3644.7708	-1180.0448
86	45	3600.8733	-1138.8684
86	46	3530.2742	-1148.0497
86	48	3648.0146	-1180.5895
86	49	3602.5996	-1137.8378
86	54	3650.001	-1132.0178
87	2	3604.7546	-1184.6879
87	3	3580.4941	-1163.7451
87	4	3628.9258	-1148.6682
87	5	3644.6172	-1179.2036
87	6	3603.3804	-1172.8047
87	7	3588.668	-1164.2063
87	8	3597.73	-1164.7421
87	11	3599.4636	-1137.3917
87	12	3599.4583	-1134.5636
87	13	3599.528	-1195.3219
87	15	3597.991	-1200.3988
87	16	3601.567	-1128.1082
87	17	3608.539	-1200.5764
87	18	3631.0422	-1159.9497
87	19	3603.5522	-1122.038
87	20	3612.7673	-1125.2871
87	22	3638.6182	-1160.7858
87	23	3614.4282	-1118.7915
87	25	3606.2388	-1113.0979
87	27	3635.6226	-1133.8046
87	28	3616.5652	-1111.9061
87	29	3647.5327	-1142.7238
87	30	3638.4133	-1125.5972
87	31	3615.9497	-1221.7872
87	32	3648.8281	-1137.906
87	33	3644.6619	-1179.6409
87	34	3624.2744	-1108.2692
87	38	3620.875	-1097.5989
87	39	3634.8875	-1136.4086
87	40	3633.9375	-1138.972
87	41	3620.6445	-1121.5372
87	42	3651.7468	-1163.5577
87	43	3606.868	-1206.5856
87	44	3644.666	-1180.0085
87	45	3600.8745	-1138.8679
87	46	3530.4004	-1148.0371
87	48	3647.9314	-1180.5729
87	49	3602.62	-1137.7595
87	54	3650.001	-1132.0178
88	2	3604.7563	-1185.247
88	3	3580.488	-1163.7428
88	4	3629.0493	-1148.7522
88	5	3644.5266	-1179.1752
88	6	3603.3672	-1173.0858
88	7	3588.668	-1164.2064
88	8	3597.7263	-1164.7444
88	11	3599.4636	-1137.3917
88	12	3599.4583	-1134.5636
88	13	3599.528	-1195.3219
88	15	3597.991	-1200.3988
88	16	3601.567	-1128.1082
88	17	3608.539	-1200.5764
88	18	3631.0376	-1159.9476
88	19	3603.5522	-1122.038
88	20	3612.7673	-1125.2871
88	22	3638.604	-1160.7927
88	23	3614.4282	-1118.7915
88	25	3606.2388	-1113.0979
88	27	3635.6226	-1133.8046
88	28	3616.5652	-1111.9061
88	29	3647.5327	-1142.7238
88	30	3638.4133	-1125.5972
88	31	3615.9497	-1221.7872
88	32	3648.8281	-1137.906
88	33	3644.5574	-1179.5779
88	34	3624.2744	-1108.2692
88	38	3620.875	-1097.5989
88	39	3634.8875	-1136.4086
88	40	3633.9375	-1138.972
88	41	3620.6445	-1121.5372
88	42	3651.7317	-1163.5557
88	43	3606.868	-1206.5856
88	44	3644.578	-1179.9789
88	45	3600.8745	-1138.8695
88	46	3530.536	-1148.0219
88	48	3647.8467	-1180.5658
88	49	3602.6643	-1137.6775
88	54	3650.001	-1132.0178
89	2	3604.7615	-1185.8265
89	3	3580.4846	-1163.74
89	4	3629.171	-1148.8179
89	5	3644.4363	-1179.1569
89	6	3603.3535	-1173.3539
89	7	3588.668	-1164.2064
89	8	3597.733	-1164.74
89	11	3599.4636	-1137.3917
89	12	3599.4583	-1134.5636
89	13	3599.528	-1195.3219
89	15	3597.991	-1200.3988
89	16	3601.567	-1128.1082
89	17	3608.539	-1200.5764
89	18	3631.0442	-1159.9534
89	19	3603.5522	-1122.038
89	20	3612.7673	-1125.2871
89	22	3638.6104	-1160.7938
89	23	3614.4282	-1118.7915
89	25	3606.2388	-1113.0979
89	27	3635.6226	-1133.8046
89	28	3616.5652	-1111.9061
89	29	3647.5327	-1142.7238
89	30	3638.4133	-1125.5972
89	31	3615.9497	-1221.7872
89	32	3648.8281	-1137.906
89	33	3644.5403	-1179.559
89	34	3624.2744	-1108.2692
89	38	3620.875	-1097.5989
89	39	3634.8875	-1136.4086
89	40	3633.9375	-1138.972
89	41	3620.6445	-1121.5372
89	42	3651.7148	-1163.5544
89	43	3606.868	-1206.5856
89	44	3644.5266	-1179.9441
89	45	3600.8809	-1138.8716
89	46	3530.6663	-1148.0116
89	48	3647.747	-1180.528
89	49	3602.686	-1137.6027
89	54	3650.001	-1132.0178
90	2	3604.735	-1186.3662
90	3	3580.491	-1163.7462
90	4	3629.2996	-1148.8892
90	5	3644.3381	-1179.1414
90	6	3603.3464	-1173.644
90	7	3588.668	-1164.2065
90	8	3597.7302	-1164.738
90	11	3599.4636	-1137.3917
90	12	3599.4583	-1134.5636
90	13	3599.528	-1195.3219
90	15	3597.991	-1200.3988
90	16	3601.567	-1128.1082
90	17	3608.539	-1200.5764
90	18	3631.0344	-1159.9504
90	19	3603.5522	-1122.038
90	20	3612.7673	-1125.2871
90	22	3638.6025	-1160.7937
90	23	3614.4282	-1118.7915
90	25	3606.2388	-1113.0979
90	27	3635.6226	-1133.8046
90	28	3616.5652	-1111.9061
90	29	3647.5327	-1142.7238
90	30	3638.4133	-1125.5972
90	31	3615.9497	-1221.7872
90	32	3648.8281	-1137.906
90	33	3644.455	-1179.5238
90	34	3624.2744	-1108.2692
90	38	3620.875	-1097.5989
90	39	3634.8875	-1136.4086
90	40	3633.9375	-1138.972
90	41	3620.6445	-1121.5372
90	42	3651.6868	-1163.5465
90	43	3606.868	-1206.5856
90	44	3644.4407	-1179.9122
90	45	3600.8826	-1138.8759
90	46	3530.799	-1148.0065
90	48	3647.6533	-1180.5077
90	49	3602.7053	-1137.5208
90	54	3650.001	-1132.0178
90	58	3648.6997	-1180.5431
