0	1	-436.71863	1894.3593
0	2	-369.62674	1899.0687
0	3	-385.92752	1911.5155
0	4	-398.6261	1910.6862
0	5	-367.9848	1929.3269
0	6	-407.65552	1918.2666
0	7	-364.99213	1930.3167
0	9	-425.93378	1882.9789
1	1	-436.26245	1894.2864
1	2	-370.74713	1899.0771
1	3	-385.92752	1911.5155
1	4	-398.6261	1910.6862
1	5	-367.9848	1929.3269
1	6	-407.65552	1918.2666
1	7	-364.99213	1930.3167
1	9	-425.93378	1882.9789
2	1	-435.81952	1894.2062
2	2	-371.86868	1899.0868
2	3	-385.92752	1911.5155
2	4	-398.6261	1910.6862
2	5	-367.9848	1929.3269
2	6	-407.65552	1918.2666
2	7	-364.99213	1930.3167
2	9	-425.93378	1882.9789
3	1	-435.40738	1894.1409
3	2	-372.9886	1899.0968
3	3	-385.92752	1911.5155
3	4	-398.6261	1910.6862
3	5	-367.9848	1929.3269
3	6	-407.65552	1918.2666
3	7	-364.99213	1930.3167
3	9	-425.93378	1882.9789
4	1	-434.99597	1894.0691
4	2	-374.1081	1899.1063
4	3	-385.92752	1911.5155
4	4	-398.6261	1910.6862
4	5	-367.9848	1929.3269
4	6	-407.65552	1918.2666
4	7	-364.99213	1930.3167
4	9	-425.93378	1882.9789
5	1	-434.6082	1894.0052
5	2	-375.22714	1899.1156
5	3	-385.92752	1911.5155
5	4	-398.6261	1910.6862
5	5	-367.9848	1929.3269
5	6	-407.65552	1918.2666
5	7	-364.99213	1930.3167
5	8	-408.09653	1924.2864
5	9	-425.93378	1882.9789
6	1	-434.22153	1893.9386
6	2	-376.34778	1899.1259
6	3	-385.92752	1911.5155
6	4	-398.6261	1910.6862
6	5	-367.9848	1929.3269
6	6	-407.65552	1918.2666
6	7	-364.99213	1930.3167
6	8	-408.09653	1924.2864
6	9	-425.93378	1882.9789
7	1	-433.82446	1893.8665
7	2	-377.46814	1899.1359
7	3	-385.92752	1911.5155
7	4	-398.6261	1910.6862
7	5	-367.9848	1929.3269
7	6	-407.65552	1918.2666
7	7	-364.99213	1930.3167
7	8	-408.09653	1924.2864
7	9	-425.93378	1882.9789
8	1	-433.47342	1893.794
8	2	-378.58878	1899.1444
8	3	-385.92752	1911.5155
8	4	-398.6261	1910.6862
8	5	-367.9848	1929.3269
8	6	-407.65552	1918.2666
8	7	-364.99213	1930.3167
8	8	-408.09653	1924.2864
8	9	-425.93378	1882.9789
9	1	-433.12204	1893.732
9	2	-379.70932	1899.1545
9	3	-385.92752	1911.5155
9	4	-398.6261	1910.6862
9	5	-367.9848	1929.3269
9	6	-407.65552	1918.2666
9	7	-364.99213	1930.3167
9	8	-408.09653	1924.2864
9	9	-425.93378	1882.9789
10	1	-432.7729	1893.656
10	2	-380.82956	1899.1633
10	3	-385.92752	1911.5155
10	4	-398.6261	1910.6862
10	5	-367.9848	1929.3269
10	6	-407.65552	1918.2666
10	7	-364.99213	1930.3167
10	8	-408.09653	1924.2864
10	9	-425.93378	1882.9789
11	1	-432.4044	1893.6027
11	2	-381.9494	1899.1721
11	3	-385.92752	1911.5155
11	4	-398.6261	1910.6862
11	5	-367.9848	1929.3269
11	6	-407.65552	1918.2666
11	7	-364.99213	1930.3167
11	8	-408.09653	1924.2864
11	9	-425.93378	1882.9789
12	1	-432.06802	1893.5319
12	2	-383.06973	1899.1803
12	3	-385.92752	1911.5155
12	4	-398.6261	1910.6862
12	5	-367.9848	1929.3269
12	6	-407.65552	1918.2666
12	8	-408.09653	1924.2864
12	9	-425.93378	1882.9789
13	1	-431.75882	1893.4727
13	2	-384.19055	1899.1893
13	3	-385.92752	1911.5155
13	4	-398.6261	1910.6862
13	5	-367.9848	1929.3269
13	6	-407.65552	1918.2666
13	8	-408.09653	1924.2864
13	9	-425.93378	1882.9789
14	1	-431.44568	1893.42
14	2	-385.3115	1899.1973
14	3	-385.92752	1911.5155
14	4	-398.6261	1910.6862
14	5	-367.9848	1929.3269
14	6	-407.65552	1918.2666
14	8	-408.09653	1924.2864
14	9	-425.93378	1882.9789
15	1	-431.11807	1893.3698
15	2	-386.43115	1899.2047
15	3	-385.92752	1911.5155
15	4	-398.6261	1910.6862
15	5	-367.9848	1929.3269
15	6	-407.65552	1918.2666
15	8	-408.09653	1924.2864
15	9	-425.93378	1882.9789
16	1	-430.81546	1893.3215
16	2	-387.55157	1899.2134
16	3	-385.92752	1911.5155
16	4	-398.6261	1910.6862
16	5	-367.9848	1929.3269
16	6	-407.65552	1918.2666
16	8	-408.09653	1924.2864
16	9	-425.93378	1882.9789
17	1	-430.5351	1893.2786
17	2	-388.67126	1899.2207
17	3	-385.92752	1911.5155
17	4	-398.6261	1910.6862
17	5	-367.9848	1929.3269
17	6	-407.65552	1918.2666
17	8	-408.09653	1924.2864
17	9	-425.93378	1882.9789
18	1	-430.27365	1893.2317
18	2	-389.7912	1899.2288
18	3	-385.92752	1911.5155
18	4	-398.6261	1910.6862
18	6	-407.65552	1918.2666
18	8	-408.09653	1924.2864
18	9	-425.93378	1882.9789
19	1	-430.00955	1893.1948
19	2	-390.91174	1899.2375
19	3	-385.92752	1911.5155
19	4	-398.6261	1910.6862
19	5	-367.9848	1929.3269
19	6	-407.65552	1918.2666
19	8	-408.09653	1924.2864
19	9	-425.93378	1882.9789
20	1	-429.74203	1893.164
20	2	-392.03372	1899.2457
20	3	-385.92752	1911.5155
20	4	-398.6261	1910.6862
20	5	-367.9848	1929.3269
20	6	-407.65552	1918.2666
20	8	-408.09653	1924.2864
20	9	-425.93378	1882.9789
21	1	-429.51492	1893.1383
21	2	-393.15457	1899.2556
21	3	-385.92752	1911.5155
21	4	-398.6261	1910.6862
21	6	-407.65552	1918.2666
21	8	-408.09653	1924.2864
21	9	-425.93378	1882.9789
22	1	-429.2656	1893.1112
22	2	-394.2747	1899.2645
22	3	-385.92752	1911.5155
22	4	-398.6261	1910.6862
22	6	-407.65552	1918.2666
22	8	-408.09653	1924.2864
22	9	-425.93378	1882.9789
22	12	-417.8847	1872.1293
23	1	-429.03836	1893.0936
23	2	-395.3934	1899.2759
23	3	-385.92752	1911.5155
23	4	-398.6261	1910.6862
23	6	-407.65552	1918.2666
23	8	-408.09653	1924.2864
23	9	-425.93378	1882.9789
23	12	-417.8847	1872.1293
24	1	-428.81866	1893.0757
24	2	-396.5117	1899.2867
24	3	-385.92752	1911.5155
24	4	-398.6261	1910.6862
24	6	-407.65552	1918.2666
24	8	-408.09653	1924.2864
24	9	-425.93378	1882.9789
24	10	-473.3978	1902.5826
24	12	-417.8847	1872.1293
25	1	-428.61954	1893.0593
25	2	-397.6291	1899.2982
25	3	-385.92752	1911.5155
25	4	-398.6261	1910.6862
25	6	-407.65552	1918.2666
25	8	-408.09653	1924.2864
25	9	-425.93378	1882.9789
25	10	-473.3978	1902.5826
25	12	-417.8847	1872.1293
26	1	-428.41913	1893.0476
26	2	-398.74677	1899.3094
26	3	-385.92752	1911.5155
26	4	-398.6261	1910.6862
26	6	-407.65552	1918.2666
26	8	-408.09653	1924.2864
26	9	-425.93378	1882.9789
26	10	-473.3978	1902.5826
26	12	-417.8847	1872.1293
27	1	-428.21936	1893.0414
27	2	-399.86636	1899.3207
27	3	-385.92752	1911.5155
27	4	-398.6261	1910.6862
27	6	-407.65552	1918.2666
27	8	-408.09653	1924.2864
27	9	-425.93378	1882.9789
27	10	-473.3978	1902.5826
27	12	-417.8847	1872.1293
28	1	-428.04312	1893.0345
28	2	-400.9871	1899.3334
28	3	-385.92752	1911.5155
28	4	-398.6261	1910.6862
28	6	-407.65552	1918.2666
28	8	-408.09653	1924.2864
28	9	-425.93378	1882.9789
28	10	-473.3978	1902.5826
28	12	-417.8847	1872.1293
29	1	-427.8975	1893.0325
29	2	-402.10666	1899.3444
29	3	-385.92752	1911.5155
29	4	-398.6261	1910.6862
29	6	-407.65552	1918.2666
29	8	-408.09653	1924.2864
29	9	-425.93378	1882.9789
29	10	-473.3978	1902.5826
29	12	-417.8847	1872.1293
30	1	-427.72806	1893.034
30	2	-403.22513	1899.3566
30	3	-385.92752	1911.5155
30	4	-398.6261	1910.6862
30	6	-407.65552	1918.2666
30	8	-408.09653	1924.2864
30	9	-425.93378	1882.9789
30	10	-473.3978	1902.5826
30	12	-417.8847	1872.1293
31	1	-427.5844	1893.0316
31	2	-404.34366	1899.3685
31	3	-385.92752	1911.5155
31	4	-398.6261	1910.6862
31	6	-407.65552	1918.2666
31	8	-408.09653	1924.2864
31	9	-425.93378	1882.9789
31	10	-473.3978	1902.5826
31	12	-417.8847	1872.1293
32	1	-427.4351	1893.0323
32	2	-405.4633	1899.3792
32	3	-385.92752	1911.5155
32	4	-398.6261	1910.6862
32	6	-407.65552	1918.2666
32	9	-425.93378	1882.9789
32	10	-473.3978	1902.5826
32	12	-417.8847	1872.1293
33	1	-427.29144	1893.0374
33	2	-406.58365	1899.3904
33	3	-385.92752	1911.5155
33	4	-398.6261	1910.6862
33	6	-407.65552	1918.2666
33	9	-425.93378	1882.9789
33	10	-473.3978	1902.5826
33	12	-417.8847	1872.1293
34	1	-427.15427	1893.0428
34	2	-407.70483	1899.4011
34	3	-385.92752	1911.5155
34	4	-398.6261	1910.6862
34	6	-407.65552	1918.2666
34	8	-408.09653	1924.2864
34	9	-425.93378	1882.9789
34	10	-473.3978	1902.5826
34	12	-417.8847	1872.1293
35	1	-427.00528	1893.0483
35	2	-408.82596	1899.411
35	3	-385.92752	1911.5155
35	4	-398.6261	1910.6862
35	6	-407.65552	1918.2666
35	8	-408.09653	1924.2864
35	9	-425.93378	1882.9789
35	10	-473.3978	1902.5826
35	12	-417.8847	1872.1293
36	1	-426.862	1893.059
36	2	-409.9466	1899.4213
36	3	-385.92752	1911.5155
36	4	-398.6261	1910.6862
36	6	-407.65552	1918.2666
36	8	-408.09653	1924.2864
36	9	-425.93378	1882.9789
36	10	-473.3978	1902.5826
36	12	-417.8847	1872.1293
37	1	-426.74997	1893.0905
37	2	-411.0677	1899.4313
37	3	-385.92752	1911.5155
37	4	-398.6261	1910.6862
37	6	-407.65552	1918.2666
37	8	-408.09653	1924.2864
37	9	-425.93378	1882.9789
37	10	-473.3978	1902.5826
37	12	-417.8847	1872.1293
38	1	-426.64346	1893.1067
38	2	-412.18848	1899.4398
38	3	-385.92752	1911.5155
38	4	-398.6261	1910.6862
38	6	-407.65552	1918.2666
38	8	-408.09653	1924.2864
38	9	-425.93378	1882.9789
38	10	-473.3978	1902.5826
38	12	-417.8847	1872.1293
39	1	-426.52515	1893.1189
39	2	-413.3094	1899.4474
39	3	-385.92752	1911.5155
39	4	-398.6261	1910.6862
39	6	-407.65552	1918.2666
39	8	-408.09653	1924.2864
39	9	-425.93378	1882.9789
39	10	-473.3978	1902.5826
39	11	-487.83978	1887.9409
39	12	-417.8847	1872.1293
40	1	-426.3925	1893.1512
40	2	-414.42996	1899.4572
40	3	-385.92752	1911.5155
40	4	-398.6261	1910.6862
40	6	-407.65552	1918.2666
40	8	-408.09653	1924.2864
40	9	-425.93378	1882.9789
40	10	-473.3978	1902.5826
40	11	-487.83978	1887.9409
40	12	-417.8847	1872.1293
41	1	-426.2566	1893.1785
41	2	-415.5505	1899.4642
41	3	-385.92752	1911.5155
41	4	-398.6261	1910.6862
41	6	-407.65552	1918.2666
41	8	-408.09653	1924.2864
41	9	-425.93378	1882.9789
41	10	-473.3978	1902.5826
41	11	-487.83978	1887.9409
41	12	-417.8847	1872.1293
42	1	-426.11212	1893.2096
42	2	-416.6695	1899.471
42	3	-385.92752	1911.5155
42	4	-398.6261	1910.6862
42	6	-407.65552	1918.2666
42	8	-408.09653	1924.2864
42	9	-425.93378	1882.9789
42	10	-473.3978	1902.5826
42	11	-487.83978	1887.9409
42	12	-417.8847	1872.1293
42	13	-491.46008	1903.0708
43	1	-425.96185	1893.2456
43	2	-417.78864	1899.4797
43	3	-385.92752	1911.5155
43	4	-398.6261	1910.6862
43	6	-407.65552	1918.2666
43	8	-408.09653	1924.2864
43	9	-425.93378	1882.9789
43	10	-473.3978	1902.5826
43	11	-487.83978	1887.9409
43	12	-417.8847	1872.1293
43	13	-491.46008	1903.0708
44	1	-425.8281	1893.286
44	2	-418.90866	1899.4851
44	3	-385.92752	1911.5155
44	4	-398.6261	1910.6862
44	6	-407.65552	1918.2666
44	8	-408.09653	1924.2864
44	9	-425.93378	1882.9789
44	10	-473.3978	1902.5826
44	11	-487.83978	1887.9409
44	12	-417.8847	1872.1293
44	13	-491.46008	1903.0708
44	14	-495.65207	1894.4166
45	1	-425.67944	1893.3348
45	2	-420.0289	1899.4921
45	3	-385.92752	1911.5155
45	4	-398.6261	1910.6862
45	6	-407.65552	1918.2666
45	8	-408.09653	1924.2864
45	9	-425.93378	1882.9789
45	10	-473.3978	1902.5826
45	11	-487.83978	1887.9409
45	12	-417.8847	1872.1293
45	13	-491.46008	1903.0708
45	14	-495.65207	1894.4166
46	1	-425.53644	1893.3839
46	2	-421.149	1899.4982
46	3	-385.92752	1911.5155
46	4	-398.6261	1910.6862
46	6	-407.65552	1918.2666
46	8	-408.09653	1924.2864
46	9	-425.93378	1882.9789
46	10	-473.3978	1902.5826
46	11	-487.83978	1887.9409
46	12	-417.8847	1872.1293
46	13	-491.46008	1903.0708
46	14	-495.65207	1894.4166
47	1	-425.41223	1893.4348
47	2	-422.26794	1899.5049
47	3	-385.92752	1911.5155
47	4	-398.6261	1910.6862
47	6	-407.65552	1918.2666
47	8	-408.09653	1924.2864
47	9	-425.93378	1882.9789
47	10	-473.3978	1902.5826
47	11	-487.83978	1887.9409
47	12	-417.8847	1872.1293
47	13	-491.46008	1903.0708
47	14	-495.65207	1894.4166
48	1	-425.27856	1893.5037
48	2	-423.38583	1899.5103
48	3	-385.92752	1911.5155
48	4	-398.6261	1910.6862
48	6	-407.65552	1918.2666
48	8	-408.09653	1924.2864
48	9	-425.93378	1882.9789
48	10	-473.3978	1902.5826
48	11	-487.83978	1887.9409
48	12	-417.8847	1872.1293
48	13	-491.46008	1903.0708
48	14	-495.65207	1894.4166
48	15	-499.24036	1903.0062
49	1	-425.15372	1893.5785
49	2	-424.5029	1899.5159
49	3	-385.92752	1911.5155
49	4	-398.6261	1910.6862
49	6	-407.65552	1918.2666
49	8	-408.09653	1924.2864
49	9	-425.93378	1882.9789
49	10	-473.3978	1902.5826
49	11	-487.83978	1887.9409
49	12	-417.8847	1872.1293
49	13	-491.46008	1903.0708
49	14	-495.65207	1894.4166
49	15	-499.24036	1903.0062
50	1	-425.0064	1893.6521
50	2	-425.6191	1899.5209
50	3	-385.92752	1911.5155
50	4	-398.6261	1910.6862
50	6	-407.65552	1918.2666
50	8	-408.09653	1924.2864
50	9	-425.93378	1882.9789
50	10	-473.3978	1902.5826
50	11	-487.83978	1887.9409
50	12	-417.8847	1872.1293
50	13	-491.46008	1903.0708
50	14	-495.65207	1894.4166
50	15	-499.24036	1903.0062
51	1	-424.86804	1893.749
51	2	-426.73383	1899.5267
51	3	-385.92752	1911.5155
51	4	-398.6261	1910.6862
51	6	-407.65552	1918.2666
51	8	-408.09653	1924.2864
51	9	-425.93378	1882.9789
51	10	-473.3978	1902.5826
51	11	-487.83978	1887.9409
51	12	-417.8847	1872.1293
51	13	-491.46008	1903.0708
51	14	-495.65207	1894.4166
51	15	-499.24036	1903.0062
52	1	-424.7491	1893.8522
52	2	-427.84668	1899.5326
52	3	-385.92752	1911.5155
52	4	-398.6261	1910.6862
52	6	-407.65552	1918.2666
52	8	-408.09653	1924.2864
52	9	-425.93378	1882.9789
52	10	-473.3978	1902.5826
52	11	-487.83978	1887.9409
52	12	-417.8847	1872.1293
52	13	-491.46008	1903.0708
52	14	-495.65207	1894.4166
52	15	-499.24036	1903.0062
53	1	-424.61688	1893.9689
53	2	-428.95816	1899.5375
53	3	-385.92752	1911.5155
53	4	-398.6261	1910.6862
53	6	-407.65552	1918.2666
53	8	-408.09653	1924.2864
53	9	-425.93378	1882.9789
53	10	-473.3978	1902.5826
53	11	-487.83978	1887.9409
53	12	-417.8847	1872.1293
53	13	-491.46008	1903.0708
53	14	-495.65207	1894.4166
53	15	-499.24036	1903.0062
54	1	-424.48065	1894.0891
54	2	-430.068	1899.5437
54	3	-385.92752	1911.5155
54	4	-398.6261	1910.6862
54	6	-407.65552	1918.2666
54	8	-408.09653	1924.2864
54	9	-425.93378	1882.9789
54	10	-473.3978	1902.5826
54	11	-487.83978	1887.9409
54	12	-417.8847	1872.1293
54	13	-491.46008	1903.0708
54	14	-495.65207	1894.4166
54	15	-499.24036	1903.0062
55	1	-424.3451	1894.2329
55	2	-431.1763	1899.5486
55	3	-385.92752	1911.5155
55	4	-398.6261	1910.6862
55	6	-407.65552	1918.2666
55	8	-408.09653	1924.2864
55	9	-425.93378	1882.9789
55	10	-473.3978	1902.5826
55	11	-487.83978	1887.9409
55	12	-417.8847	1872.1293
55	13	-491.46008	1903.0708
55	14	-495.65207	1894.4166
55	15	-499.24036	1903.0062
56	1	-424.2147	1894.3923
56	2	-432.28296	1899.553
56	3	-385.92752	1911.5155
56	4	-398.6261	1910.6862
56	6	-407.65552	1918.2666
56	8	-408.09653	1924.2864
56	9	-425.93378	1882.9789
56	10	-473.3978	1902.5826
56	11	-487.83978	1887.9409
56	12	-417.8847	1872.1293
56	13	-491.46008	1903.0708
56	14	-495.65207	1894.4166
56	15	-499.24036	1903.0062
56	16	-504.584	1908.7412
57	1	-424.09827	1894.5627
57	2	-433.38568	1899.5573
57	3	-385.92752	1911.5155
57	4	-398.6261	1910.6862
57	6	-407.65552	1918.2666
57	8	-408.09653	1924.2864
57	9	-425.93378	1882.9789
57	10	-473.3978	1902.5826
57	11	-487.83978	1887.9409
57	12	-417.8847	1872.1293
57	13	-491.46008	1903.0708
57	14	-495.65207	1894.4166
57	15	-499.24036	1903.0062
57	16	-504.5648	1908.8489
57	17	-510.80533	1902.4786
57	18	-504.84772	1905.1018
58	1	-423.98697	1894.7338
58	2	-434.48215	1899.5614
58	3	-385.92752	1911.5155
58	4	-398.6261	1910.6862
58	6	-407.65552	1918.2666
58	8	-408.09653	1924.2864
58	9	-425.93378	1882.9789
58	10	-473.3978	1902.5826
58	11	-487.83978	1887.9409
58	12	-417.8847	1872.1293
58	13	-491.46008	1903.0708
58	14	-495.65207	1894.4166
58	15	-499.24036	1903.0062
58	16	-504.55206	1908.9929
58	17	-510.80533	1902.4786
58	18	-504.8472	1905.1877
59	1	-423.83755	1894.9177
59	2	-435.57352	1899.5665
59	3	-385.92752	1911.5155
59	4	-398.6261	1910.6862
59	6	-407.65552	1918.2666
59	8	-408.09653	1924.2864
59	9	-425.93378	1882.9789
59	10	-473.3978	1902.5826
59	11	-487.83978	1887.9409
59	12	-417.8847	1872.1293
59	13	-491.46008	1903.0708
59	14	-495.65207	1894.4166
59	15	-499.24036	1903.0062
59	16	-504.54135	1909.1019
59	17	-510.80533	1902.4786
59	18	-504.8248	1905.3313
60	1	-423.7159	1895.1
60	2	-436.6623	1899.568
60	3	-385.92752	1911.5155
60	4	-398.6261	1910.6862
60	6	-407.65552	1918.2666
60	8	-408.09653	1924.2864
60	9	-425.93378	1882.9789
60	10	-473.3978	1902.5826
60	11	-487.83978	1887.9409
60	12	-417.8847	1872.1293
60	13	-491.46008	1903.0708
60	14	-495.65207	1894.4166
60	15	-499.24036	1903.0062
60	16	-504.53955	1909.2191
60	17	-510.80533	1902.4786
60	18	-504.8122	1905.4208
61	1	-423.5966	1895.3079
61	2	-437.7476	1899.5718
61	3	-385.92752	1911.5155
61	4	-398.6261	1910.6862
61	6	-407.65552	1918.2666
61	8	-408.09653	1924.2864
61	9	-425.93378	1882.9789
61	10	-473.3978	1902.5826
61	11	-487.83978	1887.9409
61	12	-417.8847	1872.1293
61	13	-491.46008	1903.0708
61	14	-495.65207	1894.4166
61	15	-499.24036	1903.0062
61	16	-504.53354	1909.3179
61	17	-510.80533	1902.4786
61	18	-504.80142	1905.5299
62	1	-423.4916	1895.5531
62	2	-438.82693	1899.5734
62	3	-385.92752	1911.5155
62	4	-398.6261	1910.6862
62	6	-407.65552	1918.2666
62	8	-408.09653	1924.2864
62	9	-425.93378	1882.9789
62	10	-473.3978	1902.5826
62	11	-487.83978	1887.9409
62	12	-417.8847	1872.1293
62	13	-491.46008	1903.0708
62	14	-495.65207	1894.4166
62	15	-499.24036	1903.0062
62	16	-504.45615	1909.433
62	17	-510.80533	1902.4786
62	18	-504.6947	1905.5887
63	1	-423.46677	1895.8077
63	2	-439.9024	1899.5745
63	3	-385.92752	1911.5155
63	4	-398.6261	1910.6862
63	6	-407.65552	1918.2666
63	8	-408.09653	1924.2864
63	9	-425.93378	1882.9789
63	10	-473.3978	1902.5826
63	11	-487.83978	1887.9409
63	12	-417.8847	1872.1293
63	13	-491.46008	1903.0708
63	14	-495.65207	1894.4166
63	15	-499.24036	1903.0062
63	16	-504.4708	1909.5332
63	17	-510.80533	1902.4786
63	18	-504.7365	1905.6664
64	1	-423.3684	1896.0393
64	2	-440.97363	1899.5752
64	3	-385.92752	1911.5155
64	4	-398.6261	1910.6862
64	6	-407.65552	1918.2666
64	8	-408.09653	1924.2864
64	9	-425.93378	1882.9789
64	10	-473.3978	1902.5826
64	11	-487.83978	1887.9409
64	12	-417.8847	1872.1293
64	13	-491.46008	1903.0708
64	14	-495.65207	1894.4166
64	15	-499.24036	1903.0062
64	16	-504.4715	1909.6407
64	17	-510.80533	1902.4786
64	18	-504.76077	1905.7566
65	1	-423.28836	1896.293
65	2	-442.0409	1899.5746
65	3	-385.92752	1911.5155
65	4	-398.6261	1910.6862
65	6	-407.65552	1918.2666
65	8	-408.09653	1924.2864
65	9	-425.93378	1882.9789
65	10	-473.3978	1902.5826
65	11	-487.83978	1887.9409
65	12	-417.8847	1872.1293
65	13	-491.46008	1903.0708
65	14	-495.65207	1894.4166
65	15	-499.24036	1903.0062
65	16	-504.47668	1909.7229
65	17	-510.80533	1902.4786
65	18	-504.7709	1905.8212
66	1	-423.21616	1896.5557
66	2	-443.103	1899.5743
66	3	-385.92752	1911.5155
66	4	-398.6261	1910.6862
66	6	-407.65552	1918.2666
66	8	-408.09653	1924.2864
66	9	-425.93378	1882.9789
66	10	-473.3978	1902.5826
66	11	-487.83978	1887.9409
66	12	-417.8847	1872.1293
66	13	-491.46008	1903.0708
66	14	-495.65207	1894.4166
66	15	-499.24036	1903.0062
66	16	-504.46414	1909.8263
66	17	-510.80533	1902.4786
67	1	-423.18106	1896.8275
67	2	-444.16028	1899.5725
67	3	-385.92752	1911.5155
67	4	-398.6261	1910.6862
67	6	-407.65552	1918.2666
67	8	-408.09653	1924.2864
67	9	-425.93378	1882.9789
67	10	-473.3978	1902.5826
67	11	-487.83978	1887.9409
67	12	-417.8847	1872.1293
67	13	-491.46008	1903.0708
67	14	-495.65207	1894.4166
67	15	-499.24036	1903.0062
67	16	-504.42264	1909.9418
67	17	-510.80533	1902.4786
67	18	-504.74634	1905.9961
68	1	-423.1733	1897.0659
68	2	-445.2123	1899.5701
68	3	-385.92752	1911.5155
68	4	-398.6261	1910.6862
68	6	-407.65552	1918.2666
68	8	-408.09653	1924.2864
68	9	-425.93378	1882.9789
68	10	-473.3978	1902.5826
68	11	-487.83978	1887.9409
68	13	-491.46008	1903.0708
68	14	-495.65207	1894.4166
68	15	-499.24036	1903.0062
68	16	-504.42212	1910.029
68	17	-510.80533	1902.4786
68	18	-504.74258	1906.1001
69	1	-423.1688	1897.3414
69	2	-446.26038	1899.5671
69	3	-385.92752	1911.5155
69	4	-398.6261	1910.6862
69	6	-407.65552	1918.2666
69	8	-408.09653	1924.2864
69	9	-425.93378	1882.9789
69	10	-473.3978	1902.5826
69	11	-487.83978	1887.9409
69	12	-417.8847	1872.1293
69	13	-491.46008	1903.0708
69	14	-495.65207	1894.4166
69	15	-499.24036	1903.0062
69	16	-504.41913	1910.1393
69	17	-510.80533	1902.4786
69	18	-504.75174	1906.2299
70	1	-423.1875	1897.6035
70	2	-447.30405	1899.5636
70	3	-385.92752	1911.5155
70	4	-398.6261	1910.6862
70	6	-407.65552	1918.2666
70	8	-408.09653	1924.2864
70	9	-425.93378	1882.9789
70	10	-473.3978	1902.5826
70	11	-487.83978	1887.9409
70	12	-417.8847	1872.1293
70	13	-491.46008	1903.0708
70	14	-495.65207	1894.4166
70	15	-499.24036	1903.0062
70	16	-504.44385	1910.232
70	17	-510.80533	1902.4786
71	1	-423.21292	1897.8607
71	2	-448.34235	1899.5585
71	3	-385.92752	1911.5155
71	4	-398.6261	1910.6862
71	6	-407.65552	1918.2666
71	8	-408.09653	1924.2864
71	9	-425.93378	1882.9789
71	10	-473.3978	1902.5826
71	11	-487.83978	1887.9409
71	12	-417.8847	1872.1293
71	13	-491.46008	1903.0708
71	14	-495.65207	1894.4166
71	15	-499.24036	1903.0062
71	16	-504.4537	1910.3524
71	17	-510.80533	1902.4786
72	1	-423.25024	1898.1056
72	2	-449.3756	1899.5531
72	3	-385.92752	1911.5155
72	4	-398.6261	1910.6862
72	6	-407.65552	1918.2666
72	8	-408.09653	1924.2864
72	9	-425.93378	1882.9789
72	10	-473.3978	1902.5826
72	11	-487.83978	1887.9409
72	12	-417.8847	1872.1293
72	13	-491.46008	1903.0708
72	14	-495.65207	1894.4166
72	15	-499.24036	1903.0062
72	16	-504.43646	1910.4858
72	17	-510.80533	1902.4786
73	1	-423.31088	1898.3698
73	2	-450.4041	1899.5465
73	3	-385.92752	1911.5155
73	4	-398.6261	1910.6862
73	6	-407.65552	1918.2666
73	8	-408.09653	1924.2864
73	9	-425.93378	1882.9789
73	10	-473.3978	1902.5826
73	11	-487.83978	1887.9409
73	12	-417.8847	1872.1293
73	13	-491.46008	1903.0708
73	14	-495.65207	1894.4166
73	15	-499.24036	1903.0062
73	16	-504.4539	1910.56
73	17	-510.80533	1902.4786
74	1	-423.38223	1898.588
74	2	-451.42706	1899.5397
74	3	-385.92752	1911.5155
74	4	-398.6261	1910.6862
74	6	-407.65552	1918.2666
74	8	-408.09653	1924.2864
74	9	-425.93378	1882.9789
74	10	-473.3978	1902.5826
74	11	-487.83978	1887.9409
74	13	-491.46008	1903.0708
74	14	-495.65207	1894.4166
74	15	-499.24036	1903.0062
74	16	-504.44232	1910.6638
74	17	-510.80533	1902.4786
74	18	-504.74268	1906.6748
75	1	-423.45108	1898.803
75	2	-452.44366	1899.5312
75	3	-385.92752	1911.5155
75	4	-398.6261	1910.6862
75	6	-407.65552	1918.2666
75	8	-408.09653	1924.2864
75	9	-425.93378	1882.9789
75	10	-473.3978	1902.5826
75	11	-487.83978	1887.9409
75	13	-491.46008	1903.0708
75	14	-495.65207	1894.4166
75	15	-499.24036	1903.0062
75	16	-504.4101	1910.7443
75	17	-510.80533	1902.4786
75	18	-504.73505	1906.7823
76	1	-423.5342	1898.9973
76	2	-453.4543	1899.523
76	3	-385.92752	1911.5155
76	4	-398.6261	1910.6862
76	6	-407.65552	1918.2666
76	9	-425.93378	1882.9789
76	10	-473.3978	1902.5826
76	11	-487.83978	1887.9409
76	13	-491.46008	1903.0708
76	14	-495.65207	1894.4166
76	15	-499.24036	1903.0062
76	16	-504.41553	1910.8542
76	17	-510.80533	1902.4786
76	18	-504.73895	1906.8813
77	1	-423.62503	1899.1931
77	2	-454.4578	1899.5132
77	3	-385.92752	1911.5155
77	4	-398.6261	1910.6862
77	6	-407.65552	1918.2666
77	9	-425.93378	1882.9789
77	10	-473.3978	1902.5826
77	11	-487.83978	1887.9409
77	13	-491.46008	1903.0708
77	14	-495.65207	1894.4166
77	15	-499.24036	1903.0062
77	16	-504.41806	1910.9797
77	17	-510.80533	1902.4786
77	18	-504.72153	1906.9739
77	19	-504.1389	1908.253
78	1	-423.7298	1899.3555
78	2	-455.45496	1899.5022
78	3	-385.92752	1911.5155
78	4	-398.6261	1910.6862
78	6	-407.65552	1918.2666
78	9	-425.93378	1882.9789
78	10	-473.3978	1902.5826
78	11	-487.83978	1887.9409
78	13	-491.46008	1903.0708
78	14	-495.65207	1894.4166
78	15	-499.24036	1903.0062
78	16	-504.41537	1911.0907
78	17	-510.80533	1902.4786
78	18	-504.7272	1907.0583
79	1	-423.8242	1899.521
79	2	-456.443	1899.4912
79	3	-385.92752	1911.5155
79	4	-398.6261	1910.6862
79	6	-407.65552	1918.2666
79	9	-425.93378	1882.9789
79	10	-473.3978	1902.5826
79	11	-487.83978	1887.9409
79	13	-491.46008	1903.0708
79	14	-495.65207	1894.4166
79	15	-499.24036	1903.0062
79	16	-504.4163	1911.1973
79	17	-510.80533	1902.4786
79	18	-504.72467	1907.156
80	1	-423.9237	1899.6599
80	2	-457.4249	1899.4797
80	3	-385.92752	1911.5155
80	4	-398.6261	1910.6862
80	6	-407.65552	1918.2666
80	9	-425.93378	1882.9789
80	10	-473.3978	1902.5826
80	11	-487.83978	1887.9409
80	13	-491.46008	1903.0708
80	14	-495.65207	1894.4166
80	15	-499.24036	1903.0062
80	16	-504.41568	1911.3029
80	17	-510.80533	1902.4786
80	18	-504.72815	1907.2432
81	1	-424.02884	1899.8013
81	2	-458.39914	1899.468
81	3	-385.92752	1911.5155
81	4	-398.6261	1910.6862
81	6	-407.65552	1918.2666
81	9	-425.93378	1882.9789
81	10	-473.3978	1902.5826
81	11	-487.83978	1887.9409
81	13	-491.46008	1903.0708
81	14	-495.65207	1894.4166
81	15	-499.24036	1903.0062
81	16	-504.39868	1911.4221
81	17	-510.80533	1902.4786
81	19	-504.1037	1908.601
82	1	-424.11816	1899.9171
82	2	-459.36578	1899.4557
82	3	-385.92752	1911.5155
82	4	-398.6261	1910.6862
82	6	-407.65552	1918.2666
82	9	-425.93378	1882.9789
82	10	-473.3978	1902.5826
82	11	-487.83978	1887.9409
82	13	-491.46008	1903.0708
82	14	-495.65207	1894.4166
82	15	-499.24036	1903.0062
82	16	-504.38574	1911.54
82	17	-510.80533	1902.4786
82	18	-504.73447	1907.4354
82	19	-504.10968	1908.6931
83	1	-424.20505	1900.0205
83	2	-460.32584	1899.4435
83	3	-385.92752	1911.5155
83	4	-398.6261	1910.6862
83	6	-407.65552	1918.2666
83	9	-425.93378	1882.9789
83	10	-473.3978	1902.5826
83	11	-487.83978	1887.9409
83	13	-491.46008	1903.0708
83	14	-495.65207	1894.4166
83	15	-499.24036	1903.0062
83	16	-504.3754	1911.6436
83	17	-510.80533	1902.4786
83	18	-504.73398	1907.538
83	19	-504.13132	1908.77
84	1	-424.29126	1900.126
84	2	-461.27884	1899.4309
84	3	-385.92752	1911.5155
84	4	-398.6261	1910.6862
84	6	-407.65552	1918.2666
84	9	-425.93378	1882.9789
84	10	-473.3978	1902.5826
84	11	-487.83978	1887.9409
84	13	-491.46008	1903.0708
84	14	-495.65207	1894.4166
84	15	-499.24036	1903.0062
84	16	-504.3609	1911.7582
84	17	-510.80533	1902.4786
84	18	-504.73816	1907.6615
84	19	-504.1233	1908.8458
84	20	-521.12067	1902.7043
85	1	-424.38672	1900.215
85	2	-462.22388	1899.4183
85	4	-398.6261	1910.6862
85	6	-407.65552	1918.2666
85	9	-425.93378	1882.9789
85	10	-473.3978	1902.5826
85	11	-487.83978	1887.9409
85	13	-491.46008	1903.0708
85	14	-495.65207	1894.4166
85	15	-499.24036	1903.0062
85	16	-504.3828	1911.8965
85	17	-510.80533	1902.4786
85	18	-504.73648	1907.7731
85	19	-504.12155	1908.9062
85	20	-521.12067	1902.7043
86	1	-424.46643	1900.2932
86	2	-463.1607	1899.4062
86	4	-398.6261	1910.6862
86	6	-407.65552	1918.2666
86	9	-425.93378	1882.9789
86	10	-473.3978	1902.5826
86	11	-487.83978	1887.9409
86	13	-491.46008	1903.0708
86	14	-495.65207	1894.4166
86	15	-499.24036	1903.0062
86	16	-504.36514	1912.0256
86	17	-510.80533	1902.4786
86	18	-504.74872	1907.8629
86	19	-504.1223	1908.9883
86	20	-521.12067	1902.7043
87	1	-424.54352	1900.3738
87	2	-464.0906	1899.3945
87	4	-398.6261	1910.6862
87	6	-407.65552	1918.2666
87	9	-425.93378	1882.9789
87	10	-473.3978	1902.5826
87	11	-487.83978	1887.9409
87	13	-491.46008	1903.0708
87	14	-495.65207	1894.4166
87	15	-499.24036	1903.0062
87	16	-504.3509	1912.1456
87	17	-510.80533	1902.4786
87	18	-504.73883	1907.9844
87	19	-504.11816	1909.0868
87	20	-521.12067	1902.7043
88	1	-424.61417	1900.4319
88	2	-465.01196	1899.3833
88	4	-398.6261	1910.6862
88	6	-407.65552	1918.2666
88	9	-425.93378	1882.9789
88	10	-473.3978	1902.5826
88	11	-487.83978	1887.9409
88	13	-491.46008	1903.0708
88	14	-495.65207	1894.4166
88	15	-499.24036	1903.0062
88	16	-504.32077	1912.2683
88	17	-510.80533	1902.4786
88	18	-504.74286	1908.076
88	19	-504.12598	1909.1624
88	20	-521.12067	1902.7043
89	1	-424.69247	1900.5024
89	2	-465.92484	1899.3728
89	4	-398.6261	1910.6862
89	6	-407.65552	1918.2666
89	9	-425.93378	1882.9789
89	10	-473.3978	1902.5826
89	11	-487.83978	1887.9409
89	13	-491.46008	1903.0708
89	14	-495.65207	1894.4166
89	15	-499.24036	1903.0062
89	16	-504.30963	1912.3961
89	17	-510.80533	1902.4786
89	18	-504.74792	1908.2073
89	19	-504.1305	1909.2252
89	20	-521.12067	1902.7043
90	1	-424.78107	1900.5795
90	2	-466.83176	1899.3639
90	4	-398.6261	1910.6862
90	6	-407.65552	1918.2666
90	9	-425.93378	1882.9789
90	10	-473.3978	1902.5826
90	11	-487.83978	1887.9409
90	13	-491.46008	1903.0708
90	14	-495.65207	1894.4166
90	15	-499.24036	1903.0062
90	16	-504.298	1912.5201
90	17	-510.80533	1902.4786
90	18	-504.75537	1908.3195
90	19	-504.1214	1909.3219
90	20	-521.12067	1902.7043
