0	1	-6755.001	-11173.548
0	2	-6735.029	-11150.497
0	3	-6800.613	-11188.038
0	4	-6801.504	-11198.951
0	5	-6796.813	-11176.765
0	6	-6756.2256	-11177.111
0	7	-6763.2407	-11223.568
0	8	-6763.2007	-11226.082
0	9	-6751.329	-11209.261
0	10	-6743.4062	-11209.918
0	11	-6734.818	-11177.027
0	12	-6741.63	-11181.268
0	25	-6854.8657	-11155.957
1	1	-6754.3228	-11173.552
1	2	-6735.2417	-11150.755
1	3	-6800.613	-11188.038
1	4	-6801.486	-11198.793
1	5	-6795.9204	-11176.763
1	6	-6755.6035	-11177.117
1	7	-6763.2407	-11223.568
1	8	-6763.2007	-11226.082
1	9	-6751.329	-11209.261
1	10	-6743.4062	-11209.918
1	11	-6734.431	-11177.031
1	12	-6740.2124	-11181.244
1	25	-6856.5083	-11155.928
2	1	-6753.6514	-11173.549
2	2	-6735.52	-11151.075
2	3	-6800.613	-11188.038
2	4	-6801.471	-11198.6455
2	5	-6795.0117	-11176.76
2	6	-6754.981	-11177.123
2	7	-6763.2407	-11223.568
2	8	-6763.2007	-11226.082
2	9	-6751.329	-11209.261
2	10	-6743.4062	-11209.918
2	11	-6734.0073	-11177.055
2	12	-6738.8213	-11181.246
2	25	-6858.1265	-11155.943
3	1	-6753.0015	-11173.561
3	2	-6735.7007	-11151.243
3	3	-6800.613	-11188.038
3	4	-6801.4663	-11198.512
3	5	-6794.1167	-11176.757
3	6	-6754.3936	-11177.13
3	7	-6763.2407	-11223.568
3	8	-6763.2007	-11226.082
3	9	-6751.329	-11209.261
3	10	-6743.4062	-11209.918
3	11	-6733.625	-11177.037
3	12	-6737.4316	-11181.239
3	25	-6859.7705	-11155.943
4	1	-6752.3267	-11173.557
4	2	-6735.9805	-11151.563
4	3	-6800.6123	-11188.038
4	4	-6801.4526	-11198.332
4	5	-6793.22	-11176.761
4	6	-6753.7983	-11177.129
4	7	-6763.2407	-11223.568
4	8	-6763.2007	-11226.082
4	9	-6751.329	-11209.261
4	10	-6743.4062	-11209.918
4	11	-6733.229	-11177.0625
4	12	-6736.0376	-11181.24
4	13	-6875.707	-11176.525
4	25	-6861.3813	-11155.958
5	1	-6751.668	-11173.569
5	2	-6736.2373	-11151.8125
5	3	-6800.6123	-11188.038
5	4	-6801.4404	-11198.259
5	5	-6792.3228	-11176.753
5	6	-6753.1978	-11177.142
5	7	-6763.2407	-11223.568
5	8	-6763.2007	-11226.082
5	9	-6751.329	-11209.261
5	10	-6743.4062	-11209.918
5	11	-6732.876	-11177.031
5	12	-6734.63	-11181.243
5	13	-6874.188	-11176.63
5	25	-6862.9556	-11155.948
6	1	-6751.0156	-11173.567
6	2	-6736.4478	-11151.976
6	3	-6800.6123	-11188.038
6	4	-6801.4307	-11198.143
6	5	-6791.4385	-11176.754
6	6	-6752.618	-11177.142
6	7	-6763.2407	-11223.568
6	8	-6763.2007	-11226.082
6	9	-6751.329	-11209.261
6	10	-6743.4062	-11209.918
6	11	-6732.487	-11177.0625
6	12	-6733.2627	-11181.246
6	13	-6872.595	-11176.689
6	25	-6864.578	-11155.949
7	1	-6750.371	-11173.565
7	2	-6736.708	-11152.171
7	3	-6800.6123	-11188.038
7	4	-6801.419	-11198.055
7	5	-6790.5483	-11176.749
7	6	-6752.0405	-11177.157
7	7	-6763.2407	-11223.568
7	8	-6763.2007	-11226.082
7	9	-6751.329	-11209.261
7	10	-6743.4062	-11209.918
7	11	-6732.1826	-11177.028
7	12	-6731.9204	-11181.251
7	13	-6871.11	-11176.712
7	25	-6866.2295	-11155.927
8	1	-6749.757	-11173.574
8	2	-6736.9434	-11152.302
8	3	-6800.6123	-11188.038
8	4	-6801.408	-11197.956
8	5	-6789.6514	-11176.747
8	6	-6751.451	-11177.164
8	7	-6763.2407	-11223.568
8	8	-6763.2007	-11226.082
8	9	-6751.329	-11209.261
8	10	-6743.4062	-11209.918
8	11	-6731.864	-11177.007
8	12	-6730.5005	-11181.193
8	25	-6867.818	-11155.926
9	1	-6749.129	-11173.578
9	2	-6737.2144	-11152.523
9	3	-6800.6123	-11188.037
9	4	-6801.4043	-11197.883
9	5	-6788.7544	-11176.743
9	6	-6750.881	-11177.178
9	7	-6763.2407	-11223.568
9	8	-6763.2007	-11226.082
9	9	-6751.329	-11209.261
9	10	-6743.4062	-11209.918
9	11	-6731.552	-11177.018
9	12	-6729.093	-11181.161
9	25	-6869.43	-11155.935
10	1	-6748.5195	-11173.589
10	2	-6737.445	-11152.636
10	3	-6800.6123	-11188.038
10	4	-6801.3955	-11197.786
10	5	-6787.875	-11176.741
10	6	-6750.3364	-11177.176
10	7	-6763.2407	-11223.568
10	8	-6763.2007	-11226.082
10	9	-6751.329	-11209.261
10	10	-6743.4062	-11209.918
10	11	-6731.237	-11177.032
10	12	-6727.7495	-11181.15
11	1	-6747.9224	-11173.591
11	2	-6737.734	-11152.804
11	3	-6800.6123	-11188.038
11	4	-6801.3916	-11197.718
11	5	-6786.9917	-11176.738
11	6	-6749.778	-11177.184
11	7	-6763.2407	-11223.568
11	8	-6763.2007	-11226.082
11	9	-6751.329	-11209.261
11	10	-6743.4062	-11209.918
11	11	-6730.909	-11177.023
11	12	-6726.32	-11181.137
11	13	-6864.9727	-11176.731
12	1	-6747.323	-11173.599
12	2	-6738.0293	-11152.9375
12	3	-6800.6123	-11188.038
12	4	-6801.386	-11197.658
12	5	-6786.116	-11176.744
12	6	-6749.2266	-11177.173
12	7	-6763.2407	-11223.568
12	8	-6763.2007	-11226.082
12	9	-6751.329	-11209.261
12	10	-6743.4062	-11209.918
12	11	-6730.594	-11177.032
12	12	-6724.948	-11181.13
12	13	-6863.5347	-11176.715
13	1	-6746.7515	-11173.592
13	2	-6738.3213	-11153.112
13	3	-6800.6123	-11188.038
13	4	-6801.3833	-11197.585
13	5	-6785.225	-11176.747
13	6	-6748.707	-11177.181
13	7	-6763.2407	-11223.568
13	8	-6763.2007	-11226.082
13	9	-6751.329	-11209.261
13	10	-6743.4062	-11209.918
13	11	-6730.2896	-11177.016
13	13	-6862.016	-11176.678
14	1	-6746.1665	-11173.599
14	2	-6738.536	-11153.203
14	3	-6800.6123	-11188.038
14	4	-6801.381	-11197.562
14	5	-6784.3486	-11176.745
14	6	-6748.168	-11177.177
14	7	-6763.2407	-11223.568
14	8	-6763.2007	-11226.082
14	9	-6751.329	-11209.261
14	10	-6743.4062	-11209.918
14	11	-6729.9883	-11176.997
14	13	-6860.497	-11176.622
15	1	-6745.5913	-11173.599
15	2	-6738.864	-11153.386
15	3	-6800.6123	-11188.038
15	4	-6801.3755	-11197.501
15	5	-6783.461	-11176.743
15	6	-6747.6523	-11177.18
15	7	-6763.2407	-11223.568
15	8	-6763.2007	-11226.082
15	9	-6751.329	-11209.261
15	10	-6743.4062	-11209.918
15	11	-6729.6655	-11176.959
15	13	-6859.0073	-11176.639
16	1	-6745.0366	-11173.603
16	2	-6739.1895	-11153.502
16	3	-6800.6123	-11188.038
16	4	-6801.3687	-11197.489
16	5	-6782.5815	-11176.74
16	6	-6747.139	-11177.174
16	7	-6763.2407	-11223.568
16	8	-6763.2007	-11226.082
16	9	-6751.329	-11209.261
16	10	-6743.4062	-11209.918
16	11	-6729.3423	-11176.969
16	13	-6857.482	-11176.659
17	1	-6744.4766	-11173.6045
17	2	-6739.64	-11153.713
17	3	-6800.6123	-11188.038
17	4	-6801.367	-11197.467
17	5	-6781.7046	-11176.737
17	6	-6746.6284	-11177.177
17	7	-6763.2407	-11223.568
17	8	-6763.2007	-11226.082
17	9	-6751.329	-11209.261
17	10	-6743.4062	-11209.918
17	11	-6729.0825	-11176.966
17	13	-6856.0303	-11176.708
18	1	-6743.9175	-11173.609
18	2	-6740.099	-11153.919
18	3	-6800.6123	-11188.038
18	4	-6801.3735	-11197.419
18	5	-6780.8267	-11176.736
18	6	-6746.137	-11177.177
18	7	-6763.2407	-11223.568
18	8	-6763.2007	-11226.082
18	9	-6751.329	-11209.261
18	10	-6743.4062	-11209.918
18	11	-6728.797	-11176.938
18	13	-6854.537	-11176.721
19	1	-6743.3887	-11173.612
19	2	-6740.5444	-11154.107
19	3	-6800.6123	-11188.038
19	4	-6801.3677	-11197.392
19	5	-6779.949	-11176.735
19	6	-6745.6577	-11177.182
19	7	-6763.2407	-11223.568
19	8	-6763.2007	-11226.082
19	9	-6751.329	-11209.261
19	10	-6743.4062	-11209.918
19	11	-6728.4253	-11176.901
19	13	-6853.103	-11176.729
19	18	-6728.683	-11208.3545
20	1	-6742.849	-11173.62
20	2	-6740.8228	-11154.226
20	3	-6800.6123	-11188.038
20	4	-6801.366	-11197.36
20	5	-6779.09	-11176.739
20	6	-6745.204	-11177.183
20	7	-6763.2407	-11223.568
20	8	-6763.2007	-11226.082
20	9	-6751.329	-11209.261
20	10	-6743.4062	-11209.918
20	11	-6728.153	-11176.93
20	13	-6851.6357	-11176.748
20	18	-6728.683	-11208.3545
21	1	-6742.339	-11173.62
21	2	-6741.6226	-11154.6045
21	3	-6800.6123	-11188.038
21	4	-6801.3657	-11197.338
21	5	-6778.2163	-11176.739
21	6	-6744.7554	-11177.179
21	7	-6763.2407	-11223.568
21	8	-6763.2007	-11226.082
21	9	-6751.329	-11209.261
21	10	-6743.4062	-11209.918
21	11	-6727.955	-11176.967
21	13	-6850.1533	-11176.744
21	18	-6728.683	-11208.3545
22	1	-6741.8193	-11173.62
22	2	-6742.323	-11154.926
22	3	-6800.6123	-11188.038
22	4	-6801.3657	-11197.331
22	5	-6777.3467	-11176.736
22	6	-6744.3184	-11177.184
22	7	-6763.2407	-11223.568
22	8	-6763.2007	-11226.082
22	9	-6751.329	-11209.261
22	10	-6743.4062	-11209.918
22	11	-6727.6406	-11176.932
22	13	-6848.6846	-11176.751
22	18	-6728.683	-11208.3545
23	1	-6741.31	-11173.612
23	2	-6742.6514	-11155.027
23	3	-6800.6123	-11188.038
23	4	-6801.364	-11197.291
23	5	-6776.4727	-11176.74
23	6	-6743.861	-11177.192
23	7	-6763.2407	-11223.568
23	8	-6763.2007	-11226.082
23	9	-6751.329	-11209.261
23	10	-6743.4062	-11209.918
23	11	-6727.337	-11176.963
23	13	-6847.2583	-11176.75
23	17	-6769.1885	-11219.52
23	18	-6728.683	-11208.3545
23	21	-6769.1387	-11219.982
24	1	-6740.825	-11173.627
24	2	-6743.0435	-11155.165
24	3	-6800.6123	-11188.038
24	4	-6801.364	-11197.305
24	5	-6775.6025	-11176.732
24	6	-6743.388	-11177.181
24	7	-6763.2407	-11223.568
24	8	-6763.2007	-11226.082
24	9	-6751.329	-11209.261
24	10	-6743.4062	-11209.918
24	11	-6727.1035	-11177.031
24	13	-6845.803	-11176.736
24	17	-6769.2583	-11219.513
24	18	-6728.683	-11208.3545
24	21	-6769.184	-11220.14
25	1	-6740.331	-11173.624
25	2	-6743.393	-11155.247
25	3	-6800.6123	-11188.038
25	4	-6801.365	-11197.297
25	5	-6774.7217	-11176.7295
25	6	-6742.9985	-11177.186
25	7	-6763.2407	-11223.568
25	8	-6763.2007	-11226.082
25	9	-6751.329	-11209.261
25	10	-6743.4062	-11209.918
25	11	-6726.862	-11177.044
25	13	-6844.3716	-11176.734
25	17	-6769.3257	-11219.505
25	18	-6728.683	-11208.3545
25	21	-6769.2383	-11220.128
26	1	-6739.866	-11173.618
26	2	-6743.7666	-11155.29
26	3	-6800.6123	-11188.038
26	4	-6801.367	-11197.302
26	5	-6773.862	-11176.734
26	6	-6742.5703	-11177.179
26	7	-6763.2407	-11223.568
26	8	-6763.2007	-11226.082
26	9	-6751.329	-11209.261
26	10	-6743.4062	-11209.918
26	11	-6726.5435	-11177.056
26	13	-6842.9136	-11176.734
26	17	-6769.3853	-11219.49
26	18	-6728.683	-11208.3545
26	21	-6769.3003	-11220.119
27	1	-6739.402	-11173.611
27	2	-6744.197	-11155.375
27	3	-6800.6123	-11188.038
27	4	-6801.3633	-11197.279
27	5	-6773.0186	-11176.735
27	6	-6742.1626	-11177.174
27	7	-6763.2407	-11223.568
27	8	-6763.2007	-11226.082
27	9	-6751.329	-11209.261
27	10	-6743.4062	-11209.918
27	13	-6841.4595	-11176.728
27	17	-6769.4565	-11219.488
27	18	-6728.683	-11208.3545
27	21	-6769.345	-11220.118
28	1	-6738.9546	-11173.615
28	2	-6744.474	-11155.357
28	3	-6800.6123	-11188.038
28	4	-6801.3623	-11197.28
28	5	-6772.167	-11176.738
28	6	-6741.762	-11177.173
28	7	-6763.2407	-11223.568
28	8	-6763.2007	-11226.082
28	9	-6751.329	-11209.261
28	10	-6743.4062	-11209.918
28	11	-6725.982	-11177.167
28	13	-6840.033	-11176.722
28	17	-6769.5146	-11219.504
28	18	-6728.683	-11208.3545
28	21	-6769.4097	-11220.135
29	1	-6738.5083	-11173.618
29	2	-6744.872	-11155.411
29	3	-6800.6123	-11188.038
29	4	-6801.36	-11197.299
29	5	-6771.33	-11176.74
29	6	-6741.3975	-11177.177
29	7	-6763.2407	-11223.568
29	8	-6763.2007	-11226.082
29	9	-6751.329	-11209.261
29	10	-6743.4062	-11209.918
29	11	-6725.6772	-11177.21
29	13	-6838.593	-11176.722
29	17	-6769.5522	-11219.506
29	18	-6728.683	-11208.3545
29	21	-6769.4497	-11220.148
30	1	-6738.0728	-11173.602
30	2	-6745.3633	-11155.501
30	3	-6800.6123	-11188.038
30	4	-6801.364	-11197.282
30	5	-6770.49	-11176.74
30	6	-6741.0347	-11177.166
30	7	-6763.2407	-11223.568
30	8	-6763.2007	-11226.082
30	9	-6751.329	-11209.261
30	10	-6743.4062	-11209.918
30	13	-6837.185	-11176.717
30	17	-6769.568	-11219.502
30	18	-6728.683	-11208.3545
30	21	-6769.528	-11220.148
31	1	-6737.6523	-11173.604
31	2	-6745.7417	-11155.529
31	3	-6800.6123	-11188.038
31	4	-6801.3647	-11197.272
31	5	-6769.6772	-11176.74
31	6	-6740.651	-11177.165
31	7	-6763.2407	-11223.568
31	8	-6763.2007	-11226.082
31	9	-6751.329	-11209.261
31	10	-6743.4062	-11209.918
31	13	-6835.7505	-11176.701
31	16	-6757.1284	-11209.439
31	17	-6769.6245	-11219.514
31	18	-6728.683	-11208.3545
31	21	-6769.6084	-11220.172
32	1	-6737.2554	-11173.6
32	2	-6746.111	-11155.593
32	3	-6800.6123	-11188.038
32	4	-6801.364	-11197.291
32	5	-6768.848	-11176.745
32	6	-6740.301	-11177.167
32	7	-6763.2407	-11223.568
32	8	-6763.2007	-11226.082
32	9	-6751.329	-11209.261
32	10	-6743.4062	-11209.918
32	13	-6834.315	-11176.698
32	16	-6757.1284	-11209.439
32	17	-6769.6807	-11219.524
32	18	-6728.683	-11208.3545
32	21	-6769.682	-11220.168
33	1	-6736.8823	-11173.604
33	2	-6746.5015	-11155.613
33	3	-6800.6123	-11188.037
33	4	-6801.362	-11197.294
33	5	-6768.0483	-11176.744
33	6	-6739.971	-11177.163
33	7	-6763.2407	-11223.568
33	9	-6751.329	-11209.261
33	10	-6743.4062	-11209.918
33	13	-6832.8965	-11176.69
33	14	-6763.043	-11226.124
33	16	-6757.1284	-11209.439
33	17	-6769.736	-11219.529
33	18	-6728.683	-11208.3545
33	21	-6769.7456	-11220.179
34	1	-6736.501	-11173.593
34	2	-6746.9688	-11155.64
34	3	-6800.6123	-11188.035
34	4	-6801.359	-11197.301
34	5	-6767.229	-11176.747
34	6	-6739.6323	-11177.163
34	7	-6763.2407	-11223.568
34	9	-6751.329	-11209.261
34	10	-6743.4062	-11209.918
34	13	-6831.498	-11176.6875
34	14	-6763.043	-11226.124
34	16	-6757.1284	-11209.439
34	17	-6769.798	-11219.515
34	18	-6728.683	-11208.3545
34	21	-6769.829	-11220.181
35	1	-6736.132	-11173.596
35	2	-6747.399	-11155.679
35	3	-6800.612	-11188.03
35	4	-6801.3633	-11197.278
35	5	-6766.4326	-11176.748
35	6	-6739.3145	-11177.166
35	7	-6763.2407	-11223.568
35	9	-6751.329	-11209.261
35	10	-6743.4062	-11209.918
35	13	-6830.0996	-11176.682
35	14	-6763.043	-11226.124
35	16	-6757.1284	-11209.439
35	17	-6769.8706	-11219.51
35	18	-6728.683	-11208.3545
35	21	-6769.881	-11220.179
36	1	-6735.7715	-11173.601
36	2	-6747.85	-11155.713
36	3	-6800.6113	-11188.026
36	4	-6801.3613	-11197.268
36	5	-6765.659	-11176.753
36	6	-6739.0	-11177.176
36	7	-6763.2407	-11223.568
36	9	-6751.329	-11209.261
36	10	-6743.4062	-11209.918
36	13	-6828.6846	-11176.681
36	14	-6763.043	-11226.124
36	16	-6757.1284	-11209.439
36	17	-6769.9263	-11219.509
36	18	-6728.683	-11208.3545
36	21	-6769.94	-11220.17
37	1	-6735.4297	-11173.579
37	2	-6748.3257	-11155.736
37	3	-6800.61	-11188.02
37	4	-6801.3613	-11197.302
37	5	-6764.906	-11176.75
37	6	-6738.683	-11177.162
37	7	-6763.2407	-11223.568
37	9	-6751.329	-11209.261
37	10	-6743.4062	-11209.918
37	13	-6827.2886	-11176.687
37	14	-6763.043	-11226.124
37	16	-6757.1284	-11209.439
37	17	-6769.9946	-11219.508
37	18	-6728.683	-11208.3545
37	21	-6770.0054	-11220.185
38	1	-6735.099	-11173.588
38	2	-6748.856	-11155.753
38	3	-6800.6084	-11188.009
38	4	-6801.353	-11197.3
38	5	-6764.152	-11176.751
38	6	-6738.3813	-11177.166
38	7	-6763.2407	-11223.568
38	9	-6751.329	-11209.261
38	10	-6743.4062	-11209.918
38	13	-6825.9155	-11176.686
38	14	-6763.043	-11226.124
38	16	-6757.1284	-11209.439
38	17	-6770.071	-11219.898
38	18	-6728.683	-11208.3545
38	21	-6770.064	-11220.196
39	1	-6734.769	-11173.591
39	2	-6749.3555	-11155.786
39	3	-6800.607	-11187.996
39	4	-6801.3564	-11197.28
39	5	-6763.37	-11176.75
39	6	-6738.0894	-11177.152
39	7	-6763.2407	-11223.568
39	9	-6751.329	-11209.261
39	10	-6743.4062	-11209.918
39	13	-6824.5415	-11176.689
39	14	-6763.043	-11226.124
39	16	-6757.1284	-11209.439
39	17	-6770.1245	-11219.708
39	18	-6728.683	-11208.3545
39	21	-6770.13	-11220.196
40	1	-6734.4795	-11173.583
40	2	-6749.896	-11155.822
40	3	-6800.6064	-11187.983
40	4	-6801.356	-11197.279
40	5	-6762.6387	-11176.751
40	6	-6737.8013	-11177.157
40	7	-6763.2407	-11223.568
40	9	-6751.329	-11209.261
40	10	-6743.4062	-11209.918
40	13	-6823.1626	-11176.7
40	14	-6763.043	-11226.124
40	16	-6757.1284	-11209.439
40	17	-6770.191	-11219.525
40	18	-6728.683	-11208.3545
40	21	-6770.2124	-11220.176
41	1	-6734.2007	-11173.585
41	2	-6750.4277	-11155.851
41	3	-6800.604	-11187.969
41	4	-6801.3623	-11197.265
41	5	-6761.892	-11176.752
41	6	-6737.5303	-11177.16
41	7	-6763.2407	-11223.568
41	9	-6751.329	-11209.261
41	10	-6743.4062	-11209.918
41	13	-6821.7944	-11176.705
41	14	-6763.043	-11226.124
41	15	-6729.9	-11210.049
41	16	-6757.1284	-11209.439
41	17	-6770.2534	-11219.535
41	18	-6728.683	-11208.3545
41	21	-6770.282	-11220.192
42	1	-6733.9277	-11173.592
42	2	-6750.928	-11155.874
42	3	-6800.6016	-11187.951
42	4	-6801.3555	-11197.287
42	5	-6761.1846	-11176.752
42	6	-6737.2544	-11177.164
42	7	-6763.2407	-11223.568
42	9	-6751.329	-11209.261
42	10	-6743.4062	-11209.918
42	13	-6820.426	-11176.714
42	14	-6763.043	-11226.124
42	15	-6729.9	-11210.049
42	16	-6757.1284	-11209.439
42	17	-6770.3154	-11219.545
42	18	-6728.683	-11208.3545
42	21	-6770.3696	-11220.194
43	1	-6733.6904	-11173.586
43	2	-6751.496	-11155.887
43	3	-6800.5996	-11187.935
43	4	-6801.359	-11197.274
43	5	-6760.465	-11176.759
43	6	-6736.97	-11177.151
43	7	-6763.2407	-11223.568
43	9	-6751.329	-11209.261
43	10	-6743.4062	-11209.918
43	13	-6819.0713	-11176.728
43	14	-6763.043	-11226.124
43	15	-6729.9	-11210.049
43	16	-6757.1284	-11209.439
43	17	-6770.3936	-11219.559
43	18	-6728.683	-11208.3545
43	21	-6770.433	-11220.186
44	1	-6733.4204	-11173.589
44	2	-6752.08	-11155.913
44	3	-6800.5977	-11187.915
44	4	-6801.358	-11197.265
44	5	-6759.719	-11176.756
44	6	-6736.6953	-11177.15
44	7	-6763.2407	-11223.568
44	9	-6751.329	-11209.261
44	10	-6743.4062	-11209.918
44	13	-6817.718	-11176.746
44	14	-6763.043	-11226.124
44	15	-6729.9	-11210.049
44	16	-6757.1284	-11209.439
44	17	-6770.451	-11219.567
44	18	-6728.683	-11208.3545
44	21	-6770.519	-11220.194
45	1	-6733.1685	-11173.576
45	2	-6752.623	-11155.939
45	3	-6800.595	-11187.895
45	4	-6801.359	-11197.264
45	5	-6759.043	-11176.758
45	6	-6736.428	-11177.138
45	7	-6763.2407	-11223.568
45	9	-6751.329	-11209.261
45	10	-6743.4062	-11209.918
45	13	-6816.3887	-11176.759
45	14	-6763.043	-11226.124
45	15	-6729.9	-11210.049
45	16	-6757.1284	-11209.439
45	17	-6770.52	-11219.552
45	18	-6728.683	-11208.3545
46	1	-6732.918	-11173.584
46	2	-6753.2363	-11155.96
46	3	-6800.592	-11187.871
46	4	-6801.3623	-11197.271
46	5	-6758.36	-11176.765
46	6	-6736.164	-11177.135
46	7	-6763.2407	-11223.568
46	9	-6751.329	-11209.261
46	10	-6743.4062	-11209.918
46	13	-6815.05	-11176.773
46	14	-6763.043	-11226.124
46	15	-6729.9	-11210.049
46	16	-6757.1284	-11209.439
46	17	-6770.6084	-11219.562
46	18	-6728.683	-11208.3545
47	1	-6732.7085	-11173.578
47	2	-6753.7676	-11155.975
47	3	-6800.589	-11187.847
47	4	-6801.358	-11197.276
47	5	-6757.711	-11176.763
47	6	-6735.906	-11177.136
47	7	-6763.2407	-11223.568
47	9	-6751.329	-11209.261
47	10	-6743.4062	-11209.918
47	13	-6813.7163	-11176.79
47	14	-6763.043	-11226.124
47	15	-6729.9	-11210.049
47	16	-6757.1284	-11209.439
47	17	-6770.699	-11219.559
48	1	-6732.5244	-11173.589
48	2	-6754.354	-11155.987
48	3	-6800.5854	-11187.821
48	4	-6801.358	-11197.269
48	5	-6757.019	-11176.766
48	6	-6735.639	-11177.134
48	7	-6763.2407	-11223.568
48	9	-6751.329	-11209.261
48	10	-6743.4062	-11209.918
48	13	-6812.4243	-11176.807
48	14	-6763.043	-11226.124
48	15	-6729.9	-11210.049
48	16	-6757.1284	-11209.439
48	17	-6770.7734	-11219.534
49	1	-6732.323	-11173.594
49	2	-6754.899	-11155.999
49	3	-6800.581	-11187.793
49	4	-6801.361	-11197.269
49	5	-6756.36	-11176.764
49	6	-6735.3896	-11177.137
49	7	-6763.2407	-11223.568
49	9	-6751.329	-11209.261
49	10	-6743.4062	-11209.918
49	13	-6811.1304	-11176.824
49	14	-6763.043	-11226.124
49	15	-6729.9	-11210.049
49	16	-6757.1284	-11209.439
49	17	-6770.833	-11219.488
50	1	-6732.1265	-11173.582
50	2	-6755.504	-11156.004
50	3	-6800.576	-11187.762
50	4	-6801.3574	-11197.264
50	5	-6755.7007	-11176.771
50	6	-6735.137	-11177.123
50	7	-6763.2407	-11223.568
50	9	-6751.329	-11209.261
50	10	-6743.4062	-11209.918
50	13	-6809.834	-11176.845
50	14	-6763.043	-11226.124
50	15	-6729.9	-11210.049
50	16	-6757.1284	-11209.439
50	17	-6770.868	-11219.532
51	1	-6731.9707	-11173.599
51	2	-6756.139	-11156.015
51	3	-6800.572	-11187.73
51	4	-6801.358	-11197.237
51	5	-6755.056	-11176.77
51	6	-6734.8833	-11177.135
51	7	-6763.2407	-11223.568
51	9	-6751.329	-11209.261
51	10	-6743.4062	-11209.918
51	13	-6808.5537	-11176.866
51	14	-6763.043	-11226.124
51	15	-6729.9	-11210.049
51	16	-6757.1284	-11209.439
51	17	-6770.9424	-11219.541
52	1	-6731.8125	-11173.6
52	2	-6756.7354	-11156.027
52	3	-6800.5674	-11187.698
52	4	-6801.36	-11197.27
52	5	-6754.4697	-11176.7705
52	6	-6734.6387	-11177.132
52	7	-6763.2407	-11223.568
52	9	-6751.329	-11209.261
52	10	-6743.4062	-11209.918
52	13	-6807.29	-11176.878
52	14	-6763.043	-11226.124
52	15	-6729.9	-11210.049
52	17	-6771.005	-11219.548
53	1	-6731.653	-11173.604
53	2	-6757.394	-11156.024
53	3	-6800.563	-11187.664
53	4	-6801.3594	-11197.272
53	5	-6753.861	-11176.764
53	6	-6734.3896	-11177.121
53	7	-6763.2407	-11223.568
53	9	-6751.329	-11209.261
53	10	-6743.4062	-11209.918
53	13	-6806.0264	-11176.896
53	14	-6763.043	-11226.124
53	15	-6729.9	-11210.049
53	17	-6771.075	-11219.579
54	1	-6731.4756	-11173.594
54	2	-6757.9995	-11156.023
54	3	-6800.558	-11187.628
54	4	-6801.3594	-11197.261
54	5	-6753.264	-11176.768
54	6	-6734.154	-11177.112
54	7	-6763.2407	-11223.568
54	9	-6751.329	-11209.261
54	10	-6743.4062	-11209.918
54	13	-6804.779	-11176.908
54	14	-6763.043	-11226.124
54	15	-6729.9	-11210.049
54	16	-6757.1284	-11209.439
54	17	-6771.1304	-11219.582
55	1	-6731.288	-11173.595
55	2	-6758.627	-11156.026
55	3	-6800.553	-11187.592
55	4	-6801.3584	-11197.261
55	5	-6752.6733	-11176.763
55	6	-6733.9097	-11177.11
55	7	-6763.2407	-11223.568
55	9	-6751.329	-11209.261
55	10	-6743.4062	-11209.918
55	13	-6803.555	-11176.921
55	14	-6763.043	-11226.124
55	15	-6729.9	-11210.049
55	16	-6757.1284	-11209.439
56	1	-6731.144	-11173.571
56	2	-6759.3037	-11156.023
56	3	-6800.5483	-11187.556
56	4	-6801.359	-11197.261
56	5	-6752.1133	-11176.765
56	6	-6733.6743	-11177.1
56	7	-6763.2407	-11223.568
56	9	-6751.329	-11209.261
56	10	-6743.4062	-11209.918
56	13	-6802.3374	-11176.931
56	14	-6763.043	-11226.124
56	15	-6729.9	-11210.049
56	16	-6757.1284	-11209.439
57	1	-6730.9946	-11173.586
57	2	-6759.975	-11156.023
57	3	-6800.543	-11187.519
57	4	-6801.3594	-11197.244
57	5	-6751.575	-11176.772
57	6	-6733.4478	-11177.092
57	7	-6763.2407	-11223.568
57	9	-6751.329	-11209.261
57	10	-6743.4062	-11209.918
57	13	-6801.1416	-11176.943
57	14	-6763.043	-11226.124
57	15	-6729.9	-11210.049
57	16	-6757.1284	-11209.439
58	1	-6730.8457	-11173.582
58	2	-6760.6113	-11156.022
58	3	-6800.5376	-11187.481
58	4	-6801.361	-11197.27
58	5	-6751.0254	-11176.774
58	6	-6733.2114	-11177.101
58	7	-6763.2407	-11223.568
58	9	-6751.329	-11209.261
58	10	-6743.4062	-11209.918
58	13	-6799.977	-11176.954
58	14	-6763.043	-11226.124
58	15	-6729.9	-11210.049
58	16	-6757.1284	-11209.439
58	19	-6771.6016	-11220.534
59	1	-6730.704	-11173.593
59	2	-6761.274	-11156.027
59	3	-6800.5317	-11187.443
59	4	-6801.364	-11197.272
59	5	-6750.508	-11176.762
59	6	-6732.9683	-11177.091
59	7	-6763.2407	-11223.568
59	9	-6751.329	-11209.261
59	10	-6743.4062	-11209.918
59	13	-6798.814	-11176.959
59	14	-6763.043	-11226.124
59	15	-6729.9	-11210.049
59	16	-6757.1284	-11209.439
59	19	-6771.6704	-11220.531
60	1	-6730.6675	-11173.6
60	2	-6761.9653	-11156.027
60	3	-6800.526	-11187.407
60	4	-6801.3594	-11197.235
60	5	-6749.9766	-11176.754
60	6	-6732.713	-11177.099
60	7	-6763.2407	-11223.568
60	9	-6751.329	-11209.261
60	10	-6743.4062	-11209.918
60	13	-6797.6797	-11176.962
60	14	-6763.043	-11226.124
60	15	-6729.9	-11210.049
60	16	-6757.1284	-11209.439
60	19	-6771.7285	-11220.544
61	1	-6730.5806	-11173.587
61	2	-6762.613	-11156.03
61	3	-6800.52	-11187.368
61	4	-6801.359	-11197.276
61	5	-6749.476	-11176.748
61	6	-6732.478	-11177.096
61	7	-6763.2407	-11223.568
61	9	-6751.329	-11209.261
61	10	-6743.4062	-11209.918
61	13	-6796.5464	-11176.967
61	14	-6763.043	-11226.124
61	15	-6729.9	-11210.049
61	16	-6757.1284	-11209.439
61	19	-6771.79	-11220.562
62	2	-6763.284	-11156.028
62	3	-6800.513	-11187.323
62	4	-6801.355	-11197.276
62	5	-6748.9893	-11176.741
62	6	-6732.246	-11177.084
62	7	-6763.2407	-11223.568
62	9	-6751.329	-11209.261
62	10	-6743.4062	-11209.918
62	13	-6795.4287	-11176.967
62	14	-6763.043	-11226.124
62	15	-6729.9	-11210.049
62	16	-6757.1284	-11209.439
62	19	-6771.848	-11220.561
62	20	-6729.8843	-11173.631
63	2	-6763.994	-11156.022
63	3	-6800.505	-11187.272
63	4	-6801.355	-11197.253
63	5	-6748.528	-11176.754
63	6	-6732.004	-11177.072
63	7	-6763.2407	-11223.568
63	9	-6751.329	-11209.261
63	10	-6743.4062	-11209.918
63	13	-6794.333	-11176.962
63	14	-6763.043	-11226.124
63	15	-6729.9	-11210.049
63	16	-6757.1284	-11209.439
63	19	-6771.8916	-11220.572
63	20	-6729.8843	-11173.631
64	2	-6764.6543	-11156.0205
64	3	-6800.495	-11187.214
64	4	-6801.3545	-11197.225
64	5	-6748.0537	-11176.751
64	6	-6731.764	-11177.076
64	7	-6763.2407	-11223.568
64	9	-6751.329	-11209.261
64	10	-6743.4062	-11209.918
64	13	-6793.227	-11176.956
64	14	-6763.043	-11226.124
64	15	-6729.9	-11210.049
64	16	-6757.1284	-11209.439
64	19	-6771.9727	-11220.565
64	20	-6729.8843	-11173.631
65	2	-6765.347	-11156.025
65	3	-6800.4844	-11187.147
65	4	-6801.3535	-11197.212
65	5	-6747.609	-11176.743
65	6	-6731.5195	-11177.066
65	7	-6763.2407	-11223.568
65	9	-6751.329	-11209.261
65	10	-6743.4062	-11209.918
65	13	-6792.1426	-11176.949
65	14	-6763.043	-11226.124
65	15	-6729.9	-11210.049
65	19	-6772.035	-11220.585
66	2	-6766.0806	-11156.027
66	3	-6800.472	-11187.071
66	4	-6801.353	-11197.251
66	5	-6747.145	-11176.756
66	6	-6731.3105	-11177.062
66	7	-6763.2407	-11223.568
66	9	-6751.329	-11209.261
66	10	-6743.4062	-11209.918
66	13	-6791.079	-11176.952
66	14	-6763.043	-11226.124
66	15	-6729.9	-11210.049
66	19	-6772.104	-11220.573
67	2	-6766.8447	-11156.023
67	3	-6800.4575	-11186.983
67	4	-6801.356	-11197.267
67	5	-6746.746	-11176.755
67	6	-6731.098	-11177.079
67	7	-6763.2407	-11223.568
67	9	-6751.329	-11209.261
67	10	-6743.4062	-11209.918
67	13	-6790.0063	-11176.947
67	14	-6763.043	-11226.124
67	15	-6729.9	-11210.049
67	19	-6772.143	-11220.578
67	22	-6757.1343	-11209.678
67	24	-6772.2944	-11219.773
68	2	-6767.4956	-11156.0205
68	3	-6800.441	-11186.887
68	4	-6801.3545	-11197.257
68	5	-6746.3184	-11176.76
68	6	-6730.827	-11177.082
68	7	-6763.2407	-11223.568
68	9	-6751.329	-11209.261
68	10	-6743.4062	-11209.918
68	13	-6788.9585	-11176.946
68	14	-6763.043	-11226.124
68	15	-6729.9	-11210.049
68	19	-6772.216	-11220.586
68	22	-6757.1343	-11209.678
68	24	-6772.382	-11219.754
69	2	-6768.193	-11156.024
69	3	-6800.423	-11186.776
69	4	-6801.3535	-11197.246
69	5	-6745.9287	-11176.749
69	6	-6730.63	-11177.079
69	7	-6763.2407	-11223.568
69	9	-6751.329	-11209.261
69	10	-6743.4062	-11209.918
69	13	-6787.904	-11176.947
69	14	-6763.043	-11226.124
69	15	-6729.9	-11210.049
69	19	-6772.2505	-11220.575
69	20	-6729.8843	-11173.631
69	24	-6772.457	-11219.754
70	2	-6768.954	-11156.017
70	3	-6800.401	-11186.652
70	4	-6801.353	-11197.255
70	5	-6745.51	-11176.749
70	6	-6730.39	-11177.088
70	7	-6763.2407	-11223.568
70	9	-6751.329	-11209.261
70	10	-6743.4062	-11209.918
70	13	-6786.8843	-11176.946
70	14	-6763.043	-11226.124
70	15	-6729.9	-11210.049
70	19	-6772.316	-11220.551
70	20	-6729.8843	-11173.631
70	24	-6772.5293	-11219.749
71	2	-6769.7314	-11156.025
71	3	-6800.376	-11186.515
71	4	-6801.351	-11197.265
71	5	-6745.0947	-11176.751
71	6	-6730.1587	-11177.071
71	7	-6763.2407	-11223.568
71	9	-6751.329	-11209.261
71	10	-6743.4062	-11209.918
71	13	-6785.878	-11176.948
71	14	-6763.043	-11226.124
71	15	-6729.9	-11210.049
71	19	-6772.37	-11220.568
71	20	-6729.8843	-11173.631
71	22	-6757.1343	-11209.678
71	24	-6772.5977	-11219.771
72	2	-6770.4927	-11156.035
72	3	-6800.3467	-11186.364
72	4	-6801.352	-11197.237
72	5	-6744.72	-11176.743
72	6	-6729.931	-11177.074
72	7	-6763.2407	-11223.568
72	9	-6751.329	-11209.261
72	10	-6743.4062	-11209.918
72	13	-6784.879	-11176.946
72	14	-6763.043	-11226.124
72	15	-6729.9	-11210.049
72	19	-6772.4453	-11220.601
72	20	-6729.8843	-11173.631
72	22	-6757.1343	-11209.678
72	24	-6772.6816	-11219.805
73	2	-6771.2534	-11156.043
73	3	-6800.3145	-11186.203
73	4	-6801.352	-11197.208
73	5	-6744.39	-11176.742
73	6	-6729.721	-11177.079
73	7	-6763.2407	-11223.568
73	9	-6751.329	-11209.261
73	10	-6743.4062	-11209.918
73	13	-6783.899	-11176.948
73	14	-6763.043	-11226.124
73	15	-6729.9	-11210.049
73	19	-6772.499	-11220.602
73	20	-6729.8843	-11173.631
73	22	-6757.1343	-11209.678
73	24	-6772.7563	-11219.796
74	2	-6771.9883	-11156.045
74	3	-6800.2793	-11186.029
74	4	-6801.3545	-11197.222
74	5	-6744.018	-11176.745
74	6	-6729.527	-11177.093
74	7	-6763.2407	-11223.568
74	9	-6751.329	-11209.261
74	10	-6743.4062	-11209.918
74	13	-6782.9316	-11176.945
74	14	-6763.043	-11226.124
74	15	-6729.9	-11210.049
74	19	-6772.5713	-11220.604
74	20	-6729.8843	-11173.631
74	22	-6757.1343	-11209.678
74	24	-6772.8423	-11219.861
75	2	-6772.774	-11156.054
75	3	-6800.2383	-11185.841
75	4	-6801.3555	-11197.24
75	5	-6743.6685	-11176.729
75	6	-6729.302	-11177.065
75	7	-6763.2407	-11223.568
75	9	-6751.329	-11209.261
75	10	-6743.4062	-11209.918
75	13	-6781.9834	-11176.943
75	14	-6763.043	-11226.124
75	15	-6729.9	-11210.049
75	19	-6772.6147	-11220.612
75	20	-6729.8843	-11173.631
75	22	-6757.1343	-11209.678
75	23	-6739.506	-11222.35
75	24	-6772.92	-11219.864
76	2	-6773.542	-11156.062
76	3	-6800.1914	-11185.639
76	4	-6801.35	-11197.207
76	5	-6743.3047	-11176.723
76	6	-6729.0933	-11177.058
76	7	-6763.2407	-11223.568
76	9	-6751.329	-11209.261
76	10	-6743.4062	-11209.918
76	13	-6781.0566	-11176.944
76	14	-6763.043	-11226.124
76	19	-6772.6875	-11220.611
76	20	-6729.8843	-11173.631
76	22	-6757.1343	-11209.678
76	23	-6739.506	-11222.35
76	24	-6773.0	-11219.864
77	2	-6774.311	-11156.068
77	3	-6800.139	-11185.424
77	4	-6801.3486	-11197.191
77	5	-6742.9795	-11176.727
77	6	-6728.86	-11177.058
77	7	-6763.2407	-11223.568
77	9	-6751.329	-11209.261
77	10	-6743.4062	-11209.918
77	13	-6780.1313	-11176.944
77	14	-6763.043	-11226.124
77	19	-6772.741	-11220.616
77	20	-6729.8843	-11173.631
77	22	-6757.1343	-11209.678
77	23	-6739.506	-11222.35
77	24	-6773.0576	-11219.875
78	2	-6775.1074	-11156.074
78	3	-6800.079	-11185.195
78	4	-6801.3433	-11197.149
78	5	-6742.6353	-11176.729
78	6	-6728.6177	-11177.06
78	7	-6763.2407	-11223.568
78	9	-6751.329	-11209.261
78	10	-6743.4062	-11209.918
78	13	-6779.251	-11176.945
78	14	-6763.043	-11226.124
78	19	-6772.825	-11220.623
78	20	-6729.8843	-11173.631
78	22	-6757.1343	-11209.678
78	23	-6739.506	-11222.35
78	24	-6773.0894	-11219.889
79	2	-6775.908	-11156.086
79	3	-6800.012	-11184.951
79	4	-6801.3433	-11197.116
79	5	-6742.2983	-11176.718
79	6	-6728.416	-11177.07
79	7	-6763.2407	-11223.568
79	9	-6751.329	-11209.261
79	13	-6778.3687	-11176.944
79	14	-6763.043	-11226.124
79	19	-6772.883	-11220.635
79	20	-6729.8843	-11173.631
79	22	-6757.1343	-11209.678
79	23	-6739.506	-11222.35
80	2	-6776.731	-11156.089
80	3	-6799.936	-11184.692
80	4	-6801.3345	-11197.077
80	5	-6741.9995	-11176.712
80	6	-6728.205	-11177.079
80	7	-6763.2407	-11223.568
80	9	-6751.329	-11209.261
80	10	-6743.4062	-11209.918
80	13	-6777.497	-11176.944
80	14	-6763.043	-11226.124
80	19	-6772.9595	-11220.623
80	20	-6729.8843	-11173.631
80	22	-6757.1343	-11209.678
80	23	-6739.506	-11222.35
81	2	-6777.512	-11156.1
81	3	-6799.8486	-11184.418
81	4	-6801.332	-11197.041
81	5	-6741.699	-11176.716
81	6	-6727.981	-11177.082
81	7	-6763.2407	-11223.568
81	9	-6751.329	-11209.261
81	13	-6776.65	-11176.944
81	14	-6763.043	-11226.124
81	19	-6773.0312	-11220.638
81	20	-6729.8843	-11173.631
81	22	-6757.1343	-11209.678
81	23	-6739.506	-11222.35
82	2	-6778.3525	-11156.104
82	3	-6799.7485	-11184.13
82	4	-6801.32	-11197.006
82	5	-6741.423	-11176.716
82	6	-6727.7803	-11177.07
82	7	-6763.2407	-11223.568
82	9	-6751.329	-11209.261
82	13	-6775.8096	-11176.943
82	14	-6763.043	-11226.124
82	19	-6773.1016	-11220.673
82	20	-6729.8843	-11173.631
82	22	-6757.1343	-11209.678
82	23	-6739.506	-11222.35
83	2	-6779.1724	-11156.113
83	3	-6799.6343	-11183.827
83	4	-6801.312	-11196.97
83	5	-6741.125	-11176.7
83	6	-6727.623	-11177.078
83	7	-6763.2407	-11223.568
83	9	-6751.329	-11209.261
83	13	-6774.983	-11176.942
83	14	-6763.043	-11226.124
83	20	-6729.8843	-11173.631
83	22	-6757.1343	-11209.678
83	23	-6739.506	-11222.35
84	2	-6779.9844	-11156.116
84	3	-6799.508	-11183.512
84	4	-6801.3105	-11196.932
84	5	-6740.8926	-11176.706
84	6	-6727.4556	-11177.067
84	7	-6763.2407	-11223.568
84	9	-6751.329	-11209.261
84	13	-6774.1655	-11176.941
84	14	-6763.043	-11226.124
84	20	-6729.8843	-11173.631
84	22	-6757.1343	-11209.678
84	23	-6739.506	-11222.35
85	2	-6780.828	-11156.135
85	3	-6799.3496	-11183.151
85	4	-6801.2993	-11196.872
85	5	-6740.6216	-11176.703
85	6	-6727.258	-11177.068
85	9	-6751.329	-11209.261
85	13	-6773.3613	-11176.9375
85	14	-6763.043	-11226.124
85	20	-6729.8843	-11173.631
85	22	-6757.1343	-11209.678
85	23	-6739.506	-11222.35
85	26	-6723.1265	-11173.665
86	2	-6781.6797	-11156.142
86	3	-6799.182	-11182.815
86	4	-6801.2925	-11196.792
86	5	-6740.371	-11176.702
86	6	-6727.127	-11177.055
86	9	-6751.329	-11209.261
86	13	-6772.555	-11176.937
86	14	-6763.043	-11226.124
86	20	-6729.8843	-11173.631
86	22	-6757.1343	-11209.678
86	23	-6739.506	-11222.35
86	26	-6723.1265	-11173.665
86	27	-6729.7676	-11209.971
87	2	-6782.521	-11156.151
87	3	-6798.9985	-11182.472
87	4	-6801.2803	-11196.725
87	5	-6740.128	-11176.7
87	6	-6726.9673	-11177.076
87	9	-6751.329	-11209.261
87	13	-6771.759	-11176.9375
87	14	-6763.043	-11226.124
87	20	-6729.8843	-11173.631
87	22	-6757.1343	-11209.678
87	23	-6739.506	-11222.35
87	26	-6723.1265	-11173.665
87	27	-6729.7695	-11210.037
88	2	-6783.34	-11156.155
88	3	-6798.7993	-11182.121
88	4	-6801.2715	-11196.682
88	5	-6739.899	-11176.697
88	6	-6726.8887	-11177.068
88	9	-6751.329	-11209.261
88	13	-6770.9873	-11176.937
88	20	-6729.8843	-11173.631
88	22	-6757.1343	-11209.678
88	23	-6739.506	-11222.35
88	26	-6723.1265	-11173.665
88	27	-6729.866	-11209.82
89	2	-6784.1685	-11156.171
89	3	-6798.5786	-11181.769
89	4	-6801.249	-11196.624
89	5	-6739.677	-11176.702
89	6	-6726.742	-11177.051
89	9	-6751.329	-11209.261
89	13	-6770.236	-11176.933
89	20	-6729.8843	-11173.631
89	22	-6757.1343	-11209.678
89	23	-6739.506	-11222.35
89	26	-6723.1265	-11173.665
89	27	-6729.7905	-11209.862
90	2	-6785.024	-11156.172
90	3	-6798.328	-11181.421
90	4	-6801.2354	-11196.547
90	5	-6739.4834	-11176.696
90	6	-6726.661	-11177.063
90	9	-6751.329	-11209.261
90	13	-6769.4746	-11176.933
90	20	-6729.8843	-11173.631
90	22	-6757.1343	-11209.678
90	23	-6739.506	-11222.35
90	26	-6723.1265	-11173.665
90	27	-6729.7866	-11209.912
90	28	-6725.7056	-11158.666
90	29	-6743.3804	-11209.793
