0	1	7602.0527	676.77356
0	2	7603.0737	722.82837
0	3	7620.066	704.55505
0	4	7606.1235	659.11816
0	5	7602.363	659.9017
0	6	7605.8853	649.3419
0	7	7589.6377	660.9506
0	8	7591.4434	667.4593
0	9	7589.5254	664.13904
0	10	7580.9077	660.49347
0	11	7630.39	670.204
0	12	7629.4165	673.6106
0	13	7603.389	697.58026
0	14	7572.507	660.5082
0	15	7639.185	670.5458
0	16	7648.443	670.2425
0	17	7562.0576	660.35077
0	18	7659.057	673.8246
0	19	7656.867	670.7102
0	20	7534.848	664.0056
0	22	7602.6675	606.70325
0	23	7569.128	598.8836
1	1	7602.021	676.1044
1	2	7603.087	721.57513
1	3	7620.07	704.83606
1	4	7606.1235	659.1182
1	5	7602.3647	659.0765
1	6	7605.885	649.3374
1	7	7589.6523	660.95355
1	8	7591.4385	667.4599
1	9	7589.524	664.1417
1	10	7580.9155	660.4963
1	11	7630.3906	670.205
1	12	7629.424	673.6119
1	13	7603.3857	696.56146
1	14	7572.5073	660.51074
1	15	7639.185	670.5458
1	16	7648.443	670.2425
1	17	7562.0576	660.35077
1	18	7658.639	673.8101
1	19	7656.867	670.7102
1	20	7535.8555	663.9991
1	21	7651.6455	704.0519
1	22	7602.703	605.4253
1	23	7569.128	598.8836
2	1	7601.979	675.4236
2	2	7603.0957	720.247
2	3	7620.074	705.1306
2	4	7606.1235	659.1182
2	5	7602.3804	658.2583
2	6	7605.8867	649.34814
2	7	7589.6562	660.9524
2	8	7591.4443	667.45435
2	9	7589.5195	664.14087
2	10	7580.9165	660.49524
2	11	7630.395	670.2052
2	12	7629.413	673.61237
2	13	7603.383	695.56
2	14	7572.5127	660.5075
2	15	7639.185	670.5458
2	16	7648.443	670.2425
2	17	7562.0576	660.35077
2	18	7658.2046	673.80853
2	19	7656.867	670.7102
2	20	7536.861	663.9974
2	21	7651.5513	704.0279
2	22	7602.715	604.0473
2	23	7569.128	598.8836
3	1	7601.9473	674.73975
3	2	7603.0957	719.04065
3	3	7620.056	705.4591
3	4	7606.1235	659.11816
3	5	7602.3877	657.3853
3	6	7605.886	649.3417
3	7	7589.654	660.9542
3	8	7591.44	667.4564
3	9	7589.522	664.14166
3	10	7580.9185	660.4955
3	11	7630.3906	670.2061
3	12	7629.42	673.6132
3	13	7603.402	694.6188
3	14	7572.5054	660.511
3	15	7639.185	670.5458
3	16	7648.443	670.2425
3	17	7562.0576	660.35077
3	18	7657.804	673.8017
3	19	7656.867	670.7102
3	20	7537.869	663.99066
3	21	7650.9316	704.0191
3	22	7602.7173	602.6497
3	23	7569.128	598.8836
4	1	7601.9155	674.06104
4	2	7603.145	717.80884
4	3	7620.058	705.8132
4	4	7606.1235	659.11743
4	5	7602.3926	656.49384
4	6	7605.887	649.3315
4	7	7589.6562	660.954
4	8	7591.437	667.4613
4	9	7589.5254	664.143
4	10	7580.907	660.4942
4	11	7630.3945	670.2029
4	12	7629.4194	673.6128
4	13	7603.398	693.6153
4	14	7572.522	660.5106
4	15	7639.185	670.5458
4	16	7648.443	670.2425
4	17	7562.0576	660.35077
4	18	7657.448	673.8008
4	19	7656.867	670.7102
4	20	7538.8623	663.9985
4	22	7602.7134	601.2426
4	23	7569.128	598.8836
5	1	7601.8804	673.3873
5	2	7603.1147	716.6881
5	3	7620.054	706.0919
5	4	7606.123	659.11774
5	5	7602.3906	655.6146
5	6	7605.8853	649.3387
5	7	7589.656	660.9521
5	8	7591.4355	667.4612
5	9	7589.522	664.1439
5	10	7580.9097	660.49634
5	11	7630.39	670.204
5	12	7629.4233	673.61084
5	13	7603.384	692.6408
5	14	7572.5186	660.513
5	15	7639.185	670.5458
5	16	7648.443	670.2425
5	17	7562.0576	660.35077
5	18	7657.055	673.805
5	19	7656.867	670.7102
5	20	7539.8433	663.9992
5	21	7651.6875	704.0295
5	22	7602.727	599.85535
5	23	7569.128	598.8836
6	1	7601.845	672.7068
6	2	7603.1553	715.45496
6	3	7620.0723	706.3873
6	4	7606.123	659.12134
6	5	7602.384	654.7252
6	6	7605.8853	649.3274
6	7	7589.6553	660.9497
6	8	7591.4316	667.45764
6	9	7589.5264	664.1429
6	10	7580.9155	660.499
6	11	7630.3857	670.2031
6	12	7629.424	673.61346
6	13	7603.384	691.70856
6	14	7572.5215	660.514
6	15	7639.185	670.5458
6	16	7648.443	670.2425
6	17	7562.0576	660.35077
6	18	7656.7505	673.795
6	19	7656.867	670.7102
6	20	7540.812	664.0074
6	22	7602.7397	598.42523
6	23	7569.128	598.8836
7	1	7601.8105	672.0276
7	2	7603.1504	714.21606
7	3	7620.066	706.6825
7	4	7606.123	659.1234
7	5	7602.3906	653.8152
7	6	7605.8853	649.3299
7	7	7589.6543	660.9525
7	8	7591.434	667.4568
7	9	7589.513	664.14465
7	10	7580.912	660.49567
7	11	7630.387	670.2041
7	12	7629.422	673.617
7	13	7603.3706	690.7614
7	14	7572.511	660.509
7	15	7639.185	670.5458
7	16	7648.443	670.2425
7	17	7562.0576	660.35077
7	18	7656.416	673.79083
7	19	7656.867	670.7102
7	20	7541.7593	664.0182
7	22	7602.745	597.0151
7	23	7569.128	598.8836
8	1	7601.7866	671.336
8	2	7603.138	713.11536
8	3	7620.062	707.0165
8	4	7606.123	659.12823
8	5	7602.3955	652.8756
8	6	7605.8843	649.3406
8	7	7589.663	660.9531
8	8	7591.44	667.45667
8	9	7589.5146	664.1441
8	10	7580.9126	660.49713
8	11	7630.3906	670.20245
8	12	7629.424	673.6183
8	13	7603.346	689.8176
8	14	7572.5117	660.5139
8	15	7639.185	670.5458
8	16	7648.443	670.2425
8	17	7562.0576	660.35077
8	18	7656.074	673.7997
8	19	7656.867	670.7102
8	20	7542.701	664.0209
8	22	7602.735	595.5519
8	23	7569.128	598.8836
9	1	7601.7563	670.6551
9	2	7603.1294	712.05865
9	3	7620.062	707.27167
9	4	7606.1226	659.137
9	5	7602.3975	651.9183
9	6	7605.8867	649.34106
9	7	7589.6562	660.953
9	8	7591.4443	667.4603
9	9	7589.5093	664.14246
9	10	7580.9233	660.49506
9	11	7630.3906	670.2034
9	12	7629.427	673.6211
9	13	7603.324	688.89215
9	14	7572.491	660.5185
9	15	7639.185	670.5458
9	16	7648.443	670.2425
9	17	7562.0576	660.35077
9	18	7655.7197	673.82587
9	19	7656.867	670.7102
9	20	7543.6343	664.02747
9	21	7651.674	704.0283
9	22	7602.7334	594.1166
9	23	7569.128	598.8836
10	1	7601.7246	669.9698
10	2	7603.1196	711.0795
10	3	7620.0625	707.5967
10	4	7606.123	659.14886
10	5	7602.4067	650.93854
10	6	7605.8823	649.3296
10	7	7589.653	660.9557
10	8	7591.4385	667.4618
10	9	7589.515	664.1421
10	10	7580.9224	660.4919
10	11	7630.3926	670.2042
10	12	7629.425	673.6217
10	13	7603.2964	687.9488
10	14	7572.506	660.51184
10	15	7639.185	670.5458
10	16	7648.443	670.2425
10	17	7562.0576	660.35077
10	18	7655.393	673.8281
10	19	7656.867	670.7102
10	20	7544.5527	664.0135
10	21	7650.9775	704.1556
10	22	7602.729	592.70026
10	23	7569.128	598.8836
11	1	7601.6997	669.26105
11	2	7603.113	710.1626
11	3	7620.056	707.93555
11	4	7606.122	659.1665
11	5	7602.4136	649.9537
11	6	7605.8833	649.3439
11	7	7589.6543	660.95636
11	8	7591.436	667.463
11	9	7589.5137	664.1437
11	10	7580.9214	660.48816
11	11	7630.395	670.20337
11	12	7629.427	673.621
11	13	7603.264	687.0243
11	14	7572.496	660.51575
11	15	7639.185	670.5458
11	16	7648.443	670.2425
11	17	7562.0576	660.35077
11	18	7655.1084	673.8495
11	19	7656.867	670.7102
11	20	7545.5127	664.00464
11	21	7650.979	704.1119
11	22	7602.738	591.23944
11	23	7569.128	598.8836
12	1	7601.679	668.53625
12	2	7603.117	709.15784
12	3	7620.0444	708.24524
12	4	7606.122	659.1851
12	5	7602.4243	648.9457
12	6	7605.887	649.3493
12	7	7589.654	660.9565
12	8	7591.4443	667.4583
12	9	7589.523	664.1485
12	10	7580.919	660.4923
12	11	7630.4043	670.20386
12	12	7629.4204	673.6203
12	13	7603.223	686.08356
12	14	7572.505	660.5171
12	15	7639.185	670.5458
12	16	7648.443	670.2425
12	17	7562.0576	660.35077
12	18	7654.876	673.85675
12	19	7656.867	670.7102
12	20	7546.428	664.01355
12	21	7650.966	704.07385
12	22	7602.7515	589.78345
12	23	7569.128	598.8836
13	1	7601.6577	667.8283
13	2	7603.117	708.25244
13	3	7620.053	708.53314
13	4	7606.1216	659.2083
13	5	7602.434	647.92706
13	6	7605.886	649.33
13	7	7589.658	660.95685
13	8	7591.449	667.4588
13	9	7589.5103	664.1485
13	10	7580.9165	660.4922
13	11	7630.408	670.2038
13	12	7629.417	673.6222
13	13	7603.1846	685.1751
13	14	7572.5024	660.515
13	15	7639.185	670.5458
13	16	7648.443	670.2425
13	17	7562.0576	660.35077
13	18	7654.7173	673.88885
13	19	7656.867	670.7102
13	20	7547.342	664.0256
13	21	7650.9727	704.0482
13	22	7602.7656	588.2851
13	23	7569.128	598.8836
14	1	7601.6367	667.0978
14	2	7603.1123	707.2834
14	3	7620.086	708.7851
14	4	7606.1226	659.23755
14	5	7602.45	646.8891
14	6	7605.883	649.3341
14	7	7589.663	660.9588
14	8	7591.445	667.46216
14	9	7589.516	664.148
14	10	7580.9307	660.493
14	11	7630.4126	670.2066
14	12	7629.4233	673.62256
14	13	7603.1353	684.23846
14	14	7572.507	660.5155
14	15	7639.185	670.5458
14	16	7648.443	670.2425
14	17	7562.0576	660.35077
14	18	7654.5747	673.89374
14	19	7656.867	670.7102
14	20	7548.223	664.0166
14	21	7650.7593	704.15076
14	22	7602.8105	586.76117
14	23	7569.128	598.8836
15	1	7601.6245	666.3657
15	2	7603.1094	706.3121
15	3	7620.0845	709.14105
15	4	7606.1216	659.27246
15	5	7602.455	645.8345
15	6	7605.885	649.34106
15	7	7589.663	660.9557
15	8	7591.4385	667.4593
15	9	7589.522	664.1478
15	10	7580.9404	660.4936
15	11	7630.416	670.2037
15	12	7629.422	673.62427
15	13	7603.079	683.31995
15	14	7572.505	660.517
15	15	7639.185	670.5458
15	16	7648.443	670.2425
15	17	7562.0576	660.35077
15	18	7654.3765	673.8957
15	19	7656.867	670.7102
15	20	7549.1196	664.0202
15	21	7650.8726	704.1335
15	22	7602.8286	585.2909
15	23	7569.128	598.8836
16	1	7601.614	665.62946
16	2	7603.0923	705.44183
16	3	7620.105	709.42224
16	4	7606.1216	659.3144
16	5	7602.4653	644.78253
16	6	7605.881	649.3479
16	7	7589.662	660.95447
16	8	7591.442	667.45984
16	9	7589.5254	664.1503
16	10	7580.9297	660.4943
16	11	7630.4087	670.2067
16	12	7629.4253	673.62726
16	13	7603.0254	682.39557
16	14	7572.4917	660.5146
16	15	7639.185	670.5458
16	16	7648.443	670.2425
16	17	7562.0576	660.35077
16	18	7654.1743	673.8767
16	19	7656.867	670.7102
16	20	7550.0117	664.0124
16	21	7650.948	704.11536
16	22	7602.8164	583.79974
16	23	7569.128	598.8836
17	1	7601.601	664.8785
17	2	7603.077	704.5886
17	3	7620.135	709.71436
17	4	7606.1216	659.36224
17	5	7602.4717	643.70996
17	6	7605.881	649.33734
17	7	7589.6694	660.9546
17	8	7591.444	667.4587
17	9	7589.522	664.1474
17	10	7580.9277	660.49365
17	11	7630.4136	670.20856
17	12	7629.4272	673.628
17	13	7602.9663	681.5252
17	14	7572.477	660.5187
17	15	7639.185	670.5458
17	16	7648.443	670.2425
17	17	7562.0576	660.35077
17	18	7653.957	673.8866
17	19	7656.867	670.7102
17	20	7550.8535	664.01166
17	21	7651.897	704.11426
17	22	7602.8496	582.31287
17	23	7569.128	598.8836
18	1	7601.6016	664.13885
18	2	7603.0796	703.6682
18	3	7620.127	710.0387
18	4	7606.1216	659.416
18	5	7602.481	642.62384
18	6	7605.8843	649.3524
18	7	7589.671	660.9528
18	8	7591.4443	667.46027
18	9	7589.5337	664.14764
18	10	7580.954	660.4939
18	11	7630.4185	670.20807
18	12	7629.4277	673.62537
18	13	7602.9	680.60486
18	14	7572.464	660.52704
18	15	7639.185	670.5458
18	16	7648.443	670.2425
18	17	7562.0576	660.35077
18	18	7653.8164	673.8946
18	19	7656.867	670.7102
18	20	7551.73	664.0095
18	21	7650.8306	703.96124
18	23	7569.128	598.8836
19	1	7601.603	663.4004
19	2	7603.074	702.88525
19	3	7620.1396	710.33826
19	4	7606.1226	659.47626
19	5	7602.4854	641.526
19	6	7605.884	649.34753
19	7	7589.675	660.95435
19	8	7591.453	667.4627
19	9	7589.5166	664.1483
19	10	7580.9526	660.49097
19	11	7630.416	670.20984
19	12	7629.4375	673.62805
19	13	7602.835	679.70844
19	14	7572.4507	660.53
19	15	7639.185	670.5458
19	16	7648.443	670.2425
19	17	7562.0576	660.35077
19	18	7653.6514	673.90924
19	19	7656.867	670.7102
19	20	7552.571	664.01025
19	23	7569.128	598.8836
20	1	7601.616	662.60315
20	2	7603.0635	702.0766
20	3	7620.142	710.6666
20	4	7606.123	659.5423
20	5	7602.494	640.4239
20	6	7605.883	649.3557
20	7	7589.6772	660.9534
20	8	7591.4473	667.46423
20	9	7589.5234	664.14526
20	10	7580.9478	660.489
20	11	7630.415	670.21094
20	12	7629.4326	673.63116
20	13	7602.763	678.82526
20	14	7572.4546	660.53186
20	15	7639.185	670.5458
20	16	7648.443	670.2425
20	17	7562.0576	660.35077
20	18	7653.448	673.919
20	19	7656.867	670.7102
20	20	7553.4067	664.0032
20	23	7569.128	598.8836
21	1	7601.6484	661.8548
21	2	7603.0723	701.3124
21	3	7620.146	710.9393
21	4	7606.1226	659.6136
21	5	7602.4985	639.30023
21	6	7605.876	649.3469
21	7	7589.6875	660.95404
21	8	7591.4478	667.4611
21	9	7589.5244	664.1476
21	10	7580.939	660.48816
21	11	7630.4165	670.2071
21	12	7629.4355	673.6286
21	13	7602.696	677.9388
21	14	7572.443	660.532
21	15	7639.185	670.5458
21	16	7648.443	670.2425
21	17	7562.0576	660.35077
21	18	7653.375	673.9418
21	19	7656.867	670.7102
21	20	7554.2373	664.00354
21	21	7651.491	704.1795
21	23	7569.128	598.8836
22	1	7601.6704	661.0085
22	2	7603.0605	700.54987
22	3	7620.1655	711.2252
22	4	7606.122	659.69147
22	5	7602.5073	638.15576
22	6	7605.8813	649.3385
22	7	7589.696	660.95544
22	8	7591.4487	667.4649
22	9	7589.5264	664.1506
22	10	7580.9214	660.4906
22	11	7630.4067	670.2053
22	12	7629.432	673.623
22	13	7602.625	677.0473
22	14	7572.42	660.5382
22	15	7639.185	670.5458
22	16	7648.443	670.2425
22	17	7562.0576	660.35077
22	18	7653.107	673.9355
22	19	7656.867	670.7102
22	20	7555.037	663.9984
22	21	7651.4395	704.16736
22	23	7569.128	598.8836
22	29	7581.2207	607.21844
23	1	7601.693	660.22345
23	2	7603.026	699.7325
23	3	7620.1885	711.53406
23	4	7606.1216	659.77405
23	5	7602.507	637.01105
23	6	7605.8813	649.33044
23	7	7589.703	660.9537
23	8	7591.4375	667.46625
23	9	7589.526	664.1513
23	10	7580.912	660.4913
23	11	7630.413	670.2016
23	12	7629.4316	673.6219
23	13	7602.5527	676.1589
23	14	7572.423	660.53735
23	15	7639.185	670.5458
23	16	7648.443	670.2425
23	17	7562.0576	660.35077
23	18	7652.905	673.9465
23	19	7656.867	670.7102
23	20	7555.8447	663.9897
23	21	7651.168	704.2596
23	23	7569.128	598.8836
23	24	7640.155	673.8638
23	29	7581.2207	607.21844
24	1	7601.7026	659.4173
24	2	7603.0244	699.0087
24	3	7620.203	711.8407
24	4	7606.1216	659.8635
24	5	7602.5107	635.8423
24	6	7605.8813	649.3412
24	7	7589.716	660.9518
24	8	7591.4517	667.4671
24	9	7589.5405	664.1463
24	10	7580.9243	660.49304
24	11	7630.405	670.2033
24	12	7629.4297	673.61896
24	13	7602.477	675.2765
24	14	7572.4136	660.5361
24	15	7639.185	670.5458
24	16	7648.443	670.2425
24	17	7562.0576	660.35077
24	18	7652.823	673.9436
24	19	7656.867	670.7102
24	20	7556.62	663.9897
24	21	7651.215	704.2623
24	23	7569.128	598.8836
24	29	7581.2207	607.21844
25	1	7601.72	658.59894
25	2	7603.0693	698.3534
25	3	7620.225	712.10144
25	4	7606.121	659.9628
25	5	7602.513	634.6582
25	6	7605.8794	649.3405
25	7	7589.7153	660.94574
25	8	7591.455	667.46826
25	9	7589.538	664.1472
25	10	7580.909	660.4939
25	11	7630.3906	670.2
25	12	7629.4272	673.6149
25	13	7602.4077	674.3679
25	14	7572.4316	660.5449
25	15	7639.185	670.5458
25	16	7648.443	670.2425
25	17	7562.0576	660.35077
25	18	7652.7197	673.9539
25	19	7656.867	670.7102
25	20	7557.3867	663.9845
25	21	7651.238	704.20056
25	23	7569.128	598.8836
25	24	7639.987	673.8527
25	29	7581.2207	607.21844
26	1	7601.7485	657.7602
26	2	7603.059	697.6359
26	3	7620.2354	712.4202
26	4	7606.1206	660.07477
26	5	7602.513	633.4764
26	6	7605.879	649.3357
26	7	7589.723	660.9464
26	8	7591.449	667.4698
26	9	7589.5444	664.1497
26	10	7580.8857	660.49164
26	11	7630.4023	670.20526
26	12	7629.4233	673.61304
26	13	7602.347	673.49835
26	14	7572.412	660.5438
26	15	7639.185	670.5458
26	16	7648.443	670.2425
26	18	7652.6455	673.9596
26	19	7656.867	670.7102
26	20	7558.146	663.9814
26	23	7569.128	598.8836
26	24	7639.9414	673.8573
26	29	7581.2207	607.21844
27	1	7601.773	656.8781
27	2	7603.055	696.9945
27	3	7620.248	712.7298
27	4	7606.121	660.19867
27	5	7602.5146	632.2877
27	6	7605.881	649.33154
27	7	7589.727	660.9421
27	8	7591.4517	667.4691
27	9	7589.543	664.1478
27	10	7580.889	660.4923
27	11	7630.4053	670.20703
27	12	7629.4155	673.6148
27	13	7602.2783	672.60345
27	14	7572.4097	660.5475
27	15	7639.185	670.5458
27	16	7648.443	670.2425
27	18	7652.5205	673.9473
27	19	7656.867	670.7102
27	20	7558.8975	663.9792
27	21	7651.2603	704.16205
27	23	7569.128	598.8836
27	24	7639.8633	673.86536
27	29	7581.2207	607.21844
28	1	7601.8076	656.0197
28	2	7603.0474	696.35065
28	3	7620.267	713.02716
28	4	7606.12	660.3355
28	5	7602.5146	631.0851
28	6	7605.8774	649.32825
28	7	7589.735	660.94586
28	8	7591.4507	667.46875
28	9	7589.5444	664.14594
28	10	7580.878	660.4891
28	11	7630.3975	670.20605
28	12	7629.4194	673.6125
28	13	7602.2163	671.73145
28	14	7572.426	660.55273
28	15	7639.185	670.5458
28	16	7648.443	670.2425
28	19	7656.867	670.7102
28	20	7559.6235	663.9815
28	21	7651.319	704.195
28	23	7569.128	598.8836
28	24	7639.8667	673.85376
28	29	7581.2207	607.21844
29	1	7601.8354	655.15424
29	2	7603.047	695.72565
29	3	7620.289	713.30945
29	4	7606.12	660.48486
29	5	7602.5205	629.86084
29	6	7605.881	649.3349
29	7	7589.7314	660.9431
29	8	7591.4473	667.46906
29	9	7589.5405	664.14795
29	10	7580.862	660.49225
29	11	7630.4053	670.20605
29	12	7629.4214	673.6137
29	13	7602.1577	670.868
29	14	7572.4326	660.5609
29	15	7639.185	670.5458
29	16	7648.443	670.2425
29	17	7562.0576	660.35077
29	19	7656.867	670.7102
29	20	7560.344	663.9779
29	21	7651.3384	704.1523
29	23	7569.128	598.8836
29	24	7639.8296	673.8561
29	29	7581.2207	607.21844
30	1	7601.863	654.2891
30	2	7603.0415	695.12067
30	3	7620.33	713.5791
30	4	7606.1196	660.64734
30	5	7602.5273	628.6489
30	6	7605.8804	649.3258
30	7	7589.7217	660.9453
30	8	7591.437	667.4691
30	9	7589.5386	664.1472
30	10	7580.8423	660.49396
30	11	7630.3984	670.20306
30	12	7629.4204	673.6168
30	13	7602.0933	669.98267
30	14	7572.417	660.5608
30	15	7639.185	670.5458
30	16	7648.443	670.2425
30	17	7562.0576	660.35077
30	19	7656.867	670.7102
30	20	7561.029	663.9794
30	21	7651.4604	704.0923
30	23	7569.128	598.8836
30	24	7639.814	673.8565
30	29	7581.2207	607.21844
31	1	7601.8955	653.40295
31	2	7603.0312	694.56744
31	3	7620.3335	713.9151
31	4	7606.119	660.8226
31	5	7602.5293	627.4235
31	6	7605.879	649.3307
31	7	7589.694	660.9509
31	8	7591.4473	667.46967
31	9	7589.5513	664.1477
31	10	7580.8154	660.5057
31	11	7630.4116	670.2067
31	12	7629.418	673.6185
31	13	7602.043	669.11176
31	14	7572.4365	660.56586
31	15	7639.185	670.5458
31	16	7648.443	670.2425
31	19	7656.867	670.7102
31	20	7561.7188	663.9722
31	21	7651.5166	704.09985
31	23	7569.128	598.8836
31	24	7639.72	673.85803
31	25	7531.269	660.5453
31	29	7581.2207	607.21844
32	1	7601.9272	652.5044
32	2	7603.0303	694.02856
32	3	7620.368	714.2001
32	4	7606.1177	661.0115
32	5	7602.531	626.16003
32	6	7605.877	649.33356
32	7	7589.666	660.94855
32	8	7591.451	667.4684
32	9	7589.555	664.1465
32	10	7580.791	660.5302
32	11	7630.405	670.2054
32	12	7629.415	673.6188
32	13	7601.9844	668.27527
32	14	7572.4336	660.5702
32	15	7639.185	670.5458
32	16	7648.443	670.2425
32	19	7656.867	670.7102
32	20	7562.366	663.96606
32	21	7651.147	704.1082
32	23	7569.128	598.8836
32	24	7639.7773	673.8408
32	25	7532.067	660.5175
32	29	7581.2207	607.21844
32	40	7562.1587	660.6
33	1	7601.9624	651.582
33	2	7603.024	693.5282
33	3	7620.378	714.4614
33	4	7606.115	661.214
33	5	7602.527	624.9078
33	6	7605.882	649.3246
33	7	7589.6567	660.9489
33	8	7591.44	667.47125
33	9	7589.559	664.1471
33	10	7580.765	660.5367
33	11	7630.397	670.2097
33	12	7629.4175	673.61426
33	13	7601.9346	667.4065
33	14	7572.4287	660.5706
33	15	7639.185	670.5458
33	16	7648.443	670.2425
33	19	7656.867	670.7102
33	20	7563.0215	663.962
33	21	7652.5728	704.1784
33	23	7569.128	598.8836
33	24	7639.817	673.8244
33	25	7532.9043	660.5189
33	29	7581.2207	607.21844
33	40	7562.1587	660.6
34	1	7601.998	650.6533
34	2	7603.018	693.03064
34	3	7620.4004	714.78534
34	4	7606.1094	661.42957
34	5	7602.561	623.66534
34	6	7605.876	649.33057
34	7	7589.643	660.9497
34	8	7591.447	667.47565
34	9	7589.554	664.1445
34	10	7580.743	660.55493
34	11	7630.4043	670.2114
34	12	7629.4087	673.6197
34	13	7601.896	666.56213
34	14	7572.4507	660.57764
34	15	7639.185	670.5458
34	16	7648.443	670.2425
34	19	7656.867	670.7102
34	20	7563.662	663.96515
34	21	7653.1465	704.1918
34	23	7569.128	598.8836
34	24	7639.7593	673.83795
34	25	7533.739	660.5177
34	29	7581.2207	607.21844
35	1	7602.032	649.74243
35	2	7603.0215	692.56573
35	3	7620.4316	715.09174
35	4	7606.1006	661.65955
35	5	7602.5674	622.3936
35	6	7605.8735	649.3258
35	7	7589.7285	660.94147
35	8	7591.4443	667.4746
35	9	7589.5615	664.14655
35	10	7580.7134	660.5855
35	11	7630.3984	670.2079
35	12	7629.4077	673.61383
35	13	7601.854	665.7323
35	14	7572.3945	660.5715
35	15	7639.185	670.5458
35	16	7648.443	670.2425
35	19	7656.867	670.7102
35	20	7564.295	663.9643
35	21	7650.6685	704.0802
35	23	7569.128	598.8836
35	24	7639.8247	673.84534
35	25	7534.55	660.5256
35	29	7581.2207	607.21844
35	40	7562.1587	660.6
36	1	7602.059	648.7979
36	2	7603.014	692.1258
36	4	7606.086	661.9035
36	5	7602.5737	621.07886
36	6	7605.8784	649.32574
36	7	7589.751	660.9429
36	8	7591.434	667.473
36	9	7589.569	664.14923
36	10	7580.731	660.5948
36	11	7630.3926	670.21094
36	12	7629.402	673.6118
36	13	7601.8267	664.8792
36	14	7572.345	660.57605
36	15	7639.185	670.5458
36	16	7648.443	670.2425
36	19	7656.867	670.7102
36	20	7564.903	663.9649
36	23	7569.128	598.8836
36	24	7639.8086	673.8516
36	25	7535.31	660.5289
36	26	7650.844	673.91675
36	29	7581.2207	607.21844
36	40	7562.1587	660.6
36	54	7620.517	715.52203
37	1	7602.0864	647.827
37	2	7603.009	691.7059
37	4	7606.065	662.1619
37	5	7602.5684	619.8068
37	6	7605.8765	649.31586
37	7	7589.763	660.9496
37	8	7591.431	667.47015
37	9	7589.5664	664.1528
37	10	7580.6777	660.5926
37	11	7630.382	670.20966
37	12	7629.393	673.6135
37	13	7601.803	664.06903
37	14	7572.3564	660.5801
37	15	7639.185	670.5458
37	16	7648.443	670.2425
37	19	7656.867	670.7102
37	20	7565.482	663.96783
37	23	7569.128	598.8836
37	24	7639.7397	673.8553
37	25	7536.0425	660.5369
37	29	7581.2207	607.21844
37	40	7562.1587	660.6
37	54	7620.554	715.7953
38	1	7602.1475	646.86456
38	2	7603.013	691.3184
38	4	7606.0356	662.43567
38	5	7602.588	618.5344
38	6	7605.871	649.3067
38	7	7589.766	660.94946
38	8	7591.436	667.479
38	9	7589.567	664.1564
38	10	7580.635	660.6036
38	11	7630.383	670.21063
38	12	7629.402	673.61523
38	13	7601.7725	663.2177
38	14	7572.425	660.5996
38	15	7639.185	670.5458
38	16	7648.443	670.2425
38	19	7656.867	670.7102
38	20	7566.032	663.97003
38	23	7569.128	598.8836
38	24	7639.7227	673.8679
38	25	7536.7793	660.5447
38	26	7650.844	673.91675
38	29	7581.2207	607.21844
38	36	7549.2666	622.72614
38	40	7562.1587	660.6
38	54	7620.56	716.3411
39	1	7602.18	645.8548
39	2	7603.01	690.94946
39	4	7605.995	662.72577
39	5	7602.5894	617.19
39	6	7605.8726	649.3109
39	7	7589.741	660.944
39	8	7591.432	667.4807
39	9	7589.565	664.1582
39	10	7580.6357	660.616
39	11	7630.3853	670.2151
39	12	7629.397	673.61414
39	13	7601.7505	662.38995
39	14	7572.4556	660.6064
39	15	7639.185	670.5458
39	16	7648.443	670.2425
39	19	7656.867	670.7102
39	20	7566.606	663.9788
39	23	7569.128	598.8836
39	24	7639.6875	673.87695
39	25	7537.4443	660.5645
39	26	7650.844	673.91675
39	29	7581.2207	607.21844
39	36	7549.2666	622.72614
39	40	7562.1587	660.6
39	54	7620.6284	716.43
40	1	7602.213	644.8556
40	2	7603.007	690.5853
40	4	7605.9424	663.03345
40	5	7602.587	615.86035
40	6	7605.8735	649.298
40	7	7589.723	660.94574
40	8	7591.4385	667.4804
40	9	7589.5693	664.1614
40	10	7580.742	660.6222
40	11	7630.3896	670.21204
40	12	7629.393	673.6133
40	13	7601.7324	661.5814
40	14	7572.492	660.60394
40	15	7639.185	670.5458
40	16	7648.443	670.2425
40	19	7656.867	670.7102
40	20	7567.1367	663.98486
40	23	7569.128	598.8836
40	24	7639.656	673.8774
40	25	7538.099	660.583
40	26	7650.844	673.91675
40	29	7581.2207	607.21844
40	36	7549.2666	622.72614
40	40	7562.1587	660.6
40	54	7620.643	716.72003
41	1	7602.2373	643.8554
41	2	7603.011	690.251
41	4	7605.8735	663.3576
41	5	7602.58	614.51526
41	6	7605.8706	649.2936
41	7	7589.718	660.95
41	8	7591.4517	667.4852
41	9	7589.564	664.1637
41	10	7580.8203	660.6261
41	11	7630.387	670.219
41	12	7629.3926	673.61285
41	13	7601.7144	660.746
41	14	7572.5186	660.6061
41	15	7639.185	670.5458
41	16	7648.443	670.2425
41	19	7656.867	670.7102
41	20	7567.685	663.99567
41	23	7569.128	598.8836
41	24	7639.655	673.8673
41	25	7538.7725	660.5796
41	26	7650.844	673.91675
41	29	7581.2207	607.21844
41	36	7549.2666	622.72614
41	40	7562.1587	660.6
41	54	7620.6396	717.0538
42	1	7602.26	642.81866
42	2	7603.0073	689.94904
42	4	7605.787	663.69934
42	5	7602.5874	613.1984
42	6	7605.8687	649.2925
42	7	7589.7065	660.9537
42	8	7591.4536	667.4872
42	9	7589.5635	664.1673
42	10	7580.8403	660.6209
42	11	7630.389	670.21674
42	12	7629.401	673.6169
42	13	7601.7104	659.9213
42	14	7572.559	660.6049
42	15	7639.185	670.5458
42	16	7648.443	670.2425
42	19	7656.867	670.7102
42	20	7568.1846	664.003
42	23	7569.128	598.8836
42	24	7639.65	673.85974
42	25	7539.4404	660.5859
42	26	7650.844	673.91675
42	29	7581.2207	607.21844
42	36	7549.2666	622.72614
42	40	7562.1587	660.6
42	54	7620.6885	717.23444
43	1	7602.284	641.7634
43	2	7603.0107	689.62836
43	3	7620.6157	717.4761
43	4	7605.6807	664.05176
43	5	7602.583	611.8323
43	6	7605.863	649.291
43	7	7589.699	660.9542
43	8	7591.4595	667.4901
43	9	7589.5645	664.16864
43	10	7580.86	660.6177
43	11	7630.38	670.21936
43	12	7629.412	673.6169
43	13	7601.706	659.0542
43	14	7572.595	660.6044
43	15	7639.185	670.5458
43	16	7648.443	670.2425
43	19	7656.867	670.7102
43	20	7568.669	664.0078
43	23	7569.128	598.8836
43	24	7639.6323	673.8622
43	25	7540.0474	660.58673
43	26	7650.844	673.91675
43	29	7581.2207	607.21844
43	36	7549.2666	622.72614
43	40	7562.1587	660.6
44	1	7602.3076	640.7105
44	2	7603.0034	689.3696
44	3	7620.6616	717.7721
44	4	7605.5605	664.3746
44	5	7602.584	610.4412
44	6	7605.863	649.28815
44	7	7589.682	660.95667
44	8	7591.463	667.4874
44	9	7589.568	664.17426
44	10	7580.88	660.6172
44	11	7630.374	670.2181
44	12	7629.4155	673.61926
44	13	7601.715	658.20044
44	14	7572.6235	660.60565
44	15	7639.185	670.5458
44	16	7648.443	670.2425
44	19	7656.867	670.7102
44	20	7569.152	664.016
44	23	7569.128	598.8836
44	24	7639.6367	673.8716
44	25	7540.6646	660.5916
44	26	7650.844	673.91675
44	29	7581.2207	607.21844
44	36	7549.2666	622.72614
44	40	7562.1587	660.6
45	1	7602.3306	639.6572
45	2	7603.0024	689.0638
45	3	7620.6914	718.02686
45	4	7605.409	664.74347
45	5	7602.5728	609.0574
45	6	7605.8623	649.28955
45	7	7589.681	660.95935
45	8	7591.4683	667.4915
45	9	7589.549	664.1761
45	10	7580.892	660.6082
45	11	7630.3726	670.2191
45	12	7629.405	673.62463
45	13	7601.726	657.3143
45	14	7572.6333	660.6027
45	15	7639.185	670.5458
45	16	7648.443	670.2425
45	19	7656.867	670.7102
45	20	7569.6636	664.02277
45	23	7569.128	598.8836
45	24	7639.641	673.8656
45	25	7541.233	660.5857
45	26	7650.844	673.91675
45	29	7581.2207	607.21844
45	36	7549.2666	622.72614
45	40	7562.1587	660.6
46	1	7602.3525	638.5748
46	2	7602.994	688.81573
46	3	7620.7153	718.3821
46	4	7605.2324	665.1223
46	5	7602.5815	607.7148
46	6	7605.8594	649.2838
46	7	7589.676	660.9567
46	8	7591.451	667.49475
46	9	7589.5337	664.17786
46	10	7580.8794	660.60004
46	11	7630.3594	670.2183
46	12	7629.4004	673.6232
46	13	7601.7524	656.40356
46	14	7572.636	660.60443
46	15	7639.185	670.5458
46	16	7648.443	670.2425
46	19	7656.867	670.7102
46	20	7570.1226	664.03094
46	23	7569.128	598.8836
46	24	7639.635	673.8575
46	25	7541.8335	660.5923
46	26	7650.844	673.91675
46	29	7581.2207	607.21844
46	36	7549.2666	622.72614
46	40	7562.1587	660.6
47	1	7602.3604	637.4961
47	2	7602.9907	688.59436
47	3	7620.736	718.7215
47	4	7605.024	665.50824
47	5	7602.587	606.33014
47	6	7605.856	649.27765
47	7	7589.664	660.9569
47	8	7591.451	667.49475
47	9	7589.537	664.18207
47	10	7580.869	660.59906
47	11	7630.3516	670.21375
47	12	7629.406	673.61993
47	13	7601.7764	655.4951
47	14	7572.6157	660.60876
47	15	7639.185	670.5458
47	16	7648.443	670.2425
47	19	7656.867	670.7102
47	20	7570.578	664.03766
47	23	7569.128	598.8836
47	24	7639.608	673.85004
47	25	7542.3926	660.5989
47	26	7650.844	673.91675
47	29	7581.2207	607.21844
47	36	7549.2666	622.72614
47	40	7562.1587	660.6
48	1	7602.375	636.3727
48	2	7602.9917	688.3544
48	3	7620.7456	718.95953
48	4	7604.7925	665.9033
48	5	7602.5913	604.96454
48	6	7605.854	649.26764
48	7	7589.6597	660.96185
48	8	7591.443	667.4937
48	9	7589.5283	664.1859
48	10	7580.8535	660.59436
48	11	7630.336	670.2126
48	12	7629.3887	673.6193
48	13	7601.8184	654.58685
48	14	7572.5996	660.6137
48	15	7639.185	670.5458
48	16	7648.443	670.2425
48	19	7656.867	670.7102
48	20	7571.056	664.04456
48	23	7569.128	598.8836
48	24	7639.63	673.84454
48	25	7542.967	660.6
48	26	7650.844	673.91675
48	27	7568.83	632.4621
48	29	7581.2207	607.21844
48	36	7549.2666	622.72614
48	40	7562.1587	660.6
48	50	7549.9336	619.9802
49	1	7602.3906	635.2696
49	2	7602.9907	688.1288
49	3	7620.767	719.28564
49	4	7604.531	666.29987
49	5	7602.5947	603.57745
49	6	7605.8564	649.26733
49	7	7589.6426	660.96173
49	8	7591.4287	667.49725
49	9	7589.518	664.18695
49	10	7580.848	660.5962
49	11	7630.326	670.21344
49	12	7629.383	673.6195
49	13	7601.8555	653.65875
49	14	7572.5947	660.6205
49	15	7639.185	670.5458
49	16	7648.443	670.2425
49	19	7656.867	670.7102
49	20	7571.514	664.0558
49	23	7569.128	598.8836
49	24	7639.6064	673.8387
49	25	7543.5054	660.6095
49	26	7650.844	673.91675
49	27	7568.83	632.4621
49	29	7581.2207	607.21844
49	36	7549.2666	622.72614
49	40	7562.1587	660.6
49	42	7549.2993	616.88837
50	1	7602.4	634.1464
50	2	7602.993	687.89294
50	3	7620.779	719.5834
50	4	7604.233	666.6933
50	5	7602.605	602.1633
50	6	7605.8555	649.2577
50	7	7589.625	660.9625
50	8	7591.438	667.4996
50	9	7589.533	664.19257
50	10	7580.8467	660.5971
50	11	7630.2993	670.2117
50	12	7629.3784	673.6199
50	13	7601.8955	652.7283
50	14	7572.6104	660.6203
50	15	7639.185	670.5458
50	16	7648.443	670.2425
50	19	7656.867	670.7102
50	20	7571.946	664.0601
50	24	7639.593	673.83435
50	25	7544.0083	660.6065
50	26	7650.844	673.91675
50	28	7566.19	633.01324
50	29	7581.2207	607.21844
50	36	7549.2666	622.72614
50	40	7562.1587	660.6
50	42	7549.2993	616.88837
51	1	7602.425	633.01166
51	2	7602.993	687.7043
51	3	7620.7793	719.9737
51	4	7603.9023	667.08655
51	5	7602.6094	600.7169
51	6	7605.8535	649.2552
51	7	7589.618	660.97046
51	8	7591.4097	667.49835
51	9	7589.517	664.19543
51	10	7580.852	660.60284
51	11	7630.292	670.2186
51	12	7629.369	673.62256
51	13	7601.9404	651.78436
51	14	7572.5864	660.6219
51	15	7639.185	670.5458
51	16	7648.443	670.2425
51	19	7656.867	670.7102
51	20	7572.4067	664.06744
51	24	7639.582	673.832
51	25	7544.5073	660.6047
51	26	7650.844	673.91675
51	27	7568.83	632.4621
51	28	7566.19	633.01324
51	29	7581.2207	607.21844
51	36	7549.2666	622.72614
51	40	7562.1587	660.6
51	42	7549.2993	616.88837
52	1	7602.4316	631.86395
52	2	7602.994	687.5218
52	3	7620.7954	720.281
52	4	7603.5337	667.4761
52	5	7602.6187	599.2682
52	6	7605.8535	649.24164
52	7	7589.625	660.9731
52	8	7591.3804	667.49976
52	9	7589.5093	664.1954
52	10	7580.864	660.6098
52	11	7630.2827	670.2271
52	12	7629.3604	673.6211
52	13	7601.988	650.8401
52	14	7572.57	660.6204
52	15	7639.185	670.5458
52	16	7648.443	670.2425
52	19	7656.867	670.7102
52	20	7572.807	664.0696
52	24	7639.5957	673.829
52	25	7544.972	660.60645
52	26	7650.844	673.91675
52	27	7568.83	632.4621
52	28	7566.19	633.01324
52	29	7581.2207	607.21844
52	36	7549.2666	622.72614
52	40	7562.1587	660.6
52	42	7549.2993	616.88837
53	1	7602.441	630.68854
53	2	7602.9927	687.3325
53	3	7620.818	720.55066
53	4	7603.132	667.8618
53	5	7602.6206	597.7894
53	6	7605.851	649.24835
53	7	7589.6235	660.9751
53	8	7591.4014	667.50415
53	9	7589.518	664.2004
53	10	7580.8545	660.6133
53	11	7630.26	670.23004
53	12	7629.3486	673.61755
53	13	7602.0273	649.8723
53	14	7572.5483	660.61993
53	15	7639.185	670.5458
53	16	7648.443	670.2425
53	19	7656.867	670.7102
53	20	7573.191	664.072
53	24	7639.578	673.827
53	25	7545.451	660.6446
53	26	7650.844	673.91675
53	27	7568.83	632.4621
53	28	7566.19	633.01324
53	29	7581.2207	607.21844
53	31	7571.655	632.69385
53	32	7549.4985	613.47015
53	36	7549.2666	622.72614
53	40	7562.1587	660.6
53	42	7549.2993	616.88837
53	50	7549.9336	619.9802
54	1	7602.451	629.46594
54	2	7602.9893	687.17505
54	3	7620.8276	720.9466
54	4	7602.6904	668.23334
54	5	7602.6216	596.36566
54	6	7605.8496	649.2355
54	7	7589.631	660.9779
54	8	7591.446	667.5099
54	9	7589.5005	664.2018
54	10	7580.844	660.61487
54	11	7630.2534	670.2306
54	12	7629.3286	673.62054
54	13	7602.0693	648.8979
54	14	7572.5034	660.6333
54	15	7639.185	670.5458
54	16	7648.443	670.2425
54	20	7573.5645	664.0727
54	24	7639.6074	673.83594
54	26	7650.844	673.91675
54	27	7568.83	632.4621
54	28	7566.19	633.01324
54	29	7581.2207	607.21844
54	30	7527.5186	664.28107
54	32	7549.4985	613.47015
54	36	7549.2666	622.72614
54	40	7562.1587	660.6
54	42	7549.2993	616.88837
55	1	7602.441	628.2276
55	2	7602.987	687.03174
55	3	7620.8486	721.2488
55	4	7602.263	668.5513
55	5	7602.5923	594.89575
55	6	7605.8447	649.2287
55	7	7589.6245	660.9808
55	8	7591.481	667.51154
55	9	7589.4917	664.2061
55	10	7580.8555	660.60565
55	11	7630.199	670.2369
55	12	7629.3135	673.61993
55	13	7602.1104	647.9049
55	14	7572.5093	660.6343
55	15	7639.185	670.5458
55	16	7648.443	670.2425
55	19	7656.867	670.7102
55	20	7573.9365	664.0614
55	24	7639.6216	673.83936
55	25	7546.3267	660.7042
55	26	7650.844	673.91675
55	27	7568.83	632.4621
55	28	7566.19	633.01324
55	29	7581.2207	607.21844
55	30	7528.6055	664.2683
55	31	7571.655	632.69385
55	36	7549.2666	622.72614
55	40	7562.1587	660.6
55	50	7549.9336	619.9802
56	1	7602.434	626.9971
56	2	7602.9824	686.9099
56	3	7620.8623	721.5252
56	4	7601.758	668.89124
56	5	7602.5903	593.46344
56	6	7605.8433	649.2288
56	7	7589.626	660.9826
56	8	7591.4263	667.518
56	9	7589.4805	664.20776
56	10	7580.856	660.6196
56	11	7630.196	670.2363
56	12	7629.3037	673.6226
56	13	7602.1455	646.88196
56	14	7572.5093	660.6391
56	15	7639.185	670.5458
56	16	7648.443	670.2425
56	19	7656.867	670.7102
56	20	7574.338	664.05475
56	24	7639.614	673.8424
56	25	7546.8525	660.71356
56	26	7650.844	673.91675
56	27	7568.83	632.4621
56	28	7566.19	633.01324
56	29	7581.2207	607.21844
56	30	7529.679	664.30066
56	31	7571.655	632.69385
56	32	7549.4985	613.47015
56	36	7549.2666	622.72614
56	40	7562.1587	660.6
56	42	7549.2993	616.88837
56	50	7549.9336	619.9802
57	1	7602.4756	625.8623
57	2	7602.9736	686.7707
57	3	7620.849	721.78735
57	4	7601.2124	669.2105
57	6	7605.846	649.20886
57	7	7589.645	660.9898
57	8	7591.4277	667.51184
57	9	7589.4795	664.2105
57	10	7580.851	660.6348
57	11	7630.155	670.24634
57	12	7629.2773	673.6253
57	13	7602.1875	645.86115
57	14	7572.509	660.6388
57	15	7639.185	670.5458
57	19	7656.867	670.7102
57	20	7574.668	664.0591
57	24	7639.624	673.84534
57	25	7547.168	660.7205
57	26	7650.844	673.91675
57	27	7568.83	632.4621
57	28	7566.19	633.01324
57	29	7581.2207	607.21844
57	30	7530.75	664.30334
57	31	7571.655	632.69385
57	32	7549.4985	613.47015
57	33	7537.183	660.6298
57	36	7549.2666	622.72614
57	42	7549.2993	616.88837
57	50	7549.9336	619.9802
58	1	7602.4854	624.66925
58	2	7602.969	686.6338
58	3	7620.8247	722.1942
58	4	7600.63	669.50836
58	6	7605.838	649.1943
58	7	7589.6636	660.99084
58	8	7591.407	667.5176
58	9	7589.489	664.2052
58	10	7580.858	660.6287
58	11	7630.1333	670.25275
58	12	7629.2495	673.6277
58	13	7602.222	644.8585
58	14	7572.527	660.6415
58	15	7639.185	670.5458
58	19	7656.867	670.7102
58	20	7574.9507	664.10785
58	24	7639.636	673.85095
58	25	7547.6484	660.71045
58	26	7650.844	673.91675
58	27	7568.83	632.4621
58	28	7566.19	633.01324
58	30	7531.7505	664.3072
58	31	7571.655	632.69385
58	33	7537.7495	660.6179
58	34	7549.4204	628.6867
58	36	7549.2666	622.72614
58	42	7549.2993	616.88837
58	50	7549.9336	619.9802
59	1	7602.4976	623.529
59	2	7602.9688	686.5139
59	3	7620.828	722.47485
59	4	7600.013	669.77924
59	6	7605.8413	649.1915
59	7	7589.691	660.9986
59	8	7591.3926	667.5194
59	9	7589.4966	664.2082
59	10	7580.877	660.62604
59	11	7630.102	670.2614
59	12	7629.223	673.6235
59	13	7602.25	643.8001
59	15	7639.185	670.5458
59	20	7575.264	664.124
59	24	7639.6255	673.85657
59	25	7548.143	660.6993
59	26	7650.844	673.91675
59	27	7568.83	632.4621
59	28	7566.19	633.01324
59	29	7581.2207	607.21844
59	30	7532.757	664.31445
59	31	7571.655	632.69385
59	32	7549.4985	613.47015
59	33	7538.186	660.63007
59	34	7549.4204	628.6867
59	35	7602.505	745.7479
59	36	7549.2666	622.72614
59	42	7549.2993	616.88837
59	50	7549.9336	619.9802
60	1	7602.523	622.3165
60	2	7602.9673	686.4137
60	3	7620.863	722.73236
60	4	7599.3623	670.0205
60	6	7605.8374	649.1969
60	7	7589.692	661.0027
60	8	7591.4	667.522
60	9	7589.492	664.2112
60	10	7581.046	660.6354
60	11	7630.0537	670.26544
60	12	7629.189	673.6248
60	13	7602.276	642.75635
60	15	7639.185	670.5458
60	20	7575.6313	664.09906
60	24	7639.616	673.85004
60	25	7548.531	660.6924
60	26	7650.844	673.91675
60	27	7568.83	632.4621
60	28	7566.19	633.01324
60	29	7581.2207	607.21844
60	30	7533.756	664.33264
60	31	7571.655	632.69385
60	32	7549.4985	613.47015
60	33	7538.664	660.6227
60	34	7549.4204	628.6867
60	35	7602.4824	744.32324
60	36	7549.2666	622.72614
60	42	7549.2993	616.88837
60	50	7549.9336	619.9802
61	1	7602.5205	621.08044
61	2	7602.9653	686.3106
61	3	7620.8574	723.04333
61	4	7598.6807	670.2304
61	6	7605.8335	649.1996
61	7	7589.711	661.0047
61	8	7591.405	667.53046
61	9	7589.4844	664.20557
61	10	7581.072	660.64655
61	11	7630.0044	670.2692
61	12	7629.135	673.6223
61	13	7602.2954	641.66406
61	15	7639.185	670.5458
61	20	7575.9272	664.1125
61	24	7639.637	673.8539
61	25	7548.9067	660.6861
61	26	7650.844	673.91675
61	27	7568.83	632.4621
61	28	7566.19	633.01324
61	30	7534.755	664.32587
61	31	7571.655	632.69385
61	32	7549.4985	613.47015
61	33	7539.1035	660.6154
61	34	7549.4204	628.6867
61	35	7602.4106	743.0309
61	36	7549.2666	622.72614
61	42	7549.2993	616.88837
61	43	7568.6646	612.62665
61	50	7549.9336	619.9802
62	1	7602.542	619.89435
62	2	7602.961	686.2147
62	3	7620.874	723.4239
62	4	7597.968	670.4084
62	6	7605.829	649.1901
62	7	7589.7134	661.0061
62	8	7591.4106	667.53064
62	9	7589.496	664.20746
62	11	7629.9766	670.2727
62	12	7629.077	673.6256
62	13	7602.3247	640.5838
62	15	7639.185	670.5458
62	19	7656.867	670.7102
62	20	7576.224	664.1164
62	24	7639.6655	673.8724
62	25	7549.272	660.6736
62	26	7650.844	673.91675
62	27	7568.83	632.4621
62	28	7566.19	633.01324
62	30	7535.6943	664.3221
62	31	7571.655	632.69385
62	32	7549.4985	613.47015
62	33	7539.543	660.606
62	34	7549.4204	628.6867
62	35	7602.3687	741.69556
62	36	7549.2666	622.72614
62	42	7549.2993	616.88837
62	50	7549.9336	619.9802
63	1	7602.5654	618.64453
63	2	7602.954	686.1185
63	3	7620.8594	723.75854
63	4	7597.227	670.55457
63	6	7605.8247	649.1932
63	7	7589.743	661.008
63	8	7591.4517	667.5323
63	9	7589.4834	664.2058
63	11	7629.89	670.2845
63	12	7628.992	673.62787
63	13	7602.3403	639.4566
63	14	7572.3994	660.6462
63	15	7639.185	670.5458
63	19	7656.867	670.7102
63	20	7576.4663	664.1178
63	24	7639.678	673.87244
63	25	7549.5996	660.67285
63	26	7650.844	673.91675
63	27	7568.83	632.4621
63	28	7566.19	633.01324
63	30	7536.661	664.3207
63	31	7571.655	632.69385
63	32	7549.4985	613.47015
63	33	7539.94	660.5993
63	34	7549.4204	628.6867
63	35	7602.386	740.3777
63	36	7549.2666	622.72614
63	42	7549.2993	616.88837
63	50	7549.9336	619.9802
64	1	7602.571	617.3744
64	2	7602.947	686.0058
64	3	7620.839	724.0612
64	4	7596.4614	670.6722
64	6	7605.822	649.201
64	7	7589.765	661.008
64	8	7591.46	667.53
64	9	7589.4893	664.22327
64	11	7629.819	670.29456
64	12	7628.902	673.62994
64	13	7602.3633	638.3467
64	14	7572.4644	660.6549
64	15	7639.185	670.5458
64	20	7576.7227	664.1196
64	24	7639.699	673.87604
64	25	7549.9307	660.679
64	26	7650.844	673.91675
64	27	7568.83	632.4621
64	28	7566.19	633.01324
64	30	7537.6055	664.3156
64	31	7571.655	632.69385
64	32	7549.4985	613.47015
64	33	7540.338	660.5962
64	34	7549.4204	628.6867
64	35	7602.3794	739.0686
64	36	7549.2666	622.72614
64	37	7549.7373	610.3929
64	38	7561.7705	660.6108
64	42	7549.2993	616.88837
64	49	7653.3306	704.18066
64	50	7549.9336	619.9802
65	1	7602.6025	616.11017
65	2	7602.942	685.9321
65	3	7620.8257	724.37897
65	4	7595.6724	670.7668
65	6	7605.8174	649.2059
65	7	7589.794	661.0136
65	8	7591.496	667.54
65	9	7589.513	664.2261
65	11	7629.749	670.29224
65	12	7628.7974	673.62866
65	13	7602.3735	637.20953
65	14	7572.481	660.63165
65	15	7639.185	670.5458
65	20	7576.9277	664.1161
65	24	7639.693	673.87744
65	25	7550.242	660.6732
65	26	7650.844	673.91675
65	27	7568.83	632.4621
65	28	7566.19	633.01324
65	30	7538.5513	664.30396
65	31	7571.655	632.69385
65	32	7549.4985	613.47015
65	33	7540.754	660.5897
65	34	7549.4204	628.6867
65	35	7602.3745	737.7923
65	36	7549.2666	622.72614
65	37	7549.7373	610.3929
65	38	7561.8403	660.6081
65	42	7549.2993	616.88837
65	49	7653.3306	704.18066
65	50	7549.9336	619.9802
66	1	7602.6177	614.79846
66	2	7602.938	685.8564
66	3	7620.8257	724.71356
66	4	7594.9434	670.8329
66	6	7605.8164	649.20056
66	7	7589.8374	661.01416
66	8	7591.55	667.5379
66	9	7589.4834	664.23334
66	10	7581.041	660.64343
66	11	7629.6665	670.29474
66	12	7628.679	673.6337
66	13	7602.3896	636.0731
66	14	7572.4624	660.6429
66	15	7639.185	670.5458
66	20	7577.142	664.11957
66	24	7639.6772	673.88776
66	25	7550.5303	660.6786
66	26	7650.844	673.91675
66	27	7568.83	632.4621
66	28	7566.19	633.01324
66	30	7539.4775	664.30994
66	31	7571.655	632.69385
66	32	7549.4985	613.47015
66	33	7541.152	660.5916
66	34	7549.4204	628.6867
66	35	7602.3633	736.51465
66	37	7549.7373	610.3929
66	38	7561.8	660.6053
66	39	7549.319	622.7281
66	42	7549.2993	616.88837
66	49	7653.3306	704.18066
66	50	7549.9336	619.9802
67	1	7602.6245	613.5291
67	2	7602.931	685.78546
67	3	7620.8125	725.0705
67	4	7594.114	670.8933
67	6	7605.8174	649.2006
67	7	7589.92	661.0252
67	8	7591.586	667.53564
67	10	7581.046	660.64557
67	11	7629.543	670.30896
67	12	7628.5386	673.6342
67	13	7602.411	634.9192
67	14	7572.445	660.6385
67	15	7639.185	670.5458
67	20	7577.334	664.12305
67	24	7639.7197	673.89307
67	25	7550.823	660.6771
67	26	7650.844	673.91675
67	27	7568.83	632.4621
67	28	7566.19	633.01324
67	30	7540.3696	664.2912
67	31	7571.655	632.69385
67	32	7549.4985	613.47015
67	33	7541.49	660.5937
67	34	7549.4204	628.6867
67	35	7602.352	735.3064
67	37	7549.7373	610.3929
67	38	7561.86	660.59735
67	39	7549.319	622.7281
67	42	7549.2993	616.88837
67	49	7653.3306	704.18066
67	55	7562.1406	609.51886
68	1	7602.6436	612.23254
68	2	7602.9277	685.72687
68	3	7620.814	725.3501
68	4	7593.263	670.9367
68	6	7605.8154	649.20636
68	7	7590.1313	661.0288
68	8	7591.6475	667.5457
68	9	7589.4507	664.25323
68	10	7581.1016	660.64526
68	11	7629.4507	670.30725
68	12	7628.374	673.6428
68	13	7602.4297	633.7615
68	14	7572.472	660.6452
68	15	7639.185	670.5458
68	20	7577.5386	664.1268
68	24	7639.7046	673.89545
68	25	7551.088	660.6783
68	26	7650.844	673.91675
68	27	7568.83	632.4621
68	28	7566.19	633.01324
68	30	7541.289	664.2895
68	31	7571.655	632.69385
68	32	7549.4985	613.47015
68	33	7541.833	660.5835
68	34	7549.4204	628.6867
68	35	7602.338	734.0979
68	37	7549.7373	610.3929
68	38	7561.8667	660.57544
68	39	7549.319	622.7281
68	41	7562.9146	607.09125
68	42	7549.2993	616.88837
68	43	7568.6646	612.62665
68	49	7653.3306	704.18066
68	50	7549.9336	619.9802
68	55	7562.171	609.6101
69	1	7602.667	610.9431
69	2	7602.9224	685.6532
69	3	7620.8	725.6608
69	4	7592.392	670.9669
69	6	7605.8105	649.20776
69	7	7590.1973	661.0214
69	8	7591.737	667.5672
69	9	7589.4526	664.2481
69	10	7581.1494	660.644
69	11	7629.3335	670.3166
69	12	7628.2026	673.6422
69	13	7602.4507	632.58435
69	14	7572.482	660.6394
69	15	7639.185	670.5458
69	20	7577.745	664.1303
69	24	7639.6406	673.90533
69	25	7551.342	660.67145
69	26	7650.844	673.91675
69	27	7568.83	632.4621
69	28	7566.19	633.01324
69	30	7542.154	664.28436
69	31	7571.655	632.69385
69	32	7549.4985	613.47015
69	33	7542.173	660.578
69	34	7549.4204	628.6867
69	35	7602.3438	732.87177
69	37	7549.7373	610.3929
69	38	7561.914	660.5739
69	39	7549.319	622.7281
69	41	7562.9146	607.09125
69	42	7549.2993	616.88837
69	43	7568.6646	612.62665
69	44	7576.8955	631.67004
69	46	7568.977	598.9459
69	47	7562.6714	618.6254
69	49	7653.3306	704.18066
69	55	7562.223	609.6641
70	1	7602.6885	609.6374
70	2	7602.9194	685.5948
70	3	7620.847	725.8968
70	4	7591.5015	670.98566
70	6	7605.8096	649.21716
70	7	7590.3203	661.0143
70	8	7591.7773	667.56116
70	9	7589.545	664.24664
70	10	7581.208	660.64105
70	11	7629.1445	670.3332
70	12	7627.9688	673.6474
70	13	7602.4697	631.406
70	14	7572.464	660.6426
70	15	7639.185	670.5458
70	20	7577.9365	664.1292
70	24	7639.65	673.9098
70	25	7551.564	660.6678
70	26	7650.844	673.91675
70	27	7568.83	632.4621
70	28	7566.19	633.01324
70	30	7543.0264	664.2824
70	31	7571.655	632.69385
70	32	7549.4985	613.47015
70	33	7542.5283	660.572
70	34	7549.4204	628.6867
70	35	7602.358	731.5451
70	37	7549.7373	610.3929
70	38	7561.9136	660.5654
70	39	7549.319	622.7281
70	41	7562.9146	607.09125
70	43	7568.6646	612.62665
70	45	7550.007	620.01984
70	46	7568.977	598.9459
70	49	7653.3306	704.18066
70	55	7562.3936	609.6379
71	1	7602.7075	608.3487
71	2	7602.912	685.55115
71	3	7620.8203	726.26215
71	4	7590.5913	670.9961
71	6	7605.8057	649.2284
71	7	7590.5044	661.0167
71	8	7591.835	667.5742
71	9	7589.5537	664.25665
71	10	7581.26	660.6428
71	11	7628.997	670.3453
71	12	7627.7046	673.65125
71	13	7602.4756	630.1838
71	15	7639.185	670.5458
71	20	7578.1343	664.134
71	24	7639.6167	673.9188
71	25	7551.783	660.666
71	26	7650.844	673.91675
71	27	7568.83	632.4621
71	28	7566.19	633.01324
71	30	7543.884	664.2776
71	31	7571.655	632.69385
71	32	7549.4985	613.47015
71	33	7542.836	660.5654
71	34	7549.4204	628.6867
71	35	7602.322	730.4625
71	37	7549.7373	610.3929
71	38	7561.9194	660.55865
71	39	7549.319	622.7281
71	41	7562.9146	607.09125
71	42	7549.2993	616.88837
71	43	7568.6646	612.62665
71	45	7550.007	620.01984
71	46	7568.977	598.9459
71	47	7562.6714	618.6254
71	49	7653.3306	704.18066
71	55	7562.3076	609.62933
72	1	7602.7173	607.0115
72	2	7602.907	685.4906
72	4	7589.663	671.0003
72	6	7605.8115	649.2405
72	7	7590.73	661.0193
72	8	7591.894	667.58606
72	9	7589.5903	664.2551
72	10	7581.32	660.64825
72	11	7628.8516	670.3538
72	12	7627.4395	673.6559
72	13	7602.486	628.9693
72	15	7639.185	670.5458
72	20	7578.347	664.1406
72	24	7639.577	673.93317
72	25	7551.997	660.6408
72	26	7650.844	673.91675
72	27	7568.83	632.4621
72	28	7566.19	633.01324
72	30	7544.702	664.2793
72	31	7571.655	632.69385
72	32	7549.4985	613.47015
72	33	7543.134	660.5676
72	34	7549.4204	628.6867
72	37	7549.7373	610.3929
72	38	7561.918	660.5549
72	39	7549.319	622.7281
72	41	7562.9146	607.09125
72	42	7549.2993	616.88837
72	43	7568.6646	612.62665
72	44	7576.8955	631.67004
72	47	7562.6714	618.6254
72	49	7653.3306	704.18066
73	1	7602.7334	605.62897
73	2	7602.903	685.42957
73	3	7620.811	726.7919
73	4	7588.717	671.00055
73	6	7605.803	649.2378
73	7	7591.0063	661.02924
73	8	7591.9404	667.59216
73	9	7589.6353	664.261
73	10	7581.4053	660.65326
73	11	7628.6074	670.3556
73	12	7627.0938	673.65656
73	13	7602.5005	627.72754
73	15	7639.185	670.5458
73	20	7578.563	664.15454
73	24	7639.558	673.9206
73	25	7552.15	660.65515
73	26	7650.844	673.91675
73	27	7568.83	632.4621
73	28	7566.19	633.01324
73	30	7545.54	664.273
73	31	7571.655	632.69385
73	32	7549.4985	613.47015
73	33	7543.4097	660.5596
73	34	7549.4204	628.6867
73	37	7549.7373	610.3929
73	38	7561.922	660.55896
73	39	7549.319	622.7281
73	41	7562.9146	607.09125
73	43	7568.6646	612.62665
73	44	7576.8955	631.67004
73	45	7550.007	620.01984
73	47	7562.6714	618.6254
73	48	7549.478	616.8261
73	49	7653.3306	704.18066
74	1	7602.7036	604.3026
74	2	7602.886	685.4269
74	3	7620.832	727.2045
74	4	7587.752	670.99756
74	6	7605.79	649.233
74	7	7591.3164	661.0516
74	8	7592.0317	667.613
74	9	7589.578	664.2793
74	10	7581.5083	660.6577
74	11	7628.379	670.33624
74	12	7626.781	673.6523
74	13	7602.5283	626.4766
74	15	7639.185	670.5458
74	20	7578.786	664.18085
74	24	7639.635	673.9067
74	25	7552.314	660.6647
74	26	7650.844	673.91675
74	27	7568.83	632.4621
74	28	7566.19	633.01324
74	30	7546.342	664.2697
74	31	7571.655	632.69385
74	32	7549.4985	613.47015
74	33	7543.762	660.5463
74	34	7549.4204	628.6867
74	37	7549.7373	610.3929
74	38	7561.9453	660.56104
74	39	7549.319	622.7281
74	41	7562.9146	607.09125
74	43	7568.6646	612.62665
74	44	7576.8955	631.67004
74	45	7550.007	620.01984
74	47	7562.6714	618.6254
74	48	7549.478	616.8261
74	49	7653.3306	704.18066
75	1	7602.7183	602.9106
75	2	7602.8867	685.40436
75	4	7586.768	670.99347
75	6	7605.78	649.2354
75	7	7591.605	661.0582
75	8	7592.1475	667.6193
75	9	7589.6406	664.2606
75	10	7581.6104	660.6664
75	11	7628.1016	670.3347
75	12	7626.4126	673.6604
75	13	7602.551	625.2544
75	14	7572.518	660.72943
75	15	7639.185	670.5458
75	20	7578.9893	664.1873
75	24	7639.496	673.89734
75	25	7552.453	660.66486
75	26	7650.844	673.91675
75	27	7568.83	632.4621
75	28	7566.19	633.01324
75	30	7547.1045	664.27167
75	31	7571.655	632.69385
75	32	7549.4985	613.47015
75	33	7544.0254	660.5445
75	34	7549.4204	628.6867
75	35	7602.3403	726.03204
75	37	7549.7373	610.3929
75	38	7561.9478	660.55585
75	39	7549.319	622.7281
75	41	7562.9146	607.09125
75	43	7568.6646	612.62665
75	44	7576.8955	631.67004
75	45	7550.007	620.01984
75	48	7549.478	616.8261
75	49	7653.3306	704.18066
75	52	7581.3564	621.04834
75	53	7581.212	607.2973
76	1	7602.7427	601.5594
76	2	7602.8833	685.3925
76	3	7620.813	727.8144
76	4	7585.7646	670.9858
76	6	7605.7793	649.22797
76	7	7591.925	661.0521
76	8	7592.225	667.6141
76	9	7589.7207	664.24725
76	10	7581.7354	660.66754
76	11	7627.86	670.32367
76	12	7626.0586	673.6633
76	13	7602.58	624.03284
76	14	7572.5024	660.6711
76	15	7639.185	670.5458
76	20	7579.1743	664.19
76	24	7639.3296	673.87195
76	25	7552.575	660.6655
76	26	7650.844	673.91675
76	27	7568.83	632.4621
76	28	7566.19	633.01324
76	30	7547.8936	664.27295
76	31	7571.655	632.69385
76	33	7544.2114	660.5446
76	34	7549.4204	628.6867
76	35	7602.3477	724.89716
76	37	7549.7373	610.3929
76	38	7561.8877	660.5524
76	39	7549.319	622.7281
76	41	7562.9146	607.09125
76	43	7568.6646	612.62665
76	44	7576.8955	631.67004
76	45	7550.007	620.01984
76	46	7568.977	598.9459
76	48	7549.478	616.8261
76	49	7653.3306	704.18066
76	51	7581.2256	626.08185
76	52	7581.3564	621.04834
76	53	7581.212	607.2973
77	2	7602.877	685.38214
77	3	7620.84	728.087
77	4	7584.7417	670.9778
77	6	7605.7812	649.23846
77	7	7592.2217	661.04944
77	8	7592.252	667.60645
77	9	7589.867	664.26355
77	10	7581.866	660.66534
77	11	7627.565	670.3195
77	12	7625.6978	673.66785
77	13	7602.607	622.7625
77	14	7572.502	660.64844
77	15	7639.185	670.5458
77	20	7579.3516	664.1951
77	24	7639.092	673.87354
77	25	7552.709	660.66406
77	26	7650.844	673.91675
77	27	7568.83	632.4621
77	28	7566.19	633.01324
77	30	7548.663	664.27527
77	31	7571.655	632.69385
77	32	7549.4985	613.47015
77	33	7544.4043	660.5602
77	34	7549.4204	628.6867
77	35	7602.351	723.8417
77	37	7549.7373	610.3929
77	38	7561.9004	660.5458
77	39	7549.319	622.7281
77	41	7562.9146	607.09125
77	43	7568.6646	612.62665
77	44	7576.8955	631.67004
77	45	7550.007	620.01984
77	46	7568.977	598.9459
77	48	7549.478	616.8261
77	49	7653.3306	704.18066
77	51	7581.2256	626.08185
77	52	7581.3564	621.04834
77	53	7581.212	607.2973
77	56	7568.645	604.49097
78	2	7602.877	685.3661
78	4	7583.698	670.96954
78	6	7605.7817	649.24396
78	7	7592.6313	661.06134
78	8	7592.317	667.60846
78	9	7589.9683	664.2566
78	10	7581.963	660.6763
78	11	7627.286	670.33167
78	12	7625.268	673.6787
78	13	7602.6294	621.5003
78	14	7572.5103	660.6749
78	15	7639.185	670.5458
78	20	7579.539	664.20306
78	24	7638.9478	673.87384
78	25	7552.8164	660.667
78	26	7650.844	673.91675
78	27	7568.83	632.4621
78	28	7566.19	633.01324
78	30	7549.41	664.28
78	31	7571.655	632.69385
78	32	7549.4985	613.47015
78	33	7544.62	660.55396
78	34	7549.4204	628.6867
78	35	7602.3516	722.7753
78	37	7549.7373	610.3929
78	38	7561.8936	660.54333
78	39	7549.319	622.7281
78	41	7562.9146	607.09125
78	43	7568.6646	612.62665
78	44	7576.8955	631.67004
78	45	7550.007	620.01984
78	46	7568.977	598.9459
78	47	7562.6714	618.6254
78	48	7549.478	616.8261
78	49	7653.3306	704.18066
78	51	7581.2256	626.08185
78	52	7581.3564	621.04834
78	56	7568.729	604.4616
79	2	7602.8735	685.35254
79	4	7582.635	670.9592
79	6	7605.784	649.2609
79	7	7593.0967	661.0871
79	8	7592.3984	667.6066
79	9	7590.1133	664.25867
79	10	7582.1157	660.6763
79	11	7626.926	670.3366
79	12	7624.78	673.68854
79	13	7602.634	620.2488
79	14	7572.499	660.68005
79	15	7639.185	670.5458
79	20	7579.7295	664.2121
79	24	7638.7905	673.866
79	25	7552.913	660.66583
79	26	7650.844	673.91675
79	27	7568.83	632.4621
79	28	7566.19	633.01324
79	30	7550.165	664.2859
79	31	7571.655	632.69385
79	32	7549.4985	613.47015
79	33	7544.8096	660.5566
79	34	7549.4204	628.6867
79	35	7602.344	721.7671
79	37	7549.7373	610.3929
79	38	7561.903	660.54834
79	39	7549.319	622.7281
79	41	7562.9146	607.09125
79	43	7568.6646	612.62665
79	44	7576.8955	631.67004
79	45	7550.007	620.01984
79	46	7568.977	598.9459
79	47	7562.6714	618.6254
79	48	7549.478	616.8261
79	49	7653.3306	704.18066
79	51	7581.2256	626.08185
79	56	7568.6016	604.4479
80	2	7602.8687	685.3563
80	3	7620.8213	729.02405
80	4	7581.551	670.9479
80	6	7605.78	649.2757
80	7	7593.505	661.0935
80	8	7592.468	667.606
80	9	7590.2583	664.25543
80	10	7582.355	660.6638
80	11	7626.566	670.3344
80	12	7624.294	673.699
80	13	7602.674	618.97766
80	14	7572.512	660.69025
80	15	7639.185	670.5458
80	20	7579.909	664.21643
80	24	7638.602	673.8182
80	25	7552.996	660.66364
80	26	7650.844	673.91675
80	27	7568.83	632.4621
80	28	7566.19	633.01324
80	30	7550.8994	664.28796
80	31	7571.655	632.69385
80	32	7549.4985	613.47015
80	33	7544.99	660.5607
80	34	7549.4204	628.6867
80	35	7602.3555	720.80707
80	37	7549.7373	610.3929
80	38	7561.91	660.5303
80	39	7549.319	622.7281
80	41	7562.9146	607.09125
80	43	7568.6646	612.62665
80	44	7576.8955	631.67004
80	45	7550.007	620.01984
80	46	7568.977	598.9459
80	47	7562.6714	618.6254
80	48	7549.478	616.8261
80	49	7653.3306	704.18066
80	51	7581.2256	626.08185
80	56	7568.704	604.4364
81	2	7602.8643	685.3605
81	3	7620.8345	729.3526
81	4	7580.446	670.9344
81	6	7605.7764	649.2654
81	7	7593.911	661.1026
81	8	7592.5728	667.6106
81	9	7590.4355	664.25354
81	10	7582.5645	660.6697
81	11	7626.184	670.3417
81	12	7623.774	673.7063
81	14	7572.5293	660.6766
81	20	7580.117	664.21686
81	25	7553.0527	660.6621
81	26	7650.844	673.91675
81	27	7568.83	632.4621
81	28	7566.19	633.01324
81	30	7551.6426	664.2905
81	31	7571.655	632.69385
81	32	7549.4985	613.47015
81	33	7545.149	660.5562
81	34	7549.4204	628.6867
81	35	7602.3604	719.8196
81	37	7549.7373	610.3929
81	38	7561.8975	660.551
81	39	7549.319	622.7281
81	41	7562.9146	607.09125
81	44	7576.8955	631.67004
81	45	7550.007	620.01984
81	46	7568.977	598.9459
81	47	7562.6714	618.6254
81	48	7549.478	616.8261
81	51	7581.2256	626.08185
81	56	7568.591	604.4969
82	2	7602.858	685.35205
82	3	7620.847	729.6221
82	4	7579.3203	670.9202
82	6	7605.7686	649.2474
82	7	7594.3584	661.10565
82	8	7592.627	667.60315
82	9	7590.633	664.2548
82	10	7582.8105	660.67505
82	11	7625.798	670.3448
82	12	7623.2686	673.7127
82	14	7572.549	660.67914
82	15	7639.185	670.5458
82	20	7580.304	664.2171
82	24	7638.2417	673.81335
82	25	7553.114	660.66345
82	27	7568.83	632.4621
82	28	7566.19	633.01324
82	30	7552.3594	664.29297
82	31	7571.655	632.69385
82	32	7549.4985	613.47015
82	33	7545.3105	660.5533
82	34	7549.4204	628.6867
82	35	7602.37	718.8169
82	37	7549.7373	610.3929
82	38	7561.8916	660.55615
82	39	7549.319	622.7281
82	41	7562.9146	607.09125
82	44	7576.8955	631.67004
82	45	7550.007	620.01984
82	46	7568.977	598.9459
82	47	7562.6714	618.6254
82	48	7549.478	616.8261
82	51	7581.2256	626.08185
83	2	7602.8555	685.35474
83	3	7620.8364	729.91254
83	4	7578.1763	670.90314
83	6	7605.7725	649.2525
83	7	7594.8047	661.1211
83	8	7592.756	667.6057
83	9	7590.8643	664.25287
83	10	7583.129	660.68005
83	11	7625.392	670.3568
83	12	7622.7246	673.73096
83	14	7572.557	660.6847
83	20	7580.503	664.2236
83	24	7637.987	673.7634
83	25	7553.161	660.66266
83	27	7568.83	632.4621
83	28	7566.19	633.01324
83	30	7553.0664	664.2991
83	31	7571.655	632.69385
83	32	7549.4985	613.47015
83	33	7545.442	660.53644
83	34	7549.4204	628.6867
83	35	7602.369	717.8422
83	37	7549.7373	610.3929
83	38	7561.9023	660.56146
83	39	7549.319	622.7281
83	41	7562.9146	607.09125
83	43	7568.6646	612.62665
83	44	7576.8955	631.67004
83	45	7550.007	620.01984
83	46	7568.977	598.9459
83	47	7562.6714	618.6254
83	48	7549.478	616.8261
83	51	7581.2256	626.08185
83	52	7581.3564	621.04834
83	53	7581.212	607.2973
84	2	7602.8506	685.35516
84	4	7577.013	670.8852
84	6	7605.776	649.2503
84	7	7595.278	661.1215
84	8	7592.852	667.6015
84	9	7591.087	664.2455
84	10	7583.523	660.6964
84	11	7624.951	670.3556
84	12	7622.158	673.7421
84	14	7572.581	660.687
84	20	7580.708	664.2332
84	24	7637.6514	673.74835
84	25	7553.203	660.6641
84	27	7568.83	632.4621
84	28	7566.19	633.01324
84	30	7553.763	664.3039
84	31	7571.655	632.69385
84	32	7549.4985	613.47015
84	33	7545.564	660.53406
84	34	7549.4204	628.6867
84	35	7602.3794	716.9802
84	37	7549.7373	610.3929
84	38	7561.894	660.56537
84	39	7549.319	622.7281
84	41	7562.9146	607.09125
84	44	7576.8955	631.67004
84	46	7568.977	598.9459
84	47	7562.6714	618.6254
84	48	7549.478	616.8261
84	51	7581.2256	626.08185
84	52	7581.3564	621.04834
84	53	7581.212	607.2973
84	57	7567.9536	604.4725
85	2	7602.847	685.35205
85	4	7575.8296	670.86725
85	6	7605.7715	649.24744
85	7	7595.8096	661.1294
85	8	7592.9526	667.59607
85	9	7591.363	664.2436
85	11	7624.4683	670.35223
85	12	7621.546	673.74365
85	14	7572.6157	660.6825
85	20	7580.921	664.23016
85	24	7637.3623	673.7247
85	25	7553.2314	660.66644
85	27	7568.83	632.4621
85	28	7566.19	633.01324
85	30	7554.453	664.30286
85	31	7571.655	632.69385
85	32	7549.4985	613.47015
85	33	7545.67	660.5267
85	34	7549.4204	628.6867
85	35	7602.3857	716.0592
85	37	7549.7373	610.3929
85	38	7561.9043	660.56635
85	39	7549.319	622.7281
85	41	7562.9146	607.09125
85	43	7568.6646	612.62665
85	44	7576.8955	631.67004
85	45	7550.007	620.01984
85	46	7568.977	598.9459
85	47	7562.6714	618.6254
85	48	7549.478	616.8261
85	51	7581.2256	626.08185
85	52	7581.3564	621.04834
85	53	7581.212	607.2973
85	58	7562.7153	609.62994
86	2	7602.8477	685.3444
86	4	7574.6265	670.84827
86	6	7605.7715	649.27057
86	7	7596.371	661.13367
86	8	7593.0923	667.60657
86	9	7591.654	664.2377
86	11	7623.9893	670.36426
86	12	7620.9526	673.7588
86	14	7572.652	660.68835
86	20	7581.149	664.2298
86	24	7637.0044	673.7161
86	25	7553.2666	660.6682
86	27	7568.83	632.4621
86	28	7566.19	633.01324
86	30	7555.151	664.303
86	31	7571.655	632.69385
86	32	7549.4985	613.47015
86	33	7545.774	660.5315
86	34	7549.4204	628.6867
86	35	7602.3706	715.1756
86	37	7549.7373	610.3929
86	38	7561.8853	660.5622
86	39	7549.319	622.7281
86	41	7562.9146	607.09125
86	43	7568.6646	612.62665
86	44	7576.8955	631.67004
86	45	7550.007	620.01984
86	46	7568.977	598.9459
86	47	7562.6714	618.6254
86	48	7549.478	616.8261
86	51	7581.2256	626.08185
86	52	7581.3564	621.04834
86	53	7581.212	607.2973
86	57	7567.9536	604.4725
86	58	7562.7153	609.62994
87	2	7602.8438	685.34973
87	4	7573.4033	670.83
87	6	7605.765	649.26416
87	7	7596.9585	661.14386
87	8	7593.1655	667.60284
87	9	7591.974	664.23615
87	11	7623.4937	670.379
87	12	7620.3374	673.77637
87	14	7572.698	660.6923
87	20	7581.3735	664.23083
87	24	7636.56	673.67316
87	25	7553.278	660.671
87	27	7568.83	632.4621
87	28	7566.19	633.01324
87	30	7555.8438	664.30566
87	31	7571.655	632.69385
87	32	7549.4985	613.47015
87	33	7545.815	660.54016
87	34	7549.4204	628.6867
87	35	7602.3696	714.4227
87	37	7549.7373	610.3929
87	38	7561.886	660.572
87	39	7549.319	622.7281
87	41	7562.9146	607.09125
87	43	7568.6646	612.62665
87	44	7576.8955	631.67004
87	45	7550.007	620.01984
87	46	7568.977	598.9459
87	47	7562.6714	618.6254
87	48	7549.478	616.8261
87	51	7581.2256	626.08185
87	52	7581.3564	621.04834
87	53	7581.212	607.2973
87	58	7562.7153	609.62994
88	2	7602.8496	685.3464
88	4	7572.1616	670.8099
88	6	7605.769	649.2792
88	7	7597.56	661.15186
88	8	7593.3174	667.6016
88	9	7592.323	664.2339
88	10	7584.6646	660.6842
88	11	7622.9526	670.36676
88	12	7619.8022	673.7815
88	14	7572.7637	660.6958
88	20	7581.6113	664.2164
88	24	7636.2915	673.5849
88	25	7553.287	660.672
88	27	7568.83	632.4621
88	30	7556.529	664.3159
88	31	7571.655	632.69385
88	32	7549.4985	613.47015
88	33	7545.8916	660.52734
88	34	7549.4204	628.6867
88	35	7602.3696	713.65985
88	37	7549.7373	610.3929
88	38	7561.905	660.58
88	39	7549.319	622.7281
88	41	7562.9146	607.09125
88	43	7568.6646	612.62665
88	44	7576.8955	631.67004
88	45	7550.007	620.01984
88	46	7568.977	598.9459
88	47	7562.6714	618.6254
88	48	7549.478	616.8261
88	51	7581.2256	626.08185
88	52	7581.3564	621.04834
88	53	7581.212	607.2973
88	57	7567.9536	604.4725
88	58	7562.7153	609.62994
89	2	7602.8413	685.3478
89	4	7570.8994	670.7892
89	6	7605.767	649.3016
89	7	7598.1655	661.167
89	8	7593.448	667.59717
89	9	7592.69	664.2252
89	10	7584.852	660.6556
89	11	7622.4517	670.3687
89	12	7619.209	673.78613
89	14	7572.846	660.69824
89	20	7581.894	664.22815
89	24	7635.632	673.48846
89	25	7553.304	660.6732
89	27	7568.83	632.4621
89	30	7557.204	664.32025
89	31	7571.655	632.69385
89	32	7549.4985	613.47015
89	33	7545.978	660.52484
89	34	7549.4204	628.6867
89	35	7602.3564	712.66614
89	37	7549.7373	610.3929
89	38	7561.9146	660.58093
89	39	7549.319	622.7281
89	41	7562.9146	607.09125
89	43	7568.6646	612.62665
89	45	7550.007	620.01984
89	46	7568.977	598.9459
89	47	7562.6714	618.6254
89	48	7549.478	616.8261
89	51	7581.2256	626.08185
89	52	7581.3564	621.04834
89	53	7581.212	607.2973
89	57	7567.9536	604.4725
90	2	7602.841	685.35077
90	4	7569.618	670.7682
90	6	7605.768	649.2767
90	7	7598.823	661.1771
90	8	7593.5493	667.59924
90	9	7593.084	664.2168
90	10	7585.4355	660.6671
90	11	7621.93	670.36597
90	12	7618.5483	673.77234
90	14	7572.9443	660.7058
90	20	7582.2	664.2271
90	24	7635.075	672.8393
90	25	7553.298	660.68274
90	27	7568.83	632.4621
90	28	7566.19	633.01324
90	30	7557.8545	664.3293
90	31	7571.655	632.69385
90	32	7549.4985	613.47015
90	33	7546.032	660.53906
90	34	7549.4204	628.6867
90	35	7602.3604	711.8959
90	37	7549.7373	610.3929
90	38	7561.9463	660.58545
90	39	7549.319	622.7281
90	41	7562.9146	607.09125
90	43	7568.6646	612.62665
90	44	7576.8955	631.67004
90	45	7550.007	620.01984
90	46	7568.977	598.9459
90	47	7562.6714	618.6254
90	48	7549.478	616.8261
90	51	7581.2256	626.08185
90	52	7581.3564	621.04834
90	53	7581.212	607.2973
90	57	7567.9536	604.4725
90	58	7562.7153	609.62994
