0	1	19.922338	-4218.3594
0	2	36.398888	-4265.259
0	3	4.990286	-4190.446
0	4	22.326948	-4244.0635
0	5	29.726866	-4197.547
0	6	48.85261	-4203.779
0	7	25.220947	-4175.502
0	8	39.644302	-4173.3433
0	26	63.73099	-4286.528
1	1	19.354446	-4216.589
1	2	35.69682	-4263.3228
1	3	4.643153	-4189.0225
1	4	21.769472	-4242.5796
1	5	29.726866	-4197.547
1	7	25.220947	-4175.502
1	8	39.644302	-4173.3433
1	26	63.73099	-4286.528
2	1	18.81494	-4214.8604
2	2	35.00669	-4261.3906
2	3	4.3048162	-4187.58
2	4	21.218882	-4241.1055
2	5	29.726866	-4197.547
2	6	48.85261	-4203.779
2	7	25.220947	-4175.502
2	8	39.644302	-4173.3433
3	1	18.286636	-4213.093
3	2	34.32615	-4259.465
3	3	3.966317	-4186.143
3	4	20.675934	-4239.6406
3	5	29.726866	-4197.547
3	6	48.85261	-4203.779
3	7	25.220947	-4175.502
3	8	39.644302	-4173.3433
4	1	17.768267	-4211.3413
4	2	33.640625	-4257.5195
4	3	3.633063	-4184.743
4	4	20.142956	-4238.184
4	5	29.726866	-4197.547
4	6	48.85261	-4203.779
4	7	25.220947	-4175.502
4	8	39.644302	-4173.3433
4	26	63.73099	-4286.528
5	1	17.25545	-4209.5635
5	2	32.97538	-4255.595
5	3	3.3022025	-4183.335
5	4	19.618208	-4236.7393
5	5	29.726866	-4197.547
5	6	48.85261	-4203.779
5	7	25.220947	-4175.502
5	8	39.644302	-4173.3433
6	1	16.751274	-4207.795
6	2	32.316284	-4253.675
6	3	2.9755282	-4181.9604
6	4	19.10307	-4235.3037
6	5	29.726866	-4197.547
6	6	48.85261	-4203.779
6	7	25.220947	-4175.502
6	8	39.644302	-4173.3433
7	1	16.257189	-4206.026
7	2	31.657927	-4251.7427
7	3	2.673469	-4180.6343
7	4	18.600594	-4233.877
7	5	29.726866	-4197.547
7	6	48.85261	-4203.779
7	7	25.220947	-4175.502
8	1	15.7708435	-4204.2734
8	2	31.010805	-4249.831
8	3	2.3823051	-4179.2954
8	4	18.099646	-4232.459
8	5	29.726866	-4197.547
8	6	48.85261	-4203.779
8	7	25.220947	-4175.502
8	8	39.644302	-4173.3433
8	10	36.73251	-4158.6567
9	1	15.295657	-4202.5283
9	2	30.378935	-4247.9434
9	3	2.0955431	-4177.997
9	4	17.61187	-4231.051
9	5	29.726866	-4197.547
9	6	48.85261	-4203.779
9	7	25.220947	-4175.502
9	8	39.644302	-4173.3433
9	9	20.71481	-4156.454
9	10	36.73251	-4158.6567
10	1	14.822651	-4200.7915
10	2	29.7536	-4246.036
10	3	1.821714	-4176.699
10	4	17.131214	-4229.656
10	5	29.726866	-4197.547
10	6	48.85261	-4203.779
10	7	25.220947	-4175.502
10	8	39.644302	-4173.3433
10	9	20.71481	-4156.454
10	10	36.73251	-4158.6567
11	1	14.358042	-4199.0654
11	2	29.123907	-4244.1406
11	3	1.5572479	-4175.428
11	4	16.66217	-4228.269
11	5	29.726866	-4197.547
11	6	48.85261	-4203.779
11	7	25.220947	-4175.502
11	9	20.71481	-4156.454
11	10	36.73251	-4158.6567
12	1	13.894792	-4197.3315
12	2	28.506187	-4242.242
12	3	1.2897114	-4174.161
12	4	16.198177	-4226.8916
12	5	29.726866	-4197.547
12	6	48.85261	-4203.779
12	7	25.220947	-4175.502
12	8	39.644302	-4173.3433
12	9	20.71481	-4156.454
12	10	36.73251	-4158.6567
13	1	13.450807	-4195.606
13	2	27.9008	-4240.3804
13	3	1.0289366	-4172.91
13	4	15.744501	-4225.524
13	5	29.726866	-4197.547
13	6	48.85261	-4203.779
13	7	25.220947	-4175.502
13	8	39.644302	-4173.3433
13	9	20.71481	-4156.454
13	10	36.73251	-4158.6567
14	1	13.007575	-4193.8784
14	2	27.302534	-4238.5396
14	3	0.7757256	-4171.702
14	4	15.2981615	-4224.168
14	5	29.726866	-4197.547
14	6	48.85261	-4203.779
14	7	25.220947	-4175.502
14	8	39.644302	-4173.3433
14	9	20.71481	-4156.454
14	10	36.73251	-4158.6567
15	1	12.572732	-4192.1646
15	2	26.705929	-4236.682
15	3	0.53003615	-4170.4897
15	4	14.861392	-4222.823
15	5	29.726866	-4197.547
15	6	48.85261	-4203.779
15	7	25.220947	-4175.502
15	8	39.644302	-4173.3433
15	9	20.71481	-4156.454
15	10	36.73251	-4158.6567
16	1	12.1463995	-4190.4644
16	2	26.113401	-4234.8364
16	3	0.29650122	-4169.3325
16	4	14.434327	-4221.488
16	5	29.726866	-4197.547
16	6	48.85261	-4203.779
16	7	25.220947	-4175.502
16	8	39.644302	-4173.3433
16	9	20.71481	-4156.454
16	10	36.73251	-4158.6567
17	1	11.726756	-4188.772
17	2	25.533844	-4233.003
17	3	0.06931449	-4168.1772
17	4	14.014911	-4220.1636
17	5	29.726866	-4197.547
17	6	48.85261	-4203.779
17	7	25.220947	-4175.502
17	8	39.644302	-4173.3433
17	9	20.71481	-4156.454
17	10	36.73251	-4158.6567
18	1	11.315828	-4187.101
18	2	24.955114	-4231.1733
18	3	-0.15665145	-4167.0444
18	4	13.606554	-4218.851
18	5	29.726866	-4197.547
18	6	48.85261	-4203.779
18	7	25.220947	-4175.502
18	8	39.644302	-4173.3433
18	9	20.71481	-4156.454
18	10	36.73251	-4158.6567
18	11	-0.48452798	-4144.0
18	12	18.978329	-4143.978
19	1	10.901694	-4185.4014
19	2	24.383545	-4229.3687
19	3	-0.37350324	-4165.946
19	4	13.20365	-4217.55
19	5	29.726866	-4197.547
19	6	48.85261	-4203.779
19	7	25.220947	-4175.502
19	8	39.644302	-4173.3433
19	10	36.73251	-4158.6567
19	11	-0.4941861	-4143.9526
19	12	18.978329	-4143.978
20	1	10.516065	-4183.7637
20	2	23.82476	-4227.6035
20	3	-0.5830816	-4164.873
20	4	12.809454	-4216.2573
20	5	29.726866	-4197.547
20	6	48.85261	-4203.779
20	7	25.220947	-4175.502
20	8	39.644302	-4173.3433
20	10	36.73251	-4158.6567
20	11	-0.49886933	-4143.93
20	12	18.978329	-4143.978
21	1	10.127428	-4182.103
21	2	23.27746	-4225.831
21	3	-0.77045584	-4163.8486
21	4	12.423005	-4214.975
21	5	29.726866	-4197.547
21	6	48.85261	-4203.779
21	7	25.220947	-4175.502
21	8	39.644302	-4173.3433
21	10	36.73251	-4158.6567
21	11	-0.49083698	-4143.937
21	12	18.978329	-4143.978
21	13	20.762318	-4156.51
22	1	9.759614	-4180.484
22	2	22.71389	-4224.0605
22	3	-0.9599472	-4162.821
22	4	12.043515	-4213.705
22	5	29.726866	-4197.547
22	6	48.85261	-4203.779
22	7	25.220947	-4175.502
22	8	39.644302	-4173.3433
22	10	36.73251	-4158.6567
22	11	-0.49926662	-4143.941
22	12	18.978329	-4143.978
22	13	20.762318	-4156.51
23	1	9.391404	-4178.844
23	2	22.180935	-4222.3213
23	3	-1.143423	-4161.846
23	4	11.672379	-4212.447
23	5	29.726866	-4197.547
23	6	48.85261	-4203.779
23	7	25.220947	-4175.502
23	8	39.644302	-4173.3433
23	10	36.73251	-4158.6567
23	11	-0.48953387	-4143.976
23	12	18.978329	-4143.978
23	13	20.762318	-4156.51
24	1	9.0357685	-4177.2417
24	2	21.64166	-4220.595
24	3	-1.3236289	-4160.857
24	4	11.307347	-4211.2007
24	5	29.726866	-4197.547
24	6	48.85261	-4203.779
24	7	25.220947	-4175.502
24	8	39.644302	-4173.3433
24	10	36.73251	-4158.6567
24	11	-0.4871781	-4143.9595
24	12	18.978329	-4143.978
24	13	20.762318	-4156.51
25	1	8.684503	-4175.654
25	2	21.118818	-4218.911
25	3	-1.4928869	-4159.888
25	4	10.948268	-4209.9653
25	5	29.726866	-4197.547
25	6	48.85261	-4203.779
25	7	25.220947	-4175.502
25	8	39.644302	-4173.3433
25	10	36.73251	-4158.6567
25	11	-0.47891706	-4143.95
25	12	18.978329	-4143.978
25	13	20.762318	-4156.51
26	1	8.342766	-4174.0796
26	2	20.588482	-4217.2056
26	3	-1.660234	-4158.9893
26	4	10.595407	-4208.743
26	5	29.726866	-4197.547
26	6	48.85261	-4203.779
26	7	25.220947	-4175.502
26	8	39.644302	-4173.3433
26	10	36.73251	-4158.6567
26	11	-0.47418755	-4143.9863
26	12	18.978329	-4143.978
26	13	20.762318	-4156.51
27	1	8.010863	-4172.554
27	2	20.075684	-4215.524
27	3	-1.8317683	-4158.074
27	4	10.250573	-4207.533
27	5	29.726866	-4197.547
27	6	48.85261	-4203.779
27	7	25.220947	-4175.502
27	8	39.644302	-4173.3433
27	10	36.73251	-4158.6567
27	11	-0.4799319	-4143.999
27	12	18.978329	-4143.978
27	13	20.762318	-4156.51
28	1	7.6772766	-4171.0093
28	2	19.574265	-4213.8687
28	3	-1.981085	-4157.183
28	4	9.911655	-4206.333
28	5	29.726866	-4197.547
28	6	48.85261	-4203.779
28	7	25.220947	-4175.502
28	8	39.644302	-4173.3433
28	10	36.73251	-4158.6567
28	11	-0.48422855	-4143.991
28	12	18.978329	-4143.978
28	13	20.762318	-4156.51
29	1	7.362021	-4169.505
29	2	19.069593	-4212.2354
29	3	-2.1220357	-4156.3384
29	4	9.578878	-4205.145
29	5	29.726866	-4197.547
29	6	48.85261	-4203.779
29	7	25.220947	-4175.502
29	8	39.644302	-4173.3433
29	10	36.73251	-4158.6567
29	11	-0.48155445	-4144.005
29	12	18.978329	-4143.978
29	13	20.762318	-4156.51
30	1	7.0807757	-4168.0713
30	2	18.583586	-4210.629
30	3	-2.2561088	-4155.505
30	4	9.254423	-4203.9717
30	5	29.726866	-4197.547
30	6	48.85261	-4203.779
30	7	25.220947	-4175.502
30	8	39.644302	-4173.3433
30	10	36.73251	-4158.6567
30	11	-0.48084396	-4143.9873
30	12	18.978329	-4143.978
30	13	20.762318	-4156.51
31	1	6.7803574	-4166.5977
31	2	18.08706	-4209.0186
31	3	-2.3904066	-4154.7217
31	4	8.936285	-4202.8096
31	5	29.726866	-4197.547
31	6	48.85261	-4203.779
31	7	25.220947	-4175.502
31	8	39.644302	-4173.3433
31	10	36.73251	-4158.6567
31	11	-0.47792676	-4143.992
31	12	18.978329	-4143.978
31	13	20.762318	-4156.51
32	1	6.5046363	-4165.1763
32	2	17.601917	-4207.418
32	3	-2.5218403	-4153.9434
32	4	8.624598	-4201.6587
32	5	29.726866	-4197.547
32	6	48.85261	-4203.779
32	7	25.220947	-4175.502
32	8	39.644302	-4173.3433
32	10	36.73251	-4158.6567
32	11	-0.4618942	-4143.98
32	12	18.978329	-4143.978
32	13	20.762318	-4156.51
33	1	6.2376637	-4163.7754
33	2	17.114634	-4205.81
33	3	-2.6616554	-4153.174
33	4	8.320218	-4200.5195
33	5	29.726866	-4197.547
33	6	48.85261	-4203.779
33	7	25.220947	-4175.502
33	8	39.644302	-4173.3433
33	11	-0.46203852	-4143.9897
33	12	18.978329	-4143.978
33	13	20.762318	-4156.51
34	1	5.989318	-4162.4
34	2	16.65685	-4204.2275
34	3	-2.767598	-4152.456
34	4	8.022047	-4199.393
34	5	29.726866	-4197.547
34	6	48.85261	-4203.779
34	7	25.220947	-4175.502
34	8	39.644302	-4173.3433
34	11	-0.46398434	-4144.0034
34	12	18.978329	-4143.978
34	13	20.762318	-4156.51
35	1	5.7453413	-4161.132
35	2	16.179716	-4202.6396
35	3	-2.880984	-4151.7515
35	4	7.7302485	-4198.28
35	5	29.726866	-4197.547
35	6	48.85261	-4203.779
35	7	25.220947	-4175.502
35	8	39.644302	-4173.3433
35	10	36.73251	-4158.6567
35	11	-0.44626546	-4143.9883
35	12	18.978329	-4143.978
35	13	20.762318	-4156.51
36	1	5.505729	-4159.799
36	2	15.725241	-4201.0723
36	3	-2.9898446	-4151.0806
36	4	7.4457607	-4197.179
36	5	29.726866	-4197.547
36	6	48.85261	-4203.779
36	7	25.220947	-4175.502
36	8	39.644302	-4173.3433
36	10	36.73251	-4158.6567
36	11	-0.4484152	-4143.974
36	12	18.978329	-4143.978
36	13	20.762318	-4156.51
37	1	5.2838516	-4158.546
37	2	15.26697	-4199.5103
37	3	-3.0947075	-4150.445
37	4	7.1646624	-4196.091
37	5	29.726866	-4197.547
37	6	48.85261	-4203.779
37	7	25.220947	-4175.502
37	8	39.644302	-4173.3433
37	10	36.73251	-4158.6567
37	11	-0.45003635	-4143.975
37	12	18.978329	-4143.978
37	13	20.762318	-4156.51
38	1	5.0652823	-4157.305
38	2	14.825496	-4197.945
38	3	-3.2032723	-4149.7866
38	4	6.890313	-4195.0137
38	5	29.726866	-4197.547
38	6	48.85261	-4203.779
38	7	25.220947	-4175.502
38	8	39.644302	-4173.3433
38	10	36.73251	-4158.6567
38	11	-0.45278835	-4143.9536
38	12	18.978329	-4143.978
38	13	20.762318	-4156.51
39	1	4.8639054	-4156.0747
39	2	14.385736	-4196.401
39	3	-3.2916665	-4149.19
39	4	6.621762	-4193.9517
39	5	29.726866	-4197.547
39	6	48.85261	-4203.779
39	7	25.220947	-4175.502
39	8	39.644302	-4173.3433
39	10	36.73251	-4158.6567
39	11	-0.44584188	-4143.977
39	12	18.978329	-4143.978
39	13	20.762318	-4156.51
40	1	4.6764274	-4154.9277
40	2	13.957231	-4194.8657
40	3	-3.368031	-4148.623
40	4	6.360147	-4192.9033
40	5	29.726866	-4197.547
40	6	48.85261	-4203.779
40	7	25.220947	-4175.502
40	8	39.644302	-4173.3433
40	10	36.73251	-4158.6567
40	11	-0.44578597	-4143.9565
40	12	18.978329	-4143.978
40	13	20.762318	-4156.51
41	1	4.4892883	-4153.7837
41	2	13.539342	-4193.345
41	3	-3.4454222	-4148.0767
41	4	6.101717	-4191.866
41	5	29.726866	-4197.547
41	6	48.85261	-4203.779
41	7	25.220947	-4175.502
41	8	39.644302	-4173.3433
41	10	36.73251	-4158.6567
41	11	-0.44937205	-4143.9326
41	12	18.978329	-4143.978
41	13	20.762318	-4156.51
42	1	4.329039	-4152.682
42	2	13.124585	-4191.8257
42	3	-3.5244095	-4147.543
42	4	5.849041	-4190.84
42	5	29.726866	-4197.547
42	6	48.85261	-4203.779
42	7	25.220947	-4175.502
42	8	39.644302	-4173.3433
42	10	36.73251	-4158.6567
42	11	-0.44112253	-4143.93
42	12	18.978329	-4143.978
42	13	20.762318	-4156.51
43	1	4.1627173	-4151.6436
43	2	12.724977	-4190.3477
43	3	-3.598596	-4147.055
43	4	5.6004767	-4189.827
43	5	29.726866	-4197.547
43	6	48.85261	-4203.779
43	7	25.220947	-4175.502
43	8	39.644302	-4173.3433
43	10	36.73251	-4158.6567
43	11	-0.44561496	-4143.9175
43	12	18.978329	-4143.978
43	13	20.762318	-4156.51
44	1	4.0257363	-4150.649
44	2	12.339473	-4188.8687
44	3	-3.6679552	-4146.593
44	4	5.357945	-4188.8286
44	5	29.726866	-4197.547
44	6	48.85261	-4203.779
44	7	25.220947	-4175.502
44	8	39.644302	-4173.3433
44	10	36.73251	-4158.6567
44	11	-0.4507348	-4143.9546
44	12	18.978329	-4143.978
44	13	20.762318	-4156.51
45	1	3.888727	-4149.6655
45	2	11.96358	-4187.409
45	3	-3.733327	-4146.1636
45	4	5.120396	-4187.8457
45	5	29.726866	-4197.547
45	6	48.85261	-4203.779
45	7	25.220947	-4175.502
45	8	39.644302	-4173.3433
45	10	36.73251	-4158.6567
45	11	-0.4415171	-4143.9165
45	12	18.978329	-4143.978
45	13	20.762318	-4156.51
46	1	3.754209	-4148.748
46	2	11.595908	-4185.979
46	3	-3.7915723	-4145.7534
46	4	4.8884706	-4186.8745
46	5	29.726866	-4197.547
46	6	48.85261	-4203.779
46	7	25.220947	-4175.502
46	8	39.644302	-4173.3433
46	10	36.73251	-4158.6567
46	11	-0.44249788	-4143.9126
46	12	18.978329	-4143.978
46	13	20.762318	-4156.51
47	1	3.6331263	-4147.888
47	2	11.243513	-4184.569
47	3	-3.8446474	-4145.362
47	4	4.659926	-4185.916
47	5	29.726866	-4197.547
47	6	48.85261	-4203.779
47	7	25.220947	-4175.502
47	8	39.644302	-4173.3433
47	10	36.73251	-4158.6567
47	11	-0.43896407	-4143.881
47	12	18.978329	-4143.978
47	13	20.762318	-4156.51
48	1	3.5160747	-4147.057
48	2	10.894071	-4183.179
48	3	-3.8958414	-4145.0044
48	4	4.4370537	-4184.9717
48	5	29.726866	-4197.547
48	6	48.85261	-4203.779
48	7	25.220947	-4175.502
48	8	39.644302	-4173.3433
48	10	36.73251	-4158.6567
48	11	-0.43689504	-4143.8843
48	12	18.978329	-4143.978
48	13	20.762318	-4156.51
49	1	3.4057336	-4146.284
49	2	10.562632	-4181.821
49	3	-3.9350183	-4144.677
49	4	4.218546	-4184.0415
49	5	29.726866	-4197.547
49	6	48.85261	-4203.779
49	7	25.220947	-4175.502
49	8	39.644302	-4173.3433
49	10	36.73251	-4158.6567
49	11	-0.4315301	-4143.862
49	12	18.978329	-4143.978
49	13	20.762318	-4156.51
50	1	3.3009064	-4145.5684
50	2	10.241976	-4180.4893
50	3	-3.9730382	-4144.37
50	4	4.004369	-4183.1245
50	5	29.726866	-4197.547
50	6	48.85261	-4203.779
50	7	25.220947	-4175.502
50	8	39.644302	-4173.3433
50	10	36.73251	-4158.6567
50	11	-0.42121565	-4143.8735
50	12	18.978329	-4143.978
50	13	20.762318	-4156.51
51	1	3.209595	-4144.884
51	2	9.933987	-4179.18
51	3	-4.012295	-4144.0806
51	4	3.7959912	-4182.221
51	5	29.726866	-4197.547
51	6	48.85261	-4203.779
51	7	25.220947	-4175.502
51	8	39.644302	-4173.3433
51	10	36.73251	-4158.6567
51	11	-0.42019224	-4143.879
51	12	18.978329	-4143.978
51	13	20.762318	-4156.51
51	14	-18.798426	-4108.7915
52	1	3.1201026	-4144.241
52	2	9.628677	-4177.901
52	3	-4.050323	-4143.802
52	4	3.5913777	-4181.333
52	5	29.726866	-4197.547
52	6	48.85261	-4203.779
52	7	25.220947	-4175.502
52	8	39.644302	-4173.3433
52	10	36.73251	-4158.6567
52	11	-0.41153497	-4143.901
52	12	18.978329	-4143.978
52	13	20.762318	-4156.51
52	14	-18.784674	-4108.7866
52	15	-25.475353	-4111.7876
53	1	3.0370677	-4143.6846
53	2	9.34753	-4176.6636
53	3	-4.0810637	-4143.5645
53	4	3.3931832	-4180.458
53	5	29.726866	-4197.547
53	6	48.85261	-4203.779
53	7	25.220947	-4175.502
53	8	39.644302	-4173.3433
53	10	36.73251	-4158.6567
53	11	-0.4097992	-4143.904
53	12	18.978329	-4143.978
53	13	20.762318	-4156.51
53	14	-18.798765	-4108.78
53	15	-25.48559	-4111.8765
54	1	2.968556	-4143.1587
54	2	9.062087	-4175.4272
54	3	-4.109037	-4143.35
54	4	3.1977565	-4179.597
54	5	29.726866	-4197.547
54	7	25.220947	-4175.502
54	8	39.644302	-4173.3433
54	10	36.73251	-4158.6567
54	11	-0.40114492	-4143.907
54	12	18.978329	-4143.978
54	13	20.762318	-4156.51
54	14	-18.811613	-4108.7593
54	15	-25.471226	-4111.8804
55	1	2.9021146	-4142.665
55	2	8.7924795	-4174.2227
55	3	-4.131173	-4143.1587
55	4	3.0087273	-4178.751
55	5	29.726866	-4197.547
55	7	25.220947	-4175.502
55	10	36.73251	-4158.6567
55	11	-0.4015309	-4143.908
55	12	18.978329	-4143.978
55	13	20.762318	-4156.51
55	14	-18.80347	-4108.7354
55	15	-25.465128	-4111.9043
56	1	2.8496835	-4142.2344
56	2	8.542454	-4173.0557
56	3	-4.1492615	-4142.97
56	4	2.825482	-4177.9185
56	5	29.726866	-4197.547
56	6	48.85261	-4203.779
56	7	25.220947	-4175.502
56	10	36.73251	-4158.6567
56	11	-0.40161058	-4143.924
56	12	18.978329	-4143.978
56	13	20.762318	-4156.51
56	14	-18.806158	-4108.729
56	15	-25.449018	-4111.94
57	1	2.7968843	-4141.8506
57	2	8.290987	-4171.9014
57	3	-4.1722546	-4142.822
57	4	2.6441631	-4177.1006
57	5	29.726866	-4197.547
57	6	48.85261	-4203.779
57	7	25.220947	-4175.502
57	8	39.644302	-4173.3433
57	10	36.73251	-4158.6567
57	11	-0.39579552	-4143.925
57	12	18.978329	-4143.978
57	13	20.762318	-4156.51
57	14	-18.809126	-4108.6997
57	15	-25.474514	-4111.9517
58	1	2.751633	-4141.5024
58	2	8.059455	-4170.7905
58	3	-4.180723	-4142.6675
58	4	2.469948	-4176.296
58	5	29.726866	-4197.547
58	6	48.85261	-4203.779
58	7	25.220947	-4175.502
58	8	39.644302	-4173.3433
58	10	36.73251	-4158.6567
58	11	-0.39588454	-4143.9224
58	12	18.978329	-4143.978
58	13	20.762318	-4156.51
58	14	-18.803364	-4108.7227
58	15	-25.469576	-4111.943
59	1	2.7094371	-4141.2036
59	2	7.8326564	-4169.712
59	3	-4.1953506	-4142.547
59	4	2.2993362	-4175.508
59	5	29.726866	-4197.547
59	6	48.85261	-4203.779
59	7	25.220947	-4175.502
59	8	39.644302	-4173.3433
59	10	36.73251	-4158.6567
59	11	-0.39684758	-4143.9326
59	12	18.978329	-4143.978
59	13	20.762318	-4156.51
59	14	-18.805658	-4108.6997
59	15	-25.450155	-4111.9536
60	1	2.6771193	-4140.9424
60	2	7.622084	-4168.684
60	3	-4.209492	-4142.413
60	4	2.1330688	-4174.7344
60	5	29.726866	-4197.547
60	6	48.85261	-4203.779
60	7	25.220947	-4175.502
60	8	39.644302	-4173.3433
60	10	36.73251	-4158.6567
60	11	-0.39368695	-4143.931
60	12	18.978329	-4143.978
60	13	20.762318	-4156.51
60	14	-18.803637	-4108.7036
60	15	-25.443102	-4111.9556
61	1	2.6475585	-4140.6963
61	2	7.4082804	-4167.665
61	3	-4.221079	-4142.327
61	4	1.9721704	-4173.974
61	5	29.726866	-4197.547
61	6	48.85261	-4203.779
61	7	25.220947	-4175.502
61	8	39.644302	-4173.3433
61	10	36.73251	-4158.6567
61	11	-0.39148712	-4143.943
61	12	18.978329	-4143.978
61	13	20.762318	-4156.51
61	14	-18.799837	-4108.7256
61	15	-25.447775	-4111.9575
62	1	2.6246505	-4140.509
62	2	7.2110853	-4166.682
62	3	-4.226649	-4142.236
62	4	1.8136312	-4173.229
62	5	29.726866	-4197.547
62	6	48.85261	-4203.779
62	7	25.220947	-4175.502
62	8	39.644302	-4173.3433
62	10	36.73251	-4158.6567
62	11	-0.39153546	-4143.9424
62	12	18.978329	-4143.978
62	13	20.762318	-4156.51
62	14	-18.794855	-4108.737
62	15	-25.45279	-4111.9097
63	1	2.6003456	-4140.333
63	2	7.0228686	-4165.722
63	3	-4.233708	-4142.1665
63	4	1.6605206	-4172.499
63	5	29.726866	-4197.547
63	6	48.85261	-4203.779
63	7	25.220947	-4175.502
63	8	39.644302	-4173.3433
63	10	36.73251	-4158.6567
63	11	-0.39772174	-4143.9443
63	12	18.978329	-4143.978
63	13	20.762318	-4156.51
63	14	-18.791162	-4108.733
63	15	-25.43514	-4111.9253
64	1	2.5858088	-4140.192
64	2	6.8505263	-4164.8247
64	3	-4.2359676	-4142.1123
64	4	1.5114411	-4171.7837
64	5	29.726866	-4197.547
64	6	48.85261	-4203.779
64	7	25.220947	-4175.502
64	8	39.644302	-4173.3433
64	10	36.73251	-4158.6567
64	11	-0.39970598	-4143.9346
64	12	18.978329	-4143.978
64	13	20.762318	-4156.51
64	14	-18.791363	-4108.737
64	15	-25.43691	-4111.9214
65	1	2.57631	-4140.0723
65	2	6.6766233	-4163.9233
65	3	-4.2403216	-4142.0693
65	4	1.3654898	-4171.0825
65	5	29.726866	-4197.547
65	6	48.85261	-4203.779
65	7	25.220947	-4175.502
65	8	39.644302	-4173.3433
65	10	36.73251	-4158.6567
65	11	-0.40625542	-4143.9546
65	12	18.978329	-4143.978
65	13	20.762318	-4156.51
65	14	-18.786917	-4108.7246
65	15	-25.427748	-4111.9487
66	1	2.5573518	-4139.967
66	2	6.518907	-4163.0796
66	3	-4.2398214	-4142.026
66	4	1.2233629	-4170.3955
66	5	29.726866	-4197.547
66	6	48.85261	-4203.779
66	7	25.220947	-4175.502
66	8	39.644302	-4173.3433
66	10	36.73251	-4158.6567
66	11	-0.4057191	-4143.951
66	12	18.978329	-4143.978
66	13	20.762318	-4156.51
66	14	-18.779644	-4108.7456
66	15	-25.418568	-4111.9536
66	16	-19.915907	-4096.6685
66	17	-22.903908	-4098.905
66	22	-35.475716	-4106.3276
67	1	2.5412607	-4139.855
67	2	6.362613	-4162.265
67	3	-4.2427545	-4141.996
67	4	1.0848644	-4169.7227
67	5	29.726866	-4197.547
67	6	48.85261	-4203.779
67	7	25.220947	-4175.502
67	8	39.644302	-4173.3433
67	10	36.73251	-4158.6567
67	11	-0.40656897	-4143.9478
67	12	18.978329	-4143.978
67	13	20.762318	-4156.51
67	14	-18.78063	-4108.7046
67	15	-25.416145	-4111.962
67	16	-19.960007	-4096.6816
67	18	21.956411	-4243.489
67	19	27.899166	-4098.182
67	22	-35.51609	-4105.9043
68	1	2.5311975	-4139.776
68	2	6.214112	-4161.479
68	3	-4.2355776	-4141.979
68	4	0.94983405	-4169.0635
68	5	29.726866	-4197.547
68	6	48.85261	-4203.779
68	7	25.220947	-4175.502
68	8	39.644302	-4173.3433
68	10	36.73251	-4158.6567
68	11	-0.405033	-4143.961
68	12	18.978329	-4143.978
68	13	20.762318	-4156.51
68	14	-18.774471	-4108.7554
68	15	-25.40962	-4111.942
68	16	-19.976854	-4096.687
68	17	-22.869864	-4099.94
68	18	21.371788	-4241.8687
68	19	27.899166	-4098.182
68	22	-35.379253	-4105.5522
69	1	2.523326	-4139.698
69	2	6.0724783	-4160.726
69	3	-4.232283	-4141.9595
69	4	0.8177424	-4168.4194
69	5	29.726866	-4197.547
69	6	48.85261	-4203.779
69	7	25.220947	-4175.502
69	8	39.644302	-4173.3433
69	10	36.73251	-4158.6567
69	11	-0.4051882	-4143.9585
69	12	18.978329	-4143.978
69	13	20.762318	-4156.51
69	14	-18.76889	-4108.741
69	15	-25.3961	-4111.9697
69	16	-19.963833	-4096.694
69	17	-22.836748	-4100.347
69	18	20.816963	-4240.2856
69	19	27.899166	-4098.182
69	22	-35.402493	-4104.8896
70	1	2.512833	-4139.6323
70	2	5.938894	-4159.995
70	3	-4.2323437	-4141.9624
70	4	0.6904346	-4167.789
70	5	29.726866	-4197.547
70	6	48.85261	-4203.779
70	7	25.220947	-4175.502
70	8	39.644302	-4173.3433
70	10	36.73251	-4158.6567
70	11	-0.39974168	-4143.971
70	12	18.978329	-4143.978
70	13	20.762318	-4156.51
70	14	-18.768412	-4108.7393
70	15	-25.426424	-4111.9243
70	16	-19.938715	-4096.709
70	17	-22.804495	-4100.826
70	18	20.251408	-4238.6753
70	19	27.899166	-4098.182
70	22	-35.45345	-4104.303
71	1	2.5066721	-4139.578
71	2	5.8135614	-4159.329
71	3	-4.230819	-4141.9546
71	4	0.56562257	-4167.173
71	5	29.726866	-4197.547
71	6	48.85261	-4203.779
71	7	25.220947	-4175.502
71	8	39.644302	-4173.3433
71	10	36.73251	-4158.6567
71	11	-0.40002605	-4143.9854
71	12	18.978329	-4143.978
71	14	-18.767742	-4108.75
71	15	-25.41793	-4111.949
71	16	-19.952524	-4096.6987
71	17	-22.792458	-4101.321
71	18	19.68153	-4237.0933
71	19	27.899166	-4098.182
71	23	-35.57514	-4103.7393
72	1	2.498029	-4139.5176
72	2	5.697251	-4158.6577
72	3	-4.22907	-4141.954
72	4	0.44370183	-4166.57
72	5	29.726866	-4197.547
72	6	48.85261	-4203.779
72	7	25.220947	-4175.502
72	8	39.644302	-4173.3433
72	10	36.73251	-4158.6567
72	11	-0.39724377	-4143.976
72	12	18.978329	-4143.978
72	13	20.762318	-4156.51
72	14	-18.768812	-4108.7534
72	15	-25.416447	-4111.937
72	16	-19.94602	-4096.72
72	17	-22.76695	-4101.7646
72	18	19.136864	-4235.536
72	19	27.899166	-4098.182
72	23	-35.665882	-4102.926
73	1	2.4920425	-4139.4834
73	2	5.582122	-4158.034
73	3	-4.2268376	-4141.9473
73	4	0.3251205	-4165.9814
73	5	29.726866	-4197.547
73	6	48.85261	-4203.779
73	7	25.220947	-4175.502
73	8	39.644302	-4173.3433
73	10	36.73251	-4158.6567
73	11	-0.39216575	-4143.9854
73	12	18.978329	-4143.978
73	13	20.762318	-4156.51
73	14	-18.758457	-4108.7812
73	15	-25.40995	-4111.964
73	16	-19.94238	-4096.731
73	17	-22.741282	-4102.1914
73	18	18.604666	-4234.0317
73	19	27.899166	-4098.182
73	23	-35.65998	-4102.2964
74	1	2.492892	-4139.4487
74	2	5.475818	-4157.4316
74	3	-4.2245293	-4141.9453
74	4	0.21059488	-4165.4067
74	5	29.726866	-4197.547
74	6	48.85261	-4203.779
74	7	25.220947	-4175.502
74	8	39.644302	-4173.3433
74	10	36.73251	-4158.6567
74	11	-0.393796	-4143.989
74	12	18.978329	-4143.978
74	13	20.762318	-4156.51
74	14	-18.761864	-4108.779
74	15	-25.405611	-4111.9478
74	16	-19.942135	-4096.735
74	17	-22.71077	-4102.69
74	18	18.083828	-4232.53
74	19	27.899166	-4098.182
74	22	-35.687416	-4101.761
75	1	2.488587	-4139.4272
75	2	5.381807	-4156.871
75	3	-4.2232513	-4141.948
75	4	0.09882142	-4164.845
75	5	29.726866	-4197.547
75	6	48.85261	-4203.779
75	7	25.220947	-4175.502
75	8	39.644302	-4173.3433
75	10	36.73251	-4158.6567
75	11	-0.3860461	-4143.996
75	12	18.978329	-4143.978
75	14	-18.752062	-4108.7983
75	15	-25.389765	-4111.995
75	16	-19.938082	-4096.736
75	17	-22.675278	-4103.1357
75	18	17.572443	-4231.027
75	19	27.899166	-4098.182
75	22	-35.682957	-4101.1875
76	1	2.4882443	-4139.4004
76	2	5.282731	-4156.3237
76	3	-4.2197866	-4141.948
76	4	-0.011009695	-4164.299
76	5	29.726866	-4197.547
76	6	48.85261	-4203.779
76	7	25.220947	-4175.502
76	8	39.644302	-4173.3433
76	10	36.73251	-4158.6567
76	11	-0.38397142	-4144.0127
76	12	18.978329	-4143.978
76	14	-18.75063	-4108.808
76	15	-25.381075	-4112.0137
76	16	-19.941805	-4096.7397
76	17	-22.632704	-4103.5845
76	18	17.069113	-4229.5254
76	19	27.899166	-4098.182
76	22	-35.761356	-4100.455
77	1	2.4864876	-4139.376
77	2	5.1947856	-4155.811
77	3	-4.213991	-4141.9414
77	4	-0.11608644	-4163.764
77	5	29.726866	-4197.547
77	6	48.85261	-4203.779
77	7	25.220947	-4175.502
77	8	39.644302	-4173.3433
77	10	36.73251	-4158.6567
77	11	-0.38540423	-4144.004
77	12	18.978329	-4143.978
77	14	-18.749771	-4108.7886
77	15	-25.377356	-4112.026
77	16	-19.93986	-4096.7227
77	17	-22.590036	-4104.0337
77	18	16.556986	-4228.027
77	19	27.899166	-4098.182
77	20	20.89534	-4156.5283
77	21	27.234667	-4092.2566
77	23	-35.80646	-4099.8604
78	1	2.485664	-4139.3613
78	2	5.106059	-4155.3286
78	3	-4.2129188	-4141.9414
78	4	-0.21966933	-4163.2427
78	5	29.726866	-4197.547
78	6	48.85261	-4203.779
78	7	25.220947	-4175.502
78	8	39.644302	-4173.3433
78	11	-0.38311622	-4143.995
78	12	18.978329	-4143.978
78	14	-18.745039	-4108.8105
78	15	-25.380024	-4111.9893
78	16	-19.936115	-4096.7314
78	17	-22.554323	-4104.4404
78	18	16.045315	-4226.502
78	19	27.899166	-4098.182
78	20	20.89534	-4156.5283
78	21	27.234667	-4092.2566
78	22	-35.855526	-4099.3125
79	1	2.4834461	-4139.3413
79	2	5.029065	-4154.865
79	3	-4.2139034	-4141.9365
79	4	-0.3193297	-4162.735
79	5	29.726866	-4197.547
79	6	48.85261	-4203.779
79	7	25.220947	-4175.502
79	8	39.644302	-4173.3433
79	11	-0.38407457	-4143.995
79	12	18.978329	-4143.978
79	14	-18.744286	-4108.8184
79	15	-25.374578	-4111.9976
79	16	-19.938784	-4096.774
79	17	-22.511398	-4104.8403
79	18	15.574355	-4225.0576
79	19	27.899166	-4098.182
79	20	20.89534	-4156.5283
79	21	27.234667	-4092.2566
79	22	-35.91849	-4098.643
80	1	2.481513	-4139.33
80	2	4.9417534	-4154.4155
80	3	-4.2122784	-4141.93
80	4	-0.41541797	-4162.2393
80	5	29.726866	-4197.547
80	6	48.85261	-4203.779
80	7	25.220947	-4175.502
80	8	39.644302	-4173.3433
80	11	-0.38620448	-4143.988
80	12	18.978329	-4143.978
80	14	-18.743511	-4108.807
80	15	-25.372622	-4111.992
80	16	-19.927979	-4096.785
80	17	-22.483187	-4105.241
80	18	15.126357	-4223.6455
80	19	27.899166	-4098.182
80	20	20.89534	-4156.5283
80	21	27.234667	-4092.2566
80	22	-36.040142	-4098.0527
81	1	2.4800093	-4139.3076
81	2	4.8701997	-4153.9927
81	3	-4.211782	-4141.9165
81	4	-0.5103045	-4161.758
81	5	29.726866	-4197.547
81	6	48.85261	-4203.779
81	7	25.220947	-4175.502
81	8	39.644302	-4173.3433
81	11	-0.38685623	-4143.9614
81	12	18.978329	-4143.978
81	14	-18.744022	-4108.8096
81	15	-25.368551	-4112.0225
81	16	-19.92729	-4096.7715
81	17	-22.440773	-4105.6416
81	18	14.655087	-4222.2114
81	19	27.899166	-4098.182
81	20	20.89534	-4156.5283
81	21	27.234667	-4092.2566
81	23	-36.04139	-4097.3906
82	1	2.4739609	-4139.28
82	2	4.808524	-4153.58
82	3	-4.2093287	-4141.911
82	4	-0.60042053	-4161.288
82	5	29.726866	-4197.547
82	6	48.85261	-4203.779
82	7	25.220947	-4175.502
82	8	39.644302	-4173.3433
82	11	-0.38975355	-4143.9463
82	12	18.978329	-4143.978
82	14	-18.742147	-4108.812
82	15	-25.383041	-4111.982
82	16	-19.9187	-4096.808
82	17	-22.407227	-4106.0645
82	18	14.1750145	-4220.7534
82	19	27.899166	-4098.182
82	20	20.89534	-4156.5283
82	21	27.234667	-4092.2566
82	23	-36.04435	-4096.7656
83	1	2.474142	-4139.2427
83	2	4.7388363	-4153.205
83	3	-4.2089458	-4141.902
83	4	-0.6874525	-4160.832
83	5	29.726866	-4197.547
83	6	48.85261	-4203.779
83	7	25.220947	-4175.502
83	8	39.644302	-4173.3433
83	11	-0.38846573	-4143.9277
83	12	18.978329	-4143.978
83	14	-18.739147	-4108.8315
83	15	-25.385056	-4112.0156
83	16	-19.918602	-4096.842
83	17	-22.3732	-4106.456
83	18	13.727269	-4219.3687
83	19	27.899166	-4098.182
83	20	20.89534	-4156.5283
83	21	27.234667	-4092.2566
83	23	-36.11489	-4096.0483
84	1	2.4649775	-4139.2017
84	2	4.6688657	-4152.8447
84	3	-4.210097	-4141.8916
84	4	-0.77344173	-4160.3887
84	5	29.726866	-4197.547
84	6	48.85261	-4203.779
84	7	25.220947	-4175.502
84	8	39.644302	-4173.3433
84	11	-0.38939214	-4143.8994
84	12	18.978329	-4143.978
84	14	-18.73799	-4108.8335
84	15	-25.380087	-4112.0073
84	16	-19.924131	-4096.8535
84	17	-22.332773	-4106.8286
84	18	13.272485	-4217.954
84	19	27.899166	-4098.182
84	20	20.89534	-4156.5283
84	21	27.234667	-4092.2566
84	23	-36.15623	-4095.592
84	24	36.84854	-4158.638
85	1	2.461494	-4139.1367
85	2	4.6153474	-4152.5005
85	3	-4.2118335	-4141.878
85	4	-0.8556921	-4159.956
85	5	29.726866	-4197.547
85	6	48.85261	-4203.779
85	7	25.220947	-4175.502
85	8	39.644302	-4173.3433
85	11	-0.3943982	-4143.861
85	12	18.978329	-4143.978
85	14	-18.73403	-4108.874
85	15	-25.378181	-4112.0415
85	16	-19.924658	-4096.8887
85	17	-22.306309	-4107.1753
85	18	12.824406	-4216.5425
85	19	27.899166	-4098.182
85	20	20.89534	-4156.5283
85	21	27.234667	-4092.2566
85	23	-36.173943	-4095.056
85	24	36.84854	-4158.638
85	25	-19.994535	-4085.3708
86	1	2.4503074	-4139.056
86	2	4.5609994	-4152.1943
86	3	-4.213282	-4141.865
86	4	-0.93611157	-4159.536
86	5	29.726866	-4197.547
86	6	48.85261	-4203.779
86	7	25.220947	-4175.502
86	8	39.644302	-4173.3433
86	11	-0.40285748	-4143.8135
86	12	18.978329	-4143.978
86	14	-18.725256	-4108.9087
86	15	-25.378513	-4112.046
86	16	-19.918673	-4096.9487
86	17	-22.264277	-4107.539
86	18	12.3747015	-4215.132
86	19	27.899166	-4098.182
86	20	20.89534	-4156.5283
86	21	27.234667	-4092.2566
86	23	-36.22308	-4094.3323
86	24	36.84854	-4158.638
86	25	-19.999462	-4085.4277
87	1	2.4364717	-4138.9697
87	2	4.5131865	-4151.8975
87	3	-4.215685	-4141.8403
87	4	-1.0141394	-4159.128
87	5	29.726866	-4197.547
87	6	48.85261	-4203.779
87	7	25.220947	-4175.502
87	8	39.644302	-4173.3433
87	11	-0.40801	-4143.775
87	12	18.978329	-4143.978
87	14	-18.714222	-4108.932
87	15	-25.374567	-4112.068
87	16	-19.917852	-4096.9883
87	17	-22.230797	-4107.865
87	18	11.974068	-4213.8486
87	19	27.899166	-4098.182
87	20	20.89534	-4156.5283
87	21	27.234667	-4092.2566
87	22	-36.772274	-4094.6592
87	23	-36.21313	-4093.7178
87	24	36.84854	-4158.638
87	25	-20.010612	-4085.4854
88	1	2.4167519	-4138.84
88	2	4.461448	-4151.614
88	3	-4.2149363	-4141.8115
88	4	-1.0890087	-4158.731
88	5	29.726866	-4197.547
88	6	48.85261	-4203.779
88	7	25.220947	-4175.502
88	8	39.644302	-4173.3433
88	11	-0.416327	-4143.7207
88	12	18.978329	-4143.978
88	14	-18.71115	-4108.9814
88	15	-25.367884	-4112.087
88	16	-19.914108	-4097.0195
88	17	-22.197123	-4108.1973
88	18	11.568924	-4212.593
88	19	27.899166	-4098.182
88	20	20.89534	-4156.5283
88	21	27.234667	-4092.2566
88	23	-36.33916	-4093.2317
88	24	36.84854	-4158.638
88	25	-20.049429	-4085.515
89	1	2.398705	-4138.6953
89	2	4.4264445	-4151.368
89	3	-4.2225394	-4141.7837
89	4	-1.1627555	-4158.3447
89	5	29.726866	-4197.547
89	6	48.85261	-4203.779
89	7	25.220947	-4175.502
89	8	39.644302	-4173.3433
89	11	-0.43078414	-4143.6416
89	12	18.978329	-4143.978
89	14	-18.69846	-4109.031
89	15	-25.366364	-4112.1235
89	16	-19.905718	-4097.06
89	17	-22.177546	-4108.5083
89	18	11.198081	-4211.3594
89	19	27.899166	-4098.182
89	20	20.89534	-4156.5283
89	21	27.234667	-4092.2566
89	24	36.84854	-4158.638
89	25	-20.07683	-4085.5273
90	1	2.3751264	-4138.515
90	2	4.373665	-4151.1113
90	3	-4.2285953	-4141.7173
90	4	-1.2337048	-4157.97
90	5	29.726866	-4197.547
90	6	48.85261	-4203.779
90	7	25.220947	-4175.502
90	8	39.644302	-4173.3433
90	11	-0.44044065	-4143.566
90	12	18.978329	-4143.978
90	14	-18.688204	-4109.103
90	15	-25.357	-4112.193
90	16	-19.902199	-4097.1187
90	17	-22.152023	-4108.7935
90	18	10.824466	-4210.161
90	19	27.899166	-4098.182
90	20	20.89534	-4156.5283
90	21	27.234667	-4092.2566
90	24	36.84854	-4158.638
90	25	-20.031918	-4085.5266
