0	1	5076.779	4676.585
0	2	5156.2847	4676.684
0	3	5094.4663	4678.268
0	4	5099.344	4676.1265
0	5	5083.316	4668.3027
0	6	5085.7695	4665.688
0	7	5097.7393	4660.0806
0	8	5077.2393	4665.519
0	9	5097.849	4656.663
0	10	5083.0435	4654.9053
0	11	5076.9883	4649.818
0	12	5115.7524	4713.5312
0	13	5098.649	4641.3784
0	14	5077.001	4644.778
0	15	5056.395	4683.2373
0	16	5076.8784	4639.638
0	17	5100.22	4635.5103
0	18	5146.8433	4659.153
0	19	5150.7256	4675.025
0	20	5120.904	4729.6675
0	21	5158.86	4680.9014
0	22	5025.3975	4677.7896
0	26	5101.8833	4631.118
1	1	5077.093	4676.501
1	2	5156.239	4676.753
1	3	5094.4663	4678.268
1	4	5099.284	4676.218
1	5	5083.316	4668.3027
1	6	5085.7695	4665.688
1	7	5097.7393	4660.0806
1	8	5077.2393	4665.519
1	9	5097.849	4656.663
1	10	5083.0435	4654.9053
1	11	5076.9883	4649.818
1	12	5113.5938	4713.559
1	13	5098.649	4641.3784
1	14	5077.001	4644.778
1	15	5056.395	4683.2373
1	16	5076.8784	4639.638
1	17	5100.306	4635.4644
1	18	5146.8433	4659.153
1	19	5150.7256	4675.025
1	20	5120.904	4729.6675
1	21	5158.86	4680.9014
1	22	5025.3975	4677.7896
1	26	5101.8833	4631.118
2	1	5077.4043	4676.4194
2	2	5156.219	4676.7974
2	3	5094.4663	4678.268
2	4	5099.2373	4676.3306
2	5	5083.316	4668.3027
2	6	5085.7695	4665.688
2	7	5097.7393	4660.0806
2	8	5077.2393	4665.519
2	9	5097.849	4656.663
2	10	5083.0435	4654.9053
2	11	5076.9883	4649.818
2	12	5111.419	4713.586
2	13	5098.649	4641.3784
2	14	5077.001	4644.778
2	15	5056.395	4683.2373
2	16	5076.8784	4639.638
2	17	5100.576	4635.455
2	18	5146.8433	4659.153
2	19	5150.7256	4675.025
2	20	5120.904	4729.6675
2	21	5158.86	4680.9014
2	22	5025.3975	4677.7896
2	26	5101.8833	4631.118
3	1	5077.702	4676.352
3	2	5156.1807	4676.793
3	3	5094.4663	4678.268
3	4	5099.1836	4676.441
3	5	5083.316	4668.3027
3	6	5085.7695	4665.688
3	7	5097.7393	4660.0806
3	8	5077.2393	4665.519
3	9	5097.849	4656.663
3	10	5083.0435	4654.9053
3	11	5076.9883	4649.818
3	12	5109.291	4713.604
3	13	5098.649	4641.3784
3	14	5077.001	4644.778
3	15	5056.395	4683.2373
3	16	5076.8784	4639.638
3	17	5100.866	4635.5244
3	18	5146.8433	4659.153
3	19	5150.7256	4675.025
3	20	5120.904	4729.6675
3	21	5158.86	4680.9014
3	22	5025.3975	4677.7896
3	26	5101.8833	4631.118
4	1	5078.019	4676.2817
4	2	5156.1357	4676.7983
4	3	5094.4663	4678.268
4	4	5099.1304	4676.5596
4	5	5083.316	4668.3027
4	6	5085.7695	4665.688
4	7	5097.7393	4660.0806
4	8	5077.2393	4665.519
4	9	5097.849	4656.663
4	10	5083.0435	4654.9053
4	11	5076.9883	4649.818
4	12	5107.118	4713.631
4	13	5098.649	4641.3784
4	14	5077.001	4644.778
4	15	5056.395	4683.2373
4	16	5076.8784	4639.638
4	17	5101.036	4635.5225
4	18	5146.8433	4659.153
4	19	5150.7256	4675.025
4	20	5120.904	4729.6675
4	21	5158.86	4680.9014
4	22	5025.3975	4677.7896
4	26	5101.8833	4631.118
5	1	5078.3086	4676.2246
5	2	5156.0923	4676.7983
5	3	5094.4663	4678.268
5	4	5099.0923	4676.681
5	5	5083.316	4668.3027
5	6	5085.7695	4665.688
5	7	5097.7393	4660.0806
5	8	5077.2393	4665.519
5	9	5097.849	4656.663
5	10	5083.0435	4654.9053
5	11	5076.9883	4649.818
5	12	5104.9795	4713.6484
5	13	5098.649	4641.3784
5	14	5077.001	4644.778
5	15	5056.395	4683.2373
5	16	5076.8784	4639.638
5	17	5101.3047	4635.5093
5	18	5146.8433	4659.153
5	19	5150.7256	4675.025
5	20	5120.904	4729.6675
5	21	5158.86	4680.9014
5	22	5025.3975	4677.7896
5	26	5101.8833	4631.118
6	1	5078.612	4676.167
6	2	5156.0303	4676.818
6	3	5094.4663	4678.268
6	4	5099.065	4676.7974
6	5	5083.316	4668.3027
6	6	5085.7695	4665.688
6	7	5097.7393	4660.0806
6	8	5077.2393	4665.519
6	9	5097.849	4656.663
6	10	5083.0435	4654.9053
6	11	5076.9883	4649.818
6	12	5102.808	4713.6787
6	13	5098.649	4641.3784
6	14	5077.001	4644.778
6	15	5056.395	4683.2373
6	16	5076.8784	4639.638
6	17	5101.3247	4635.5073
6	18	5146.8433	4659.153
6	19	5150.7256	4675.025
6	20	5120.904	4729.6675
6	21	5158.86	4680.9014
6	22	5025.3975	4677.7896
6	26	5101.8833	4631.118
7	1	5078.9165	4676.109
7	2	5155.9814	4676.8223
7	3	5094.4663	4678.268
7	4	5099.0107	4676.938
7	5	5083.316	4668.3027
7	6	5085.7695	4665.688
7	7	5097.7393	4660.0806
7	8	5077.2393	4665.519
7	9	5097.849	4656.663
7	10	5083.0435	4654.9053
7	11	5076.9883	4649.818
7	12	5100.643	4713.698
7	13	5098.649	4641.3784
7	14	5077.001	4644.778
7	15	5056.395	4683.2373
7	16	5076.8784	4639.638
7	17	5101.491	4635.502
7	18	5146.8433	4659.153
7	19	5150.7256	4675.025
7	20	5120.904	4729.6675
7	21	5158.86	4680.9014
7	22	5025.3975	4677.7896
8	1	5079.223	4676.0566
8	2	5155.912	4676.845
8	3	5094.4663	4678.268
8	4	5098.951	4677.05
8	5	5083.316	4668.3027
8	6	5085.7695	4665.688
8	7	5097.7393	4660.0806
8	8	5077.2393	4665.519
8	9	5097.849	4656.663
8	10	5083.0435	4654.9053
8	11	5076.9883	4649.818
8	12	5098.507	4713.7163
8	13	5098.649	4641.3784
8	14	5077.001	4644.778
8	15	5056.395	4683.2373
8	16	5076.8784	4639.638
8	17	5101.6157	4635.4683
8	18	5146.8433	4659.153
8	19	5150.7256	4675.025
8	20	5120.904	4729.6675
8	21	5158.86	4680.9014
8	22	5025.3975	4677.7896
9	1	5079.523	4676.008
9	2	5155.8506	4676.856
9	3	5094.4663	4678.268
9	4	5098.8857	4677.1616
9	5	5083.316	4668.3027
9	6	5085.7695	4665.688
9	7	5097.7393	4660.0806
9	8	5077.2393	4665.519
9	9	5097.849	4656.663
9	10	5083.0435	4654.9053
9	11	5076.9883	4649.818
9	12	5096.3555	4713.7314
9	13	5098.649	4641.3784
9	14	5077.001	4644.778
9	15	5056.395	4683.2373
9	16	5076.8784	4639.638
9	17	5101.7275	4635.4663
9	18	5146.8433	4659.153
9	19	5150.7256	4675.025
9	20	5120.904	4729.6675
9	21	5158.86	4680.9014
9	22	5025.3975	4677.7896
10	1	5079.823	4675.957
10	2	5155.7944	4676.8604
10	3	5094.4663	4678.268
10	4	5098.8447	4677.2886
10	5	5083.316	4668.3027
10	6	5085.7695	4665.688
10	7	5097.7393	4660.0806
10	8	5077.2393	4665.519
10	9	5097.849	4656.663
10	10	5083.0435	4654.9053
10	11	5076.9883	4649.818
10	12	5094.201	4713.7656
10	13	5098.649	4641.3784
10	14	5077.001	4644.778
10	15	5056.395	4683.2373
10	16	5076.8784	4639.638
10	17	5101.7524	4635.467
10	18	5146.8433	4659.153
10	19	5150.7256	4675.025
10	20	5120.904	4729.6675
10	21	5158.86	4680.9014
10	22	5025.3975	4677.7896
11	1	5080.115	4675.913
11	2	5155.733	4676.868
11	3	5094.4663	4678.268
11	4	5098.7915	4677.3955
11	5	5083.316	4668.3027
11	6	5085.7695	4665.688
11	7	5097.7393	4660.0806
11	8	5077.2393	4665.519
11	9	5097.849	4656.663
11	10	5083.0435	4654.9053
11	11	5076.9883	4649.818
11	12	5092.068	4713.771
11	13	5098.649	4641.3784
11	14	5077.001	4644.778
11	15	5056.395	4683.2373
11	16	5076.8784	4639.638
11	18	5146.8433	4659.153
11	19	5150.7256	4675.025
11	20	5120.904	4729.6675
11	21	5158.86	4680.9014
11	22	5025.3975	4677.7896
12	1	5080.4077	4675.867
12	2	5155.6523	4676.878
12	3	5094.4663	4678.268
12	4	5098.737	4677.5024
12	5	5083.316	4668.3027
12	6	5085.7695	4665.688
12	7	5097.7393	4660.0806
12	8	5077.2393	4665.519
12	9	5097.849	4656.663
12	10	5083.0435	4654.9053
12	11	5076.9883	4649.818
12	12	5089.9243	4713.7974
12	13	5098.649	4641.3784
12	14	5077.001	4644.778
12	15	5056.395	4683.2373
12	16	5076.8784	4639.638
12	18	5146.8433	4659.153
12	19	5150.7256	4675.025
12	20	5120.904	4729.6675
12	21	5158.86	4680.9014
12	22	5025.3975	4677.7896
13	1	5080.7104	4675.8193
13	2	5155.5654	4676.8765
13	3	5094.4663	4678.268
13	4	5098.6865	4677.6045
13	5	5083.316	4668.3027
13	6	5085.7695	4665.688
13	7	5097.7393	4660.0806
13	8	5077.2393	4665.519
13	9	5097.849	4656.663
13	10	5083.0435	4654.9053
13	11	5076.9883	4649.818
13	12	5087.801	4713.8037
13	13	5098.649	4641.3784
13	14	5077.001	4644.778
13	15	5056.395	4683.2373
13	16	5076.8784	4639.638
13	18	5146.8433	4659.153
13	19	5150.7256	4675.025
13	20	5120.904	4729.6675
13	21	5158.86	4680.9014
13	22	5025.3975	4677.7896
14	1	5081.0156	4675.7725
14	2	5155.4863	4676.8604
14	3	5094.4663	4678.268
14	4	5098.642	4677.7134
14	5	5083.316	4668.3027
14	6	5085.7695	4665.688
14	7	5097.7393	4660.0806
14	8	5077.2393	4665.519
14	9	5097.849	4656.663
14	10	5083.0435	4654.9053
14	11	5076.9883	4649.818
14	12	5085.6885	4713.785
14	13	5098.649	4641.3784
14	14	5077.001	4644.778
14	15	5056.395	4683.2373
14	16	5076.8784	4639.638
14	17	5102.232	4635.419
14	18	5146.8433	4659.153
14	19	5150.7256	4675.025
14	20	5120.904	4729.6675
14	21	5158.86	4680.9014
14	22	5025.3975	4677.7896
15	1	5081.3027	4675.727
15	2	5155.4126	4676.8633
15	3	5094.4663	4678.268
15	4	5098.582	4677.8286
15	5	5083.316	4668.3027
15	6	5085.7695	4665.688
15	7	5097.7393	4660.0806
15	8	5077.2393	4665.519
15	9	5097.849	4656.663
15	10	5083.0435	4654.9053
15	11	5076.9883	4649.818
15	12	5083.581	4713.7935
15	13	5098.649	4641.3784
15	14	5077.001	4644.778
15	15	5056.395	4683.2373
15	16	5076.8784	4639.638
15	18	5146.8433	4659.153
15	19	5150.7256	4675.025
15	20	5120.904	4729.6675
15	21	5158.86	4680.9014
15	22	5025.3975	4677.7896
15	24	5159.159	4674.7925
16	1	5081.594	4675.684
16	2	5155.322	4676.879
16	3	5094.467	4678.268
16	4	5098.512	4677.9453
16	5	5083.316	4668.3027
16	6	5085.7695	4665.688
16	7	5097.7393	4660.0806
16	8	5077.2393	4665.519
16	9	5097.849	4656.663
16	10	5083.0435	4654.9053
16	11	5076.9883	4649.818
16	12	5081.3276	4713.846
16	13	5098.649	4641.3784
16	14	5077.001	4644.778
16	15	5056.395	4683.2373
16	16	5076.8784	4639.638
16	18	5146.8433	4659.153
16	19	5150.7256	4675.025
16	20	5120.904	4729.6675
16	21	5158.86	4680.9014
16	22	5025.3975	4677.7896
16	24	5159.159	4674.7925
17	1	5081.888	4675.635
17	2	5155.232	4676.8994
17	3	5094.467	4678.268
17	4	5098.4585	4678.057
17	5	5083.316	4668.3027
17	6	5085.7695	4665.688
17	7	5097.7393	4660.0806
17	8	5077.2393	4665.519
17	9	5097.849	4656.663
17	10	5083.0435	4654.9053
17	11	5076.9883	4649.818
17	13	5098.649	4641.3784
17	14	5077.001	4644.778
17	15	5056.395	4683.2373
17	16	5076.8784	4639.638
17	18	5146.8433	4659.153
17	19	5150.7256	4675.025
17	20	5120.904	4729.6675
17	21	5158.86	4680.9014
17	22	5025.3975	4677.7896
17	24	5159.159	4674.7925
18	1	5082.1855	4675.588
18	2	5155.1313	4676.9136
18	3	5094.4663	4678.268
18	4	5098.374	4678.1694
18	5	5083.316	4668.3027
18	6	5085.7695	4665.688
18	7	5097.7393	4660.0806
18	8	5077.2393	4665.519
18	9	5097.849	4656.663
18	10	5083.0435	4654.9053
18	11	5076.9883	4649.818
18	13	5098.649	4641.3784
18	14	5077.001	4644.778
18	15	5056.395	4683.2373
18	16	5076.8784	4639.638
18	18	5146.8433	4659.153
18	19	5150.7256	4675.025
18	20	5120.904	4729.6675
18	21	5158.86	4680.9014
18	22	5025.3975	4677.7896
18	24	5159.159	4674.7925
19	1	5082.477	4675.5366
19	2	5155.054	4676.9434
19	3	5094.467	4678.268
19	4	5098.301	4678.2876
19	5	5083.316	4668.3027
19	6	5085.7695	4665.688
19	7	5097.7393	4660.0806
19	8	5077.2393	4665.519
19	9	5097.849	4656.663
19	10	5083.0435	4654.9053
19	11	5076.9883	4649.818
19	13	5098.649	4641.3784
19	14	5077.001	4644.778
19	15	5056.395	4683.2373
19	16	5076.8784	4639.638
19	18	5146.8433	4659.153
19	19	5150.7256	4675.025
19	20	5120.904	4729.6675
19	21	5158.86	4680.9014
19	22	5025.3975	4677.7896
19	24	5159.159	4674.7925
20	1	5082.762	4675.4854
20	2	5154.943	4676.953
20	3	5094.467	4678.268
20	4	5098.217	4678.417
20	5	5083.316	4668.3027
20	6	5085.7695	4665.688
20	7	5097.7393	4660.0806
20	8	5077.2393	4665.519
20	9	5097.849	4656.663
20	10	5083.0435	4654.9053
20	11	5076.9883	4649.818
20	13	5098.649	4641.3784
20	14	5077.001	4644.778
20	15	5056.395	4683.2373
20	16	5076.8784	4639.638
20	18	5146.8433	4659.153
20	19	5150.7256	4675.025
20	20	5120.904	4729.6675
20	21	5158.86	4680.9014
20	22	5025.3975	4677.7896
20	24	5159.159	4674.7925
21	1	5083.043	4675.4326
21	2	5154.836	4676.9395
21	3	5094.4663	4678.2686
21	4	5098.124	4678.5156
21	5	5083.316	4668.3027
21	6	5085.7695	4665.688
21	7	5097.7393	4660.0806
21	8	5077.2393	4665.519
21	9	5097.849	4656.663
21	10	5083.0435	4654.9053
21	11	5076.9883	4649.818
21	13	5098.649	4641.3784
21	14	5077.001	4644.778
21	15	5056.395	4683.2373
21	16	5076.8784	4639.638
21	18	5146.8433	4659.153
21	19	5150.7256	4675.025
21	20	5120.904	4729.6675
21	21	5158.86	4680.9014
21	22	5025.3975	4677.7896
21	24	5159.159	4674.7925
22	1	5083.333	4675.378
22	2	5154.7383	4676.93
22	3	5094.4663	4678.268
22	4	5098.03	4678.6226
22	5	5083.316	4668.3027
22	6	5085.7695	4665.688
22	7	5097.7393	4660.0806
22	8	5077.2393	4665.519
22	9	5097.849	4656.663
22	10	5083.0435	4654.9053
22	11	5076.9883	4649.818
22	13	5098.649	4641.3784
22	14	5077.001	4644.778
22	15	5056.395	4683.2373
22	16	5076.8784	4639.638
22	18	5146.8433	4659.153
22	19	5150.7256	4675.025
22	20	5120.904	4729.6675
22	21	5158.86	4680.9014
22	22	5025.3975	4677.7896
22	24	5159.159	4674.7925
23	1	5083.604	4675.3125
23	2	5154.63	4676.9336
23	3	5094.4663	4678.268
23	4	5097.918	4678.713
23	5	5083.316	4668.3027
23	6	5085.7695	4665.688
23	7	5097.7393	4660.0806
23	8	5077.2393	4665.519
23	9	5097.849	4656.663
23	10	5083.0435	4654.9053
23	11	5076.9883	4649.818
23	13	5098.649	4641.3784
23	14	5077.001	4644.778
23	15	5056.395	4683.2373
23	16	5076.8784	4639.638
23	18	5146.8433	4659.153
23	19	5150.7256	4675.025
23	20	5120.904	4729.6675
23	21	5158.86	4680.9014
23	22	5025.3975	4677.7896
23	24	5159.159	4674.7925
24	1	5083.896	4675.245
24	2	5154.545	4676.943
24	3	5094.4663	4678.268
24	4	5097.8164	4678.811
24	5	5083.316	4668.3027
24	6	5085.7695	4665.688
24	7	5097.7393	4660.0806
24	8	5077.2393	4665.519
24	9	5097.849	4656.663
24	10	5083.0435	4654.9053
24	11	5076.9883	4649.818
24	13	5098.649	4641.3784
24	14	5077.001	4644.778
24	15	5056.395	4683.2373
24	16	5076.8784	4639.638
24	18	5146.8433	4659.153
24	19	5150.7256	4675.025
24	20	5120.904	4729.6675
24	21	5158.86	4680.9014
24	22	5025.3975	4677.7896
24	24	5159.159	4674.7925
24	25	5063.719	4713.927
25	1	5084.1616	4675.182
25	2	5154.4414	4676.944
25	3	5094.4663	4678.268
25	4	5097.728	4678.895
25	5	5083.316	4668.3027
25	6	5085.7695	4665.688
25	7	5097.7393	4660.0806
25	8	5077.2393	4665.519
25	9	5097.849	4656.663
25	10	5083.0435	4654.9053
25	11	5076.9883	4649.818
25	13	5098.649	4641.3784
25	14	5077.001	4644.778
25	15	5056.395	4683.2373
25	16	5076.8784	4639.638
25	18	5146.8433	4659.153
25	19	5150.7256	4675.025
25	20	5120.904	4729.6675
25	21	5158.86	4680.9014
25	22	5025.3975	4677.7896
25	24	5159.159	4674.7925
25	25	5062.801	4713.905
26	1	5084.4297	4675.1113
26	2	5154.3477	4676.931
26	3	5094.4663	4678.268
26	4	5097.627	4679.004
26	5	5083.316	4668.3027
26	6	5085.7695	4665.688
26	7	5097.7393	4660.0806
26	8	5077.2393	4665.519
26	9	5097.849	4656.663
26	10	5083.0435	4654.9053
26	11	5076.9883	4649.818
26	13	5098.649	4641.3784
26	14	5077.001	4644.778
26	15	5056.395	4683.2373
26	16	5076.8784	4639.638
26	18	5146.8433	4659.153
26	19	5150.7256	4675.025
26	20	5120.904	4729.6675
26	21	5158.86	4680.9014
26	22	5025.3975	4677.7896
26	24	5159.159	4674.7925
26	25	5059.7803	4713.9365
27	1	5084.6924	4675.0283
27	2	5154.2637	4676.9277
27	3	5094.4663	4678.268
27	4	5097.534	4679.0947
27	5	5083.316	4668.3027
27	6	5085.7695	4665.688
27	7	5097.7393	4660.0806
27	8	5077.2393	4665.519
27	9	5097.849	4656.663
27	10	5083.0435	4654.9053
27	11	5076.9883	4649.818
27	13	5098.649	4641.3784
27	14	5077.001	4644.778
27	15	5056.395	4683.2373
27	16	5076.8784	4639.638
27	18	5146.8433	4659.153
27	19	5150.7256	4675.025
27	20	5120.904	4729.6675
27	21	5158.86	4680.9014
27	22	5025.3975	4677.7896
27	24	5159.159	4674.7925
27	25	5057.5835	4713.9497
28	1	5084.959	4674.949
28	2	5154.1753	4676.906
28	3	5094.4663	4678.268
28	4	5097.4272	4679.165
28	5	5083.316	4668.3027
28	6	5085.7695	4665.688
28	7	5097.7393	4660.0806
28	8	5077.2393	4665.519
28	9	5097.849	4656.663
28	10	5083.0435	4654.9053
28	11	5076.9883	4649.818
28	13	5098.649	4641.3784
28	14	5077.001	4644.778
28	15	5056.395	4683.2373
28	16	5076.8784	4639.638
28	18	5146.8433	4659.153
28	19	5150.7256	4675.025
28	20	5120.904	4729.6675
28	21	5158.86	4680.9014
28	22	5025.3975	4677.7896
28	24	5159.159	4674.7925
28	25	5055.425	4713.979
29	1	5085.2134	4674.855
29	2	5154.089	4676.9077
29	3	5094.4663	4678.268
29	4	5097.338	4679.2417
29	5	5083.316	4668.3027
29	6	5085.7695	4665.688
29	7	5097.7393	4660.0806
29	8	5077.2393	4665.519
29	9	5097.849	4656.663
29	10	5083.0435	4654.9053
29	11	5076.9883	4649.818
29	13	5098.649	4641.3784
29	14	5077.001	4644.778
29	15	5056.395	4683.2373
29	16	5076.8784	4639.638
29	18	5146.8433	4659.153
29	19	5150.7256	4675.025
29	20	5120.904	4729.6675
29	21	5158.86	4680.9014
29	22	5025.3975	4677.7896
29	24	5159.159	4674.7925
29	25	5053.29	4713.9844
30	1	5085.4775	4674.766
30	2	5153.997	4676.907
30	3	5094.4663	4678.268
30	4	5097.273	4679.315
30	5	5083.316	4668.3027
30	6	5085.7695	4665.688
30	7	5097.7393	4660.0806
30	8	5077.2393	4665.519
30	9	5097.849	4656.663
30	10	5083.0435	4654.9053
30	11	5076.9883	4649.818
30	13	5098.649	4641.3784
30	14	5077.001	4644.778
30	15	5056.395	4683.2373
30	16	5076.8784	4639.638
30	18	5146.8433	4659.153
30	19	5150.7256	4675.025
30	20	5120.904	4729.6675
30	21	5158.86	4680.9014
30	22	5025.3975	4677.7896
30	23	5085.0015	4664.619
30	24	5159.159	4674.7925
30	25	5051.1504	4713.9893
31	1	5085.726	4674.6616
31	2	5153.902	4676.9263
31	3	5094.4663	4678.268
31	4	5097.177	4679.3784
31	5	5083.316	4668.3027
31	6	5085.7695	4665.688
31	7	5097.7393	4660.0806
31	8	5077.2393	4665.519
31	9	5097.849	4656.663
31	10	5083.0435	4654.9053
31	11	5076.9883	4649.818
31	13	5098.649	4641.3784
31	14	5077.001	4644.778
31	15	5056.395	4683.2373
31	16	5076.8784	4639.638
31	18	5146.8433	4659.153
31	19	5150.7256	4675.025
31	20	5120.904	4729.6675
31	21	5158.86	4680.9014
31	22	5025.3975	4677.7896
31	23	5084.6484	4664.099
31	24	5159.159	4674.7925
31	25	5048.985	4714.003
32	1	5085.972	4674.5605
32	2	5153.7993	4676.9023
32	3	5094.4663	4678.268
32	4	5097.081	4679.4224
32	5	5083.316	4668.3027
32	6	5085.7695	4665.688
32	7	5097.7393	4660.0806
32	8	5077.2393	4665.519
32	9	5097.849	4656.663
32	10	5083.0435	4654.9053
32	11	5076.9883	4649.818
32	13	5098.649	4641.3784
32	14	5077.001	4644.778
32	15	5056.395	4683.2373
32	16	5076.8784	4639.638
32	18	5146.8433	4659.153
32	19	5150.7256	4675.025
32	20	5120.904	4729.6675
32	21	5158.86	4680.9014
32	22	5025.3975	4677.7896
32	23	5084.683	4664.03
32	24	5159.159	4674.7925
32	25	5046.8096	4714.0117
33	1	5086.219	4674.458
33	2	5153.708	4676.9
33	3	5094.4663	4678.268
33	4	5096.977	4679.4736
33	5	5083.316	4668.3027
33	6	5085.7695	4665.688
33	7	5097.7393	4660.0806
33	8	5077.2393	4665.519
33	9	5097.849	4656.663
33	10	5083.0435	4654.9053
33	11	5076.9883	4649.818
33	13	5098.649	4641.3784
33	14	5077.001	4644.778
33	15	5056.395	4683.2373
33	16	5076.8784	4639.638
33	18	5146.8433	4659.153
33	19	5150.7256	4675.025
33	20	5120.904	4729.6675
33	21	5158.86	4680.9014
33	22	5025.3975	4677.7896
33	23	5084.7876	4663.9937
33	24	5159.159	4674.7925
33	25	5044.623	4714.019
34	1	5086.4453	4674.3364
34	2	5153.618	4676.881
34	3	5094.4663	4678.268
34	4	5096.8926	4679.5464
34	5	5083.316	4668.3027
34	6	5085.7695	4665.688
34	7	5097.7393	4660.0806
34	8	5077.2393	4665.519
34	9	5097.849	4656.663
34	10	5083.0435	4654.9053
34	11	5076.9883	4649.818
34	13	5098.649	4641.3784
34	14	5077.001	4644.778
34	15	5056.395	4683.2373
34	16	5076.8784	4639.638
34	18	5146.8433	4659.153
34	19	5150.7256	4675.025
34	20	5120.904	4729.6675
34	21	5158.86	4680.9014
34	22	5025.3975	4677.7896
34	23	5084.901	4663.969
34	24	5159.159	4674.7925
34	25	5042.4854	4714.0283
35	1	5086.687	4674.2183
35	2	5153.5376	4676.8726
35	3	5094.4663	4678.268
35	4	5096.7725	4679.589
35	5	5083.316	4668.3027
35	6	5085.7695	4665.688
35	7	5097.7393	4660.0806
35	8	5077.2393	4665.519
35	9	5097.849	4656.663
35	10	5083.0435	4654.9053
35	11	5076.9883	4649.818
35	13	5098.649	4641.3784
35	14	5077.001	4644.778
35	15	5056.395	4683.2373
35	16	5076.8784	4639.638
35	18	5146.8433	4659.153
35	19	5150.7256	4675.025
35	20	5120.904	4729.6675
35	21	5158.86	4680.9014
35	22	5025.3975	4677.7896
35	23	5085.0244	4663.9497
35	24	5159.159	4674.7925
35	25	5040.2505	4714.021
36	1	5086.909	4674.102
36	2	5153.457	4676.848
36	3	5094.4663	4678.268
36	4	5096.6655	4679.637
36	5	5083.316	4668.3027
36	6	5085.7695	4665.688
36	7	5097.7393	4660.0806
36	8	5077.2393	4665.519
36	9	5097.849	4656.663
36	10	5083.0435	4654.9053
36	11	5076.9883	4649.818
36	13	5098.649	4641.3784
36	14	5077.001	4644.778
36	15	5056.395	4683.2373
36	16	5076.8784	4639.638
36	18	5146.8433	4659.153
36	19	5150.7256	4675.025
36	20	5120.904	4729.6675
36	21	5158.86	4680.9014
36	22	5025.3975	4677.7896
36	23	5085.162	4663.903
36	24	5159.159	4674.7925
36	25	5038.0063	4714.077
37	1	5087.135	4673.9653
37	2	5153.378	4676.8276
37	3	5094.4663	4678.268
37	4	5096.5493	4679.667
37	5	5083.316	4668.3027
37	6	5085.7695	4665.688
37	7	5097.7393	4660.0806
37	8	5077.2393	4665.519
37	9	5097.849	4656.663
37	10	5083.0435	4654.9053
37	11	5076.9883	4649.818
37	13	5098.649	4641.3784
37	14	5077.001	4644.778
37	15	5056.395	4683.2373
37	16	5076.8784	4639.638
37	18	5146.8433	4659.153
37	19	5150.7256	4675.025
37	20	5120.904	4729.6675
37	21	5158.86	4680.9014
37	22	5025.3975	4677.7896
37	23	5085.27	4663.873
37	24	5159.159	4674.7925
37	25	5035.9287	4714.117
38	1	5087.3447	4673.8267
38	2	5153.3013	4676.8115
38	3	5094.4663	4678.268
38	4	5096.4473	4679.7056
38	5	5083.316	4668.3027
38	6	5085.7695	4665.688
38	7	5097.7393	4660.0806
38	8	5077.2393	4665.519
38	9	5097.849	4656.663
38	10	5083.0435	4654.9053
38	11	5076.9883	4649.818
38	13	5098.649	4641.3784
38	14	5077.001	4644.778
38	15	5056.395	4683.2373
38	16	5076.8784	4639.638
38	18	5146.8433	4659.153
38	19	5150.7256	4675.025
38	20	5120.904	4729.6675
38	21	5158.86	4680.9014
38	22	5025.3975	4677.7896
38	23	5085.3965	4663.835
38	24	5159.159	4674.7925
39	1	5087.557	4673.679
39	2	5153.2153	4676.784
39	3	5094.4663	4678.268
39	4	5096.341	4679.748
39	5	5083.316	4668.3027
39	6	5085.7695	4665.688
39	7	5097.7393	4660.0806
39	8	5077.2393	4665.519
39	9	5097.849	4656.663
39	10	5083.0435	4654.9053
39	11	5076.9883	4649.818
39	13	5098.649	4641.3784
39	14	5077.001	4644.778
39	15	5056.395	4683.2373
39	16	5076.8784	4639.638
39	18	5146.8433	4659.153
39	19	5150.7256	4675.025
39	20	5120.904	4729.6675
39	21	5158.86	4680.9014
39	22	5025.3975	4677.7896
39	23	5085.5254	4663.805
39	24	5159.159	4674.7925
40	1	5087.7515	4673.5312
40	2	5153.1504	4676.7627
40	3	5094.4663	4678.2676
40	4	5096.2373	4679.789
40	5	5083.316	4668.3027
40	6	5085.7695	4665.688
40	7	5097.7393	4660.0806
40	8	5077.2393	4665.519
40	9	5097.849	4656.663
40	10	5083.0435	4654.9053
40	11	5076.9883	4649.818
40	13	5098.649	4641.3784
40	14	5077.001	4644.778
40	15	5056.395	4683.2373
40	16	5076.8784	4639.638
40	18	5146.8433	4659.153
40	19	5150.7256	4675.025
40	20	5120.904	4729.6675
40	21	5158.86	4680.9014
40	22	5025.3975	4677.7896
40	23	5085.647	4663.7695
40	24	5159.159	4674.7925
41	1	5087.9595	4673.3633
41	2	5153.0728	4676.7563
41	3	5094.4663	4678.268
41	4	5096.133	4679.7964
41	5	5083.316	4668.3027
41	6	5085.7695	4665.688
41	7	5097.7393	4660.0806
41	8	5077.2393	4665.519
41	9	5097.849	4656.663
41	10	5083.0435	4654.9053
41	11	5076.9883	4649.818
41	13	5098.649	4641.3784
41	14	5077.001	4644.778
41	15	5056.395	4683.2373
41	16	5076.8784	4639.638
41	18	5146.8433	4659.153
41	19	5150.7256	4675.025
41	20	5120.904	4729.6675
41	21	5158.86	4680.9014
41	22	5025.3975	4677.7896
41	23	5085.7715	4663.748
41	24	5159.159	4674.7925
42	1	5088.1523	4673.193
42	2	5152.9927	4676.744
42	3	5094.4663	4678.2676
42	4	5096.0347	4679.8447
42	5	5083.316	4668.3027
42	6	5085.7695	4665.688
42	7	5097.7393	4660.0806
42	8	5077.2393	4665.519
42	9	5097.849	4656.663
42	10	5083.0435	4654.9053
42	11	5076.9883	4649.818
42	13	5098.649	4641.3784
42	14	5077.001	4644.778
42	15	5056.395	4683.2373
42	16	5076.8784	4639.638
42	18	5146.8433	4659.153
42	19	5150.7256	4675.025
42	20	5120.904	4729.6675
42	21	5158.86	4680.9014
42	22	5025.3975	4677.7896
42	23	5085.905	4663.7256
43	1	5088.3394	4673.0146
43	2	5152.915	4676.722
43	3	5094.4663	4678.2676
43	4	5095.9263	4679.852
43	5	5083.316	4668.3027
43	6	5085.7695	4665.688
43	7	5097.7393	4660.0806
43	8	5077.2393	4665.519
43	9	5097.849	4656.663
43	10	5083.0435	4654.9053
43	11	5076.9883	4649.818
43	13	5098.649	4641.3784
43	14	5077.001	4644.778
43	15	5056.395	4683.2373
43	16	5076.8784	4639.638
43	18	5146.8433	4659.153
43	19	5150.7256	4675.025
43	20	5120.904	4729.6675
43	21	5158.86	4680.9014
43	22	5025.3975	4677.7896
43	23	5086.0493	4663.679
43	24	5159.159	4674.7925
44	1	5088.52	4672.8267
44	2	5152.8296	4676.707
44	3	5094.4663	4678.2676
44	4	5095.826	4679.8623
44	5	5083.316	4668.3027
44	6	5085.7695	4665.688
44	7	5097.7393	4660.0806
44	8	5077.2393	4665.519
44	9	5097.849	4656.663
44	10	5083.0435	4654.9053
44	11	5076.9883	4649.818
44	13	5098.649	4641.3784
44	14	5077.001	4644.778
44	15	5056.395	4683.2373
44	16	5076.8784	4639.638
44	18	5146.8433	4659.153
44	19	5150.7256	4675.025
44	20	5120.904	4729.6675
44	21	5158.86	4680.9014
44	22	5025.3975	4677.7896
44	23	5086.1733	4663.664
45	1	5088.6875	4672.6396
45	2	5152.7637	4676.6675
45	3	5094.4663	4678.2676
45	4	5095.7173	4679.881
45	5	5083.316	4668.3027
45	6	5085.7695	4665.688
45	7	5097.7393	4660.0806
45	8	5077.2393	4665.519
45	9	5097.849	4656.663
45	10	5083.0435	4654.9053
45	11	5076.9883	4649.818
45	13	5098.649	4641.3784
45	14	5077.001	4644.778
45	15	5056.395	4683.2373
45	16	5076.8784	4639.638
45	18	5146.8433	4659.153
45	19	5150.7256	4675.025
45	20	5120.904	4729.6675
45	21	5158.86	4680.9014
45	22	5025.3975	4677.7896
45	23	5086.3057	4663.636
46	1	5088.8647	4672.434
46	2	5152.691	4676.6646
46	3	5094.4663	4678.2676
46	4	5095.6255	4679.8965
46	5	5083.316	4668.3027
46	6	5085.7695	4665.688
46	7	5097.7393	4660.0806
46	8	5077.2393	4665.519
46	9	5097.849	4656.663
46	10	5083.0435	4654.9053
46	11	5076.9883	4649.818
46	13	5098.649	4641.3784
46	14	5077.001	4644.778
46	15	5056.395	4683.2373
46	16	5076.8784	4639.638
46	18	5146.8433	4659.153
46	19	5150.7256	4675.025
46	20	5120.904	4729.6675
46	21	5158.86	4680.9014
46	22	5025.3975	4677.7896
46	23	5086.421	4663.6216
47	1	5089.026	4672.2173
47	2	5152.632	4676.6436
47	3	5094.4663	4678.2676
47	4	5095.526	4679.9087
47	5	5083.316	4668.3027
47	6	5085.7695	4665.688
47	7	5097.7393	4660.0806
47	8	5077.2393	4665.519
47	9	5097.849	4656.663
47	10	5083.0435	4654.9053
47	11	5076.9883	4649.818
47	13	5098.649	4641.3784
47	14	5077.001	4644.778
47	15	5056.395	4683.2373
47	16	5076.8784	4639.638
47	18	5146.8433	4659.153
47	19	5150.7256	4675.025
47	20	5120.904	4729.6675
47	21	5158.86	4680.9014
47	22	5025.3975	4677.7896
47	23	5086.535	4663.6143
48	1	5089.1797	4671.9897
48	2	5152.55	4676.628
48	3	5094.4663	4678.2676
48	5	5083.316	4668.3027
48	6	5085.7695	4665.688
48	7	5097.7393	4660.0806
48	8	5077.2393	4665.519
48	9	5097.849	4656.663
48	10	5083.0435	4654.9053
48	11	5076.9883	4649.818
48	13	5098.649	4641.3784
48	14	5077.001	4644.778
48	15	5056.395	4683.2373
48	16	5076.8784	4639.638
48	18	5146.8433	4659.153
48	19	5150.7256	4675.025
48	20	5120.904	4729.6675
48	21	5158.86	4680.9014
48	22	5025.3975	4677.7896
48	23	5086.6504	4663.614
49	1	5089.3335	4671.7617
49	2	5152.483	4676.604
49	3	5094.4663	4678.2676
49	5	5083.316	4668.3027
49	6	5085.7695	4665.688
49	7	5097.7393	4660.0806
49	8	5077.2393	4665.519
49	9	5097.849	4656.663
49	10	5083.0435	4654.9053
49	11	5076.9883	4649.818
49	13	5098.649	4641.3784
49	14	5077.001	4644.778
49	15	5056.395	4683.2373
49	16	5076.8784	4639.638
49	18	5146.8433	4659.153
49	19	5150.7256	4675.025
49	20	5120.904	4729.6675
49	21	5158.86	4680.9014
49	22	5025.3975	4677.7896
49	23	5086.7715	4663.5864
50	1	5089.482	4671.513
50	2	5152.436	4676.593
50	3	5094.4663	4678.2676
50	5	5083.316	4668.3027
50	6	5085.7695	4665.688
50	7	5097.7393	4660.0806
50	8	5077.2393	4665.519
50	9	5097.849	4656.663
50	10	5083.0435	4654.9053
50	11	5076.9883	4649.818
50	13	5098.649	4641.3784
50	14	5077.001	4644.778
50	15	5056.395	4683.2373
50	16	5076.8784	4639.638
50	18	5146.8433	4659.153
50	19	5150.7256	4675.025
50	20	5120.904	4729.6675
50	21	5158.86	4680.9014
50	22	5025.3975	4677.7896
50	23	5086.897	4663.5767
51	1	5089.6084	4671.271
51	2	5152.3804	4676.5625
51	3	5094.4663	4678.2676
51	5	5083.316	4668.3027
51	6	5085.7695	4665.688
51	7	5097.7393	4660.0806
51	8	5077.2393	4665.519
51	9	5097.849	4656.663
51	10	5083.0435	4654.9053
51	11	5076.9883	4649.818
51	13	5098.649	4641.3784
51	14	5077.001	4644.778
51	15	5056.395	4683.2373
51	16	5076.8784	4639.638
51	18	5146.8433	4659.153
51	19	5150.7256	4675.025
51	20	5120.904	4729.6675
51	21	5158.86	4680.9014
51	22	5025.3975	4677.7896
51	23	5087.023	4663.557
52	1	5089.7446	4670.9927
52	2	5152.3125	4676.557
52	3	5094.467	4678.2676
52	5	5083.316	4668.3027
52	6	5085.7695	4665.688
52	7	5097.7393	4660.0806
52	8	5077.2393	4665.519
52	9	5097.849	4656.663
52	10	5083.0435	4654.9053
52	11	5076.9883	4649.818
52	13	5098.649	4641.3784
52	14	5077.001	4644.778
52	15	5056.395	4683.2373
52	16	5076.8784	4639.638
52	18	5146.8433	4659.153
52	19	5150.7256	4675.025
52	20	5120.904	4729.6675
52	21	5158.86	4680.9014
52	22	5025.3975	4677.7896
52	23	5087.149	4663.545
53	1	5089.8696	4670.706
53	2	5152.221	4676.5127
53	3	5094.467	4678.2676
53	5	5083.316	4668.3027
53	6	5085.7695	4665.688
53	7	5097.7393	4660.0806
53	8	5077.2393	4665.519
53	9	5097.849	4656.663
53	10	5083.0435	4654.9053
53	11	5076.9883	4649.818
53	13	5098.649	4641.3784
53	14	5077.001	4644.778
53	15	5056.395	4683.2373
53	16	5076.8784	4639.638
53	18	5146.8433	4659.153
53	19	5150.7256	4675.025
53	20	5120.904	4729.6675
53	21	5158.86	4680.9014
53	22	5025.3975	4677.7896
53	23	5087.288	4663.534
54	1	5089.9883	4670.4043
54	2	5152.176	4676.5107
54	3	5094.4663	4678.2676
54	5	5083.316	4668.3027
54	6	5085.7695	4665.688
54	7	5097.7393	4660.0806
54	8	5077.2393	4665.519
54	9	5097.849	4656.663
54	10	5083.0435	4654.9053
54	11	5076.9883	4649.818
54	13	5098.649	4641.3784
54	14	5077.001	4644.778
54	15	5056.395	4683.2373
54	16	5076.8784	4639.638
54	18	5146.8433	4659.153
54	19	5150.7256	4675.025
54	20	5120.904	4729.6675
54	21	5158.86	4680.9014
54	22	5025.3975	4677.7896
54	23	5087.4233	4663.522
55	1	5090.106	4670.11
55	2	5152.1387	4676.507
55	3	5094.4663	4678.2676
55	5	5083.316	4668.3027
55	6	5085.7695	4665.688
55	7	5097.7393	4660.0806
55	8	5077.2393	4665.519
55	9	5097.849	4656.663
55	10	5083.0435	4654.9053
55	11	5076.9883	4649.818
55	13	5098.649	4641.3784
55	14	5077.001	4644.778
55	15	5056.395	4683.2373
55	16	5076.8784	4639.638
55	18	5146.8433	4659.153
55	19	5150.7256	4675.025
55	20	5120.904	4729.6675
55	21	5158.86	4680.9014
55	22	5025.3975	4677.7896
55	23	5087.555	4663.5264
56	1	5090.207	4669.791
56	2	5152.104	4676.5034
56	3	5094.4663	4678.2676
56	5	5083.316	4668.3027
56	6	5085.7695	4665.688
56	7	5097.7393	4660.0806
56	8	5077.2393	4665.519
56	9	5097.849	4656.663
56	10	5083.0435	4654.9053
56	11	5076.9883	4649.818
56	13	5098.649	4641.3784
56	14	5077.001	4644.778
56	15	5056.395	4683.2373
56	16	5076.8784	4639.638
56	18	5146.8433	4659.153
56	19	5150.7256	4675.025
56	20	5120.904	4729.6675
56	21	5158.86	4680.9014
56	22	5025.3975	4677.7896
56	23	5087.66	4663.525
57	1	5090.2925	4669.4736
57	2	5152.089	4676.5093
57	3	5094.4663	4678.2676
57	5	5083.316	4668.3027
57	6	5085.7695	4665.688
57	7	5097.7393	4660.0806
57	8	5077.2393	4665.519
57	9	5097.849	4656.663
57	10	5083.0435	4654.9053
57	11	5076.9883	4649.818
57	13	5098.649	4641.3784
57	14	5077.001	4644.778
57	15	5056.395	4683.2373
57	16	5076.8784	4639.638
57	18	5146.8433	4659.153
57	19	5150.7256	4675.025
57	20	5120.904	4729.6675
57	21	5158.86	4680.9014
57	22	5025.3975	4677.7896
57	23	5087.768	4663.5234
58	1	5090.387	4669.129
58	2	5152.055	4676.51
58	3	5094.4663	4678.267
58	5	5083.316	4668.3027
58	6	5085.7695	4665.688
58	7	5097.7393	4660.0806
58	8	5077.2393	4665.519
58	9	5097.849	4656.663
58	10	5083.0435	4654.9053
58	11	5076.9883	4649.818
58	13	5098.649	4641.3784
58	14	5077.001	4644.778
58	15	5056.395	4683.2373
58	16	5076.8784	4639.638
58	18	5146.8433	4659.153
58	19	5150.7256	4675.025
58	20	5120.904	4729.6675
58	21	5158.86	4680.9014
58	22	5025.3975	4677.7896
58	23	5087.8735	4663.515
59	1	5090.4634	4668.785
59	2	5152.059	4676.509
59	3	5094.4663	4678.267
59	5	5083.316	4668.3027
59	6	5085.7695	4665.688
59	7	5097.7393	4660.0806
59	8	5077.2393	4665.519
59	9	5097.849	4656.663
59	10	5083.0435	4654.9053
59	11	5076.9883	4649.818
59	13	5098.649	4641.3784
59	14	5077.001	4644.778
59	15	5056.395	4683.2373
59	16	5076.8784	4639.638
59	18	5146.8433	4659.153
59	19	5150.7256	4675.025
59	20	5120.904	4729.6675
59	21	5158.86	4680.9014
59	22	5025.3975	4677.7896
59	23	5087.967	4663.5
60	1	5090.5522	4668.433
60	2	5152.0483	4676.4785
60	3	5094.467	4678.2676
60	5	5083.316	4668.3027
60	6	5085.7695	4665.688
60	7	5097.7393	4660.0806
60	8	5077.2393	4665.519
60	9	5097.849	4656.663
60	10	5083.0435	4654.9053
60	11	5076.9883	4649.818
60	13	5098.649	4641.3784
60	14	5077.001	4644.778
60	15	5056.395	4683.2373
60	16	5076.8784	4639.638
60	18	5146.8433	4659.153
60	19	5150.7256	4675.025
60	20	5120.904	4729.6675
60	21	5158.86	4680.9014
60	22	5025.3975	4677.7896
60	23	5088.0728	4663.4863
60	27	5135.268	4650.061
61	1	5090.6294	4668.0806
61	2	5152.036	4676.4526
61	3	5094.467	4678.2676
61	5	5083.316	4668.3027
61	6	5085.7695	4665.688
61	7	5097.7393	4660.0806
61	8	5077.2393	4665.519
61	9	5097.849	4656.663
61	10	5083.0435	4654.9053
61	11	5076.9883	4649.818
61	13	5098.649	4641.3784
61	14	5077.001	4644.778
61	15	5056.395	4683.2373
61	16	5076.8784	4639.638
61	18	5146.8433	4659.153
61	19	5150.7256	4675.025
61	20	5120.904	4729.6675
61	21	5158.86	4680.9014
61	22	5025.3975	4677.7896
61	23	5088.1533	4663.494
61	27	5135.1245	4649.874
62	1	5090.7007	4667.7246
62	2	5152.04	4676.4507
62	3	5094.467	4678.2676
62	5	5083.316	4668.3027
62	6	5085.7695	4665.688
62	7	5097.7393	4660.0806
62	8	5077.2393	4665.519
62	9	5097.849	4656.663
62	10	5083.0435	4654.9053
62	11	5076.9883	4649.818
62	13	5098.649	4641.3784
62	14	5077.001	4644.778
62	15	5056.395	4683.2373
62	16	5076.8784	4639.638
62	18	5146.8433	4659.153
62	19	5150.7256	4675.025
62	20	5120.904	4729.6675
62	21	5158.86	4680.9014
62	22	5025.3975	4677.7896
62	23	5088.2397	4663.498
62	27	5135.112	4649.891
63	1	5090.7686	4667.3774
63	2	5152.0366	4676.4556
63	3	5094.467	4678.2676
63	5	5083.316	4668.3027
63	6	5085.7695	4665.688
63	7	5097.7393	4660.0806
63	8	5077.2393	4665.519
63	9	5097.849	4656.663
63	10	5083.0435	4654.9053
63	11	5076.9883	4649.818
63	13	5098.649	4641.3784
63	14	5077.001	4644.778
63	15	5056.395	4683.2373
63	16	5076.8784	4639.638
63	18	5146.8433	4659.153
63	19	5150.7256	4675.025
63	20	5120.904	4729.6675
63	21	5158.86	4680.9014
63	22	5025.3975	4677.7896
63	23	5088.223	4663.5107
63	27	5135.252	4650.0645
64	1	5090.8413	4667.0254
64	2	5152.0386	4676.435
64	3	5094.467	4678.2676
64	5	5083.316	4668.3027
64	6	5085.7695	4665.688
64	7	5097.7393	4660.0806
64	8	5077.2393	4665.519
64	9	5097.849	4656.663
64	10	5083.0435	4654.9053
64	11	5076.9883	4649.818
64	13	5098.649	4641.3784
64	14	5077.001	4644.778
64	15	5056.395	4683.2373
64	16	5076.8784	4639.638
64	18	5146.8433	4659.153
64	19	5150.7256	4675.025
64	20	5120.904	4729.6675
64	21	5158.86	4680.9014
64	22	5025.3975	4677.7896
64	23	5088.283	4663.527
64	27	5135.271	4650.0786
65	1	5090.9146	4666.682
65	2	5152.0337	4676.4385
65	3	5094.467	4678.267
65	5	5083.316	4668.3027
65	6	5085.7695	4665.688
65	7	5097.7393	4660.0806
65	8	5077.2393	4665.519
65	9	5097.849	4656.663
65	10	5083.0435	4654.9053
65	11	5076.9883	4649.818
65	13	5098.649	4641.3784
65	14	5077.001	4644.778
65	15	5056.395	4683.2373
65	16	5076.8784	4639.638
65	18	5146.8433	4659.153
65	19	5150.7256	4675.025
65	20	5120.904	4729.6675
65	21	5158.86	4680.9014
65	22	5025.3975	4677.7896
65	23	5088.3213	4663.5347
66	1	5090.9795	4666.3335
66	2	5152.0205	4676.428
66	3	5094.467	4678.267
66	5	5083.316	4668.3027
66	6	5085.7695	4665.688
66	7	5097.7393	4660.0806
66	8	5077.2393	4665.519
66	9	5097.849	4656.663
66	10	5083.0435	4654.9053
66	11	5076.9883	4649.818
66	13	5098.649	4641.3784
66	14	5077.001	4644.778
66	15	5056.395	4683.2373
66	16	5076.8784	4639.638
66	18	5146.8433	4659.153
66	19	5150.7256	4675.025
66	20	5120.904	4729.6675
66	21	5158.86	4680.9014
66	22	5025.3975	4677.7896
66	23	5088.371	4663.5444
67	1	5091.038	4665.9883
67	2	5152.0225	4676.4463
67	3	5094.467	4678.267
67	5	5083.316	4668.3027
67	6	5085.7695	4665.688
67	7	5097.7393	4660.0806
67	8	5077.2393	4665.519
67	9	5097.849	4656.663
67	10	5083.0435	4654.9053
67	11	5076.9883	4649.818
67	13	5098.649	4641.3784
67	14	5077.001	4644.778
67	15	5056.395	4683.2373
67	16	5076.8784	4639.638
67	18	5146.8433	4659.153
67	19	5150.7256	4675.025
67	20	5120.904	4729.6675
67	21	5158.86	4680.9014
67	22	5025.3975	4677.7896
67	23	5088.4165	4663.5386
68	1	5091.098	4665.6333
68	2	5152.025	4676.4497
68	3	5094.467	4678.267
68	5	5083.316	4668.3027
68	6	5085.7695	4665.688
68	7	5097.7393	4660.0806
68	8	5077.2393	4665.519
68	9	5097.849	4656.663
68	10	5083.0435	4654.9053
68	11	5076.9883	4649.818
68	13	5098.649	4641.3784
68	14	5077.001	4644.778
68	15	5056.395	4683.2373
68	16	5076.8784	4639.638
68	18	5146.8433	4659.153
68	19	5150.7256	4675.025
68	20	5120.904	4729.6675
68	21	5158.86	4680.9014
68	22	5025.3975	4677.7896
68	23	5088.464	4663.537
69	1	5091.152	4665.2847
69	2	5152.0273	4676.4497
69	3	5094.467	4678.267
69	5	5083.316	4668.3027
69	6	5085.7695	4665.688
69	7	5097.7393	4660.0806
69	8	5077.2393	4665.519
69	9	5097.849	4656.663
69	10	5083.0435	4654.9053
69	11	5076.9883	4649.818
69	13	5098.649	4641.3784
69	14	5077.001	4644.778
69	15	5056.395	4683.2373
69	16	5076.8784	4639.638
69	18	5146.8433	4659.153
69	19	5150.7256	4675.025
69	20	5120.904	4729.6675
69	21	5158.86	4680.9014
69	22	5025.3975	4677.7896
69	23	5088.518	4663.5376
70	1	5091.203	4664.9463
70	2	5152.013	4676.4497
70	3	5094.467	4678.267
70	5	5083.316	4668.3027
70	6	5085.7695	4665.688
70	7	5097.7393	4660.0806
70	8	5077.2393	4665.519
70	9	5097.849	4656.663
70	10	5083.0435	4654.9053
70	11	5076.9883	4649.818
70	13	5098.649	4641.3784
70	14	5077.001	4644.778
70	15	5056.395	4683.2373
70	16	5076.8784	4639.638
70	18	5146.8433	4659.153
70	19	5150.7256	4675.025
70	20	5120.904	4729.6675
70	21	5158.86	4680.9014
70	22	5025.3975	4677.7896
70	23	5088.585	4663.534
71	1	5091.2485	4664.604
71	2	5152.0356	4676.4443
71	3	5094.467	4678.267
71	5	5083.316	4668.3027
71	6	5085.7695	4665.688
71	7	5097.7393	4660.0806
71	8	5077.2393	4665.519
71	9	5097.849	4656.663
71	10	5083.0435	4654.9053
71	11	5076.9883	4649.818
71	13	5098.649	4641.3784
71	14	5077.001	4644.778
71	15	5056.395	4683.2373
71	16	5076.8784	4639.638
71	18	5146.8433	4659.153
71	19	5150.7256	4675.025
71	20	5120.904	4729.6675
71	21	5158.86	4680.9014
71	22	5025.3975	4677.7896
71	23	5088.643	4663.5396
72	1	5091.2954	4664.262
72	2	5152.031	4676.4443
72	3	5094.467	4678.267
72	5	5083.316	4668.3027
72	6	5085.7695	4665.688
72	7	5097.7393	4660.0806
72	8	5077.2393	4665.519
72	9	5097.849	4656.663
72	10	5083.0435	4654.9053
72	11	5076.9883	4649.818
72	13	5098.649	4641.3784
72	14	5077.001	4644.778
72	15	5056.395	4683.2373
72	16	5076.8784	4639.638
72	18	5146.8433	4659.153
72	19	5150.7256	4675.025
72	20	5120.904	4729.6675
72	21	5158.86	4680.9014
72	22	5025.3975	4677.7896
72	23	5088.7134	4663.5522
73	1	5091.336	4663.9194
73	2	5152.0303	4676.454
73	3	5094.467	4678.267
73	5	5083.316	4668.3027
73	6	5085.7695	4665.688
73	7	5097.7393	4660.0806
73	8	5077.2393	4665.519
73	9	5097.849	4656.663
73	10	5083.0435	4654.9053
73	11	5076.9883	4649.818
73	13	5098.649	4641.3784
73	14	5077.001	4644.778
73	15	5056.395	4683.2373
73	16	5076.8784	4639.638
73	18	5146.8433	4659.153
73	19	5150.7256	4675.025
73	20	5120.904	4729.6675
73	21	5158.86	4680.9014
73	22	5025.3975	4677.7896
73	23	5088.799	4663.564
74	1	5091.373	4663.5723
74	2	5152.038	4676.4526
74	3	5094.467	4678.267
74	5	5083.316	4668.3027
74	6	5085.7695	4665.688
74	7	5097.7393	4660.0806
74	8	5077.2393	4665.519
74	9	5097.849	4656.663
74	10	5083.0435	4654.9053
74	11	5076.9883	4649.818
74	13	5098.649	4641.3784
74	14	5077.001	4644.778
74	15	5056.395	4683.2373
74	16	5076.8784	4639.638
74	18	5146.8433	4659.153
74	19	5150.7256	4675.025
74	20	5120.904	4729.6675
74	21	5158.86	4680.9014
74	22	5025.3975	4677.7896
74	23	5088.889	4663.5776
75	1	5091.4087	4663.2266
75	2	5152.0044	4676.439
75	3	5094.467	4678.267
75	5	5083.316	4668.3027
75	6	5085.7695	4665.688
75	7	5097.7393	4660.0806
75	8	5077.2393	4665.519
75	9	5097.849	4656.663
75	10	5083.0435	4654.9053
75	11	5076.9883	4649.818
75	13	5098.649	4641.3784
75	14	5077.001	4644.778
75	15	5056.395	4683.2373
75	16	5076.8784	4639.638
75	18	5146.8433	4659.153
75	19	5150.7256	4675.025
75	20	5120.904	4729.6675
75	21	5158.86	4680.9014
75	22	5025.3975	4677.7896
75	23	5089.004	4663.5864
76	1	5091.4395	4662.892
76	2	5151.9976	4676.4624
76	3	5094.467	4678.267
76	5	5083.316	4668.3027
76	6	5085.7695	4665.688
76	7	5097.7393	4660.0806
76	8	5077.2393	4665.519
76	9	5097.849	4656.663
76	10	5083.0435	4654.9053
76	11	5076.9883	4649.818
76	13	5098.649	4641.3784
76	14	5077.001	4644.778
76	15	5056.395	4683.2373
76	16	5076.8784	4639.638
76	18	5146.8433	4659.153
76	19	5150.7256	4675.025
76	20	5120.904	4729.6675
76	21	5158.86	4680.9014
76	22	5025.3975	4677.7896
76	23	5089.1147	4663.5933
77	1	5091.4634	4662.554
77	2	5151.9985	4676.4224
77	3	5094.467	4678.267
77	5	5083.316	4668.3027
77	6	5085.7695	4665.688
77	7	5097.7393	4660.0806
77	8	5077.2393	4665.519
77	9	5097.849	4656.663
77	10	5083.0435	4654.9053
77	11	5076.9883	4649.818
77	13	5098.649	4641.3784
77	14	5077.001	4644.778
77	15	5056.395	4683.2373
77	16	5076.8784	4639.638
77	18	5146.8433	4659.153
77	19	5150.7256	4675.025
77	20	5120.904	4729.6675
77	21	5158.86	4680.9014
77	22	5025.3975	4677.7896
77	23	5089.2046	4663.6035
78	1	5091.487	4662.207
78	2	5152.0293	4676.441
78	3	5094.467	4678.267
78	5	5083.316	4668.3027
78	6	5085.7695	4665.688
78	7	5097.7393	4660.0806
78	8	5077.2393	4665.519
78	9	5097.849	4656.663
78	10	5083.0435	4654.9053
78	11	5076.9883	4649.818
78	13	5098.649	4641.3784
78	14	5077.001	4644.778
78	15	5056.395	4683.2373
78	16	5076.8784	4639.638
78	18	5146.8433	4659.153
78	19	5150.7256	4675.025
78	20	5120.904	4729.6675
78	21	5158.86	4680.9014
78	22	5025.3975	4677.7896
78	23	5089.331	4663.604
79	1	5091.5044	4661.858
79	2	5152.016	4676.429
79	3	5094.467	4678.267
79	5	5083.316	4668.3027
79	6	5085.7695	4665.688
79	7	5097.7393	4660.0806
79	8	5077.2393	4665.519
79	9	5097.849	4656.663
79	10	5083.0435	4654.9053
79	11	5076.9883	4649.818
79	13	5098.649	4641.3784
79	14	5077.001	4644.778
79	15	5056.395	4683.2373
79	16	5076.8784	4639.638
79	18	5146.8433	4659.153
79	19	5150.7256	4675.025
79	20	5120.904	4729.6675
79	21	5158.86	4680.9014
79	22	5025.3975	4677.7896
79	23	5089.4653	4663.6064
80	1	5091.523	4661.518
80	2	5152.0312	4676.419
80	3	5094.467	4678.267
80	5	5083.316	4668.3027
80	6	5085.7695	4665.688
80	7	5097.7393	4660.0806
80	8	5077.2393	4665.519
80	9	5097.849	4656.663
80	10	5083.0435	4654.9053
80	11	5076.9883	4649.818
80	13	5098.649	4641.3784
80	14	5077.001	4644.778
80	15	5056.395	4683.2373
80	16	5076.8784	4639.638
80	18	5146.8433	4659.153
80	19	5150.7256	4675.025
80	20	5120.904	4729.6675
80	21	5158.86	4680.9014
80	22	5025.3975	4677.7896
80	23	5089.5884	4663.591
81	1	5091.537	4661.1753
81	2	5152.019	4676.4365
81	3	5094.467	4678.267
81	5	5083.316	4668.3027
81	6	5085.7695	4665.688
81	7	5097.7393	4660.0806
81	8	5077.2393	4665.519
81	9	5097.849	4656.663
81	10	5083.0435	4654.9053
81	11	5076.9883	4649.818
81	13	5098.649	4641.3784
81	14	5077.001	4644.778
81	15	5056.395	4683.2373
81	16	5076.8784	4639.638
81	18	5146.8433	4659.153
81	19	5150.7256	4675.025
81	20	5120.904	4729.6675
81	21	5158.86	4680.9014
81	22	5025.3975	4677.7896
81	23	5089.72	4663.594
82	1	5091.547	4660.8286
82	2	5152.0273	4676.4277
82	3	5094.467	4678.267
82	5	5083.316	4668.3027
82	6	5085.7695	4665.688
82	7	5097.7393	4660.0806
82	8	5077.2393	4665.519
82	9	5097.849	4656.663
82	10	5083.0435	4654.9053
82	11	5076.9883	4649.818
82	13	5098.649	4641.3784
82	14	5077.001	4644.778
82	15	5056.395	4683.2373
82	16	5076.8784	4639.638
82	18	5146.8433	4659.153
82	19	5150.7256	4675.025
82	20	5120.904	4729.6675
82	21	5158.86	4680.9014
82	22	5025.3975	4677.7896
82	23	5089.8467	4663.5913
83	1	5091.5547	4660.4785
83	2	5152.0054	4676.4556
83	3	5094.467	4678.267
83	5	5083.316	4668.3027
83	6	5085.7695	4665.688
83	7	5097.7393	4660.0806
83	8	5077.2393	4665.519
83	9	5097.849	4656.663
83	10	5083.0435	4654.9053
83	11	5076.9883	4649.818
83	13	5098.649	4641.3784
83	14	5077.001	4644.778
83	15	5056.395	4683.2373
83	16	5076.8784	4639.638
83	18	5146.8433	4659.153
83	19	5150.7256	4675.025
83	20	5120.904	4729.6675
83	21	5158.86	4680.9014
83	22	5025.3975	4677.7896
83	23	5090.0	4663.619
84	1	5091.5566	4660.131
84	2	5151.9907	4676.442
84	3	5094.467	4678.267
84	5	5083.316	4668.3027
84	6	5085.7695	4665.688
84	7	5097.7393	4660.0806
84	8	5077.2393	4665.519
84	9	5097.849	4656.663
84	10	5083.0435	4654.9053
84	11	5076.9883	4649.818
84	13	5098.649	4641.3784
84	14	5077.001	4644.778
84	15	5056.395	4683.2373
84	16	5076.8784	4639.638
84	18	5146.8433	4659.153
84	19	5150.7256	4675.025
84	20	5120.904	4729.6675
84	21	5158.86	4680.9014
84	22	5025.3975	4677.7896
84	23	5090.118	4663.6167
85	1	5091.56	4659.7847
85	2	5151.9404	4676.4287
85	3	5094.467	4678.267
85	5	5083.316	4668.3027
85	6	5085.7695	4665.688
85	7	5097.7393	4660.0806
85	8	5077.2393	4665.519
85	9	5097.849	4656.663
85	10	5083.0435	4654.9053
85	11	5076.9883	4649.818
85	13	5098.649	4641.3784
85	14	5077.001	4644.778
85	15	5056.395	4683.2373
85	16	5076.8784	4639.638
85	18	5146.8433	4659.153
85	19	5150.7256	4675.025
85	20	5120.904	4729.6675
85	21	5158.86	4680.9014
85	22	5025.3975	4677.7896
85	23	5090.256	4663.61
86	1	5091.558	4659.4424
86	2	5152.0137	4676.449
86	3	5094.467	4678.2666
86	5	5083.316	4668.3027
86	6	5085.7695	4665.688
86	7	5097.7393	4660.0806
86	8	5077.2393	4665.519
86	9	5097.849	4656.663
86	10	5083.0435	4654.9053
86	11	5076.9883	4649.818
86	13	5098.649	4641.3784
86	14	5077.001	4644.778
86	15	5056.395	4683.2373
86	16	5076.8784	4639.638
86	18	5146.8433	4659.153
86	19	5150.7256	4675.025
86	20	5120.904	4729.6675
86	21	5158.86	4680.9014
86	22	5025.3975	4677.7896
86	23	5090.3975	4663.604
87	1	5091.5576	4659.0894
87	2	5152.0137	4676.4863
87	3	5094.467	4678.267
87	5	5083.316	4668.3027
87	6	5085.7695	4665.688
87	7	5097.7393	4660.0806
87	8	5077.2393	4665.519
87	9	5097.849	4656.663
87	10	5083.0435	4654.9053
87	11	5076.9883	4649.818
87	13	5098.649	4641.3784
87	14	5077.001	4644.778
87	15	5056.395	4683.2373
87	16	5076.8784	4639.638
87	18	5146.8433	4659.153
87	19	5150.7256	4675.025
87	20	5120.904	4729.6675
87	21	5158.86	4680.9014
87	22	5025.3975	4677.7896
87	23	5090.5527	4663.599
88	1	5091.5474	4658.744
88	2	5152.011	4676.467
88	3	5094.467	4678.267
88	5	5083.316	4668.3027
88	6	5085.7695	4665.688
88	7	5097.7393	4660.0806
88	8	5077.2393	4665.519
88	9	5097.849	4656.663
88	10	5083.0435	4654.9053
88	11	5076.9883	4649.818
88	13	5098.649	4641.3784
88	14	5077.001	4644.778
88	15	5056.395	4683.2373
88	16	5076.8784	4639.638
88	18	5146.8433	4659.153
88	19	5150.7256	4675.025
88	20	5120.904	4729.6675
88	21	5158.86	4680.9014
88	22	5025.3975	4677.7896
88	23	5090.711	4663.5854
89	1	5091.5425	4658.4
89	2	5152.0244	4676.4497
89	3	5094.467	4678.267
89	5	5083.316	4668.3027
89	6	5085.7695	4665.688
89	7	5097.7393	4660.0806
89	8	5077.2393	4665.519
89	9	5097.849	4656.663
89	10	5083.0435	4654.9053
89	11	5076.9883	4649.818
89	13	5098.649	4641.3784
89	14	5077.001	4644.778
89	15	5056.395	4683.2373
89	16	5076.8784	4639.638
89	18	5146.8433	4659.153
89	19	5150.7256	4675.025
89	20	5120.904	4729.6675
89	21	5158.86	4680.9014
89	22	5025.3975	4677.7896
89	23	5090.853	4663.579
90	1	5091.537	4658.0356
90	2	5152.028	4676.4663
90	3	5094.467	4678.267
90	5	5083.316	4668.3027
90	6	5085.7695	4665.688
90	7	5097.7393	4660.0806
90	8	5077.2393	4665.519
90	9	5097.849	4656.663
90	10	5083.0435	4654.9053
90	11	5076.9883	4649.818
90	13	5098.649	4641.3784
90	14	5077.001	4644.778
90	15	5056.395	4683.2373
90	16	5076.8784	4639.638
90	18	5146.8433	4659.153
90	19	5150.7256	4675.025
90	20	5120.904	4729.6675
90	21	5158.86	4680.9014
90	22	5025.3975	4677.7896
90	23	5091.005	4663.565
