0	1	8539.063	-195.52197
0	2	8566.338	-222.22987
0	3	8551.895	-139.39755
0	5	8576.632	-196.38873
0	6	8594.838	-181.35732
0	7	8612.632	-171.20355
0	8	8615.225	-172.22379
0	9	8547.405	-233.39297
0	10	8612.505	-165.90456
0	11	8618.082	-172.12354
0	12	8598.279	-152.04654
0	13	8624.894	-184.73933
0	14	8620.848	-171.8063
0	15	8618.072	-165.47913
0	16	8597.73	-147.40012
0	17	8623.509	-171.54015
0	18	8526.399	-227.29396
0	19	8529.353	-234.94751
0	20	8629.064	-172.09505
0	21	8611.328	-149.09099
0	22	8527.627	-231.41826
0	23	8634.939	-185.0615
0	24	8620.191	-153.34525
0	25	8511.502	-204.47185
0	27	8634.51	-166.17436
0	28	8637.305	-171.50488
0	30	8640.095	-172.03209
0	31	8504.82	-206.92023
0	50	8643.093	-184.75732
0	52	8634.623	-171.58972
0	60	8631.785	-171.9045
0	61	8642.796	-166.05457
0	63	8598.33	-139.18202
0	64	8648.568	-184.69798
1	1	8539.298	-195.44107
1	2	8566.332	-221.65897
1	3	8551.898	-139.4166
1	5	8576.465	-196.37213
1	6	8594.838	-181.35732
1	7	8612.632	-171.20355
1	8	8615.225	-172.22379
1	9	8547.405	-233.39297
1	10	8612.505	-165.90456
1	11	8618.082	-172.12354
1	12	8598.279	-152.04654
1	13	8624.894	-184.73933
1	14	8620.848	-171.8063
1	15	8618.052	-165.59114
1	16	8597.73	-147.40012
1	17	8623.509	-171.54015
1	18	8526.399	-227.29396
1	19	8530.074	-234.83315
1	20	8629.064	-172.09505
1	21	8611.328	-149.09099
1	22	8527.627	-231.41826
1	23	8634.961	-185.03027
1	24	8620.191	-153.34525
1	25	8511.502	-204.47185
1	26	8545.446	-138.06558
1	27	8634.51	-166.17436
1	28	8637.305	-171.50488
1	30	8640.095	-172.03209
1	31	8504.82	-206.92023
1	50	8643.093	-184.75732
1	52	8634.623	-171.58972
1	59	8598.266	-168.18303
1	60	8631.785	-171.9045
1	61	8642.796	-166.05457
1	63	8598.33	-139.18202
2	1	8539.477	-195.38252
2	2	8566.342	-221.06212
2	3	8551.89	-139.38652
2	4	8559.113	-123.08131
2	5	8576.314	-196.35574
2	6	8594.838	-181.35732
2	7	8612.632	-171.20355
2	8	8615.225	-172.22379
2	9	8547.405	-233.39297
2	10	8612.505	-165.90456
2	11	8618.082	-172.12354
2	12	8598.279	-152.04654
2	13	8624.894	-184.73933
2	14	8620.848	-171.8063
2	15	8618.064	-165.63083
2	16	8597.73	-147.40012
2	17	8623.509	-171.54015
2	18	8526.399	-227.29396
2	19	8530.595	-234.71544
2	20	8629.064	-172.09505
2	21	8611.328	-149.09099
2	22	8527.627	-231.41826
2	23	8634.938	-185.06079
2	24	8620.191	-153.34525
2	25	8511.502	-204.47185
2	26	8545.231	-138.17702
2	27	8634.51	-166.17436
2	28	8637.305	-171.50488
2	30	8640.095	-172.03209
2	31	8504.82	-206.92023
2	50	8643.093	-184.75732
2	52	8634.623	-171.58972
2	59	8598.266	-168.18303
2	60	8631.785	-171.9045
2	61	8642.796	-166.05457
3	1	8539.68	-195.3219
3	2	8566.347	-220.44781
3	3	8551.88	-139.40346
3	4	8559.174	-123.58882
3	5	8576.179	-196.34085
3	6	8594.838	-181.35732
3	7	8612.632	-171.20355
3	8	8615.225	-172.22379
3	9	8547.405	-233.39297
3	10	8612.505	-165.90456
3	11	8618.082	-172.12354
3	12	8598.279	-152.04654
3	13	8624.894	-184.73933
3	14	8620.848	-171.8063
3	15	8618.078	-165.36778
3	16	8597.73	-147.40012
3	17	8623.509	-171.54015
3	18	8526.399	-227.29396
3	19	8530.826	-234.66628
3	20	8629.064	-172.09505
3	21	8611.328	-149.09099
3	22	8527.627	-231.41826
3	23	8634.909	-185.03172
3	24	8620.191	-153.34525
3	25	8511.502	-204.47185
3	26	8544.994	-138.28355
3	27	8634.51	-166.17436
3	28	8637.305	-171.50488
3	30	8640.095	-172.03209
3	31	8504.82	-206.92023
3	50	8643.093	-184.75732
3	52	8634.623	-171.58972
3	59	8598.266	-168.18303
4	1	8539.868	-195.24272
4	2	8566.334	-219.86168
4	3	8551.865	-139.40108
4	4	8559.265	-124.16167
4	5	8576.059	-196.32547
4	6	8594.838	-181.35732
4	7	8612.632	-171.20355
4	8	8615.225	-172.22379
4	9	8547.405	-233.39297
4	10	8612.505	-165.90456
4	11	8618.082	-172.12354
4	12	8598.279	-152.04654
4	13	8624.894	-184.73933
4	14	8620.848	-171.8063
4	15	8618.066	-165.45453
4	16	8597.73	-147.40012
4	17	8623.509	-171.54015
4	18	8526.399	-227.29396
4	19	8530.883	-234.62798
4	20	8629.064	-172.09505
4	21	8611.328	-149.09099
4	22	8527.627	-231.41826
4	23	8634.914	-185.05768
4	24	8620.191	-153.34525
4	25	8511.502	-204.47185
4	26	8544.752	-138.36183
4	27	8634.51	-166.17436
4	28	8637.305	-171.50488
4	30	8640.095	-172.03209
4	31	8504.82	-206.92023
4	50	8643.093	-184.75732
4	52	8634.623	-171.58972
4	59	8598.266	-168.18303
5	1	8540.066	-195.18826
5	2	8566.353	-219.27325
5	3	8551.865	-139.40738
5	4	8559.276	-124.7248
5	5	8575.952	-196.31248
5	6	8594.838	-181.35732
5	7	8612.632	-171.20355
5	8	8615.225	-172.22379
5	9	8547.405	-233.39297
5	10	8612.505	-165.90456
5	11	8618.082	-172.12354
5	12	8598.279	-152.04654
5	13	8624.894	-184.73933
5	14	8620.848	-171.8063
5	15	8618.09	-165.13538
5	16	8597.73	-147.40012
5	17	8623.509	-171.54015
5	18	8526.399	-227.29396
5	19	8530.965	-234.6079
5	20	8629.064	-172.09505
5	21	8611.328	-149.09099
5	22	8527.627	-231.41826
5	23	8634.8955	-185.10529
5	24	8620.191	-153.34525
5	25	8511.502	-204.47185
5	26	8544.61	-138.42781
5	27	8634.51	-166.17436
5	28	8637.305	-171.50488
5	30	8640.095	-172.03209
5	31	8504.82	-206.92023
5	50	8643.093	-184.75732
5	52	8634.623	-171.58972
6	1	8540.219	-195.12376
6	2	8566.354	-218.70758
6	3	8551.852	-139.4084
6	4	8559.318	-125.294235
6	5	8575.859	-196.30043
6	6	8594.838	-181.35732
6	7	8612.632	-171.20355
6	8	8615.225	-172.22379
6	9	8547.405	-233.39297
6	10	8612.505	-165.90456
6	11	8618.082	-172.12354
6	12	8598.279	-152.04654
6	13	8624.894	-184.73933
6	14	8620.848	-171.8063
6	15	8618.087	-165.02138
6	16	8597.73	-147.40012
6	17	8623.509	-171.54015
6	18	8526.399	-227.29396
6	19	8531.066	-234.59581
6	20	8629.064	-172.09505
6	21	8611.328	-149.09099
6	22	8527.627	-231.41826
6	23	8634.868	-185.04985
6	24	8620.191	-153.34525
6	25	8511.502	-204.47185
6	26	8544.468	-138.52895
6	27	8634.51	-166.17436
6	28	8637.305	-171.50488
6	30	8640.095	-172.03209
6	31	8504.82	-206.92023
6	50	8643.093	-184.75732
6	52	8634.623	-171.58972
7	1	8540.387	-195.05359
7	2	8566.354	-218.15448
7	3	8551.8545	-139.41614
7	4	8559.373	-125.90764
7	5	8575.778	-196.2896
7	6	8594.838	-181.35732
7	7	8612.632	-171.20355
7	8	8615.225	-172.22379
7	9	8547.405	-233.39297
7	10	8612.505	-165.90456
7	11	8618.082	-172.12354
7	12	8598.279	-152.04654
7	13	8624.894	-184.73933
7	14	8620.848	-171.8063
7	15	8618.082	-165.21794
7	16	8597.73	-147.40012
7	17	8623.509	-171.54015
7	18	8526.399	-227.29396
7	19	8531.109	-234.59164
7	20	8629.064	-172.09505
7	21	8611.328	-149.09099
7	22	8527.627	-231.41826
7	23	8634.8545	-185.10101
7	24	8620.191	-153.34525
7	25	8511.502	-204.47185
7	26	8544.314	-138.6077
7	27	8634.51	-166.17436
7	28	8637.305	-171.50488
7	30	8640.095	-172.03209
7	31	8504.82	-206.92023
7	50	8643.093	-184.75732
7	52	8634.623	-171.58972
8	1	8540.539	-195.00253
8	2	8566.355	-217.61414
8	3	8551.87	-139.41237
8	4	8559.369	-126.52848
8	5	8575.712	-196.28012
8	6	8594.838	-181.35732
8	7	8612.632	-171.20355
8	8	8615.225	-172.22379
8	9	8547.405	-233.39297
8	10	8612.505	-165.90456
8	11	8618.082	-172.12354
8	12	8598.279	-152.04654
8	13	8624.894	-184.73933
8	14	8620.848	-171.8063
8	15	8618.068	-165.3419
8	16	8597.73	-147.40012
8	17	8623.509	-171.54015
8	18	8526.399	-227.29396
8	19	8531.129	-234.58388
8	20	8629.064	-172.09505
8	21	8611.328	-149.09099
8	22	8527.627	-231.41826
8	23	8634.834	-185.12167
8	24	8620.191	-153.34525
8	25	8511.502	-204.47185
8	26	8544.159	-138.68698
8	27	8634.51	-166.17436
8	28	8637.305	-171.50488
8	30	8640.095	-172.03209
8	31	8504.82	-206.92023
8	50	8643.093	-184.75732
9	1	8540.719	-194.93254
9	2	8566.366	-217.04362
9	3	8551.861	-139.41081
9	4	8559.439	-127.13329
9	5	8575.659	-196.27153
9	6	8594.838	-181.35732
9	7	8612.632	-171.20355
9	8	8615.225	-172.22379
9	9	8547.405	-233.39297
9	10	8612.505	-165.90456
9	11	8618.082	-172.12354
9	12	8598.279	-152.04654
9	13	8624.894	-184.73933
9	14	8620.848	-171.8063
9	15	8618.078	-165.66025
9	16	8597.73	-147.40012
9	17	8623.509	-171.54015
9	18	8526.399	-227.29396
9	19	8531.178	-234.58217
9	20	8629.064	-172.09505
9	21	8611.328	-149.09099
9	22	8527.627	-231.41826
9	23	8634.824	-185.15652
9	24	8620.191	-153.34525
9	25	8511.502	-204.47185
9	26	8543.959	-138.77237
9	27	8634.51	-166.17436
9	28	8637.305	-171.50488
9	30	8640.095	-172.03209
9	31	8504.82	-206.92023
9	50	8643.093	-184.75732
10	1	8540.872	-194.87051
10	2	8566.351	-216.52446
10	3	8551.865	-139.41345
10	4	8559.46	-127.74865
10	5	8575.617	-196.26492
10	6	8594.838	-181.35732
10	7	8612.632	-171.20355
10	8	8615.225	-172.22379
10	9	8547.405	-233.39297
10	10	8612.505	-165.90456
10	11	8618.082	-172.12354
10	12	8598.279	-152.04654
10	13	8624.894	-184.73933
10	14	8620.848	-171.8063
10	15	8618.05	-165.88005
10	16	8597.73	-147.40012
10	17	8623.509	-171.54015
10	18	8526.399	-227.29396
10	19	8531.268	-234.56366
10	20	8629.064	-172.09505
10	21	8611.328	-149.09099
10	22	8527.627	-231.41826
10	23	8634.821	-185.15318
10	24	8620.191	-153.34525
10	25	8511.502	-204.47185
10	26	8543.821	-138.84978
10	27	8634.51	-166.17436
10	28	8637.305	-171.50488
10	29	8642.793	-184.4634
10	30	8640.095	-172.03209
10	31	8504.82	-206.92023
11	1	8541.037	-194.80553
11	2	8566.36	-216.01686
11	3	8551.847	-139.41628
11	4	8559.498	-128.36948
11	5	8575.581	-196.25977
11	6	8594.838	-181.35732
11	7	8612.632	-171.20355
11	8	8615.225	-172.22379
11	9	8547.405	-233.39297
11	10	8612.505	-165.90456
11	11	8618.082	-172.12354
11	12	8598.279	-152.04654
11	13	8624.894	-184.73933
11	14	8620.848	-171.8063
11	15	8618.057	-165.75027
11	16	8597.73	-147.40012
11	17	8623.509	-171.54015
11	18	8526.399	-227.29396
11	19	8531.254	-234.51158
11	20	8629.064	-172.09505
11	21	8611.328	-149.09099
11	22	8527.627	-231.41826
11	23	8634.812	-185.15561
11	24	8620.191	-153.34525
11	25	8511.502	-204.47185
11	26	8543.661	-138.92458
11	27	8634.51	-166.17436
11	28	8637.305	-171.50488
11	29	8642.793	-184.4634
11	30	8640.095	-172.03209
11	31	8504.82	-206.92023
12	1	8541.181	-194.7371
12	2	8566.381	-215.51213
12	3	8551.852	-139.41971
12	4	8559.5625	-128.98735
12	5	8575.549	-196.25525
12	6	8594.838	-181.35732
12	7	8612.632	-171.20355
12	8	8615.225	-172.22379
12	9	8547.405	-233.39297
12	10	8612.505	-165.90456
12	11	8618.082	-172.12354
12	12	8598.279	-152.04654
12	13	8624.894	-184.73933
12	14	8620.848	-171.8063
12	15	8618.083	-165.57901
12	16	8597.73	-147.40012
12	17	8623.509	-171.54015
12	18	8526.399	-227.29396
12	19	8531.13	-234.62581
12	20	8629.064	-172.09505
12	21	8611.328	-149.09099
12	22	8527.627	-231.41826
12	23	8634.837	-185.16643
12	24	8620.191	-153.34525
12	25	8511.502	-204.47185
12	26	8543.531	-138.98303
12	27	8634.51	-166.17436
12	28	8637.305	-171.50488
12	29	8642.793	-184.4634
12	30	8640.095	-172.03209
12	31	8504.82	-206.92023
13	1	8541.357	-194.67761
13	2	8566.385	-215.02971
13	3	8551.862	-139.40811
13	4	8559.598	-129.61508
13	5	8575.522	-196.25113
13	6	8594.838	-181.35732
13	7	8612.632	-171.20355
13	8	8615.225	-172.22379
13	9	8547.405	-233.39297
13	10	8612.505	-165.90456
13	11	8618.082	-172.12354
13	12	8598.279	-152.04654
13	13	8624.894	-184.73933
13	14	8620.848	-171.8063
13	15	8618.066	-165.30522
13	16	8597.73	-147.40012
13	17	8623.509	-171.54015
13	18	8526.399	-227.29396
13	19	8531.329	-234.5671
13	20	8629.064	-172.09505
13	21	8611.328	-149.09099
13	22	8527.627	-231.41826
13	23	8634.823	-185.11047
13	24	8620.191	-153.34525
13	25	8511.502	-204.47185
13	26	8543.485	-139.06204
13	27	8634.51	-166.17436
13	28	8637.305	-171.50488
13	29	8642.793	-184.4634
13	30	8640.095	-172.03209
13	31	8504.82	-206.92023
14	1	8541.527	-194.61267
14	2	8566.379	-214.54848
14	3	8551.85	-139.42116
14	4	8559.625	-130.26495
14	5	8575.499	-196.24835
14	6	8594.838	-181.35732
14	7	8612.632	-171.20355
14	8	8615.225	-172.22379
14	9	8547.405	-233.39297
14	10	8612.505	-165.90456
14	11	8618.082	-172.12354
14	12	8598.279	-152.04654
14	13	8624.894	-184.73933
14	14	8620.848	-171.8063
14	15	8618.0625	-165.21242
14	16	8597.73	-147.40012
14	17	8623.509	-171.54015
14	19	8531.22	-234.62442
14	20	8629.064	-172.09505
14	21	8611.328	-149.09099
14	22	8527.627	-231.41826
14	23	8634.879	-185.14175
14	24	8620.191	-153.34525
14	25	8511.502	-204.47185
14	26	8543.356	-139.07376
14	27	8634.51	-166.17436
14	28	8637.305	-171.50488
14	29	8642.793	-184.4634
14	30	8640.095	-172.03209
14	31	8504.82	-206.92023
15	1	8541.677	-194.55069
15	2	8566.396	-214.0749
15	3	8551.837	-139.4254
15	4	8559.692	-130.90767
15	5	8575.4795	-196.247
15	6	8594.838	-181.35732
15	7	8612.632	-171.20355
15	8	8615.225	-172.22379
15	9	8547.405	-233.39297
15	10	8612.505	-165.90456
15	11	8618.082	-172.12354
15	12	8598.279	-152.04654
15	13	8624.894	-184.73933
15	14	8620.848	-171.8063
15	15	8618.052	-164.70157
15	16	8597.73	-147.40012
15	17	8623.509	-171.54015
15	19	8531.213	-234.63248
15	20	8629.064	-172.09505
15	21	8611.328	-149.09099
15	22	8527.627	-231.41826
15	23	8634.88	-185.15633
15	24	8620.191	-153.34525
15	25	8511.502	-204.47185
15	26	8543.198	-139.14964
15	27	8634.51	-166.17436
15	28	8637.305	-171.50488
15	29	8642.793	-184.4634
15	30	8640.095	-172.03209
15	31	8504.82	-206.92023
16	1	8541.83	-194.47925
16	2	8566.399	-213.6346
16	3	8551.843	-139.42656
16	4	8559.728	-131.60736
16	5	8575.462	-196.24391
16	6	8594.838	-181.35732
16	7	8612.632	-171.20355
16	8	8615.225	-172.22379
16	9	8547.405	-233.39297
16	10	8612.505	-165.90456
16	11	8618.082	-172.12354
16	12	8598.279	-152.04654
16	13	8624.894	-184.73933
16	14	8620.848	-171.8063
16	15	8618.09	-164.26314
16	16	8597.73	-147.40012
16	17	8623.509	-171.54015
16	19	8531.043	-234.61371
16	20	8629.064	-172.09505
16	21	8611.328	-149.09099
16	22	8527.627	-231.41826
16	23	8634.901	-185.14363
16	24	8620.191	-153.34525
16	25	8511.502	-204.47185
16	26	8542.975	-139.22159
16	27	8634.51	-166.17436
16	28	8637.305	-171.50488
16	29	8642.793	-184.4634
16	30	8640.095	-172.03209
16	31	8504.82	-206.92023
17	1	8541.979	-194.41391
17	2	8566.396	-213.20277
17	3	8551.845	-139.42393
17	4	8559.764	-132.26656
17	5	8575.449	-196.24228
17	6	8594.838	-181.35732
17	7	8612.632	-171.20355
17	8	8615.225	-172.22379
17	9	8547.405	-233.39297
17	10	8612.505	-165.90456
17	11	8618.082	-172.12354
17	12	8598.279	-152.04654
17	13	8624.894	-184.73933
17	14	8620.848	-171.8063
17	15	8618.106	-164.20348
17	16	8597.73	-147.40012
17	17	8623.509	-171.54015
17	19	8531.039	-234.6645
17	20	8629.064	-172.09505
17	21	8611.328	-149.09099
17	22	8527.627	-231.41826
17	23	8634.928	-185.07558
17	24	8620.191	-153.34525
17	25	8511.502	-204.47185
17	26	8542.779	-139.2961
17	27	8634.51	-166.17436
17	28	8637.305	-171.50488
17	29	8642.793	-184.4634
17	30	8640.095	-172.03209
17	31	8504.82	-206.92023
18	1	8542.153	-194.34677
18	2	8566.397	-212.75647
18	3	8551.85	-139.42227
18	4	8559.797	-132.96498
18	5	8575.4375	-196.23999
18	6	8594.838	-181.35732
18	7	8612.632	-171.20355
18	8	8615.225	-172.22379
18	9	8547.405	-233.39297
18	10	8612.505	-165.90456
18	11	8618.082	-172.12354
18	12	8598.279	-152.04654
18	13	8624.894	-184.73933
18	14	8620.848	-171.8063
18	16	8597.73	-147.40012
18	17	8623.509	-171.54015
18	19	8530.94	-234.66475
18	20	8629.064	-172.09505
18	21	8611.328	-149.09099
18	22	8527.627	-231.41826
18	23	8634.935	-185.09482
18	24	8620.191	-153.34525
18	25	8511.502	-204.47185
18	26	8542.307	-139.47234
18	27	8634.51	-166.17436
18	28	8637.305	-171.50488
18	29	8642.793	-184.4634
18	30	8640.095	-172.03209
18	31	8504.82	-206.92023
19	1	8542.329	-194.26448
19	2	8566.401	-212.3314
19	3	8551.8545	-139.42107
19	4	8559.856	-133.64091
19	5	8575.427	-196.23811
19	6	8594.838	-181.35732
19	7	8612.632	-171.20355
19	8	8615.225	-172.22379
19	9	8547.405	-233.39297
19	10	8612.505	-165.90456
19	11	8618.082	-172.12354
19	12	8598.279	-152.04654
19	13	8624.894	-184.73933
19	14	8620.848	-171.8063
19	16	8597.73	-147.40012
19	17	8623.509	-171.54015
19	19	8530.923	-234.65112
19	20	8629.064	-172.09505
19	21	8611.328	-149.09099
19	22	8527.627	-231.41826
19	23	8634.953	-185.09277
19	24	8620.191	-153.34525
19	25	8511.502	-204.47185
19	26	8542.114	-139.5699
19	27	8634.51	-166.17436
19	28	8637.305	-171.50488
19	29	8642.793	-184.4634
19	30	8640.095	-172.03209
19	31	8504.82	-206.92023
20	1	8542.474	-194.19478
20	2	8566.407	-211.90337
20	3	8551.848	-139.42912
20	4	8559.873	-134.35394
20	5	8575.416	-196.23622
20	6	8594.838	-181.35732
20	7	8612.632	-171.20355
20	8	8615.225	-172.22379
20	9	8547.405	-233.39297
20	10	8612.505	-165.90456
20	11	8618.082	-172.12354
20	12	8598.279	-152.04654
20	13	8624.894	-184.73933
20	14	8620.848	-171.8063
20	16	8597.73	-147.40012
20	17	8623.509	-171.54015
20	19	8531.032	-234.65474
20	20	8629.064	-172.09505
20	21	8611.328	-149.09099
20	22	8527.627	-231.41826
20	23	8634.955	-185.06079
20	24	8620.191	-153.34525
20	25	8511.502	-204.47185
20	26	8541.817	-139.66267
20	27	8634.51	-166.17436
20	28	8637.305	-171.50488
20	29	8642.793	-184.4634
20	30	8640.095	-172.03209
20	31	8504.82	-206.92023
21	1	8542.644	-194.12067
21	2	8566.417	-211.44104
21	3	8551.876	-139.4245
21	4	8559.921	-135.08194
21	5	8575.407	-196.23473
21	6	8594.838	-181.35732
21	7	8612.632	-171.20355
21	8	8615.225	-172.22379
21	9	8547.405	-233.39297
21	10	8612.505	-165.90456
21	11	8618.082	-172.12354
21	12	8598.279	-152.04654
21	13	8624.894	-184.73933
21	14	8620.848	-171.8063
21	16	8597.73	-147.40012
21	17	8623.509	-171.54015
21	19	8531.032	-234.64812
21	20	8629.064	-172.09505
21	21	8611.328	-149.09099
21	22	8527.627	-231.41826
21	23	8634.949	-185.03914
21	24	8620.191	-153.34525
21	25	8511.502	-204.47185
21	26	8541.472	-139.81044
21	27	8634.51	-166.17436
21	28	8637.305	-171.50488
21	29	8642.793	-184.4634
21	30	8640.095	-172.03209
21	31	8504.82	-206.92023
22	1	8542.808	-194.04425
22	2	8566.412	-211.01447
22	3	8551.889	-139.42374
22	4	8559.952	-135.76917
22	5	8575.398	-196.23265
22	6	8594.838	-181.35732
22	7	8612.632	-171.20355
22	8	8615.225	-172.22379
22	9	8547.405	-233.39297
22	10	8612.505	-165.90456
22	11	8618.082	-172.12354
22	12	8598.279	-152.04654
22	13	8624.894	-184.73933
22	14	8620.848	-171.8063
22	16	8597.73	-147.40012
22	17	8623.509	-171.54015
22	20	8629.064	-172.09505
22	21	8611.328	-149.09099
22	22	8527.627	-231.41826
22	23	8634.943	-185.04854
22	24	8620.191	-153.34525
22	25	8511.502	-204.47185
22	26	8541.202	-139.89857
22	27	8634.51	-166.17436
22	28	8637.305	-171.50488
22	29	8642.793	-184.4634
22	30	8640.095	-172.03209
22	31	8504.82	-206.92023
23	1	8542.977	-193.97108
23	2	8566.424	-210.59573
23	3	8551.914	-139.42763
23	4	8559.963	-136.51558
23	5	8575.393	-196.23149
23	6	8594.838	-181.35732
23	7	8612.632	-171.20355
23	8	8615.225	-172.22379
23	9	8547.405	-233.39297
23	10	8612.505	-165.90456
23	11	8618.082	-172.12354
23	12	8598.279	-152.04654
23	13	8624.894	-184.73933
23	14	8620.848	-171.8063
23	16	8597.73	-147.40012
23	17	8623.509	-171.54015
23	19	8531.142	-234.58507
23	20	8629.064	-172.09505
23	21	8611.328	-149.09099
23	22	8527.627	-231.41826
23	23	8634.95	-185.06876
23	24	8620.191	-153.34525
23	25	8511.502	-204.47185
23	26	8540.863	-140.00465
23	27	8634.51	-166.17436
23	28	8637.305	-171.50488
23	29	8642.793	-184.4634
23	30	8640.095	-172.03209
23	31	8504.82	-206.92023
24	1	8543.127	-193.90506
24	2	8566.426	-210.17871
24	3	8551.952	-139.41254
24	4	8560.025	-137.26843
24	5	8575.387	-196.2303
24	6	8594.838	-181.35732
24	7	8612.632	-171.20355
24	8	8615.225	-172.22379
24	9	8547.405	-233.39297
24	10	8612.505	-165.90456
24	11	8618.082	-172.12354
24	12	8598.279	-152.04654
24	13	8624.894	-184.73933
24	14	8620.848	-171.8063
24	16	8597.73	-147.40012
24	17	8623.509	-171.54015
24	19	8531.173	-234.62509
24	20	8629.064	-172.09505
24	21	8611.328	-149.09099
24	22	8527.627	-231.41826
24	23	8634.912	-185.08539
24	24	8620.191	-153.34525
24	25	8511.502	-204.47185
24	26	8540.582	-140.1303
24	27	8634.51	-166.17436
24	29	8642.793	-184.4634
24	30	8640.095	-172.03209
24	31	8504.82	-206.92023
25	1	8543.276	-193.83969
25	2	8566.43	-209.74591
25	3	8551.994	-139.40494
25	4	8560.04	-138.00958
25	5	8575.385	-196.2297
25	6	8594.838	-181.35732
25	7	8612.632	-171.20355
25	8	8615.225	-172.22379
25	9	8547.405	-233.39297
25	10	8612.505	-165.90456
25	11	8618.082	-172.12354
25	12	8598.279	-152.04654
25	13	8624.894	-184.73933
25	14	8620.848	-171.8063
25	16	8597.73	-147.40012
25	17	8623.509	-171.54015
25	19	8531.121	-234.61726
25	20	8629.064	-172.09505
25	21	8611.328	-149.09099
25	22	8527.627	-231.41826
25	23	8634.915	-185.01802
25	24	8620.191	-153.34525
25	25	8511.502	-204.47185
25	26	8540.272	-140.23082
25	27	8634.51	-166.17436
25	29	8642.793	-184.4634
25	30	8640.095	-172.03209
25	31	8504.82	-206.92023
26	1	8543.452	-193.76456
26	2	8566.446	-209.34439
26	3	8552.079	-139.40106
26	4	8560.093	-138.79346
26	5	8575.383	-196.22906
26	6	8594.838	-181.35732
26	7	8612.632	-171.20355
26	8	8615.225	-172.22379
26	9	8547.405	-233.39297
26	10	8612.505	-165.90456
26	11	8618.082	-172.12354
26	12	8598.279	-152.04654
26	13	8624.894	-184.73933
26	14	8620.848	-171.8063
26	16	8597.73	-147.40012
26	17	8623.509	-171.54015
26	19	8531.155	-234.59177
26	20	8629.064	-172.09505
26	21	8611.328	-149.09099
26	22	8527.627	-231.41826
26	23	8634.8955	-185.09354
26	24	8620.191	-153.34525
26	25	8511.502	-204.47185
26	26	8540.02	-140.33707
26	27	8634.51	-166.17436
26	29	8642.793	-184.4634
26	30	8640.095	-172.03209
26	31	8504.82	-206.92023
27	1	8543.6045	-193.69781
27	2	8566.446	-208.94348
27	3	8552.144	-139.3779
27	4	8560.122	-139.5568
27	5	8575.382	-196.22896
27	6	8594.838	-181.35732
27	7	8612.632	-171.20355
27	8	8615.225	-172.22379
27	9	8547.405	-233.39297
27	10	8612.505	-165.90456
27	11	8618.082	-172.12354
27	12	8598.279	-152.04654
27	13	8624.894	-184.73933
27	14	8620.848	-171.8063
27	16	8597.73	-147.40012
27	17	8623.509	-171.54015
27	19	8531.048	-234.63228
27	20	8629.064	-172.09505
27	21	8611.328	-149.09099
27	22	8527.627	-231.41826
27	23	8634.914	-185.04454
27	24	8620.191	-153.34525
27	25	8511.502	-204.47185
27	27	8634.51	-166.17436
27	29	8642.793	-184.4634
27	30	8640.095	-172.03209
27	31	8504.82	-206.92023
28	1	8543.766	-193.6366
28	2	8566.467	-208.58224
28	3	8552.25	-139.37326
28	4	8560.156	-140.34766
28	5	8575.382	-196.22897
28	6	8594.838	-181.35732
28	7	8612.632	-171.20355
28	8	8615.225	-172.22379
28	9	8547.405	-233.39297
28	10	8612.505	-165.90456
28	11	8618.082	-172.12354
28	12	8598.279	-152.04654
28	13	8624.894	-184.73933
28	14	8620.848	-171.8063
28	16	8597.73	-147.40012
28	17	8623.509	-171.54015
28	19	8531.067	-234.62328
28	20	8629.064	-172.09505
28	21	8611.328	-149.09099
28	22	8527.627	-231.41826
28	23	8634.913	-185.03903
28	24	8620.191	-153.34525
28	25	8511.502	-204.47185
28	27	8634.51	-166.17436
28	29	8642.793	-184.4634
28	30	8640.095	-172.03209
28	31	8504.82	-206.92023
29	1	8543.927	-193.56444
29	2	8566.489	-208.21089
29	3	8552.356	-139.3493
29	4	8560.192	-141.13963
29	5	8575.384	-196.2288
29	6	8594.838	-181.35732
29	7	8612.632	-171.20355
29	8	8615.225	-172.22379
29	9	8547.405	-233.39297
29	10	8612.505	-165.90456
29	11	8618.082	-172.12354
29	12	8598.279	-152.04654
29	13	8624.894	-184.73933
29	14	8620.848	-171.8063
29	16	8597.73	-147.40012
29	17	8623.509	-171.54015
29	19	8531.064	-234.62883
29	20	8629.064	-172.09505
29	21	8611.328	-149.09099
29	22	8527.627	-231.41826
29	23	8634.911	-185.03764
29	24	8620.191	-153.34525
29	25	8511.502	-204.47185
29	27	8634.51	-166.17436
29	29	8642.793	-184.4634
29	30	8640.095	-172.03209
29	31	8504.82	-206.92023
29	51	8620.007	-149.5951
30	1	8544.094	-193.49016
30	2	8566.524	-207.8191
30	3	8552.534	-139.31085
30	4	8560.232	-141.96072
30	5	8575.386	-196.22937
30	6	8594.838	-181.35732
30	7	8612.632	-171.20355
30	8	8615.225	-172.22379
30	9	8547.405	-233.39297
30	10	8612.505	-165.90456
30	11	8618.082	-172.12354
30	12	8598.279	-152.04654
30	13	8624.894	-184.73933
30	14	8620.848	-171.8063
30	16	8597.73	-147.40012
30	17	8623.509	-171.54015
30	19	8531.117	-234.62845
30	20	8629.064	-172.09505
30	21	8611.328	-149.09099
30	22	8527.627	-231.41826
30	23	8634.911	-185.08556
30	24	8620.191	-153.34525
30	25	8511.502	-204.47185
30	27	8634.51	-166.17436
30	29	8642.793	-184.4634
30	30	8640.095	-172.03209
30	31	8504.82	-206.92023
30	51	8620.011	-149.602
31	1	8544.253	-193.41556
31	2	8566.552	-207.46106
31	3	8552.66	-139.28822
31	4	8560.272	-142.77832
31	5	8575.388	-196.22966
31	6	8594.838	-181.35732
31	7	8612.632	-171.20355
31	8	8615.225	-172.22379
31	10	8612.505	-165.90456
31	11	8618.082	-172.12354
31	12	8598.279	-152.04654
31	13	8624.894	-184.73933
31	14	8620.848	-171.8063
31	16	8597.73	-147.40012
31	17	8623.509	-171.54015
31	19	8531.175	-234.61789
31	20	8629.064	-172.09505
31	21	8611.328	-149.09099
31	22	8527.627	-231.41826
31	23	8634.908	-185.0885
31	24	8620.191	-153.34525
31	25	8511.502	-204.47185
31	27	8634.51	-166.17436
31	29	8642.793	-184.4634
31	30	8640.095	-172.03209
31	31	8504.82	-206.92023
31	32	8547.485	-233.451
31	51	8619.99	-149.60638
32	1	8544.443	-193.34216
32	2	8566.591	-207.12273
32	3	8552.836	-139.25517
32	4	8560.306	-143.60881
32	5	8575.388	-196.22964
32	6	8594.838	-181.35732
32	7	8612.632	-171.20355
32	8	8615.225	-172.22379
32	10	8612.505	-165.90456
32	11	8618.082	-172.12354
32	12	8598.279	-152.04654
32	13	8624.894	-184.73933
32	14	8620.848	-171.8063
32	16	8597.73	-147.40012
32	17	8623.509	-171.54015
32	19	8531.158	-234.6037
32	20	8629.064	-172.09505
32	21	8611.328	-149.09099
32	22	8527.627	-231.41826
32	23	8634.923	-185.07654
32	24	8620.191	-153.34525
32	25	8511.502	-204.47185
32	27	8634.51	-166.17436
32	29	8642.793	-184.4634
32	30	8640.095	-172.03209
32	31	8504.82	-206.92023
32	32	8547.485	-233.451
32	51	8619.995	-149.62622
33	1	8544.613	-193.28172
33	2	8566.624	-206.79224
33	3	8552.994	-139.22456
33	4	8560.325	-144.45287
33	5	8575.39	-196.22998
33	6	8594.838	-181.35732
33	7	8612.632	-171.20355
33	8	8615.225	-172.22379
33	10	8612.505	-165.90456
33	11	8618.082	-172.12354
33	12	8598.279	-152.04654
33	13	8624.894	-184.73933
33	14	8620.848	-171.8063
33	16	8597.73	-147.40012
33	17	8623.509	-171.54015
33	19	8531.214	-234.60728
33	20	8629.064	-172.09505
33	21	8611.328	-149.09099
33	22	8527.627	-231.41826
33	23	8634.918	-185.10953
33	24	8620.191	-153.34525
33	25	8511.502	-204.47185
33	27	8634.51	-166.17436
33	30	8640.095	-172.03209
33	31	8504.82	-206.92023
33	32	8547.485	-233.451
33	35	8643.0	-184.48306
33	51	8619.991	-149.6175
34	1	8544.767	-193.21852
34	2	8566.676	-206.48033
34	3	8553.201	-139.18779
34	4	8560.34	-145.25574
34	5	8575.391	-196.23027
34	6	8594.838	-181.35732
34	7	8612.632	-171.20355
34	8	8615.225	-172.22379
34	10	8612.505	-165.90456
34	11	8618.082	-172.12354
34	12	8598.279	-152.04654
34	13	8624.894	-184.73933
34	14	8620.848	-171.8063
34	16	8597.73	-147.40012
34	17	8623.509	-171.54015
34	19	8531.314	-234.60748
34	20	8629.064	-172.09505
34	21	8611.328	-149.09099
34	22	8527.627	-231.41826
34	23	8634.913	-185.12094
34	24	8620.191	-153.34525
34	25	8511.502	-204.47185
34	27	8634.51	-166.17436
34	30	8640.095	-172.03209
34	31	8504.82	-206.92023
34	32	8547.485	-233.451
34	35	8643.0	-184.48306
34	51	8619.983	-149.61559
35	1	8544.909	-193.15901
35	2	8566.736	-206.15073
35	3	8553.435	-139.134
35	4	8560.389	-146.11194
35	5	8575.393	-196.23094
35	6	8594.838	-181.35732
35	7	8612.632	-171.20355
35	8	8615.225	-172.22379
35	10	8612.505	-165.90456
35	11	8618.082	-172.12354
35	12	8598.279	-152.04654
35	13	8624.894	-184.73933
35	14	8620.848	-171.8063
35	16	8597.73	-147.40012
35	17	8623.509	-171.54015
35	19	8531.312	-234.58923
35	20	8629.064	-172.09505
35	21	8611.328	-149.09099
35	22	8527.627	-231.41826
35	23	8634.923	-185.11778
35	24	8620.191	-153.34525
35	25	8511.502	-204.47185
35	27	8634.51	-166.17436
35	30	8640.095	-172.03209
35	31	8504.82	-206.92023
35	32	8547.485	-233.451
35	35	8643.0	-184.48306
35	51	8619.986	-149.63597
36	1	8545.071	-193.10149
36	2	8566.782	-205.8505
36	3	8553.618	-139.08488
36	4	8560.399	-146.92854
36	5	8575.393	-196.2309
36	6	8594.838	-181.35732
36	7	8612.632	-171.20355
36	8	8615.225	-172.22379
36	10	8612.505	-165.90456
36	11	8618.082	-172.12354
36	12	8598.279	-152.04654
36	13	8624.894	-184.73933
36	14	8620.848	-171.8063
36	16	8597.73	-147.40012
36	17	8623.509	-171.54015
36	19	8531.267	-234.59796
36	20	8629.064	-172.09505
36	21	8611.328	-149.09099
36	22	8527.627	-231.41826
36	23	8634.925	-185.15082
36	24	8620.191	-153.34525
36	25	8511.502	-204.47185
36	27	8634.51	-166.17436
36	30	8640.095	-172.03209
36	31	8504.82	-206.92023
36	32	8547.485	-233.451
36	35	8643.0	-184.48306
37	1	8545.242	-193.03772
37	2	8566.865	-205.54259
37	3	8553.81	-139.0362
37	4	8560.427	-147.81274
37	5	8575.393	-196.23082
37	6	8594.838	-181.35732
37	7	8612.632	-171.20355
37	8	8615.225	-172.22379
37	10	8612.505	-165.90456
37	11	8618.082	-172.12354
37	12	8598.279	-152.04654
37	13	8624.894	-184.73933
37	14	8620.848	-171.8063
37	16	8597.73	-147.40012
37	17	8623.509	-171.54015
37	19	8531.22	-234.60036
37	20	8629.064	-172.09505
37	21	8611.328	-149.09099
37	22	8527.627	-231.41826
37	23	8634.931	-185.0907
37	24	8620.191	-153.34525
37	25	8511.502	-204.47185
37	27	8634.51	-166.17436
37	30	8640.095	-172.03209
37	31	8504.82	-206.92023
37	32	8547.485	-233.451
37	33	8631.846	-171.8991
37	35	8643.0	-184.48306
37	51	8619.98	-149.63062
38	1	8545.408	-192.9724
38	2	8566.925	-205.24081
38	3	8553.999	-138.98349
38	4	8560.449	-148.65869
38	5	8575.393	-196.23077
38	6	8594.838	-181.35732
38	7	8612.632	-171.20355
38	8	8615.225	-172.22379
38	10	8612.505	-165.90456
38	11	8618.082	-172.12354
38	12	8598.279	-152.04654
38	13	8624.894	-184.73933
38	14	8620.848	-171.8063
38	16	8597.73	-147.40012
38	17	8623.509	-171.54015
38	19	8531.151	-234.61945
38	20	8629.064	-172.09505
38	21	8611.328	-149.09099
38	22	8527.627	-231.41826
38	23	8634.944	-185.09354
38	24	8620.191	-153.34525
38	25	8511.502	-204.47185
38	27	8634.51	-166.17436
38	30	8640.095	-172.03209
38	31	8504.82	-206.92023
38	32	8547.485	-233.451
38	33	8631.846	-171.8991
38	35	8643.0	-184.48306
38	39	8579.841	-131.78249
38	51	8619.976	-149.64024
39	1	8545.569	-192.9017
39	2	8567.016	-204.98445
39	3	8554.243	-138.92067
39	4	8560.473	-149.56444
39	5	8575.392	-196.23053
39	6	8594.838	-181.35732
39	7	8612.632	-171.20355
39	8	8615.225	-172.22379
39	10	8612.505	-165.90456
39	11	8618.082	-172.12354
39	12	8598.279	-152.04654
39	13	8624.894	-184.73933
39	14	8620.848	-171.8063
39	16	8597.73	-147.40012
39	17	8623.509	-171.54015
39	19	8531.113	-234.61795
39	20	8629.064	-172.09505
39	21	8611.328	-149.09099
39	22	8527.627	-231.41826
39	23	8634.939	-185.10959
39	24	8620.191	-153.34525
39	25	8511.502	-204.47185
39	27	8634.51	-166.17436
39	30	8640.095	-172.03209
39	31	8504.82	-206.92023
39	32	8547.485	-233.451
39	33	8631.846	-171.8991
39	35	8643.0	-184.48306
39	39	8579.841	-131.78249
40	1	8545.752	-192.83563
40	2	8567.1045	-204.69576
40	3	8554.507	-138.86362
40	4	8560.497	-150.43666
40	5	8575.386	-196.22903
40	6	8594.838	-181.35732
40	7	8612.632	-171.20355
40	8	8615.225	-172.22379
40	10	8612.505	-165.90456
40	11	8618.082	-172.12354
40	12	8598.279	-152.04654
40	13	8624.894	-184.73933
40	14	8620.848	-171.8063
40	16	8597.73	-147.40012
40	17	8623.509	-171.54015
40	19	8531.113	-234.62114
40	20	8629.064	-172.09505
40	21	8611.328	-149.09099
40	22	8527.627	-231.41826
40	23	8634.975	-185.08313
40	24	8620.191	-153.34525
40	25	8511.502	-204.47185
40	27	8634.51	-166.17436
40	30	8640.095	-172.03209
40	31	8504.82	-206.92023
40	32	8547.485	-233.451
40	35	8643.0	-184.48306
40	39	8579.841	-131.78249
40	47	8618.094	-166.23239
41	1	8545.909	-192.76909
41	2	8567.202	-204.44777
41	3	8554.755	-138.75044
41	4	8560.498	-151.33487
41	5	8575.375	-196.22685
41	6	8594.838	-181.35732
41	7	8612.632	-171.20355
41	8	8615.225	-172.22379
41	10	8612.505	-165.90456
41	11	8618.082	-172.12354
41	12	8598.279	-152.04654
41	13	8624.894	-184.73933
41	14	8620.848	-171.8063
41	16	8597.73	-147.40012
41	17	8623.509	-171.54015
41	19	8531.004	-234.6203
41	20	8629.064	-172.09505
41	21	8611.328	-149.09099
41	22	8527.627	-231.41826
41	23	8634.962	-185.0839
41	24	8620.191	-153.34525
41	25	8511.502	-204.47185
41	27	8634.51	-166.17436
41	30	8640.095	-172.03209
41	31	8504.82	-206.92023
41	32	8547.485	-233.451
41	35	8643.0	-184.48306
41	39	8579.841	-131.78249
41	47	8618.11	-165.24333
42	1	8546.089	-192.69798
42	2	8567.307	-204.17253
42	3	8555.052	-138.64508
42	4	8560.524	-152.21185
42	5	8575.3545	-196.2236
42	6	8594.838	-181.35732
42	7	8612.632	-171.20355
42	8	8615.225	-172.22379
42	10	8612.505	-165.90456
42	11	8618.082	-172.12354
42	12	8598.279	-152.04654
42	13	8624.894	-184.73933
42	14	8620.848	-171.8063
42	16	8597.73	-147.40012
42	17	8623.509	-171.54015
42	19	8530.886	-234.65001
42	20	8629.064	-172.09505
42	21	8611.328	-149.09099
42	22	8527.627	-231.41826
42	23	8634.973	-185.09875
42	24	8620.191	-153.34525
42	25	8511.502	-204.47185
42	27	8634.51	-166.17436
42	30	8640.095	-172.03209
42	31	8504.82	-206.92023
42	32	8547.485	-233.451
42	33	8631.846	-171.8991
42	35	8643.0	-184.48306
42	39	8579.841	-131.78249
42	47	8618.103	-164.93498
43	1	8546.246	-192.64384
43	2	8567.415	-203.9039
43	3	8555.339	-138.53995
43	4	8560.527	-153.10408
43	5	8575.325	-196.21843
43	6	8594.838	-181.35732
43	7	8612.632	-171.20355
43	8	8615.225	-172.22379
43	10	8612.505	-165.90456
43	11	8618.082	-172.12354
43	12	8598.279	-152.04654
43	13	8624.894	-184.73933
43	14	8620.848	-171.8063
43	16	8597.73	-147.40012
43	17	8623.509	-171.54015
43	19	8530.594	-234.68636
43	20	8629.064	-172.09505
43	21	8611.328	-149.09099
43	22	8527.627	-231.41826
43	23	8634.9795	-185.09871
43	24	8620.191	-153.34525
43	25	8511.502	-204.47185
43	27	8634.51	-166.17436
43	30	8640.095	-172.03209
43	31	8504.82	-206.92023
43	32	8547.485	-233.451
43	33	8631.846	-171.8991
43	35	8643.0	-184.48306
43	39	8579.841	-131.78249
43	47	8618.127	-164.7
44	1	8546.414	-192.57924
44	2	8567.532	-203.67137
44	3	8555.6045	-138.44458
44	4	8560.546	-154.02078
44	5	8575.285	-196.2115
44	6	8594.838	-181.35732
44	7	8612.632	-171.20355
44	8	8615.225	-172.22379
44	10	8612.505	-165.90456
44	11	8618.082	-172.12354
44	12	8598.279	-152.04654
44	13	8624.894	-184.73933
44	14	8620.848	-171.8063
44	16	8597.73	-147.40012
44	17	8623.509	-171.54015
44	19	8530.367	-234.73071
44	20	8629.064	-172.09505
44	21	8611.328	-149.09099
44	22	8527.627	-231.41826
44	23	8635.005	-185.09096
44	24	8620.191	-153.34525
44	25	8511.502	-204.47185
44	27	8634.51	-166.17436
44	30	8640.095	-172.03209
44	31	8504.82	-206.92023
44	32	8547.485	-233.451
44	33	8631.846	-171.8991
44	35	8643.0	-184.48306
44	39	8579.841	-131.78249
44	47	8618.098	-164.45988
45	1	8546.577	-192.51369
45	2	8567.67	-203.40251
45	3	8555.87	-138.31409
45	4	8560.568	-154.92392
45	5	8575.234	-196.20238
45	6	8594.838	-181.35732
45	7	8612.632	-171.20355
45	8	8615.225	-172.22379
45	10	8612.505	-165.90456
45	11	8618.082	-172.12354
45	12	8598.279	-152.04654
45	13	8624.894	-184.73933
45	14	8620.848	-171.8063
45	16	8597.73	-147.40012
45	17	8623.509	-171.54015
45	19	8530.145	-234.75359
45	20	8629.064	-172.09505
45	21	8611.328	-149.09099
45	22	8527.627	-231.41826
45	23	8635.005	-185.08936
45	24	8620.191	-153.34525
45	25	8511.502	-204.47185
45	27	8634.51	-166.17436
45	30	8640.095	-172.03209
45	31	8504.82	-206.92023
45	32	8547.485	-233.451
45	33	8631.846	-171.8991
45	35	8643.0	-184.48306
45	39	8579.841	-131.78249
46	1	8546.726	-192.45284
46	2	8567.81	-203.15826
46	3	8556.17	-138.17674
46	4	8560.567	-155.87433
46	5	8575.173	-196.19185
46	6	8594.838	-181.35732
46	7	8612.632	-171.20355
46	8	8615.225	-172.22379
46	10	8612.505	-165.90456
46	11	8618.082	-172.12354
46	12	8598.279	-152.04654
46	13	8624.894	-184.73933
46	14	8620.848	-171.8063
46	16	8597.73	-147.40012
46	17	8623.509	-171.54015
46	19	8530.097	-234.73495
46	20	8629.064	-172.09505
46	21	8611.328	-149.09099
46	22	8527.627	-231.41826
46	23	8634.997	-185.12903
46	24	8620.191	-153.34525
46	25	8511.502	-204.47185
46	27	8634.51	-166.17436
46	30	8640.095	-172.03209
46	31	8504.82	-206.92023
46	32	8547.485	-233.451
46	33	8631.846	-171.8991
46	35	8643.0	-184.48306
46	39	8579.841	-131.78249
47	1	8546.883	-192.39601
47	2	8567.951	-202.93834
47	3	8556.453	-138.01999
47	4	8560.573	-156.78839
47	5	8575.102	-196.17847
47	6	8594.838	-181.35732
47	7	8612.632	-171.20355
47	8	8615.225	-172.22379
47	10	8612.505	-165.90456
47	11	8618.082	-172.12354
47	12	8598.279	-152.04654
47	13	8624.894	-184.73933
47	14	8620.848	-171.8063
47	16	8597.73	-147.40012
47	17	8623.509	-171.54015
47	19	8530.406	-234.68875
47	20	8629.064	-172.09505
47	21	8611.328	-149.09099
47	22	8527.627	-231.41826
47	23	8635.014	-185.11555
47	24	8620.191	-153.34525
47	25	8511.502	-204.47185
47	27	8634.51	-166.17436
47	30	8640.095	-172.03209
47	31	8504.82	-206.92023
47	32	8547.485	-233.451
47	33	8631.846	-171.8991
47	35	8643.0	-184.48306
47	39	8579.841	-131.78249
48	1	8547.065	-192.3328
48	2	8568.121	-202.70015
48	3	8556.755	-137.84142
48	4	8560.593	-157.69582
48	5	8575.02	-196.16345
48	6	8594.838	-181.35732
48	7	8612.632	-171.20355
48	8	8615.225	-172.22379
48	10	8612.505	-165.90456
48	11	8618.082	-172.12354
48	12	8598.279	-152.04654
48	13	8624.894	-184.73933
48	14	8620.848	-171.8063
48	16	8597.73	-147.40012
48	17	8623.509	-171.54015
48	19	8530.695	-234.64565
48	20	8629.064	-172.09505
48	21	8611.328	-149.09099
48	22	8527.627	-231.41826
48	23	8634.982	-185.13403
48	24	8620.191	-153.34525
48	25	8511.502	-204.47185
48	27	8634.51	-166.17436
48	30	8640.095	-172.03209
48	31	8504.82	-206.92023
48	32	8547.485	-233.451
48	33	8631.846	-171.8991
48	34	8634.6455	-171.54471
48	35	8643.0	-184.48306
48	39	8579.841	-131.78249
49	1	8547.22	-192.28279
49	2	8568.326	-202.40108
49	3	8557.032	-137.69542
49	4	8560.602	-158.66632
49	5	8574.928	-196.14587
49	6	8594.838	-181.35732
49	7	8612.632	-171.20355
49	8	8615.225	-172.22379
49	10	8612.505	-165.90456
49	11	8618.082	-172.12354
49	12	8598.279	-152.04654
49	13	8624.894	-184.73933
49	14	8620.848	-171.8063
49	16	8597.73	-147.40012
49	17	8623.509	-171.54015
49	19	8530.94	-234.59337
49	20	8629.064	-172.09505
49	21	8611.328	-149.09099
49	22	8527.627	-231.41826
49	23	8634.991	-185.13858
49	24	8620.191	-153.34525
49	25	8511.502	-204.47185
49	27	8634.51	-166.17436
49	30	8640.095	-172.03209
49	31	8504.82	-206.92023
49	32	8547.485	-233.451
49	33	8631.846	-171.8991
49	34	8634.6455	-171.54471
49	35	8643.0	-184.48306
49	39	8579.841	-131.78249
49	47	8618.099	-164.5717
50	1	8547.389	-192.22194
50	2	8568.516	-202.17627
50	3	8557.35	-137.48135
50	4	8560.591	-159.58202
50	5	8574.823	-196.1256
50	6	8594.838	-181.35732
50	7	8612.632	-171.20355
50	8	8615.225	-172.22379
50	10	8612.505	-165.90456
50	11	8618.082	-172.12354
50	12	8598.279	-152.04654
50	13	8624.894	-184.73933
50	14	8620.848	-171.8063
50	16	8597.73	-147.40012
50	17	8623.509	-171.54015
50	19	8531.032	-234.57115
50	20	8629.064	-172.09505
50	21	8611.328	-149.09099
50	22	8527.627	-231.41826
50	23	8634.986	-185.13402
50	24	8620.191	-153.34525
50	25	8511.502	-204.47185
50	27	8634.51	-166.17436
50	30	8640.095	-172.03209
50	31	8504.82	-206.92023
50	32	8547.485	-233.451
50	33	8631.846	-171.8991
50	34	8634.6455	-171.54471
50	35	8643.0	-184.48306
50	39	8579.841	-131.78249
50	47	8618.1	-164.40036
51	1	8547.557	-192.17183
51	2	8568.694	-201.98831
51	3	8557.638	-137.30104
51	4	8560.6	-160.52292
51	5	8574.707	-196.10228
51	6	8594.838	-181.35732
51	7	8612.632	-171.20355
51	8	8615.225	-172.22379
51	10	8612.505	-165.90456
51	11	8618.082	-172.12354
51	12	8598.279	-152.04654
51	13	8624.894	-184.73933
51	14	8620.848	-171.8063
51	17	8623.509	-171.54015
51	19	8531.048	-234.58646
51	20	8629.064	-172.09505
51	21	8611.328	-149.09099
51	22	8527.627	-231.41826
51	23	8634.962	-185.19273
51	24	8620.191	-153.34525
51	25	8511.502	-204.47185
51	27	8634.51	-166.17436
51	30	8640.095	-172.03209
51	31	8504.82	-206.92023
51	32	8547.485	-233.451
51	33	8631.846	-171.8991
51	34	8634.6455	-171.54471
51	35	8643.0	-184.48306
51	39	8579.841	-131.78249
52	1	8547.728	-192.11916
52	2	8568.886	-201.79114
52	3	8557.9795	-137.06189
52	4	8560.6045	-161.48376
52	5	8574.577	-196.07536
52	6	8594.838	-181.35732
52	7	8612.632	-171.20355
52	8	8615.225	-172.22379
52	10	8612.505	-165.90456
52	11	8618.082	-172.12354
52	12	8598.279	-152.04654
52	13	8624.894	-184.73933
52	14	8620.848	-171.8063
52	17	8623.509	-171.54015
52	19	8531.015	-234.65222
52	20	8629.064	-172.09505
52	21	8611.328	-149.09099
52	22	8527.627	-231.41826
52	23	8634.947	-185.13954
52	24	8620.191	-153.34525
52	25	8511.502	-204.47185
52	27	8634.51	-166.17436
52	30	8640.095	-172.03209
52	31	8504.82	-206.92023
52	32	8547.485	-233.451
52	33	8631.846	-171.8991
52	34	8634.6455	-171.54471
52	35	8643.0	-184.48306
52	39	8579.841	-131.78249
52	47	8618.108	-164.89331
52	58	8648.274	-184.67563
53	1	8547.893	-192.0732
53	2	8569.118	-201.58577
53	3	8558.28	-136.83514
53	4	8560.608	-162.43623
53	5	8574.433	-196.04407
53	6	8594.838	-181.35732
53	7	8612.632	-171.20355
53	8	8615.225	-172.22379
53	10	8612.505	-165.90456
53	11	8618.082	-172.12354
53	12	8598.279	-152.04654
53	13	8624.894	-184.73933
53	14	8620.848	-171.8063
53	17	8623.509	-171.54015
53	19	8530.866	-234.69044
53	20	8629.064	-172.09505
53	21	8611.328	-149.09099
53	22	8527.627	-231.41826
53	23	8634.952	-185.0948
53	24	8620.191	-153.34525
53	25	8511.502	-204.47185
53	27	8634.51	-166.17436
53	30	8640.095	-172.03209
53	31	8504.82	-206.92023
53	32	8547.485	-233.451
53	33	8631.846	-171.8991
53	34	8634.6455	-171.54471
53	35	8643.0	-184.48306
53	36	8637.287	-171.63953
53	39	8579.841	-131.78249
53	47	8618.122	-165.14064
53	58	8648.279	-184.68576
54	1	8548.045	-192.02022
54	2	8569.337	-201.40771
54	3	8558.572	-136.60486
54	4	8560.61	-163.39935
54	5	8574.275	-196.00851
54	6	8594.838	-181.35732
54	7	8612.632	-171.20355
54	8	8615.225	-172.22379
54	10	8612.505	-165.90456
54	11	8618.082	-172.12354
54	12	8598.279	-152.04654
54	13	8624.894	-184.73933
54	14	8620.848	-171.8063
54	17	8623.509	-171.54015
54	19	8530.902	-234.63676
54	20	8629.064	-172.09505
54	21	8611.328	-149.09099
54	22	8527.627	-231.41826
54	23	8634.953	-185.08516
54	24	8620.191	-153.34525
54	25	8511.502	-204.47185
54	27	8634.51	-166.17436
54	31	8504.82	-206.92023
54	32	8547.485	-233.451
54	33	8631.846	-171.8991
54	34	8634.6455	-171.54471
54	35	8643.0	-184.48306
54	36	8637.287	-171.63953
54	39	8579.841	-131.78249
54	58	8648.395	-184.66678
55	1	8548.221	-191.97545
55	2	8569.548	-201.24806
55	3	8558.882	-136.36577
55	4	8560.606	-164.35394
55	5	8574.109	-195.96896
55	6	8594.838	-181.35732
55	7	8612.632	-171.20355
55	8	8615.225	-172.22379
55	10	8612.505	-165.90456
55	11	8618.082	-172.12354
55	12	8598.279	-152.04654
55	13	8624.894	-184.73933
55	14	8620.848	-171.8063
55	17	8623.509	-171.54015
55	19	8530.638	-234.70085
55	20	8629.064	-172.09505
55	21	8611.328	-149.09099
55	22	8527.627	-231.41826
55	23	8634.969	-185.08865
55	24	8620.191	-153.34525
55	25	8511.502	-204.47185
55	27	8634.51	-166.17436
55	31	8504.82	-206.92023
55	32	8547.485	-233.451
55	33	8631.846	-171.8991
55	34	8634.6455	-171.54471
55	35	8643.0	-184.48306
55	36	8637.287	-171.63953
55	37	8640.099	-172.02902
55	39	8579.841	-131.78249
55	47	8618.092	-164.55585
55	58	8648.356	-184.6201
56	1	8548.394	-191.92467
56	2	8569.785	-201.07521
56	3	8559.201	-136.0663
56	4	8560.6045	-165.33345
56	5	8573.936	-195.9249
56	6	8594.838	-181.35732
56	7	8612.632	-171.20355
56	8	8615.225	-172.22379
56	10	8612.505	-165.90456
56	11	8618.082	-172.12354
56	12	8598.279	-152.04654
56	13	8624.894	-184.73933
56	14	8620.848	-171.8063
56	17	8623.509	-171.54015
56	19	8530.268	-234.78719
56	20	8629.064	-172.09505
56	21	8611.328	-149.09099
56	22	8527.627	-231.41826
56	23	8634.965	-185.08113
56	24	8620.191	-153.34525
56	25	8511.502	-204.47185
56	27	8634.51	-166.17436
56	31	8504.82	-206.92023
56	32	8547.485	-233.451
56	33	8631.846	-171.8991
56	34	8634.6455	-171.54471
56	35	8643.0	-184.48306
56	36	8637.287	-171.63953
56	37	8640.099	-172.02902
56	39	8579.841	-131.78249
56	47	8618.114	-164.48376
56	58	8648.171	-184.57536
57	1	8548.525	-191.88977
57	2	8570.063	-200.87871
57	3	8559.495	-135.81927
57	4	8560.596	-166.29633
57	5	8573.751	-195.87593
57	6	8594.838	-181.35732
57	7	8612.632	-171.20355
57	8	8615.225	-172.22379
57	10	8612.505	-165.90456
57	11	8618.082	-172.12354
57	12	8598.279	-152.04654
57	13	8624.894	-184.73933
57	14	8620.848	-171.8063
57	17	8623.509	-171.54015
57	19	8530.015	-234.83357
57	20	8629.064	-172.09505
57	21	8611.328	-149.09099
57	22	8527.627	-231.41826
57	23	8634.968	-185.06746
57	24	8620.191	-153.34525
57	25	8511.502	-204.47185
57	27	8634.51	-166.17436
57	31	8504.82	-206.92023
57	32	8547.485	-233.451
57	33	8631.846	-171.8991
57	34	8634.6455	-171.54471
57	35	8643.0	-184.48306
57	36	8637.287	-171.63953
57	37	8640.099	-172.02902
57	39	8579.841	-131.78249
58	1	8548.692	-191.85252
58	2	8570.319	-200.73872
58	3	8559.79	-135.49838
58	4	8560.595	-167.25952
58	5	8573.555	-195.82108
58	6	8594.838	-181.35732
58	7	8612.632	-171.20355
58	8	8615.225	-172.22379
58	10	8612.505	-165.90456
58	11	8618.082	-172.12354
58	12	8598.279	-152.04654
58	13	8624.894	-184.73933
58	14	8620.848	-171.8063
58	17	8623.509	-171.54015
58	19	8530.313	-234.78458
58	20	8629.064	-172.09505
58	21	8611.328	-149.09099
58	22	8527.627	-231.41826
58	23	8634.972	-185.0645
58	24	8620.191	-153.34525
58	25	8511.502	-204.47185
58	27	8634.51	-166.17436
58	31	8504.82	-206.92023
58	32	8547.485	-233.451
58	33	8631.846	-171.8991
58	34	8634.6455	-171.54471
58	35	8643.0	-184.48306
58	36	8637.287	-171.63953
58	37	8640.099	-172.02902
58	39	8579.841	-131.78249
59	1	8548.827	-191.81625
59	2	8570.542	-200.62653
59	3	8560.085	-135.1928
59	4	8560.58	-168.20082
59	5	8573.348	-195.75868
59	6	8594.838	-181.35732
59	7	8612.632	-171.20355
59	8	8615.225	-172.22379
59	10	8612.505	-165.90456
59	11	8618.082	-172.12354
59	12	8598.279	-152.04654
59	13	8624.894	-184.73933
59	14	8620.848	-171.8063
59	17	8623.509	-171.54015
59	19	8530.28	-234.74944
59	20	8629.064	-172.09505
59	21	8611.328	-149.09099
59	22	8527.627	-231.41826
59	23	8634.983	-185.05196
59	24	8620.191	-153.34525
59	25	8511.502	-204.47185
59	27	8634.51	-166.17436
59	32	8547.485	-233.451
59	33	8631.846	-171.8991
59	34	8634.6455	-171.54471
59	35	8643.0	-184.48306
59	36	8637.287	-171.63953
59	37	8640.099	-172.02902
59	39	8579.841	-131.78249
59	40	8505.131	-206.31631
60	1	8548.983	-191.78035
60	2	8570.78	-200.528
60	3	8560.365	-134.8777
60	4	8560.575	-169.17355
60	5	8573.132	-195.693
60	6	8594.838	-181.35732
60	7	8612.632	-171.20355
60	8	8615.225	-172.22379
60	10	8612.505	-165.90456
60	11	8618.082	-172.12354
60	12	8598.279	-152.04654
60	13	8624.894	-184.73933
60	14	8620.848	-171.8063
60	17	8623.509	-171.54015
60	19	8530.547	-234.7155
60	20	8629.064	-172.09505
60	21	8611.328	-149.09099
60	22	8527.627	-231.41826
60	23	8634.964	-185.08221
60	24	8620.191	-153.34525
60	25	8511.502	-204.47185
60	27	8634.51	-166.17436
60	32	8547.485	-233.451
60	33	8631.846	-171.8991
60	34	8634.6455	-171.54471
60	35	8643.0	-184.48306
60	36	8637.287	-171.63953
60	37	8640.099	-172.02902
60	38	8504.964	-232.23785
60	39	8579.841	-131.78249
60	40	8505.131	-206.31631
61	1	8549.139	-191.75127
61	2	8571.033	-200.41563
61	3	8560.658	-134.51035
61	4	8560.565	-170.13776
61	5	8572.91	-195.6168
61	6	8594.838	-181.35732
61	7	8612.632	-171.20355
61	8	8615.225	-172.22379
61	10	8612.505	-165.90456
61	11	8618.082	-172.12354
61	12	8598.279	-152.04654
61	13	8624.894	-184.73933
61	14	8620.848	-171.8063
61	17	8623.509	-171.54015
61	19	8530.67	-234.6932
61	20	8629.064	-172.09505
61	21	8611.328	-149.09099
61	22	8527.627	-231.41826
61	23	8634.982	-185.05621
61	24	8620.191	-153.34525
61	25	8511.502	-204.47185
61	27	8634.51	-166.17436
61	32	8547.485	-233.451
61	33	8631.846	-171.8991
61	34	8634.6455	-171.54471
61	35	8643.0	-184.48306
61	36	8637.287	-171.63953
61	37	8640.099	-172.02902
61	38	8505.015	-232.21779
61	39	8579.841	-131.78249
61	40	8505.131	-206.31631
62	1	8549.267	-191.72125
62	2	8571.303	-200.30882
62	3	8560.962	-134.12123
62	4	8560.552	-171.09421
62	5	8572.679	-195.53299
62	6	8594.838	-181.35732
62	7	8612.632	-171.20355
62	8	8615.225	-172.22379
62	10	8612.505	-165.90456
62	11	8618.082	-172.12354
62	12	8598.279	-152.04654
62	13	8624.894	-184.73933
62	14	8620.848	-171.8063
62	17	8623.509	-171.54015
62	19	8530.819	-234.65987
62	20	8629.064	-172.09505
62	21	8611.328	-149.09099
62	22	8527.627	-231.41826
62	23	8634.952	-185.01877
62	24	8620.191	-153.34525
62	25	8511.502	-204.47185
62	27	8634.51	-166.17436
62	32	8547.485	-233.451
62	33	8631.846	-171.8991
62	34	8634.6455	-171.54471
62	36	8637.287	-171.63953
62	37	8640.099	-172.02902
62	38	8505.158	-232.19238
62	39	8579.841	-131.78249
62	40	8505.131	-206.31631
63	1	8549.41	-191.69044
63	2	8571.597	-200.17905
63	3	8561.212	-133.77853
63	4	8560.548	-172.03906
63	5	8572.439	-195.44313
63	6	8594.838	-181.35732
63	7	8612.632	-171.20355
63	8	8615.225	-172.22379
63	10	8612.505	-165.90456
63	11	8618.082	-172.12354
63	13	8624.894	-184.73933
63	14	8620.848	-171.8063
63	17	8623.509	-171.54015
63	19	8530.898	-234.64488
63	20	8629.064	-172.09505
63	21	8611.328	-149.09099
63	22	8527.627	-231.41826
63	23	8634.974	-185.01291
63	24	8620.191	-153.34525
63	25	8511.502	-204.47185
63	27	8634.51	-166.17436
63	32	8547.485	-233.451
63	33	8631.846	-171.8991
63	34	8634.6455	-171.54471
63	35	8643.0	-184.48306
63	36	8637.287	-171.63953
63	37	8640.099	-172.02902
63	38	8505.071	-232.22385
63	39	8579.841	-131.78249
63	40	8505.131	-206.31631
64	1	8549.541	-191.66785
64	2	8571.93	-200.0578
64	3	8561.473	-133.38223
64	4	8560.524	-172.99132
64	5	8572.195	-195.3415
64	6	8594.838	-181.35732
64	7	8612.632	-171.20355
64	8	8615.225	-172.22379
64	10	8612.505	-165.90456
64	11	8618.082	-172.12354
64	13	8624.894	-184.73933
64	14	8620.848	-171.8063
64	17	8623.509	-171.54015
64	19	8530.904	-234.65019
64	20	8629.064	-172.09505
64	21	8611.328	-149.09099
64	22	8527.627	-231.41826
64	23	8634.966	-185.02824
64	24	8620.191	-153.34525
64	25	8511.502	-204.47185
64	27	8634.51	-166.17436
64	32	8547.485	-233.451
64	33	8631.846	-171.8991
64	34	8634.6455	-171.54471
64	36	8637.287	-171.63953
64	37	8640.099	-172.02902
64	38	8505.005	-232.23558
64	39	8579.841	-131.78249
64	40	8505.131	-206.31631
65	1	8549.661	-191.64458
65	2	8572.265	-199.91571
65	3	8561.727	-132.95999
65	4	8560.5205	-173.91322
65	5	8571.944	-195.23152
65	6	8594.838	-181.35732
65	7	8612.632	-171.20355
65	8	8615.225	-172.22379
65	10	8612.505	-165.90456
65	11	8618.082	-172.12354
65	13	8624.894	-184.73933
65	14	8620.848	-171.8063
65	17	8623.509	-171.54015
65	19	8530.838	-234.65398
65	20	8629.064	-172.09505
65	21	8611.328	-149.09099
65	22	8527.627	-231.41826
65	23	8634.935	-185.10675
65	24	8620.191	-153.34525
65	25	8511.502	-204.47185
65	27	8634.51	-166.17436
65	32	8547.485	-233.451
65	33	8631.846	-171.8991
65	34	8634.6455	-171.54471
65	35	8643.0	-184.48306
65	37	8640.099	-172.02902
65	38	8504.665	-232.31161
65	39	8579.841	-131.78249
65	40	8505.131	-206.31631
66	1	8549.78	-191.61902
66	2	8572.583	-199.79787
66	3	8561.964	-132.57077
66	4	8560.512	-174.85706
66	5	8571.688	-195.11127
66	6	8594.838	-181.35732
66	7	8612.632	-171.20355
66	8	8615.225	-172.22379
66	10	8612.505	-165.90456
66	11	8618.082	-172.12354
66	13	8624.894	-184.73933
66	14	8620.848	-171.8063
66	17	8623.509	-171.54015
66	19	8530.797	-234.66512
66	20	8629.064	-172.09505
66	21	8611.328	-149.09099
66	22	8527.627	-231.41826
66	23	8634.959	-185.11336
66	24	8620.191	-153.34525
66	25	8511.502	-204.47185
66	27	8634.51	-166.17436
66	32	8547.485	-233.451
66	33	8631.846	-171.8991
66	34	8634.6455	-171.54471
66	35	8643.0	-184.48306
66	36	8637.287	-171.63953
66	37	8640.099	-172.02902
66	39	8579.841	-131.78249
66	40	8505.131	-206.31631
66	45	8591.733	-125.45098
67	1	8549.899	-191.59912
67	2	8572.919	-199.70155
67	3	8562.169	-132.1606
67	4	8560.499	-175.78389
67	5	8571.429	-194.98592
67	6	8594.838	-181.35732
67	7	8612.632	-171.20355
67	8	8615.225	-172.22379
67	10	8612.505	-165.90456
67	11	8618.082	-172.12354
67	13	8624.894	-184.73933
67	14	8620.848	-171.8063
67	17	8623.509	-171.54015
67	19	8530.654	-234.70914
67	20	8629.064	-172.09505
67	21	8611.328	-149.09099
67	22	8527.627	-231.41826
67	23	8634.925	-185.17862
67	24	8620.191	-153.34525
67	25	8511.502	-204.47185
67	32	8547.485	-233.451
67	33	8631.846	-171.8991
67	34	8634.6455	-171.54471
67	35	8643.0	-184.48306
67	36	8637.287	-171.63953
67	37	8640.099	-172.02902
67	38	8503.78	-232.35757
67	40	8505.131	-206.31631
67	45	8591.733	-125.45098
68	1	8550.011	-191.57701
68	2	8573.25	-199.62296
68	3	8562.381	-131.72067
68	4	8560.48	-176.71162
68	5	8571.167	-194.84535
68	6	8594.838	-181.35732
68	7	8612.632	-171.20355
68	8	8615.225	-172.22379
68	10	8612.505	-165.90456
68	11	8618.082	-172.12354
68	13	8624.894	-184.73933
68	14	8620.848	-171.8063
68	17	8623.509	-171.54015
68	19	8530.423	-234.80827
68	20	8629.064	-172.09505
68	21	8611.328	-149.09099
68	22	8527.627	-231.41826
68	23	8634.934	-185.20052
68	24	8620.191	-153.34525
68	25	8511.502	-204.47185
68	27	8634.51	-166.17436
68	32	8547.485	-233.451
68	33	8631.846	-171.8991
68	34	8634.6455	-171.54471
68	35	8643.0	-184.48306
68	36	8637.287	-171.63953
68	37	8640.099	-172.02902
68	38	8503.745	-232.33554
68	40	8505.131	-206.31631
68	44	8591.871	-131.0076
68	45	8591.733	-125.45098
69	1	8550.118	-191.55896
69	2	8573.6	-199.53912
69	3	8562.59	-131.24852
69	4	8560.465	-177.62915
69	5	8570.905	-194.69115
69	6	8594.838	-181.35732
69	7	8612.632	-171.20355
69	8	8615.225	-172.22379
69	10	8612.505	-165.90456
69	11	8618.082	-172.12354
69	13	8624.894	-184.73933
69	17	8623.509	-171.54015
69	19	8530.301	-234.79305
69	20	8629.064	-172.09505
69	21	8611.328	-149.09099
69	22	8527.627	-231.41826
69	23	8634.902	-185.22064
69	24	8620.191	-153.34525
69	25	8511.502	-204.47185
69	27	8634.51	-166.17436
69	32	8547.485	-233.451
69	33	8631.846	-171.8991
69	34	8634.6455	-171.54471
69	35	8643.0	-184.48306
69	36	8637.287	-171.63953
69	37	8640.099	-172.02902
69	38	8503.884	-232.3433
69	40	8505.131	-206.31631
69	44	8591.871	-131.0076
69	45	8591.733	-125.45098
70	1	8550.237	-191.54759
70	2	8573.987	-199.45007
70	3	8562.7705	-130.7505
70	4	8560.456	-178.54836
70	5	8570.6455	-194.52963
70	6	8594.838	-181.35732
70	7	8612.632	-171.20355
70	8	8615.225	-172.22379
70	10	8612.505	-165.90456
70	11	8618.082	-172.12354
70	13	8624.894	-184.73933
70	14	8620.848	-171.8063
70	19	8529.322	-235.02168
70	20	8629.064	-172.09505
70	21	8611.328	-149.09099
70	22	8527.627	-231.41826
70	23	8634.897	-185.18307
70	24	8620.191	-153.34525
70	25	8511.502	-204.47185
70	27	8634.51	-166.17436
70	32	8547.485	-233.451
70	33	8631.846	-171.8991
70	34	8634.6455	-171.54471
70	35	8643.0	-184.48306
70	36	8637.287	-171.63953
70	37	8640.099	-172.02902
70	38	8503.75	-232.31792
70	40	8505.131	-206.31631
70	44	8591.871	-131.0076
70	45	8591.733	-125.45098
71	1	8550.326	-191.52605
71	2	8574.367	-199.39061
71	3	8562.936	-130.22267
71	4	8560.442	-179.44958
71	5	8570.386	-194.35678
71	6	8594.838	-181.35732
71	7	8612.632	-171.20355
71	8	8615.225	-172.22379
71	10	8612.505	-165.90456
71	11	8618.082	-172.12354
71	13	8624.894	-184.73933
71	14	8620.848	-171.8063
71	17	8623.509	-171.54015
71	20	8629.064	-172.09505
71	21	8611.328	-149.09099
71	22	8527.627	-231.41826
71	23	8634.891	-185.22319
71	24	8620.191	-153.34525
71	25	8511.502	-204.47185
71	27	8634.51	-166.17436
71	32	8547.485	-233.451
71	33	8631.846	-171.8991
71	34	8634.6455	-171.54471
71	35	8643.0	-184.48306
71	36	8637.287	-171.63953
71	37	8640.099	-172.02902
71	38	8503.914	-232.30212
71	40	8505.131	-206.31631
71	44	8591.871	-131.0076
71	45	8591.733	-125.45098
72	1	8550.446	-191.51129
72	2	8574.85	-199.31877
72	3	8563.081	-129.71584
72	4	8560.428	-180.3484
72	5	8570.129	-194.16335
72	6	8594.838	-181.35732
72	7	8612.632	-171.20355
72	8	8615.225	-172.22379
72	10	8612.505	-165.90456
72	13	8624.894	-184.73933
72	14	8620.848	-171.8063
72	17	8623.509	-171.54015
72	20	8629.064	-172.09505
72	21	8611.328	-149.09099
72	22	8527.627	-231.41826
72	23	8634.881	-185.19125
72	24	8620.191	-153.34525
72	25	8511.502	-204.47185
72	32	8547.485	-233.451
72	33	8631.846	-171.8991
72	34	8634.6455	-171.54471
72	36	8637.287	-171.63953
72	37	8640.099	-172.02902
72	38	8503.773	-232.2966
72	40	8505.131	-206.31631
72	44	8591.871	-131.0076
72	45	8591.733	-125.45098
73	1	8550.534	-191.49959
73	2	8575.31	-199.25789
73	3	8563.222	-129.23282
73	4	8560.415	-181.25536
73	5	8569.871	-193.96863
73	6	8594.838	-181.35732
73	7	8612.632	-171.20355
73	8	8615.225	-172.22379
73	10	8612.505	-165.90456
73	11	8618.082	-172.12354
73	13	8624.894	-184.73933
73	19	8529.999	-234.84848
73	20	8629.064	-172.09505
73	21	8611.328	-149.09099
73	22	8527.627	-231.41826
73	23	8634.883	-185.14676
73	24	8620.191	-153.34525
73	25	8511.502	-204.47185
73	32	8547.485	-233.451
73	36	8637.287	-171.63953
73	37	8640.099	-172.02902
73	38	8503.752	-232.28282
73	40	8505.131	-206.31631
73	44	8591.871	-131.0076
73	45	8591.733	-125.45098
74	1	8550.645	-191.4842
74	2	8575.8125	-199.1898
74	3	8563.32	-128.72784
74	4	8560.398	-182.13884
74	5	8569.595	-193.73204
74	6	8594.838	-181.35732
74	7	8612.632	-171.20355
74	8	8615.225	-172.22379
74	10	8612.505	-165.90456
74	11	8618.082	-172.12354
74	13	8624.894	-184.73933
74	14	8620.848	-171.8063
74	17	8623.509	-171.54015
74	19	8529.472	-234.94743
74	20	8629.064	-172.09505
74	21	8611.328	-149.09099
74	22	8527.627	-231.41826
74	23	8634.862	-185.13701
74	24	8620.191	-153.34525
74	25	8511.502	-204.47185
74	32	8547.485	-233.451
74	33	8631.846	-171.8991
74	34	8634.6455	-171.54471
74	38	8503.878	-232.32938
74	40	8505.131	-206.31631
74	41	8504.283	-227.45943
74	42	8526.389	-227.3947
74	44	8591.871	-131.0076
74	45	8591.733	-125.45098
75	1	8550.744	-191.47192
75	2	8576.269	-199.13774
75	3	8563.427	-128.25026
75	4	8560.38	-183.03488
75	5	8569.346	-193.49997
75	6	8594.838	-181.35732
75	7	8612.632	-171.20355
75	8	8615.225	-172.22379
75	10	8612.505	-165.90456
75	11	8618.082	-172.12354
75	13	8624.894	-184.73933
75	14	8620.848	-171.8063
75	17	8623.509	-171.54015
75	19	8529.658	-234.93579
75	20	8629.064	-172.09505
75	21	8611.328	-149.09099
75	22	8527.627	-231.41826
75	23	8634.883	-185.18356
75	24	8620.191	-153.34525
75	25	8511.502	-204.47185
75	32	8547.485	-233.451
75	34	8634.6455	-171.54471
75	36	8637.287	-171.63953
75	37	8640.099	-172.02902
75	38	8503.861	-232.33487
75	40	8505.131	-206.31631
75	41	8504.283	-227.45943
75	42	8526.389	-227.3947
75	43	8592.021	-141.82057
75	44	8591.871	-131.0076
75	45	8591.733	-125.45098
76	1	8550.831	-191.45645
76	2	8576.724	-199.09047
76	3	8563.493	-127.65251
76	4	8560.377	-183.90852
76	5	8569.1	-193.25615
76	6	8594.838	-181.35732
76	7	8612.632	-171.20355
76	8	8615.225	-172.22379
76	10	8612.505	-165.90456
76	11	8618.082	-172.12354
76	13	8624.894	-184.73933
76	14	8620.848	-171.8063
76	17	8623.509	-171.54015
76	19	8530.073	-234.82527
76	20	8629.064	-172.09505
76	21	8611.328	-149.09099
76	22	8527.627	-231.41826
76	24	8620.191	-153.34525
76	25	8511.502	-204.47185
76	32	8547.485	-233.451
76	33	8631.846	-171.8991
76	37	8640.099	-172.02902
76	38	8503.747	-232.34154
76	40	8505.131	-206.31631
76	41	8504.283	-227.45943
76	42	8526.389	-227.3947
76	43	8592.021	-141.82057
76	44	8591.871	-131.0076
76	45	8591.733	-125.45098
77	1	8550.928	-191.44632
77	2	8577.193	-199.04932
77	3	8563.582	-127.13391
77	4	8560.363	-184.77422
77	5	8568.865	-193.00095
77	6	8594.838	-181.35732
77	7	8612.632	-171.20355
77	8	8615.225	-172.22379
77	10	8612.505	-165.90456
77	11	8618.082	-172.12354
77	13	8624.894	-184.73933
77	14	8620.848	-171.8063
77	17	8623.509	-171.54015
77	19	8530.477	-234.77869
77	20	8629.064	-172.09505
77	22	8527.627	-231.41826
77	24	8620.191	-153.34525
77	25	8511.502	-204.47185
77	32	8547.485	-233.451
77	33	8631.846	-171.8991
77	34	8634.6455	-171.54471
77	36	8637.287	-171.63953
77	38	8503.747	-232.34116
77	40	8505.131	-206.31631
77	41	8504.283	-227.45943
77	42	8526.389	-227.3947
77	43	8592.021	-141.82057
77	44	8591.871	-131.0076
77	45	8591.733	-125.45098
78	1	8551.022	-191.43088
78	2	8577.718	-198.9936
78	3	8563.64	-126.5797
78	4	8560.357	-185.63254
78	5	8568.639	-192.73323
78	6	8594.838	-181.35732
78	7	8612.632	-171.20355
78	8	8615.225	-172.22379
78	10	8612.505	-165.90456
78	11	8618.082	-172.12354
78	13	8624.894	-184.73933
78	14	8620.848	-171.8063
78	17	8623.509	-171.54015
78	20	8629.064	-172.09505
78	22	8527.627	-231.41826
78	23	8634.885	-185.15428
78	24	8620.191	-153.34525
78	25	8511.502	-204.47185
78	32	8547.485	-233.451
78	33	8631.846	-171.8991
78	34	8634.6455	-171.54471
78	36	8637.287	-171.63953
78	37	8640.099	-172.02902
78	38	8503.731	-232.33699
78	40	8505.131	-206.31631
78	41	8504.283	-227.45943
78	42	8526.389	-227.3947
78	43	8592.021	-141.82057
78	44	8591.871	-131.0076
78	49	8620.727	-166.01935
79	1	8551.113	-191.41745
79	2	8578.276	-198.91325
79	3	8563.666	-126.00295
79	4	8560.347	-186.45839
79	5	8568.415	-192.4471
79	6	8594.838	-181.35732
79	7	8612.632	-171.20355
79	8	8615.225	-172.22379
79	10	8612.505	-165.90456
79	11	8618.082	-172.12354
79	13	8624.894	-184.73933
79	14	8620.848	-171.8063
79	17	8623.509	-171.54015
79	20	8629.064	-172.09505
79	22	8527.627	-231.41826
79	23	8634.903	-185.03885
79	24	8620.191	-153.34525
79	25	8511.502	-204.47185
79	32	8547.485	-233.451
79	33	8631.846	-171.8991
79	34	8634.6455	-171.54471
79	36	8637.287	-171.63953
79	37	8640.099	-172.02902
79	38	8503.756	-232.38005
79	40	8505.131	-206.31631
79	41	8504.283	-227.45943
79	42	8526.389	-227.3947
79	43	8592.021	-141.82057
79	44	8591.871	-131.0076
79	46	8573.233	-116.96326
80	1	8551.195	-191.40088
80	2	8578.834	-198.8686
80	3	8563.661	-125.41634
80	4	8560.339	-187.27652
80	5	8568.194	-192.14862
80	6	8594.838	-181.35732
80	7	8612.632	-171.20355
80	8	8615.225	-172.22379
80	10	8612.505	-165.90456
80	11	8618.082	-172.12354
80	13	8624.894	-184.73933
80	14	8620.848	-171.8063
80	17	8623.509	-171.54015
80	20	8629.064	-172.09505
80	22	8527.627	-231.41826
80	23	8634.93	-184.96158
80	24	8620.191	-153.34525
80	25	8511.502	-204.47185
80	32	8547.485	-233.451
80	33	8631.846	-171.8991
80	34	8634.6455	-171.54471
80	36	8637.287	-171.63953
80	37	8640.099	-172.02902
80	38	8503.852	-232.3704
80	40	8505.131	-206.31631
80	41	8504.283	-227.45943
80	42	8526.389	-227.3947
80	43	8592.021	-141.82057
80	44	8591.871	-131.0076
80	46	8572.859	-116.95984
80	48	8530.0625	-247.11835
81	1	8551.268	-191.38391
81	2	8579.322	-198.823
81	3	8563.656	-124.77952
81	4	8560.332	-188.08257
81	5	8567.988	-191.83551
81	6	8594.838	-181.35732
81	7	8612.632	-171.20355
81	8	8615.225	-172.22379
81	10	8612.505	-165.90456
81	11	8618.082	-172.12354
81	13	8624.894	-184.73933
81	14	8620.848	-171.8063
81	17	8623.509	-171.54015
81	19	8530.704	-234.75562
81	20	8629.064	-172.09505
81	22	8527.627	-231.41826
81	23	8634.932	-185.0057
81	24	8620.191	-153.34525
81	25	8511.502	-204.47185
81	32	8547.485	-233.451
81	33	8631.846	-171.8991
81	34	8634.6455	-171.54471
81	36	8637.287	-171.63953
81	37	8640.099	-172.02902
81	38	8503.851	-232.37352
81	40	8505.131	-206.31631
81	41	8504.283	-227.45943
81	42	8526.389	-227.3947
81	43	8592.021	-141.82057
81	44	8591.871	-131.0076
81	46	8572.757	-116.96095
81	48	8530.0625	-247.11835
81	49	8620.727	-166.01935
82	1	8551.344	-191.37502
82	2	8579.786	-198.78973
82	3	8563.675	-124.21802
82	4	8560.334	-188.86609
82	5	8567.795	-191.50975
82	6	8594.838	-181.35732
82	7	8612.632	-171.20355
82	8	8615.225	-172.22379
82	10	8612.505	-165.90456
82	11	8618.082	-172.12354
82	13	8624.894	-184.73933
82	14	8620.848	-171.8063
82	17	8623.509	-171.54015
82	19	8530.631	-234.75258
82	20	8629.064	-172.09505
82	22	8527.627	-231.41826
82	23	8634.945	-184.96658
82	24	8620.191	-153.34525
82	25	8511.502	-204.47185
82	32	8547.485	-233.451
82	33	8631.846	-171.8991
82	34	8634.6455	-171.54471
82	36	8637.287	-171.63953
82	37	8640.099	-172.02902
82	38	8503.94	-232.36148
82	40	8505.131	-206.31631
82	41	8504.283	-227.45943
82	42	8526.389	-227.3947
82	43	8592.021	-141.82057
82	46	8572.624	-116.943436
82	48	8530.0625	-247.11835
82	49	8620.727	-166.01935
82	54	8591.777	-125.45517
83	1	8551.418	-191.36456
83	2	8580.297	-198.75862
83	3	8563.626	-123.61401
83	4	8560.347	-189.62567
83	5	8567.611	-191.1753
83	6	8594.838	-181.35732
83	7	8612.632	-171.20355
83	8	8615.225	-172.22379
83	10	8612.505	-165.90456
83	11	8618.082	-172.12354
83	13	8624.894	-184.73933
83	14	8620.848	-171.8063
83	17	8623.509	-171.54015
83	20	8629.064	-172.09505
83	22	8527.627	-231.41826
83	24	8620.191	-153.34525
83	25	8511.502	-204.47185
83	32	8547.485	-233.451
83	33	8631.846	-171.8991
83	34	8634.6455	-171.54471
83	36	8637.287	-171.63953
83	37	8640.099	-172.02902
83	38	8504.009	-232.35724
83	40	8505.131	-206.31631
83	41	8504.283	-227.45943
83	42	8526.389	-227.3947
83	43	8592.021	-141.82057
83	46	8572.499	-116.923615
83	48	8530.0625	-247.11835
83	53	8598.347	-139.19612
83	55	8592.034	-131.01143
84	1	8551.485	-191.35916
84	2	8580.767	-198.7367
84	3	8563.582	-123.023415
84	4	8560.362	-190.37149
84	5	8567.437	-190.82707
84	6	8594.838	-181.35732
84	7	8612.632	-171.20355
84	8	8615.225	-172.22379
84	10	8612.505	-165.90456
84	11	8618.082	-172.12354
84	13	8624.894	-184.73933
84	14	8620.848	-171.8063
84	17	8623.509	-171.54015
84	19	8530.399	-234.83734
84	20	8629.064	-172.09505
84	22	8527.627	-231.41826
84	24	8620.191	-153.34525
84	25	8511.502	-204.47185
84	32	8547.485	-233.451
84	33	8631.846	-171.8991
84	34	8634.6455	-171.54471
84	36	8637.287	-171.63953
84	37	8640.099	-172.02902
84	38	8503.976	-232.39268
84	40	8505.131	-206.31631
84	41	8504.283	-227.45943
84	42	8526.389	-227.3947
84	43	8592.021	-141.82057
84	46	8572.447	-116.92994
84	48	8530.0625	-247.11835
84	49	8620.727	-166.01935
84	53	8598.347	-139.19612
84	54	8591.777	-125.45517
85	1	8551.545	-191.34225
85	2	8581.262	-198.69856
85	3	8563.542	-122.42267
85	4	8560.3955	-191.07309
85	5	8567.272	-190.46315
85	6	8594.838	-181.35732
85	7	8612.632	-171.20355
85	8	8615.225	-172.22379
85	10	8612.505	-165.90456
85	11	8618.082	-172.12354
85	13	8624.894	-184.73933
85	14	8620.848	-171.8063
85	17	8623.509	-171.54015
85	19	8530.052	-234.80728
85	20	8629.064	-172.09505
85	22	8527.627	-231.41826
85	23	8634.963	-185.11821
85	24	8620.191	-153.34525
85	25	8511.502	-204.47185
85	32	8547.485	-233.451
85	33	8631.846	-171.8991
85	34	8634.6455	-171.54471
85	36	8637.287	-171.63953
85	37	8640.099	-172.02902
85	38	8504.143	-232.40585
85	40	8505.131	-206.31631
85	41	8504.283	-227.45943
85	42	8526.389	-227.3947
85	43	8592.021	-141.82057
85	46	8572.325	-116.930916
85	48	8530.0625	-247.11835
85	49	8620.727	-166.01935
85	53	8598.347	-139.19612
85	54	8591.777	-125.45517
85	55	8592.034	-131.01143
85	56	8579.818	-131.85281
86	1	8551.587	-191.33473
86	2	8581.763	-198.68031
86	3	8563.479	-121.81737
86	4	8560.436	-191.77434
86	5	8567.119	-190.0844
86	6	8594.838	-181.35732
86	7	8612.632	-171.20355
86	8	8615.225	-172.22379
86	10	8612.505	-165.90456
86	11	8618.082	-172.12354
86	13	8624.894	-184.73933
86	14	8620.848	-171.8063
86	17	8623.509	-171.54015
86	19	8528.709	-235.07867
86	20	8629.064	-172.09505
86	22	8527.627	-231.41826
86	23	8634.996	-185.03822
86	24	8620.191	-153.34525
86	25	8511.502	-204.47185
86	32	8547.485	-233.451
86	33	8631.846	-171.8991
86	34	8634.6455	-171.54471
86	36	8637.287	-171.63953
86	37	8640.099	-172.02902
86	38	8504.157	-232.40645
86	40	8505.131	-206.31631
86	41	8504.283	-227.45943
86	42	8526.389	-227.3947
86	43	8592.021	-141.82057
86	46	8572.236	-116.93471
86	48	8530.0625	-247.11835
86	49	8620.727	-166.01935
86	53	8598.347	-139.19612
86	54	8591.777	-125.45517
86	55	8592.034	-131.01143
86	56	8579.818	-131.85281
86	57	8506.754	-195.42404
87	1	8551.667	-191.33134
87	2	8582.254	-198.66832
87	3	8563.409	-121.21708
87	4	8560.51	-192.4464
87	5	8566.978	-189.69135
87	6	8594.838	-181.35732
87	7	8612.632	-171.20355
87	8	8615.225	-172.22379
87	10	8612.505	-165.90456
87	11	8618.082	-172.12354
87	13	8624.894	-184.73933
87	14	8620.848	-171.8063
87	17	8623.509	-171.54015
87	19	8528.35	-235.1298
87	20	8629.064	-172.09505
87	22	8527.627	-231.41826
87	23	8634.979	-185.0983
87	24	8620.191	-153.34525
87	25	8511.502	-204.47185
87	32	8547.485	-233.451
87	33	8631.846	-171.8991
87	34	8634.6455	-171.54471
87	36	8637.287	-171.63953
87	37	8640.099	-172.02902
87	38	8504.119	-232.42548
87	41	8504.283	-227.45943
87	42	8526.389	-227.3947
87	43	8592.021	-141.82057
87	46	8572.141	-116.92581
87	48	8530.0625	-247.11835
87	49	8620.727	-166.01935
87	53	8598.347	-139.19612
87	54	8591.777	-125.45517
87	55	8592.034	-131.01143
87	56	8579.818	-131.85281
87	57	8506.737	-195.39809
87	62	8528.913	-251.56293
88	1	8551.697	-191.32892
88	2	8582.748	-198.65128
88	3	8563.329	-120.626976
88	4	8560.59	-193.12904
88	5	8566.848	-189.2857
88	6	8594.838	-181.35732
88	7	8612.632	-171.20355
88	8	8615.225	-172.22379
88	10	8612.505	-165.90456
88	11	8618.082	-172.12354
88	13	8624.894	-184.73933
88	14	8620.848	-171.8063
88	17	8623.509	-171.54015
88	19	8528.108	-235.15216
88	20	8629.064	-172.09505
88	22	8527.627	-231.41826
88	23	8634.992	-185.18158
88	24	8620.191	-153.34525
88	25	8511.502	-204.47185
88	32	8547.485	-233.451
88	33	8631.846	-171.8991
88	34	8634.6455	-171.54471
88	36	8637.287	-171.63953
88	37	8640.099	-172.02902
88	38	8504.134	-232.42953
88	41	8504.283	-227.45943
88	42	8526.389	-227.3947
88	43	8592.021	-141.82057
88	46	8572.039	-116.920654
88	48	8530.0625	-247.11835
88	49	8620.727	-166.01935
88	53	8598.347	-139.19612
88	54	8591.777	-125.45517
88	55	8592.034	-131.01143
88	56	8579.818	-131.85281
88	57	8506.741	-195.40306
88	62	8529.096	-251.54321
89	1	8551.775	-191.31467
89	2	8583.281	-198.62933
89	3	8563.26	-120.06229
89	4	8560.692	-193.76062
89	5	8566.718	-188.82715
89	6	8594.838	-181.35732
89	7	8612.632	-171.20355
89	8	8615.225	-172.22379
89	10	8612.505	-165.90456
89	11	8618.082	-172.12354
89	13	8624.894	-184.73933
89	17	8623.509	-171.54015
89	19	8528.077	-235.15283
89	20	8629.064	-172.09505
89	22	8527.627	-231.41826
89	23	8634.979	-185.20273
89	25	8511.502	-204.47185
89	32	8547.485	-233.451
89	33	8631.846	-171.8991
89	34	8634.6455	-171.54471
89	36	8637.287	-171.63953
89	37	8640.099	-172.02902
89	38	8504.205	-232.43523
89	41	8504.283	-227.45943
89	42	8526.389	-227.3947
89	46	8571.958	-116.922745
89	48	8530.0625	-247.11835
89	49	8620.727	-166.01935
89	53	8598.347	-139.19612
89	54	8591.777	-125.45517
89	55	8592.034	-131.01143
89	56	8579.818	-131.85281
89	57	8506.743	-195.34642
89	65	8597.4795	-133.75732
90	1	8551.852	-191.29987
90	2	8583.788	-198.61171
90	3	8563.171	-119.47217
90	4	8560.81	-194.36412
90	5	8566.613	-188.39633
90	6	8594.838	-181.35732
90	7	8612.632	-171.20355
90	8	8615.225	-172.22379
90	10	8612.505	-165.90456
90	11	8618.082	-172.12354
90	13	8624.894	-184.73933
90	19	8528.031	-235.15306
90	20	8629.064	-172.09505
90	22	8527.627	-231.41826
90	23	8634.966	-185.20312
90	25	8511.502	-204.47185
90	32	8547.485	-233.451
90	33	8631.846	-171.8991
90	34	8634.6455	-171.54471
90	36	8637.287	-171.63953
90	37	8640.099	-172.02902
90	38	8504.188	-232.4358
90	41	8504.283	-227.45943
90	42	8526.389	-227.3947
90	43	8592.021	-141.82057
90	46	8571.863	-116.93303
90	48	8530.0625	-247.11835
90	49	8620.727	-166.01935
90	53	8598.347	-139.19612
90	54	8591.777	-125.45517
90	55	8592.034	-131.01143
90	56	8579.818	-131.85281
90	57	8506.725	-195.4173
