0	1	-649.51904	-1429.2952
0	2	-675.79	-1344.0372
0	3	-655.2712	-1469.5763
0	5	-676.4	-1445.7217
0	7	-662.99927	-1414.2148
0	8	-663.0124	-1423.1312
0	9	-669.1847	-1374.1503
0	10	-669.6017	-1429.9863
0	11	-681.9211	-1438.2412
0	12	-641.99634	-1436.6935
0	13	-677.84924	-1442.2609
0	14	-636.7729	-1432.5627
0	15	-648.73926	-1443.0953
0	16	-679.03284	-1445.6619
0	18	-676.07294	-1447.4867
0	20	-641.7814	-1443.2393
0	21	-690.91034	-1437.3182
0	22	-634.5807	-1437.3279
0	23	-661.55145	-1451.9742
0	24	-690.93414	-1440.844
0	26	-698.1491	-1436.8076
0	27	-634.3742	-1455.3746
0	28	-661.8721	-1467.1046
0	29	-665.90344	-1344.768
0	30	-617.96545	-1444.8857
0	31	-669.7475	-1460.2417
0	32	-666.49646	-1461.3516
0	50	-654.1277	-1342.4475
0	51	-650.909	-1483.3651
1	1	-649.76215	-1429.0027
1	2	-675.87866	-1344.0051
1	3	-655.2629	-1468.7183
1	5	-676.417	-1445.7273
1	7	-662.9993	-1414.2148
1	8	-663.0124	-1423.1312
1	9	-669.1857	-1375.2632
1	10	-669.61456	-1431.3529
1	11	-681.9171	-1438.2437
1	12	-641.99695	-1436.6959
1	13	-677.84924	-1442.2609
1	14	-636.7729	-1432.5627
1	15	-648.31354	-1442.7631
1	16	-679.0269	-1445.6547
1	18	-676.07904	-1447.485
1	20	-641.7814	-1443.2393
1	21	-690.9048	-1437.321
1	22	-634.578	-1437.3293
1	23	-661.55145	-1451.9742
1	24	-690.93414	-1440.844
1	26	-698.1511	-1436.8024
1	27	-634.3742	-1455.3746
1	28	-661.8721	-1467.1046
1	29	-665.89056	-1346.4308
1	30	-617.96545	-1444.8857
1	31	-669.7592	-1461.5979
1	32	-666.52045	-1462.9607
1	50	-654.1245	-1340.8463
1	51	-650.909	-1483.3651
2	1	-650.0012	-1428.687
2	2	-675.8116	-1344.0162
2	3	-655.26514	-1467.9109
2	5	-676.4211	-1445.7268
2	6	-677.8344	-1446.5042
2	7	-662.9992	-1414.2148
2	8	-663.0124	-1423.1312
2	9	-669.1873	-1376.3914
2	10	-669.6242	-1432.7344
2	11	-681.91376	-1438.2421
2	12	-642.00226	-1436.6952
2	13	-677.84924	-1442.2609
2	14	-636.7729	-1432.5627
2	15	-647.8883	-1442.4685
2	16	-679.01117	-1445.6788
2	17	-677.408	-1447.0054
2	18	-676.1109	-1447.508
2	20	-641.7814	-1443.2393
2	21	-690.9105	-1437.3201
2	22	-634.5772	-1437.3271
2	23	-661.55145	-1451.9742
2	24	-690.93414	-1440.844
2	26	-698.1563	-1436.8083
2	27	-634.3742	-1455.3746
2	28	-661.8721	-1467.1046
2	29	-665.93616	-1348.4513
2	30	-617.96545	-1444.8857
2	31	-669.7707	-1462.9579
2	32	-666.5415	-1464.5939
2	50	-654.10895	-1339.2609
2	51	-650.909	-1483.3651
3	1	-650.2222	-1428.3646
3	2	-676.09296	-1344.0117
3	3	-655.26025	-1467.0612
3	5	-676.41156	-1445.7135
3	6	-677.77484	-1446.4576
3	7	-662.99927	-1414.2147
3	8	-663.0124	-1423.1312
3	9	-669.18823	-1377.4872
3	10	-669.6378	-1434.0961
3	11	-681.9163	-1438.239
3	12	-641.9915	-1436.6941
3	13	-677.84924	-1442.2609
3	14	-636.7729	-1432.5627
3	15	-647.4353	-1442.1746
3	16	-678.996	-1445.67
3	17	-677.4235	-1447.0007
3	18	-676.0306	-1447.4999
3	20	-641.7814	-1443.2393
3	21	-690.9215	-1437.311
3	22	-634.57477	-1437.327
3	23	-661.55145	-1451.9742
3	24	-690.93414	-1440.844
3	26	-698.1454	-1436.805
3	27	-634.3742	-1455.3746
3	28	-661.8721	-1467.1046
3	29	-665.9456	-1350.3529
3	30	-617.96545	-1444.8857
3	31	-669.787	-1464.3263
3	32	-666.5587	-1466.2278
3	50	-654.084	-1337.6243
4	1	-650.4595	-1427.9911
4	2	-675.6893	-1344.0369
4	3	-655.2691	-1466.3307
4	4	-654.771	-1490.5616
4	5	-676.4019	-1445.6846
4	6	-677.719	-1446.4744
4	7	-662.99927	-1414.2147
4	8	-663.0124	-1423.1312
4	9	-669.1933	-1378.6013
4	10	-669.64386	-1435.4668
4	11	-681.9195	-1438.2418
4	12	-641.9996	-1436.6896
4	13	-677.84924	-1442.2609
4	14	-636.7729	-1432.5627
4	15	-646.968	-1441.9103
4	16	-678.61304	-1446.4888
4	17	-677.4325	-1446.9603
4	18	-676.1114	-1447.5128
4	19	-676.71454	-1447.4476
4	20	-641.7814	-1443.2393
4	21	-690.9278	-1437.3217
4	22	-634.5725	-1437.3289
4	23	-661.55145	-1451.9742
4	24	-690.93414	-1440.844
4	26	-698.16785	-1436.7996
4	27	-634.3742	-1455.3746
4	28	-661.8721	-1467.1046
4	29	-665.94354	-1351.9393
4	30	-617.96545	-1444.8857
4	31	-669.8038	-1465.6913
4	32	-666.58	-1467.8098
5	1	-650.66156	-1427.6127
5	2	-675.44196	-1344.0944
5	3	-655.27344	-1465.4779
5	4	-654.8061	-1489.412
5	5	-676.3903	-1445.6703
5	6	-677.66705	-1446.4901
5	7	-662.9992	-1414.2147
5	8	-663.0124	-1423.1312
5	9	-669.19604	-1379.7177
5	10	-669.6499	-1436.8329
5	11	-681.917	-1438.2412
5	12	-641.98254	-1436.6891
5	13	-677.84924	-1442.2609
5	14	-636.7729	-1432.5627
5	15	-646.48303	-1441.6735
5	16	-678.9667	-1445.6703
5	17	-677.4249	-1446.9524
5	18	-676.1008	-1447.5052
5	19	-676.75916	-1447.3868
5	20	-641.7814	-1443.2393
5	21	-690.93536	-1437.319
5	22	-634.57465	-1437.3287
5	23	-661.55145	-1451.9742
5	24	-690.93414	-1440.844
5	26	-698.16113	-1436.8031
5	27	-634.3742	-1455.3746
5	28	-661.8721	-1467.1046
5	29	-665.965	-1353.3777
5	30	-617.96545	-1444.8857
5	31	-669.80865	-1467.0891
5	32	-666.6021	-1469.4252
6	1	-650.85547	-1427.1886
6	2	-675.59973	-1344.0789
6	3	-655.2691	-1464.7672
6	4	-654.82935	-1488.3177
6	5	-676.3884	-1445.6753
6	6	-677.61945	-1446.4929
6	7	-662.9992	-1414.2147
6	8	-663.0124	-1423.1312
6	9	-669.1977	-1380.7797
6	10	-669.6692	-1438.2301
6	11	-681.9198	-1438.2408
6	12	-641.9944	-1436.6904
6	13	-677.84924	-1442.2609
6	14	-636.7729	-1432.5627
6	15	-645.9925	-1441.4454
6	16	-679.0192	-1445.6619
6	17	-677.4274	-1446.9368
6	18	-676.0936	-1447.5106
6	19	-676.7528	-1447.3846
6	20	-641.7814	-1443.2393
6	21	-690.91425	-1437.3192
6	22	-634.5801	-1437.3309
6	23	-661.55145	-1451.9742
6	24	-690.93414	-1440.844
6	26	-698.1475	-1436.8013
6	27	-634.3742	-1455.3746
6	28	-661.8721	-1467.1046
6	29	-665.9645	-1354.8566
6	30	-617.96545	-1444.8857
6	31	-669.82465	-1468.4591
6	32	-666.60565	-1471.0721
7	1	-651.0228	-1426.7738
7	2	-675.5743	-1344.0807
7	3	-655.2782	-1464.0293
7	4	-654.81573	-1487.3137
7	5	-676.38495	-1445.6726
7	7	-662.99915	-1414.2148
7	8	-663.0124	-1423.1312
7	9	-669.1986	-1381.8569
7	10	-669.68085	-1439.5842
7	11	-681.92365	-1438.2405
7	12	-642.01605	-1436.6858
7	13	-677.84924	-1442.2609
7	14	-636.7729	-1432.5627
7	15	-645.4761	-1441.2495
7	16	-679.0486	-1445.6417
7	18	-676.082	-1447.5148
7	19	-676.73206	-1447.3926
7	20	-641.7814	-1443.2393
7	21	-690.9178	-1437.3126
7	22	-634.58716	-1437.331
7	23	-661.55145	-1451.9742
7	24	-690.93414	-1440.844
7	26	-698.1356	-1436.8066
7	27	-634.3742	-1455.3746
7	28	-661.8721	-1467.1046
7	29	-665.94635	-1356.3196
7	30	-617.96545	-1444.8857
7	31	-669.84094	-1469.8182
7	32	-666.60114	-1472.7054
8	1	-651.18286	-1426.3313
8	2	-675.5826	-1344.1038
8	3	-655.27936	-1463.4885
8	4	-654.809	-1486.3177
8	5	-676.3875	-1445.6827
8	7	-662.99915	-1414.2148
8	8	-663.0124	-1423.1312
8	9	-669.2024	-1382.9016
8	10	-669.6879	-1440.9274
8	11	-681.9216	-1438.2407
8	12	-642.0193	-1436.6847
8	13	-677.84924	-1442.2609
8	14	-636.7729	-1432.5627
8	15	-644.9477	-1441.0824
8	17	-677.4389	-1446.9579
8	18	-676.08563	-1447.5148
8	19	-676.3347	-1447.3347
8	20	-641.7814	-1443.2393
8	21	-690.9295	-1437.3105
8	22	-634.5863	-1437.3326
8	23	-661.55145	-1451.9742
8	24	-690.93414	-1440.844
8	25	-642.79816	-1449.2662
8	26	-698.14606	-1436.8065
8	27	-634.3742	-1455.3746
8	28	-661.8721	-1467.1046
8	29	-665.95233	-1357.7327
8	30	-617.96545	-1444.8857
8	31	-669.8593	-1471.2313
8	32	-666.61566	-1474.346
9	1	-651.3231	-1425.8795
9	2	-675.70245	-1344.3607
9	3	-655.2942	-1462.8027
9	4	-654.7918	-1485.2415
9	5	-676.3911	-1445.6805
9	6	-677.51733	-1446.4846
9	7	-662.99915	-1414.2148
9	8	-663.0124	-1423.1312
9	9	-669.19995	-1383.9557
9	10	-669.69635	-1442.285
9	11	-681.91943	-1438.2407
9	12	-642.0286	-1436.6812
9	13	-677.84924	-1442.2609
9	14	-636.7729	-1432.5627
9	15	-644.38257	-1440.9327
9	16	-678.9762	-1445.7244
9	17	-677.4376	-1446.9426
9	18	-676.07776	-1447.5153
9	20	-641.7814	-1443.2393
9	21	-690.9255	-1437.3123
9	22	-634.57697	-1437.3323
9	23	-661.55145	-1451.9742
9	24	-690.93414	-1440.844
9	25	-642.7669	-1449.2395
9	26	-698.1521	-1436.8011
9	27	-634.3742	-1455.3746
9	28	-661.8721	-1467.1046
9	29	-665.93835	-1359.1881
9	30	-617.96545	-1444.8857
9	31	-669.87915	-1472.6047
9	32	-666.6306	-1475.9546
10	1	-651.45703	-1425.3997
10	2	-675.6112	-1344.1718
10	3	-655.2983	-1462.1943
10	4	-654.7911	-1484.3137
10	5	-676.39056	-1445.6759
10	6	-677.4709	-1446.4646
10	7	-662.9991	-1414.2148
10	8	-663.0124	-1423.1312
10	9	-669.1998	-1384.9663
10	10	-669.703	-1443.6458
10	11	-681.9146	-1438.242
10	12	-642.0278	-1436.6722
10	13	-677.84924	-1442.2609
10	14	-636.7729	-1432.5627
10	15	-643.83514	-1440.8158
10	16	-679.01685	-1445.6909
10	17	-677.428	-1446.9376
10	18	-676.08374	-1447.5157
10	19	-676.7346	-1447.3391
10	20	-641.7814	-1443.2393
10	21	-690.9303	-1437.3153
10	22	-634.5718	-1437.3352
10	23	-661.55145	-1451.9742
10	24	-690.93414	-1440.844
10	25	-642.7564	-1449.2654
10	26	-698.1535	-1436.8018
10	27	-634.3742	-1455.3746
10	28	-661.8721	-1467.1046
10	29	-665.94836	-1360.602
10	30	-617.96545	-1444.8857
10	31	-669.8882	-1473.9857
10	32	-666.65546	-1477.5648
11	1	-651.57043	-1424.9309
11	2	-675.6016	-1344.1073
11	3	-655.2875	-1461.626
11	4	-654.81213	-1483.404
11	5	-676.3931	-1445.6802
11	6	-677.42883	-1446.4766
11	7	-662.9991	-1414.2147
11	8	-663.0124	-1423.1312
11	9	-669.19885	-1386.0251
11	10	-669.72	-1444.9844
11	11	-681.9188	-1438.2422
11	12	-642.04926	-1436.6691
11	13	-677.84924	-1442.2609
11	14	-636.7729	-1432.5627
11	15	-643.2592	-1440.7124
11	17	-677.4104	-1446.9291
11	18	-676.0833	-1447.5093
11	19	-676.7201	-1447.1525
11	20	-641.7814	-1443.2393
11	21	-690.9079	-1437.312
11	22	-634.5658	-1437.3336
11	23	-661.55145	-1451.9742
11	24	-690.93414	-1440.844
11	25	-642.7506	-1449.2462
11	26	-698.14703	-1436.8021
11	27	-634.3742	-1455.3746
11	28	-661.8721	-1467.1046
11	29	-665.93744	-1362.0182
11	30	-617.96545	-1444.8857
11	31	-669.9049	-1475.3605
11	32	-666.6682	-1479.2085
11	46	-678.3049	-1446.7612
12	1	-651.6771	-1424.4401
12	2	-675.58984	-1344.1183
12	3	-655.293	-1461.1191
12	4	-654.78766	-1482.4673
12	5	-676.4	-1445.6844
12	6	-677.3968	-1446.4684
12	7	-662.999	-1414.2148
12	8	-663.0124	-1423.1312
12	9	-669.1993	-1387.0087
12	10	-669.7281	-1446.3514
12	11	-681.9092	-1438.2415
12	12	-642.04333	-1436.6733
12	13	-677.84924	-1442.2609
12	14	-636.7729	-1432.5627
12	15	-642.65283	-1440.6364
12	16	-679.02716	-1445.7162
12	17	-677.407	-1446.9216
12	18	-676.07776	-1447.5132
12	19	-676.73834	-1447.116
12	20	-641.7814	-1443.2393
12	21	-690.9195	-1437.3134
12	22	-634.5832	-1437.3325
12	23	-661.55145	-1451.9742
12	24	-690.93414	-1440.844
12	25	-642.7553	-1449.2341
12	26	-698.1548	-1436.8005
12	27	-634.3742	-1455.3746
12	28	-661.8721	-1467.1046
12	29	-665.9477	-1363.3773
12	30	-617.96545	-1444.8857
12	31	-669.91565	-1476.8165
12	32	-666.67554	-1480.8595
12	46	-678.30383	-1446.8536
13	1	-651.7685	-1423.9507
13	2	-675.5934	-1344.1149
13	3	-655.29913	-1460.5673
13	4	-654.8097	-1481.5228
13	5	-676.41254	-1445.6837
13	6	-677.33514	-1446.4617
13	7	-662.99896	-1414.2148
13	8	-663.0124	-1423.1312
13	9	-669.1962	-1388.0032
13	10	-669.7317	-1447.6836
13	11	-681.9091	-1438.2423
13	12	-642.0384	-1436.6688
13	13	-677.84924	-1442.2609
13	14	-636.7729	-1432.5627
13	15	-642.0278	-1440.5948
13	17	-677.38635	-1446.8557
13	18	-676.079	-1447.5199
13	19	-676.74066	-1447.1234
13	20	-641.7814	-1443.2393
13	21	-690.9293	-1437.3137
13	22	-634.57764	-1437.3276
13	23	-661.55145	-1451.9742
13	24	-690.93414	-1440.844
13	26	-698.1359	-1436.8077
13	27	-634.3742	-1455.3746
13	28	-661.8721	-1467.1046
13	29	-665.95044	-1364.7721
13	30	-617.96545	-1444.8857
13	31	-669.92883	-1478.2264
13	32	-666.7034	-1482.5319
14	1	-651.8545	-1423.4324
14	2	-675.6063	-1344.133
14	3	-655.29675	-1460.133
14	4	-654.7972	-1480.6749
14	5	-676.4172	-1445.689
14	6	-677.33344	-1446.4524
14	7	-662.99896	-1414.2147
14	8	-663.0124	-1423.1312
14	9	-669.1968	-1388.9877
14	10	-669.74866	-1449.0135
14	11	-681.9133	-1438.2408
14	12	-642.0298	-1436.6736
14	13	-677.84924	-1442.2609
14	14	-636.7729	-1432.5627
14	15	-641.3948	-1440.5759
14	16	-679.04193	-1445.6774
14	17	-677.4169	-1446.9003
14	18	-676.0908	-1447.5027
14	19	-676.77765	-1447.2422
14	20	-641.7814	-1443.2393
14	21	-690.91693	-1437.3059
14	22	-634.5683	-1437.3245
14	23	-661.55145	-1451.9742
14	24	-690.93414	-1440.844
14	26	-698.13824	-1436.804
14	27	-634.3742	-1455.3746
14	28	-661.8721	-1467.1046
14	29	-665.93146	-1366.1294
14	30	-617.96545	-1444.8857
14	31	-669.9282	-1479.6267
14	32	-666.70886	-1484.2002
15	1	-651.93524	-1422.897
15	2	-675.6071	-1344.132
15	3	-655.29236	-1459.6621
15	4	-654.7872	-1479.7457
15	5	-676.4275	-1445.688
15	6	-677.2656	-1446.4675
15	7	-662.99896	-1414.2147
15	8	-663.0124	-1423.1312
15	9	-669.19385	-1389.9724
15	10	-669.763	-1450.3558
15	11	-681.9111	-1438.2415
15	12	-642.0316	-1436.6763
15	13	-677.84924	-1442.2609
15	14	-636.7729	-1432.5627
15	15	-640.7644	-1440.5712
15	16	-678.9768	-1445.7286
15	18	-676.0818	-1447.4999
15	19	-676.75275	-1447.2429
15	20	-641.7814	-1443.2393
15	21	-690.924	-1437.3085
15	22	-634.5524	-1437.3264
15	23	-661.55145	-1451.9742
15	24	-690.93414	-1440.844
15	26	-698.16034	-1436.8071
15	27	-634.3742	-1455.3746
15	28	-661.8721	-1467.1046
15	29	-665.9578	-1367.4688
15	30	-617.96545	-1444.8857
15	31	-669.9349	-1481.0322
15	32	-666.7263	-1485.8456
15	46	-677.6467	-1446.9349
16	1	-651.9929	-1422.379
16	2	-675.6091	-1344.1246
16	3	-655.2826	-1459.2416
16	4	-654.79083	-1478.9159
16	5	-676.4195	-1445.6859
16	6	-677.2214	-1446.437
16	7	-662.999	-1414.2147
16	8	-663.0124	-1423.1312
16	9	-669.1924	-1390.9054
16	10	-669.77026	-1451.6852
16	11	-681.91925	-1438.2413
16	12	-642.03156	-1436.6765
16	13	-677.84924	-1442.2609
16	14	-636.7729	-1432.5627
16	15	-640.10614	-1440.5724
16	16	-679.0504	-1445.7072
16	18	-676.0734	-1447.5107
16	20	-641.7814	-1443.2393
16	21	-690.92694	-1437.3208
16	22	-634.5693	-1437.3284
16	23	-661.55145	-1451.9742
16	24	-690.93414	-1440.844
16	26	-698.15247	-1436.8099
16	27	-634.3742	-1455.3746
16	28	-661.8721	-1467.1046
16	29	-665.9602	-1368.8091
16	30	-617.96545	-1444.8857
16	31	-669.9462	-1482.4504
16	32	-666.75354	-1487.5011
16	46	-677.31415	-1446.7307
17	1	-652.0558	-1421.8016
17	2	-675.5955	-1344.1224
17	3	-655.2823	-1458.8209
17	4	-654.7886	-1478.1305
17	5	-676.4396	-1445.688
17	6	-677.28284	-1446.5144
17	7	-662.99915	-1414.2147
17	8	-663.0124	-1423.1312
17	9	-669.1914	-1391.8833
17	10	-669.7806	-1453.0131
17	11	-681.914	-1438.2397
17	12	-642.03595	-1436.6786
17	13	-677.84924	-1442.2609
17	14	-636.7729	-1432.5627
17	15	-639.4534	-1440.5742
17	16	-678.9762	-1445.748
17	17	-677.4903	-1446.9166
17	18	-676.0729	-1447.4982
17	20	-641.7814	-1443.2393
17	21	-690.9206	-1437.3157
17	22	-634.5767	-1437.327
17	23	-661.55145	-1451.9742
17	24	-690.93414	-1440.844
17	26	-698.1454	-1436.8093
17	27	-634.3742	-1455.3746
17	28	-661.8721	-1467.1046
17	29	-665.9471	-1370.1523
17	30	-617.96545	-1444.8857
17	31	-669.9424	-1483.8514
17	32	-666.79193	-1489.1986
17	46	-677.83044	-1446.8242
18	1	-652.111	-1421.2157
18	2	-675.58527	-1344.1273
18	3	-655.259	-1458.4935
18	4	-654.7919	-1477.3417
18	5	-676.4119	-1445.6827
18	6	-677.2477	-1446.5082
18	7	-662.9991	-1414.2147
18	8	-663.0124	-1423.1312
18	9	-669.19196	-1392.8035
18	10	-669.79193	-1454.3486
18	11	-681.91534	-1438.2415
18	12	-642.017	-1436.6813
18	13	-677.84924	-1442.2609
18	14	-636.7729	-1432.5627
18	15	-638.74744	-1440.6138
18	16	-678.97095	-1445.7213
18	18	-676.0685	-1447.4974
18	20	-641.7814	-1443.2393
18	21	-690.9156	-1437.3138
18	22	-634.5692	-1437.3304
18	23	-661.55145	-1451.9742
18	24	-690.93414	-1440.844
18	26	-698.169	-1436.8083
18	27	-634.3742	-1455.3746
18	28	-661.8721	-1467.1046
18	29	-665.9444	-1371.5118
18	30	-617.96545	-1444.8857
18	31	-669.95386	-1485.2728
18	32	-666.81976	-1490.8926
18	46	-677.67126	-1446.8536
19	1	-652.1579	-1420.5676
19	2	-675.5499	-1344.1321
19	3	-655.27435	-1458.125
19	4	-654.7841	-1476.5892
19	5	-676.4067	-1445.6788
19	6	-677.1744	-1446.4796
19	7	-662.999	-1414.2147
19	8	-663.0124	-1423.1312
19	9	-669.1923	-1393.7228
19	10	-669.797	-1455.6359
19	11	-681.91907	-1438.2391
19	12	-642.0204	-1436.6805
19	13	-677.84924	-1442.2609
19	14	-636.7729	-1432.5627
19	15	-638.06055	-1440.6284
19	16	-679.00757	-1445.7295
19	17	-677.4636	-1446.9244
19	18	-676.07214	-1447.4926
19	20	-641.7814	-1443.2393
19	21	-690.9301	-1437.3179
19	22	-634.57367	-1437.3273
19	23	-661.55145	-1451.9742
19	24	-690.93414	-1440.844
19	26	-698.158	-1436.8074
19	27	-634.3742	-1455.3746
19	28	-661.8721	-1467.1046
19	29	-665.94165	-1372.7678
19	30	-617.96545	-1444.8857
19	31	-669.953	-1486.7183
19	46	-678.1407	-1446.9834
20	1	-652.19196	-1419.9248
20	2	-675.5412	-1344.1333
20	3	-655.278	-1457.803
20	4	-654.7827	-1475.9027
20	5	-676.37476	-1445.684
20	7	-662.999	-1414.2148
20	8	-663.0124	-1423.1312
20	9	-669.1877	-1394.6044
20	10	-669.82043	-1456.9794
20	11	-681.9133	-1438.2424
20	12	-642.0251	-1436.6782
20	13	-677.84924	-1442.2609
20	14	-636.7729	-1432.5627
20	15	-637.2704	-1440.6573
20	16	-678.9814	-1445.7372
20	17	-677.45575	-1446.9108
20	18	-676.0613	-1447.518
20	20	-641.7814	-1443.2393
20	21	-690.92957	-1437.3062
20	22	-634.5762	-1437.3237
20	23	-661.55145	-1451.9742
20	24	-690.93414	-1440.844
20	26	-698.15247	-1436.8094
20	27	-634.3742	-1455.3746
20	28	-661.8721	-1467.1046
20	29	-665.9401	-1374.0524
20	30	-617.96545	-1444.8857
20	31	-669.95294	-1488.1423
20	46	-678.16394	-1446.8181
21	1	-652.218	-1419.2648
21	2	-675.5246	-1344.1371
21	3	-655.2877	-1457.4402
21	4	-654.76843	-1475.2059
21	5	-676.3415	-1445.6865
21	6	-677.16223	-1446.5422
21	7	-662.999	-1414.2148
21	8	-663.0124	-1423.1312
21	9	-669.18176	-1395.5106
21	10	-669.8311	-1458.2827
21	11	-681.91046	-1438.2384
21	12	-642.01825	-1436.6766
21	13	-677.84924	-1442.2609
21	14	-636.7729	-1432.5627
21	15	-636.5604	-1440.7065
21	16	-678.9608	-1445.7655
21	17	-677.45447	-1446.9495
21	18	-676.0609	-1447.5023
21	20	-641.7814	-1443.2393
21	21	-690.931	-1437.3071
21	22	-634.5792	-1437.3246
21	23	-661.55145	-1451.9742
21	24	-690.93414	-1440.844
21	26	-698.1631	-1436.8071
21	27	-634.3742	-1455.3746
21	28	-661.8721	-1467.1046
21	29	-665.9384	-1375.318
21	30	-617.96545	-1444.8857
21	31	-669.9471	-1489.6249
21	46	-678.14185	-1446.7759
22	1	-652.2464	-1418.5887
22	2	-675.52014	-1344.138
22	3	-655.2829	-1457.2544
22	4	-654.78186	-1474.5062
22	5	-676.3015	-1445.6814
22	6	-677.1359	-1446.5146
22	7	-662.99896	-1414.2147
22	8	-663.0124	-1423.1312
22	9	-669.17645	-1396.3794
22	10	-669.8446	-1459.6041
22	11	-681.91156	-1438.239
22	12	-642.0267	-1436.679
22	13	-677.84924	-1442.2609
22	14	-636.7729	-1432.5627
22	15	-635.8043	-1440.7421
22	16	-679.0454	-1445.8114
22	17	-677.4191	-1446.907
22	18	-676.07074	-1447.5056
22	20	-641.7814	-1443.2393
22	21	-690.92737	-1437.3157
22	22	-634.5807	-1437.3251
22	23	-661.55145	-1451.9742
22	24	-690.93414	-1440.844
22	26	-698.145	-1436.8136
22	27	-634.3742	-1455.3746
22	28	-661.8721	-1467.1046
22	29	-665.92755	-1376.5966
22	30	-617.96545	-1444.8857
23	1	-652.25903	-1417.8944
23	2	-675.51294	-1344.1498
23	3	-655.26495	-1456.9218
23	4	-654.761	-1473.7941
23	5	-676.288	-1445.685
23	6	-677.09973	-1446.5518
23	7	-662.99896	-1414.2147
23	8	-663.0124	-1423.1312
23	9	-669.17114	-1397.2594
23	10	-669.8701	-1460.9292
23	11	-681.9057	-1438.2415
23	12	-642.0197	-1436.6797
23	13	-677.84924	-1442.2609
23	14	-636.7729	-1432.5627
23	15	-635.07275	-1440.7678
23	16	-679.1095	-1445.8234
23	17	-677.42126	-1446.9594
23	18	-676.0615	-1447.5042
23	20	-641.7814	-1443.2393
23	21	-690.9166	-1437.3088
23	22	-634.58374	-1437.3258
23	23	-661.55145	-1451.9742
23	24	-690.93414	-1440.844
23	26	-698.1442	-1436.8082
23	27	-634.3742	-1455.3746
23	28	-661.8721	-1467.1046
23	29	-665.92755	-1377.8208
23	30	-617.96545	-1444.8857
24	1	-652.27875	-1417.154
24	2	-675.507	-1344.1589
24	3	-655.2385	-1456.7102
24	4	-654.7578	-1473.148
24	5	-676.2457	-1445.6952
24	6	-677.07404	-1446.6096
24	7	-662.999	-1414.2147
24	8	-663.0124	-1423.1312
24	9	-669.17004	-1398.1055
24	10	-669.8781	-1462.2158
24	11	-681.9024	-1438.2445
24	12	-642.0323	-1436.6736
24	13	-677.84924	-1442.2609
24	14	-636.7729	-1432.5627
24	15	-634.2307	-1440.8231
24	16	-678.9628	-1445.7395
24	17	-677.4085	-1446.948
24	18	-676.06226	-1447.4941
24	20	-641.7814	-1443.2393
24	21	-690.92017	-1437.3152
24	22	-634.58264	-1437.3229
24	23	-661.55145	-1451.9742
24	24	-690.93414	-1440.844
24	26	-698.1437	-1436.8136
24	27	-634.3742	-1455.3746
24	28	-661.8721	-1467.1046
24	29	-665.9181	-1379.0668
24	30	-617.96545	-1444.8857
25	1	-652.29175	-1416.4381
25	2	-675.4864	-1344.1617
25	3	-655.2284	-1456.4757
25	4	-654.7879	-1472.569
25	5	-676.2234	-1445.6995
25	6	-677.0102	-1446.6012
25	7	-662.99884	-1414.2147
25	8	-663.0124	-1423.1312
25	9	-669.1724	-1398.9513
25	10	-669.89325	-1463.5314
25	11	-681.9013	-1438.246
25	12	-642.0323	-1436.6724
25	13	-677.84924	-1442.2609
25	14	-636.7729	-1432.5627
25	15	-633.48944	-1440.885
25	16	-679.0391	-1445.7583
25	17	-677.4136	-1446.9618
25	18	-676.0546	-1447.4976
25	20	-641.7814	-1443.2393
25	21	-690.92084	-1437.3186
25	22	-634.581	-1437.3254
25	23	-661.55145	-1451.9742
25	24	-690.93414	-1440.844
25	26	-698.1376	-1436.8118
25	27	-634.3742	-1455.3746
25	28	-661.8721	-1467.1046
25	29	-665.91315	-1380.2529
25	30	-617.96545	-1444.8857
26	1	-652.29407	-1415.676
26	2	-675.4673	-1344.1682
26	3	-655.22626	-1456.3029
26	4	-654.79346	-1471.9852
26	5	-676.13837	-1445.6909
26	6	-676.97107	-1446.629
26	7	-662.99896	-1414.2147
26	8	-663.0124	-1423.1312
26	9	-669.1725	-1399.7612
26	10	-669.9121	-1464.857
26	11	-681.90674	-1438.2495
26	12	-642.04175	-1436.6782
26	13	-677.84924	-1442.2609
26	14	-636.7729	-1432.5627
26	15	-632.7254	-1440.9237
26	16	-678.95953	-1445.7118
26	17	-677.42346	-1446.9485
26	18	-676.046	-1447.5048
26	20	-641.7814	-1443.2393
26	21	-690.9106	-1437.3086
26	22	-634.58264	-1437.3286
26	23	-661.55145	-1451.9742
26	24	-690.93414	-1440.844
26	26	-698.139	-1436.8118
26	27	-634.3742	-1455.3746
26	28	-661.8721	-1467.1046
26	29	-665.91486	-1381.4359
26	30	-617.96545	-1444.8857
27	1	-652.3091	-1414.945
27	2	-675.42847	-1344.1803
27	4	-654.7997	-1471.4054
27	5	-676.0691	-1445.656
27	6	-676.9552	-1446.66
27	7	-662.999	-1414.2147
27	8	-663.0124	-1423.1312
27	9	-669.17017	-1400.5668
27	10	-669.918	-1466.1426
27	11	-681.89246	-1438.2474
27	12	-642.053	-1436.6716
27	13	-677.84924	-1442.2609
27	14	-636.7729	-1432.5627
27	15	-631.90137	-1440.9723
27	16	-678.97614	-1445.7014
27	17	-677.40265	-1446.9283
27	18	-676.03674	-1447.5066
27	20	-641.7814	-1443.2393
27	21	-690.9113	-1437.3098
27	22	-634.58545	-1437.3279
27	23	-661.55145	-1451.9742
27	24	-690.93414	-1440.844
27	26	-698.1321	-1436.8132
27	27	-634.3742	-1455.3746
27	28	-661.8721	-1467.1046
27	29	-665.9092	-1382.6171
27	30	-617.96545	-1444.8857
28	1	-652.32196	-1414.1716
28	2	-675.39056	-1344.1952
28	3	-655.2242	-1456.0651
28	4	-654.8021	-1470.8406
28	5	-675.97327	-1445.6549
28	6	-676.9138	-1446.6526
28	7	-662.999	-1414.2147
28	8	-663.0124	-1423.1312
28	9	-669.16693	-1401.349
28	10	-669.9319	-1467.44
28	11	-681.8949	-1438.2448
28	12	-642.0603	-1436.6715
28	13	-677.84924	-1442.2609
28	14	-636.7729	-1432.5627
28	15	-631.0376	-1441.0216
28	17	-677.40643	-1446.9252
28	18	-676.011	-1447.495
28	20	-641.7814	-1443.2393
28	21	-690.93005	-1437.3126
28	22	-634.586	-1437.3258
28	23	-661.55145	-1451.9742
28	24	-690.93414	-1440.844
28	26	-698.13416	-1436.8127
28	27	-634.3742	-1455.3746
28	28	-661.8721	-1467.1046
28	29	-665.90674	-1383.7472
28	30	-617.96545	-1444.8857
29	1	-652.3255	-1413.4048
29	2	-675.36194	-1344.212
29	3	-655.22003	-1455.9144
29	4	-654.7896	-1470.3253
29	5	-675.88306	-1445.6138
29	6	-676.906	-1446.6814
29	7	-662.99896	-1414.2146
29	8	-663.0124	-1423.1312
29	9	-669.16876	-1402.1075
29	10	-669.9504	-1468.7362
29	11	-681.86285	-1438.2399
29	12	-642.0782	-1436.6714
29	13	-677.84924	-1442.2609
29	14	-636.7729	-1432.5627
29	15	-630.1375	-1441.0657
29	17	-677.40497	-1446.906
29	18	-676.00885	-1447.5021
29	20	-641.7814	-1443.2393
29	21	-690.93427	-1437.3135
29	22	-634.5784	-1437.3279
29	23	-661.55145	-1451.9742
29	24	-690.93414	-1440.844
29	26	-698.1288	-1436.8142
29	27	-634.3742	-1455.3746
29	28	-661.8721	-1467.1046
29	29	-665.8939	-1384.9154
29	30	-617.96545	-1444.8857
30	1	-652.3248	-1412.6134
30	2	-675.32385	-1344.2255
30	3	-655.20264	-1455.6996
30	4	-654.7876	-1469.7863
30	5	-675.7612	-1445.592
30	6	-676.94354	-1446.7188
30	7	-662.9989	-1414.2146
30	8	-663.0124	-1423.1312
30	9	-669.16473	-1402.8673
30	10	-669.96063	-1470.0209
30	11	-681.84216	-1438.2407
30	12	-642.0898	-1436.6725
30	13	-677.84924	-1442.2609
30	14	-636.7729	-1432.5627
30	17	-677.43994	-1446.9103
30	18	-675.9817	-1447.515
30	20	-641.7814	-1443.2393
30	21	-690.9264	-1437.317
30	22	-634.58124	-1437.3298
30	23	-661.55145	-1451.9742
30	24	-690.93414	-1440.844
30	26	-698.1208	-1436.8119
30	27	-634.3742	-1455.3746
30	28	-661.8721	-1467.1046
30	29	-665.8938	-1386.0474
30	30	-617.96545	-1444.8857
30	33	-642.72986	-1449.2592
30	34	-623.4488	-1448.4025
30	36	-650.2878	-1451.2717
31	1	-652.33685	-1411.8113
31	2	-675.2932	-1344.2401
31	3	-655.22394	-1455.707
31	4	-654.778	-1469.347
31	5	-675.6331	-1445.564
31	6	-676.8659	-1446.7161
31	7	-662.99896	-1414.2146
31	8	-663.0124	-1423.1312
31	9	-669.164	-1403.5925
31	10	-669.97217	-1471.3134
31	11	-681.80524	-1438.2401
31	12	-642.11523	-1436.6731
31	13	-677.84924	-1442.2609
31	14	-636.7729	-1432.5627
31	15	-628.3156	-1441.1606
31	17	-677.8401	-1446.8561
31	18	-675.9463	-1447.4968
31	20	-641.7814	-1443.2393
31	21	-690.9392	-1437.3119
31	22	-634.57654	-1437.3312
31	23	-661.55145	-1451.9742
31	24	-690.93414	-1440.844
31	26	-698.11127	-1436.8013
31	27	-634.3742	-1455.3746
31	28	-661.8721	-1467.1046
31	29	-665.8882	-1387.1527
31	30	-617.96545	-1444.8857
31	33	-642.78033	-1449.2435
31	34	-623.5954	-1448.408
31	36	-650.31274	-1451.2246
32	1	-652.3364	-1410.9862
32	2	-675.24524	-1344.2567
32	3	-655.17505	-1455.4241
32	4	-654.77954	-1468.8624
32	5	-675.5256	-1445.5092
32	6	-676.8651	-1446.7144
32	7	-662.999	-1414.2145
32	8	-663.0124	-1423.1312
32	9	-669.15955	-1404.3069
32	10	-669.99146	-1472.6385
32	11	-681.7442	-1438.2417
32	12	-642.1422	-1436.6681
32	13	-677.84924	-1442.2609
32	14	-636.7729	-1432.5627
32	15	-627.37103	-1441.2009
32	18	-675.9012	-1447.4822
32	20	-641.7814	-1443.2393
32	21	-690.9536	-1437.3054
32	22	-634.58624	-1437.3265
32	23	-661.55145	-1451.9742
32	24	-690.93414	-1440.844
32	26	-698.1035	-1436.8098
32	27	-634.3742	-1455.3746
32	28	-661.8721	-1467.1046
32	29	-665.8807	-1388.2717
32	30	-617.96545	-1444.8857
32	33	-642.83826	-1449.241
32	34	-623.7742	-1448.3975
32	36	-650.319	-1451.1293
33	1	-652.3448	-1410.149
33	2	-675.1879	-1344.281
33	3	-655.14594	-1455.3231
33	4	-654.78925	-1468.4131
33	5	-675.3998	-1445.471
33	6	-676.844	-1446.7283
33	7	-662.999	-1414.2144
33	8	-663.0124	-1423.1312
33	9	-669.1575	-1404.9902
33	10	-670.0144	-1473.949
33	11	-681.67084	-1438.2418
33	12	-642.1654	-1436.6661
33	13	-677.84924	-1442.2609
33	14	-636.7729	-1432.5627
33	15	-626.2974	-1441.2546
33	17	-677.70123	-1446.9353
33	18	-675.84735	-1447.4609
33	20	-641.7814	-1443.2393
33	21	-690.92444	-1437.3081
33	22	-634.57855	-1437.3292
33	23	-661.55145	-1451.9742
33	24	-690.93414	-1440.844
33	26	-698.0814	-1436.814
33	27	-634.3742	-1455.3746
33	28	-661.8721	-1467.1046
33	29	-665.8735	-1389.3494
33	33	-642.8852	-1449.2616
33	34	-623.934	-1448.3978
33	35	-678.9167	-1445.7693
33	36	-650.335	-1451.0442
33	38	-678.219	-1446.6663
33	45	-617.7605	-1444.9869
34	1	-652.3481	-1409.2809
34	2	-675.1406	-1344.3016
34	3	-655.13684	-1455.2228
34	4	-654.7822	-1468.0178
34	5	-675.2992	-1445.4213
34	6	-676.8586	-1446.7357
34	7	-662.999	-1414.2145
34	8	-663.0124	-1423.1312
34	9	-669.1561	-1405.6707
34	10	-670.02527	-1475.2424
34	11	-681.56305	-1438.244
34	12	-642.1964	-1436.661
34	13	-677.84924	-1442.2609
34	14	-636.7729	-1432.5627
34	15	-625.45496	-1441.3102
34	17	-677.37946	-1446.9515
34	18	-675.7822	-1447.4514
34	20	-641.7814	-1443.2393
34	21	-690.9333	-1437.3062
34	22	-634.58044	-1437.3328
34	23	-661.55145	-1451.9742
34	24	-690.93414	-1440.844
34	26	-698.0692	-1436.8046
34	27	-634.3742	-1455.3746
34	28	-661.8721	-1467.1046
34	29	-665.8619	-1390.4277
34	33	-642.92444	-1449.2561
34	34	-624.12695	-1448.4056
34	35	-678.93097	-1445.7399
34	36	-650.3362	-1450.9553
34	38	-678.1364	-1446.7249
34	45	-617.7605	-1444.9869
35	1	-652.35016	-1408.3964
35	2	-675.0994	-1344.3191
35	3	-655.1379	-1455.1704
35	4	-654.7813	-1467.6597
35	5	-675.1781	-1445.3491
35	6	-676.8727	-1446.7306
35	7	-662.9991	-1414.2145
35	8	-663.0124	-1423.1312
35	9	-669.15594	-1406.329
35	10	-670.04425	-1476.5845
35	11	-681.4352	-1438.2445
35	12	-642.2535	-1436.6564
35	13	-677.84924	-1442.2609
35	14	-636.7729	-1432.5627
35	15	-624.544	-1441.3451
35	17	-677.4069	-1446.9358
35	18	-675.7158	-1447.4271
35	20	-641.7814	-1443.2393
35	21	-690.921	-1437.3026
35	22	-634.5793	-1437.324
35	23	-661.55145	-1451.9742
35	24	-690.93414	-1440.844
35	26	-698.04755	-1436.8094
35	27	-634.3742	-1455.3746
35	28	-661.8721	-1467.1046
35	29	-665.8565	-1391.4872
35	33	-642.9807	-1449.2637
35	34	-624.287	-1448.4025
35	35	-678.8416	-1445.7373
35	36	-650.3329	-1450.8495
35	37	-684.5195	-1441.3335
35	38	-678.0205	-1446.7343
36	1	-652.3566	-1407.5115
36	2	-675.06036	-1344.3436
36	3	-655.1404	-1455.109
36	4	-654.7768	-1467.3306
36	5	-675.0614	-1445.3075
36	6	-676.88306	-1446.7357
36	7	-662.99915	-1414.2146
36	8	-663.0124	-1423.1312
36	9	-669.1575	-1406.9523
36	10	-670.05536	-1477.9282
36	11	-681.25854	-1438.253
36	12	-642.30695	-1436.6466
36	13	-677.84924	-1442.2609
36	14	-636.7729	-1432.5627
36	15	-623.6134	-1441.3812
36	17	-677.5514	-1446.8829
36	18	-675.6339	-1447.4023
36	20	-641.7814	-1443.2393
36	21	-690.90955	-1437.3044
36	22	-634.58704	-1437.3253
36	23	-661.55145	-1451.9742
36	24	-690.93414	-1440.844
36	26	-698.0223	-1436.8093
36	27	-634.3742	-1455.3746
36	28	-661.8721	-1467.1046
36	29	-665.8503	-1392.5304
36	33	-643.041	-1449.2737
36	34	-624.4563	-1448.3813
36	35	-678.781	-1445.7389
36	36	-650.3393	-1450.7343
36	37	-684.5195	-1441.3335
36	38	-678.0007	-1446.7228
37	1	-652.3622	-1406.6029
37	2	-675.0176	-1344.3613
37	3	-655.14526	-1455.0969
37	4	-654.779	-1467.004
37	5	-674.9561	-1445.2721
37	6	-676.8491	-1446.6926
37	7	-662.99915	-1414.2145
37	8	-663.0124	-1423.1312
37	9	-669.16016	-1407.5939
37	10	-670.0783	-1479.2635
37	11	-681.09357	-1438.2573
37	12	-642.3852	-1436.6383
37	13	-677.84924	-1442.2609
37	14	-636.7729	-1432.5627
37	15	-622.6539	-1441.4208
37	17	-677.38293	-1446.9277
37	18	-675.6597	-1447.4375
37	20	-641.7814	-1443.2393
37	21	-690.90515	-1437.314
37	22	-634.5821	-1437.328
37	23	-661.55145	-1451.9742
37	24	-690.93414	-1440.844
37	26	-697.9957	-1436.8085
37	27	-634.3742	-1455.3746
37	28	-661.8721	-1467.1046
37	29	-665.8464	-1393.5475
37	33	-643.12225	-1449.2781
37	34	-624.6264	-1448.3824
37	35	-678.7105	-1445.7317
37	36	-650.3772	-1450.6381
37	37	-684.5195	-1441.3335
37	38	-677.957	-1446.7351
38	1	-652.3649	-1405.6829
38	2	-674.9547	-1344.3927
38	3	-655.1308	-1455.0342
38	4	-654.7802	-1466.6754
38	5	-674.8417	-1445.2473
38	6	-676.8577	-1446.7035
38	7	-662.99915	-1414.2145
38	8	-663.0124	-1423.1312
38	9	-669.159	-1408.1865
38	10	-670.0963	-1480.6193
38	11	-680.8885	-1438.2622
38	12	-642.46765	-1436.6299
38	13	-677.84924	-1442.2609
38	14	-636.7729	-1432.5627
38	15	-621.6431	-1441.4663
38	17	-677.4937	-1446.8766
38	20	-641.7814	-1443.2393
38	21	-690.91583	-1437.3153
38	22	-634.5876	-1437.3259
38	23	-661.55145	-1451.9742
38	24	-690.93414	-1440.844
38	26	-697.9642	-1436.815
38	27	-634.3742	-1455.3746
38	28	-661.8721	-1467.1046
38	29	-665.84094	-1394.5457
38	33	-643.18054	-1449.2699
38	34	-624.7965	-1448.3612
38	35	-678.6463	-1445.7212
38	36	-650.40607	-1450.5233
38	37	-684.5195	-1441.3335
38	38	-677.9605	-1446.7056
38	45	-617.7605	-1444.9869
39	1	-652.37085	-1404.7443
39	2	-674.85	-1344.4398
39	3	-655.12915	-1455.01
39	4	-654.776	-1466.4133
39	5	-674.7341	-1445.211
39	6	-676.8362	-1446.6655
39	7	-662.9991	-1414.2145
39	8	-663.0124	-1423.1312
39	9	-669.15814	-1408.7904
39	10	-670.1218	-1481.9594
39	11	-680.6878	-1438.2673
39	12	-642.5743	-1436.6261
39	13	-677.84924	-1442.2609
39	14	-636.7729	-1432.5627
39	15	-620.559	-1441.5026
39	17	-677.44617	-1446.8934
39	18	-675.7718	-1447.3834
39	20	-641.7814	-1443.2393
39	21	-690.91956	-1437.3145
39	22	-634.59656	-1437.3276
39	23	-661.55145	-1451.9742
39	24	-690.93414	-1440.844
39	26	-697.9314	-1436.8119
39	27	-634.3742	-1455.3746
39	28	-661.8721	-1467.1046
39	29	-665.83685	-1395.5458
39	33	-643.28	-1449.2733
39	34	-624.9676	-1448.3604
39	35	-678.58417	-1445.7334
39	36	-650.4284	-1450.4071
39	37	-684.5195	-1441.3335
39	38	-677.91455	-1446.7104
39	45	-617.7605	-1444.9869
40	1	-652.3688	-1403.7776
40	2	-674.72986	-1344.4878
40	3	-655.1225	-1454.9537
40	4	-654.7822	-1466.1212
40	5	-674.61035	-1445.1444
40	6	-676.77094	-1446.5989
40	7	-662.9991	-1414.2146
40	8	-663.0124	-1423.1312
40	9	-669.15796	-1409.3658
40	10	-670.16656	-1483.3499
40	11	-680.4784	-1438.2704
40	12	-642.6766	-1436.6118
40	13	-677.84924	-1442.2609
40	14	-636.7729	-1432.5627
40	17	-677.27026	-1446.8954
40	18	-675.7704	-1447.4136
40	20	-641.7814	-1443.2393
40	21	-690.9138	-1437.3093
40	22	-634.60297	-1437.3297
40	23	-661.55145	-1451.9742
40	24	-690.93414	-1440.844
40	26	-697.89716	-1436.8176
40	27	-634.3742	-1455.3746
40	28	-661.8721	-1467.1046
40	29	-665.83594	-1396.5117
40	33	-643.3915	-1449.2836
40	34	-625.1324	-1448.3605
40	35	-678.5185	-1445.7308
40	36	-650.46594	-1450.3096
40	37	-684.5195	-1441.3335
40	38	-677.8769	-1446.6686
40	45	-617.7605	-1444.9869
41	1	-652.3801	-1402.8024
41	2	-674.6296	-1344.5424
41	3	-655.1166	-1454.9486
41	4	-654.7677	-1465.8972
41	5	-674.51654	-1445.1033
41	6	-676.6804	-1446.5907
41	7	-662.9992	-1414.2146
41	8	-663.0124	-1423.1312
41	9	-669.1617	-1409.9343
41	10	-670.1993	-1484.7107
41	11	-680.26874	-1438.2742
41	12	-642.80835	-1436.5992
41	13	-677.84924	-1442.2609
41	14	-636.7729	-1432.5627
41	18	-675.7206	-1447.3892
41	20	-641.7814	-1443.2393
41	21	-690.91675	-1437.3173
41	22	-634.6218	-1437.3291
41	23	-661.55145	-1451.9742
41	24	-690.93414	-1440.844
41	26	-697.85516	-1436.8185
41	27	-634.3742	-1455.3746
41	28	-661.8721	-1467.1046
41	29	-665.8369	-1397.473
41	33	-643.4916	-1449.2758
41	34	-625.3001	-1448.3716
41	35	-678.4598	-1445.7421
41	36	-650.49994	-1450.2013
41	37	-684.5195	-1441.3335
41	38	-677.8307	-1446.6526
41	40	-677.572	-1446.8057
41	41	-676.9978	-1446.9205
41	45	-617.7605	-1444.9869
42	1	-652.3914	-1401.8417
42	2	-674.5371	-1344.587
42	3	-655.11237	-1454.9181
42	4	-654.7751	-1465.6642
42	5	-674.396	-1445.081
42	6	-676.6023	-1446.6006
42	7	-662.9991	-1414.2146
42	8	-663.0124	-1423.1312
42	9	-669.16254	-1410.4795
42	10	-670.2207	-1486.0798
42	11	-680.04376	-1438.2748
42	12	-642.95966	-1436.5813
42	13	-677.84924	-1442.2609
42	14	-636.7729	-1432.5627
42	18	-675.64435	-1447.4496
42	20	-641.7814	-1443.2393
42	21	-690.9032	-1437.32
42	22	-634.6365	-1437.3251
42	23	-661.55145	-1451.9742
42	24	-690.93414	-1440.844
42	26	-697.81805	-1436.8235
42	27	-634.3742	-1455.3746
42	28	-661.8721	-1467.1046
42	29	-665.8396	-1398.4279
42	33	-643.6067	-1449.2773
42	34	-625.4845	-1448.3829
42	35	-678.40894	-1445.7439
42	36	-650.54205	-1450.1055
42	37	-684.5195	-1441.3335
42	40	-677.37164	-1446.8939
42	41	-677.01263	-1446.9276
42	45	-617.7605	-1444.9869
43	1	-652.40784	-1400.8145
43	2	-674.44073	-1344.6388
43	3	-655.1156	-1454.8999
43	4	-654.7691	-1465.4702
43	5	-674.28125	-1445.0443
43	6	-676.51666	-1446.5962
43	7	-662.9991	-1414.2146
43	8	-663.0124	-1423.1312
43	9	-669.16986	-1411.0027
43	10	-670.24554	-1487.4474
43	11	-679.8252	-1438.2792
43	12	-643.12213	-1436.5635
43	13	-677.84924	-1442.2609
43	14	-636.7729	-1432.5627
43	18	-675.58887	-1447.479
43	20	-641.7814	-1443.2393
43	21	-690.88995	-1437.3182
43	22	-634.6577	-1437.3263
43	23	-661.55145	-1451.9742
43	24	-690.93414	-1440.844
43	26	-697.7836	-1436.8187
43	27	-634.3742	-1455.3746
43	28	-661.8721	-1467.1046
43	29	-665.8438	-1399.3542
43	33	-643.72754	-1449.2814
43	34	-625.65906	-1448.3785
43	35	-678.35547	-1445.7518
43	36	-650.5899	-1450.0032
43	37	-684.5195	-1441.3335
43	38	-677.71936	-1446.5916
43	40	-677.4467	-1446.8562
43	41	-677.05164	-1446.8933
43	45	-617.7605	-1444.9869
44	1	-652.42084	-1399.8102
44	2	-674.3416	-1344.6775
44	3	-655.11383	-1454.8904
44	4	-654.77405	-1465.2902
44	5	-674.15796	-1445.0227
44	6	-676.43726	-1446.601
44	7	-662.9991	-1414.2147
44	8	-663.0124	-1423.1312
44	9	-669.17206	-1411.508
44	10	-670.2824	-1488.8843
44	11	-679.59485	-1438.2751
44	12	-643.28705	-1436.5403
44	13	-677.84924	-1442.2609
44	14	-636.7729	-1432.5627
44	18	-675.54095	-1447.491
44	20	-641.7814	-1443.2393
44	21	-690.90216	-1437.3186
44	22	-634.6816	-1437.3245
44	23	-661.55145	-1451.9742
44	24	-690.93414	-1440.844
44	26	-697.7489	-1436.8248
44	27	-634.3742	-1455.3746
44	28	-661.8721	-1467.1046
44	29	-665.847	-1400.2504
44	33	-643.85077	-1449.2599
44	34	-625.84576	-1448.3612
44	35	-678.2857	-1445.758
44	36	-650.6344	-1449.9106
44	37	-684.5195	-1441.3335
44	38	-678.0003	-1446.2389
44	40	-677.55865	-1446.8435
44	41	-677.0645	-1446.9005
44	45	-617.7605	-1444.9869
45	1	-652.43585	-1398.7837
45	2	-674.2382	-1344.7335
45	3	-655.1052	-1454.8881
45	4	-654.7739	-1465.1112
45	5	-674.04553	-1444.9744
45	6	-676.35114	-1446.6072
45	7	-662.9991	-1414.2147
45	8	-663.0124	-1423.1312
45	9	-669.1687	-1412.0007
45	10	-670.2888	-1490.2456
45	11	-679.39575	-1438.2756
45	12	-643.4564	-1436.5286
45	13	-677.84924	-1442.2609
45	14	-636.7729	-1432.5627
45	17	-676.67426	-1446.834
45	18	-675.48566	-1447.5049
45	20	-641.7814	-1443.2393
45	21	-690.90344	-1437.3109
45	22	-634.7071	-1437.3219
45	23	-661.55145	-1451.9742
45	24	-690.93414	-1440.844
45	26	-697.7028	-1436.8215
45	27	-634.3742	-1455.3746
45	28	-661.8721	-1467.1046
45	29	-665.8487	-1401.1339
45	33	-643.9882	-1449.268
45	34	-626.01117	-1448.3541
45	35	-678.21686	-1445.7722
45	36	-650.69293	-1449.8025
45	37	-684.5195	-1441.3335
45	38	-677.70074	-1446.3625
45	40	-677.53204	-1446.8201
45	41	-677.07965	-1446.8958
45	45	-617.7605	-1444.9869
46	1	-652.46027	-1397.744
46	2	-674.1234	-1344.7872
46	3	-655.10815	-1454.873
46	4	-654.7773	-1464.9832
46	5	-673.9394	-1444.9308
46	6	-676.26324	-1446.6115
46	7	-662.99896	-1414.2146
46	8	-663.0124	-1423.1312
46	9	-669.1722	-1412.4785
46	11	-679.16986	-1438.272
46	12	-643.65027	-1436.5073
46	13	-677.84924	-1442.2609
46	14	-636.7729	-1432.5627
46	18	-675.4276	-1447.5326
46	20	-641.7814	-1443.2393
46	21	-690.91455	-1437.3132
46	22	-634.7481	-1437.3241
46	23	-661.55145	-1451.9742
46	24	-690.93414	-1440.844
46	26	-697.67737	-1436.8224
46	27	-634.3742	-1455.3746
46	28	-661.8721	-1467.1046
46	29	-665.8521	-1401.999
46	33	-644.1262	-1449.259
46	34	-626.2045	-1448.3593
46	35	-678.1496	-1445.785
46	36	-650.73553	-1449.6962
46	37	-684.5195	-1441.3335
46	38	-677.71155	-1446.1864
46	40	-677.5333	-1446.8109
46	41	-677.1097	-1446.8738
46	45	-617.7605	-1444.9869
47	1	-652.4839	-1396.7032
47	2	-674.02765	-1344.8375
47	3	-655.1167	-1454.866
47	4	-654.7763	-1464.8649
47	5	-673.82227	-1444.902
47	6	-676.16113	-1446.5992
47	7	-662.99896	-1414.2146
47	8	-663.0124	-1423.1312
47	9	-669.1756	-1412.924
47	11	-678.97003	-1438.269
47	12	-643.8601	-1436.4827
47	13	-677.84924	-1442.2609
47	14	-636.7729	-1432.5627
47	18	-675.3718	-1447.552
47	20	-641.7814	-1443.2393
47	21	-690.90424	-1437.3096
47	22	-634.7746	-1437.3226
47	23	-661.55145	-1451.9742
47	24	-690.93414	-1440.844
47	26	-697.6686	-1436.8153
47	27	-634.3742	-1455.3746
47	28	-661.8721	-1467.1046
47	29	-665.8548	-1402.847
47	33	-644.253	-1449.2556
47	34	-626.3745	-1448.358
47	35	-678.0811	-1445.7937
47	36	-650.799	-1449.598
47	37	-684.5195	-1441.3335
47	38	-677.66205	-1446.3279
47	40	-677.5451	-1446.9154
47	41	-677.1378	-1446.8456
47	45	-617.7605	-1444.9869
48	1	-652.50995	-1395.6393
48	2	-673.91943	-1344.8994
48	3	-655.12946	-1454.8839
48	4	-654.7728	-1464.7769
48	5	-673.7053	-1444.8868
48	6	-676.0663	-1446.588
48	7	-662.9989	-1414.2147
48	8	-663.0124	-1423.1312
48	9	-669.1697	-1413.3612
48	11	-678.77716	-1438.2681
48	12	-644.08997	-1436.4513
48	13	-677.84924	-1442.2609
48	14	-636.7729	-1432.5627
48	18	-675.3153	-1447.5563
48	20	-641.7814	-1443.2393
48	21	-690.9307	-1437.3157
48	22	-634.813	-1437.3175
48	23	-661.55145	-1451.9742
48	24	-690.93414	-1440.844
48	26	-697.64764	-1436.821
48	27	-634.3742	-1455.3746
48	28	-661.8721	-1467.1046
48	29	-665.85944	-1403.661
48	33	-644.3774	-1449.2357
48	34	-626.55225	-1448.3658
48	35	-678.01306	-1445.7919
48	36	-650.8635	-1449.5222
48	37	-684.5195	-1441.3335
48	39	-666.04474	-1336.8588
48	40	-677.5914	-1446.8822
48	41	-677.1836	-1446.8287
48	45	-617.7605	-1444.9869
49	1	-652.5399	-1394.5591
49	2	-673.8121	-1344.9678
49	3	-655.11786	-1454.8645
49	4	-654.7691	-1464.6947
49	5	-673.59106	-1444.8575
49	6	-675.98895	-1446.5898
49	7	-662.99896	-1414.2147
49	8	-663.0124	-1423.1312
49	9	-669.17584	-1413.7798
49	11	-678.59204	-1438.2653
49	12	-644.3041	-1436.4266
49	13	-677.84924	-1442.2609
49	14	-636.7729	-1432.5627
49	18	-675.28314	-1447.5433
49	20	-641.7814	-1443.2393
49	21	-690.9	-1437.3141
49	22	-634.85913	-1437.313
49	23	-661.55145	-1451.9742
49	24	-690.93414	-1440.844
49	26	-697.6171	-1436.8278
49	27	-634.3742	-1455.3746
49	28	-661.8721	-1467.1046
49	29	-665.867	-1404.4535
49	33	-644.5272	-1449.2306
49	34	-626.7276	-1448.3428
49	35	-677.9716	-1445.7816
49	36	-650.9454	-1449.417
49	37	-684.5195	-1441.3335
49	38	-677.5276	-1446.1685
49	39	-665.98474	-1337.3031
49	40	-677.5499	-1446.8647
49	41	-677.2107	-1446.7708
49	45	-617.7605	-1444.9869
50	1	-652.566	-1393.469
50	2	-673.71063	-1345.0359
50	3	-655.113	-1454.8811
50	4	-654.7625	-1464.6025
50	5	-673.48	-1444.8159
50	6	-675.88	-1446.5914
50	7	-662.999	-1414.2146
50	8	-663.0124	-1423.1312
50	9	-669.1838	-1414.1832
50	11	-678.42377	-1438.2628
50	12	-644.5327	-1436.4019
50	13	-677.84924	-1442.2609
50	14	-636.7729	-1432.5627
50	18	-675.2437	-1447.527
50	20	-641.7814	-1443.2393
50	21	-690.9306	-1437.3164
50	22	-634.9185	-1437.309
50	23	-661.55145	-1451.9742
50	24	-690.93414	-1440.844
50	26	-697.59045	-1436.8243
50	27	-634.3742	-1455.3746
50	28	-661.8721	-1467.1046
50	29	-665.87317	-1405.2533
50	33	-644.67523	-1449.2102
50	34	-626.9054	-1448.3538
50	35	-677.89386	-1445.7572
50	36	-651.0184	-1449.3427
50	37	-684.5195	-1441.3335
50	38	-677.50653	-1446.1879
50	39	-666.01715	-1338.6898
50	40	-677.5145	-1446.8246
50	41	-677.21594	-1446.781
50	45	-617.7605	-1444.9869
51	1	-652.5969	-1392.3671
51	2	-673.5707	-1345.1155
51	3	-655.10974	-1454.8693
51	4	-654.7666	-1464.5404
51	5	-673.35077	-1444.8083
51	6	-675.7847	-1446.5825
51	7	-662.999	-1414.2146
51	8	-663.0124	-1423.1312
51	9	-669.18805	-1414.579
51	11	-678.25775	-1438.2585
51	12	-644.7971	-1436.3696
51	13	-677.84924	-1442.2609
51	14	-636.7729	-1432.5627
51	18	-675.2354	-1447.4984
51	20	-641.7814	-1443.2393
51	21	-690.9089	-1437.3168
51	22	-634.9827	-1437.3098
51	23	-661.55145	-1451.9742
51	24	-690.93414	-1440.844
51	26	-697.6153	-1436.8237
51	27	-634.3742	-1455.3746
51	28	-661.8721	-1467.1046
51	29	-665.8783	-1406.025
51	33	-644.80194	-1449.1934
51	34	-627.0703	-1448.3391
51	35	-677.84656	-1445.7456
51	36	-651.0991	-1449.2645
51	37	-684.5195	-1441.3335
51	38	-677.40906	-1446.1609
51	39	-666.0239	-1339.8035
51	40	-677.64624	-1446.8628
51	41	-677.24854	-1446.7604
51	45	-617.7605	-1444.9869
52	1	-652.6351	-1391.2808
52	2	-673.44354	-1345.1954
52	3	-655.10706	-1454.852
52	4	-654.76263	-1464.4774
52	5	-673.24506	-1444.7916
52	6	-675.6856	-1446.5754
52	7	-662.9991	-1414.2145
52	8	-663.0124	-1423.1312
52	9	-669.18884	-1414.9435
52	11	-678.09924	-1438.2517
52	12	-645.0964	-1436.333
52	13	-677.84924	-1442.2609
52	14	-636.7729	-1432.5627
52	18	-675.21265	-1447.4998
52	20	-641.7814	-1443.2393
52	21	-690.9148	-1437.3121
52	22	-635.0598	-1437.3054
52	23	-661.55145	-1451.9742
52	24	-690.93414	-1440.844
52	26	-697.5908	-1436.8219
52	27	-634.3742	-1455.3746
52	28	-661.8721	-1467.1046
52	29	-665.88525	-1406.777
52	33	-644.9672	-1449.1853
52	34	-627.2486	-1448.3395
52	35	-677.79114	-1445.7266
52	36	-651.1915	-1449.1974
52	37	-684.5195	-1441.3335
52	38	-677.3686	-1446.1068
52	39	-666.0266	-1340.7893
52	40	-677.6782	-1446.8707
52	41	-677.279	-1446.7302
52	45	-617.7605	-1444.9869
53	1	-652.6735	-1390.1442
53	2	-673.3183	-1345.2849
53	3	-655.11115	-1454.8925
53	4	-654.7622	-1464.4221
53	5	-673.1274	-1444.7498
53	6	-675.586	-1446.581
53	7	-662.99915	-1414.2144
53	8	-663.0124	-1423.1312
53	9	-669.1977	-1415.3092
53	11	-677.94684	-1438.2476
53	12	-645.39825	-1436.2979
53	13	-677.84924	-1442.2609
53	14	-636.7729	-1432.5627
53	18	-675.2022	-1447.514
53	20	-641.7814	-1443.2393
53	21	-690.9033	-1437.3207
53	22	-635.1474	-1437.2963
53	23	-661.55145	-1451.9742
53	24	-690.93414	-1440.844
53	26	-697.5472	-1436.8235
53	27	-634.3742	-1455.3746
53	28	-661.8721	-1467.1046
53	29	-665.8875	-1407.51
53	33	-645.13763	-1449.1752
53	34	-627.4419	-1448.3312
53	35	-677.7347	-1445.7148
53	36	-651.2807	-1449.1267
53	37	-684.5195	-1441.3335
53	39	-666.0333	-1341.9694
53	40	-677.6698	-1446.8807
53	41	-677.3045	-1446.7107
53	45	-617.7605	-1444.9869
53	47	-678.77295	-1446.3989
54	1	-652.7082	-1389.0273
54	2	-673.1766	-1345.3901
54	3	-655.11523	-1454.8495
54	4	-654.76733	-1464.3597
54	5	-673.0195	-1444.7251
54	6	-675.47974	-1446.5834
54	7	-662.9991	-1414.2144
54	8	-663.0124	-1423.1312
54	9	-669.2028	-1415.6494
54	11	-677.79926	-1438.2415
54	12	-645.70483	-1436.2667
54	13	-677.84924	-1442.2609
54	14	-636.7729	-1432.5627
54	18	-675.17615	-1447.5591
54	20	-641.7814	-1443.2393
54	21	-690.9177	-1437.3307
54	22	-635.24164	-1437.287
54	23	-661.55145	-1451.9742
54	24	-690.93414	-1440.844
54	26	-697.4943	-1436.8207
54	27	-634.3742	-1455.3746
54	28	-661.8721	-1467.1046
54	29	-665.89825	-1408.2013
54	33	-645.304	-1449.1488
54	34	-627.6194	-1448.3303
54	35	-677.6604	-1445.6885
54	36	-651.38617	-1449.0585
54	37	-684.5195	-1441.3335
54	38	-677.2089	-1446.0123
54	39	-666.0487	-1343.2092
54	40	-677.6553	-1446.8467
54	41	-677.3379	-1446.7074
54	45	-617.7605	-1444.9869
55	1	-652.7454	-1387.8755
55	2	-673.0165	-1345.5068
55	3	-655.11224	-1454.8386
55	4	-654.7642	-1464.3457
55	5	-672.91046	-1444.7188
55	6	-675.3925	-1446.5786
55	7	-662.9992	-1414.2144
55	8	-663.0124	-1423.1312
55	9	-669.20544	-1415.9829
55	11	-677.6464	-1438.2373
55	12	-646.0263	-1436.2319
55	13	-677.84924	-1442.2609
55	14	-636.7729	-1432.5627
55	18	-675.17084	-1447.5605
55	20	-641.7814	-1443.2393
55	21	-690.8895	-1437.3328
55	22	-635.3423	-1437.2843
55	23	-661.55145	-1451.9742
55	24	-690.93414	-1440.844
55	26	-697.4891	-1436.8196
55	27	-634.3742	-1455.3746
55	28	-661.8721	-1467.1046
55	29	-665.90094	-1408.8751
55	33	-645.47644	-1449.1113
55	34	-627.78406	-1448.3223
55	35	-677.6106	-1445.6862
55	36	-651.5011	-1448.9926
55	37	-684.5195	-1441.3335
55	39	-666.03436	-1344.5015
55	40	-677.65955	-1446.8308
55	41	-677.3563	-1446.6892
55	45	-617.7605	-1444.9869
56	1	-652.79095	-1386.7628
56	2	-672.86865	-1345.6426
56	3	-655.11145	-1454.9027
56	4	-654.7685	-1464.303
56	5	-672.7945	-1444.7131
56	6	-675.28296	-1446.5696
56	7	-662.9992	-1414.2145
56	8	-663.0124	-1423.1312
56	9	-669.21735	-1416.3044
56	11	-677.5058	-1438.2363
56	12	-646.3932	-1436.1873
56	13	-677.84924	-1442.2609
56	14	-636.7729	-1432.5627
56	18	-675.1738	-1447.5559
56	20	-641.7814	-1443.2393
56	21	-690.8875	-1437.3308
56	22	-635.46796	-1437.2726
56	23	-661.55145	-1451.9742
56	24	-690.93414	-1440.844
56	26	-697.444	-1436.8191
56	27	-634.3742	-1455.3746
56	28	-661.8721	-1467.1046
56	29	-665.9064	-1409.5054
56	33	-645.62604	-1449.075
56	34	-627.9649	-1448.3174
56	35	-677.5372	-1445.6747
56	36	-651.62823	-1448.9437
56	37	-684.5195	-1441.3335
56	39	-666.0442	-1345.7915
56	40	-677.6302	-1446.8098
56	41	-677.38	-1446.695
56	45	-617.7605	-1444.9869
57	1	-652.83374	-1385.5906
57	2	-672.69244	-1345.7806
57	3	-655.1105	-1454.8654
57	4	-654.75854	-1464.292
57	5	-672.6896	-1444.689
57	6	-675.1791	-1446.5485
57	7	-662.9992	-1414.2144
57	8	-663.0124	-1423.1312
57	9	-669.2238	-1416.61
57	11	-677.3725	-1438.2314
57	12	-646.76404	-1436.1467
57	13	-677.84924	-1442.2609
57	14	-636.7729	-1432.5627
57	18	-675.1973	-1447.5563
57	20	-641.7814	-1443.2393
57	21	-690.86035	-1437.3379
57	22	-635.5925	-1437.2605
57	23	-661.55145	-1451.9742
57	24	-690.93414	-1440.844
57	26	-697.49817	-1436.8237
57	27	-634.3742	-1455.3746
57	28	-661.8721	-1467.1046
57	29	-665.907	-1410.1305
57	33	-645.7869	-1449.0631
57	34	-628.12384	-1448.3247
57	35	-677.46497	-1445.6667
57	36	-651.75604	-1448.8848
57	37	-684.5195	-1441.3335
57	38	-676.81805	-1445.959
57	39	-666.04724	-1347.371
57	41	-677.4091	-1446.6642
57	45	-617.7605	-1444.9869
58	1	-652.88544	-1384.4412
58	2	-672.52026	-1345.9447
58	3	-655.11255	-1454.9092
58	4	-654.7665	-1464.2452
58	5	-672.5738	-1444.651
58	6	-675.0886	-1446.5465
58	7	-662.99915	-1414.2145
58	8	-663.0124	-1423.1312
58	9	-669.22754	-1416.9211
58	11	-677.2226	-1438.2261
58	12	-647.14606	-1436.0986
58	13	-677.84924	-1442.2609
58	14	-636.7729	-1432.5627
58	18	-675.2137	-1447.5496
58	20	-641.7814	-1443.2393
58	21	-690.83386	-1437.3317
58	22	-635.73444	-1437.2487
58	23	-661.55145	-1451.9742
58	24	-690.93414	-1440.844
58	26	-697.45123	-1436.8193
58	27	-634.3742	-1455.3746
58	28	-661.8721	-1467.1046
58	29	-665.9084	-1410.7181
58	33	-645.94116	-1449.0355
58	34	-628.30634	-1448.3335
58	35	-677.43976	-1445.67
58	36	-651.8863	-1448.8503
58	37	-684.5195	-1441.3335
58	38	-676.6505	-1445.9177
58	39	-666.0447	-1348.5894
58	40	-677.6277	-1446.8461
58	41	-677.42285	-1446.65
58	45	-617.7605	-1444.9869
58	47	-678.66675	-1446.2323
59	1	-652.9328	-1383.2783
59	2	-672.3276	-1346.1296
59	3	-655.1092	-1454.89
59	4	-654.7586	-1464.2594
59	5	-672.46075	-1444.652
59	6	-674.9833	-1446.5253
59	7	-662.99915	-1414.2145
59	8	-663.0124	-1423.1312
59	9	-669.2326	-1417.2092
59	11	-677.0716	-1438.222
59	12	-647.5389	-1436.0548
59	13	-677.84924	-1442.2609
59	14	-636.7729	-1432.5627
59	18	-675.31464	-1447.5598
59	21	-690.7978	-1437.3379
59	22	-635.8854	-1437.2386
59	23	-661.55145	-1451.9742
59	24	-690.93414	-1440.844
59	26	-697.4317	-1436.8218
59	27	-634.3742	-1455.3746
59	28	-661.8721	-1467.1046
59	29	-665.921	-1411.3204
59	33	-646.0965	-1449.005
59	34	-628.48535	-1448.3513
59	35	-677.3659	-1445.6404
59	36	-651.9926	-1448.8093
59	37	-684.5195	-1441.3335
59	38	-676.5237	-1445.8927
59	39	-666.0443	-1349.8022
59	40	-677.6014	-1446.9176
59	41	-677.46124	-1446.6526
59	45	-617.7605	-1444.9869
59	47	-678.5991	-1446.1843
60	1	-652.9888	-1382.0858
60	2	-672.1308	-1346.3392
60	3	-655.10956	-1454.9127
60	4	-654.7591	-1464.2146
60	5	-672.3721	-1444.6384
60	6	-674.87976	-1446.5251
60	7	-662.99915	-1414.2145
60	8	-663.0124	-1423.1312
60	9	-669.2326	-1417.478
60	11	-676.91156	-1438.2152
60	12	-647.9461	-1435.9989
60	13	-677.84924	-1442.2609
60	14	-636.7729	-1432.5627
60	18	-675.3984	-1447.6099
60	20	-641.7814	-1443.2393
60	21	-690.73303	-1437.332
60	22	-636.03955	-1437.2246
60	23	-661.55145	-1451.9742
60	24	-690.93414	-1440.844
60	26	-697.40607	-1436.8293
60	27	-634.3742	-1455.3746
60	28	-661.8721	-1467.1046
60	29	-665.9374	-1411.859
60	33	-646.25323	-1448.9928
60	34	-628.6517	-1448.3491
60	35	-677.32935	-1445.6375
60	36	-652.1084	-1448.7501
60	37	-684.5195	-1441.3335
60	38	-676.40796	-1445.857
60	39	-666.0482	-1350.793
60	40	-677.48956	-1447.1064
60	41	-677.4355	-1446.65
60	42	-658.36145	-1490.0765
60	45	-617.7605	-1444.9869
60	47	-678.54175	-1446.1248
61	1	-653.03674	-1380.9141
61	2	-671.9186	-1346.5726
61	3	-655.1067	-1454.8881
61	4	-654.75214	-1464.2169
61	5	-672.2783	-1444.6377
61	6	-674.77374	-1446.5178
61	7	-662.99915	-1414.2146
61	8	-663.0124	-1423.1312
61	9	-669.2385	-1417.7438
61	11	-676.776	-1438.2104
61	12	-648.3734	-1435.9458
61	13	-677.84924	-1442.2609
61	14	-636.7729	-1432.5627
61	18	-675.47626	-1447.6077
61	20	-641.7814	-1443.2393
61	21	-690.673	-1437.3303
61	22	-636.20984	-1437.2151
61	23	-661.55145	-1451.9742
61	24	-690.93414	-1440.844
61	26	-697.36945	-1436.8306
61	27	-634.3742	-1455.3746
61	28	-661.8721	-1467.1046
61	29	-665.9494	-1412.3909
61	33	-646.4037	-1448.9766
61	34	-628.8311	-1448.3499
61	35	-677.2482	-1445.6274
61	36	-652.2002	-1448.6909
61	37	-684.5195	-1441.3335
61	38	-676.2334	-1445.8671
61	39	-666.0444	-1352.1543
61	40	-677.4177	-1447.1648
61	41	-677.4057	-1446.615
61	42	-658.37286	-1488.9048
61	43	-617.98096	-1444.8253
61	47	-678.47235	-1446.0778
62	1	-653.0954	-1379.6785
62	2	-671.7081	-1346.7985
62	3	-655.11206	-1454.8997
62	4	-654.75024	-1464.2103
62	5	-672.16547	-1444.6149
62	6	-674.6918	-1446.5111
62	7	-662.9991	-1414.2146
62	8	-663.0124	-1423.1312
62	9	-669.2505	-1417.9918
62	11	-676.629	-1438.2037
62	12	-648.8066	-1435.8992
62	13	-677.84924	-1442.2609
62	14	-636.7729	-1432.5627
62	18	-675.52814	-1447.6007
62	20	-641.7814	-1443.2393
62	21	-690.576	-1437.3419
62	22	-636.3829	-1437.2004
62	23	-661.55145	-1451.9742
62	24	-690.93414	-1440.844
62	26	-697.31903	-1436.824
62	27	-634.3742	-1455.3746
62	28	-661.8721	-1467.1046
62	29	-665.9654	-1412.914
62	33	-646.56775	-1448.9636
62	34	-628.982	-1448.3246
62	35	-677.19867	-1445.6298
62	36	-652.31165	-1448.6493
62	37	-684.5195	-1441.3335
62	38	-676.1036	-1445.8553
62	39	-666.0483	-1353.321
62	40	-677.3201	-1447.1827
62	41	-677.34827	-1446.6395
62	42	-658.3663	-1487.7498
62	43	-617.98096	-1444.8253
62	47	-678.37836	-1446.0356
63	1	-653.1435	-1378.486
63	2	-671.4874	-1347.0746
63	3	-655.11847	-1454.9004
63	4	-654.754	-1464.2037
63	5	-672.0742	-1444.6274
63	6	-674.5908	-1446.5006
63	7	-662.9992	-1414.2146
63	8	-663.0124	-1423.1312
63	9	-669.24896	-1418.2401
63	11	-676.47046	-1438.1978
63	12	-649.2627	-1435.8394
63	13	-677.84924	-1442.2609
63	14	-636.7729	-1432.5627
63	18	-675.57916	-1447.6295
63	20	-641.7814	-1443.2393
63	21	-690.47253	-1437.3488
63	22	-636.6058	-1437.184
63	23	-661.55145	-1451.9742
63	24	-690.93414	-1440.844
63	26	-697.2389	-1436.8279
63	27	-634.3742	-1455.3746
63	28	-661.8721	-1467.1046
63	29	-665.975	-1413.3956
63	33	-646.72815	-1448.9243
63	34	-629.16986	-1448.3516
63	35	-677.119	-1445.6211
63	36	-652.4227	-1448.6112
63	37	-684.5195	-1441.3335
63	38	-675.94885	-1445.8301
63	39	-666.0454	-1354.5419
63	40	-677.22406	-1447.202
63	41	-677.29364	-1446.6597
63	42	-658.35706	-1486.64
63	43	-617.98096	-1444.8253
64	1	-653.1938	-1377.3005
64	2	-671.27673	-1347.3423
64	3	-655.10956	-1454.8889
64	4	-654.75446	-1464.2168
64	5	-671.97974	-1444.6235
64	6	-674.5235	-1446.4866
64	7	-662.99927	-1414.2147
64	8	-663.0124	-1423.1312
64	9	-669.25244	-1418.4683
64	11	-676.3294	-1438.1917
64	12	-649.7416	-1435.7892
64	13	-677.84924	-1442.2609
64	14	-636.7729	-1432.5627
64	18	-675.6323	-1447.6263
64	20	-641.7814	-1443.2393
64	21	-690.3897	-1437.345
64	22	-636.8208	-1437.1718
64	23	-661.55145	-1451.9742
64	24	-690.93414	-1440.844
64	26	-697.2066	-1436.8285
64	27	-634.3742	-1455.3746
64	28	-661.8721	-1467.1046
64	29	-665.9802	-1413.871
64	33	-646.8979	-1448.8853
64	34	-629.31744	-1448.3574
64	35	-677.0391	-1445.6316
64	36	-652.529	-1448.5563
64	37	-684.5195	-1441.3335
64	38	-675.7741	-1445.8433
64	39	-666.04034	-1355.6731
64	40	-677.1393	-1447.2164
64	41	-677.22125	-1446.6552
64	42	-658.3408	-1485.5616
64	43	-617.98096	-1444.8253
65	1	-653.2517	-1376.1057
65	2	-671.0649	-1347.6404
65	3	-655.1022	-1454.9064
65	4	-654.7561	-1464.2219
65	5	-671.88745	-1444.6191
65	6	-674.42474	-1446.4915
65	7	-662.9993	-1414.2146
65	8	-663.0124	-1423.1312
65	9	-669.2612	-1418.6918
65	11	-676.17523	-1438.1882
65	12	-650.23334	-1435.7318
65	13	-677.84924	-1442.2609
65	14	-636.7729	-1432.5627
65	18	-675.71356	-1447.6248
65	20	-641.7814	-1443.2393
65	21	-690.2171	-1437.3608
65	22	-637.05597	-1437.1537
65	23	-661.55145	-1451.9742
65	24	-690.93414	-1440.844
65	26	-697.21295	-1436.8318
65	27	-634.3742	-1455.3746
65	28	-661.8721	-1467.1046
65	29	-665.9859	-1414.32
65	33	-647.05524	-1448.8568
65	34	-629.4991	-1448.3541
65	35	-676.9718	-1445.6313
65	36	-652.63916	-1448.507
65	37	-684.5195	-1441.3335
65	38	-675.5939	-1445.8551
65	39	-666.03613	-1356.7738
65	40	-677.0483	-1447.2208
65	41	-677.1427	-1446.6486
65	42	-658.3315	-1484.4965
65	43	-617.98096	-1444.8253
65	44	-655.1073	-1490.1631
65	47	-678.07605	-1445.9347
66	1	-653.29956	-1374.8696
66	2	-670.83307	-1347.9648
66	3	-655.11505	-1454.9032
66	4	-654.75256	-1464.2053
66	5	-671.7906	-1444.6144
66	6	-674.33545	-1446.5021
66	7	-662.99915	-1414.2148
66	8	-663.0124	-1423.1312
66	9	-669.2623	-1418.9294
66	11	-676.03076	-1438.1871
66	12	-650.72925	-1435.6838
66	13	-677.84924	-1442.2609
66	14	-636.7729	-1432.5627
66	18	-675.76843	-1447.6185
66	20	-641.7814	-1443.2393
66	21	-690.0754	-1437.3699
66	22	-637.2961	-1437.1395
66	23	-661.55145	-1451.9742
66	24	-690.93414	-1440.844
66	26	-697.18036	-1436.8324
66	27	-634.3742	-1455.3746
66	28	-661.8721	-1467.1046
66	29	-666.00214	-1414.7517
66	33	-647.23157	-1448.8376
66	34	-629.6727	-1448.3561
66	35	-676.8816	-1445.6244
66	36	-652.7372	-1448.4657
66	37	-684.5195	-1441.3335
66	38	-675.4208	-1445.8693
66	39	-666.0332	-1357.9166
66	40	-676.95	-1447.2192
66	41	-677.0474	-1446.6536
66	42	-658.30853	-1483.4171
66	43	-617.98096	-1444.8253
66	44	-655.0961	-1489.3994
66	47	-677.9604	-1445.9158
67	1	-653.3559	-1373.6523
67	2	-670.61053	-1348.3193
67	3	-655.11786	-1454.9083
67	4	-654.7562	-1464.1753
67	5	-671.6913	-1444.6221
67	6	-674.24786	-1446.5009
67	7	-662.99915	-1414.2147
67	8	-663.0124	-1423.1312
67	9	-669.2716	-1419.1423
67	11	-675.8634	-1438.1837
67	12	-651.2282	-1435.6238
67	13	-677.84924	-1442.2609
67	14	-636.7729	-1432.5627
67	18	-675.81506	-1447.6279
67	20	-641.7814	-1443.2393
67	21	-689.9642	-1437.3822
67	22	-637.5194	-1437.1234
67	23	-661.55145	-1451.9742
67	24	-690.93414	-1440.844
67	26	-697.1075	-1436.8306
67	27	-634.3742	-1455.3746
67	28	-661.8721	-1467.1046
67	29	-666.0116	-1415.1654
67	33	-647.4068	-1448.8143
67	34	-629.84064	-1448.3794
67	35	-676.79706	-1445.6233
67	36	-652.8361	-1448.4258
67	37	-684.5195	-1441.3335
67	38	-675.23083	-1445.8778
67	39	-666.0212	-1359.0646
67	40	-676.84344	-1447.219
67	41	-676.95105	-1446.6428
67	42	-658.3051	-1482.373
67	43	-617.98096	-1444.8253
67	44	-655.0843	-1488.7115
67	47	-677.86456	-1445.8752
68	1	-653.41736	-1372.4286
68	2	-670.40204	-1348.678
68	3	-655.1139	-1454.8633
68	4	-654.76074	-1464.2013
68	5	-671.6095	-1444.6279
68	6	-674.1893	-1446.502
68	7	-662.99915	-1414.2148
68	8	-663.0124	-1423.1312
68	9	-669.2736	-1419.3536
68	11	-675.71564	-1438.1804
68	12	-651.73834	-1435.5737
68	13	-677.84924	-1442.2609
68	14	-636.7729	-1432.5627
68	18	-675.8491	-1447.6481
68	20	-641.7814	-1443.2393
68	21	-689.8137	-1437.3951
68	22	-637.7855	-1437.1061
68	23	-661.55145	-1451.9742
68	24	-690.93414	-1440.844
68	26	-697.113	-1436.8326
68	27	-634.3742	-1455.3746
68	28	-661.8721	-1467.1046
68	29	-666.00977	-1415.5823
68	33	-647.57947	-1448.7921
68	34	-630.0084	-1448.3884
68	35	-676.7	-1445.629
68	36	-652.9293	-1448.3939
68	37	-684.5195	-1441.3335
68	38	-675.04816	-1445.8934
68	39	-666.0234	-1360.154
68	40	-676.7421	-1447.1863
68	41	-676.8712	-1446.6407
68	42	-658.29254	-1481.301
68	43	-617.98096	-1444.8253
68	44	-655.04065	-1488.0261
69	1	-653.46594	-1371.2007
69	2	-670.1957	-1349.0679
69	3	-655.1067	-1454.892
69	4	-654.7546	-1464.1948
69	5	-671.53253	-1444.6322
69	6	-674.1135	-1446.5111
69	7	-662.9991	-1414.2148
69	8	-663.0124	-1423.1312
69	9	-669.2857	-1419.5544
69	11	-675.5408	-1438.1765
69	12	-652.2691	-1435.5161
69	13	-677.84924	-1442.2609
69	14	-636.7729	-1432.5627
69	18	-675.8843	-1447.6638
69	20	-641.7814	-1443.2393
69	21	-689.623	-1437.4109
69	22	-638.0224	-1437.0842
69	23	-661.55145	-1451.9742
69	24	-690.93414	-1440.844
69	26	-697.05664	-1436.8394
69	27	-634.3742	-1455.3746
69	28	-661.8721	-1467.1046
69	29	-666.0204	-1415.9655
69	33	-647.7611	-1448.7627
69	34	-630.1809	-1448.392
69	35	-676.58575	-1445.6304
69	36	-653.03625	-1448.3491
69	37	-684.5195	-1441.3335
69	38	-674.8663	-1445.8871
69	39	-666.0178	-1361.2455
69	40	-676.60803	-1447.1682
69	41	-676.7394	-1446.632
69	42	-658.29755	-1480.2977
69	43	-617.98096	-1444.8253
69	44	-655.03375	-1487.3074
70	1	-653.52637	-1369.952
70	2	-669.9774	-1349.4836
70	3	-655.12146	-1454.833
70	4	-654.7582	-1464.1838
70	5	-671.4634	-1444.6443
70	6	-674.04016	-1446.5269
70	7	-662.999	-1414.2148
70	8	-663.0124	-1423.1312
70	9	-669.2967	-1419.7484
70	11	-675.37445	-1438.1733
70	12	-652.7677	-1435.4636
70	14	-636.7729	-1432.5627
70	18	-675.9437	-1447.6764
70	20	-641.7814	-1443.2393
70	21	-689.44867	-1437.4152
70	22	-638.2767	-1437.0693
70	23	-661.55145	-1451.9742
70	24	-690.93414	-1440.844
70	26	-697.0328	-1436.8318
70	27	-634.3742	-1455.3746
70	28	-661.8721	-1467.1046
70	29	-666.0219	-1416.3157
70	33	-647.9363	-1448.734
70	34	-630.36566	-1448.4012
70	35	-676.4898	-1445.632
70	36	-653.13257	-1448.3115
70	37	-684.5195	-1441.3335
70	38	-674.72546	-1445.8645
70	39	-666.0102	-1362.3423
70	40	-676.50806	-1447.1577
70	41	-676.6294	-1446.631
70	42	-658.2924	-1479.2339
70	43	-617.98096	-1444.8253
70	44	-655.0339	-1486.6005
71	1	-653.5886	-1368.697
71	2	-669.7748	-1349.919
71	3	-655.1196	-1454.863
71	4	-654.76025	-1464.1833
71	5	-671.4028	-1444.656
71	6	-673.9757	-1446.531
71	7	-662.99896	-1414.2148
71	8	-663.0124	-1423.1312
71	9	-669.30347	-1419.9358
71	11	-675.2121	-1438.1692
71	12	-653.3198	-1435.4036
71	13	-677.84924	-1442.2609
71	14	-636.7729	-1432.5627
71	18	-675.9243	-1447.7058
71	20	-641.7814	-1443.2393
71	21	-689.279	-1437.426
71	22	-638.5386	-1437.053
71	23	-661.55145	-1451.9742
71	24	-690.93414	-1440.844
71	26	-696.9553	-1436.8335
71	27	-634.3742	-1455.3746
71	28	-661.8721	-1467.1046
71	29	-666.0382	-1416.6362
71	33	-648.10614	-1448.7223
71	34	-630.54193	-1448.4005
71	35	-676.37	-1445.6362
71	36	-653.2343	-1448.2678
71	37	-684.5195	-1441.3335
71	38	-674.52423	-1445.8663
71	39	-666.02124	-1363.3956
71	40	-676.3875	-1447.1406
71	41	-676.51855	-1446.6144
71	42	-658.302	-1478.2922
71	43	-617.98096	-1444.8253
71	44	-655.0255	-1485.974
72	1	-653.6421	-1367.464
72	2	-669.5772	-1350.3622
72	3	-655.12366	-1454.8265
72	4	-654.76	-1464.1661
72	5	-671.3565	-1444.6552
72	6	-673.9207	-1446.5503
72	7	-662.999	-1414.2148
72	8	-663.0124	-1423.1312
72	9	-669.31067	-1420.1106
72	11	-675.0489	-1438.1664
72	12	-653.8763	-1435.3469
72	13	-677.84924	-1442.2609
72	14	-636.7729	-1432.5627
72	18	-675.957	-1447.7053
72	20	-641.7814	-1443.2393
72	21	-689.0991	-1437.436
72	22	-638.7894	-1437.034
72	23	-661.55145	-1451.9742
72	24	-690.93414	-1440.844
72	26	-696.8238	-1436.8298
72	27	-634.3742	-1455.3746
72	28	-661.8721	-1467.1046
72	29	-666.04486	-1416.9702
72	33	-648.2841	-1448.7073
72	34	-630.70856	-1448.3962
72	35	-676.23474	-1445.6548
72	36	-653.3453	-1448.2543
72	37	-684.5195	-1441.3335
72	38	-674.3987	-1445.8766
72	39	-666.011	-1364.4818
72	40	-676.26855	-1447.1201
72	41	-676.3928	-1446.6011
72	42	-658.307	-1477.3345
72	43	-617.98096	-1444.8253
72	44	-655.0327	-1485.3212
73	1	-653.6989	-1366.2274
73	2	-669.3974	-1350.8308
73	3	-655.125	-1454.8595
73	4	-654.76184	-1464.1741
73	5	-671.28156	-1444.6595
73	6	-673.8726	-1446.5736
73	7	-662.9991	-1414.2148
73	8	-663.0124	-1423.1312
73	9	-669.32324	-1420.2777
73	11	-674.8777	-1438.1636
73	12	-654.45807	-1435.2903
73	13	-677.84924	-1442.2609
73	14	-636.7729	-1432.5627
73	18	-675.90967	-1447.7046
73	20	-641.7814	-1443.2393
73	21	-688.96686	-1437.4521
73	22	-639.0504	-1437.0206
73	23	-661.55145	-1451.9742
73	24	-690.93414	-1440.844
73	26	-696.6893	-1436.8597
73	27	-634.3742	-1455.3746
73	28	-661.8721	-1467.1046
73	29	-666.05316	-1417.2792
73	33	-648.4412	-1448.679
73	34	-630.86615	-1448.4022
73	35	-676.1087	-1445.652
73	36	-653.45715	-1448.223
73	37	-684.5195	-1441.3335
73	38	-674.221	-1445.882
73	39	-666.0031	-1365.5557
73	40	-676.15204	-1447.1058
73	41	-676.2517	-1446.5989
73	42	-658.3282	-1476.4609
73	43	-617.98096	-1444.8253
73	44	-655.0358	-1484.6543
74	1	-653.7434	-1364.9431
74	2	-669.2329	-1351.3075
74	3	-655.1278	-1454.8312
74	4	-654.76184	-1464.1838
74	5	-671.1819	-1444.6653
74	6	-673.8366	-1446.5942
74	7	-662.99915	-1414.2148
74	8	-663.0124	-1423.1312
74	9	-669.3177	-1420.4415
74	11	-674.71246	-1438.1587
74	12	-655.0712	-1435.2313
74	13	-677.84924	-1442.2609
74	14	-636.7729	-1432.5627
74	18	-675.8602	-1447.7289
74	20	-641.7814	-1443.2393
74	21	-688.82324	-1437.4666
74	22	-639.3396	-1437.0022
74	23	-661.55145	-1451.9742
74	24	-690.93414	-1440.844
74	26	-696.57587	-1436.8737
74	27	-634.3742	-1455.3746
74	28	-661.8721	-1467.1046
74	29	-666.0589	-1417.587
74	33	-648.6046	-1448.6633
74	34	-631.03217	-1448.4088
74	35	-675.9729	-1445.6346
74	36	-653.56946	-1448.1962
74	37	-684.5195	-1441.3335
74	38	-674.08685	-1445.8827
74	39	-665.99054	-1366.6074
74	40	-676.0271	-1447.0858
74	41	-676.1202	-1446.579
74	42	-658.3335	-1475.597
74	43	-617.98096	-1444.8253
74	44	-655.0397	-1484.082
75	1	-653.7758	-1363.7122
75	2	-669.0582	-1351.7906
75	3	-655.12646	-1454.8435
75	4	-654.7634	-1464.1865
75	5	-671.07855	-1444.6752
75	6	-673.7899	-1446.606
75	7	-662.9991	-1414.2148
75	8	-663.0124	-1423.1312
75	9	-669.3167	-1420.58
75	11	-674.54224	-1438.1539
75	12	-655.67004	-1435.1759
75	13	-677.84924	-1442.2609
75	14	-636.7729	-1432.5627
75	18	-675.7761	-1447.7351
75	20	-641.7814	-1443.2393
75	21	-688.66327	-1437.49
75	22	-639.57367	-1436.9835
75	23	-661.55145	-1451.9742
75	24	-690.93414	-1440.844
75	26	-696.4243	-1436.8779
75	27	-634.3742	-1455.3746
75	28	-661.8721	-1467.1046
75	29	-666.06665	-1417.8588
75	33	-648.75366	-1448.6224
75	34	-631.19617	-1448.4259
75	35	-675.8259	-1445.6483
75	36	-653.66833	-1448.1704
75	37	-684.5195	-1441.3335
75	38	-673.91974	-1445.9044
75	39	-665.9839	-1367.5795
75	40	-675.88367	-1447.0464
75	41	-675.9679	-1446.5663
75	42	-658.33417	-1474.6991
75	43	-617.98096	-1444.8253
75	44	-655.0427	-1483.527
76	1	-653.8379	-1362.4175
76	2	-668.8898	-1352.3195
76	3	-655.12476	-1454.8901
76	4	-654.761	-1464.2069
76	5	-671.014	-1444.6761
76	6	-673.79346	-1446.5991
76	7	-662.9991	-1414.2148
76	8	-663.0124	-1423.1312
76	9	-669.3268	-1420.7363
76	11	-674.3738	-1438.1514
76	12	-656.2448	-1435.1261
76	13	-677.84924	-1442.2609
76	14	-636.7729	-1432.5627
76	18	-675.7045	-1447.7142
76	20	-641.7814	-1443.2393
76	21	-688.45026	-1437.5084
76	22	-639.78296	-1436.9722
76	23	-661.55145	-1451.9742
76	26	-696.32733	-1436.8896
76	27	-634.3742	-1455.3746
76	28	-661.8721	-1467.1046
76	29	-666.079	-1418.149
76	33	-648.9189	-1448.5969
76	34	-631.36383	-1448.4307
76	35	-675.66095	-1445.6566
76	36	-653.77454	-1448.1483
76	37	-684.5195	-1441.3335
76	38	-673.761	-1445.9113
76	39	-665.973	-1368.5897
76	40	-675.7697	-1447.0232
76	41	-675.81323	-1446.5492
76	42	-658.3427	-1473.8318
76	43	-617.98096	-1444.8253
76	44	-655.03174	-1482.9308
76	48	-690.68134	-1440.8566
77	1	-653.87836	-1361.1558
77	2	-668.7229	-1352.8387
77	3	-655.1279	-1454.9084
77	4	-654.76685	-1464.1893
77	5	-670.94385	-1444.6791
77	6	-673.71423	-1446.6353
77	7	-662.99927	-1414.2147
77	8	-663.0124	-1423.1312
77	9	-669.3385	-1420.8538
77	11	-674.1954	-1438.1504
77	12	-656.8871	-1435.0641
77	13	-677.84924	-1442.2609
77	14	-636.7729	-1432.5627
77	18	-675.6119	-1447.698
77	20	-641.7814	-1443.2393
77	21	-688.2563	-1437.5194
77	22	-640.00604	-1436.9509
77	23	-661.55145	-1451.9742
77	24	-690.93414	-1440.844
77	26	-696.1019	-1436.9022
77	27	-634.3742	-1455.3746
77	28	-661.8721	-1467.1046
77	29	-666.07764	-1418.3868
77	33	-649.0734	-1448.5665
77	34	-631.5351	-1448.4587
77	35	-675.5064	-1445.6459
77	36	-653.86487	-1448.1204
77	37	-684.5195	-1441.3335
77	38	-673.58844	-1445.9202
77	39	-665.95404	-1369.6226
77	40	-675.65955	-1447.0046
77	41	-675.6648	-1446.5667
77	42	-658.34515	-1472.9855
77	43	-617.98096	-1444.8253
77	44	-655.0349	-1482.3945
78	1	-653.9196	-1359.9148
78	2	-668.5949	-1353.3201
78	3	-655.1261	-1454.9163
78	4	-654.7634	-1464.1892
78	5	-670.8868	-1444.6732
78	6	-673.6884	-1446.6382
78	7	-662.9993	-1414.2148
78	8	-663.0124	-1423.1312
78	9	-669.34186	-1420.966
78	11	-674.0431	-1438.1447
78	12	-657.517	-1434.9954
78	13	-677.84924	-1442.2609
78	14	-636.7729	-1432.5627
78	18	-675.5381	-1447.6768
78	20	-641.7814	-1443.2393
78	21	-688.04065	-1437.524
78	22	-640.24316	-1436.9398
78	23	-661.55145	-1451.9742
78	26	-695.9754	-1436.9177
78	27	-634.3742	-1455.3746
78	28	-661.8721	-1467.1046
78	29	-666.0826	-1418.6382
78	33	-649.2188	-1448.5415
78	34	-631.7015	-1448.4734
78	35	-675.3554	-1445.6481
78	37	-684.5195	-1441.3335
78	38	-673.4164	-1445.9287
78	39	-665.9408	-1370.6458
78	40	-675.514	-1446.9452
78	41	-675.51215	-1446.5463
78	42	-658.3499	-1472.1626
78	43	-617.98096	-1444.8253
78	44	-655.02673	-1481.8478
78	48	-690.68134	-1440.8566
79	1	-653.9726	-1358.6366
79	2	-668.46985	-1353.7972
79	3	-655.11523	-1454.8881
79	4	-654.77515	-1464.1725
79	5	-670.7915	-1444.6725
79	6	-673.6367	-1446.6687
79	7	-662.99927	-1414.2148
79	8	-663.0124	-1423.1312
79	9	-669.3584	-1421.0743
79	11	-673.8705	-1438.1449
79	12	-658.17993	-1434.9348
79	13	-677.84924	-1442.2609
79	14	-636.7729	-1432.5627
79	18	-675.4489	-1447.6737
79	20	-641.7814	-1443.2393
79	21	-687.8155	-1437.5413
79	22	-640.4712	-1436.9191
79	23	-661.55145	-1451.9742
79	26	-695.7546	-1436.9292
79	27	-634.3742	-1455.3746
79	28	-661.8721	-1467.1046
79	29	-666.08185	-1418.8679
79	33	-649.3936	-1448.5308
79	34	-631.901	-1448.5068
79	35	-675.2016	-1445.6432
79	37	-684.5195	-1441.3335
79	38	-673.2395	-1445.9155
79	39	-665.9289	-1371.6078
79	40	-675.3375	-1446.9109
79	41	-675.3588	-1446.5392
79	42	-658.34705	-1471.3488
79	43	-617.98096	-1444.8253
79	44	-655.0402	-1481.3186
80	1	-654.0186	-1357.3582
80	2	-668.33966	-1354.3232
80	4	-654.775	-1464.1708
80	5	-670.70245	-1444.6627
80	6	-673.6011	-1446.6914
80	7	-662.9992	-1414.2147
80	8	-663.0124	-1423.1312
80	9	-669.3513	-1421.1797
80	11	-673.7015	-1438.1392
80	12	-658.80994	-1434.8783
80	13	-677.84924	-1442.2609
80	14	-636.7729	-1432.5627
80	18	-675.3594	-1447.6423
80	20	-641.7814	-1443.2393
80	21	-687.58093	-1437.5481
80	22	-640.6975	-1436.9116
80	23	-661.55145	-1451.9742
80	26	-695.47577	-1436.9432
80	27	-634.3742	-1455.3746
80	28	-661.8721	-1467.1046
80	29	-666.08636	-1419.0748
80	33	-649.5828	-1448.5167
80	34	-632.0617	-1448.4951
80	35	-675.0413	-1445.6345
80	37	-684.5195	-1441.3335
80	38	-673.1006	-1445.9236
80	39	-665.91187	-1372.6005
80	40	-675.20953	-1446.9292
80	42	-658.3483	-1470.5599
80	43	-617.98096	-1444.8253
80	44	-655.0218	-1480.8712
81	1	-654.05853	-1356.0684
81	2	-668.21265	-1354.8516
81	4	-654.7794	-1464.1604
81	5	-670.5938	-1444.6708
81	6	-673.5355	-1446.7019
81	7	-662.99915	-1414.2147
81	8	-663.0124	-1423.1312
81	9	-669.3561	-1421.2858
81	11	-673.527	-1438.1365
81	12	-659.462	-1434.8168
81	13	-677.84924	-1442.2609
81	14	-636.7729	-1432.5627
81	18	-675.2551	-1447.6157
81	20	-641.7814	-1443.2393
81	21	-687.38666	-1437.5651
81	22	-640.91705	-1436.8978
81	23	-661.55145	-1451.9742
81	26	-695.2829	-1436.951
81	27	-634.3742	-1455.3746
81	28	-661.8721	-1467.1046
81	29	-666.08887	-1419.2754
81	33	-649.7491	-1448.5083
81	34	-632.2358	-1448.4994
81	35	-674.88745	-1445.6356
81	37	-684.5195	-1441.3335
81	38	-672.9417	-1445.9198
81	39	-665.8995	-1373.5466
81	40	-675.0746	-1446.915
81	42	-658.34863	-1469.8026
81	43	-617.98096	-1444.8253
81	44	-655.0163	-1480.371
82	1	-654.09906	-1354.8146
82	2	-668.0622	-1355.4093
82	4	-654.7801	-1464.1696
82	5	-670.49133	-1444.661
82	6	-673.45935	-1446.7222
82	7	-662.9992	-1414.2148
82	8	-663.0124	-1423.1312
82	9	-669.3603	-1421.375
82	11	-673.3639	-1438.1324
82	12	-660.1205	-1434.7631
82	13	-677.84924	-1442.2609
82	14	-636.7729	-1432.5627
82	18	-675.1613	-1447.5762
82	20	-641.7814	-1443.2393
82	21	-687.20355	-1437.5734
82	22	-641.1477	-1436.884
82	23	-661.55145	-1451.9742
82	26	-694.9755	-1436.9846
82	27	-634.3742	-1455.3746
82	28	-661.8721	-1467.1046
82	29	-666.09485	-1419.4764
82	33	-649.9444	-1448.4774
82	34	-632.41504	-1448.4816
82	35	-674.7278	-1445.6361
82	36	-654.31744	-1447.9584
82	37	-684.5195	-1441.3335
82	38	-672.7843	-1445.9409
82	39	-665.8947	-1374.5103
82	40	-674.95105	-1446.9059
82	42	-658.34674	-1469.0569
82	43	-617.98096	-1444.8253
82	44	-655.03204	-1479.8646
83	1	-654.133	-1353.5352
83	3	-655.14465	-1454.9722
83	4	-654.784	-1464.302
83	5	-670.4047	-1444.653
83	6	-673.3922	-1446.7566
83	7	-662.99915	-1414.2148
83	8	-663.0124	-1423.1312
83	9	-669.36316	-1421.4644
83	11	-673.20374	-1438.1339
83	12	-660.795	-1434.7101
83	13	-677.84924	-1442.2609
83	14	-636.7729	-1432.5627
83	18	-675.0628	-1447.5447
83	20	-641.7814	-1443.2393
83	21	-687.0174	-1437.586
83	22	-641.3734	-1436.8682
83	23	-661.55145	-1451.9742
83	26	-694.78436	-1437.0165
83	27	-634.3742	-1455.3746
83	28	-661.8721	-1467.1046
83	29	-666.09106	-1419.6312
83	33	-650.07025	-1448.4374
83	34	-632.5598	-1448.5079
83	35	-674.57153	-1445.6365
83	36	-654.45215	-1447.9791
83	37	-684.5195	-1441.3335
83	38	-672.62933	-1445.9565
83	39	-665.8851	-1375.4631
83	40	-674.8403	-1446.835
83	42	-658.35144	-1468.3562
83	43	-617.98096	-1444.8253
83	44	-655.01294	-1479.4559
84	1	-654.1632	-1352.1641
84	4	-654.78625	-1464.2778
84	5	-670.30566	-1444.6345
84	6	-673.3179	-1446.7661
84	7	-662.9991	-1414.2147
84	8	-663.0124	-1423.1312
84	9	-669.3691	-1421.5621
84	11	-673.0481	-1438.1305
84	12	-661.5244	-1434.6411
84	13	-677.84924	-1442.2609
84	14	-636.7729	-1432.5627
84	20	-641.7814	-1443.2393
84	21	-686.7479	-1437.6
84	22	-641.60016	-1436.8584
84	23	-661.55145	-1451.9742
84	26	-694.49335	-1437.045
84	27	-634.3742	-1455.3746
84	28	-661.8721	-1467.1046
84	29	-666.09406	-1419.799
84	33	-650.2278	-1448.3966
84	34	-632.72626	-1448.5094
84	35	-674.4114	-1445.6208
84	36	-654.553	-1447.9791
84	37	-684.5195	-1441.3335
84	38	-672.4958	-1445.9523
84	39	-665.8832	-1376.3601
84	42	-658.3594	-1467.7205
84	43	-617.98096	-1444.8253
84	44	-655.0064	-1479.0955
84	49	-658.4888	-1486.9739
85	1	-654.19257	-1350.8073
85	3	-655.12915	-1454.9437
85	4	-654.77136	-1464.2131
85	5	-670.2214	-1444.6322
85	6	-673.2624	-1446.7959
85	7	-662.9991	-1414.2147
85	8	-663.0124	-1423.1312
85	9	-669.36993	-1421.6449
85	11	-672.8727	-1438.1274
85	12	-662.2507	-1434.59
85	13	-677.84924	-1442.2609
85	14	-636.7729	-1432.5627
85	20	-641.7814	-1443.2393
85	21	-686.57263	-1437.617
85	22	-641.81976	-1436.8448
85	23	-661.55145	-1451.9742
85	26	-694.23706	-1437.0664
85	27	-634.3742	-1455.3746
85	28	-661.8721	-1467.1046
85	29	-666.0996	-1419.9531
85	33	-650.3952	-1448.388
85	34	-632.8857	-1448.5355
85	35	-674.2623	-1445.64
85	36	-654.6498	-1447.9629
85	37	-684.5195	-1441.3335
85	38	-672.3628	-1445.959
85	39	-665.8628	-1377.2777
85	42	-658.3561	-1467.0386
85	43	-617.98096	-1444.8253
85	44	-655.0008	-1478.6838
85	48	-690.68134	-1440.8566
85	49	-658.2535	-1486.0421
86	1	-654.23724	-1349.5199
86	3	-655.11487	-1454.935
86	4	-654.77423	-1464.1686
86	5	-670.13684	-1444.605
86	6	-673.17035	-1446.8408
86	7	-662.99927	-1414.2147
86	8	-663.0124	-1423.1312
86	9	-669.3755	-1421.7235
86	11	-672.69696	-1438.1239
86	12	-662.9528	-1434.5254
86	13	-677.84924	-1442.2609
86	14	-636.7729	-1432.5627
86	20	-641.7814	-1443.2393
86	21	-686.35187	-1437.6165
86	22	-642.0264	-1436.8323
86	23	-661.55145	-1451.9742
86	26	-693.95905	-1437.0952
86	27	-634.3742	-1455.3746
86	28	-661.8721	-1467.1046
86	29	-666.1072	-1420.0973
86	33	-650.5399	-1448.3499
86	34	-633.0516	-1448.5253
86	35	-674.09094	-1445.6425
86	36	-654.76324	-1447.9457
86	37	-684.5195	-1441.3335
86	38	-672.215	-1445.97
86	39	-665.8689	-1378.08
86	42	-658.34015	-1466.2924
86	43	-617.98096	-1444.8253
86	44	-654.9823	-1478.2402
86	48	-690.68134	-1440.8566
86	49	-658.2188	-1485.2104
87	1	-654.2583	-1348.2397
87	3	-655.1278	-1454.9214
87	4	-654.75977	-1464.1837
87	5	-670.0566	-1444.5968
87	6	-673.1018	-1446.8721
87	7	-662.99927	-1414.2148
87	8	-663.0124	-1423.1312
87	9	-669.3714	-1421.7977
87	11	-672.50714	-1438.1167
87	12	-663.6679	-1434.4669
87	13	-677.84924	-1442.2609
87	14	-636.7729	-1432.5627
87	20	-641.7814	-1443.2393
87	21	-686.16724	-1437.6399
87	22	-642.22174	-1436.8232
87	23	-661.55145	-1451.9742
87	26	-693.7177	-1437.0974
87	27	-634.3742	-1455.3746
87	28	-661.8721	-1467.1046
87	29	-666.10706	-1420.2241
87	33	-650.71063	-1448.3391
87	34	-633.21826	-1448.5441
87	35	-673.9363	-1445.6218
87	36	-654.87195	-1447.9227
87	37	-684.5195	-1441.3335
87	38	-672.0649	-1445.992
87	39	-665.8559	-1379.0461
87	42	-658.33374	-1465.5702
87	43	-617.98096	-1444.8253
87	44	-654.9822	-1477.8545
87	48	-690.68134	-1440.8566
87	49	-658.22833	-1484.3973
88	1	-654.2798	-1346.9481
88	3	-655.1172	-1454.8966
88	4	-654.767	-1464.1544
88	5	-669.94727	-1444.6044
88	6	-672.99817	-1446.8884
88	7	-662.99927	-1414.2148
88	8	-663.0124	-1423.1312
88	9	-669.3711	-1421.8551
88	11	-672.31116	-1438.1069
88	12	-664.39197	-1434.4116
88	13	-677.84924	-1442.2609
88	14	-636.7729	-1432.5627
88	20	-641.7814	-1443.2393
88	21	-685.9908	-1437.6471
88	22	-642.4262	-1436.8134
88	23	-661.55145	-1451.9742
88	26	-693.4716	-1437.1038
88	27	-634.3742	-1455.3746
88	28	-661.8721	-1467.1046
88	29	-666.1095	-1420.3606
88	33	-650.86176	-1448.3147
88	35	-673.762	-1445.6146
88	36	-654.9872	-1447.909
88	37	-684.5195	-1441.3335
88	38	-671.9187	-1446.0155
88	39	-665.84515	-1379.95
88	42	-658.341	-1464.9398
88	43	-617.98096	-1444.8253
88	44	-654.97455	-1477.5239
88	48	-690.68134	-1440.8566
88	49	-658.3295	-1483.5618
89	1	-654.3139	-1345.5947
89	3	-655.1132	-1454.91
89	4	-654.7686	-1464.145
89	5	-669.85376	-1444.5898
89	6	-672.92035	-1446.9158
89	7	-662.9992	-1414.215
89	8	-663.0124	-1423.1312
89	9	-669.3683	-1421.9108
89	11	-672.11426	-1438.0948
89	12	-665.13184	-1434.3616
89	13	-677.84924	-1442.2609
89	14	-636.7729	-1432.5627
89	20	-641.7814	-1443.2393
89	21	-685.8157	-1437.6556
89	22	-642.6121	-1436.801
89	23	-661.55145	-1451.9742
89	26	-693.2356	-1437.1202
89	27	-634.3742	-1455.3746
89	28	-661.8721	-1467.1046
89	29	-666.1163	-1420.4862
89	33	-651.04565	-1448.2928
89	35	-673.6281	-1445.6088
89	36	-655.1044	-1447.9078
89	37	-684.5195	-1441.3335
89	38	-671.7815	-1446.0342
89	39	-665.83514	-1380.8188
89	42	-658.343	-1464.2793
89	43	-617.98096	-1444.8253
89	44	-654.97125	-1477.159
89	48	-690.68134	-1440.8566
89	49	-658.30457	-1482.747
90	1	-654.3311	-1344.2761
90	3	-655.10376	-1454.9172
90	4	-654.7664	-1464.1476
90	5	-669.77075	-1444.5908
90	6	-672.8307	-1446.9447
90	7	-662.99927	-1414.215
90	8	-663.0124	-1423.1312
90	9	-669.3731	-1421.9644
90	11	-671.905	-1438.0842
90	12	-665.8613	-1434.3066
90	13	-677.84924	-1442.2609
90	14	-636.7729	-1432.5627
90	20	-641.7814	-1443.2393
90	21	-685.6349	-1437.6528
90	22	-642.7944	-1436.7924
90	23	-661.55145	-1451.9742
90	26	-692.9797	-1437.1365
90	27	-634.3742	-1455.3746
90	28	-661.8721	-1467.1046
90	29	-666.1181	-1420.6172
90	33	-651.1915	-1448.3057
90	35	-673.4146	-1445.6083
90	36	-655.2008	-1447.9009
90	37	-684.5195	-1441.3335
90	38	-671.64795	-1446.0504
90	39	-665.8315	-1381.674
90	42	-658.3461	-1463.6569
90	43	-617.98096	-1444.8253
90	44	-654.97217	-1476.8175
90	48	-690.68134	-1440.8566
90	49	-658.3106	-1481.9512
90	52	-665.89954	-1360.6741
