0	1	-6287.203	6918.6494
0	2	-6283.0	6941.9517
0	3	-6291.0894	6968.727
0	4	-6288.6426	6975.5464
0	5	-6284.8945	6900.7495
0	6	-6278.389	6907.1543
0	7	-6273.6724	6896.432
0	8	-6257.1206	6841.5605
0	10	-6260.6816	6912.4985
0	11	-6273.737	6853.9556
0	13	-6272.2397	6840.4
0	14	-6268.218	6838.7285
1	1	-6287.0034	6917.043
1	2	-6282.679	6939.821
1	3	-6290.782	6966.4287
1	4	-6288.2964	6973.2744
1	5	-6284.689	6899.1523
1	6	-6278.095	6904.773
1	7	-6273.3203	6893.466
1	8	-6257.3276	6844.5376
1	10	-6261.0254	6914.873
1	11	-6273.611	6851.192
1	13	-6272.0654	6837.8794
1	14	-6268.045	6835.861
2	1	-6286.7954	6915.4395
2	2	-6282.356	6937.7266
2	3	-6290.371	6964.0073
2	4	-6287.937	6971.023
2	5	-6284.483	6897.571
2	6	-6277.8164	6902.42
2	7	-6272.9673	6890.539
2	8	-6257.578	6847.543
2	9	-6251.2534	6833.96
2	10	-6261.306	6917.1567
2	11	-6273.52	6848.486
2	13	-6271.9106	6835.49
2	14	-6267.8706	6832.99
3	1	-6286.592	6913.858
3	2	-6282.0503	6935.618
3	3	-6290.0034	6961.703
3	4	-6287.584	6968.8516
3	5	-6284.279	6896.0063
3	6	-6277.5293	6900.054
3	7	-6272.6504	6887.6167
3	8	-6257.82	6850.5234
3	9	-6251.288	6836.198
3	10	-6261.6206	6919.4673
3	11	-6273.42	6845.694
3	13	-6271.747	6833.062
3	14	-6267.6807	6830.176
4	1	-6286.3784	6912.259
4	2	-6281.741	6933.5156
4	3	-6289.636	6959.354
4	4	-6287.2256	6966.623
4	5	-6284.072	6894.459
4	6	-6277.2544	6897.6973
4	7	-6272.334	6884.7075
4	8	-6258.0757	6853.4985
4	9	-6251.352	6838.4307
4	10	-6261.9272	6921.7954
4	11	-6273.319	6842.8955
4	13	-6271.5854	6830.6304
4	14	-6267.5005	6827.3296
5	1	-6286.166	6910.714
5	2	-6281.434	6931.409
5	3	-6289.265	6957.0044
5	4	-6286.8735	6964.416
5	5	-6283.874	6892.923
5	6	-6276.984	6895.3184
5	7	-6272.0166	6881.794
5	8	-6258.3184	6856.517
5	9	-6251.4272	6840.7354
5	10	-6262.2646	6924.1797
5	11	-6273.3037	6840.1475
5	13	-6271.422	6828.179
5	14	-6267.3486	6824.509
6	1	-6285.9683	6909.175
6	2	-6281.141	6929.322
6	3	-6288.898	6954.6763
6	4	-6286.528	6962.1763
6	5	-6283.6753	6891.4014
6	6	-6276.706	6892.932
6	7	-6271.7075	6878.8735
6	8	-6258.551	6859.4106
6	9	-6251.5	6842.9375
6	10	-6262.5386	6926.3936
6	11	-6273.271	6837.374
6	12	-6291.8486	6821.7026
6	13	-6271.2676	6825.7544
6	14	-6267.203	6821.7217
7	1	-6285.761	6907.649
7	2	-6280.8394	6927.181
7	3	-6288.5083	6952.331
7	4	-6286.167	6959.9746
7	5	-6283.479	6889.8994
7	6	-6276.439	6890.5513
7	7	-6271.4185	6875.9717
7	8	-6258.8066	6862.334
7	9	-6251.576	6845.087
7	10	-6262.893	6928.784
7	11	-6273.2866	6834.5786
7	12	-6291.2764	6820.914
7	13	-6271.134	6823.311
7	14	-6267.025	6818.9663
8	1	-6285.562	6906.139
8	2	-6280.55	6925.124
8	3	-6288.1475	6950.004
8	4	-6285.7935	6957.6743
8	5	-6283.2886	6888.4126
8	6	-6276.189	6888.159
8	7	-6271.134	6873.065
8	8	-6259.074	6865.3647
8	9	-6251.669	6847.2227
8	10	-6263.2373	6931.1772
8	11	-6273.262	6831.749
8	12	-6290.7476	6820.1416
8	13	-6271.0186	6820.8135
8	14	-6266.879	6816.1636
9	1	-6285.368	6904.6426
9	2	-6280.2603	6923.0396
9	3	-6287.776	6947.679
9	4	-6285.429	6955.3906
9	5	-6283.097	6886.9307
9	6	-6275.9424	6885.749
9	7	-6270.8545	6870.173
9	8	-6259.338	6868.253
9	9	-6251.756	6849.3936
9	10	-6263.579	6933.494
9	11	-6273.255	6828.8823
9	12	-6290.2217	6819.3765
9	13	-6270.8984	6818.3506
9	14	-6266.746	6813.38
10	1	-6285.1724	6903.1436
10	2	-6279.9565	6920.93
10	3	-6287.403	6945.379
10	4	-6285.0854	6953.156
10	5	-6282.9165	6885.463
10	6	-6275.701	6883.358
10	7	-6270.5767	6867.2715
10	8	-6259.6094	6871.16
10	9	-6251.859	6851.474
10	10	-6263.927	6935.84
10	11	-6273.259	6826.0396
10	12	-6289.704	6818.6157
10	13	-6270.7676	6815.7896
10	14	-6266.6064	6810.562
11	1	-6284.9854	6901.719
11	2	-6279.685	6918.844
11	3	-6287.062	6943.0923
11	4	-6284.7246	6950.896
11	5	-6282.741	6884.0083
11	6	-6275.471	6880.9575
11	7	-6270.31	6864.37
11	8	-6259.8833	6874.0513
11	9	-6251.9624	6853.555
11	10	-6264.286	6938.1426
11	11	-6273.2734	6823.1436
11	12	-6289.271	6817.9663
11	13	-6270.6196	6813.358
12	1	-6284.804	6900.267
12	2	-6279.404	6916.7334
12	3	-6286.7354	6940.7554
12	4	-6284.379	6948.7314
12	5	-6282.567	6882.563
12	6	-6275.2207	6878.568
12	7	-6270.048	6861.4805
12	8	-6260.1504	6876.9155
12	9	-6252.0845	6855.6284
12	10	-6264.6465	6940.4424
12	11	-6273.275	6820.274
12	12	-6288.8223	6817.2715
12	13	-6270.5034	6810.7876
13	1	-6284.6294	6898.8223
13	2	-6279.134	6914.6694
13	3	-6286.384	6938.4253
13	4	-6284.0244	6946.4556
13	5	-6282.408	6881.1226
13	6	-6274.9844	6876.156
13	7	-6269.7964	6858.558
13	8	-6260.4062	6879.7773
13	9	-6252.1978	6857.657
13	10	-6265.034	6942.7407
13	11	-6273.2666	6817.3774
13	12	-6288.3535	6816.5176
13	13	-6270.4336	6808.4585
14	1	-6284.448	6897.374
14	2	-6278.8555	6912.5757
14	3	-6286.055	6936.069
14	4	-6283.6875	6944.2
14	5	-6282.259	6879.707
14	6	-6274.7686	6873.7666
14	7	-6269.5366	6855.6567
14	8	-6260.6655	6882.658
14	9	-6252.3125	6859.6807
14	10	-6265.3794	6944.9614
14	11	-6273.268	6814.466
14	12	-6287.904	6815.8267
14	13	-6270.342	6806.0513
15	1	-6284.2695	6895.94
15	2	-6278.567	6910.477
15	3	-6285.722	6933.7515
15	4	-6283.358	6941.997
15	5	-6282.1196	6878.322
15	6	-6274.5513	6871.353
15	7	-6269.2783	6852.7607
15	8	-6260.9023	6885.516
15	9	-6252.4497	6861.6997
15	10	-6265.7783	6947.312
15	11	-6273.2295	6811.578
15	12	-6287.4746	6815.096
15	13	-6270.206	6803.6064
15	15	-6281.8154	6955.4004
15	17	-6280.2573	6801.7456
16	1	-6284.101	6894.542
16	2	-6278.293	6908.3945
16	3	-6285.393	6931.457
16	4	-6283.0176	6939.7188
16	5	-6281.992	6876.961
16	6	-6274.3325	6868.9663
16	7	-6269.0225	6849.815
16	8	-6261.2393	6888.326
16	9	-6252.5757	6863.703
16	10	-6266.1304	6949.623
16	11	-6273.17	6808.6206
16	12	-6287.0444	6814.376
16	13	-6270.11	6801.1655
16	15	-6281.396	6952.861
16	17	-6280.0347	6801.0728
17	1	-6283.947	6893.1567
17	2	-6278.027	6906.3154
17	3	-6285.0605	6929.124
17	4	-6282.69	6937.548
17	5	-6281.8794	6875.6235
17	6	-6274.116	6866.5513
17	7	-6268.774	6846.925
17	8	-6261.5415	6891.1904
17	9	-6252.698	6865.706
17	11	-6273.1245	6805.7217
17	12	-6286.631	6813.671
17	15	-6280.987	6950.286
17	17	-6279.815	6800.362
18	1	-6283.796	6891.754
18	2	-6277.7534	6904.169
18	3	-6284.7505	6926.8438
18	4	-6282.353	6935.259
18	5	-6281.7827	6874.3135
18	6	-6273.9097	6864.1494
18	7	-6268.537	6844.0117
18	8	-6261.8237	6894.0503
18	9	-6252.819	6867.6743
18	11	-6273.076	6802.7324
18	12	-6286.2397	6812.962
18	15	-6280.562	6947.731
18	17	-6279.592	6799.7134
19	1	-6283.637	6890.3564
19	2	-6277.501	6902.124
19	3	-6284.4277	6924.526
19	4	-6282.04	6932.9976
19	5	-6281.702	6873.03
19	6	-6273.697	6861.7314
19	7	-6268.303	6841.1
19	8	-6262.1343	6896.9434
19	9	-6252.998	6869.5967
19	11	-6273.009	6799.7563
19	12	-6285.8423	6812.2466
19	15	-6280.1665	6945.1943
19	17	-6279.362	6799.021
20	1	-6283.477	6888.969
20	2	-6277.249	6900.058
20	3	-6284.1206	6922.2227
20	4	-6281.7017	6930.7017
20	5	-6281.64	6871.7754
20	6	-6273.489	6859.31
20	7	-6268.074	6838.1914
20	8	-6262.4233	6899.801
20	9	-6253.1265	6871.537
20	11	-6272.9434	6796.7744
20	12	-6285.4907	6811.5747
20	15	-6279.7793	6942.6436
20	17	-6279.1753	6798.406
21	1	-6283.3125	6887.5596
21	2	-6277.0024	6897.9814
21	3	-6283.829	6919.9
21	4	-6281.386	6928.355
21	5	-6281.59	6870.5522
21	6	-6273.2773	6856.8877
21	7	-6267.8555	6835.2817
21	8	-6262.744	6902.6816
21	9	-6253.247	6873.423
21	12	-6285.1196	6810.871
21	15	-6279.3823	6940.1245
21	17	-6278.965	6797.6714
22	1	-6283.166	6885.995
22	2	-6276.765	6895.893
22	3	-6283.5537	6917.636
22	4	-6281.075	6926.2183
22	5	-6281.554	6869.3584
22	6	-6273.0894	6854.4946
22	7	-6267.648	6832.3545
22	8	-6263.068	6905.5347
22	9	-6253.3804	6875.303
22	12	-6284.7676	6810.172
22	15	-6279.0034	6937.5527
22	17	-6278.7583	6796.9487
23	1	-6282.999	6884.423
23	2	-6276.538	6893.813
23	3	-6283.2515	6915.3286
23	4	-6280.757	6924.013
23	5	-6281.5327	6868.1953
23	6	-6272.885	6852.0327
23	7	-6267.4346	6829.4346
23	8	-6263.404	6908.43
23	9	-6253.517	6877.2173
23	12	-6284.4277	6809.4956
23	15	-6278.6353	6934.973
23	17	-6278.5654	6796.2344
24	1	-6282.8237	6882.829
24	2	-6276.324	6891.729
24	3	-6282.967	6912.968
24	4	-6280.447	6921.7275
24	5	-6281.526	6867.0684
24	6	-6272.695	6849.6094
24	7	-6267.231	6826.544
24	8	-6263.75	6911.2847
24	9	-6253.6587	6879.053
24	12	-6284.1016	6808.7925
24	15	-6278.245	6932.3535
24	17	-6278.3926	6795.5396
25	1	-6282.689	6881.5366
25	2	-6276.101	6889.65
25	3	-6282.6855	6910.658
25	4	-6280.145	6919.468
25	5	-6281.5337	6865.98
25	6	-6272.5015	6847.1724
25	7	-6267.0283	6823.6396
25	8	-6264.121	6914.154
25	9	-6253.801	6880.899
25	12	-6283.783	6808.1426
25	15	-6277.867	6929.7383
25	17	-6278.239	6794.815
26	1	-6282.5566	6880.2544
26	2	-6275.894	6887.5796
26	3	-6282.394	6908.3677
26	4	-6279.867	6917.2065
26	5	-6281.5576	6864.929
26	6	-6272.3066	6844.6855
26	7	-6266.8296	6820.7065
26	8	-6264.5024	6917.021
26	9	-6253.953	6882.732
26	12	-6283.471	6807.453
26	15	-6277.4995	6927.1353
26	17	-6278.064	6794.0747
27	1	-6282.43	6878.9873
27	2	-6275.694	6885.483
27	3	-6282.089	6905.9766
27	4	-6279.5767	6915.085
27	5	-6281.5967	6863.9136
27	6	-6272.1226	6842.2393
27	7	-6266.6606	6817.8257
27	8	-6264.8955	6919.864
27	9	-6254.0967	6884.555
27	12	-6283.1636	6806.785
27	15	-6277.1284	6924.5596
27	17	-6277.9126	6793.3804
28	1	-6282.3135	6877.779
28	2	-6275.501	6883.4043
28	3	-6281.5806	6901.908
28	4	-6279.288	6912.8965
28	5	-6281.6494	6862.93
28	6	-6271.9585	6839.8228
28	7	-6266.4814	6814.9253
28	9	-6254.253	6886.3623
28	12	-6282.86	6806.081
28	15	-6276.7734	6921.947
28	17	-6277.775	6792.587
28	18	-6250.3174	6796.024
29	1	-6282.189	6876.595
29	2	-6275.3213	6881.32
29	3	-6281.279	6899.45
29	4	-6279.0054	6910.696
29	5	-6281.714	6861.978
29	6	-6271.7817	6837.3813
29	7	-6266.309	6812.052
29	8	-6265.6694	6925.545
29	9	-6254.405	6888.193
29	12	-6282.5796	6805.3945
29	15	-6276.43	6919.3325
29	17	-6277.6484	6791.839
29	18	-6250.3086	6798.105
30	1	-6282.0723	6875.4067
30	2	-6275.146	6879.241
30	3	-6281.014	6897.175
30	4	-6278.741	6908.4346
30	5	-6281.7954	6861.0566
30	6	-6271.612	6834.905
30	7	-6266.1387	6809.1255
30	8	-6266.0376	6928.3765
30	9	-6254.5645	6889.9893
30	12	-6282.2993	6804.736
30	15	-6276.0757	6916.6797
30	17	-6277.541	6791.047
30	18	-6250.3193	6800.19
31	1	-6281.964	6874.2905
31	2	-6274.9736	6877.1733
31	3	-6280.733	6894.9
31	4	-6278.463	6906.287
31	5	-6281.891	6860.1665
31	6	-6271.439	6832.4756
31	7	-6265.993	6806.1714
31	8	-6266.4487	6931.3003
31	9	-6254.725	6891.7744
31	12	-6282.009	6804.058
31	15	-6275.748	6914.081
31	17	-6277.424	6790.27
31	18	-6250.3447	6802.174
32	1	-6281.859	6873.2017
32	2	-6274.8086	6875.124
32	3	-6280.455	6892.6436
32	4	-6278.1807	6904.0215
32	5	-6282.0034	6859.31
32	6	-6271.2725	6830.009
32	7	-6265.836	6803.292
32	8	-6266.832	6934.0996
32	9	-6254.8984	6893.5317
32	12	-6281.758	6803.4165
32	15	-6275.4097	6911.406
32	17	-6277.2866	6789.4854
32	18	-6250.344	6804.2173
33	1	-6281.7554	6872.1216
33	2	-6274.644	6873.0444
33	3	-6280.197	6890.421
33	4	-6277.7974	6900.611
33	5	-6282.1313	6858.486
33	6	-6271.1157	6827.5234
33	7	-6265.6826	6800.3887
33	9	-6255.0767	6895.297
33	12	-6281.5	6802.7334
33	15	-6275.068	6908.726
33	16	-6278.937	6934.44
33	17	-6277.189	6788.7246
33	18	-6250.3604	6806.2812
34	1	-6281.6646	6871.0913
34	2	-6274.487	6870.981
34	3	-6279.9316	6888.169
34	4	-6277.58	6898.84
34	5	-6282.277	6857.692
34	6	-6270.962	6825.052
34	7	-6265.5425	6797.4604
34	9	-6255.271	6897.0527
34	12	-6281.257	6802.0547
34	15	-6274.7163	6906.059
34	16	-6278.613	6931.961
34	17	-6277.1016	6787.8545
34	18	-6250.3564	6808.3086
34	23	-6289.613	6933.7954
35	1	-6281.577	6870.079
35	2	-6274.327	6868.9297
35	3	-6279.6772	6885.909
35	4	-6277.2256	6895.746
35	5	-6282.44	6856.9253
35	6	-6270.8174	6822.582
35	7	-6265.417	6794.563
35	9	-6255.466	6898.7544
35	12	-6281.0225	6801.4023
35	15	-6274.4175	6903.4126
35	16	-6278.2417	6929.335
35	17	-6276.988	6787.0186
35	18	-6250.3794	6810.3
35	23	-6289.376	6931.773
36	1	-6281.4966	6869.097
36	2	-6274.1807	6866.853
36	3	-6279.42	6883.7
36	4	-6276.979	6893.4683
36	5	-6282.62	6856.1836
36	6	-6270.6733	6820.1147
36	7	-6265.333	6791.6724
36	9	-6255.6636	6900.5303
36	12	-6280.7993	6800.7686
36	15	-6274.0933	6900.7334
36	16	-6277.8687	6926.7866
36	17	-6276.9023	6786.1777
36	18	-6250.407	6812.294
36	23	-6289.131	6929.7695
37	1	-6281.431	6868.1445
37	2	-6274.0186	6864.7793
37	3	-6279.175	6881.4287
37	4	-6276.72	6891.2666
37	5	-6282.82	6855.4653
37	6	-6270.5293	6817.6377
37	7	-6265.2173	6788.739
37	9	-6255.853	6902.2417
37	12	-6280.593	6800.1074
37	15	-6273.7954	6898.043
37	16	-6277.514	6924.1694
37	17	-6276.799	6785.326
37	18	-6250.426	6814.2764
37	23	-6288.857	6927.8003
38	1	-6281.373	6867.2026
38	2	-6273.859	6862.7007
38	3	-6278.925	6879.2
38	4	-6276.4785	6889.1045
38	5	-6283.04	6854.771
38	6	-6270.4053	6815.128
38	7	-6265.0957	6785.8403
38	9	-6256.0493	6903.963
38	12	-6280.37	6799.449
38	15	-6273.4844	6895.236
38	16	-6277.153	6921.604
38	17	-6276.6914	6784.4224
38	18	-6250.4775	6816.2393
38	23	-6288.6113	6925.855
39	1	-6281.3276	6866.322
39	2	-6273.7104	6860.6255
39	3	-6278.6836	6876.968
39	4	-6276.2476	6886.972
39	5	-6283.2817	6854.097
39	6	-6270.2744	6812.6196
39	7	-6264.985	6782.9434
39	9	-6256.2515	6905.696
39	12	-6280.158	6798.789
39	15	-6273.0264	6890.5396
39	16	-6276.8003	6919.0225
39	17	-6276.588	6783.581
39	18	-6250.518	6818.1733
39	19	-6254.6787	6786.605
39	23	-6288.348	6923.9585
40	1	-6281.2944	6865.435
40	2	-6273.5547	6858.5645
40	3	-6278.4404	6874.6943
40	4	-6276.009	6884.8223
40	5	-6283.541	6853.445
40	6	-6270.144	6810.0845
40	7	-6264.9155	6780.1104
40	9	-6256.462	6907.3765
40	12	-6279.9634	6798.139
40	15	-6272.7896	6887.951
40	16	-6276.4336	6916.5107
40	17	-6276.4834	6782.6826
40	18	-6250.552	6820.112
40	19	-6254.7783	6789.649
40	23	-6288.095	6921.9897
41	1	-6281.277	6864.5776
41	2	-6273.402	6856.497
41	3	-6278.199	6872.431
41	4	-6275.7915	6882.6616
41	5	-6283.8223	6852.8154
41	6	-6270.0254	6807.6177
41	9	-6256.698	6909.3345
41	12	-6279.782	6797.4814
41	15	-6272.6455	6886.961
41	16	-6276.097	6913.9272
41	17	-6276.4194	6781.791
41	18	-6250.6045	6821.992
41	19	-6254.8936	6792.733
41	23	-6287.8433	6920.026
42	1	-6281.2715	6863.7344
42	2	-6273.2456	6854.4478
42	3	-6277.9863	6870.2437
42	4	-6275.596	6880.6216
42	5	-6284.1157	6852.204
42	6	-6269.9185	6805.152
42	9	-6256.9395	6911.0728
42	12	-6279.589	6796.8125
42	15	-6272.386	6884.3467
42	16	-6275.75	6911.305
42	17	-6276.2993	6780.9097
42	18	-6250.6533	6823.8965
42	19	-6254.9717	6795.855
42	23	-6287.595	6918.1523
43	1	-6281.2847	6862.9326
43	2	-6273.088	6852.418
43	3	-6277.8	6868.206
43	4	-6275.391	6878.4854
43	5	-6284.4688	6851.565
43	6	-6269.773	6802.643
43	9	-6257.2046	6913.085
43	12	-6279.4053	6796.1294
43	15	-6271.967	6880.009
43	16	-6275.4287	6908.7397
43	17	-6276.241	6779.9644
43	18	-6250.7036	6825.7627
43	19	-6255.0874	6799.0596
43	23	-6287.335	6916.2456
44	1	-6281.31	6862.145
44	2	-6272.9233	6850.369
44	3	-6277.609	6866.2837
44	4	-6275.1675	6876.2437
44	5	-6284.8125	6851.01
44	6	-6269.6943	6800.1406
44	9	-6257.5664	6915.5054
44	12	-6279.215	6795.416
44	15	-6271.8545	6878.8457
44	16	-6275.0786	6906.15
44	17	-6276.1553	6779.0127
44	18	-6250.764	6827.672
44	19	-6255.2324	6802.2007
44	23	-6287.0747	6914.392
45	1	-6281.3594	6861.351
45	2	-6272.7637	6848.311
45	3	-6277.492	6865.182
45	4	-6274.9585	6874.064
45	5	-6285.17	6850.4785
45	6	-6269.6113	6797.6357
45	9	-6257.8823	6917.7437
45	12	-6279.0435	6794.6895
45	15	-6271.5996	6875.9653
45	16	-6274.7544	6903.5444
45	17	-6276.0967	6778.0894
45	18	-6250.8105	6829.488
45	19	-6255.363	6805.2485
45	23	-6286.811	6912.508
46	1	-6281.409	6860.6025
46	2	-6272.6196	6846.262
46	3	-6277.313	6863.1797
46	4	-6274.7603	6871.863
46	5	-6285.5425	6849.9707
46	6	-6269.5063	6795.1406
46	9	-6258.0386	6918.79
46	12	-6278.8784	6793.9673
46	15	-6271.369	6872.7007
46	16	-6274.4414	6900.9507
46	17	-6276.034	6777.1426
46	18	-6250.8823	6831.241
46	19	-6255.5024	6808.377
46	23	-6286.5728	6910.6924
47	1	-6281.4907	6859.838
47	2	-6272.473	6844.239
47	3	-6277.1504	6861.0513
47	4	-6274.576	6869.696
47	5	-6285.9375	6849.489
47	6	-6269.4087	6792.6562
47	9	-6258.223	6920.376
47	12	-6278.6997	6793.233
47	15	-6271.1553	6870.2485
47	16	-6274.1167	6898.36
47	17	-6275.9326	6776.062
47	18	-6250.9624	6833.05
47	19	-6255.673	6811.55
47	20	-6251.0684	6790.461
47	23	-6286.359	6908.8335
48	1	-6281.586	6859.1104
48	2	-6272.3203	6842.189
48	3	-6276.964	6858.9014
48	4	-6274.395	6867.548
48	5	-6286.3467	6849.0293
48	6	-6269.3237	6790.162
48	12	-6278.5317	6792.4556
48	15	-6270.971	6867.932
48	16	-6273.8154	6895.703
48	17	-6275.854	6775.096
48	19	-6255.8213	6814.597
48	20	-6251.123	6792.9136
48	23	-6286.1187	6907.0063
49	1	-6281.69	6858.388
49	2	-6272.171	6840.1274
49	3	-6276.779	6856.654
49	4	-6274.2314	6865.4526
49	5	-6286.773	6848.595
49	6	-6269.2153	6787.71
49	12	-6278.3657	6791.672
49	15	-6270.8027	6865.741
49	16	-6273.5215	6893.0737
49	17	-6275.7993	6774.003
49	18	-6251.1245	6836.6655
49	19	-6256.004	6817.725
49	20	-6251.1772	6795.28
49	23	-6285.8833	6905.2485
50	1	-6281.8174	6857.668
50	2	-6272.0195	6838.0933
50	3	-6276.5854	6854.381
50	4	-6274.0664	6863.431
50	5	-6287.213	6848.1855
50	6	-6269.1323	6785.1494
50	12	-6278.1978	6790.8545
50	15	-6270.592	6863.184
50	16	-6273.2207	6890.4434
50	17	-6275.7	6773.02
50	18	-6251.217	6838.448
50	19	-6256.172	6820.7485
50	20	-6251.2456	6797.602
50	23	-6285.6504	6903.4756
51	1	-6281.96	6856.9805
51	2	-6271.8833	6836.0645
51	3	-6276.4136	6852.119
51	4	-6273.985	6862.3047
51	5	-6287.6714	6847.8022
51	6	-6269.045	6782.652
51	12	-6278.027	6790.004
51	15	-6270.3643	6860.472
51	16	-6272.927	6887.825
51	18	-6251.2725	6840.159
51	19	-6256.363	6823.933
51	20	-6251.327	6800.0674
51	23	-6285.4126	6901.735
52	1	-6282.119	6856.288
52	2	-6271.735	6834.0264
52	3	-6276.2266	6849.844
52	4	-6273.861	6860.612
52	5	-6288.1475	6847.444
52	6	-6268.9043	6780.13
52	12	-6277.8833	6789.1367
52	15	-6270.139	6857.7607
52	16	-6272.6343	6885.196
52	18	-6251.3433	6841.8555
52	19	-6256.5576	6826.984
52	20	-6251.4097	6802.445
52	23	-6285.184	6899.976
53	1	-6282.293	6855.599
53	2	-6271.595	6831.988
53	3	-6276.056	6847.5654
53	4	-6273.683	6858.6016
53	5	-6288.6387	6847.111
53	6	-6268.792	6777.6323
53	12	-6277.723	6788.238
53	15	-6269.9116	6855.05
53	16	-6272.338	6882.5586
53	18	-6251.396	6843.5347
53	19	-6256.784	6829.985
53	20	-6251.5117	6804.841
53	23	-6284.9526	6898.261
54	1	-6282.4937	6854.9194
54	2	-6271.4575	6829.937
54	3	-6275.8936	6845.3135
54	4	-6273.5107	6856.6304
54	5	-6289.1455	6846.8057
54	6	-6268.6997	6775.1235
54	12	-6277.5776	6787.287
54	15	-6269.678	6852.3384
54	16	-6272.0703	6879.949
54	18	-6251.4487	6845.191
54	19	-6256.9937	6833.231
54	20	-6251.6426	6807.097
54	23	-6284.712	6896.518
54	27	-6277.083	6920.897
55	1	-6282.7065	6854.26
55	2	-6271.32	6827.9033
55	3	-6275.7227	6843.073
55	4	-6273.346	6854.479
55	5	-6289.669	6846.5303
55	12	-6277.4365	6786.3623
55	15	-6269.461	6849.6587
55	16	-6271.796	6877.2847
55	18	-6251.5107	6847.049
55	19	-6257.1943	6836.2964
55	27	-6276.751	6918.3706
56	1	-6282.944	6853.6445
56	2	-6271.1704	6825.876
56	3	-6275.555	6840.818
56	4	-6273.1797	6852.3833
56	5	-6290.2637	6846.265
56	12	-6277.282	6785.3765
56	15	-6269.2266	6846.939
56	16	-6271.5396	6874.624
56	19	-6257.414	6839.4346
56	20	-6251.8896	6811.9766
56	27	-6276.4673	6915.959
57	1	-6283.189	6853.027
57	2	-6271.037	6823.845
57	3	-6275.408	6838.5884
57	4	-6273.009	6850.215
57	5	-6290.819	6846.056
57	12	-6277.1377	6784.415
57	15	-6269.0054	6844.2393
57	16	-6271.2993	6871.9927
57	18	-6251.6846	6850.485
57	19	-6257.6255	6842.6577
57	20	-6252.0015	6814.351
57	27	-6276.1235	6913.33
58	1	-6283.4575	6852.417
58	2	-6270.9043	6821.799
58	3	-6275.2573	6836.358
58	4	-6272.8345	6848.007
58	5	-6291.3887	6845.88
58	12	-6276.993	6783.386
58	15	-6268.786	6841.5522
58	16	-6271.0522	6869.321
58	18	-6251.7856	6852.2427
58	19	-6257.8315	6845.4907
58	20	-6252.138	6816.7197
58	27	-6275.8477	6910.9185
59	1	-6283.751	6851.829
59	2	-6270.7803	6819.756
59	3	-6275.113	6834.124
59	4	-6272.672	6845.8403
59	5	-6291.969	6845.736
59	12	-6276.851	6782.3374
59	15	-6268.5757	6838.864
59	16	-6270.813	6866.6763
59	18	-6251.8867	6854.0547
59	19	-6258.067	6848.5083
59	20	-6252.284	6818.994
60	1	-6284.061	6851.2476
60	2	-6270.6553	6817.725
60	3	-6274.984	6831.9097
60	4	-6272.4966	6843.7134
60	5	-6292.561	6845.6216
60	12	-6276.7104	6781.285
60	15	-6268.3696	6836.1406
60	16	-6270.5713	6863.961
60	18	-6251.9785	6856.183
60	19	-6258.318	6851.7544
60	20	-6252.4355	6821.5347
61	1	-6284.389	6850.6865
61	2	-6270.518	6815.692
61	3	-6274.8604	6829.708
61	4	-6272.3228	6841.5596
61	5	-6293.1655	6845.5435
61	12	-6276.5703	6780.199
61	15	-6268.166	6833.4243
61	16	-6270.331	6861.3076
61	18	-6252.1113	6858.544
61	19	-6258.782	6857.584
61	20	-6252.5977	6823.844
62	1	-6284.737	6850.1455
62	2	-6270.388	6813.6636
62	3	-6274.7285	6827.4717
62	4	-6272.1567	6839.4116
62	5	-6293.7812	6845.4956
62	12	-6276.44	6779.067
62	15	-6267.956	6830.738
62	16	-6270.105	6858.643
62	18	-6252.188	6860.3286
62	19	-6259.05	6860.808
62	20	-6252.764	6826.163
63	1	-6285.1104	6849.618
63	2	-6270.26	6811.6426
63	3	-6274.6084	6825.29
63	4	-6271.9844	6837.24
63	5	-6294.404	6845.48
63	12	-6276.3203	6777.944
63	15	-6267.746	6828.0327
63	16	-6269.8164	6855.813
63	19	-6259.348	6863.911
64	1	-6285.4917	6849.137
64	2	-6270.1543	6809.5757
64	3	-6274.4917	6823.0806
64	4	-6271.829	6835.1206
64	5	-6295.0337	6845.4985
64	12	-6276.2163	6776.7773
64	15	-6267.5483	6825.3467
64	16	-6269.576	6853.1104
64	19	-6259.623	6866.972
64	20	-6253.0913	6831.0103
65	1	-6285.897	6848.659
65	2	-6270.0557	6807.548
65	3	-6274.396	6820.9233
65	4	-6271.683	6832.99
65	5	-6295.671	6845.544
65	12	-6276.0815	6775.5864
65	15	-6267.3604	6822.632
65	16	-6269.381	6850.307
65	19	-6259.8887	6870.1504
65	20	-6253.2656	6833.4985
66	1	-6286.3706	6848.161
66	2	-6269.9604	6805.489
66	3	-6274.3086	6818.776
66	4	-6271.5244	6830.805
66	5	-6296.3105	6845.624
66	12	-6275.9634	6774.317
66	15	-6267.192	6819.94
66	16	-6269.1245	6847.7275
66	19	-6260.177	6873.0254
66	20	-6253.4478	6835.9087
67	1	-6286.8345	6847.7256
67	2	-6269.8457	6803.45
67	3	-6274.2026	6816.6016
67	4	-6271.354	6828.6006
67	5	-6296.9517	6845.7334
67	12	-6275.813	6773.155
67	15	-6267.009	6817.2266
67	16	-6268.9033	6845.057
67	19	-6260.483	6876.0996
67	20	-6253.64	6838.9585
68	1	-6287.3003	6847.316
68	2	-6269.7305	6801.36
68	3	-6274.1133	6814.43
68	4	-6271.2134	6826.4844
68	5	-6297.6562	6845.887
68	15	-6266.8677	6814.5513
68	16	-6268.6763	6842.3545
68	19	-6260.8037	6879.1587
68	21	-6282.5	6875.116
68	22	-6273.0557	6885.5625
69	1	-6287.7915	6846.947
69	2	-6269.6396	6799.3643
69	3	-6274.0264	6812.3394
69	4	-6271.0674	6824.414
69	5	-6298.2944	6846.061
69	15	-6266.7173	6811.9004
69	16	-6268.4985	6839.852
69	19	-6261.0996	6882.3276
69	20	-6254.2075	6845.2476
69	21	-6282.4023	6873.8
69	22	-6272.788	6883.0474
70	1	-6288.301	6846.5996
70	2	-6269.5337	6797.2964
70	3	-6273.9355	6810.2476
70	4	-6270.9043	6822.2446
70	5	-6298.932	6846.2627
70	15	-6266.5864	6809.248
70	16	-6268.3413	6837.7153
70	19	-6261.3257	6885.251
70	20	-6254.3525	6847.733
70	21	-6282.3145	6872.4414
70	22	-6272.536	6880.4346
71	1	-6288.843	6846.275
71	2	-6269.4346	6795.205
71	3	-6273.839	6808.076
71	4	-6270.7715	6820.1777
71	5	-6299.5645	6846.4976
71	15	-6266.441	6806.559
71	16	-6268.247	6836.4727
71	20	-6254.5586	6850.207
71	21	-6282.2397	6871.1216
71	22	-6272.291	6877.8945
71	24	-6331.8276	6911.388
72	1	-6289.4	6846.0015
72	2	-6269.338	6793.142
72	3	-6273.7646	6805.974
72	4	-6270.6436	6818.1226
72	5	-6300.1904	6846.765
72	15	-6266.3257	6803.924
72	16	-6268.0337	6833.9907
72	20	-6254.788	6852.654
72	21	-6282.1743	6869.824
72	22	-6272.055	6875.3794
72	24	-6333.6143	6911.5293
73	1	-6289.967	6845.7466
73	2	-6269.262	6791.0923
73	3	-6273.695	6803.929
73	4	-6270.513	6815.997
73	5	-6300.813	6847.056
73	15	-6266.184	6801.2075
73	16	-6267.848	6831.302
73	20	-6254.9785	6855.0156
73	21	-6282.116	6868.5576
73	22	-6271.8247	6872.8804
73	24	-6335.114	6911.691
74	1	-6290.5776	6845.5327
74	2	-6269.1924	6788.9883
74	3	-6273.6284	6801.899
74	4	-6270.384	6813.813
74	5	-6301.432	6847.3706
74	15	-6266.052	6798.5522
74	16	-6267.6387	6828.534
74	20	-6255.1655	6857.4297
74	21	-6282.0767	6867.3
74	22	-6271.595	6870.3154
74	24	-6336.668	6911.828
75	1	-6291.1865	6845.3354
75	2	-6269.112	6786.9395
75	3	-6273.5674	6799.889
75	4	-6270.278	6811.8613
75	5	-6302.048	6847.703
75	15	-6265.971	6795.915
75	16	-6267.4263	6825.764
75	20	-6255.3403	6859.719
75	21	-6282.054	6866.0405
75	22	-6271.3535	6867.755
75	24	-6338.174	6911.973
76	1	-6291.791	6845.1753
76	2	-6269.032	6784.865
76	3	-6273.4893	6797.8936
76	4	-6270.149	6809.7607
76	5	-6302.6636	6848.0527
76	15	-6265.8564	6793.2144
76	16	-6267.233	6823.015
76	20	-6255.506	6861.9395
76	21	-6282.0557	6864.811
76	22	-6271.119	6865.1885
76	24	-6339.5996	6912.146
77	1	-6292.4214	6845.0483
77	2	-6268.9673	6782.796
77	3	-6273.4067	6795.9033
77	4	-6270.0327	6807.697
77	5	-6303.2783	6848.4214
77	15	-6265.754	6790.521
77	16	-6267.066	6820.241
77	20	-6255.728	6864.311
77	21	-6282.0615	6863.6387
77	22	-6270.9	6862.6255
77	24	-6341.064	6912.329
78	1	-6293.0513	6844.9653
78	2	-6268.9185	6780.681
78	3	-6273.3325	6793.875
78	4	-6269.913	6805.595
78	5	-6303.8936	6848.805
78	15	-6265.6562	6787.7935
78	16	-6266.907	6817.455
78	21	-6282.094	6862.4614
78	22	-6270.668	6860.008
78	24	-6342.496	6912.5225
79	1	-6293.6875	6844.922
79	3	-6273.2656	6791.916
79	4	-6269.815	6803.5337
79	5	-6304.5063	6849.2065
79	15	-6265.5464	6785.1113
79	16	-6266.7476	6814.726
79	20	-6256.048	6868.655
79	21	-6282.1494	6861.338
79	22	-6270.4604	6857.465
79	24	-6343.853	6912.711
80	1	-6294.329	6844.9087
80	3	-6273.202	6789.9985
80	4	-6269.7314	6801.494
80	5	-6305.1196	6849.623
80	16	-6266.5933	6812.041
80	21	-6282.229	6860.2524
80	22	-6270.244	6854.941
80	24	-6345.204	6912.9097
81	1	-6294.9653	6844.9375
81	3	-6273.1147	6788.0083
81	4	-6269.6255	6799.474
81	5	-6305.732	6850.054
81	16	-6266.393	6809.377
81	21	-6282.318	6859.194
81	22	-6270.0347	6852.3447
81	24	-6346.6313	6913.124
81	25	-6317.217	6918.873
82	1	-6295.5913	6844.9937
82	3	-6273.0605	6786.181
82	4	-6269.5503	6797.4224
82	5	-6306.343	6850.4976
82	16	-6266.2744	6806.608
82	21	-6282.4385	6858.1704
82	22	-6269.8135	6849.811
82	24	-6347.979	6913.3438
82	25	-6317.0522	6918.861
83	1	-6296.2183	6845.078
83	3	-6273.0205	6784.234
83	4	-6269.4463	6795.2993
83	5	-6306.953	6850.955
83	16	-6266.125	6803.7266
83	21	-6282.5767	6857.2188
83	22	-6269.616	6847.2095
83	24	-6349.2515	6913.566
83	25	-6316.9106	6918.8687
83	26	-6279.5034	6879.316
84	1	-6296.8506	6845.195
84	4	-6269.3535	6793.3345
84	5	-6307.5625	6851.425
84	16	-6265.969	6800.988
84	21	-6282.73	6856.325
84	22	-6269.405	6844.6274
84	25	-6316.7676	6918.8604
84	26	-6279.285	6876.779
85	1	-6297.4814	6845.357
85	4	-6269.285	6791.279
85	5	-6308.173	6851.9067
85	16	-6265.805	6798.2715
85	21	-6282.92	6855.4697
85	22	-6269.224	6842.0845
85	25	-6316.6123	6918.852
85	26	-6279.031	6874.2246
86	1	-6298.0854	6845.5415
86	4	-6269.185	6789.321
86	5	-6308.786	6852.4004
86	16	-6265.689	6795.4707
86	21	-6283.145	6854.62
86	22	-6269.027	6839.487
86	24	-6352.826	6914.159
86	25	-6316.4795	6918.896
86	26	-6278.765	6871.694
87	1	-6298.6963	6845.753
87	4	-6269.087	6787.3403
87	5	-6309.4014	6852.9043
87	16	-6265.587	6792.794
87	21	-6283.414	6853.7544
87	22	-6268.847	6836.9214
87	24	-6354.0083	6914.398
87	25	-6316.361	6918.881
87	26	-6278.532	6869.0874
88	1	-6299.3145	6845.996
88	5	-6310.017	6853.4214
88	21	-6283.6987	6852.9736
88	22	-6268.6616	6834.378
88	24	-6355.0405	6914.6055
88	25	-6316.245	6918.8867
88	26	-6278.353	6866.5273
88	28	-6273.1123	6851.6377
89	1	-6299.912	6846.2603
89	5	-6310.635	6853.9473
89	21	-6284.0244	6852.1953
89	22	-6268.479	6831.827
89	24	-6356.172	6914.846
89	25	-6316.097	6918.8984
89	26	-6278.1533	6864.133
89	28	-6272.8823	6849.371
90	1	-6300.512	6846.5464
90	5	-6311.254	6854.484
90	21	-6284.3643	6851.479
90	22	-6268.28	6829.217
90	24	-6357.228	6915.0894
90	25	-6315.951	6918.8955
90	26	-6277.937	6861.772
90	28	-6272.7524	6847.0713
90	29	-6304.428	6914.172
