0	1	8462.726	3013.9453
0	2	8481.645	3055.9795
0	3	8527.657	3051.9636
0	5	8460.383	3018.2417
0	6	8456.559	3040.3882
0	7	8460.377	3031.474
0	8	8441.094	3039.3386
0	9	8450.8545	3020.8323
0	10	8462.295	3070.32
0	11	8455.922	3070.8657
0	12	8469.275	3012.8713
0	13	8424.72	3044.2107
0	14	8412.691	3051.289
0	28	8387.178	3044.8538
1	1	8462.723	3013.9463
1	2	8481.337	3056.0212
1	3	8526.413	3051.9502
1	5	8460.726	3018.2793
1	6	8456.654	3040.416
1	7	8460.239	3031.1418
1	8	8441.094	3039.3386
1	9	8450.855	3020.8333
1	10	8462.296	3070.322
1	11	8455.922	3070.8657
1	12	8469.275	3012.8713
1	13	8422.701	3044.196
1	14	8411.199	3051.2463
1	28	8385.351	3044.7366
2	1	8462.722	3013.9492
2	2	8481.072	3056.052
2	3	8525.145	3051.945
2	5	8461.017	3018.3384
2	6	8456.752	3040.446
2	7	8460.097	3030.7776
2	8	8441.094	3039.3386
2	9	8450.855	3020.835
2	10	8462.298	3070.3281
2	11	8455.922	3070.8657
2	12	8469.275	3012.8713
2	13	8420.786	3044.1697
2	14	8409.689	3051.2246
2	28	8383.529	3044.636
3	1	8462.718	3013.9363
3	2	8480.86	3056.082
3	3	8523.887	3051.931
3	4	8532.731	3048.2087
3	5	8461.255	3018.4075
3	6	8456.858	3040.4807
3	7	8459.969	3030.3965
3	8	8441.094	3039.3386
3	9	8450.842	3020.8367
3	10	8462.298	3070.3313
3	11	8455.922	3070.8657
3	12	8469.275	3012.8713
3	13	8418.808	3044.1362
3	14	8408.202	3051.2043
3	28	8381.673	3044.4966
4	1	8462.721	3013.9526
4	2	8480.683	3056.1096
4	3	8522.688	3051.9224
4	4	8531.472	3048.2236
4	5	8461.541	3018.4348
4	6	8456.973	3040.5198
4	7	8459.844	3029.988
4	8	8441.094	3039.3386
4	9	8450.823	3020.8403
4	10	8462.297	3070.338
4	11	8455.922	3070.8657
4	12	8469.275	3012.8713
4	13	8416.776	3044.094
4	14	8406.715	3051.1719
5	1	8462.717	3013.932
5	2	8480.494	3056.142
5	3	8521.479	3051.9175
5	4	8530.211	3048.229
5	5	8461.924	3018.492
5	6	8457.094	3040.5627
5	7	8459.726	3029.5706
5	8	8441.094	3039.3386
5	9	8450.819	3020.8396
5	10	8462.299	3070.3508
5	11	8455.922	3070.8657
5	12	8469.275	3012.8713
5	13	8414.7705	3044.075
5	14	8405.229	3051.1562
6	1	8462.71	3013.9067
6	2	8480.362	3056.1667
6	3	8520.299	3051.9163
6	4	8528.937	3048.2092
6	5	8462.224	3018.5527
6	6	8457.217	3040.608
6	7	8459.618	3029.117
6	8	8441.094	3039.3386
6	9	8450.822	3020.8408
6	10	8462.297	3070.3325
6	11	8455.922	3070.8657
6	12	8469.275	3012.8713
6	13	8412.764	3044.0337
6	14	8403.775	3051.143
7	1	8462.701	3013.927
7	2	8480.236	3056.185
7	3	8519.148	3051.9116
7	4	8527.71	3048.1936
7	5	8462.446	3018.5884
7	6	8457.344	3040.659
7	7	8459.519	3028.643
7	8	8441.094	3039.3386
7	9	8450.817	3020.8452
7	10	8462.296	3070.3293
7	11	8455.922	3070.8657
7	12	8469.275	3012.8713
7	13	8410.743	3044.0088
7	14	8402.276	3051.1199
8	1	8462.706	3013.947
8	2	8480.092	3056.2124
8	3	8518.013	3051.8972
8	4	8526.48	3048.1672
8	5	8462.832	3018.6338
8	6	8457.4795	3040.715
8	7	8459.428	3028.1548
8	8	8441.094	3039.3386
8	9	8450.809	3020.8538
8	10	8462.299	3070.3308
8	11	8455.922	3070.8657
8	12	8469.275	3012.8713
8	13	8408.728	3043.986
8	14	8400.825	3051.0884
9	1	8462.7	3013.9255
9	2	8479.98	3056.2368
9	3	8516.925	3051.8816
9	4	8525.254	3048.1511
9	5	8463.12	3018.7292
9	6	8457.622	3040.7776
9	7	8459.352	3027.643
9	8	8441.094	3039.3386
9	9	8450.822	3020.856
9	10	8462.3	3070.3406
9	11	8455.922	3070.8657
9	12	8469.275	3012.8713
9	13	8406.71	3043.9497
9	14	8399.347	3051.0723
10	1	8462.703	3013.956
10	2	8479.873	3056.2534
10	3	8515.871	3051.8733
10	4	8524.093	3048.1453
10	5	8463.352	3018.7656
10	6	8457.771	3040.8472
10	7	8459.286	3027.103
10	8	8441.094	3039.3386
10	9	8450.801	3020.8655
10	10	8462.297	3070.3264
10	11	8455.922	3070.8657
10	12	8469.275	3012.8713
10	13	8404.567	3043.9358
10	14	8397.881	3051.0435
11	1	8462.705	3013.9954
11	2	8479.767	3056.2769
11	3	8514.818	3051.8728
11	4	8522.944	3048.1504
11	5	8463.658	3018.8303
11	6	8457.929	3040.9238
11	7	8459.238	3026.5356
11	8	8441.094	3039.3386
11	9	8450.813	3020.8623
11	10	8462.296	3070.3362
11	11	8455.922	3070.8657
11	12	8469.275	3012.8713
11	13	8402.581	3043.903
11	14	8396.404	3051.036
12	1	8462.705	3013.9863
12	2	8479.696	3056.2961
12	3	8513.796	3051.8762
12	4	8521.789	3048.1335
12	5	8463.911	3018.888
12	6	8458.096	3041.0085
12	7	8459.2	3025.962
12	8	8441.094	3039.3386
12	9	8450.801	3020.8643
12	10	8462.298	3070.3433
12	11	8455.922	3070.8657
12	12	8469.275	3012.8713
12	13	8400.598	3043.8667
12	14	8394.92	3051.0156
13	1	8462.704	3013.9954
13	2	8479.605	3056.3174
13	3	8512.817	3051.8845
13	4	8520.702	3048.1155
13	5	8464.169	3018.9363
13	6	8458.271	3041.104
13	7	8459.187	3025.366
13	8	8441.094	3039.3386
13	9	8450.8	3020.8623
13	10	8462.3	3070.339
13	11	8455.922	3070.8657
13	12	8469.275	3012.8713
13	13	8398.588	3043.855
13	14	8393.528	3051.004
14	1	8462.703	3013.9998
14	2	8479.527	3056.3367
14	3	8511.816	3051.8896
14	4	8519.617	3048.1052
14	5	8464.446	3019.0134
14	6	8458.4375	3041.1995
14	7	8459.167	3024.7568
14	8	8441.094	3039.3386
14	9	8450.804	3020.8643
14	10	8462.293	3070.349
14	11	8455.922	3070.8657
14	12	8469.275	3012.8713
14	13	8396.534	3043.8208
14	14	8392.094	3051.0127
15	1	8462.702	3014.0107
15	2	8479.465	3056.3496
15	3	8510.835	3051.8865
15	4	8518.574	3048.0964
15	5	8464.661	3019.0605
15	6	8458.632	3041.315
15	7	8459.155	3024.1257
15	8	8441.094	3039.3386
15	9	8450.798	3020.8616
15	10	8462.295	3070.3396
15	11	8455.922	3070.8657
15	12	8469.275	3012.8713
15	13	8394.52	3043.8157
15	14	8390.671	3050.9954
16	1	8462.703	3014.0002
16	2	8479.415	3056.3613
16	3	8509.868	3051.8938
16	4	8517.508	3048.0767
16	5	8464.921	3019.128
16	6	8458.836	3041.443
16	7	8459.146	3023.46
16	8	8441.094	3039.3386
16	9	8450.793	3020.8594
16	10	8462.293	3070.3438
16	11	8455.922	3070.8657
16	12	8469.275	3012.8713
16	13	8392.47	3043.7864
16	14	8389.196	3050.9976
17	1	8462.703	3014.013
17	2	8479.358	3056.3762
17	3	8508.931	3051.895
17	4	8516.501	3048.0872
17	5	8465.123	3019.1924
17	6	8459.049	3041.586
17	7	8459.138	3022.7627
17	8	8441.094	3039.3386
17	9	8450.793	3020.855
17	10	8462.292	3070.3386
17	11	8455.922	3070.8657
17	12	8469.275	3012.8713
17	13	8390.463	3043.7668
17	14	8387.801	3050.987
18	1	8462.702	3014.019
18	2	8479.29	3056.3892
18	3	8508.028	3051.8945
18	4	8515.543	3048.0823
18	5	8465.343	3019.2578
18	6	8459.272	3041.7454
18	7	8459.139	3022.0786
18	8	8441.094	3039.3386
18	9	8450.826	3020.8672
18	10	8462.295	3070.3289
18	11	8455.922	3070.8657
18	12	8469.275	3012.8713
18	13	8388.468	3043.7207
18	14	8386.3125	3050.9634
18	19	8508.54	2989.4316
19	1	8462.699	3014.0312
19	2	8479.23	3056.406
19	3	8507.102	3051.8992
19	4	8514.569	3048.071
19	5	8465.562	3019.3328
19	6	8459.507	3041.9207
19	7	8459.138	3021.3916
19	8	8441.094	3039.3386
19	9	8450.801	3020.8755
19	10	8462.296	3070.3298
19	11	8455.922	3070.8657
19	12	8469.275	3012.8713
19	13	8386.328	3043.6797
19	14	8384.833	3050.9463
20	1	8462.694	3014.0535
20	2	8479.177	3056.42
20	3	8506.221	3051.9016
20	4	8513.59	3048.0737
20	5	8465.748	3019.3875
20	6	8459.749	3042.1138
20	7	8459.143	3020.6877
20	8	8441.094	3039.3386
20	9	8450.802	3020.8796
20	10	8462.301	3070.3137
20	11	8455.922	3070.8657
20	12	8469.275	3012.8713
20	13	8384.295	3043.6345
20	14	8383.378	3050.9265
21	1	8462.695	3014.0674
21	2	8479.126	3056.4355
21	3	8505.349	3051.9045
21	4	8512.672	3048.0967
21	5	8465.97	3019.4514
21	6	8459.999	3042.3254
21	7	8459.15	3019.966
21	8	8441.094	3039.3386
21	9	8450.816	3020.8853
21	10	8462.3	3070.3179
21	11	8455.922	3070.8657
21	12	8469.275	3012.8713
22	1	8462.693	3014.054
22	2	8479.071	3056.454
22	3	8504.513	3051.9084
22	4	8511.748	3048.0886
22	5	8466.166	3019.524
22	6	8460.258	3042.5564
22	7	8459.156	3019.226
22	8	8441.094	3039.3386
22	9	8450.808	3020.8909
22	10	8462.3	3070.3281
22	11	8455.922	3070.8657
22	12	8469.275	3012.8713
23	1	8462.694	3014.0728
23	2	8479.019	3056.4717
23	3	8503.684	3051.9185
23	4	8510.826	3048.095
23	5	8466.338	3019.556
23	6	8460.5205	3042.807
23	7	8459.173	3018.5088
23	8	8441.094	3039.3386
23	9	8450.806	3020.8962
23	10	8462.301	3070.3267
23	11	8455.922	3070.8657
23	12	8469.275	3012.8713
23	19	8510.472	2991.4656
24	1	8462.695	3014.0696
24	2	8478.967	3056.486
24	3	8502.876	3051.928
24	4	8509.937	3048.1143
24	5	8466.521	3019.6038
24	6	8460.787	3043.0789
24	7	8459.183	3017.7292
24	8	8441.094	3039.3386
24	9	8450.793	3020.8813
24	10	8462.299	3070.332
24	11	8455.922	3070.8657
24	12	8469.275	3012.8713
25	1	8462.692	3014.0757
25	2	8478.921	3056.4976
25	3	8502.078	3051.9365
25	4	8509.021	3048.105
25	5	8466.705	3019.6597
25	6	8461.06	3043.3706
25	7	8459.199	3016.9458
25	8	8441.094	3039.3386
25	9	8450.797	3020.8723
25	10	8462.295	3070.3298
25	11	8455.922	3070.8657
25	12	8469.275	3012.8713
25	19	8510.486	2991.3162
26	1	8462.694	3014.0693
26	2	8478.878	3056.5098
26	3	8501.301	3051.9414
26	4	8508.159	3048.119
26	5	8466.887	3019.7156
26	6	8461.333	3043.6853
26	7	8459.214	3016.1445
26	8	8441.094	3039.3386
26	9	8450.771	3020.884
26	10	8462.295	3070.3132
26	11	8455.922	3070.8657
26	12	8469.275	3012.8713
27	1	8462.692	3014.0764
27	2	8478.842	3056.519
27	3	8500.534	3051.9475
27	4	8507.283	3048.125
27	5	8467.024	3019.7336
27	6	8461.607	3044.0232
27	7	8459.23	3015.3242
27	8	8441.094	3039.3386
27	9	8450.743	3020.8633
27	10	8462.296	3070.3154
27	11	8455.922	3070.8657
27	12	8469.275	3012.8713
27	19	8511.936	2992.7397
28	1	8462.692	3014.0679
28	2	8478.796	3056.538
28	3	8499.792	3051.9556
28	4	8506.415	3048.1313
28	5	8467.197	3019.7793
28	6	8461.882	3044.3843
28	7	8459.238	3014.4917
28	8	8441.094	3039.3386
28	9	8450.721	3020.8645
28	10	8462.298	3070.3318
28	11	8455.922	3070.8657
28	12	8469.275	3012.8713
28	19	8512.362	2993.145
29	1	8462.691	3014.0784
29	2	8478.752	3056.5493
29	3	8499.065	3051.9692
29	4	8505.573	3048.1445
29	5	8467.34	3019.779
29	6	8462.152	3044.7688
29	7	8459.259	3013.6675
29	8	8441.094	3039.3386
29	9	8450.717	3020.8699
29	10	8462.294	3070.3093
29	11	8455.922	3070.8657
29	12	8469.275	3012.8713
29	19	8512.881	2993.7217
30	1	8462.692	3014.102
30	2	8478.707	3056.569
30	3	8498.358	3051.9778
30	4	8504.746	3048.1528
30	5	8467.507	3019.7727
30	6	8462.42	3045.176
30	7	8459.27	3012.7954
30	8	8441.094	3039.3386
30	9	8450.7	3020.8542
30	10	8462.302	3070.3162
30	11	8455.922	3070.8657
30	12	8469.275	3012.8713
30	19	8513.327	2994.0723
31	1	8462.693	3014.1116
31	2	8478.676	3056.5793
31	3	8497.669	3051.9832
31	4	8503.899	3048.1648
31	5	8467.627	3019.8074
31	6	8462.684	3045.6077
31	7	8459.282	3011.9243
31	8	8441.094	3039.3386
31	9	8450.676	3020.837
31	10	8462.305	3070.3188
31	11	8455.922	3070.8657
31	12	8469.275	3012.8713
31	19	8513.869	2994.5532
32	1	8462.698	3014.1199
32	2	8478.6455	3056.594
32	3	8497.012	3051.9873
32	4	8503.068	3048.1816
32	5	8467.769	3019.8037
32	6	8462.913	3046.0166
32	7	8459.289	3011.0398
32	8	8441.094	3039.3386
32	9	8450.656	3020.8672
32	10	8462.304	3070.3235
32	11	8455.922	3070.8657
32	12	8469.275	3012.8713
32	19	8514.33	2994.945
33	1	8462.697	3014.1401
33	2	8478.586	3056.6113
33	3	8496.353	3051.9966
33	4	8502.237	3048.1924
33	5	8467.905	3019.804
33	6	8463.161	3046.4932
33	7	8459.305	3010.1409
33	8	8441.094	3039.3386
33	9	8450.671	3020.8372
33	10	8462.305	3070.3237
33	11	8455.922	3070.8657
33	12	8469.275	3012.8713
33	19	8514.765	2995.2888
34	1	8462.7	3014.151
34	2	8478.535	3056.6335
34	3	8495.744	3052.0027
34	4	8501.444	3048.1995
34	5	8468.03	3019.796
34	6	8463.401	3046.9937
34	7	8459.312	3009.2295
34	8	8441.094	3039.3386
34	9	8450.72	3020.8486
34	10	8462.305	3070.3093
34	11	8455.922	3070.8657
34	12	8469.275	3012.8713
34	19	8515.286	2995.7034
35	1	8462.704	3014.1704
35	2	8478.484	3056.6597
35	3	8495.147	3052.0017
35	4	8500.6455	3048.2112
35	5	8468.157	3019.8179
35	6	8463.63	3047.5183
35	7	8459.323	3008.2866
35	8	8441.094	3039.3386
35	9	8450.604	3020.8396
35	10	8462.302	3070.321
35	11	8455.922	3070.8657
35	12	8469.275	3012.8713
35	19	8515.692	2996.0176
36	1	8462.702	3014.184
36	2	8478.423	3056.6865
36	3	8494.553	3052.0132
36	4	8499.874	3048.2183
36	5	8468.231	3019.8381
36	6	8463.849	3048.0642
36	7	8459.329	3007.3596
36	8	8441.094	3039.3386
36	9	8450.636	3020.8577
36	10	8462.303	3070.2888
36	11	8455.922	3070.8657
36	12	8469.275	3012.8713
36	19	8516.258	2996.4268
37	1	8462.699	3014.2288
37	2	8478.349	3056.7139
37	3	8493.979	3052.014
37	4	8499.072	3048.236
37	5	8468.366	3019.8655
37	6	8464.057	3048.6338
37	7	8459.344	3006.3958
37	8	8441.094	3039.3386
37	9	8450.59	3020.8708
37	10	8462.303	3070.2874
37	11	8455.922	3070.8657
37	12	8469.275	3012.8713
37	19	8516.659	2996.7185
38	1	8462.694	3014.2605
38	2	8478.282	3056.7405
38	3	8493.457	3052.01
38	4	8498.323	3048.2463
38	5	8468.464	3019.8567
38	6	8464.253	3049.227
38	7	8459.349	3005.424
38	8	8441.094	3039.3386
38	9	8450.601	3020.8464
38	10	8462.302	3070.2646
38	11	8455.922	3070.8657
38	12	8469.275	3012.8713
38	19	8517.144	2997.055
39	1	8462.698	3014.3074
39	2	8478.209	3056.7727
39	3	8492.934	3052.022
39	4	8497.556	3048.253
39	5	8468.596	3019.9106
39	6	8464.4375	3049.8425
39	7	8459.355	3004.4595
39	8	8441.094	3039.3386
39	9	8450.576	3020.8389
39	10	8462.298	3070.2488
39	11	8455.922	3070.8657
39	12	8469.275	3012.8713
39	19	8517.669	2997.4172
40	1	8462.7	3014.3872
40	2	8478.11	3056.8127
40	3	8492.434	3052.0244
40	4	8496.816	3048.2622
40	5	8468.713	3019.9634
40	6	8464.61	3050.4817
40	7	8459.36	3003.4868
40	8	8441.094	3039.3386
40	9	8450.596	3020.8738
40	10	8462.3	3070.2239
40	11	8455.922	3070.8657
40	12	8469.275	3012.8713
40	15	8505.161	3115.1475
40	19	8518.152	2997.7317
41	1	8462.694	3014.4749
41	2	8478.021	3056.8557
41	3	8491.961	3052.0295
41	4	8496.095	3048.2705
41	5	8468.784	3019.993
41	6	8464.77	3051.1443
41	7	8459.369	3002.4438
41	8	8441.094	3039.3386
41	9	8450.538	3020.8376
41	10	8462.298	3070.2197
41	11	8455.922	3070.8657
41	12	8469.275	3012.8713
41	15	8505.161	3115.1475
41	19	8518.631	2998.0588
42	1	8462.698	3014.5847
42	2	8477.908	3056.9019
42	3	8491.526	3052.0317
42	4	8495.366	3048.2866
42	5	8468.913	3020.0034
42	6	8464.915	3051.8257
42	7	8459.376	3001.451
42	8	8441.094	3039.3386
42	9	8450.5205	3020.8706
42	10	8462.299	3070.1868
42	11	8455.922	3070.8657
42	12	8469.275	3012.8713
42	15	8505.161	3115.1475
42	19	8519.177	2998.4158
43	1	8462.696	3014.718
43	2	8477.796	3056.953
43	3	8491.115	3052.0332
43	4	8494.653	3048.2974
43	5	8469.019	3020.061
43	6	8465.054	3052.5266
43	7	8459.382	3000.4167
43	8	8441.094	3039.3386
43	9	8450.497	3020.8752
43	10	8462.301	3070.156
43	11	8455.922	3070.8657
43	12	8469.275	3012.8713
43	15	8505.161	3115.1475
44	1	8462.704	3014.8525
44	2	8477.671	3057.0112
44	3	8490.71	3052.034
44	4	8493.968	3048.3088
44	5	8469.125	3020.0654
44	6	8465.177	3053.2502
44	7	8459.371	2999.3655
44	8	8441.094	3039.3386
44	9	8450.478	3020.854
44	10	8462.298	3070.1216
44	11	8455.922	3070.8657
44	12	8469.275	3012.8713
44	15	8505.161	3115.1475
45	1	8462.708	3015.0474
45	2	8477.517	3057.0847
45	3	8490.312	3052.0396
45	4	8493.303	3048.321
45	5	8469.263	3020.137
45	6	8465.291	3053.995
45	7	8459.366	2998.3665
45	8	8441.094	3039.3386
45	9	8450.442	3020.8572
45	10	8462.299	3070.0752
45	11	8455.922	3070.8657
45	12	8469.275	3012.8713
45	15	8505.161	3115.1475
46	1	8462.711	3015.2295
46	2	8477.364	3057.1548
46	3	8489.988	3052.0425
46	4	8492.631	3048.3364
46	5	8469.411	3020.162
46	6	8465.395	3054.7627
46	7	8459.358	2997.369
46	8	8441.094	3039.3386
46	9	8450.447	3020.845
46	10	8462.3	3070.0105
46	11	8455.922	3070.8657
46	12	8469.275	3012.8713
46	15	8505.161	3115.1475
47	1	8462.712	3015.4697
47	2	8477.205	3057.2432
47	3	8489.655	3052.044
47	4	8491.978	3048.3445
47	5	8469.567	3020.1926
47	6	8465.486	3055.551
47	7	8459.328	2996.3206
47	8	8441.094	3039.3386
47	9	8450.37	3020.8354
47	10	8462.297	3069.966
47	11	8455.922	3070.8657
47	12	8469.275	3012.8713
47	15	8505.161	3115.1475
48	1	8462.721	3015.71
48	2	8477.045	3057.3306
48	3	8489.336	3052.044
48	4	8491.352	3048.3545
48	5	8469.7	3020.207
48	6	8465.568	3056.3604
48	7	8459.303	2995.469
48	8	8441.094	3039.3386
48	9	8450.358	3020.8196
48	10	8462.303	3069.885
48	11	8455.922	3070.8657
48	12	8469.275	3012.8713
48	15	8505.161	3115.1475
49	1	8462.722	3016.0059
49	2	8476.876	3057.4363
49	3	8489.025	3052.0452
49	4	8490.7705	3048.3672
49	5	8469.872	3020.2454
49	6	8465.641	3057.1895
49	7	8459.321	2994.7063
49	8	8441.094	3039.3386
49	9	8450.343	3020.8323
49	10	8462.297	3069.815
49	11	8455.922	3070.8657
49	12	8469.275	3012.8713
49	15	8505.161	3115.1475
50	1	8462.724	3016.2554
50	2	8476.662	3057.5562
50	3	8488.715	3052.0505
50	4	8490.212	3048.3735
50	5	8470.009	3020.26
50	6	8465.703	3058.0393
50	7	8459.313	2993.804
50	8	8441.094	3039.3386
50	9	8450.336	3020.8333
50	10	8462.305	3069.7163
50	11	8455.922	3070.8657
50	12	8469.275	3012.8713
50	15	8505.161	3115.1475
51	1	8462.734	3016.5752
51	2	8476.476	3057.674
51	3	8488.428	3052.0527
51	4	8489.659	3048.3806
51	5	8470.202	3020.2532
51	6	8465.753	3058.9124
51	7	8459.313	2992.7783
51	8	8441.094	3039.3386
51	9	8450.298	3020.838
51	10	8462.31	3069.624
51	11	8455.922	3070.8657
51	12	8469.275	3012.8713
51	15	8505.161	3115.1475
52	1	8462.74	3016.8816
52	2	8476.259	3057.8105
52	3	8488.153	3052.0513
52	4	8489.134	3048.3843
52	5	8470.355	3020.2546
52	6	8465.8	3059.8096
52	7	8459.328	2991.7078
52	8	8441.094	3039.3386
52	9	8450.221	3020.8413
52	10	8462.311	3069.4941
52	11	8455.922	3070.8657
52	12	8469.275	3012.8713
52	15	8505.161	3115.1475
52	27	8439.825	3091.713
53	1	8462.735	3017.1736
53	2	8476.025	3057.9712
53	3	8487.916	3052.0547
53	4	8488.623	3048.3977
53	5	8470.587	3020.2644
53	6	8465.834	3060.7297
53	7	8459.308	2990.6406
53	8	8441.094	3039.3386
53	9	8450.188	3020.854
53	10	8462.311	3069.3865
53	11	8455.922	3070.8657
53	12	8469.275	3012.8713
53	15	8505.161	3115.1475
53	27	8439.882	3091.6995
54	1	8462.736	3017.5432
54	2	8475.771	3058.1338
54	3	8487.697	3052.0432
54	4	8488.125	3048.395
54	5	8470.721	3020.2551
54	6	8465.861	3061.6707
54	7	8459.27	2989.5186
54	8	8441.094	3039.3386
54	9	8450.1875	3020.8542
54	10	8462.317	3069.2214
54	11	8455.922	3070.8657
54	12	8469.275	3012.8713
54	15	8505.161	3115.1475
54	17	8392.192	3079.1802
54	27	8439.804	3091.6907
55	1	8462.728	3017.9236
55	2	8475.496	3058.3345
55	3	8487.474	3052.0415
55	4	8487.652	3048.398
55	5	8470.905	3020.2495
55	6	8465.88	3062.632
55	7	8459.264	2988.3347
55	8	8441.094	3039.3386
55	9	8450.101	3020.8435
55	10	8462.314	3069.0696
55	11	8455.922	3070.8657
55	12	8469.275	3012.8713
55	15	8505.161	3115.1475
55	17	8392.192	3079.1802
55	27	8439.862	3091.676
56	1	8462.734	3018.3335
56	2	8475.229	3058.5334
56	3	8487.345	3052.0537
56	4	8487.199	3048.399
56	5	8471.127	3020.1943
56	6	8465.894	3063.6133
56	7	8459.261	2987.0469
56	8	8441.094	3039.3386
56	9	8450.06	3020.84
56	10	8462.314	3068.8965
56	11	8455.922	3070.8657
56	12	8469.275	3012.8713
56	15	8505.161	3115.1475
56	17	8392.192	3079.1802
56	27	8439.805	3091.6633
57	1	8462.736	3018.7808
57	2	8474.937	3058.7666
57	3	8487.103	3052.057
57	4	8486.777	3048.4058
57	5	8471.311	3020.179
57	6	8465.902	3064.6162
57	8	8441.094	3039.3386
57	9	8450.06	3020.8564
57	10	8462.317	3068.7017
57	11	8455.922	3070.8657
57	12	8469.275	3012.8713
57	15	8505.161	3115.1475
57	17	8392.192	3079.1802
58	1	8462.744	3019.2856
58	2	8474.727	3058.9602
58	3	8486.925	3052.067
58	4	8486.393	3048.4106
58	5	8471.537	3020.1504
58	6	8465.906	3065.6426
58	8	8441.094	3039.3386
58	9	8449.992	3020.8345
58	10	8462.318	3068.4966
58	11	8455.922	3070.8657
58	12	8469.275	3012.8713
58	15	8505.161	3115.1475
58	16	8460.507	3141.3337
58	17	8392.192	3079.1802
59	1	8462.745	3019.8022
59	2	8474.479	3059.1824
59	3	8486.751	3052.0615
59	4	8486.06	3048.4026
59	5	8471.645	3020.1243
59	6	8465.908	3066.6904
59	8	8441.094	3039.3386
59	9	8449.992	3020.8455
59	10	8462.321	3068.2988
59	11	8455.922	3070.8657
59	12	8469.275	3012.8713
59	15	8505.161	3115.1475
59	16	8460.545	3139.9084
59	17	8392.192	3079.1802
60	1	8462.742	3020.289
60	2	8474.186	3059.4602
60	3	8486.578	3052.0527
60	4	8485.72	3048.4094
60	5	8471.902	3020.1082
60	6	8465.905	3067.759
60	8	8441.094	3039.3386
60	9	8449.979	3020.8308
60	10	8462.343	3068.0632
60	11	8455.922	3070.8657
60	12	8469.275	3012.8713
60	15	8505.161	3115.1475
60	16	8460.602	3138.4321
60	17	8392.192	3079.1802
61	1	8462.737	3020.8486
61	2	8473.8955	3059.7373
61	3	8486.4	3052.052
61	4	8485.452	3048.4136
61	5	8472.067	3020.1108
61	6	8465.901	3068.8486
61	8	8441.094	3039.3386
61	9	8449.972	3020.808
61	10	8462.344	3067.8186
61	11	8455.922	3070.8657
61	12	8469.275	3012.8713
61	15	8505.161	3115.1475
61	16	8460.688	3136.9775
61	17	8392.192	3079.1802
62	1	8462.735	3021.3948
62	2	8473.581	3060.0698
62	3	8486.235	3052.046
62	4	8485.172	3048.406
62	5	8472.349	3020.0703
62	6	8465.896	3069.959
62	8	8441.094	3039.3386
62	9	8450.034	3020.859
62	10	8462.344	3067.6196
62	11	8455.922	3070.8657
62	12	8469.275	3012.8713
62	15	8505.161	3115.1475
62	16	8460.778	3135.5774
62	17	8392.192	3079.1802
63	1	8462.73	3021.9785
63	2	8473.265	3060.4119
63	3	8486.075	3052.0454
63	4	8484.879	3048.4
63	5	8472.525	3020.1138
63	6	8465.892	3071.09
63	8	8441.094	3039.3386
63	9	8449.946	3020.8423
63	10	8462.338	3067.3723
63	11	8455.922	3070.8657
63	12	8469.275	3012.8713
63	15	8505.161	3115.1475
63	16	8460.853	3134.1536
63	17	8392.192	3079.1802
64	1	8462.709	3022.554
64	2	8472.948	3060.7805
64	3	8485.934	3052.05
64	4	8484.633	3048.3914
64	5	8472.743	3020.102
64	6	8465.887	3072.241
64	8	8441.094	3039.3386
64	9	8449.953	3020.7993
64	10	8462.339	3067.1418
64	11	8455.922	3070.8657
64	12	8469.275	3012.8713
64	15	8505.161	3115.1475
64	16	8460.927	3132.775
64	17	8392.192	3079.1802
65	1	8462.678	3023.1611
65	2	8472.648	3061.1606
65	3	8485.786	3052.0483
65	4	8484.415	3048.397
65	5	8472.994	3020.0903
65	6	8465.881	3073.4114
65	8	8441.094	3039.3386
65	9	8449.949	3020.838
65	10	8462.349	3066.8933
65	11	8455.922	3070.8657
65	12	8469.275	3012.8713
65	15	8505.161	3115.1475
65	16	8461.01	3131.3628
65	17	8392.192	3079.1802
66	1	8462.63	3023.7805
66	2	8472.331	3061.5852
66	3	8485.594	3052.0464
66	4	8484.213	3048.396
66	5	8473.276	3020.187
66	6	8465.876	3074.6003
66	8	8441.094	3039.3386
66	9	8449.919	3020.8157
66	10	8462.332	3066.6008
66	11	8455.922	3070.8657
66	12	8469.275	3012.8713
66	15	8505.161	3115.1475
66	16	8461.084	3129.9863
66	17	8392.192	3079.1802
67	1	8462.569	3024.4185
67	2	8472.016	3062.0413
67	3	8485.538	3052.0566
67	4	8484.043	3048.3997
67	5	8473.558	3020.225
67	6	8465.869	3075.81
67	8	8441.094	3039.3386
67	9	8449.921	3020.8062
67	10	8462.341	3066.3152
67	11	8455.922	3070.8657
67	12	8469.275	3012.8713
67	15	8505.161	3115.1475
67	16	8461.159	3128.59
67	17	8392.192	3079.1802
68	1	8462.493	3025.0703
68	2	8471.712	3062.5022
68	3	8485.411	3052.0615
68	4	8483.873	3048.4033
68	5	8473.697	3020.2593
68	6	8465.863	3077.0374
68	8	8441.094	3039.3386
68	9	8449.909	3020.8057
68	10	8462.352	3066.0037
68	11	8455.922	3070.8657
68	12	8469.275	3012.8713
68	15	8505.161	3115.1475
68	16	8461.23	3127.197
68	17	8392.192	3079.1802
69	1	8462.3955	3025.745
69	2	8471.426	3062.9963
69	3	8485.271	3052.0627
69	4	8483.732	3048.3992
69	5	8473.822	3020.31
69	6	8465.855	3078.2844
69	8	8441.094	3039.3386
69	9	8449.907	3020.7852
69	10	8462.345	3065.632
69	11	8455.922	3070.8657
69	12	8469.275	3012.8713
69	15	8505.161	3115.1475
69	16	8461.292	3125.7834
69	17	8392.192	3079.1802
69	18	8488.385	3150.5225
69	24	8503.275	3142.2756
70	1	8462.275	3026.403
70	2	8471.146	3063.5151
70	3	8485.151	3052.0632
70	4	8483.621	3048.3965
70	5	8473.972	3020.371
70	6	8465.85	3079.5513
70	8	8441.094	3039.3386
70	10	8462.352	3065.2969
70	11	8455.922	3070.8657
70	12	8469.275	3012.8713
70	15	8505.161	3115.1475
70	16	8461.352	3124.445
70	17	8392.192	3079.1802
70	18	8488.385	3150.5225
70	24	8503.013	3142.3357
71	1	8462.136	3027.0942
71	2	8470.883	3064.05
71	3	8485.001	3052.05
71	4	8483.497	3048.3955
71	5	8474.139	3020.417
71	6	8465.843	3080.8372
71	8	8441.094	3039.3386
71	10	8462.356	3064.9255
71	11	8455.922	3070.8657
71	12	8469.275	3012.8713
71	15	8505.161	3115.1475
71	16	8461.403	3123.065
71	17	8392.192	3079.1802
71	18	8488.385	3150.5225
71	24	8503.784	3142.3062
72	1	8461.974	3027.783
72	2	8470.628	3064.6277
72	3	8484.931	3052.0627
72	4	8483.403	3048.3982
72	5	8474.338	3020.5098
72	6	8465.837	3082.1401
72	8	8441.094	3039.3386
72	10	8462.353	3064.521
72	11	8455.922	3070.8657
72	12	8469.275	3012.8713
72	15	8505.161	3115.1475
72	16	8461.463	3121.678
72	17	8392.192	3079.1802
72	18	8488.385	3150.5225
73	1	8461.777	3028.47
73	2	8470.377	3065.2415
73	3	8484.852	3052.0635
73	4	8483.322	3048.3926
73	5	8474.487	3020.5437
73	6	8465.833	3083.4607
73	8	8441.094	3039.3386
73	9	8449.929	3020.8035
73	10	8462.358	3064.1125
73	11	8455.922	3070.8657
73	12	8469.275	3012.8713
73	15	8505.161	3115.1475
73	16	8461.513	3120.3171
73	17	8392.192	3079.1802
73	18	8488.385	3150.5225
73	24	8501.3	3142.3748
74	1	8461.563	3029.1672
74	2	8470.151	3065.8813
74	3	8484.74	3052.052
74	4	8483.242	3048.393
74	5	8474.6455	3020.5999
74	6	8465.829	3084.797
74	8	8441.094	3039.3386
74	9	8449.9	3020.8518
74	10	8462.368	3063.7107
74	11	8455.922	3070.8657
74	12	8469.275	3012.8713
74	15	8505.161	3115.1475
74	16	8461.5625	3118.9875
74	17	8392.192	3079.1802
74	18	8488.385	3150.5225
74	24	8500.733	3142.386
75	1	8461.325	3029.8706
75	2	8469.936	3066.5635
75	3	8484.646	3052.0537
75	4	8483.164	3048.3994
75	5	8474.8545	3020.7495
75	6	8465.827	3086.1516
75	8	8441.094	3039.3386
75	9	8449.881	3020.8167
75	10	8462.376	3063.2712
75	11	8455.922	3070.8657
75	12	8469.275	3012.8713
75	15	8505.161	3115.1475
75	16	8461.61	3117.5671
75	17	8392.192	3079.1802
75	18	8488.385	3150.5225
75	20	8509.261	3148.3484
75	23	8517.795	3134.137
75	24	8500.131	3142.3918
76	1	8461.052	3030.5662
76	2	8469.734	3067.2703
76	3	8484.54	3052.0647
76	4	8483.119	3048.403
76	5	8474.919	3020.8445
76	6	8465.828	3087.5225
76	8	8441.094	3039.3386
76	9	8449.87	3020.821
76	10	8462.39	3062.8103
76	11	8455.922	3070.8657
76	12	8469.275	3012.8713
76	15	8505.161	3115.1475
76	16	8461.659	3116.1936
76	17	8392.192	3079.1802
76	18	8488.385	3150.5225
76	20	8509.261	3148.3484
76	24	8499.652	3142.42
77	1	8460.768	3031.254
77	2	8469.559	3067.9824
77	3	8484.471	3052.0613
77	4	8483.092	3048.3997
77	5	8475.122	3020.899
77	6	8465.829	3088.9087
77	8	8441.094	3039.3386
77	9	8449.951	3020.8062
77	10	8462.404	3062.3423
77	11	8455.922	3070.8657
77	12	8469.275	3012.8713
77	15	8505.161	3115.1475
77	16	8461.706	3114.8284
77	17	8392.192	3079.1802
77	18	8488.385	3150.5225
77	20	8509.261	3148.3484
77	21	8511.704	3148.6416
77	24	8499.247	3142.419
78	1	8460.441	3031.9692
78	2	8469.403	3068.7295
78	3	8484.373	3052.0571
78	4	8483.042	3048.4053
78	5	8475.328	3021.0042
78	6	8465.831	3090.3105
78	8	8441.094	3039.3386
78	9	8449.972	3020.84
78	10	8462.42	3061.8586
78	11	8455.922	3070.8657
78	12	8469.275	3012.8713
78	15	8505.161	3115.1475
78	16	8461.743	3113.4648
78	17	8392.192	3079.1802
78	18	8488.385	3150.5225
78	20	8509.261	3148.3484
78	21	8511.704	3148.6416
79	1	8460.069	3032.6897
79	2	8469.26	3069.5435
79	3	8484.292	3052.063
79	4	8483.008	3048.4138
79	6	8465.833	3091.727
79	8	8441.094	3039.3386
79	9	8449.965	3020.8494
79	10	8462.456	3061.3684
79	11	8455.922	3070.8657
79	15	8505.161	3115.1475
79	16	8461.784	3112.1094
79	17	8392.192	3079.1802
79	18	8488.385	3150.5225
79	20	8509.261	3148.3484
79	21	8511.704	3148.6416
79	23	8517.795	3134.137
79	30	8475.138	3021.0203
80	1	8459.552	3033.515
80	2	8469.12	3070.424
80	3	8484.202	3052.0593
80	4	8483.001	3048.414
80	6	8465.836	3093.1592
80	8	8441.094	3039.3386
80	9	8450.057	3020.8398
80	10	8462.483	3060.8618
80	11	8455.922	3070.8657
80	15	8505.161	3115.1475
80	16	8461.82	3110.7695
80	17	8392.192	3079.1802
80	18	8488.385	3150.5225
80	20	8509.261	3148.3484
80	21	8511.704	3148.6416
80	22	8517.314	3148.2146
80	30	8475.192	3021.0686
81	1	8459.255	3034.1787
81	2	8469.006	3071.315
81	3	8484.083	3052.061
81	4	8482.968	3048.4026
81	6	8465.838	3094.6057
81	8	8441.094	3039.3386
81	9	8450.006	3020.8108
81	10	8462.528	3060.331
81	11	8455.922	3070.8657
81	15	8505.161	3115.1475
81	16	8461.866	3109.392
81	17	8392.192	3079.1802
81	18	8488.385	3150.5225
81	20	8509.261	3148.3484
81	21	8511.704	3148.6416
81	22	8517.314	3148.2146
81	23	8517.795	3134.137
81	30	8475.305	3021.133
82	1	8458.827	3034.8464
82	2	8468.91	3072.1733
82	3	8484.069	3052.0676
82	4	8482.996	3048.3923
82	6	8465.84	3096.0652
82	8	8441.094	3039.3386
82	10	8462.575	3059.7952
82	11	8455.922	3070.8657
82	15	8505.161	3115.1475
82	16	8461.901	3108.0532
82	17	8392.192	3079.1802
82	18	8488.385	3150.5225
82	20	8509.261	3148.3484
82	21	8511.704	3148.6416
82	22	8517.314	3148.2146
82	23	8517.795	3134.137
82	25	8520.234	3148.3247
83	1	8458.351	3035.5127
83	2	8468.823	3073.0503
83	3	8483.914	3052.0723
83	4	8482.967	3048.3994
83	6	8465.841	3097.5396
83	8	8441.094	3039.3386
83	10	8462.639	3059.235
83	11	8455.922	3070.8657
83	15	8505.161	3115.1475
83	16	8461.941	3106.707
83	17	8392.192	3079.1802
83	18	8488.385	3150.5225
83	20	8509.261	3148.3484
83	21	8511.704	3148.6416
83	22	8517.314	3148.2146
83	23	8517.795	3134.137
83	25	8520.234	3148.3247
84	1	8457.821	3036.1501
84	2	8468.758	3073.9194
84	3	8483.991	3052.12
84	4	8482.948	3048.404
84	6	8465.842	3099.0286
84	8	8441.094	3039.3386
84	10	8462.705	3058.6814
84	11	8455.922	3070.8657
84	15	8505.161	3115.1475
84	16	8461.984	3105.3823
84	17	8392.192	3079.1802
84	18	8488.385	3150.5225
84	20	8509.261	3148.3484
84	21	8511.704	3148.6416
84	22	8517.314	3148.2146
84	23	8517.795	3134.137
84	25	8520.234	3148.3247
84	26	8495.177	3142.5671
85	1	8457.272	3036.7732
85	2	8468.702	3074.8467
85	3	8483.923	3052.1184
85	4	8482.956	3048.3955
85	6	8465.842	3100.5312
85	8	8441.094	3039.3386
85	10	8462.791	3058.094
85	11	8455.922	3070.8657
85	15	8505.161	3115.1475
85	16	8462.027	3104.1138
85	18	8488.385	3150.5225
85	20	8509.261	3148.3484
85	21	8511.704	3148.6416
85	22	8517.314	3148.2146
85	23	8517.795	3134.137
85	25	8520.234	3148.3247
85	26	8494.646	3142.542
86	1	8456.704	3037.3945
86	2	8468.655	3075.7615
86	3	8483.851	3052.091
86	4	8482.917	3048.3838
86	6	8465.841	3102.049
86	8	8441.094	3039.3386
86	10	8462.889	3057.4458
86	11	8455.922	3070.8657
86	15	8505.161	3115.1475
86	16	8462.066	3102.8271
86	18	8488.385	3150.5225
86	20	8509.261	3148.3484
86	21	8511.704	3148.6416
86	22	8517.314	3148.2146
86	23	8517.795	3134.137
86	25	8520.234	3148.3247
86	26	8494.002	3142.551
87	1	8456.103	3037.9958
87	2	8468.617	3076.7466
87	3	8483.805	3052.0884
87	4	8482.86	3048.3936
87	6	8465.84	3103.5806
87	8	8441.094	3039.3386
87	10	8463.002	3056.841
87	11	8455.922	3070.8657
87	15	8505.161	3115.1475
87	16	8462.099	3101.5632
87	18	8488.385	3150.5225
87	20	8509.261	3148.3484
87	21	8511.704	3148.6416
87	22	8517.314	3148.2146
87	25	8520.234	3148.3247
87	26	8493.513	3142.5437
88	1	8455.506	3038.5532
88	2	8468.584	3077.7102
88	4	8482.834	3048.3953
88	6	8465.838	3105.127
88	8	8441.094	3039.3386
88	10	8463.13	3056.2202
88	11	8455.922	3070.8657
88	15	8505.161	3115.1475
88	16	8462.13	3100.3452
88	18	8488.385	3150.5225
88	22	8517.314	3148.2146
88	25	8520.234	3148.3247
88	26	8492.896	3142.544
88	29	8528.553	3148.6733
88	31	8509.992	3153.2612
89	1	8454.865	3039.123
89	2	8468.564	3078.707
89	4	8482.863	3048.376
89	6	8465.836	3106.6873
89	8	8441.094	3039.3386
89	10	8463.292	3055.5784
89	11	8455.922	3070.8657
89	15	8505.161	3115.1475
89	16	8462.142	3099.0625
89	18	8488.385	3150.5225
89	20	8509.261	3148.3484
89	22	8517.314	3148.2146
89	23	8517.795	3134.137
89	25	8520.234	3148.3247
89	26	8492.331	3142.5635
89	29	8528.553	3148.6733
89	31	8510.035	3153.2134
89	32	8525.7	3148.7485
90	1	8454.203	3039.6843
90	2	8468.546	3079.7207
90	4	8482.92	3048.3853
90	6	8465.833	3108.2603
90	8	8441.094	3039.3386
90	10	8463.458	3054.9436
90	11	8455.922	3070.8657
90	15	8505.161	3115.1475
90	16	8462.162	3097.718
90	18	8488.385	3150.5225
90	20	8509.261	3148.3484
90	21	8511.704	3148.6416
90	23	8517.795	3134.137
90	26	8491.729	3142.577
90	29	8528.553	3148.6733
90	31	8510.071	3153.177
90	33	8531.19	3148.3105
