0	1	4191.4946	-8486.456
0	2	4194.3125	-8499.873
0	3	4121.9536	-8511.372
0	4	4221.2114	-8462.447
0	5	4179.317	-8492.05
0	6	4186.67	-8498.504
0	7	4182.795	-8503.231
0	8	4167.3604	-8495.51
0	9	4170.5205	-8502.108
0	10	4174.5195	-8505.026
0	11	4196.7183	-8494.833
0	12	4162.904	-8507.851
0	13	4153.039	-8500.097
0	14	4205.9565	-8492.285
0	15	4210.587	-8494.91
0	16	4146.204	-8506.586
0	17	4146.1353	-8510.047
0	18	4139.688	-8502.614
0	19	4221.5464	-8486.83
0	20	4134.373	-8510.793
0	21	4127.8906	-8503.662
0	22	4126.312	-8507.911
0	23	4116.3047	-8505.172
0	24	4115.11	-8504.277
0	25	4241.97	-8480.267
0	26	4129.7974	-8541.942
0	32	4228.29	-8489.12
0	37	4254.7754	-8476.491
1	1	4191.03	-8486.691
1	2	4193.9375	-8499.989
1	3	4121.722	-8511.38
1	4	4220.2925	-8463.571
1	5	4178.9775	-8492.174
1	6	4186.326	-8498.605
1	7	4182.468	-8503.314
1	8	4167.0737	-8495.586
1	9	4170.187	-8502.18
1	10	4174.2383	-8505.088
1	11	4196.39	-8494.932
1	12	4162.625	-8507.894
1	13	4152.773	-8500.155
1	14	4205.6943	-8492.368
1	15	4210.2188	-8495.022
1	16	4146.058	-8506.609
1	17	4145.8784	-8510.075
1	18	4139.498	-8502.641
1	19	4221.223	-8486.918
1	20	4134.103	-8510.801
1	21	4127.674	-8503.689
1	22	4126.262	-8507.893
1	23	4116.067	-8505.185
1	25	4241.695	-8480.34
1	26	4129.1235	-8541.792
1	32	4227.7876	-8489.255
2	1	4190.552	-8486.942
2	2	4193.5874	-8500.089
2	3	4121.4883	-8511.405
2	4	4219.37	-8464.661
2	5	4178.6426	-8492.298
2	6	4185.985	-8498.686
2	7	4182.142	-8503.392
2	8	4166.782	-8495.666
2	9	4169.8516	-8502.243
2	10	4173.974	-8505.1455
2	11	4196.0547	-8495.028
2	12	4162.3486	-8507.929
2	13	4152.518	-8500.208
2	14	4205.414	-8492.452
2	15	4209.8306	-8495.163
2	16	4145.9263	-8506.624
2	17	4145.6196	-8510.095
2	18	4139.27	-8502.675
2	19	4220.9985	-8486.99
2	20	4133.8403	-8510.811
2	21	4127.449	-8503.719
2	22	4126.2354	-8507.891
2	23	4115.832	-8505.199
2	25	4241.4883	-8480.421
2	26	4128.407	-8541.578
2	32	4227.262	-8489.418
3	1	4190.072	-8487.177
3	2	4193.213	-8500.199
3	3	4121.197	-8511.402
3	4	4218.4443	-8465.75
3	5	4178.312	-8492.419
3	6	4185.648	-8498.7705
3	7	4181.83	-8503.466
3	8	4166.5166	-8495.732
3	9	4169.5186	-8502.312
3	10	4173.6978	-8505.203
3	11	4195.716	-8495.123
3	12	4162.077	-8507.972
3	13	4152.277	-8500.249
3	14	4205.1396	-8492.545
3	15	4209.3945	-8495.31
3	16	4145.835	-8506.624
3	17	4145.3823	-8510.117
3	18	4139.0684	-8502.694
3	19	4220.663	-8487.105
3	20	4133.5947	-8510.831
3	21	4127.2173	-8503.733
3	22	4126.212	-8507.882
3	23	4115.6157	-8505.208
3	24	4114.4653	-8504.319
3	25	4241.1904	-8480.496
3	26	4127.7314	-8541.402
3	32	4226.706	-8489.608
4	1	4189.5884	-8487.419
4	2	4192.8403	-8500.309
4	3	4120.953	-8511.415
4	4	4217.5103	-8466.748
4	5	4177.984	-8492.538
4	6	4185.3135	-8498.859
4	7	4181.551	-8503.535
4	8	4166.238	-8495.813
4	9	4169.1865	-8502.384
4	10	4173.42	-8505.258
4	11	4195.373	-8495.2295
4	12	4161.821	-8508.011
4	13	4152.074	-8500.301
4	14	4204.8833	-8492.618
4	15	4209.0405	-8495.433
4	16	4145.6455	-8506.658
4	17	4145.111	-8510.144
4	18	4138.8516	-8502.7295
4	19	4220.351	-8487.207
4	20	4133.395	-8510.842
4	21	4126.978	-8503.764
4	22	4126.1816	-8507.881
4	23	4115.3936	-8505.217
4	24	4114.223	-8504.3125
4	25	4240.865	-8480.609
4	26	4127.074	-8541.228
4	32	4226.217	-8489.774
5	1	4189.1416	-8487.64
5	2	4192.478	-8500.419
5	3	4120.737	-8511.406
5	4	4216.582	-8467.752
5	5	4177.659	-8492.653
5	6	4184.976	-8498.945
5	7	4181.2417	-8503.604
5	8	4165.96	-8495.878
5	9	4168.8643	-8502.441
5	10	4173.147	-8505.315
5	11	4195.0337	-8495.325
5	12	4161.544	-8508.047
5	13	4151.783	-8500.362
5	14	4204.6177	-8492.72
5	15	4208.6	-8495.586
5	16	4145.523	-8506.669
5	17	4144.8516	-8510.161
5	18	4138.6157	-8502.773
5	19	4220.0396	-8487.295
5	20	4133.137	-8510.868
5	21	4126.736	-8503.788
5	22	4126.165	-8507.873
5	23	4115.216	-8505.224
5	24	4113.9907	-8504.324
5	25	4240.7915	-8480.605
5	26	4126.409	-8541.058
5	32	4225.7915	-8489.939
6	1	4188.6816	-8487.861
6	2	4192.123	-8500.524
6	3	4120.5156	-8511.428
6	4	4215.663	-8468.692
6	5	4177.338	-8492.769
6	6	4184.637	-8499.03
6	7	4180.9487	-8503.681
6	8	4165.682	-8495.956
6	9	4168.54	-8502.509
6	10	4172.874	-8505.373
6	11	4194.683	-8495.43
6	12	4161.261	-8508.086
6	13	4151.546	-8500.427
6	14	4204.341	-8492.798
6	15	4208.179	-8495.719
6	16	4145.4214	-8506.688
6	17	4144.5884	-8510.192
6	18	4138.4146	-8502.801
6	19	4219.7075	-8487.412
6	20	4132.9194	-8510.886
6	21	4126.5024	-8503.815
6	22	4126.104	-8507.906
6	23	4115.03	-8505.237
6	24	4113.809	-8504.366
6	25	4240.451	-8480.724
6	26	4125.762	-8540.885
6	32	4225.34	-8490.093
7	1	4188.2188	-8488.09
7	2	4191.774	-8500.625
7	3	4120.273	-8511.421
7	4	4214.728	-8469.624
7	5	4177.0225	-8492.884
7	6	4184.3003	-8499.116
7	7	4180.6606	-8503.74
7	8	4165.4	-8496.03
7	9	4168.22	-8502.569
7	10	4172.613	-8505.432
7	11	4194.3486	-8495.528
7	12	4160.9956	-8508.127
7	13	4151.299	-8500.4795
7	14	4204.0693	-8492.889
7	15	4207.82	-8495.84
7	16	4145.292	-8506.71
7	17	4144.3203	-8510.216
7	18	4138.1787	-8502.833
7	19	4219.416	-8487.517
7	20	4132.646	-8510.902
7	21	4126.2505	-8503.842
7	22	4126.0425	-8507.906
7	23	4114.8467	-8505.239
7	24	4113.5723	-8504.322
7	25	4240.233	-8480.795
7	26	4125.0864	-8540.716
8	1	4187.7744	-8488.302
8	2	4191.4277	-8500.726
8	3	4120.0415	-8511.439
8	4	4213.8076	-8470.499
8	5	4176.711	-8492.993
8	6	4183.975	-8499.201
8	7	4180.379	-8503.806
8	8	4165.1436	-8496.101
8	9	4167.918	-8502.626
8	10	4172.3564	-8505.481
8	11	4193.991	-8495.63
8	12	4160.729	-8508.162
8	13	4151.0522	-8500.52
8	14	4203.779	-8492.986
8	15	4207.3774	-8495.989
8	16	4145.194	-8506.719
8	17	4144.0522	-8510.229
8	18	4137.9746	-8502.853
8	19	4219.1157	-8487.599
8	20	4132.3955	-8510.921
8	21	4126.0293	-8503.876
8	22	4126.0146	-8507.93
8	23	4114.637	-8505.26
8	24	4113.347	-8504.383
8	25	4239.979	-8480.869
8	26	4124.469	-8540.515
9	1	4187.3213	-8488.523
9	2	4191.083	-8500.825
9	3	4119.8057	-8511.448
9	4	4212.873	-8471.37
9	5	4176.4067	-8493.101
9	6	4183.6523	-8499.302
9	7	4180.105	-8503.872
9	8	4164.8833	-8496.174
9	9	4167.61	-8502.684
9	10	4172.094	-8505.539
9	11	4193.6333	-8495.736
9	12	4160.451	-8508.203
9	13	4150.81	-8500.577
9	14	4203.505	-8493.075
9	15	4206.9517	-8496.124
9	16	4145.0874	-8506.738
9	17	4143.803	-8510.255
9	18	4137.7563	-8502.896
9	19	4218.7983	-8487.713
9	20	4132.1367	-8510.924
9	21	4125.8	-8503.901
9	22	4125.9717	-8507.927
9	23	4114.419	-8505.28
9	24	4113.128	-8504.397
9	25	4239.742	-8480.933
9	26	4123.813	-8540.334
10	1	4186.885	-8488.7295
10	2	4190.7446	-8500.923
10	3	4119.56	-8511.443
10	4	4211.9595	-8472.179
10	5	4176.1064	-8493.205
10	6	4183.33	-8499.37
10	7	4179.8574	-8503.928
10	8	4164.6123	-8496.244
10	9	4167.309	-8502.739
10	10	4171.831	-8505.59
10	11	4193.27	-8495.846
10	12	4160.185	-8508.24
10	13	4150.5796	-8500.634
10	14	4203.226	-8493.156
10	15	4206.6055	-8496.227
10	16	4144.992	-8506.739
10	17	4143.54	-8510.283
10	18	4137.5254	-8502.923
10	19	4218.4907	-8487.813
10	20	4131.9116	-8510.923
10	21	4125.585	-8503.951
10	22	4125.9146	-8507.918
10	23	4114.1997	-8505.293
10	24	4112.916	-8504.394
10	25	4239.49	-8481.001
10	26	4123.1626	-8540.162
11	1	4186.4683	-8488.924
11	2	4190.39	-8501.028
11	3	4119.3286	-8511.459
11	4	4211.034	-8472.99
11	5	4175.8105	-8493.307
11	6	4183.0273	-8499.471
11	7	4179.585	-8503.981
11	8	4164.3613	-8496.3125
11	9	4167.007	-8502.798
11	10	4171.5767	-8505.648
11	11	4192.9136	-8495.947
11	12	4159.892	-8508.287
11	13	4150.3467	-8500.69
11	14	4202.931	-8493.264
11	15	4206.231	-8496.344
11	16	4144.914	-8506.759
11	17	4143.278	-8510.303
11	18	4137.304	-8502.959
11	19	4218.2026	-8487.903
11	20	4131.6797	-8510.931
11	21	4125.366	-8503.975
11	22	4125.8857	-8507.932
11	23	4113.9585	-8505.305
11	24	4112.7266	-8504.424
11	25	4239.197	-8481.113
11	26	4122.5176	-8539.99
12	1	4186.0146	-8489.13
12	2	4190.044	-8501.121
12	3	4119.072	-8511.459
12	4	4210.1016	-8473.776
12	5	4175.5205	-8493.409
12	6	4182.7017	-8499.542
12	7	4179.31	-8504.05
12	8	4164.094	-8496.386
12	9	4166.7124	-8502.849
12	10	4171.3076	-8505.705
12	11	4192.5522	-8496.049
12	12	4159.624	-8508.323
12	13	4150.0815	-8500.749
12	14	4202.6465	-8493.351
12	15	4205.7905	-8496.482
12	16	4144.791	-8506.779
12	17	4143.001	-8510.323
12	18	4137.079	-8502.985
12	19	4217.8877	-8488.007
12	20	4131.42	-8510.941
12	21	4125.1465	-8504.001
12	22	4125.7954	-8507.923
12	23	4113.7036	-8505.365
12	24	4112.4434	-8504.426
12	25	4238.9517	-8481.174
12	26	4121.871	-8539.821
13	1	4185.5947	-8489.321
13	2	4189.7153	-8501.218
13	3	4118.8203	-8511.451
13	4	4209.178	-8474.522
13	5	4175.235	-8493.508
13	6	4182.387	-8499.621
13	7	4179.045	-8504.107
13	8	4163.83	-8496.459
13	9	4166.415	-8502.909
13	10	4171.0654	-8505.755
13	11	4192.193	-8496.146
13	12	4159.3164	-8508.369
13	13	4149.8325	-8500.807
13	14	4202.351	-8493.44
13	15	4205.4194	-8496.595
13	16	4144.687	-8506.801
13	17	4142.7217	-8510.347
13	18	4136.8403	-8503.025
13	19	4217.549	-8488.126
13	20	4131.1714	-8510.952
13	21	4124.915	-8504.019
13	22	4125.7456	-8507.934
13	23	4113.433	-8505.365
13	25	4238.7144	-8481.251
13	26	4121.252	-8539.646
14	1	4185.213	-8489.503
14	2	4189.3975	-8501.308
14	3	4118.5566	-8511.4375
14	4	4208.3047	-8475.245
14	5	4174.9536	-8493.603
14	6	4182.083	-8499.709
14	7	4178.796	-8504.163
14	8	4163.575	-8496.523
14	9	4166.1157	-8502.97
14	10	4170.803	-8505.808
14	11	4191.8237	-8496.25
14	12	4159.0835	-8508.402
14	13	4149.619	-8500.834
14	14	4202.06	-8493.542
14	15	4205.0454	-8496.721
14	16	4144.575	-8506.799
14	17	4142.479	-8510.362
14	18	4136.606	-8503.054
14	19	4217.2637	-8488.232
14	20	4130.9478	-8510.957
14	21	4124.685	-8504.03
14	22	4125.6772	-8507.927
14	23	4113.1855	-8505.38
14	25	4238.497	-8481.318
14	26	4120.574	-8539.479
15	1	4184.8335	-8489.674
15	2	4189.0874	-8501.3955
15	3	4118.331	-8511.436
15	4	4207.4204	-8475.933
15	5	4174.678	-8493.696
15	6	4181.755	-8499.765
15	7	4178.5396	-8504.221
15	8	4163.3257	-8496.589
15	9	4165.831	-8503.02
15	10	4170.545	-8505.861
15	11	4191.459	-8496.353
15	12	4158.801	-8508.439
15	13	4149.377	-8500.904
15	14	4201.763	-8493.637
15	15	4204.6265	-8496.849
15	16	4144.4443	-8506.824
15	17	4142.2354	-8510.387
15	18	4136.3604	-8503.091
15	19	4216.9526	-8488.33
15	20	4130.7134	-8510.964
15	21	4124.454	-8504.063
15	22	4125.6187	-8507.937
15	23	4112.908	-8505.391
15	25	4238.1875	-8481.432
15	26	4119.918	-8539.295
16	1	4184.443	-8489.848
16	2	4188.7744	-8501.488
16	3	4118.089	-8511.426
16	4	4206.541	-8476.614
16	5	4174.4087	-8493.787
16	6	4181.442	-8499.841
16	7	4178.2827	-8504.279
16	8	4163.0693	-8496.655
16	9	4165.548	-8503.072
16	10	4170.2935	-8505.91
16	11	4191.0933	-8496.457
16	12	4158.5137	-8508.478
16	13	4149.1494	-8500.94
16	14	4201.4683	-8493.734
16	15	4204.206	-8496.988
16	16	4144.3867	-8506.829
16	17	4141.973	-8510.414
16	18	4136.1265	-8503.118
16	19	4216.643	-8488.429
16	20	4130.478	-8510.972
16	21	4124.231	-8504.088
16	22	4125.5747	-8507.941
16	23	4112.671	-8505.431
16	25	4237.9424	-8481.515
16	26	4119.249	-8539.118
17	1	4184.061	-8490.014
17	2	4188.4688	-8501.57
17	3	4117.826	-8511.408
17	4	4205.679	-8477.253
17	5	4174.145	-8493.875
17	6	4181.137	-8499.913
17	7	4178.057	-8504.336
17	8	4162.8125	-8496.725
17	9	4165.2686	-8503.124
17	10	4170.0464	-8505.958
17	11	4190.735	-8496.556
17	12	4158.261	-8508.512
17	13	4148.9194	-8500.989
17	14	4201.158	-8493.831
17	15	4203.785	-8497.107
17	16	4144.2593	-8506.841
17	17	4141.727	-8510.433
17	18	4135.8755	-8503.14
17	19	4216.251	-8488.549
17	20	4130.258	-8510.981
17	21	4124.011	-8504.114
17	22	4125.504	-8507.962
17	23	4112.4414	-8505.449
17	24	4111.3403	-8504.502
17	25	4237.714	-8481.578
17	26	4118.5938	-8538.931
17	35	4123.079	-8547.875
18	1	4183.714	-8490.17
18	2	4188.1714	-8501.651
18	3	4117.5864	-8511.399
18	4	4204.8374	-8477.891
18	5	4173.885	-8493.962
18	6	4180.8345	-8500.004
18	7	4177.791	-8504.394
18	8	4162.571	-8496.781
18	9	4165.0015	-8503.167
18	10	4169.7866	-8506.008
18	11	4190.3726	-8496.66
18	12	4157.9766	-8508.56
18	13	4148.7007	-8501.038
18	14	4200.86	-8493.927
18	15	4203.35	-8497.238
18	16	4144.113	-8506.875
18	17	4141.4766	-8510.456
18	18	4135.648	-8503.179
18	19	4215.9414	-8488.644
18	20	4129.998	-8510.992
18	21	4123.785	-8504.144
18	22	4125.4253	-8507.976
18	23	4112.2295	-8505.463
18	24	4111.099	-8504.512
18	25	4237.478	-8481.654
18	26	4117.9204	-8538.76
18	35	4122.2627	-8547.674
19	1	4183.3433	-8490.327
19	2	4187.877	-8501.735
19	3	4117.342	-8511.403
19	4	4204.001	-8478.491
19	5	4173.6274	-8494.048
19	6	4180.543	-8500.084
19	7	4177.5703	-8504.437
19	8	4162.323	-8496.85
19	9	4164.723	-8503.219
19	10	4169.537	-8506.056
19	11	4190.0044	-8496.767
19	12	4157.6904	-8508.593
19	13	4148.4697	-8501.094
19	14	4200.5527	-8494.025
19	15	4202.9307	-8497.371
19	16	4143.982	-8506.888
19	17	4141.241	-8510.474
19	18	4135.413	-8503.201
19	19	4215.6064	-8488.782
19	20	4129.741	-8510.998
19	21	4123.569	-8504.151
19	22	4125.367	-8507.971
19	23	4112.0312	-8505.48
19	24	4110.926	-8504.505
19	25	4237.211	-8481.739
19	26	4117.2876	-8538.563
19	35	4120.9624	-8547.446
20	1	4183.0396	-8490.468
20	2	4187.5845	-8501.816
20	3	4117.0854	-8511.387
20	4	4203.1714	-8479.089
20	5	4173.372	-8494.132
20	6	4180.233	-8500.1455
20	7	4177.3057	-8504.497
20	8	4162.093	-8496.912
20	9	4164.4478	-8503.269
20	10	4169.2773	-8506.108
20	11	4189.6494	-8496.864
20	12	4157.419	-8508.63
20	13	4148.2466	-8501.126
20	14	4200.2427	-8494.127
20	15	4202.5337	-8497.499
20	16	4143.895	-8506.901
20	17	4140.995	-8510.491
20	18	4135.1694	-8503.232
20	19	4215.2886	-8488.876
20	20	4129.504	-8511.009
20	21	4123.36	-8504.16
20	22	4125.2935	-8507.967
20	23	4111.8755	-8505.486
20	24	4110.697	-8504.514
20	25	4236.9805	-8481.792
20	26	4116.615	-8538.389
20	35	4119.704	-8547.038
21	1	4182.685	-8490.607
21	2	4187.2944	-8501.898
21	3	4116.822	-8511.403
21	4	4202.3486	-8479.659
21	5	4173.12	-8494.214
21	6	4179.937	-8500.195
21	7	4177.054	-8504.553
21	8	4161.8413	-8496.977
21	9	4164.1836	-8503.3125
21	10	4169.0293	-8506.161
21	11	4189.286	-8496.965
21	12	4157.141	-8508.661
21	13	4148.0605	-8501.179
21	14	4199.9087	-8494.2295
21	15	4202.1235	-8497.617
21	16	4143.7534	-8506.924
21	17	4140.749	-8510.516
21	18	4134.935	-8503.266
21	19	4214.936	-8489.0
21	20	4129.294	-8510.995
21	21	4123.1562	-8504.186
21	22	4125.2153	-8507.969
21	23	4111.693	-8505.497
21	25	4236.6304	-8481.924
21	26	4115.9614	-8538.207
21	35	4118.595	-8546.819
22	1	4182.367	-8490.747
22	2	4187.0205	-8501.98
22	3	4116.5396	-8511.416
22	4	4201.5674	-8480.177
22	5	4172.8706	-8494.296
22	6	4179.6543	-8500.262
22	7	4176.8027	-8504.61
22	8	4161.6074	-8497.04
22	9	4163.9204	-8503.363
22	10	4168.7793	-8506.207
22	11	4188.937	-8497.062
22	12	4156.8643	-8508.694
22	13	4147.843	-8501.2295
22	14	4199.602	-8494.327
22	15	4201.7285	-8497.745
22	16	4143.642	-8506.9375
22	17	4140.4863	-8510.541
22	18	4134.6987	-8503.294
22	19	4214.6025	-8489.118
22	20	4129.0425	-8511.005
22	21	4122.9624	-8504.21
22	22	4125.1655	-8507.964
22	23	4111.5312	-8505.521
22	25	4236.427	-8481.983
22	26	4115.316	-8538.028
23	1	4182.0254	-8490.884
23	2	4186.7407	-8502.056
23	3	4116.2725	-8511.437
23	4	4200.776	-8480.702
23	5	4172.625	-8494.376
23	6	4179.3667	-8500.328
23	7	4176.572	-8504.652
23	8	4161.3794	-8497.092
23	9	4163.676	-8503.4
23	10	4168.5376	-8506.251
23	11	4188.5796	-8497.151
23	12	4156.5815	-8508.727
23	13	4147.611	-8501.275
23	14	4199.2744	-8494.427
23	15	4201.325	-8497.865
23	16	4143.502	-8506.961
23	17	4140.243	-8510.5625
23	18	4134.462	-8503.319
23	19	4214.2983	-8489.22
23	20	4128.7925	-8511.01
23	21	4122.7607	-8504.244
23	22	4125.0884	-8507.967
23	23	4111.327	-8505.531
23	25	4236.1445	-8482.062
23	26	4114.644	-8537.83
24	1	4181.7056	-8491.012
24	2	4186.467	-8502.129
24	3	4115.987	-8511.453
24	4	4199.992	-8481.209
24	5	4172.3823	-8494.454
24	6	4179.0957	-8500.394
24	7	4176.3203	-8504.711
24	8	4161.1455	-8497.154
24	9	4163.4272	-8503.443
24	10	4168.2925	-8506.298
24	11	4188.229	-8497.243
24	12	4156.35	-8508.757
24	13	4147.3926	-8501.328
24	14	4198.9526	-8494.542
24	15	4200.936	-8497.988
24	16	4143.3833	-8506.98
24	17	4139.975	-8510.589
24	18	4134.2183	-8503.35
24	19	4213.9365	-8489.344
24	20	4128.5376	-8511.018
24	21	4122.548	-8504.254
24	22	4125.0015	-8507.957
24	23	4111.079	-8505.542
24	25	4235.848	-8482.174
24	26	4114.002	-8537.641
24	29	4114.8936	-8504.347
25	1	4181.394	-8491.137
25	2	4186.221	-8502.199
25	3	4115.703	-8511.49
25	4	4199.234	-8481.69
25	5	4172.141	-8494.531
25	6	4178.8423	-8500.484
25	7	4176.078	-8504.768
25	8	4160.913	-8497.223
25	9	4163.1787	-8503.48
25	10	4168.043	-8506.347
25	11	4187.8975	-8497.325
25	12	4156.084	-8508.786
25	13	4147.16	-8501.361
25	14	4198.6416	-8494.638
25	15	4200.5576	-8498.106
25	16	4143.2803	-8506.99
25	17	4139.7075	-8510.6045
25	18	4133.9814	-8503.373
25	19	4213.6167	-8489.442
25	20	4128.312	-8511.028
25	21	4122.3564	-8504.28
25	22	4124.891	-8507.943
25	23	4110.8984	-8505.55
25	24	4109.6484	-8504.593
25	25	4235.598	-8482.235
25	26	4113.3496	-8537.476
25	29	4114.7563	-8504.34
26	1	4181.114	-8491.257
26	2	4185.969	-8502.269
26	3	4115.4326	-8511.485
26	4	4198.502	-8482.137
26	5	4171.904	-8494.608
26	6	4178.5537	-8500.525
26	7	4175.849	-8504.8125
26	8	4160.683	-8497.279
26	9	4162.926	-8503.524
26	10	4167.799	-8506.393
26	11	4187.5806	-8497.414
26	12	4155.7964	-8508.825
26	13	4146.9473	-8501.421
26	14	4198.3066	-8494.729
26	15	4200.1885	-8498.22
26	16	4143.151	-8507.002
26	17	4139.4604	-8510.634
26	18	4133.7407	-8503.398
26	19	4213.273	-8489.549
26	20	4128.0596	-8511.047
26	21	4122.157	-8504.296
26	22	4124.8154	-8507.946
26	23	4110.702	-8505.56
26	24	4109.437	-8504.635
26	25	4235.2456	-8482.349
26	26	4112.675	-8537.266
26	29	4114.497	-8504.385
27	1	4180.799	-8491.377
27	2	4185.674	-8502.353
27	3	4115.1396	-8511.506
27	4	4197.76	-8482.58
27	5	4171.669	-8494.685
27	6	4178.283	-8500.586
27	7	4175.605	-8504.867
27	8	4160.4546	-8497.335
27	9	4162.677	-8503.569
27	10	4167.553	-8506.4375
27	11	4187.262	-8497.505
27	12	4155.509	-8508.858
27	13	4146.7476	-8501.444
27	14	4197.985	-8494.845
27	15	4199.809	-8498.35
27	16	4143.0576	-8507.024
27	17	4139.197	-8510.651
27	18	4133.4966	-8503.424
27	19	4212.9053	-8489.67
27	20	4127.8037	-8511.045
27	21	4121.9507	-8504.299
27	22	4124.7134	-8507.916
27	23	4110.5405	-8505.563
27	25	4234.984	-8482.403
27	26	4112.0225	-8537.053
28	1	4180.5283	-8491.488
28	2	4185.428	-8502.419
28	3	4114.8755	-8511.543
28	4	4197.0337	-8483.008
28	5	4171.437	-8494.757
28	6	4178.035	-8500.67
28	7	4175.3555	-8504.92
28	8	4160.228	-8497.392
28	9	4162.433	-8503.608
28	10	4167.3047	-8506.487
28	11	4186.956	-8497.579
28	12	4155.256	-8508.883
28	13	4146.5557	-8501.497
28	14	4197.6465	-8494.945
28	15	4199.446	-8498.464
28	16	4142.957	-8507.044
28	17	4138.9253	-8510.68
28	18	4133.27	-8503.452
28	19	4212.5806	-8489.774
28	20	4127.565	-8511.05
28	21	4121.7607	-8504.325
28	22	4124.6304	-8507.925
28	23	4110.376	-8505.584
28	25	4234.7095	-8482.484
28	26	4111.3574	-8536.889
28	29	4114.157	-8504.371
29	1	4180.264	-8491.589
29	2	4185.1826	-8502.486
29	3	4114.5693	-8511.534
29	4	4196.3257	-8483.407
29	5	4171.21	-8494.83
29	6	4177.77	-8500.709
29	7	4175.1313	-8504.973
29	8	4159.9995	-8497.458
29	9	4162.202	-8503.647
29	10	4167.0693	-8506.53
29	11	4186.6655	-8497.658
29	12	4154.9663	-8508.926
29	13	4146.3315	-8501.529
29	14	4197.3027	-8495.051
29	15	4199.0537	-8498.59
29	16	4142.871	-8507.051
29	17	4138.7124	-8510.6875
29	18	4133.0415	-8503.482
29	19	4212.2207	-8489.884
29	20	4127.3135	-8511.058
29	21	4121.561	-8504.349
29	22	4124.557	-8507.951
29	23	4110.176	-8505.599
29	25	4234.4106	-8482.578
29	26	4110.7188	-8536.652
30	1	4179.9824	-8491.705
30	2	4184.961	-8502.543
30	3	4114.283	-8511.545
30	4	4195.636	-8483.796
30	5	4170.9844	-8494.9
30	6	4177.5083	-8500.787
30	7	4174.898	-8505.021
30	8	4159.79	-8497.512
30	9	4161.961	-8503.691
30	10	4166.823	-8506.576
30	11	4186.3706	-8497.737
30	12	4154.717	-8508.95
30	13	4146.1216	-8501.562
30	14	4196.9644	-8495.162
30	15	4198.6616	-8498.715
30	16	4142.736	-8507.071
30	17	4138.4556	-8510.715
30	18	4132.81	-8503.51
30	19	4211.875	-8490.008
30	20	4127.1104	-8511.074
30	21	4121.3394	-8504.3545
30	22	4124.466	-8507.952
30	23	4109.95	-8505.608
30	25	4234.082	-8482.699
30	26	4110.1133	-8536.476
30	29	4113.749	-8504.412
31	1	4179.717	-8491.802
31	2	4184.7256	-8502.606
31	3	4113.973	-8511.553
31	4	4194.9746	-8484.152
31	5	4170.761	-8494.97
31	6	4177.2446	-8500.827
31	7	4174.6597	-8505.07
31	8	4159.5737	-8497.569
31	9	4161.7246	-8503.725
31	10	4166.5874	-8506.619
31	11	4186.0825	-8497.811
31	12	4154.4575	-8508.978
31	13	4145.908	-8501.603
31	14	4196.602	-8495.271
31	15	4198.3003	-8498.826
31	16	4142.624	-8507.09
31	17	4138.193	-8510.727
31	18	4132.577	-8503.535
31	19	4211.5205	-8490.121
31	20	4126.8765	-8511.089
31	21	4121.1494	-8504.389
31	22	4124.3364	-8507.925
31	23	4109.726	-8505.615
31	24	4108.429	-8504.71
31	25	4233.7773	-8482.787
31	26	4109.5063	-8536.27
32	1	4179.451	-8491.909
32	2	4184.4834	-8502.678
32	3	4113.666	-8511.566
32	4	4194.301	-8484.502
32	5	4170.54	-8495.039
32	6	4176.9834	-8500.89
32	7	4174.4307	-8505.128
32	8	4159.353	-8497.625
32	9	4161.4844	-8503.761
32	10	4166.3467	-8506.662
32	11	4185.7935	-8497.875
32	12	4154.195	-8509.014
32	13	4145.6934	-8501.645
32	14	4196.2505	-8495.372
32	15	4197.9175	-8498.945
32	16	4142.521	-8507.115
32	17	4137.9624	-8510.736
32	18	4132.345	-8503.552
32	19	4211.1187	-8490.245
32	20	4126.6123	-8511.085
32	21	4120.971	-8504.409
32	22	4124.24	-8507.919
32	23	4109.4756	-8505.637
32	25	4233.431	-8482.903
32	26	4108.832	-8536.063
32	29	4113.353	-8504.436
33	1	4179.22	-8491.993
33	2	4184.2554	-8502.734
33	3	4113.352	-8511.557
33	4	4193.679	-8484.841
33	5	4170.3223	-8495.107
33	6	4176.7295	-8500.955
33	7	4174.19	-8505.176
33	8	4159.133	-8497.682
33	9	4161.248	-8503.799
33	10	4166.1074	-8506.708
33	11	4185.4893	-8497.95
33	12	4153.9375	-8509.041
33	13	4145.4883	-8501.701
33	14	4195.913	-8495.478
33	15	4197.5435	-8499.056
33	16	4142.397	-8507.132
33	17	4137.7017	-8510.763
33	18	4132.151	-8503.571
33	19	4210.781	-8490.351
33	20	4126.3667	-8511.095
33	21	4120.7925	-8504.425
33	22	4124.1597	-8507.948
33	23	4109.2456	-8505.658
33	25	4233.1	-8483.001
33	26	4108.131	-8535.87
33	29	4113.175	-8504.482
34	1	4178.979	-8492.091
34	2	4184.0205	-8502.799
34	3	4113.0234	-8511.558
34	4	4193.0576	-8485.156
34	5	4170.1064	-8495.175
34	6	4176.4717	-8500.998
34	7	4173.9697	-8505.22
34	8	4158.916	-8497.733
34	9	4161.0156	-8503.835
34	10	4165.857	-8506.751
34	11	4185.203	-8498.026
34	12	4153.675	-8509.066
34	13	4145.2783	-8501.75
34	14	4195.5464	-8495.589
34	15	4197.207	-8499.156
34	16	4142.2666	-8507.153
34	17	4137.4614	-8510.783
34	18	4131.9507	-8503.602
34	19	4210.4297	-8490.459
34	20	4126.124	-8511.105
34	21	4120.606	-8504.45
34	22	4124.0483	-8507.947
34	23	4109.0693	-8505.675
34	25	4232.747	-8483.118
34	26	4107.4565	-8535.642
34	29	4112.9985	-8504.469
35	1	4178.7476	-8492.182
35	2	4183.8003	-8502.856
35	3	4112.717	-8511.55
35	4	4192.468	-8485.456
35	5	4169.8926	-8495.241
35	6	4176.2207	-8501.054
35	7	4173.7397	-8505.27
35	8	4158.703	-8497.786
35	9	4160.787	-8503.869
35	10	4165.606	-8506.792
35	11	4184.925	-8498.1
35	12	4153.4004	-8509.098
35	13	4145.0713	-8501.793
35	14	4195.1934	-8495.699
35	15	4196.8335	-8499.269
35	16	4142.1436	-8507.178
35	17	4137.2007	-8510.792
35	18	4131.733	-8503.631
35	19	4210.0605	-8490.583
35	20	4125.836	-8511.12
35	21	4120.4346	-8504.462
35	22	4123.954	-8507.953
35	23	4108.9106	-8505.682
35	24	4107.695	-8504.766
35	25	4232.3794	-8483.223
35	26	4106.793	-8535.424
35	29	4112.802	-8504.494
36	1	4178.5234	-8492.259
36	2	4183.569	-8502.918
36	3	4112.4204	-8511.547
36	4	4191.8906	-8485.744
36	5	4169.681	-8495.307
36	6	4175.984	-8501.126
36	7	4173.5195	-8505.315
36	8	4158.494	-8497.837
36	9	4160.563	-8503.907
36	10	4165.356	-8506.841
36	11	4184.651	-8498.171
36	12	4153.145	-8509.128
36	13	4144.8716	-8501.827
36	14	4194.853	-8495.805
36	15	4196.489	-8499.381
36	16	4142.047	-8507.192
36	17	4136.9746	-8510.821
36	18	4131.5127	-8503.661
36	19	4209.69	-8490.707
36	20	4125.598	-8511.112
36	21	4120.285	-8504.487
36	22	4123.8496	-8507.952
36	23	4108.7495	-8505.696
36	24	4107.5347	-8504.746
36	25	4232.0493	-8483.344
36	26	4106.1514	-8535.226
36	29	4112.6396	-8504.51
37	1	4178.289	-8492.3545
37	2	4183.346	-8502.978
37	3	4112.069	-8511.546
37	4	4191.323	-8486.022
37	5	4169.4717	-8495.37
37	6	4175.727	-8501.158
37	7	4173.286	-8505.36
37	8	4158.2886	-8497.887
37	9	4160.3438	-8503.937
37	10	4165.1016	-8506.892
37	11	4184.3657	-8498.238
37	12	4152.8867	-8509.153
37	13	4144.682	-8501.872
37	14	4194.5186	-8495.911
37	15	4196.1396	-8499.478
37	16	4141.901	-8507.207
37	17	4136.7393	-8510.829
37	18	4131.327	-8503.671
37	19	4209.329	-8490.833
37	20	4125.375	-8511.115
37	21	4120.124	-8504.494
37	22	4123.74	-8507.952
37	23	4108.6167	-8505.711
37	24	4107.298	-8504.765
37	25	4231.6	-8483.45
37	26	4105.4443	-8535.022
37	29	4112.4326	-8504.529
38	1	4178.0547	-8492.44
38	2	4183.1157	-8503.037
38	3	4111.7397	-8511.52
38	4	4190.774	-8486.294
38	5	4169.2646	-8495.434
38	6	4175.481	-8501.217
38	7	4173.0825	-8505.407
38	8	4158.0845	-8497.932
38	9	4160.1157	-8503.978
38	10	4164.845	-8506.938
38	11	4184.105	-8498.305
38	12	4152.659	-8509.177
38	13	4144.467	-8501.893
38	14	4194.181	-8496.016
38	15	4195.8105	-8499.584
38	16	4141.778	-8507.226
38	17	4136.463	-8510.852
38	18	4131.136	-8503.689
38	19	4208.943	-8490.964
38	20	4125.1094	-8511.12
38	21	4119.9336	-8504.517
38	22	4123.598	-8507.934
38	23	4108.4404	-8505.716
38	25	4231.3955	-8483.5
38	26	4104.7974	-8534.763
38	29	4112.284	-8504.526
39	1	4177.8306	-8492.523
39	2	4182.8896	-8503.097
39	3	4111.377	-8511.504
39	4	4190.251	-8486.547
39	5	4169.0605	-8495.496
39	6	4175.2495	-8501.291
39	7	4172.8374	-8505.45
39	8	4157.874	-8497.985
39	9	4159.8936	-8504.01
39	10	4164.58	-8506.981
39	11	4183.833	-8498.369
39	12	4152.4165	-8509.202
39	13	4144.28	-8501.941
39	14	4193.827	-8496.122
39	15	4195.5024	-8499.675
39	16	4141.657	-8507.255
39	17	4136.2285	-8510.868
39	18	4130.9463	-8503.706
39	19	4208.575	-8491.083
39	20	4124.8877	-8511.118
39	21	4119.774	-8504.529
39	22	4123.467	-8507.932
39	23	4108.2437	-8505.724
39	24	4106.967	-8504.798
39	25	4230.936	-8483.664
39	26	4104.1265	-8534.554
39	27	4244.873	-8483.699
39	29	4112.099	-8504.547
40	1	4177.597	-8492.611
40	2	4182.6597	-8503.159
40	3	4111.037	-8511.503
40	4	4189.723	-8486.797
40	5	4168.8594	-8495.557
40	6	4174.997	-8501.328
40	7	4172.6377	-8505.506
40	8	4157.6675	-8498.041
40	9	4159.6743	-8504.045
40	10	4164.3306	-8507.031
40	11	4183.5806	-8498.437
40	12	4152.173	-8509.225
40	13	4144.055	-8501.995
40	14	4193.501	-8496.22
40	15	4195.1685	-8499.7705
40	16	4141.523	-8507.281
40	17	4135.966	-8510.886
40	18	4130.758	-8503.7295
40	19	4208.2075	-8491.203
40	20	4124.6235	-8511.139
40	21	4119.5913	-8504.55
40	22	4123.3726	-8507.948
40	23	4108.027	-8505.745
40	24	4106.837	-8504.804
40	25	4230.651	-8483.748
40	26	4103.465	-8534.3
40	27	4244.1904	-8483.885
40	29	4111.915	-8504.553
41	1	4177.357	-8492.696
41	2	4182.456	-8503.21
41	3	4110.6543	-8511.471
41	4	4189.2285	-8487.024
41	5	4168.6597	-8495.617
41	6	4174.7607	-8501.398
41	7	4172.3965	-8505.542
41	8	4157.463	-8498.086
41	9	4159.447	-8504.083
41	10	4164.071	-8507.076
41	11	4183.334	-8498.506
41	12	4151.93	-8509.258
41	13	4143.8423	-8502.022
41	14	4193.171	-8496.332
41	15	4194.8594	-8499.863
41	16	4141.376	-8507.306
41	17	4135.751	-8510.897
41	18	4130.556	-8503.745
41	19	4207.8354	-8491.322
41	20	4124.3496	-8511.138
41	21	4119.415	-8504.575
41	22	4123.2393	-8507.923
41	23	4107.849	-8505.748
41	24	4106.622	-8504.786
41	25	4230.263	-8483.865
41	26	4102.805	-8534.015
41	27	4243.576	-8484.067
41	29	4111.771	-8504.585
42	1	4177.124	-8492.781
42	2	4182.225	-8503.272
42	3	4110.263	-8511.434
42	4	4188.751	-8487.242
42	5	4168.4604	-8495.677
42	6	4174.5005	-8501.424
42	7	4172.1855	-8505.59
42	8	4157.2583	-8498.136
42	9	4159.2256	-8504.117
42	10	4163.81	-8507.128
42	11	4183.0796	-8498.566
42	12	4151.7183	-8509.276
42	13	4143.61	-8502.079
42	14	4192.85	-8496.421
42	15	4194.5537	-8499.954
42	16	4141.2153	-8507.337
42	17	4135.4917	-8510.908
42	18	4130.372	-8503.758
42	19	4207.4653	-8491.446
42	20	4124.0674	-8511.151
42	21	4119.23	-8504.587
42	22	4123.1323	-8507.928
42	23	4107.6924	-8505.75
42	25	4229.9326	-8483.985
42	26	4102.1934	-8533.829
42	27	4242.971	-8484.247
42	29	4111.6104	-8504.561
43	1	4176.9194	-8492.852
43	2	4182.014	-8503.326
43	3	4109.8765	-8511.475
43	4	4188.3066	-8487.453
43	5	4168.263	-8495.736
43	6	4174.265	-8501.498
43	7	4171.955	-8505.636
43	8	4157.064	-8498.183
43	9	4159.01	-8504.15
43	10	4163.55	-8507.174
43	11	4182.8545	-8498.62
43	12	4151.4717	-8509.301
43	13	4143.3984	-8502.112
43	14	4192.5444	-8496.517
43	15	4194.249	-8500.036
43	16	4141.0806	-8507.353
43	17	4135.203	-8510.941
43	18	4130.149	-8503.79
43	19	4207.1157	-8491.548
43	20	4123.8022	-8511.153
43	21	4119.049	-8504.591
43	22	4122.987	-8507.914
43	23	4107.515	-8505.752
43	24	4106.2617	-8504.81
43	25	4229.5894	-8484.096
43	26	4101.6333	-8533.652
43	27	4242.3223	-8484.394
43	29	4111.453	-8504.57
44	1	4176.6973	-8492.933
44	2	4181.7954	-8503.38
44	3	4109.4976	-8511.372
44	4	4187.863	-8487.657
44	5	4168.0674	-8495.794
44	6	4174.0166	-8501.557
44	7	4171.737	-8505.69
44	8	4156.8667	-8498.227
44	9	4158.782	-8504.185
44	10	4163.289	-8507.216
44	11	4182.6216	-8498.679
44	12	4151.271	-8509.323
44	13	4143.1665	-8502.173
44	14	4192.2646	-8496.605
44	15	4193.947	-8500.11
44	16	4140.922	-8507.393
44	17	4134.9814	-8510.966
44	18	4129.965	-8503.808
44	19	4206.737	-8491.673
44	20	4123.556	-8511.162
44	21	4118.8823	-8504.614
44	22	4122.88	-8507.94
44	23	4107.364	-8505.76
44	24	4106.187	-8504.847
44	25	4229.111	-8484.232
44	26	4101.021	-8533.403
44	27	4241.704	-8484.638
44	29	4111.2563	-8504.569
45	1	4176.485	-8493.006
45	2	4181.5747	-8503.439
45	3	4109.198	-8511.35
45	4	4187.4536	-8487.845
45	5	4167.8735	-8495.852
45	6	4173.754	-8501.586
45	7	4171.5093	-8505.731
45	8	4156.678	-8498.27
45	9	4158.575	-8504.213
45	10	4163.0293	-8507.254
45	11	4182.381	-8498.734
45	12	4151.0415	-8509.345
45	13	4142.9414	-8502.188
45	14	4191.9805	-8496.679
45	15	4193.6587	-8500.212
45	16	4140.7456	-8507.423
45	17	4134.7554	-8510.977
45	18	4129.7646	-8503.819
45	19	4206.389	-8491.784
45	20	4123.29	-8511.158
45	21	4118.7227	-8504.613
45	22	4122.753	-8507.939
45	23	4107.221	-8505.753
45	25	4228.736	-8484.351
45	26	4100.6777	-8533.263
45	27	4241.0796	-8484.785
45	29	4111.0684	-8504.603
46	1	4176.2656	-8493.079
46	2	4181.358	-8503.485
46	3	4108.8345	-8511.358
46	4	4187.0435	-8488.031
46	5	4167.6807	-8495.91
46	6	4173.51	-8501.642
46	7	4171.2876	-8505.776
46	8	4156.4824	-8498.321
46	9	4158.355	-8504.241
46	10	4162.776	-8507.298
46	11	4182.147	-8498.792
46	12	4150.811	-8509.371
46	13	4142.7324	-8502.234
46	14	4191.7026	-8496.7705
46	15	4193.373	-8500.276
46	16	4140.6265	-8507.441
46	17	4134.5366	-8511.001
46	18	4129.592	-8503.842
46	19	4206.0283	-8491.898
46	20	4122.991	-8511.17
46	21	4118.528	-8504.623
46	22	4122.597	-8507.928
46	23	4107.063	-8505.752
46	25	4228.247	-8484.508
46	27	4240.438	-8485.005
46	29	4110.9253	-8504.637
47	1	4176.0605	-8493.152
47	2	4181.151	-8503.542
47	3	4108.481	-8511.296
47	4	4186.6353	-8488.211
47	5	4167.489	-8495.966
47	6	4173.2573	-8501.713
47	7	4171.0586	-8505.827
47	8	4156.289	-8498.369
47	9	4158.1245	-8504.29
47	10	4162.5117	-8507.349
47	11	4181.9307	-8498.85
47	12	4150.578	-8509.406
47	13	4142.5073	-8502.273
47	14	4191.45	-8496.849
47	15	4193.087	-8500.365
47	16	4140.476	-8507.475
47	17	4134.3228	-8511.0205
47	18	4129.396	-8503.858
47	19	4205.637	-8492.029
47	20	4122.7	-8511.173
47	21	4118.4	-8504.64
47	22	4122.471	-8507.926
47	23	4106.889	-8505.766
47	25	4227.8745	-8484.613
47	27	4239.7905	-8485.208
47	29	4110.792	-8504.619
48	1	4175.853	-8493.22
48	2	4180.9243	-8503.599
48	3	4108.1353	-8511.26
48	4	4186.257	-8488.38
48	5	4167.2983	-8496.021
48	6	4172.9907	-8501.756
48	7	4170.8276	-8505.874
48	8	4156.109	-8498.403
48	9	4157.903	-8504.312
48	10	4162.2534	-8507.39
48	11	4181.693	-8498.904
48	12	4150.366	-8509.424
48	13	4142.288	-8502.315
48	14	4191.194	-8496.927
48	15	4192.814	-8500.431
48	16	4140.343	-8507.491
48	17	4134.04	-8511.037
48	18	4129.1934	-8503.874
48	19	4205.282	-8492.144
48	20	4122.445	-8511.178
48	21	4118.2563	-8504.643
48	22	4122.3394	-8507.935
48	23	4106.719	-8505.784
48	25	4227.4487	-8484.73
48	27	4239.131	-8485.464
49	1	4175.658	-8493.29
49	2	4180.7134	-8503.651
49	3	4107.8306	-8511.266
49	4	4185.885	-8488.537
49	5	4167.1084	-8496.077
49	6	4172.736	-8501.8125
49	7	4170.5947	-8505.918
49	8	4155.915	-8498.451
49	9	4157.6826	-8504.347
49	10	4161.9966	-8507.433
49	11	4181.463	-8498.956
49	12	4150.154	-8509.452
49	13	4142.0493	-8502.371
49	14	4190.9575	-8496.996
49	15	4192.548	-8500.5
49	16	4140.1733	-8507.525
49	17	4133.799	-8511.055
49	18	4129.008	-8503.898
49	19	4204.9355	-8492.264
49	20	4122.164	-8511.175
49	21	4118.109	-8504.654
49	22	4122.236	-8507.932
49	23	4106.538	-8505.791
49	25	4227.027	-8484.867
49	27	4238.468	-8485.627
50	1	4175.4585	-8493.3545
50	2	4180.498	-8503.703
50	3	4107.494	-8511.23
50	4	4185.542	-8488.691
50	5	4166.92	-8496.132
50	6	4172.469	-8501.862
50	7	4170.3564	-8505.967
50	8	4155.725	-8498.488
50	9	4157.457	-8504.383
50	10	4161.7446	-8507.472
50	11	4181.2373	-8499.013
50	12	4149.913	-8509.489
50	13	4141.813	-8502.414
50	14	4190.717	-8497.068
50	15	4192.292	-8500.573
50	16	4140.034	-8507.563
50	17	4133.559	-8511.066
50	18	4128.8223	-8503.912
50	19	4204.6016	-8492.354
50	20	4121.885	-8511.173
50	21	4117.9136	-8504.662
50	22	4122.162	-8507.939
50	23	4106.34	-8505.815
50	25	4226.601	-8485.008
50	27	4237.819	-8485.857
51	1	4175.272	-8493.417
51	2	4180.2905	-8503.752
51	3	4107.165	-8511.223
51	4	4185.206	-8488.842
51	5	4166.733	-8496.187
51	6	4172.203	-8501.916
51	7	4170.122	-8506.012
51	8	4155.5317	-8498.539
51	9	4157.234	-8504.415
51	10	4161.4863	-8507.521
51	11	4181.0117	-8499.068
51	12	4149.6978	-8509.499
51	13	4141.5674	-8502.455
51	14	4190.4775	-8497.134
51	15	4192.028	-8500.657
51	16	4139.8647	-8507.604
51	17	4133.325	-8511.083
51	18	4128.6343	-8503.933
51	19	4204.246	-8492.473
51	20	4121.6167	-8511.181
51	21	4117.7505	-8504.683
51	22	4122.0503	-8507.929
51	23	4106.1772	-8505.833
51	25	4226.234	-8485.108
51	27	4237.143	-8486.073
51	28	4242.1914	-8480.336
51	29	4110.081	-8504.736
52	1	4175.0723	-8493.49
52	2	4180.0806	-8503.805
52	3	4106.842	-8511.196
52	4	4184.8677	-8488.988
52	5	4166.546	-8496.239
52	6	4171.939	-8501.976
52	7	4169.896	-8506.056
52	8	4155.342	-8498.58
52	9	4157.0156	-8504.445
52	10	4161.223	-8507.562
52	11	4180.76	-8499.133
52	12	4149.462	-8509.524
52	13	4141.3066	-8502.495
52	14	4190.252	-8497.201
52	15	4191.761	-8500.733
52	16	4139.7065	-8507.622
52	17	4133.0923	-8511.095
52	18	4128.453	-8503.952
52	19	4203.8857	-8492.592
52	20	4121.291	-8511.19
52	21	4117.5293	-8504.695
52	22	4121.962	-8507.937
52	23	4105.9834	-8505.832
52	25	4225.769	-8485.257
52	27	4236.5244	-8486.271
52	28	4241.88	-8480.468
53	1	4174.8867	-8493.556
53	2	4179.877	-8503.846
53	3	4106.525	-8511.179
53	4	4184.556	-8489.126
53	5	4166.361	-8496.293
53	6	4171.678	-8502.029
53	7	4169.6562	-8506.105
53	8	4155.1597	-8498.619
53	9	4156.78	-8504.484
53	10	4160.9683	-8507.606
53	11	4180.534	-8499.194
53	12	4149.235	-8509.552
53	13	4141.074	-8502.528
53	14	4190.023	-8497.263
53	15	4191.5317	-8500.813
53	16	4139.569	-8507.655
53	17	4132.8574	-8511.109
53	18	4128.282	-8503.964
53	19	4203.5405	-8492.697
53	20	4121.0083	-8511.187
53	21	4117.326	-8504.717
53	22	4121.858	-8507.925
53	23	4105.8315	-8505.825
53	25	4225.418	-8485.355
53	27	4235.879	-8486.499
53	28	4241.61	-8480.5625
54	1	4174.6987	-8493.614
54	2	4179.6694	-8503.896
54	3	4106.198	-8511.182
54	4	4184.2544	-8489.258
54	5	4166.177	-8496.347
54	6	4171.406	-8502.079
54	7	4169.419	-8506.152
54	8	4154.978	-8498.667
54	9	4156.5615	-8504.513
54	10	4160.7173	-8507.648
54	11	4180.3135	-8499.242
54	12	4149.0137	-8509.563
54	13	4140.8496	-8502.595
54	14	4189.795	-8497.332
54	15	4191.27	-8500.894
54	16	4139.4204	-8507.687
54	17	4132.6157	-8511.126
54	18	4128.1235	-8503.9795
54	19	4203.1772	-8492.823
54	20	4120.6885	-8511.187
54	21	4117.0947	-8504.748
54	22	4121.731	-8507.899
54	23	4105.665	-8505.829
54	25	4224.9917	-8485.501
54	27	4235.2114	-8486.725
54	28	4241.3193	-8480.68
55	1	4174.5107	-8493.679
55	2	4179.4585	-8503.943
55	3	4105.8374	-8511.177
55	4	4183.96	-8489.379
55	5	4165.993	-8496.397
55	6	4171.139	-8502.134
55	7	4169.1777	-8506.205
55	8	4154.796	-8498.708
55	9	4156.338	-8504.544
55	10	4160.4624	-8507.686
55	11	4180.0757	-8499.306
55	12	4148.8027	-8509.586
55	13	4140.617	-8502.641
55	14	4189.578	-8497.386
55	15	4191.026	-8500.983
55	16	4139.2754	-8507.713
55	17	4132.399	-8511.136
55	18	4127.951	-8503.997
55	19	4202.806	-8492.94
55	20	4120.361	-8511.191
55	21	4116.8667	-8504.755
55	22	4121.6353	-8507.883
55	23	4105.455	-8505.83
55	25	4224.638	-8485.604
55	27	4234.5566	-8486.947
55	28	4241.033	-8480.732
56	1	4174.333	-8493.741
56	2	4179.2437	-8503.992
56	3	4105.4834	-8511.16
56	4	4183.6772	-8489.514
56	5	4165.812	-8496.45
56	6	4170.8804	-8502.184
56	7	4168.9414	-8506.25
56	8	4154.611	-8498.756
56	9	4156.1167	-8504.569
56	10	4160.2183	-8507.723
56	11	4179.8394	-8499.358
56	12	4148.571	-8509.604
56	13	4140.367	-8502.684
56	14	4189.363	-8497.45
56	15	4190.7793	-8501.061
56	16	4139.109	-8507.744
56	17	4132.174	-8511.144
56	18	4127.7817	-8504.015
56	19	4202.467	-8493.045
56	20	4120.0547	-8511.189
56	21	4116.6196	-8504.78
56	22	4121.558	-8507.912
56	23	4105.282	-8505.834
56	25	4224.182	-8485.758
56	27	4233.9014	-8487.159
56	28	4240.7373	-8480.883
57	1	4174.1396	-8493.806
57	2	4179.036	-8504.038
57	3	4105.1357	-8511.142
57	4	4183.388	-8489.63
57	5	4165.632	-8496.5
57	6	4170.6167	-8502.239
57	7	4168.67	-8506.306
57	8	4154.425	-8498.793
57	9	4155.897	-8504.601
57	10	4159.9556	-8507.768
57	11	4179.602	-8499.412
57	12	4148.363	-8509.622
57	13	4140.1235	-8502.728
57	14	4189.1367	-8497.524
57	15	4190.534	-8501.134
57	16	4138.934	-8507.778
57	17	4131.9297	-8511.162
57	18	4127.615	-8504.035
57	19	4202.1094	-8493.159
57	20	4119.749	-8511.196
57	21	4116.3784	-8504.815
57	22	4121.452	-8507.892
57	23	4105.073	-8505.845
57	25	4223.8037	-8485.885
57	27	4233.281	-8487.388
57	28	4240.4067	-8481.021
58	1	4173.963	-8493.864
58	2	4178.8276	-8504.092
58	3	4104.781	-8511.105
58	4	4183.1196	-8489.744
58	5	4165.454	-8496.551
58	6	4170.344	-8502.294
58	7	4168.4033	-8506.3545
58	8	4154.215	-8498.842
58	9	4155.669	-8504.634
58	10	4159.7163	-8507.8
58	11	4179.374	-8499.47
58	12	4148.1313	-8509.65
58	13	4139.869	-8502.758
58	14	4188.9146	-8497.588
58	15	4190.295	-8501.206
58	16	4138.773	-8507.817
58	17	4131.66	-8511.179
58	18	4127.4707	-8504.042
58	19	4201.772	-8493.266
58	20	4119.432	-8511.21
58	21	4116.133	-8504.842
58	22	4121.3735	-8507.893
58	23	4104.8438	-8505.836
58	25	4223.4194	-8486.015
58	27	4232.6113	-8487.595
58	28	4240.1035	-8481.1
59	1	4173.7847	-8493.926
59	2	4178.6123	-8504.139
59	3	4104.423	-8511.101
59	4	4182.872	-8489.846
59	5	4165.279	-8496.6
59	6	4170.082	-8502.349
59	7	4168.1396	-8506.41
59	8	4154.011	-8498.893
59	9	4155.447	-8504.667
59	10	4159.4575	-8507.847
59	11	4179.12	-8499.522
59	12	4147.9307	-8509.6875
59	13	4139.6235	-8502.807
59	14	4188.689	-8497.662
59	15	4190.0522	-8501.274
59	16	4138.5977	-8507.84
59	17	4131.4385	-8511.189
59	18	4127.328	-8504.054
59	19	4201.423	-8493.37
59	20	4119.111	-8511.217
59	21	4115.8647	-8504.867
59	22	4121.29	-8507.897
59	23	4104.58	-8505.834
59	25	4223.062	-8486.11
59	27	4231.9717	-8487.812
59	28	4239.762	-8481.246
60	1	4173.604	-8493.983
60	2	4178.411	-8504.174
60	3	4104.0874	-8511.086
60	4	4182.6064	-8489.953
60	5	4165.1064	-8496.646
60	6	4169.8154	-8502.399
60	7	4167.886	-8506.456
60	8	4153.7993	-8498.933
60	9	4155.212	-8504.692
60	10	4159.2227	-8507.876
60	11	4178.875	-8499.579
60	12	4147.679	-8509.697
60	13	4139.3647	-8502.851
60	14	4188.4717	-8497.725
60	15	4189.806	-8501.358
60	16	4138.4316	-8507.882
60	17	4131.2036	-8511.192
60	18	4127.1855	-8504.056
60	19	4201.0845	-8493.484
60	20	4118.7817	-8511.19
60	21	4115.628	-8504.9
60	22	4121.2	-8507.902
60	23	4104.3276	-8505.841
60	25	4222.701	-8486.222
60	27	4231.278	-8488.055
60	28	4239.432	-8481.376
61	1	4173.4395	-8494.042
61	2	4178.205	-8504.2295
61	3	4103.7495	-8511.07
61	4	4182.3735	-8490.062
61	5	4164.9375	-8496.695
61	6	4169.5444	-8502.457
61	7	4167.5703	-8506.5205
61	8	4153.585	-8498.984
61	9	4154.9775	-8504.722
61	10	4158.973	-8507.916
61	11	4178.6445	-8499.638
61	12	4147.426	-8509.72
61	13	4139.122	-8502.896
61	14	4188.235	-8497.786
61	15	4189.5825	-8501.431
61	16	4138.2695	-8507.911
61	17	4130.9526	-8511.206
61	18	4127.0737	-8504.062
61	19	4200.727	-8493.592
61	20	4118.428	-8511.229
61	21	4115.374	-8504.913
61	22	4121.0996	-8507.896
61	23	4104.068	-8505.845
61	25	4222.31	-8486.341
61	27	4230.648	-8488.264
61	28	4239.0483	-8481.509
62	1	4173.278	-8494.094
62	2	4177.994	-8504.273
62	3	4103.406	-8511.038
62	4	4182.1323	-8490.156
62	5	4164.768	-8496.742
62	6	4169.2847	-8502.505
62	7	4167.286	-8506.576
62	8	4153.353	-8499.031
62	9	4154.7524	-8504.753
62	10	4158.7246	-8507.945
62	11	4178.409	-8499.688
62	12	4147.1494	-8509.742
62	13	4138.8955	-8502.9375
62	14	4188.0093	-8497.848
62	15	4189.3545	-8501.485
62	16	4138.105	-8507.947
62	17	4130.7056	-8511.221
62	18	4126.948	-8504.069
62	19	4200.3706	-8493.706
62	20	4118.088	-8511.221
62	21	4115.129	-8504.93
62	22	4121.041	-8507.915
62	23	4103.8	-8505.843
62	25	4221.945	-8486.458
62	27	4229.998	-8488.483
62	28	4238.6514	-8481.639
63	1	4173.1104	-8494.155
63	2	4177.783	-8504.319
63	3	4103.0596	-8511.051
63	4	4181.8945	-8490.256
63	5	4164.5977	-8496.789
63	6	4169.011	-8502.561
63	7	4166.996	-8506.626
63	8	4153.1016	-8499.091
63	9	4154.5215	-8504.78
63	10	4158.473	-8507.982
63	11	4178.1616	-8499.745
63	12	4146.9287	-8509.755
63	13	4138.6323	-8502.984
63	14	4187.7803	-8497.91
63	15	4189.1143	-8501.539
63	16	4137.932	-8507.977
63	17	4130.4683	-8511.234
63	18	4126.813	-8504.074
63	19	4200.012	-8493.821
63	20	4117.7617	-8511.228
63	21	4114.8804	-8504.966
63	22	4120.9365	-8507.893
63	23	4103.4746	-8505.865
63	25	4221.5635	-8486.57
63	27	4229.312	-8488.697
63	28	4238.237	-8481.763
64	1	4172.9365	-8494.21
64	2	4177.585	-8504.361
64	3	4102.7075	-8511.036
64	4	4181.687	-8490.352
64	5	4164.428	-8496.837
64	6	4168.76	-8502.608
64	7	4166.6772	-8506.686
64	8	4152.855	-8499.149
64	9	4154.283	-8504.812
64	10	4158.238	-8508.023
64	11	4177.94	-8499.802
64	12	4146.724	-8509.785
64	13	4138.3965	-8503.026
64	14	4187.5557	-8497.98
64	15	4188.87	-8501.598
64	16	4137.763	-8508.016
64	17	4130.2417	-8511.245
64	18	4126.6943	-8504.089
64	19	4199.678	-8493.92
64	20	4117.4473	-8511.274
64	21	4114.6206	-8504.977
64	22	4120.851	-8507.919
64	23	4103.177	-8505.861
64	25	4221.1655	-8486.691
64	27	4228.68	-8488.903
64	28	4237.844	-8481.911
65	1	4172.772	-8494.269
65	2	4177.377	-8504.405
65	3	4102.323	-8511.025
65	4	4181.461	-8490.44
65	5	4164.258	-8496.883
65	6	4168.493	-8502.661
65	7	4166.369	-8506.753
65	8	4152.585	-8499.211
65	9	4154.0547	-8504.841
65	10	4157.995	-8508.052
65	11	4177.686	-8499.86
65	12	4146.508	-8509.796
65	13	4138.1313	-8503.065
65	14	4187.322	-8498.041
65	15	4188.629	-8501.666
65	16	4137.599	-8508.045
65	17	4129.989	-8511.264
65	18	4126.567	-8504.103
65	19	4199.3535	-8494.015
65	20	4117.099	-8511.273
65	21	4114.3433	-8504.984
65	22	4120.76	-8507.885
65	23	4102.9185	-8505.855
65	25	4220.8003	-8486.8
65	27	4228.026	-8489.126
65	28	4237.4243	-8482.011
66	1	4172.6143	-8494.317
66	2	4177.1777	-8504.445
66	3	4101.9375	-8511.018
66	4	4181.2563	-8490.533
66	5	4164.0854	-8496.931
66	6	4168.2334	-8502.711
66	7	4166.054	-8506.8
66	8	4152.3164	-8499.2705
66	9	4153.816	-8504.875
66	10	4157.765	-8508.087
66	11	4177.4546	-8499.912
66	12	4146.3228	-8509.826
66	13	4137.9453	-8503.103
66	14	4187.093	-8498.105
66	15	4188.3965	-8501.733
66	16	4137.434	-8508.07
66	17	4129.762	-8511.28
66	18	4126.4385	-8504.122
66	19	4199.0054	-8494.13
66	20	4116.7554	-8511.263
66	21	4114.102	-8505.003
66	22	4120.693	-8507.903
66	23	4102.5894	-8505.862
66	25	4220.4443	-8486.909
66	27	4227.387	-8489.339
66	28	4237.015	-8482.143
67	1	4172.4375	-8494.375
67	2	4176.9688	-8504.484
67	3	4101.5337	-8510.999
67	4	4181.051	-8490.625
67	5	4163.9116	-8496.978
67	6	4167.9736	-8502.764
67	7	4165.7617	-8506.863
67	8	4152.039	-8499.332
67	9	4153.581	-8504.904
67	10	4157.532	-8508.115
67	11	4177.203	-8499.975
67	12	4146.069	-8509.846
67	13	4137.704	-8503.143
67	14	4186.8574	-8498.174
67	15	4188.173	-8501.803
67	16	4137.262	-8508.116
67	17	4129.5225	-8511.293
67	18	4126.3267	-8504.128
67	19	4198.685	-8494.221
67	20	4116.404	-8511.251
67	21	4113.8384	-8505.016
67	22	4120.571	-8507.883
67	23	4102.2485	-8505.865
67	25	4220.052	-8487.03
67	27	4226.7236	-8489.547
67	28	4236.59	-8482.263
68	1	4172.2676	-8494.432
68	2	4176.7773	-8504.521
68	3	4101.1025	-8510.9795
68	4	4180.843	-8490.707
68	5	4163.735	-8497.027
68	6	4167.726	-8502.834
68	7	4165.482	-8506.915
68	8	4151.762	-8499.394
68	9	4153.337	-8504.936
68	10	4157.2803	-8508.16
68	11	4176.955	-8500.025
68	12	4145.837	-8509.871
68	13	4137.46	-8503.195
68	14	4186.6216	-8498.238
68	15	4187.954	-8501.861
68	16	4137.0835	-8508.144
68	17	4129.289	-8511.306
68	18	4126.2056	-8504.139
68	19	4198.3926	-8494.304
68	20	4116.0557	-8511.251
68	21	4113.5356	-8505.045
68	22	4120.4893	-8507.874
68	23	4101.907	-8505.873
68	25	4219.6733	-8487.147
68	27	4226.129	-8489.727
68	28	4236.1787	-8482.418
69	1	4172.119	-8494.4795
69	2	4176.566	-8504.563
69	3	4100.6636	-8510.967
69	4	4180.6475	-8490.782
69	5	4163.554	-8497.074
69	6	4167.458	-8502.862
69	7	4165.178	-8506.96
69	8	4151.4785	-8499.454
69	9	4153.098	-8504.968
69	10	4157.0415	-8508.187
69	11	4176.6895	-8500.087
69	12	4145.598	-8509.889
69	13	4137.2393	-8503.221
69	14	4186.3945	-8498.297
69	15	4187.7456	-8501.947
69	16	4136.9033	-8508.184
69	17	4129.0674	-8511.316
69	18	4126.0635	-8504.15
69	19	4198.0674	-8494.403
69	20	4115.6865	-8511.265
69	21	4113.2607	-8505.065
69	22	4120.3735	-8507.862
69	23	4101.6045	-8505.865
69	25	4219.4688	-8487.2
69	27	4225.521	-8489.94
69	28	4235.789	-8482.496
70	1	4171.958	-8494.523
70	2	4176.3633	-8504.599
70	3	4100.282	-8510.956
70	4	4180.449	-8490.858
70	5	4163.3696	-8497.125
70	6	4167.2026	-8502.907
70	7	4164.877	-8507.013
70	8	4151.2046	-8499.515
70	9	4152.874	-8504.995
70	10	4156.8027	-8508.219
70	11	4176.4395	-8500.138
70	12	4145.3486	-8509.902
70	13	4137.007	-8503.263
70	14	4186.1665	-8498.363
70	15	4187.5337	-8502.014
70	16	4136.759	-8508.221
70	17	4128.8325	-8511.323
70	18	4125.947	-8504.159
70	19	4197.758	-8494.498
70	20	4115.3423	-8511.269
70	21	4112.9355	-8505.091
70	22	4120.275	-8507.8955
70	23	4101.302	-8505.871
70	25	4218.9756	-8487.375
70	27	4224.9927	-8490.068
70	28	4235.372	-8482.618
70	30	4088.9402	-8506.0
71	1	4171.8076	-8494.577
71	2	4176.1616	-8504.642
71	3	4099.854	-8510.93
71	4	4180.256	-8490.934
71	5	4163.1797	-8497.178
71	6	4166.964	-8502.97
71	7	4164.566	-8507.081
71	8	4150.92	-8499.58
71	9	4152.64	-8505.026
71	10	4156.58	-8508.25
71	11	4176.198	-8500.198
71	12	4145.131	-8509.924
71	13	4136.7725	-8503.305
71	14	4185.929	-8498.431
71	15	4187.3228	-8502.073
71	16	4136.5864	-8508.25
71	17	4128.6025	-8511.335
71	18	4125.8364	-8504.163
71	19	4197.458	-8494.579
71	20	4114.9727	-8511.254
71	21	4112.6294	-8505.124
71	22	4120.181	-8507.893
71	23	4100.9937	-8505.876
71	25	4218.655	-8487.453
71	27	4224.377	-8490.278
71	28	4234.991	-8482.749
71	30	4088.693	-8505.93
72	1	4171.652	-8494.624
72	2	4175.951	-8504.683
72	3	4099.428	-8510.886
72	4	4180.0693	-8491.012
72	5	4162.983	-8497.2295
72	6	4166.703	-8503.005
72	7	4164.286	-8507.142
72	8	4150.6196	-8499.651
72	9	4152.399	-8505.057
72	10	4156.3364	-8508.281
72	11	4175.933	-8500.257
72	12	4144.9307	-8509.941
72	13	4136.558	-8503.353
72	14	4185.696	-8498.494
72	15	4187.077	-8502.123
72	16	4136.429	-8508.28
72	17	4128.381	-8511.342
72	18	4125.711	-8504.182
72	19	4197.1743	-8494.663
72	20	4114.629	-8511.25
72	21	4112.319	-8505.155
72	22	4120.071	-8507.884
72	23	4100.6807	-8505.868
72	25	4218.2954	-8487.582
72	27	4223.756	-8490.498
72	28	4234.6177	-8482.883
72	30	4088.313	-8505.868
73	1	4171.4795	-8494.673
73	2	4175.747	-8504.716
73	3	4099.01	-8510.868
73	4	4179.89	-8491.083
73	5	4162.7812	-8497.285
73	6	4166.4463	-8503.049
73	7	4163.991	-8507.183
73	8	4150.328	-8499.708
73	9	4152.159	-8505.085
73	10	4156.1064	-8508.311
73	11	4175.684	-8500.314
73	12	4144.7197	-8509.946
73	13	4136.305	-8503.362
73	14	4185.4585	-8498.56
73	15	4186.8555	-8502.183
73	16	4136.242	-8508.327
73	17	4128.1465	-8511.353
73	18	4125.561	-8504.194
73	19	4196.8755	-8494.753
73	20	4114.281	-8511.235
73	21	4112.003	-8505.171
73	22	4119.977	-8507.877
73	23	4100.379	-8505.861
73	25	4217.9478	-8487.687
73	27	4223.0713	-8490.715
73	28	4234.1997	-8483.003
73	30	4088.067	-8505.841
74	1	4171.309	-8494.725
74	2	4175.537	-8504.753
74	3	4098.5576	-8510.813
74	4	4179.713	-8491.15
74	5	4162.5737	-8497.339
74	6	4166.1987	-8503.1
74	7	4163.699	-8507.2295
74	8	4150.0234	-8499.77
74	9	4151.93	-8505.111
74	10	4155.8867	-8508.335
74	11	4175.4175	-8500.371
74	12	4144.5054	-8509.955
74	13	4136.093	-8503.41
74	14	4185.2285	-8498.624
74	15	4186.6274	-8502.246
74	16	4136.085	-8508.349
74	17	4127.921	-8511.362
74	18	4125.4434	-8504.202
74	19	4196.5933	-8494.838
74	20	4113.9204	-8511.235
74	21	4111.6885	-8505.187
74	22	4119.88	-8507.876
74	23	4100.0283	-8505.848
74	25	4217.588	-8487.797
74	27	4222.481	-8490.909
74	28	4233.818	-8483.123
74	30	4087.7322	-8505.789
75	1	4171.15	-8494.784
75	2	4175.336	-8504.787
75	3	4098.1196	-8510.794
75	4	4179.5366	-8491.216
75	5	4162.361	-8497.3955
75	6	4165.963	-8503.139
75	7	4163.4194	-8507.28
75	8	4149.72	-8499.828
75	9	4151.69	-8505.141
75	10	4155.6367	-8508.373
75	11	4175.17	-8500.425
75	12	4144.2754	-8509.981
75	13	4135.864	-8503.46
75	14	4184.997	-8498.685
75	15	4186.4033	-8502.307
75	16	4135.884	-8508.396
75	17	4127.6772	-8511.375
75	18	4125.294	-8504.219
75	19	4196.305	-8494.928
75	20	4113.581	-8511.225
75	21	4111.3564	-8505.208
75	22	4119.784	-8507.89
75	23	4099.715	-8505.84
75	25	4217.2476	-8487.91
75	27	4221.865	-8491.096
75	28	4233.469	-8483.24
75	30	4087.3542	-8505.739
75	31	4089.732	-8505.419
76	1	4170.998	-8494.828
76	2	4175.131	-8504.828
76	3	4097.652	-8510.744
76	4	4179.373	-8491.289
76	5	4162.1426	-8497.454
76	6	4165.7173	-8503.1875
76	7	4163.156	-8507.332
76	8	4149.391	-8499.9
76	9	4151.4653	-8505.166
76	10	4155.4087	-8508.402
76	11	4174.927	-8500.4795
76	12	4144.062	-8509.996
76	13	4135.6187	-8503.497
76	14	4184.7573	-8498.751
76	15	4186.176	-8502.366
76	16	4135.7114	-8508.425
76	17	4127.4336	-8511.381
76	18	4125.1606	-8504.224
76	19	4196.06	-8494.975
76	20	4113.1904	-8511.226
76	21	4111.024	-8505.23
76	22	4119.6646	-8507.868
76	23	4099.389	-8505.835
76	25	4216.887	-8488.0205
76	27	4221.2007	-8491.297
76	28	4233.094	-8483.377
76	30	4087.033	-8505.679
77	1	4170.8433	-8494.874
77	2	4174.933	-8504.868
77	3	4097.1934	-8510.702
77	4	4179.188	-8491.353
77	5	4161.9175	-8497.514
77	6	4165.4775	-8503.227
77	7	4162.88	-8507.37
77	8	4149.078	-8499.971
77	9	4151.2324	-8505.191
77	10	4155.1797	-8508.433
77	11	4174.6724	-8500.531
77	12	4143.8525	-8510.003
77	13	4135.4	-8503.532
77	14	4184.5317	-8498.814
77	15	4185.949	-8502.418
77	16	4135.553	-8508.467
77	17	4127.1885	-8511.388
77	18	4125.0156	-8504.23
77	19	4195.7783	-8495.067
77	20	4112.826	-8511.234
77	21	4110.6816	-8505.242
77	22	4119.5576	-8507.866
77	23	4099.0684	-8505.804
77	25	4216.5337	-8488.131
77	27	4220.5747	-8491.5205
77	28	4232.7354	-8483.475
77	30	4086.676	-8505.6
77	31	4089.0098	-8505.333
78	1	4170.6953	-8494.922
78	2	4174.7065	-8504.908
78	3	4096.7363	-8510.674
78	4	4179.044	-8491.422
78	5	4161.686	-8497.575
78	6	4165.241	-8503.271
78	7	4162.6084	-8507.427
78	8	4148.783	-8500.027
78	9	4150.996	-8505.219
78	10	4154.9604	-8508.465
78	11	4174.409	-8500.594
78	12	4143.6504	-8510.014
78	13	4135.192	-8503.563
78	14	4184.2896	-8498.878
78	15	4185.7295	-8502.479
78	16	4135.4004	-8508.488
78	17	4126.93	-8511.404
78	18	4124.8564	-8504.244
78	19	4195.5205	-8495.151
78	20	4112.44	-8511.219
78	21	4110.347	-8505.262
78	22	4119.4346	-8507.866
78	23	4098.7505	-8505.789
78	25	4216.176	-8488.232
78	27	4220.032	-8491.702
78	28	4232.403	-8483.567
78	30	4086.3545	-8505.557
78	31	4088.65	-8505.281
79	1	4170.5527	-8494.968
79	2	4174.497	-8504.95
79	3	4096.265	-8510.624
79	4	4178.906	-8491.479
79	5	4161.4473	-8497.636
79	6	4165.003	-8503.313
79	7	4162.3477	-8507.47
79	8	4148.4614	-8500.092
79	9	4150.7603	-8505.24
79	10	4154.731	-8508.496
79	11	4174.148	-8500.647
79	12	4143.454	-8510.027
79	13	4134.9673	-8503.588
79	14	4184.0684	-8498.9375
79	15	4185.5156	-8502.539
79	16	4135.227	-8508.527
79	17	4126.681	-8511.414
79	18	4124.717	-8504.25
79	19	4195.2954	-8495.228
79	20	4112.0576	-8511.213
79	21	4110.021	-8505.279
79	22	4119.325	-8507.849
79	23	4098.423	-8505.777
79	25	4215.8076	-8488.347
79	27	4219.409	-8491.876
79	28	4232.0195	-8483.6875
79	30	4086.022	-8505.524
79	31	4088.2708	-8505.284
80	1	4170.4175	-8495.011
80	2	4174.275	-8504.994
80	3	4095.7861	-8510.588
80	4	4178.7417	-8491.541
80	5	4161.2046	-8497.699
80	6	4164.7773	-8503.357
80	7	4162.0747	-8507.508
80	8	4148.162	-8500.152
80	9	4150.5376	-8505.267
80	10	4154.4937	-8508.53
80	11	4173.8896	-8500.712
80	12	4143.2256	-8510.04
80	13	4134.7656	-8503.621
80	14	4183.8228	-8498.995
80	15	4185.308	-8502.6
80	16	4135.03	-8508.555
80	17	4126.412	-8511.423
80	18	4124.57	-8504.258
80	19	4195.0347	-8495.298
80	20	4111.6597	-8511.211
80	21	4109.6963	-8505.297
80	22	4119.2285	-8507.842
80	23	4098.063	-8505.752
80	25	4215.437	-8488.457
80	27	4218.8306	-8492.103
80	28	4231.7007	-8483.779
80	30	4085.7117	-8505.503
80	31	4088.0002	-8505.246
81	1	4170.2676	-8495.047
81	2	4174.0435	-8505.037
81	3	4095.3105	-8510.561
81	4	4178.5884	-8491.606
81	5	4160.955	-8497.766
81	6	4164.544	-8503.402
81	7	4161.8066	-8507.55
81	8	4147.864	-8500.211
81	9	4150.3135	-8505.29
81	10	4154.2666	-8508.556
81	11	4173.6304	-8500.763
81	12	4143.018	-8510.052
81	13	4134.546	-8503.663
81	14	4183.596	-8499.056
81	15	4185.083	-8502.66
81	16	4134.872	-8508.603
81	17	4126.14	-8511.436
81	18	4124.407	-8504.277
81	19	4194.819	-8495.367
81	20	4111.253	-8511.215
81	21	4109.3774	-8505.306
81	22	4119.125	-8507.856
81	23	4097.707	-8505.741
81	25	4215.215	-8488.501
81	28	4231.4043	-8483.876
81	30	4085.342	-8505.496
81	31	4087.6348	-8505.156
82	1	4170.1396	-8495.09
82	2	4173.813	-8505.082
82	3	4094.8447	-8510.522
82	4	4178.4385	-8491.661
82	5	4160.6987	-8497.83
82	6	4164.31	-8503.451
82	7	4161.546	-8507.585
82	8	4147.5664	-8500.266
82	9	4150.088	-8505.3125
82	10	4154.04	-8508.592
82	11	4173.35	-8500.813
82	12	4142.819	-8510.068
82	13	4134.358	-8503.68
82	14	4183.3496	-8499.114
82	15	4184.868	-8502.721
82	16	4134.706	-8508.627
82	17	4125.8525	-8511.453
82	18	4124.2495	-8504.288
82	19	4194.5786	-8495.436
82	20	4110.854	-8511.206
82	21	4109.0415	-8505.316
82	22	4119.009	-8507.831
82	23	4097.4165	-8505.746
82	25	4214.749	-8488.686
82	27	4217.528	-8492.523
82	28	4231.098	-8483.988
82	30	4084.9932	-8505.468
82	31	4087.3489	-8505.125
83	1	4169.9927	-8495.146
83	2	4173.5796	-8505.13
83	3	4094.3618	-8510.4795
83	4	4178.31	-8491.715
83	5	4160.438	-8497.896
83	6	4164.0835	-8503.483
83	7	4161.2837	-8507.635
83	8	4147.2676	-8500.32
83	9	4149.858	-8505.337
83	10	4153.8213	-8508.623
83	11	4173.095	-8500.872
83	12	4142.6064	-8510.091
83	13	4134.171	-8503.711
83	14	4183.1167	-8499.174
83	15	4184.6597	-8502.775
83	16	4134.519	-8508.662
83	17	4125.577	-8511.463
83	18	4124.1123	-8504.29
83	19	4194.3403	-8495.519
83	20	4110.449	-8511.212
83	21	4108.724	-8505.348
83	22	4118.8906	-8507.822
83	23	4097.0283	-8505.695
83	25	4214.414	-8488.786
83	28	4230.7764	-8484.085
83	30	4084.6353	-8505.449
83	31	4086.9849	-8505.098
84	1	4169.8335	-8495.181
84	2	4173.347	-8505.181
84	3	4093.8933	-8510.42
84	4	4178.1577	-8491.7705
84	5	4160.173	-8497.965
84	6	4163.8535	-8503.523
84	7	4161.0347	-8507.674
84	8	4146.9536	-8500.381
84	9	4149.634	-8505.36
84	10	4153.5938	-8508.655
84	11	4172.83	-8500.928
84	12	4142.434	-8510.101
84	13	4133.9937	-8503.742
84	14	4182.876	-8499.232
84	15	4184.4395	-8502.846
84	16	4134.362	-8508.69
84	17	4125.298	-8511.47
84	18	4123.946	-8504.297
84	19	4194.119	-8495.58
84	20	4110.0024	-8511.207
84	21	4108.4	-8505.355
84	22	4118.817	-8507.841
84	23	4096.6987	-8505.685
84	25	4214.1504	-8488.864
84	28	4230.4707	-8484.218
84	30	4084.3032	-8505.463
84	31	4086.66	-8505.079
85	1	4169.6655	-8495.242
85	2	4173.098	-8505.226
85	3	4093.4424	-8510.368
85	4	4178.005	-8491.827
85	5	4159.902	-8498.032
85	6	4163.62	-8503.556
85	7	4160.789	-8507.713
85	8	4146.652	-8500.439
85	9	4149.424	-8505.382
85	10	4153.368	-8508.682
85	11	4172.5576	-8500.98
85	12	4142.236	-8510.118
85	13	4133.8164	-8503.765
85	14	4182.643	-8499.289
85	15	4184.227	-8502.901
85	16	4134.199	-8508.72
85	17	4125.008	-8511.485
85	18	4123.8037	-8504.306
85	19	4193.902	-8495.649
85	20	4109.5723	-8511.2
85	21	4108.0566	-8505.366
85	22	4118.6846	-8507.838
85	23	4096.3833	-8505.652
85	25	4213.769	-8488.987
85	28	4230.1597	-8484.29
85	30	4083.9487	-8505.431
85	33	4104.045	-8534.865
85	34	4085.9358	-8504.973
86	1	4169.5225	-8495.283
86	2	4172.853	-8505.273
86	3	4092.9526	-8510.318
86	4	4177.8794	-8491.881
86	5	4159.6265	-8498.103
86	6	4163.4077	-8503.604
86	7	4160.5396	-8507.751
86	8	4146.3457	-8500.498
86	9	4149.214	-8505.403
86	10	4153.141	-8508.717
86	11	4172.3125	-8501.036
86	12	4142.068	-8510.135
86	13	4133.64	-8503.796
86	14	4182.425	-8499.35
86	15	4184.0107	-8502.945
86	16	4134.0234	-8508.762
86	17	4124.7114	-8511.487
86	18	4123.643	-8504.312
86	19	4193.687	-8495.713
86	20	4109.147	-8511.211
86	21	4107.7227	-8505.381
86	22	4118.563	-8507.824
86	23	4096.0376	-8505.639
86	25	4213.4424	-8489.086
86	28	4229.8496	-8484.427
86	30	4083.618	-8505.418
86	33	4103.245	-8534.63
86	34	4085.4424	-8504.899
87	1	4169.368	-8495.33
87	2	4172.603	-8505.325
87	3	4092.4805	-8510.261
87	4	4177.75	-8491.931
87	5	4159.3477	-8498.171
87	6	4163.1807	-8503.634
87	7	4160.297	-8507.782
87	8	4146.0527	-8500.551
87	9	4148.9946	-8505.42
87	10	4152.915	-8508.74
87	11	4172.05	-8501.09
87	12	4141.8843	-8510.143
87	13	4133.478	-8503.824
87	14	4182.194	-8499.407
87	15	4183.791	-8502.995
87	16	4133.867	-8508.778
87	17	4124.4175	-8511.501
87	18	4123.474	-8504.326
87	19	4193.4424	-8495.794
87	20	4108.728	-8511.214
87	21	4107.377	-8505.398
87	22	4118.418	-8507.806
87	23	4095.691	-8505.614
87	25	4213.14	-8489.173
87	28	4229.551	-8484.513
87	30	4083.2466	-8505.3545
87	33	4102.655	-8534.482
87	34	4085.1606	-8504.848
88	1	4169.2085	-8495.38
88	2	4172.3555	-8505.37
88	3	4091.874	-8510.211
88	4	4177.614	-8491.98
88	5	4159.0645	-8498.242
88	6	4162.966	-8503.673
88	7	4160.061	-8507.815
88	8	4145.7617	-8500.604
88	9	4148.7773	-8505.444
88	10	4152.706	-8508.768
88	11	4171.7837	-8501.147
88	12	4141.71	-8510.163
88	13	4133.2993	-8503.857
88	14	4181.971	-8499.465
88	15	4183.5684	-8503.047
88	16	4133.7075	-8508.815
88	17	4124.1074	-8511.514
88	18	4123.284	-8504.347
88	19	4193.229	-8495.868
88	20	4108.2524	-8511.22
88	21	4107.036	-8505.42
88	22	4118.2974	-8507.82
88	23	4095.3628	-8505.6045
88	25	4212.8286	-8489.284
88	28	4229.2607	-8484.658
88	30	4082.7888	-8505.324
88	33	4101.994	-8534.244
88	34	4084.6997	-8504.819
88	36	4104.0635	-8531.169
89	1	4169.0215	-8495.439
89	2	4172.0913	-8505.424
89	3	4091.4336	-8510.147
89	4	4177.4814	-8492.033
89	5	4158.7773	-8498.313
89	6	4162.744	-8503.71
89	7	4159.818	-8507.855
89	8	4145.4663	-8500.66
89	9	4148.5537	-8505.469
89	10	4152.484	-8508.794
89	11	4171.5366	-8501.198
89	12	4141.55	-8510.184
89	13	4133.163	-8503.873
89	14	4181.755	-8499.528
89	15	4183.359	-8503.105
89	16	4133.5317	-8508.845
89	17	4123.788	-8511.521
89	18	4123.12	-8504.355
89	19	4193.0024	-8495.94
89	20	4107.776	-8511.178
89	21	4106.7	-8505.429
89	22	4118.1616	-8507.811
89	23	4095.0315	-8505.557
89	25	4212.4507	-8489.3955
89	28	4228.9673	-8484.755
89	30	4082.4697	-8505.171
89	33	4101.0044	-8533.991
89	34	4084.5457	-8504.766
90	1	4168.8237	-8495.491
90	2	4171.8228	-8505.48
90	3	4090.965	-8510.108
90	4	4177.3623	-8492.085
90	5	4158.488	-8498.384
90	6	4162.531	-8503.745
90	7	4159.6	-8507.893
90	8	4145.1694	-8500.717
90	9	4148.356	-8505.484
90	10	4152.266	-8508.819
90	11	4171.2866	-8501.239
90	12	4141.363	-8510.202
90	13	4132.985	-8503.897
90	14	4181.5146	-8499.582
90	15	4183.127	-8503.149
90	16	4133.345	-8508.876
90	17	4123.4736	-8511.525
90	18	4122.939	-8504.362
90	19	4192.796	-8496.014
90	20	4107.2935	-8511.174
90	21	4106.3467	-8505.45
90	22	4118.027	-8507.813
90	23	4094.6833	-8505.53
90	25	4212.1406	-8489.48
90	28	4228.685	-8484.86
90	30	4082.0554	-8505.059
90	33	4100.187	-8533.753
90	34	4084.033	-8504.668
