0	1	-1500.7078	234.91693
0	2	-1487.2758	223.18182
0	3	-1528.6927	257.32004
0	4	-1540.7593	275.3772
0	5	-1491.8262	226.18832
0	6	-1495.91	261.29092
0	7	-1487.9362	262.03708
0	8	-1489.7283	267.5104
0	9	-1492.0958	273.8701
0	10	-1485.632	247.67508
0	11	-1494.2758	279.97427
0	12	-1486.2896	280.82794
0	13	-1496.1519	285.45996
0	14	-1498.5779	291.6127
0	15	-1526.7749	246.94913
0	16	-1500.4862	297.11948
0	17	-1536.7545	262.6026
0	18	-1502.6003	302.0509
0	19	-1480.2412	217.65154
0	20	-1504.5552	307.25833
0	21	-1476.5486	212.02853
0	22	-1508.0527	317.03055
0	23	-1552.4657	293.47546
0	24	-1555.824	279.42593
0	25	-1503.1804	198.51273
0	26	-1518.1793	319.55737
0	27	-1511.1084	325.10068
0	28	-1500.3167	194.29955
0	29	-1559.6676	285.21835
0	30	-1508.5885	190.81895
0	31	-1546.3308	210.37997
0	33	-1562.8618	290.97543
1	1	-1500.2957	235.31091
1	2	-1487.303	223.21445
1	3	-1528.4543	256.94293
1	4	-1540.2911	274.65543
1	5	-1491.933	226.09024
1	6	-1495.9102	261.29092
1	7	-1487.9362	262.03708
1	8	-1489.7283	267.5104
1	9	-1492.0958	273.8701
1	10	-1485.632	247.67508
1	11	-1494.2758	279.97427
1	12	-1486.2843	280.82657
1	13	-1496.1519	285.45996
1	14	-1498.5779	291.6127
1	15	-1526.7283	246.88004
1	16	-1500.4862	297.11948
1	17	-1536.4518	262.1375
1	18	-1502.6003	302.0509
1	19	-1480.2412	217.65154
1	20	-1504.5552	307.25833
1	21	-1476.5486	212.02853
1	22	-1508.0527	317.03055
1	23	-1551.9847	292.73236
1	25	-1503.1804	198.51273
1	26	-1518.2258	319.64914
1	27	-1511.1084	325.10068
1	28	-1500.3167	194.29955
1	29	-1559.6676	285.21835
1	30	-1508.5885	190.81895
1	31	-1546.326	210.41006
1	33	-1562.8618	290.97543
2	1	-1499.8905	235.71219
2	2	-1487.3446	223.28355
2	3	-1528.2229	256.59756
2	4	-1539.8232	273.93607
2	5	-1492.0297	225.98445
2	6	-1495.91	261.29102
2	7	-1487.9362	262.03708
2	8	-1489.7283	267.5104
2	9	-1492.0958	273.8701
2	10	-1485.632	247.67508
2	11	-1494.2758	279.97427
2	12	-1486.2753	280.8335
2	13	-1496.1519	285.45996
2	14	-1498.5779	291.6127
2	15	-1526.69	246.81618
2	16	-1500.4862	297.11948
2	17	-1536.1486	261.6481
2	18	-1502.6003	302.0509
2	19	-1480.2412	217.65154
2	20	-1504.5552	307.25833
2	21	-1476.5486	212.02853
2	22	-1508.0527	317.03055
2	23	-1551.5211	292.01944
2	24	-1555.824	279.42593
2	25	-1503.1804	198.51273
2	26	-1518.2743	319.7446
2	27	-1511.1084	325.10068
2	28	-1500.3167	194.29955
2	29	-1559.6676	285.21835
2	30	-1508.5885	190.81895
2	31	-1546.3248	210.41673
2	33	-1562.8618	290.97543
3	1	-1499.4943	236.09642
3	2	-1487.3949	223.36403
3	3	-1527.9974	256.25024
3	4	-1539.3733	273.24347
3	5	-1492.13	225.87117
3	6	-1495.9102	261.29092
3	7	-1487.9362	262.03708
3	8	-1489.7283	267.5104
3	9	-1492.0958	273.8701
3	10	-1485.632	247.67508
3	11	-1494.2758	279.97427
3	12	-1486.2762	280.83554
3	13	-1496.1519	285.45996
3	14	-1498.5779	291.6127
3	15	-1526.6519	246.75662
3	16	-1500.4862	297.11948
3	17	-1535.8815	261.22543
3	18	-1502.6003	302.0509
3	19	-1480.2412	217.65154
3	20	-1504.5552	307.25833
3	21	-1476.5486	212.02853
3	22	-1508.0527	317.03055
3	23	-1551.053	291.30292
3	24	-1555.824	279.42593
3	25	-1503.1804	198.51273
3	26	-1518.3137	319.84415
3	27	-1511.1084	325.10068
3	28	-1500.3167	194.29955
3	29	-1559.6676	285.21835
3	30	-1508.5885	190.81895
3	31	-1546.3224	210.41351
3	33	-1562.8618	290.97543
4	1	-1499.0991	236.49532
4	2	-1487.4453	223.46663
4	3	-1527.7802	255.92499
4	4	-1538.927	272.5651
4	5	-1492.2452	225.77988
4	6	-1495.91	261.2909
4	7	-1487.9362	262.03708
4	8	-1489.7283	267.5104
4	9	-1492.0958	273.8701
4	10	-1485.632	247.67508
4	11	-1494.2758	279.97427
4	12	-1486.2792	280.8385
4	13	-1496.1519	285.45996
4	14	-1498.5779	291.6127
4	15	-1526.6276	246.71622
4	16	-1500.4862	297.11948
4	17	-1535.6176	260.80975
4	18	-1502.6003	302.0509
4	19	-1480.2412	217.65154
4	20	-1504.5552	307.25833
4	21	-1476.5486	212.02853
4	22	-1508.0527	317.03055
4	23	-1550.5807	290.5904
4	24	-1555.824	279.42593
4	25	-1503.1804	198.51273
4	26	-1518.3568	319.93277
4	27	-1511.1084	325.10068
4	28	-1500.3167	194.29955
4	29	-1559.6676	285.21835
4	30	-1508.5885	190.81895
4	31	-1546.3234	210.41013
4	33	-1562.8618	290.97543
5	1	-1498.7142	236.87979
5	2	-1487.497	223.56543
5	3	-1527.5625	255.59909
5	4	-1538.4893	271.89407
5	5	-1492.3542	225.64761
5	6	-1495.9102	261.29086
5	7	-1487.9362	262.03708
5	8	-1489.7283	267.5104
5	9	-1492.0958	273.8701
5	10	-1485.632	247.67508
5	11	-1494.2758	279.97427
5	12	-1486.2822	280.83847
5	13	-1496.1519	285.45996
5	14	-1498.5779	291.6127
5	15	-1526.5933	246.66946
5	16	-1500.4862	297.11948
5	17	-1535.3666	260.40808
5	18	-1502.6003	302.0509
5	19	-1480.2412	217.65154
5	20	-1504.5552	307.25833
5	21	-1476.5486	212.02853
5	22	-1508.0527	317.03055
5	23	-1550.112	289.88467
5	24	-1555.824	279.42593
5	25	-1503.1804	198.51273
5	26	-1518.4005	320.01495
5	27	-1511.1084	325.10068
5	28	-1500.3167	194.29955
5	29	-1559.6676	285.21835
5	30	-1508.5885	190.81895
5	31	-1546.3151	210.42043
5	33	-1562.8618	290.97543
6	1	-1498.3461	237.26483
6	2	-1487.5496	223.68076
6	3	-1527.3635	255.29488
6	4	-1538.0719	271.25217
6	5	-1492.4286	225.55391
6	6	-1495.9102	261.2909
6	7	-1487.9362	262.03708
6	8	-1489.7283	267.5104
6	9	-1492.0958	273.8701
6	10	-1485.632	247.67508
6	11	-1494.2758	279.97427
6	12	-1486.2681	280.8156
6	13	-1496.1519	285.45996
6	14	-1498.5779	291.6127
6	15	-1526.574	246.63672
6	16	-1500.4862	297.11948
6	17	-1535.1338	260.0306
6	18	-1502.6003	302.0509
6	19	-1480.2412	217.65154
6	20	-1504.5552	307.25833
6	21	-1476.5486	212.02853
6	22	-1508.0527	317.03055
6	23	-1549.6537	289.1926
6	24	-1555.824	279.42593
6	25	-1503.1804	198.51273
6	26	-1518.4167	320.1026
6	27	-1511.1084	325.10068
6	28	-1500.3167	194.29955
6	29	-1559.6676	285.21835
6	30	-1508.5885	190.81895
6	31	-1546.3351	210.40323
6	33	-1562.8618	290.97543
7	1	-1497.988	237.6473
7	2	-1487.6141	223.80106
7	3	-1527.168	255.00545
7	4	-1537.6508	270.6223
7	5	-1492.5625	225.45265
7	6	-1495.9102	261.29102
7	7	-1487.9362	262.03708
7	8	-1489.7283	267.5104
7	9	-1492.0958	273.8701
7	10	-1485.632	247.67508
7	11	-1494.2758	279.97427
7	12	-1486.2804	280.826
7	13	-1496.1519	285.45996
7	14	-1498.5779	291.6127
7	15	-1526.5477	246.59038
7	16	-1500.4862	297.11948
7	17	-1534.8898	259.66962
7	18	-1502.6003	302.0509
7	19	-1480.2412	217.65154
7	20	-1504.5552	307.25833
7	21	-1476.5486	212.02853
7	22	-1508.0527	317.03055
7	23	-1549.2076	288.52048
7	24	-1555.824	279.42593
7	25	-1503.1804	198.51273
7	26	-1518.4502	320.20038
7	27	-1511.1084	325.10068
7	28	-1500.3167	194.29955
7	29	-1559.6676	285.21835
7	30	-1508.5885	190.81895
7	31	-1546.352	210.38487
7	33	-1562.8618	290.97543
8	1	-1497.6517	238.00786
8	2	-1487.6842	223.9369
8	3	-1526.9786	254.72725
8	4	-1537.2653	270.0292
8	5	-1492.6644	225.33173
8	6	-1495.9102	261.2911
8	7	-1487.9362	262.03708
8	8	-1489.7283	267.5104
8	9	-1492.0958	273.8701
8	10	-1485.632	247.67508
8	11	-1494.2758	279.97427
8	12	-1486.2776	280.82745
8	13	-1496.1519	285.45996
8	14	-1498.5779	291.6127
8	15	-1526.5275	246.56836
8	16	-1500.4862	297.11948
8	17	-1534.6606	259.32315
8	18	-1502.6003	302.0509
8	19	-1480.2412	217.65154
8	20	-1504.5552	307.25833
8	21	-1476.5486	212.02853
8	22	-1508.0527	317.03055
8	23	-1548.7662	287.83716
8	24	-1555.824	279.42593
8	25	-1503.1804	198.51273
8	26	-1518.4995	320.2793
8	27	-1511.1084	325.10068
8	28	-1500.3167	194.29955
8	29	-1559.6676	285.21835
8	30	-1508.5885	190.81895
8	33	-1562.8618	290.97543
9	1	-1497.308	238.38423
9	2	-1487.7627	224.08467
9	3	-1526.795	254.45517
9	4	-1536.883	269.4526
9	5	-1492.78	225.23625
9	6	-1495.91	261.29105
9	7	-1487.9362	262.03708
9	8	-1489.7283	267.5104
9	9	-1492.0958	273.8701
9	10	-1485.632	247.67508
9	11	-1494.2758	279.97427
9	12	-1486.2838	280.8222
9	13	-1496.1519	285.45996
9	14	-1498.5779	291.6127
9	15	-1526.5106	246.53651
9	16	-1500.4862	297.11948
9	17	-1534.4587	258.98376
9	18	-1502.6003	302.0509
9	19	-1480.2412	217.65154
9	20	-1504.5552	307.25833
9	21	-1476.5486	212.02853
9	22	-1508.0527	317.03055
9	23	-1548.3251	287.1668
9	24	-1555.824	279.42593
9	25	-1503.1804	198.51273
9	26	-1518.5306	320.35904
9	27	-1511.1084	325.10068
9	28	-1500.3167	194.29955
9	29	-1559.6676	285.21835
9	30	-1508.5885	190.81895
9	31	-1546.3009	210.3965
9	33	-1562.8618	290.97543
10	1	-1496.979	238.75627
10	2	-1487.8502	224.25046
10	3	-1526.624	254.18668
10	4	-1536.5116	268.8942
10	5	-1492.8885	225.1065
10	6	-1495.9099	261.2911
10	7	-1487.9362	262.03708
10	8	-1489.7283	267.5104
10	9	-1492.0958	273.8701
10	10	-1485.632	247.67508
10	11	-1494.2758	279.97427
10	12	-1486.2804	280.82608
10	13	-1496.1519	285.45996
10	14	-1498.5779	291.6127
10	15	-1526.4976	246.51596
10	16	-1500.4862	297.11948
10	17	-1534.2627	258.6747
10	18	-1502.6003	302.0509
10	19	-1480.2412	217.65154
10	20	-1504.5552	307.25833
10	21	-1476.5486	212.02853
10	22	-1508.0527	317.03055
10	23	-1547.8762	286.50305
10	24	-1555.824	279.42593
10	25	-1503.1804	198.51273
10	26	-1518.5625	320.4458
10	27	-1511.1084	325.10068
10	28	-1500.3167	194.29955
10	29	-1559.6676	285.21835
10	30	-1508.5885	190.81895
10	31	-1546.3107	210.37282
10	32	-1545.5673	209.12955
10	33	-1562.8618	290.97543
11	1	-1496.6749	239.11592
11	2	-1487.9354	224.40744
11	3	-1526.4481	253.92564
11	4	-1536.1595	268.35202
11	5	-1492.9946	225.01459
11	6	-1495.9099	261.29108
11	7	-1487.9362	262.03708
11	8	-1489.7283	267.5104
11	9	-1492.0958	273.8701
11	10	-1485.632	247.67508
11	11	-1494.2758	279.97427
11	12	-1486.2852	280.8347
11	13	-1496.1519	285.45996
11	14	-1498.5779	291.6127
11	15	-1526.4878	246.4941
11	16	-1500.4862	297.11948
11	17	-1534.0756	258.37296
11	18	-1502.6003	302.0509
11	19	-1480.2412	217.65154
11	20	-1504.5552	307.25833
11	21	-1476.5486	212.02853
11	22	-1508.0527	317.03055
11	23	-1547.4473	285.85373
11	24	-1555.824	279.42593
11	25	-1503.1804	198.51273
11	26	-1518.5946	320.5369
11	27	-1511.1084	325.10068
11	28	-1500.3167	194.29955
11	29	-1559.6676	285.21835
11	30	-1508.5885	190.81895
11	31	-1546.3228	210.38263
11	32	-1545.6041	209.03175
11	33	-1562.8618	290.97543
12	1	-1496.3756	239.47421
12	2	-1488.0294	224.59276
12	3	-1526.2863	253.6838
12	4	-1535.8197	267.8282
12	5	-1493.095	224.93105
12	6	-1495.9099	261.29108
12	7	-1487.9362	262.03708
12	8	-1489.7283	267.5104
12	9	-1492.0958	273.8701
12	10	-1485.632	247.67508
12	11	-1494.2758	279.97427
12	12	-1486.283	280.83484
12	13	-1496.1519	285.45996
12	14	-1498.5779	291.6127
12	15	-1526.4813	246.47893
12	16	-1500.4862	297.11948
12	17	-1533.9016	258.10535
12	18	-1502.6003	302.0509
12	19	-1480.2412	217.65154
12	20	-1504.5552	307.25833
12	21	-1476.5486	212.02853
12	22	-1508.0527	317.03055
12	23	-1547.028	285.20334
12	24	-1555.824	279.42593
12	25	-1503.1804	198.51273
12	26	-1518.6235	320.62283
12	27	-1511.1084	325.10068
12	28	-1500.3167	194.29955
12	29	-1559.6676	285.21835
12	30	-1508.5885	190.81895
12	31	-1546.361	210.3818
12	32	-1545.7108	208.93265
12	33	-1562.8618	290.97543
13	1	-1496.0815	239.84193
13	2	-1488.1256	224.79222
13	3	-1526.1232	253.42772
13	4	-1535.4841	267.3226
13	5	-1493.195	224.8158
13	6	-1495.9098	261.29108
13	7	-1487.9362	262.03708
13	8	-1489.7283	267.5104
13	9	-1492.0958	273.8701
13	10	-1485.632	247.67508
13	11	-1494.2758	279.97427
13	12	-1486.2795	280.8343
13	13	-1496.1519	285.45996
13	14	-1498.5779	291.6127
13	15	-1526.4735	246.4737
13	16	-1500.4862	297.11948
13	17	-1533.7324	257.8505
13	18	-1502.6003	302.0509
13	19	-1480.2412	217.65154
13	20	-1504.5552	307.25833
13	21	-1476.5486	212.02853
13	22	-1508.0527	317.03055
13	23	-1546.6072	284.55188
13	24	-1555.824	279.42593
13	25	-1503.1804	198.51273
13	26	-1518.6635	320.71173
13	27	-1511.1084	325.10068
13	28	-1500.3167	194.29955
13	29	-1559.6676	285.21835
13	30	-1508.5885	190.81895
13	31	-1546.3206	210.37007
13	32	-1545.5737	209.0742
13	33	-1562.8618	290.97543
13	34	-1556.4186	299.88916
14	1	-1495.794	240.21057
14	2	-1488.232	225.00232
14	3	-1525.9769	253.1988
14	4	-1535.1611	266.83472
14	5	-1493.3044	224.71207
14	6	-1495.9098	261.29102
14	7	-1487.9362	262.03708
14	8	-1489.7283	267.5104
14	9	-1492.0958	273.8701
14	10	-1485.632	247.67508
14	11	-1494.2758	279.97427
14	12	-1486.282	280.81116
14	13	-1496.1519	285.45996
14	14	-1498.5779	291.6127
14	15	-1526.4713	246.46635
14	16	-1500.4862	297.11948
14	17	-1533.5695	257.58762
14	18	-1502.6003	302.0509
14	19	-1480.2412	217.65154
14	20	-1504.5552	307.25833
14	21	-1476.5486	212.02853
14	22	-1508.0527	317.03055
14	23	-1546.1943	283.9206
14	24	-1555.824	279.42593
14	25	-1503.1804	198.51273
14	26	-1518.7074	320.80197
14	27	-1511.1084	325.10068
14	28	-1500.3167	194.29955
14	29	-1559.6676	285.21835
14	30	-1508.5885	190.81895
14	31	-1546.3319	210.38776
14	32	-1545.597	208.93556
14	33	-1562.8618	290.97543
14	34	-1555.9579	299.2493
15	1	-1495.5142	240.58371
15	2	-1488.3307	225.20883
15	3	-1525.8303	252.97289
15	4	-1534.8555	266.3774
15	5	-1493.4163	224.6075
15	6	-1495.9095	261.29102
15	7	-1487.9362	262.03708
15	8	-1489.7283	267.5104
15	9	-1492.0958	273.8701
15	10	-1485.632	247.67508
15	11	-1494.2758	279.97427
15	12	-1486.2761	280.83743
15	13	-1496.1519	285.45996
15	14	-1498.5779	291.6127
15	15	-1526.4634	246.44638
15	16	-1500.4862	297.11948
15	17	-1533.4109	257.34247
15	18	-1502.6003	302.0509
15	19	-1480.2412	217.65154
15	20	-1504.5552	307.25833
15	21	-1476.5486	212.02853
15	22	-1508.0527	317.03055
15	23	-1545.78	283.29187
15	24	-1555.824	279.42593
15	25	-1503.1804	198.51273
15	26	-1518.738	320.89478
15	27	-1511.1084	325.10068
15	28	-1500.3167	194.29955
15	29	-1559.6676	285.21835
15	30	-1508.5885	190.81895
15	31	-1546.3348	210.4614
15	33	-1562.8618	290.97543
15	34	-1555.4829	298.5375
16	1	-1495.2474	240.95909
16	2	-1488.4487	225.43669
16	3	-1525.6857	252.75813
16	4	-1534.5449	265.8951
16	5	-1493.5334	224.50163
16	6	-1495.9094	261.29108
16	7	-1487.9362	262.03708
16	8	-1489.7283	267.5104
16	9	-1492.0958	273.8701
16	10	-1485.632	247.67508
16	11	-1494.2758	279.97427
16	12	-1486.2737	280.8208
16	13	-1496.1519	285.45996
16	14	-1498.5779	291.6127
16	15	-1526.4606	246.45007
16	16	-1500.4862	297.11948
16	17	-1533.2667	257.11392
16	18	-1502.6003	302.0509
16	19	-1480.2412	217.65154
16	20	-1504.5552	307.25833
16	21	-1476.5486	212.02853
16	22	-1508.0527	317.03055
16	23	-1545.3895	282.67886
16	24	-1555.824	279.42593
16	25	-1503.1804	198.51273
16	26	-1518.7664	320.97687
16	27	-1511.1084	325.10068
16	28	-1500.3167	194.29955
16	29	-1559.6676	285.21835
16	30	-1508.5885	190.81895
16	31	-1546.3307	210.40242
16	32	-1545.6107	209.09102
16	33	-1562.8618	290.97543
16	34	-1554.9868	297.7786
17	1	-1494.9791	241.3496
17	2	-1488.5646	225.66896
17	3	-1525.5424	252.54663
17	4	-1534.2432	265.43015
17	5	-1493.645	224.39684
17	6	-1495.9094	261.291
17	7	-1487.9362	262.03708
17	8	-1489.7283	267.5104
17	9	-1492.0958	273.8701
17	10	-1485.632	247.67508
17	11	-1494.2758	279.97427
17	12	-1486.28	280.82388
17	13	-1496.1519	285.45996
17	14	-1498.5779	291.6127
17	15	-1526.4565	246.44965
17	16	-1500.4862	297.11948
17	17	-1533.1295	256.90005
17	18	-1502.6003	302.0509
17	19	-1480.2412	217.65154
17	20	-1504.5552	307.25833
17	21	-1476.5486	212.02853
17	22	-1508.0527	317.03055
17	23	-1545.0001	282.08246
17	24	-1555.824	279.42593
17	25	-1503.1804	198.51273
17	26	-1518.811	321.06793
17	27	-1511.1084	325.10068
17	28	-1500.3167	194.29955
17	29	-1559.6676	285.21835
17	30	-1508.5885	190.81895
17	31	-1546.3423	210.39096
17	33	-1562.8618	290.97543
17	34	-1554.5281	297.0639
18	1	-1494.7194	241.74622
18	2	-1488.6812	225.90494
18	3	-1525.412	252.34985
18	4	-1533.9537	264.98837
18	5	-1493.7682	224.29692
18	6	-1495.9094	261.29095
18	7	-1487.9362	262.03708
18	8	-1489.7283	267.5104
18	9	-1492.0958	273.8701
18	10	-1485.632	247.67508
18	11	-1494.2758	279.97427
18	12	-1486.2838	280.83813
18	13	-1496.1519	285.45996
18	14	-1498.5779	291.6127
18	15	-1526.4559	246.44525
18	16	-1500.4862	297.11948
18	17	-1532.9988	256.7008
18	18	-1502.6003	302.0509
18	19	-1480.2412	217.65154
18	20	-1504.5552	307.25833
18	21	-1476.5486	212.02853
18	22	-1508.0527	317.03055
18	23	-1544.6165	281.50525
18	24	-1555.824	279.42593
18	25	-1503.1804	198.51273
18	26	-1518.841	321.15805
18	27	-1511.1084	325.10068
18	28	-1500.3167	194.29955
18	29	-1559.6676	285.21835
18	30	-1508.5885	190.81895
18	31	-1546.4022	210.40508
18	33	-1562.8618	290.97543
18	34	-1554.1002	296.41586
19	1	-1494.4731	242.14044
19	2	-1488.8007	226.15268
19	3	-1525.2957	252.16522
19	4	-1533.6719	264.56143
19	5	-1493.8701	224.19695
19	6	-1495.9094	261.29102
19	7	-1487.9362	262.03708
19	8	-1489.7283	267.5104
19	9	-1492.0958	273.8701
19	10	-1485.632	247.67508
19	11	-1494.2758	279.97427
19	12	-1486.3008	280.84006
19	13	-1496.1519	285.45996
19	14	-1498.5779	291.6127
19	15	-1526.4541	246.4348
19	16	-1500.4862	297.11948
19	17	-1532.8802	256.51288
19	18	-1502.6003	302.0509
19	19	-1480.2412	217.65154
19	20	-1504.5552	307.25833
19	21	-1476.5486	212.02853
19	22	-1508.0527	317.03055
19	23	-1544.2465	280.94083
19	24	-1555.824	279.42593
19	25	-1503.1804	198.51273
19	26	-1518.8799	321.24188
19	27	-1511.1084	325.10068
19	28	-1500.3167	194.29955
19	29	-1559.6676	285.21835
19	30	-1508.5885	190.81895
19	31	-1546.3467	210.39645
19	32	-1545.6027	209.1305
19	33	-1562.8618	290.97543
19	34	-1553.6417	295.7382
20	1	-1494.2395	242.54274
20	2	-1488.9246	226.41702
20	3	-1525.1837	252.0022
20	4	-1533.409	264.1535
20	5	-1493.9869	224.09229
20	6	-1495.9094	261.29105
20	7	-1487.9362	262.03708
20	8	-1489.7283	267.5104
20	9	-1492.0958	273.8701
20	10	-1485.632	247.67508
20	11	-1494.2758	279.97427
20	12	-1486.292	280.8395
20	13	-1496.1519	285.45996
20	14	-1498.5779	291.6127
20	15	-1526.4526	246.43367
20	16	-1500.4862	297.11948
20	17	-1532.7797	256.35422
20	18	-1502.6003	302.0509
20	19	-1480.2412	217.65154
20	20	-1504.5552	307.25833
20	21	-1476.5486	212.02853
20	22	-1508.0527	317.03055
20	23	-1543.8899	280.39786
20	24	-1555.824	279.42593
20	25	-1503.1804	198.51273
20	26	-1518.9142	321.32294
20	27	-1511.1084	325.10068
20	28	-1500.3167	194.29955
20	29	-1559.6676	285.21835
20	30	-1508.5885	190.81895
20	31	-1546.3344	210.38882
20	33	-1562.8618	290.97543
20	34	-1553.1969	295.07184
21	1	-1494.0159	242.94937
21	2	-1489.0454	226.68687
21	3	-1525.0698	251.82808
21	4	-1533.1459	263.74594
21	5	-1494.11	223.96904
21	6	-1495.9095	261.29102
21	7	-1487.9362	262.03708
21	8	-1489.7283	267.5104
21	9	-1492.0958	273.8701
21	10	-1485.632	247.67508
21	11	-1494.2758	279.97427
21	12	-1486.2894	280.8323
21	13	-1496.1519	285.45996
21	14	-1498.5779	291.6127
21	15	-1526.459	246.44403
21	16	-1500.4862	297.11948
21	17	-1532.683	256.1896
21	18	-1502.6003	302.0509
21	19	-1480.2412	217.65154
21	20	-1504.5552	307.25833
21	21	-1476.5486	212.02853
21	22	-1508.0527	317.03055
21	23	-1543.5369	279.8574
21	24	-1555.824	279.42593
21	25	-1503.1804	198.51273
21	26	-1518.9647	321.41953
21	27	-1511.1084	325.10068
21	28	-1500.3167	194.29955
21	30	-1508.5885	190.81895
21	31	-1546.3455	210.39548
21	33	-1562.8618	290.97543
21	34	-1552.768	294.40768
22	1	-1493.801	243.36528
22	2	-1489.1677	226.96567
22	3	-1524.9667	251.66727
22	4	-1532.8868	263.35187
22	5	-1494.2222	223.89096
22	6	-1495.9094	261.2911
22	7	-1487.9362	262.03708
22	8	-1489.7283	267.5104
22	9	-1492.0958	273.8701
22	10	-1485.632	247.67508
22	11	-1494.2758	279.97427
22	12	-1486.2887	280.82236
22	13	-1496.1519	285.45996
22	14	-1498.5779	291.6127
22	15	-1526.4557	246.44
22	16	-1500.4862	297.11948
22	17	-1532.5807	256.02936
22	18	-1502.6003	302.0509
22	19	-1480.2412	217.65154
22	20	-1504.5552	307.25833
22	21	-1476.5486	212.02853
22	22	-1508.0527	317.03055
22	23	-1543.171	279.30594
22	24	-1555.824	279.42593
22	25	-1503.1804	198.51273
22	26	-1518.9978	321.50604
22	27	-1511.1084	325.10068
22	28	-1500.3167	194.29955
22	30	-1508.5885	190.81895
22	31	-1546.3417	210.3731
22	33	-1562.8618	290.97543
22	34	-1552.3569	293.76776
23	1	-1493.5961	243.78467
23	2	-1489.2965	227.26819
23	3	-1524.8535	251.50218
23	4	-1532.6327	262.96255
23	5	-1494.3151	223.78146
23	6	-1495.9093	261.2911
23	7	-1487.9362	262.03708
23	8	-1489.7283	267.5104
23	9	-1492.0958	273.8701
23	10	-1485.632	247.67508
23	11	-1494.2758	279.97427
23	12	-1486.289	280.81735
23	13	-1496.1519	285.45996
23	14	-1498.5779	291.6127
23	15	-1526.4564	246.43813
23	16	-1500.4862	297.11948
23	17	-1532.4785	255.87936
23	18	-1502.6003	302.0509
23	19	-1480.2412	217.65154
23	20	-1504.5552	307.25833
23	21	-1476.5486	212.02853
23	22	-1508.0527	317.03055
23	23	-1542.8362	278.77798
23	24	-1555.824	279.42593
23	25	-1503.1804	198.51273
23	26	-1519.0344	321.59412
23	27	-1511.1084	325.10068
23	28	-1500.3167	194.29955
23	30	-1508.5885	190.81895
23	31	-1546.3496	210.41428
23	32	-1545.5641	209.06496
23	33	-1562.8618	290.97543
23	34	-1551.9652	293.128
23	43	-1562.9966	297.82294
24	1	-1493.3923	244.2215
24	2	-1489.4152	227.56052
24	3	-1524.7598	251.36198
24	4	-1532.3918	262.59967
24	5	-1494.4316	223.69316
24	6	-1495.9094	261.29114
24	7	-1487.9362	262.03708
24	8	-1489.7283	267.5104
24	9	-1492.0958	273.8701
24	10	-1485.632	247.67508
24	11	-1494.2758	279.97427
24	12	-1486.2792	280.82904
24	13	-1496.1519	285.45996
24	14	-1498.5779	291.6127
24	15	-1526.4569	246.44177
24	16	-1500.4862	297.11948
24	17	-1532.3944	255.73721
24	18	-1502.6003	302.0509
24	19	-1480.2412	217.65154
24	20	-1504.5552	307.25833
24	21	-1476.5486	212.02853
24	22	-1508.0527	317.03055
24	23	-1542.4916	278.24796
24	24	-1555.824	279.42593
24	25	-1503.1804	198.51273
24	26	-1519.0826	321.68573
24	27	-1511.1084	325.10068
24	28	-1500.3167	194.29955
24	30	-1508.5885	190.81895
24	31	-1546.3094	210.43161
24	33	-1562.8618	290.97543
24	34	-1551.5939	292.54028
24	43	-1562.1333	296.43103
25	1	-1493.2004	244.6552
25	2	-1489.5453	227.8691
25	3	-1524.6736	251.2297
25	4	-1532.1542	262.23123
25	5	-1494.5496	223.60426
25	6	-1495.9094	261.29126
25	7	-1487.9362	262.03708
25	8	-1489.7283	267.5104
25	9	-1492.0958	273.8701
25	10	-1485.632	247.67508
25	11	-1494.2758	279.97427
25	12	-1486.2778	280.82965
25	13	-1496.1519	285.45996
25	14	-1498.5779	291.6127
25	15	-1526.4574	246.444
25	16	-1500.4862	297.11948
25	17	-1532.3075	255.60364
25	18	-1502.6003	302.0509
25	19	-1480.2412	217.65154
25	20	-1504.5552	307.25833
25	21	-1476.5486	212.02853
25	22	-1508.0527	317.03055
25	23	-1542.1731	277.75427
25	24	-1555.824	279.42593
25	25	-1503.1804	198.51273
25	26	-1519.1226	321.77505
25	27	-1511.1084	325.10068
25	28	-1500.3167	194.29955
25	30	-1508.5885	190.81895
25	33	-1562.8618	290.97543
25	34	-1551.2052	291.9469
25	43	-1561.2651	295.07867
26	1	-1493.0227	245.09383
26	2	-1489.6708	228.18477
26	3	-1524.5717	251.09056
26	4	-1531.9174	261.88586
26	5	-1494.6676	223.49594
26	6	-1495.9095	261.2913
26	7	-1487.9362	262.03708
26	8	-1489.7283	267.5104
26	9	-1492.0958	273.8701
26	10	-1485.632	247.67508
26	11	-1494.2758	279.97427
26	12	-1486.302	280.83063
26	13	-1496.1519	285.45996
26	14	-1498.5779	291.6127
26	15	-1526.4556	246.43785
26	16	-1500.4862	297.11948
26	17	-1532.2191	255.45648
26	18	-1502.6003	302.0509
26	19	-1480.2412	217.65154
26	20	-1504.5552	307.25833
26	21	-1476.5486	212.02853
26	22	-1508.0527	317.03055
26	23	-1541.8384	277.24887
26	24	-1555.824	279.42593
26	25	-1503.1804	198.51273
26	26	-1519.1608	321.84534
26	27	-1511.1084	325.10068
26	28	-1500.3167	194.29955
26	30	-1508.5885	190.81895
26	31	-1546.3367	210.38644
26	33	-1562.8618	290.97543
26	34	-1550.8464	291.37216
26	43	-1560.436	293.73248
27	1	-1492.8593	245.53313
27	2	-1489.794	228.51988
27	3	-1524.494	250.97328
27	4	-1531.6975	261.54395
27	5	-1494.7924	223.39098
27	6	-1495.9095	261.2913
27	7	-1487.9362	262.03708
27	8	-1489.7283	267.5104
27	9	-1492.0958	273.8701
27	10	-1485.632	247.67508
27	11	-1494.2758	279.97427
27	12	-1486.301	280.79285
27	13	-1496.1519	285.45996
27	14	-1498.5779	291.6127
27	15	-1526.4678	246.44943
27	16	-1500.4862	297.11948
27	17	-1532.1425	255.33481
27	18	-1502.6003	302.0509
27	19	-1480.2412	217.65154
27	20	-1504.5552	307.25833
27	21	-1476.5486	212.02853
27	22	-1508.0527	317.03055
27	23	-1541.5082	276.75125
27	24	-1555.824	279.42593
27	25	-1503.1804	198.51273
27	26	-1519.1991	321.94592
27	27	-1511.1084	325.10068
27	28	-1500.3167	194.29955
27	30	-1508.5885	190.81895
27	33	-1562.8618	290.97543
27	34	-1550.4921	290.8027
27	40	-1559.6589	285.19135
27	43	-1559.5677	292.36328
28	1	-1492.7051	245.95987
28	2	-1489.9088	228.84973
28	3	-1524.4146	250.84938
28	4	-1531.4916	261.2323
28	5	-1494.8881	223.28549
28	6	-1495.9095	261.2912
28	7	-1487.9362	262.03708
28	8	-1489.7283	267.5104
28	9	-1492.0958	273.8701
28	10	-1485.632	247.67508
28	11	-1494.2758	279.97427
28	12	-1486.3092	280.8082
28	13	-1496.1519	285.45996
28	14	-1498.5779	291.6127
28	15	-1526.4713	246.45145
28	16	-1500.4862	297.11948
28	17	-1532.0623	255.203
28	18	-1502.6003	302.0509
28	19	-1480.2412	217.65154
28	20	-1504.5552	307.25833
28	21	-1476.5486	212.02853
28	22	-1508.0527	317.03055
28	23	-1541.2028	276.28583
28	24	-1555.824	279.42593
28	25	-1503.1804	198.51273
28	26	-1519.2468	322.03436
28	27	-1511.1084	325.10068
28	28	-1500.3167	194.29955
28	30	-1508.5885	190.81895
28	33	-1562.8618	290.97543
28	34	-1550.1447	290.25958
28	40	-1559.6589	285.19135
28	43	-1558.7428	291.0042
29	1	-1492.565	246.39595
29	2	-1490.0477	229.2159
29	3	-1524.3536	250.75557
29	4	-1531.3259	260.97577
29	5	-1495.0157	223.17978
29	6	-1495.9097	261.29108
29	7	-1487.9362	262.03708
29	8	-1489.7283	267.5104
29	9	-1492.0958	273.8701
29	10	-1485.632	247.67508
29	11	-1494.2758	279.97427
29	12	-1486.3129	280.79214
29	13	-1496.1519	285.45996
29	14	-1498.5779	291.6127
29	15	-1526.4735	246.45659
29	16	-1500.4862	297.11948
29	17	-1531.9868	255.08641
29	18	-1502.6003	302.0509
29	19	-1480.2412	217.65154
29	20	-1504.5552	307.25833
29	21	-1476.5486	212.02853
29	22	-1508.0527	317.03055
29	23	-1540.9174	275.84506
29	24	-1555.824	279.42593
29	25	-1503.1804	198.51273
29	26	-1519.277	322.11313
29	27	-1511.1084	325.10068
29	28	-1500.3167	194.29955
29	30	-1508.5885	190.81895
29	31	-1546.3054	210.42918
29	33	-1562.8618	290.97543
29	34	-1549.7842	289.71558
29	40	-1559.6589	285.19135
29	43	-1557.8805	289.65613
30	1	-1492.4254	246.84512
30	2	-1490.1647	229.59517
30	3	-1524.2948	250.66911
30	4	-1531.1556	260.712
30	5	-1495.1245	223.0952
30	6	-1495.9097	261.2912
30	7	-1487.9362	262.03708
30	8	-1489.7283	267.5104
30	9	-1492.0958	273.8701
30	10	-1485.632	247.67508
30	11	-1494.2758	279.97427
30	12	-1486.3251	280.7981
30	13	-1496.1519	285.45996
30	14	-1498.5779	291.6127
30	15	-1526.4747	246.46083
30	16	-1500.4862	297.11948
30	17	-1531.9147	254.96497
30	18	-1502.6003	302.0509
30	19	-1480.2412	217.65154
30	20	-1504.5552	307.25833
30	21	-1476.5486	212.02853
30	22	-1508.0527	317.03055
30	23	-1540.6188	275.3897
30	25	-1503.1804	198.51273
30	26	-1519.3142	322.19827
30	27	-1511.1084	325.10068
30	28	-1500.3167	194.29955
30	30	-1508.5885	190.81895
30	31	-1546.3284	210.40652
30	33	-1562.8618	290.97543
30	34	-1549.4612	289.19226
30	40	-1559.6589	285.19135
30	43	-1557.0575	288.34528
31	1	-1492.2969	247.29846
31	2	-1490.2954	229.98111
31	3	-1524.2524	250.5992
31	4	-1530.9977	260.46445
31	5	-1495.2397	222.97028
31	6	-1495.9098	261.2912
31	7	-1487.9362	262.03708
31	8	-1489.7283	267.5104
31	9	-1492.0958	273.8701
31	10	-1485.632	247.67508
31	11	-1494.2758	279.97427
31	12	-1486.337	280.7824
31	13	-1496.1519	285.45996
31	14	-1498.5779	291.6127
31	15	-1526.4817	246.4568
31	16	-1500.4862	297.11948
31	17	-1531.8362	254.84775
31	18	-1502.6003	302.0509
31	19	-1480.2412	217.65154
31	20	-1504.5552	307.25833
31	21	-1476.5486	212.02853
31	22	-1508.0527	317.03055
31	23	-1540.3336	274.95132
31	25	-1503.1804	198.51273
31	26	-1519.356	322.2908
31	27	-1511.1084	325.10068
31	28	-1500.3167	194.29955
31	30	-1508.5885	190.81895
31	33	-1562.8618	290.97543
31	34	-1549.1257	288.66327
31	35	-1561.3738	301.52567
31	40	-1559.6589	285.19135
31	43	-1556.2202	287.0335
32	1	-1492.185	247.74052
32	2	-1490.4093	230.35318
32	3	-1524.2083	250.531
32	4	-1530.8472	260.22986
32	5	-1495.3446	222.89055
32	6	-1495.9098	261.29123
32	7	-1487.9362	262.03708
32	8	-1489.7283	267.5104
32	9	-1492.0958	273.8701
32	10	-1485.632	247.67508
32	11	-1494.2758	279.97427
32	12	-1486.3491	280.75073
32	13	-1496.1519	285.45996
32	14	-1498.5779	291.6127
32	15	-1526.4816	246.46024
32	16	-1500.4862	297.11948
32	17	-1531.7742	254.74588
32	18	-1502.6003	302.0509
32	19	-1480.2412	217.65154
32	20	-1504.5552	307.25833
32	21	-1476.5486	212.02853
32	22	-1508.0527	317.03055
32	23	-1540.0361	274.49832
32	25	-1503.1804	198.51273
32	26	-1519.3873	322.3803
32	27	-1511.1084	325.10068
32	28	-1500.3167	194.29955
32	30	-1508.5885	190.81895
32	31	-1546.3618	210.40201
32	33	-1562.8618	290.97543
32	34	-1548.8014	288.16226
32	35	-1560.8379	300.6195
32	40	-1559.6589	285.19135
32	43	-1555.4081	285.75446
33	1	-1492.0784	248.19724
33	2	-1490.524	230.76598
33	3	-1524.1825	250.48668
33	4	-1530.7161	260.02502
33	5	-1495.4419	222.77873
33	6	-1495.9098	261.2913
33	7	-1487.9362	262.03708
33	8	-1489.7283	267.5104
33	9	-1492.0958	273.8701
33	10	-1485.632	247.67508
33	11	-1494.2758	279.97427
33	12	-1486.3545	280.75308
33	13	-1496.1519	285.45996
33	14	-1498.5779	291.6127
33	15	-1526.4843	246.46889
33	16	-1500.4862	297.11948
33	17	-1531.7068	254.64233
33	18	-1502.6003	302.0509
33	19	-1480.2412	217.65154
33	20	-1504.5552	307.25833
33	21	-1476.5486	212.02853
33	22	-1508.0527	317.03055
33	23	-1539.776	274.09927
33	25	-1503.1804	198.51273
33	26	-1519.4315	322.47775
33	27	-1511.1084	325.10068
33	28	-1500.3167	194.29955
33	30	-1508.5885	190.81895
33	31	-1546.3322	210.4073
33	33	-1562.8618	290.97543
33	34	-1548.4836	287.662
33	35	-1560.2362	299.66876
33	40	-1559.6589	285.19135
33	43	-1554.588	284.46793
34	1	-1491.9834	248.64479
34	2	-1490.6326	231.1643
34	3	-1524.1565	250.45064
34	4	-1530.5973	259.83893
34	5	-1495.5729	222.68721
34	6	-1495.9097	261.2913
34	7	-1487.9362	262.03708
34	8	-1489.7283	267.5104
34	9	-1492.0958	273.8701
34	10	-1485.632	247.67508
34	11	-1494.2758	279.97427
34	12	-1486.3307	280.7729
34	13	-1496.1519	285.45996
34	14	-1498.5779	291.6127
34	15	-1526.4897	246.47495
34	16	-1500.4862	297.11948
34	17	-1531.6807	254.58833
34	18	-1502.6003	302.0509
34	19	-1480.2412	217.65154
34	20	-1504.5552	307.25833
34	21	-1476.5486	212.02853
34	22	-1508.0527	317.03055
34	23	-1539.4863	273.66327
34	25	-1503.1804	198.51273
34	26	-1519.4846	322.56738
34	27	-1511.1084	325.10068
34	28	-1500.3167	194.29955
34	30	-1508.5885	190.81895
34	31	-1546.3678	210.39883
34	33	-1562.8618	290.97543
34	34	-1548.195	287.17453
34	35	-1559.7147	298.8517
34	40	-1559.6589	285.19135
34	43	-1553.7726	283.17413
35	1	-1491.8939	249.09573
35	2	-1490.7446	231.59335
35	3	-1524.1362	250.41472
35	4	-1530.4862	259.66473
35	5	-1495.6976	222.58115
35	6	-1495.9097	261.2913
35	7	-1487.9362	262.03708
35	8	-1489.7283	267.5104
35	9	-1492.0958	273.8701
35	10	-1485.632	247.67508
35	11	-1494.2758	279.97427
35	12	-1486.3972	280.72934
35	13	-1496.1519	285.45996
35	14	-1498.5779	291.6127
35	15	-1526.4921	246.46803
35	16	-1500.4862	297.11948
35	17	-1531.6074	254.47913
35	18	-1502.6003	302.0509
35	19	-1480.2412	217.65154
35	20	-1504.5552	307.25833
35	21	-1476.5486	212.02853
35	22	-1508.0527	317.03055
35	23	-1539.2395	273.27023
35	25	-1503.1804	198.51273
35	26	-1519.512	322.66214
35	27	-1511.1084	325.10068
35	28	-1500.3167	194.29955
35	30	-1508.5885	190.81895
35	31	-1546.3682	210.4127
35	33	-1562.8618	290.97543
35	34	-1547.8728	286.68515
35	35	-1559.1787	298.00494
35	40	-1559.6589	285.19135
35	43	-1552.992	281.94058
36	1	-1491.821	249.54665
36	2	-1490.8477	232.02109
36	3	-1524.1183	250.38608
36	4	-1530.3776	259.49127
36	5	-1495.8088	222.50601
36	6	-1495.9097	261.29132
36	7	-1487.9362	262.03708
36	8	-1489.7283	267.5104
36	9	-1492.0958	273.8701
36	10	-1485.632	247.67508
36	11	-1494.2758	279.97427
36	12	-1486.3849	280.7128
36	13	-1496.1519	285.45996
36	14	-1498.5779	291.6127
36	15	-1526.4911	246.46812
36	16	-1500.4862	297.11948
36	17	-1531.5919	254.43445
36	18	-1502.6003	302.0509
36	19	-1480.2412	217.65154
36	20	-1504.5552	307.25833
36	21	-1476.5486	212.02853
36	22	-1508.0527	317.03055
36	23	-1538.9945	272.90125
36	25	-1503.1804	198.51273
36	26	-1519.5554	322.77078
36	27	-1511.1084	325.10068
36	28	-1500.3167	194.29955
36	30	-1508.5885	190.81895
36	31	-1546.352	210.41557
36	33	-1562.8618	290.97543
36	34	-1547.5846	286.24094
36	35	-1558.6449	297.14432
36	40	-1559.6589	285.19135
36	43	-1552.1777	280.65143
37	1	-1491.7482	250.00842
37	2	-1490.9489	232.46307
37	3	-1524.1035	250.36827
37	4	-1530.2759	259.3445
37	5	-1495.9312	222.40573
37	6	-1495.9097	261.29132
37	7	-1487.9362	262.03708
37	8	-1489.7283	267.5104
37	9	-1492.0958	273.8701
37	10	-1485.632	247.67508
37	11	-1494.2758	279.97427
37	12	-1486.3672	280.7216
37	13	-1496.1519	285.45996
37	14	-1498.5779	291.6127
37	15	-1526.504	246.47777
37	16	-1500.4862	297.11948
37	17	-1531.5254	254.3453
37	18	-1502.6003	302.0509
37	19	-1480.2412	217.65154
37	20	-1504.5552	307.25833
37	21	-1476.5486	212.02853
37	22	-1508.0527	317.03055
37	23	-1538.7363	272.50797
37	25	-1503.1804	198.51273
37	26	-1519.5828	322.87598
37	27	-1511.1084	325.10068
37	28	-1500.3167	194.29955
37	30	-1508.5885	190.81895
37	31	-1546.3462	210.41884
37	33	-1562.8618	290.97543
37	34	-1547.2833	285.76517
37	35	-1558.1035	296.29675
37	40	-1559.6589	285.19135
37	43	-1551.4485	279.49365
38	1	-1491.6918	250.48828
38	2	-1491.0372	232.90147
38	3	-1524.0989	250.35027
38	4	-1530.1913	259.21063
38	5	-1496.0261	222.30095
38	6	-1495.9095	261.2912
38	7	-1487.9362	262.03708
38	8	-1489.7283	267.5104
38	9	-1492.0958	273.8701
38	10	-1485.632	247.67508
38	11	-1494.2758	279.97427
38	12	-1486.3767	280.79166
38	13	-1496.1519	285.45996
38	14	-1498.5779	291.6127
38	15	-1526.5063	246.47984
38	16	-1500.4862	297.11948
38	17	-1531.4946	254.29385
38	18	-1502.6003	302.0509
38	19	-1480.2412	217.65154
38	20	-1504.5552	307.25833
38	21	-1476.5486	212.02853
38	22	-1508.0527	317.03055
38	23	-1538.507	272.1512
38	25	-1503.1804	198.51273
38	26	-1519.6356	322.97693
38	27	-1511.1084	325.10068
38	28	-1500.3167	194.29955
38	30	-1508.5885	190.81895
38	31	-1546.3319	210.37524
38	33	-1562.8618	290.97543
38	34	-1547.0323	285.3464
38	35	-1557.5924	295.47906
38	40	-1559.6589	285.19135
38	43	-1550.6589	278.22632
39	1	-1491.637	250.96783
39	2	-1491.1271	233.33846
39	3	-1524.0983	250.3471
39	4	-1530.108	259.0905
39	5	-1496.1492	222.22
39	6	-1495.9095	261.29117
39	7	-1487.9362	262.03708
39	8	-1489.7283	267.5104
39	9	-1492.0958	273.8701
39	10	-1485.632	247.67508
39	11	-1494.2758	279.97427
39	12	-1486.3737	280.7299
39	13	-1496.1519	285.45996
39	14	-1498.5779	291.6127
39	15	-1526.5054	246.47308
39	16	-1500.4862	297.11948
39	17	-1531.4563	254.24556
39	18	-1502.6003	302.0509
39	19	-1480.2412	217.65154
39	20	-1504.5552	307.25833
39	21	-1476.5486	212.02853
39	22	-1508.0527	317.03055
39	23	-1538.2809	271.79944
39	25	-1503.1804	198.51273
39	26	-1519.6583	323.0679
39	27	-1511.1084	325.10068
39	28	-1500.3167	194.29955
39	30	-1508.5885	190.81895
39	33	-1562.8618	290.97543
39	34	-1546.7532	284.92642
39	35	-1557.0741	294.65552
39	38	-1555.8253	279.4202
39	40	-1559.6589	285.19135
39	43	-1549.9711	277.10236
40	1	-1491.5973	251.44841
40	2	-1491.2045	233.7779
40	3	-1524.0944	250.34605
40	4	-1530.0414	258.98233
40	5	-1496.2705	222.12257
40	6	-1495.9094	261.29123
40	7	-1487.9362	262.03708
40	8	-1489.7283	267.5104
40	9	-1492.0958	273.8701
40	10	-1485.632	247.67508
40	11	-1494.2758	279.97427
40	13	-1496.1519	285.45996
40	14	-1498.5779	291.6127
40	15	-1526.5033	246.47472
40	16	-1500.4862	297.11948
40	17	-1531.4398	254.2105
40	18	-1502.6003	302.0509
40	19	-1480.2412	217.65154
40	20	-1504.5552	307.25833
40	21	-1476.5486	212.02853
40	22	-1508.0527	317.03055
40	23	-1538.0522	271.44812
40	25	-1503.1804	198.51273
40	26	-1519.7043	323.15375
40	27	-1511.1084	325.10068
40	28	-1500.3167	194.29955
40	30	-1508.5885	190.81895
40	33	-1562.8618	290.97543
40	34	-1546.4932	284.51755
40	35	-1556.5669	293.87054
40	38	-1555.8253	279.4202
40	40	-1559.6589	285.19135
40	43	-1549.2089	275.87494
41	1	-1491.5625	251.95389
41	2	-1491.287	234.24487
41	3	-1524.0887	250.33401
41	4	-1529.9747	258.8857
41	5	-1496.3926	222.00406
41	6	-1495.9094	261.29117
41	7	-1487.9362	262.03708
41	8	-1489.7283	267.5104
41	9	-1492.0958	273.8701
41	10	-1485.632	247.67508
41	11	-1494.2758	279.97427
41	12	-1486.392	280.7174
41	13	-1496.1519	285.45996
41	14	-1498.5779	291.6127
41	15	-1526.5121	246.4889
41	16	-1500.4862	297.11948
41	17	-1531.4177	254.17723
41	18	-1502.6003	302.0509
41	19	-1480.2412	217.65154
41	20	-1504.5552	307.25833
41	21	-1476.5486	212.02853
41	22	-1508.0527	317.03055
41	23	-1537.8499	271.13434
41	25	-1503.1804	198.51273
41	26	-1519.7472	323.232
41	27	-1511.1084	325.10068
41	28	-1500.3167	194.29955
41	30	-1508.5885	190.81895
41	31	-1546.3341	210.38528
41	33	-1562.8618	290.97543
41	34	-1546.2384	284.1092
41	35	-1556.0616	293.08893
41	36	-1473.2468	188.12526
41	38	-1555.8253	279.4202
41	40	-1559.6589	285.19135
42	1	-1491.5427	252.44882
42	2	-1491.3538	234.69016
42	3	-1524.0846	250.33173
42	4	-1529.9198	258.79614
42	5	-1496.5082	221.91147
42	6	-1495.9094	261.29114
42	7	-1487.9362	262.03708
42	8	-1489.7283	267.5104
42	9	-1492.0958	273.8701
42	10	-1485.632	247.67508
42	11	-1494.2758	279.97427
42	12	-1486.3727	280.73492
42	13	-1496.1519	285.45996
42	14	-1498.5779	291.6127
42	15	-1526.5139	246.48209
42	16	-1500.4862	297.11948
42	17	-1531.3916	254.14278
42	18	-1502.6003	302.0509
42	19	-1480.2412	217.65154
42	20	-1504.5552	307.25833
42	21	-1476.5486	212.02853
42	22	-1508.0527	317.03055
42	23	-1537.6455	270.81616
42	25	-1503.1804	198.51273
42	26	-1519.7933	323.32285
42	27	-1511.1084	325.10068
42	28	-1500.3167	194.29955
42	30	-1508.5885	190.81895
42	31	-1546.3007	210.37936
42	33	-1562.8618	290.97543
42	34	-1545.9929	283.72
42	35	-1555.5748	292.31943
42	36	-1473.9264	189.08588
42	38	-1555.8253	279.4202
42	40	-1559.6589	285.19135
43	1	-1491.5278	252.9666
43	2	-1491.4164	235.15523
43	3	-1524.0815	250.32935
43	4	-1529.8672	258.7188
43	5	-1496.6149	221.81926
43	6	-1495.9095	261.29117
43	7	-1487.9362	262.03708
43	8	-1489.7283	267.5104
43	9	-1492.0958	273.8701
43	10	-1485.632	247.67508
43	11	-1494.2758	279.97427
43	12	-1486.3872	280.74515
43	13	-1496.1519	285.45996
43	14	-1498.5779	291.6127
43	15	-1526.519	246.4863
43	16	-1500.4862	297.11948
43	17	-1531.3661	254.1069
43	18	-1502.6003	302.0509
43	19	-1480.2412	217.65154
43	20	-1504.5552	307.25833
43	21	-1476.5486	212.02853
43	22	-1508.0527	317.03055
43	23	-1537.4491	270.5111
43	25	-1503.1804	198.51273
43	26	-1519.813	323.41998
43	27	-1511.1084	325.10068
43	28	-1500.3167	194.29955
43	30	-1508.5885	190.81895
43	31	-1546.3442	210.38026
43	33	-1562.8618	290.97543
43	34	-1545.7549	283.34326
43	35	-1555.084	291.54065
43	36	-1474.5576	189.97368
43	38	-1555.8253	279.4202
43	40	-1559.6589	285.19135
44	1	-1491.5281	253.49733
44	2	-1491.4757	235.65013
44	3	-1524.0806	250.32887
44	4	-1529.8322	258.6599
44	5	-1496.7487	221.71013
44	6	-1495.9098	261.29123
44	7	-1487.9362	262.03708
44	8	-1489.7283	267.5104
44	9	-1492.0958	273.8701
44	10	-1485.632	247.67508
44	11	-1494.2758	279.97427
44	12	-1486.3765	280.7404
44	13	-1496.1519	285.45996
44	14	-1498.5779	291.6127
44	15	-1526.5245	246.4968
44	16	-1500.4862	297.11948
44	17	-1531.3545	254.08673
44	18	-1502.6003	302.0509
44	19	-1480.2412	217.65154
44	20	-1504.5552	307.25833
44	21	-1476.5486	212.02853
44	22	-1508.0527	317.03055
44	23	-1537.2441	270.2053
44	25	-1503.1804	198.51273
44	26	-1519.8582	323.5104
44	27	-1511.1084	325.10068
44	28	-1500.3167	194.29955
44	30	-1508.5885	190.81895
44	33	-1562.8618	290.97543
44	34	-1545.5114	282.96582
44	35	-1554.5997	290.78058
44	36	-1475.1947	190.91391
44	38	-1555.8253	279.4202
44	40	-1559.6589	285.19135
45	1	-1491.5308	254.01834
45	2	-1491.5488	236.2249
45	3	-1524.0863	250.32635
45	4	-1529.7947	258.60547
45	5	-1496.8625	221.62282
45	6	-1495.9098	261.2913
45	7	-1487.9362	262.03708
45	8	-1489.7283	267.5104
45	9	-1492.0958	273.8701
45	10	-1485.632	247.67508
45	11	-1494.2758	279.97427
45	12	-1486.3773	280.75644
45	13	-1496.1519	285.45996
45	14	-1498.5779	291.6127
45	15	-1526.5227	246.49918
45	16	-1500.4862	297.11948
45	17	-1531.3501	254.06837
45	18	-1502.6003	302.0509
45	19	-1480.2412	217.65154
45	20	-1504.5552	307.25833
45	21	-1476.5486	212.02853
45	22	-1508.0527	317.03055
45	23	-1537.0605	269.9218
45	25	-1503.1804	198.51273
45	26	-1519.8885	323.6228
45	27	-1511.1084	325.10068
45	28	-1500.3167	194.29955
45	30	-1508.5885	190.81895
45	31	-1546.3425	210.40047
45	33	-1562.8618	290.97543
45	34	-1545.2776	282.61084
45	35	-1554.1311	290.0547
45	36	-1475.8256	191.84023
45	38	-1555.8253	279.4202
45	40	-1559.6589	285.19135
46	1	-1491.5491	254.54237
46	2	-1491.602	236.74522
46	3	-1524.0844	250.32909
46	4	-1529.7686	258.55643
46	5	-1496.9681	221.49998
46	6	-1495.9098	261.29126
46	7	-1487.9362	262.03708
46	8	-1489.7283	267.5104
46	9	-1492.0958	273.8701
46	10	-1485.632	247.67508
46	11	-1494.2758	279.97427
46	12	-1486.3732	280.7227
46	13	-1496.1519	285.45996
46	14	-1498.5779	291.6127
46	15	-1526.5221	246.49677
46	16	-1500.4862	297.11948
46	17	-1531.3501	254.06923
46	18	-1502.6003	302.0509
46	19	-1480.2412	217.65154
46	20	-1504.5552	307.25833
46	21	-1476.5486	212.02853
46	22	-1508.0527	317.03055
46	23	-1536.8849	269.64932
46	25	-1503.1804	198.51273
46	26	-1519.9233	323.72504
46	27	-1511.1084	325.10068
46	28	-1500.3167	194.29955
46	30	-1508.5885	190.81895
46	31	-1546.326	210.4199
46	33	-1562.8618	290.97543
46	34	-1545.0498	282.25385
46	35	-1553.6761	289.3334
46	36	-1476.4083	192.71681
46	38	-1555.8253	279.4202
46	40	-1559.6589	285.19135
46	41	-1544.8882	269.17465
47	1	-1491.5662	255.10428
47	2	-1491.6484	237.29579
47	3	-1524.0856	250.3292
47	4	-1529.7401	258.5249
47	5	-1497.0688	221.41396
47	6	-1495.9098	261.2913
47	7	-1487.9362	262.03708
47	8	-1489.7283	267.5104
47	9	-1492.0958	273.8701
47	10	-1485.632	247.67508
47	11	-1494.2758	279.97427
47	12	-1486.3751	280.71558
47	13	-1496.1519	285.45996
47	14	-1498.5779	291.6127
47	15	-1526.5244	246.50237
47	16	-1500.4862	297.11948
47	17	-1531.3339	254.04166
47	18	-1502.6003	302.0509
47	19	-1480.2412	217.65154
47	20	-1504.5552	307.25833
47	21	-1476.5486	212.02853
47	22	-1508.0527	317.03055
47	23	-1536.72	269.38864
47	25	-1503.1804	198.51273
47	26	-1519.963	323.8098
47	27	-1511.1084	325.10068
47	28	-1500.3167	194.29955
47	30	-1508.5885	190.81895
47	31	-1546.3413	210.43692
47	33	-1562.8618	290.97543
47	34	-1544.8333	281.90823
47	35	-1553.2146	288.60684
47	36	-1476.9678	193.56564
47	38	-1555.8253	279.4202
47	40	-1559.6589	285.19135
47	41	-1544.2263	268.112
48	1	-1491.6013	255.63568
48	2	-1491.6907	237.85878
48	3	-1524.0833	250.32559
48	4	-1529.7217	258.49548
48	5	-1497.2003	221.33554
48	6	-1495.9098	261.29135
48	7	-1487.9362	262.03708
48	8	-1489.7283	267.5104
48	9	-1492.0958	273.8701
48	10	-1485.632	247.67508
48	11	-1494.2758	279.97427
48	12	-1486.347	280.74985
48	13	-1496.1519	285.45996
48	14	-1498.5779	291.6127
48	15	-1526.5286	246.50395
48	16	-1500.4862	297.11948
48	17	-1531.3458	254.04846
48	18	-1502.6003	302.0509
48	19	-1480.2412	217.65154
48	20	-1504.5552	307.25833
48	21	-1476.5486	212.02853
48	22	-1508.0527	317.03055
48	23	-1536.5621	269.15662
48	25	-1503.1804	198.51273
48	26	-1520.0015	323.9056
48	27	-1511.1084	325.10068
48	28	-1500.3167	194.29955
48	30	-1508.5885	190.81895
48	31	-1546.3219	210.42406
48	33	-1562.8618	290.97543
48	34	-1544.618	281.56604
48	35	-1552.7736	287.91507
48	36	-1477.539	194.44371
48	38	-1555.8253	279.4202
48	40	-1559.6589	285.19135
48	41	-1543.6031	267.1094
49	1	-1491.6351	256.19464
49	2	-1491.7219	238.42566
49	3	-1524.0779	250.32591
49	4	-1529.7083	258.47476
49	5	-1497.3044	221.22504
49	6	-1495.9098	261.29126
49	7	-1487.9362	262.03708
49	8	-1489.7283	267.5104
49	9	-1492.0958	273.8701
49	10	-1485.632	247.67508
49	11	-1494.2758	279.97427
49	12	-1486.3431	280.73856
49	13	-1496.1519	285.45996
49	14	-1498.5779	291.6127
49	15	-1526.5306	246.50562
49	16	-1500.4862	297.11948
49	17	-1531.3397	254.04224
49	18	-1502.6003	302.0509
49	19	-1480.2412	217.65154
49	20	-1504.5552	307.25833
49	21	-1476.5486	212.02853
49	22	-1508.0527	317.03055
49	23	-1536.4146	268.92856
49	25	-1503.1804	198.51273
49	26	-1520.0387	324.00375
49	27	-1511.1084	325.10068
49	28	-1500.3167	194.29955
49	30	-1508.5885	190.81895
49	31	-1546.3306	210.42192
49	33	-1562.8618	290.97543
49	34	-1544.4181	281.2381
49	35	-1552.3417	287.22675
49	36	-1478.0905	195.27531
49	37	-1556.7845	299.77744
49	38	-1555.8253	279.4202
49	40	-1559.6589	285.19135
49	41	-1542.9236	266.03967
50	1	-1491.6931	256.75076
50	2	-1491.7516	239.01006
50	3	-1524.0778	250.3286
50	4	-1529.7007	258.4592
50	5	-1497.4171	221.13287
50	6	-1495.9099	261.29126
50	7	-1487.9362	262.03708
50	8	-1489.7283	267.5104
50	9	-1492.0958	273.8701
50	10	-1485.632	247.67508
50	11	-1494.2758	279.97427
50	12	-1486.3727	280.73416
50	13	-1496.1519	285.45996
50	14	-1498.5779	291.6127
50	15	-1526.5327	246.49953
50	16	-1500.4862	297.11948
50	17	-1531.3379	254.03554
50	18	-1502.6003	302.0509
50	19	-1480.2412	217.65154
50	20	-1504.5552	307.25833
50	21	-1476.5486	212.02853
50	22	-1508.0527	317.03055
50	23	-1536.2761	268.72003
50	25	-1503.1804	198.51273
50	26	-1520.0863	324.07974
50	27	-1511.1084	325.10068
50	28	-1500.3167	194.29955
50	30	-1508.5885	190.81895
50	31	-1546.3453	210.43407
50	33	-1562.8618	290.97543
50	34	-1544.2123	280.9167
50	35	-1551.9127	286.55856
50	36	-1478.6259	196.09554
50	37	-1556.3851	299.12546
50	38	-1555.8253	279.4202
50	40	-1559.6589	285.19135
50	41	-1542.2941	265.0434
51	1	-1491.7565	257.28946
51	2	-1491.7739	239.59549
51	3	-1524.0793	250.33177
51	4	-1529.6904	258.44443
51	5	-1497.5194	221.01958
51	6	-1495.9099	261.29123
51	7	-1487.9362	262.03708
51	8	-1489.7283	267.5104
51	9	-1492.0958	273.8701
51	10	-1485.632	247.67508
51	11	-1494.2758	279.97427
51	12	-1486.3623	280.7477
51	13	-1496.1519	285.45996
51	14	-1498.5779	291.6127
51	15	-1526.5342	246.50655
51	16	-1500.4862	297.11948
51	17	-1531.3389	254.03758
51	18	-1502.6003	302.0509
51	19	-1480.2412	217.65154
51	20	-1504.5552	307.25833
51	21	-1476.5486	212.02853
51	22	-1508.0527	317.03055
51	23	-1536.1459	268.5111
51	25	-1503.1804	198.51273
51	26	-1520.0951	324.172
51	27	-1511.1084	325.10068
51	28	-1500.3167	194.29955
51	30	-1508.5885	190.81895
51	31	-1546.328	210.44516
51	33	-1562.8618	290.97543
51	34	-1544.0204	280.6127
51	35	-1551.5139	285.94455
51	36	-1479.1498	196.89748
51	37	-1556.0052	298.492
51	38	-1555.8253	279.4202
51	40	-1559.6589	285.19135
51	41	-1541.6407	264.01685
52	1	-1491.8323	257.85498
52	2	-1491.793	240.16899
52	3	-1524.0773	250.3241
52	4	-1529.69	258.44492
52	5	-1497.6401	220.91301
52	6	-1495.9098	261.29126
52	7	-1487.9362	262.03708
52	8	-1489.7283	267.5104
52	9	-1492.0958	273.8701
52	10	-1485.632	247.67508
52	11	-1494.2758	279.97427
52	12	-1486.362	280.7576
52	13	-1496.1519	285.45996
52	14	-1498.5779	291.6127
52	15	-1526.5314	246.51341
52	16	-1500.4862	297.11948
52	17	-1531.34	254.03687
52	18	-1502.6003	302.0509
52	19	-1480.2412	217.65154
52	20	-1504.5552	307.25833
52	21	-1476.5486	212.02853
52	22	-1508.0527	317.03055
52	23	-1536.0353	268.3323
52	25	-1503.1804	198.51273
52	26	-1520.1365	324.26837
52	27	-1511.1084	325.10068
52	28	-1500.3167	194.29955
52	30	-1508.5885	190.81895
52	31	-1546.3387	210.43436
52	33	-1562.8618	290.97543
52	34	-1543.8218	280.30112
52	35	-1551.1221	285.3502
52	36	-1479.6621	197.68738
52	37	-1555.6321	297.8965
52	38	-1555.8253	279.4202
52	40	-1559.6589	285.19135
52	41	-1541.0563	263.07083
53	1	-1491.9479	258.42004
53	2	-1491.8075	240.78192
53	3	-1524.0779	250.3243
53	4	-1529.6868	258.4355
53	5	-1497.7584	220.81215
53	6	-1495.9097	261.2913
53	7	-1487.9362	262.03708
53	8	-1489.7283	267.5104
53	9	-1492.0958	273.8701
53	10	-1485.632	247.67508
53	11	-1494.2758	279.97427
53	12	-1486.3779	280.71194
53	13	-1496.1519	285.45996
53	14	-1498.5779	291.6127
53	15	-1526.5298	246.50972
53	16	-1500.4862	297.11948
53	17	-1531.3383	254.04156
53	18	-1502.6003	302.0509
53	19	-1480.2412	217.65154
53	20	-1504.5552	307.25833
53	21	-1476.5486	212.02853
53	22	-1508.0527	317.03055
53	23	-1535.9097	268.1386
53	25	-1503.1804	198.51273
53	26	-1520.1559	324.33624
53	27	-1511.1084	325.10068
53	28	-1500.3167	194.29955
53	30	-1508.5885	190.81895
53	31	-1546.3252	210.41927
53	33	-1562.8618	290.97543
53	34	-1543.6376	280.0147
53	35	-1550.6973	284.67993
53	36	-1480.1558	198.43694
53	37	-1555.2211	297.29428
53	38	-1555.8253	279.4202
53	40	-1559.6589	285.19135
53	41	-1540.4419	262.08606
54	1	-1492.0603	259.00668
54	2	-1491.8121	241.38837
54	3	-1524.0847	250.32782
54	4	-1529.6846	258.43686
54	5	-1497.8706	220.71748
54	6	-1495.9097	261.29135
54	7	-1487.9362	262.03708
54	8	-1489.7283	267.5104
54	9	-1492.0958	273.8701
54	10	-1485.632	247.67508
54	11	-1494.2758	279.97427
54	12	-1486.3805	280.72375
54	13	-1496.1519	285.45996
54	14	-1498.5779	291.6127
54	15	-1526.5334	246.51299
54	16	-1500.4862	297.11948
54	17	-1531.3385	254.04051
54	18	-1502.6003	302.0509
54	19	-1480.2412	217.65154
54	20	-1504.5552	307.25833
54	21	-1476.5486	212.02853
54	22	-1508.0527	317.03055
54	23	-1535.795	267.962
54	25	-1503.1804	198.51273
54	26	-1520.1829	324.4278
54	27	-1511.1084	325.10068
54	28	-1500.3167	194.29955
54	30	-1508.5885	190.81895
54	31	-1546.3125	210.39488
54	33	-1562.8618	290.97543
54	34	-1543.4528	279.73267
54	35	-1550.3102	284.0917
54	36	-1480.6356	199.17358
54	37	-1554.836	296.71436
54	38	-1555.8253	279.4202
54	40	-1559.6589	285.19135
54	41	-1539.8734	261.18375
55	1	-1492.1621	259.59332
55	2	-1491.8214	242.00621
55	3	-1524.0837	250.32858
55	4	-1529.6829	258.43137
55	5	-1497.9889	220.61859
55	6	-1495.9097	261.29135
55	7	-1487.9362	262.03708
55	8	-1489.7283	267.5104
55	9	-1492.0958	273.8701
55	10	-1485.632	247.67508
55	11	-1494.2758	279.97427
55	12	-1486.3845	280.74103
55	13	-1496.1519	285.45996
55	14	-1498.5779	291.6127
55	15	-1526.5385	246.51231
55	16	-1500.4862	297.11948
55	17	-1531.3405	254.03821
55	18	-1502.6003	302.0509
55	19	-1480.2412	217.65154
55	20	-1504.5552	307.25833
55	21	-1476.5486	212.02853
55	22	-1508.0527	317.03055
55	23	-1535.7068	267.81607
55	25	-1503.1804	198.51273
55	26	-1520.222	324.50797
55	27	-1511.1084	325.10068
55	28	-1500.3167	194.29955
55	30	-1508.5885	190.81895
55	31	-1546.332	210.42242
55	33	-1562.8618	290.97543
55	34	-1543.275	279.45596
55	35	-1549.8854	283.40842
55	36	-1481.0952	199.89742
55	37	-1554.4951	296.17276
55	38	-1555.8253	279.4202
55	41	-1539.332	260.29788
56	1	-1492.2773	260.1705
56	2	-1491.8181	242.59464
56	3	-1524.0889	250.32904
56	4	-1529.6842	258.43283
56	5	-1498.1162	220.5355
56	6	-1495.9097	261.2914
56	7	-1487.9362	262.03708
56	8	-1489.7283	267.5104
56	9	-1492.0958	273.8701
56	10	-1485.632	247.67508
56	11	-1494.2758	279.97427
56	12	-1486.3967	280.69196
56	13	-1496.1519	285.45996
56	14	-1498.5779	291.6127
56	15	-1526.5382	246.51413
56	16	-1500.4862	297.11948
56	17	-1531.3353	254.02951
56	18	-1502.6003	302.0509
56	19	-1480.2412	217.65154
56	20	-1504.5552	307.25833
56	21	-1476.5486	212.02853
56	22	-1508.0527	317.03055
56	23	-1535.6119	267.66373
56	25	-1503.1804	198.51273
56	26	-1520.2472	324.59244
56	27	-1511.1084	325.10068
56	28	-1500.3167	194.29955
56	30	-1508.5885	190.81895
56	31	-1546.3312	210.43027
56	33	-1562.8618	290.97543
56	34	-1543.108	279.19333
56	35	-1549.497	282.8056
56	36	-1481.5325	200.58858
56	37	-1554.1207	295.60843
56	38	-1555.8253	279.4202
56	41	-1538.7839	259.4078
57	1	-1492.3994	260.75992
57	2	-1491.8146	243.23486
57	3	-1524.0837	250.32631
57	4	-1529.6807	258.43015
57	5	-1498.2164	220.42682
57	6	-1495.9098	261.29153
57	7	-1487.9362	262.03708
57	8	-1489.7283	267.5104
57	9	-1492.0958	273.8701
57	10	-1485.632	247.67508
57	11	-1494.2758	279.97427
57	12	-1486.4047	280.68497
57	13	-1496.1519	285.45996
57	14	-1498.5779	291.6127
57	15	-1526.549	246.52686
57	16	-1500.4862	297.11948
57	17	-1531.3402	254.0426
57	18	-1502.6003	302.0509
57	19	-1480.2412	217.65154
57	20	-1504.5552	307.25833
57	21	-1476.5486	212.02853
57	22	-1508.0527	317.03055
57	23	-1535.5326	267.5411
57	25	-1503.1804	198.51273
57	26	-1520.2742	324.69122
57	27	-1511.1084	325.10068
57	28	-1500.3167	194.29955
57	30	-1508.5885	190.81895
57	31	-1546.329	210.41644
57	33	-1562.8618	290.97543
57	34	-1542.924	278.91544
57	35	-1549.1082	282.20773
57	36	-1482.013	201.33023
57	37	-1553.7443	295.04233
57	38	-1555.8253	279.4202
57	41	-1538.2751	258.58997
58	1	-1492.5338	261.34488
58	2	-1491.8124	243.85187
58	3	-1524.0782	250.3212
58	4	-1529.6823	258.43295
58	5	-1498.3326	220.34052
58	6	-1495.9098	261.29166
58	7	-1487.9362	262.03708
58	8	-1489.7283	267.5104
58	9	-1492.0958	273.8701
58	10	-1485.632	247.67508
58	11	-1494.2758	279.97427
58	12	-1486.3937	280.79007
58	13	-1496.1519	285.45996
58	14	-1498.5779	291.6127
58	15	-1526.5474	246.5254
58	16	-1500.4862	297.11948
58	17	-1531.3445	254.04489
58	18	-1502.6003	302.0509
58	19	-1480.2412	217.65154
58	20	-1504.5552	307.25833
58	21	-1476.5486	212.02853
58	22	-1508.0527	317.03055
58	23	-1535.4492	267.41223
58	25	-1503.1804	198.51273
58	26	-1520.3081	324.79462
58	27	-1511.1084	325.10068
58	28	-1500.3167	194.29955
58	30	-1508.5885	190.81895
58	31	-1546.3357	210.42433
58	33	-1562.8618	290.97543
58	34	-1542.7577	278.66098
58	35	-1548.7311	281.61646
58	36	-1482.4661	202.02962
58	37	-1553.4	294.4835
58	38	-1555.8253	279.4202
59	1	-1492.6704	261.949
59	2	-1491.7981	244.50047
59	3	-1524.0808	250.3242
59	4	-1529.6804	258.4275
59	5	-1498.4635	220.23038
59	6	-1495.9098	261.29175
59	7	-1487.9362	262.03708
59	8	-1489.7283	267.5104
59	9	-1492.0958	273.8701
59	10	-1485.632	247.67508
59	11	-1494.2758	279.97427
59	12	-1486.4121	280.7062
59	13	-1496.1519	285.45996
59	14	-1498.5779	291.6127
59	15	-1526.5447	246.51837
59	16	-1500.4862	297.11948
59	17	-1531.3387	254.032
59	18	-1502.6003	302.0509
59	19	-1480.2412	217.65154
59	20	-1504.5552	307.25833
59	21	-1476.5486	212.02853
59	22	-1508.0527	317.03055
59	23	-1535.391	267.32422
59	25	-1503.1804	198.51273
59	26	-1520.3282	324.892
59	27	-1511.1084	325.10068
59	28	-1500.3167	194.29955
59	30	-1508.5885	190.81895
59	31	-1546.3478	210.41444
59	33	-1562.8618	290.97543
59	34	-1542.5956	278.41876
59	35	-1548.3407	281.00687
59	36	-1482.8912	202.67613
59	37	-1553.0808	293.99033
59	38	-1555.8253	279.4202
59	41	-1537.1549	256.8834
60	1	-1492.8176	262.59027
60	2	-1491.7887	245.1602
60	3	-1524.0834	250.32185
60	4	-1529.6798	258.42648
60	5	-1498.5754	220.13446
60	6	-1495.9098	261.2917
60	7	-1487.9362	262.03708
60	8	-1489.7283	267.5104
60	9	-1492.0958	273.8701
60	10	-1485.632	247.67508
60	11	-1494.2758	279.97427
60	12	-1486.4093	280.70157
60	13	-1496.1519	285.45996
60	14	-1498.5779	291.6127
60	15	-1526.5316	246.50078
60	16	-1500.4862	297.11948
60	17	-1531.3451	254.03401
60	18	-1502.6003	302.0509
60	19	-1480.2412	217.65154
60	20	-1504.5552	307.25833
60	21	-1476.5486	212.02853
60	22	-1508.0527	317.03055
60	23	-1535.3336	267.23932
60	25	-1503.1804	198.51273
60	26	-1520.3513	324.9819
60	27	-1511.1084	325.10068
60	28	-1500.3167	194.29955
60	30	-1508.5885	190.81895
60	31	-1546.3501	210.39745
60	33	-1562.8618	290.97543
60	34	-1542.4252	278.1511
60	35	-1547.9818	280.43063
60	36	-1483.309	203.32759
60	37	-1552.7574	293.46494
60	38	-1555.8253	279.4202
60	39	-1559.6445	285.2153
60	41	-1536.7041	256.16278
60	48	-1506.8279	188.65811
61	1	-1492.9618	263.1967
61	2	-1491.7853	245.81621
61	3	-1524.0852	250.32661
61	4	-1529.6787	258.4289
61	5	-1498.6921	220.05258
61	6	-1495.9098	261.29172
61	7	-1487.9362	262.03708
61	8	-1489.7283	267.5104
61	9	-1492.0958	273.8701
61	10	-1485.632	247.67508
61	11	-1494.2758	279.97427
61	13	-1496.1519	285.45996
61	14	-1498.5779	291.6127
61	15	-1526.5355	246.50655
61	16	-1500.4862	297.11948
61	17	-1531.3457	254.03773
61	18	-1502.6003	302.0509
61	19	-1480.2412	217.65154
61	20	-1504.5552	307.25833
61	21	-1476.5486	212.02853
61	22	-1508.0527	317.03055
61	23	-1535.2773	267.15933
61	25	-1503.1804	198.51273
61	26	-1520.3987	325.06985
61	27	-1511.1084	325.10068
61	28	-1500.3167	194.29955
61	30	-1508.5885	190.81895
61	31	-1546.3556	210.38364
61	33	-1562.8618	290.97543
61	34	-1542.2809	277.92014
61	35	-1547.6633	279.92163
61	36	-1483.7141	203.95457
61	37	-1552.4377	292.96335
61	38	-1555.8253	279.4202
61	41	-1536.1409	255.30573
61	48	-1506.7109	188.58905
62	1	-1493.103	263.80164
62	2	-1491.769	246.48814
62	3	-1524.0883	250.32281
62	4	-1529.681	258.4295
62	5	-1498.8162	219.9513
62	6	-1495.9098	261.2917
62	7	-1487.9362	262.03708
62	8	-1489.7283	267.5104
62	9	-1492.0958	273.8701
62	10	-1485.632	247.67508
62	11	-1494.2758	279.97427
62	13	-1496.1519	285.45996
62	14	-1498.5779	291.6127
62	15	-1526.5317	246.50026
62	16	-1500.4862	297.11948
62	17	-1531.3418	254.03769
62	18	-1502.6003	302.0509
62	19	-1480.2412	217.65154
62	20	-1504.5552	307.25833
62	21	-1476.5486	212.02853
62	22	-1508.0527	317.03055
62	23	-1535.2152	267.06085
62	25	-1503.1804	198.51273
62	26	-1520.4016	325.16852
62	27	-1511.1084	325.10068
62	28	-1500.3167	194.29955
62	30	-1508.5885	190.81895
62	31	-1546.3098	210.39905
62	33	-1562.8618	290.97543
62	34	-1542.1211	277.67703
62	35	-1547.327	279.3985
62	36	-1484.1229	204.57378
62	37	-1552.1335	292.49942
62	38	-1555.8253	279.4202
62	39	-1559.6445	285.2153
62	41	-1535.6626	254.54318
62	48	-1506.7797	188.62216
63	1	-1493.2472	264.39325
63	2	-1491.7642	247.15227
63	3	-1524.0864	250.32542
63	4	-1529.6808	258.4263
63	5	-1498.9412	219.86603
63	6	-1495.9098	261.29166
63	7	-1487.9362	262.03708
63	8	-1489.7283	267.5104
63	9	-1492.0958	273.8701
63	10	-1485.632	247.67508
63	11	-1494.2758	279.97427
63	13	-1496.1519	285.45996
63	14	-1498.5779	291.6127
63	15	-1526.5554	246.51656
63	16	-1500.4862	297.11948
63	17	-1531.3428	254.03935
63	18	-1502.6003	302.0509
63	19	-1480.2412	217.65154
63	20	-1504.5552	307.25833
63	21	-1476.5486	212.02853
63	22	-1508.0527	317.03055
63	23	-1535.1768	267.00635
63	25	-1503.1804	198.51273
63	26	-1520.426	325.26993
63	27	-1511.1084	325.10068
63	28	-1500.3167	194.29955
63	30	-1508.5885	190.81895
63	31	-1546.3315	210.39352
63	33	-1562.8618	290.97543
63	34	-1541.9679	277.44345
63	35	-1547.0992	279.01938
63	36	-1484.5038	205.15578
63	37	-1551.8577	292.0534
63	38	-1555.8253	279.4202
63	39	-1559.6445	285.2153
63	42	-1545.5	209.11343
63	48	-1506.7283	188.53198
64	1	-1493.4031	264.99905
64	2	-1491.757	247.84042
64	3	-1524.0836	250.32034
64	4	-1529.6836	258.42868
64	5	-1499.0829	219.7599
64	6	-1495.9098	261.29172
64	7	-1487.9362	262.03708
64	8	-1489.7283	267.5104
64	9	-1492.0958	273.8701
64	10	-1485.632	247.67508
64	11	-1494.2758	279.97427
64	13	-1496.1519	285.45996
64	14	-1498.5779	291.6127
64	15	-1526.5527	246.51317
64	16	-1500.4862	297.11948
64	17	-1531.3353	254.02715
64	18	-1502.6003	302.0509
64	19	-1480.2412	217.65154
64	20	-1504.5552	307.25833
64	21	-1476.5486	212.02853
64	22	-1508.0527	317.03055
64	23	-1535.1348	266.9406
64	25	-1503.1804	198.51273
64	26	-1520.4517	325.37372
64	27	-1511.1084	325.10068
64	28	-1500.3167	194.29955
64	30	-1508.5885	190.81895
64	31	-1546.3356	210.3885
64	33	-1562.8618	290.97543
64	34	-1541.8208	277.2268
64	35	-1546.7869	278.56256
64	36	-1484.8842	205.73366
64	37	-1551.5674	291.60162
64	38	-1555.8253	279.4202
64	39	-1559.6445	285.2153
64	41	-1534.6649	252.9969
64	42	-1545.5388	209.10042
64	48	-1506.7516	188.51804
65	1	-1493.576	265.65237
65	2	-1491.7507	248.51266
65	3	-1524.0824	250.32077
65	4	-1529.6823	258.42563
65	5	-1499.185	219.66794
65	6	-1495.9099	261.29166
65	7	-1487.9362	262.03708
65	8	-1489.7283	267.5104
65	9	-1492.0958	273.8701
65	10	-1485.632	247.67508
65	11	-1494.2758	279.97427
65	13	-1496.1519	285.45996
65	14	-1498.5779	291.6127
65	15	-1526.5588	246.5177
65	16	-1500.4862	297.11948
65	17	-1531.3356	254.02864
65	18	-1502.6003	302.0509
65	19	-1480.2412	217.65154
65	20	-1504.5552	307.25833
65	21	-1476.5486	212.02853
65	22	-1508.0527	317.03055
65	23	-1535.1022	266.89124
65	25	-1503.1804	198.51273
65	26	-1520.4491	325.47745
65	27	-1511.1084	325.10068
65	28	-1500.3167	194.29955
65	30	-1508.5885	190.81895
65	31	-1546.3636	210.40497
65	33	-1562.8618	290.97543
65	34	-1541.6832	277.0208
65	35	-1546.4728	278.07187
65	36	-1485.247	206.29485
65	37	-1551.2797	291.1496
65	38	-1555.8253	279.4202
65	39	-1559.6445	285.2153
65	41	-1534.2163	252.2848
65	42	-1545.5812	209.07634
66	1	-1493.7476	266.30762
66	2	-1491.7488	249.20876
66	3	-1524.0845	250.33127
66	4	-1529.6841	258.42694
66	5	-1499.2944	219.55623
66	6	-1495.9098	261.29163
66	7	-1487.9362	262.03708
66	8	-1489.7283	267.5104
66	9	-1492.0958	273.8701
66	10	-1485.632	247.67508
66	11	-1494.2758	279.97427
66	13	-1496.1519	285.45996
66	14	-1498.5779	291.6127
66	15	-1526.5527	246.50894
66	16	-1500.4862	297.11948
66	17	-1531.3401	254.0294
66	18	-1502.6003	302.0509
66	19	-1480.2412	217.65154
66	20	-1504.5552	307.25833
66	21	-1476.5486	212.02853
66	22	-1508.0527	317.03055
66	23	-1535.0732	266.84174
66	25	-1503.1804	198.51273
66	26	-1520.4501	325.5489
66	27	-1511.1084	325.10068
66	28	-1500.3167	194.29955
66	30	-1508.5885	190.81895
66	31	-1546.3774	210.40163
66	33	-1562.8618	290.97543
66	34	-1541.5391	276.80515
66	35	-1546.1902	277.62885
66	36	-1485.5969	206.83688
66	37	-1551.0211	290.73523
66	38	-1555.8253	279.4202
66	39	-1559.6445	285.2153
66	41	-1533.8019	251.64308
66	42	-1545.623	209.05241
67	1	-1493.9274	266.98016
67	2	-1491.7441	249.9047
67	3	-1524.0878	250.32991
67	4	-1529.6848	258.4231
67	5	-1499.453	219.43454
67	6	-1495.9098	261.2916
67	7	-1487.9362	262.03708
67	8	-1489.7283	267.5104
67	9	-1492.0958	273.8701
67	10	-1485.632	247.67508
67	11	-1494.2758	279.97427
67	13	-1496.1519	285.45996
67	14	-1498.5779	291.6127
67	15	-1526.5513	246.51343
67	16	-1500.4862	297.11948
67	17	-1531.3434	254.02629
67	18	-1502.6003	302.0509
67	19	-1480.2412	217.65154
67	20	-1504.5552	307.25833
67	21	-1476.5486	212.02853
67	22	-1508.0527	317.03055
67	23	-1535.0486	266.79904
67	25	-1503.1804	198.51273
67	26	-1520.4921	325.6483
67	27	-1511.1084	325.10068
67	28	-1500.3167	194.29955
67	30	-1508.5885	190.81895
67	31	-1546.3292	210.37985
67	33	-1562.8618	290.97543
67	34	-1541.4114	276.60287
67	35	-1545.9202	277.19574
67	36	-1485.9414	207.36255
67	37	-1550.7657	290.34366
67	38	-1555.8253	279.4202
67	39	-1559.6445	285.2153
67	41	-1533.3151	250.90598
67	42	-1545.6237	209.02216
68	1	-1494.1118	267.63956
68	2	-1491.7526	250.59225
68	3	-1524.0806	250.32565
68	4	-1529.684	258.4214
68	5	-1499.5535	219.33272
68	6	-1495.9098	261.29172
68	7	-1487.9362	262.03708
68	8	-1489.7283	267.5104
68	9	-1492.0958	273.8701
68	10	-1485.632	247.67508
68	11	-1494.2758	279.97427
68	13	-1496.1519	285.45996
68	14	-1498.5779	291.6127
68	15	-1526.5383	246.51488
68	16	-1500.4862	297.11948
68	17	-1531.348	254.03749
68	18	-1502.6003	302.0509
68	19	-1480.2412	217.65154
68	20	-1504.5552	307.25833
68	21	-1476.5486	212.02853
68	22	-1508.0527	317.03055
68	23	-1535.0254	266.7638
68	25	-1503.1804	198.51273
68	26	-1520.5176	325.73602
68	27	-1511.1084	325.10068
68	28	-1500.3167	194.29955
68	30	-1508.5885	190.81895
68	31	-1546.3165	210.38454
68	33	-1562.8618	290.97543
68	34	-1541.2865	276.4121
68	35	-1545.6532	276.79153
68	36	-1486.2941	207.90417
68	37	-1550.5052	289.9483
68	38	-1555.8253	279.4202
68	39	-1559.6445	285.2153
68	41	-1532.9514	250.3484
68	42	-1545.5798	209.00883
69	1	-1494.3038	268.29532
69	2	-1491.755	251.30437
69	3	-1524.0828	250.3269
69	4	-1529.686	258.42908
69	5	-1499.6793	219.21742
69	6	-1495.9098	261.29175
69	7	-1487.9362	262.03708
69	8	-1489.7283	267.5104
69	9	-1492.0958	273.8701
69	10	-1485.632	247.67508
69	11	-1494.2758	279.97427
69	13	-1496.1519	285.45996
69	14	-1498.5779	291.6127
69	15	-1526.5328	246.50456
69	16	-1500.4862	297.11948
69	17	-1531.35	254.03828
69	18	-1502.6003	302.0509
69	19	-1480.2412	217.65154
69	20	-1504.5552	307.25833
69	21	-1476.5486	212.02853
69	22	-1508.0527	317.03055
69	23	-1535.0087	266.73642
69	25	-1503.1804	198.51273
69	26	-1520.5385	325.83533
69	27	-1511.1084	325.10068
69	28	-1500.3167	194.29955
69	30	-1508.5885	190.81895
69	31	-1546.3239	210.37605
69	33	-1562.8618	290.97543
69	34	-1541.1648	276.2246
69	35	-1545.402	276.38702
69	36	-1486.6093	208.39622
69	37	-1550.2758	289.5796
69	38	-1555.8253	279.4202
69	39	-1559.6445	285.2153
69	41	-1532.5004	249.65968
69	42	-1545.5577	209.0691
69	44	-1486.3461	280.817
70	1	-1494.5105	268.97186
70	2	-1491.7687	251.98727
70	3	-1524.0869	250.3275
70	4	-1529.687	258.43152
70	5	-1499.8115	219.11844
70	6	-1495.9097	261.29178
70	7	-1487.9362	262.03708
70	8	-1489.7283	267.5104
70	9	-1492.0958	273.8701
70	10	-1485.632	247.67508
70	11	-1494.2758	279.97427
70	13	-1496.1519	285.45996
70	14	-1498.5779	291.6127
70	15	-1526.5376	246.50981
70	16	-1500.4862	297.11948
70	17	-1531.3448	254.03552
70	18	-1502.6003	302.0509
70	19	-1480.2412	217.65154
70	20	-1504.5552	307.25833
70	21	-1476.5486	212.02853
70	22	-1508.0527	317.03055
70	23	-1534.9741	266.69095
70	25	-1503.1804	198.51273
70	26	-1520.5641	325.9312
70	27	-1511.1084	325.10068
70	28	-1500.3167	194.29955
70	30	-1508.5885	190.81895
70	31	-1546.3492	210.39719
70	33	-1562.8618	290.97543
70	34	-1541.0593	276.05078
70	35	-1545.1466	276.00122
70	36	-1486.9349	208.88446
70	37	-1550.0442	289.21442
70	39	-1559.6445	285.2153
70	41	-1532.1136	249.0506
70	42	-1545.5234	209.06287
71	1	-1494.7177	269.6609
71	2	-1491.785	252.69777
71	3	-1524.082	250.32892
71	4	-1529.6907	258.42984
71	5	-1499.9293	219.02542
71	6	-1495.9098	261.29172
71	7	-1487.9362	262.03708
71	8	-1489.7283	267.5104
71	9	-1492.0958	273.8701
71	10	-1485.632	247.67508
71	11	-1494.2758	279.97427
71	13	-1496.1519	285.45996
71	14	-1498.5779	291.6127
71	15	-1526.5288	246.50293
71	16	-1500.4862	297.11948
71	17	-1531.3416	254.03305
71	18	-1502.6003	302.0509
71	19	-1480.2412	217.65154
71	20	-1504.5552	307.25833
71	21	-1476.5486	212.02853
71	22	-1508.0527	317.03055
71	23	-1534.9624	266.67587
71	25	-1503.1804	198.51273
71	26	-1520.5715	326.0423
71	27	-1511.1084	325.10068
71	28	-1500.3167	194.29955
71	30	-1508.5885	190.81895
71	31	-1546.3407	210.40053
71	33	-1562.8618	290.97543
71	34	-1540.9612	275.89688
71	35	-1544.9012	275.63223
71	36	-1487.2535	209.37679
71	37	-1549.833	288.8735
71	39	-1559.6445	285.2153
71	41	-1531.7258	248.47984
71	42	-1545.568	209.08385
72	1	-1494.9288	270.36856
72	2	-1491.8132	253.42828
72	3	-1524.0848	250.33109
72	4	-1529.6882	258.42612
72	5	-1500.0306	218.91293
72	6	-1495.9098	261.29178
72	7	-1487.9362	262.03708
72	8	-1489.7283	267.5104
72	9	-1492.0958	273.8701
72	10	-1485.632	247.67508
72	11	-1494.2758	279.97427
72	13	-1496.1519	285.45996
72	14	-1498.5779	291.6127
72	15	-1526.5238	246.501
72	16	-1500.4862	297.11948
72	17	-1531.3414	254.04082
72	18	-1502.6003	302.0509
72	19	-1480.2412	217.65154
72	20	-1504.5552	307.25833
72	21	-1476.5486	212.02853
72	22	-1508.0527	317.03055
72	23	-1534.9534	266.6624
72	25	-1503.1804	198.51273
72	26	-1520.6017	326.13202
72	27	-1511.1084	325.10068
72	28	-1500.3167	194.29955
72	30	-1508.5885	190.81895
72	31	-1546.342	210.37979
72	33	-1562.8618	290.97543
72	34	-1540.8446	275.72372
72	35	-1544.671	275.2786
72	36	-1487.5619	209.84491
72	37	-1549.6367	288.54803
72	39	-1559.6445	285.2153
72	42	-1545.5452	209.04492
72	44	-1486.3673	280.8186
73	1	-1495.1458	271.0598
73	2	-1491.8534	254.13448
73	3	-1524.0867	250.32881
73	4	-1529.689	258.4291
73	5	-1500.1678	218.82622
73	6	-1495.9097	261.29187
73	7	-1487.9362	262.03708
73	8	-1489.7283	267.5104
73	9	-1492.0958	273.8701
73	10	-1485.632	247.67508
73	11	-1494.2758	279.97427
73	13	-1496.1519	285.45996
73	14	-1498.5779	291.6127
73	15	-1526.5331	246.51665
73	16	-1500.4862	297.11948
73	17	-1531.3356	254.03491
73	18	-1502.6003	302.0509
73	19	-1480.2412	217.65154
73	20	-1504.5552	307.25833
73	21	-1476.5486	212.02853
73	22	-1508.0527	317.03055
73	23	-1534.944	266.6485
73	25	-1503.1804	198.51273
73	26	-1520.6173	326.2128
73	27	-1511.1084	325.10068
73	28	-1500.3167	194.29955
73	30	-1508.5885	190.81895
73	31	-1546.3257	210.38956
73	33	-1562.8618	290.97543
73	34	-1540.752	275.57938
73	35	-1544.4629	274.9415
73	36	-1487.869	210.30745
73	37	-1549.4355	288.22482
73	39	-1559.6445	285.2153
73	42	-1545.5669	209.04927
74	1	-1495.3635	271.75555
74	2	-1491.9078	254.84874
74	3	-1524.0886	250.33011
74	4	-1529.688	258.42838
74	5	-1500.3127	218.72159
74	6	-1495.9097	261.29184
74	7	-1487.9362	262.03708
74	8	-1489.7283	267.5104
74	9	-1492.0958	273.8701
74	10	-1485.632	247.67508
74	11	-1494.2758	279.97427
74	13	-1496.1519	285.45996
74	14	-1498.5779	291.6127
74	15	-1526.5312	246.51534
74	16	-1500.4862	297.11948
74	17	-1531.3463	254.04944
74	18	-1502.6003	302.0509
74	19	-1480.2412	217.65154
74	20	-1504.5552	307.25833
74	21	-1476.5486	212.02853
74	22	-1508.0527	317.03055
74	23	-1534.9327	266.63474
74	25	-1503.1804	198.51273
74	26	-1520.6411	326.30185
74	27	-1511.1084	325.10068
74	28	-1500.3167	194.29955
74	30	-1508.5885	190.81895
74	31	-1546.342	210.41074
74	33	-1562.8618	290.97543
74	34	-1540.6714	275.45392
74	35	-1544.2731	274.63873
74	36	-1488.1722	210.76805
74	37	-1549.2524	287.94122
74	39	-1559.6445	285.2153
74	44	-1486.3799	280.7442
75	1	-1495.59	272.47894
75	2	-1491.9606	255.54753
75	3	-1524.0892	250.33203
75	4	-1529.6908	258.4318
75	5	-1500.4896	218.57382
75	6	-1495.9098	261.29172
75	7	-1487.9362	262.03708
75	8	-1489.7283	267.5104
75	9	-1492.0958	273.8701
75	10	-1485.632	247.67508
75	11	-1494.2758	279.97427
75	13	-1496.1519	285.45996
75	14	-1498.5779	291.6127
75	15	-1526.5262	246.50444
75	16	-1500.4862	297.11948
75	17	-1531.3433	254.05008
75	18	-1502.6003	302.0509
75	19	-1480.2412	217.65154
75	20	-1504.5552	307.25833
75	21	-1476.5486	212.02853
75	22	-1508.0527	317.03055
75	23	-1534.9299	266.63022
75	25	-1503.1804	198.51273
75	26	-1520.6536	326.39355
75	27	-1511.1084	325.10068
75	28	-1500.3167	194.29955
75	30	-1508.5885	190.81895
75	31	-1546.3514	210.39401
75	33	-1562.8618	290.97543
75	34	-1540.5837	275.31918
75	35	-1544.0576	274.3181
75	36	-1488.4385	211.18929
75	37	-1549.077	287.66254
75	39	-1559.6445	285.2153
75	42	-1545.58	209.06468
75	44	-1486.3618	280.7269
76	1	-1495.8201	273.22516
76	2	-1492.0233	256.29337
76	3	-1524.0907	250.33298
76	4	-1529.6888	258.42972
76	5	-1500.6084	218.47528
76	6	-1495.9099	261.29175
76	7	-1487.9362	262.03708
76	8	-1489.7283	267.5104
76	9	-1492.0958	273.8701
76	10	-1485.632	247.67508
76	11	-1494.2758	279.97427
76	13	-1496.1519	285.45996
76	14	-1498.5779	291.6127
76	15	-1526.5364	246.5239
76	16	-1500.4862	297.11948
76	17	-1531.3568	254.05766
76	18	-1502.6003	302.0509
76	19	-1480.2412	217.65154
76	20	-1504.5552	307.25833
76	21	-1476.5486	212.02853
76	22	-1508.0527	317.03055
76	23	-1534.9318	266.63248
76	25	-1503.1804	198.51273
76	26	-1520.679	326.47537
76	27	-1511.1084	325.10068
76	28	-1500.3167	194.29955
76	30	-1508.5885	190.81895
76	31	-1546.3293	210.39241
76	33	-1562.8618	290.97543
76	34	-1540.503	275.19614
76	35	-1543.8545	274.00793
76	36	-1488.7178	211.61671
76	37	-1548.8916	287.3725
76	39	-1559.6445	285.2153
76	44	-1486.3842	280.72675
76	45	-1552.9531	288.25992
77	1	-1496.0568	273.9859
77	2	-1492.1045	257.01685
77	3	-1524.0842	250.33424
77	4	-1529.6837	258.42334
77	5	-1500.7609	218.36774
77	6	-1495.9099	261.29175
77	7	-1487.9362	262.03708
77	8	-1489.7283	267.5104
77	9	-1492.0958	273.8701
77	10	-1485.632	247.67508
77	11	-1494.2758	279.97427
77	13	-1496.1519	285.45996
77	14	-1498.5779	291.6127
77	15	-1526.5359	246.51717
77	16	-1500.4862	297.11948
77	17	-1531.3533	254.04163
77	18	-1502.6003	302.0509
77	19	-1480.2412	217.65154
77	20	-1504.5552	307.25833
77	21	-1476.5486	212.02853
77	22	-1508.0527	317.03055
77	23	-1534.9281	266.6281
77	25	-1503.1804	198.51273
77	26	-1520.6833	326.56995
77	27	-1511.1084	325.10068
77	28	-1500.3167	194.29955
77	30	-1508.5885	190.81895
77	31	-1546.3505	210.3992
77	33	-1562.8618	290.97543
77	34	-1540.4316	275.08545
77	35	-1543.6547	273.69116
77	36	-1488.9835	212.0301
77	37	-1548.7054	287.0977
77	39	-1559.6445	285.2153
77	44	-1486.4006	280.7079
77	45	-1552.6248	287.71512
77	46	-1530.0496	245.92804
78	1	-1496.3026	274.74863
78	2	-1492.1981	257.78696
78	3	-1524.0793	250.3205
78	4	-1529.6857	258.42685
78	5	-1500.8864	218.2235
78	6	-1495.9098	261.2917
78	7	-1487.9362	262.03708
78	8	-1489.7283	267.5104
78	9	-1492.0958	273.8701
78	10	-1485.632	247.67508
78	11	-1494.2758	279.97427
78	13	-1496.1519	285.45996
78	14	-1498.5779	291.6127
78	15	-1526.534	246.51212
78	16	-1500.4862	297.11948
78	17	-1531.3458	254.03815
78	18	-1502.6003	302.0509
78	19	-1480.2412	217.65154
78	20	-1504.5552	307.25833
78	21	-1476.5486	212.02853
78	22	-1508.0527	317.03055
78	23	-1534.9264	266.62485
78	25	-1503.1804	198.51273
78	26	-1520.698	326.65204
78	27	-1511.1084	325.10068
78	28	-1500.3167	194.29955
78	30	-1508.5885	190.81895
78	31	-1546.3601	210.38637
78	33	-1562.8618	290.97543
78	34	-1540.3652	274.9872
78	35	-1543.4623	273.39178
78	36	-1489.2314	212.41577
78	37	-1548.5336	286.81854
78	39	-1559.6445	285.2153
78	44	-1486.4127	280.70868
78	45	-1552.2184	287.1843
79	1	-1496.5382	275.47736
79	2	-1492.2933	258.52008
79	3	-1524.0858	250.32773
79	4	-1529.6831	258.4252
79	5	-1501.046	218.10202
79	6	-1495.9098	261.29175
79	7	-1487.9362	262.03708
79	8	-1489.7283	267.5104
79	9	-1492.0958	273.8701
79	10	-1485.632	247.67508
79	11	-1494.2758	279.97427
79	13	-1496.1519	285.45996
79	14	-1498.5779	291.6127
79	15	-1526.53	246.50482
79	16	-1500.4862	297.11948
79	17	-1531.3538	254.04805
79	18	-1502.6003	302.0509
79	19	-1480.2412	217.65154
79	20	-1504.5552	307.25833
79	21	-1476.5486	212.02853
79	22	-1508.0527	317.03055
79	23	-1534.9258	266.62057
79	25	-1503.1804	198.51273
79	26	-1520.7242	326.7274
79	27	-1511.1084	325.10068
79	28	-1500.3167	194.29955
79	30	-1508.5885	190.81895
79	31	-1546.3741	210.39359
79	33	-1562.8618	290.97543
79	34	-1540.3109	274.90036
79	35	-1543.2821	273.10806
79	36	-1489.4696	212.78085
79	37	-1548.3729	286.55872
79	39	-1559.6445	285.2153
79	42	-1545.5131	209.09846
79	44	-1486.4001	280.71613
79	45	-1551.8529	286.60837
80	1	-1496.78	276.21255
80	2	-1492.4059	259.24606
80	3	-1524.0875	250.32935
80	4	-1529.6846	258.4275
80	5	-1501.194	217.97661
80	6	-1495.9098	261.29172
80	7	-1487.9362	262.03708
80	8	-1489.7283	267.5104
80	9	-1492.0958	273.8701
80	10	-1485.632	247.67508
80	11	-1494.2758	279.97427
80	13	-1496.1519	285.45996
80	14	-1498.5779	291.6127
80	15	-1526.5286	246.50114
80	16	-1500.4862	297.11948
80	17	-1531.3394	254.039
80	18	-1502.6003	302.0509
80	19	-1480.2412	217.65154
80	20	-1504.5552	307.25833
80	21	-1476.5486	212.02853
80	22	-1508.0527	317.03055
80	23	-1534.9216	266.61917
80	25	-1503.1804	198.51273
80	26	-1520.7434	326.8249
80	27	-1511.1084	325.10068
80	28	-1500.3167	194.29955
80	30	-1508.5885	190.81895
80	31	-1546.3542	210.39104
80	33	-1562.8618	290.97543
80	34	-1540.2609	274.8139
80	35	-1543.1016	272.822
80	36	-1489.6962	213.14735
80	37	-1548.2169	286.3069
80	39	-1559.6445	285.2153
80	42	-1545.5634	209.14561
80	44	-1486.3483	280.7482
80	45	-1551.4845	286.08435
80	46	-1529.2866	244.67535
81	1	-1497.0299	276.98016
81	2	-1492.5006	259.98718
81	3	-1524.0847	250.32841
81	4	-1529.6881	258.43076
81	5	-1501.3433	217.8951
81	6	-1495.9098	261.29178
81	7	-1487.9362	262.03708
81	8	-1489.7283	267.5104
81	9	-1492.0958	273.8701
81	10	-1485.632	247.67508
81	11	-1494.2758	279.97427
81	13	-1496.1519	285.45996
81	14	-1498.5779	291.6127
81	15	-1526.5236	246.49129
81	16	-1500.4862	297.11948
81	17	-1531.3406	254.05217
81	18	-1502.6003	302.0509
81	19	-1480.2412	217.65154
81	20	-1504.5552	307.25833
81	21	-1476.5486	212.02853
81	22	-1508.0527	317.03055
81	23	-1534.9219	266.62494
81	25	-1503.1804	198.51273
81	26	-1520.7715	326.91644
81	27	-1511.1084	325.10068
81	28	-1500.3167	194.29955
81	30	-1508.5885	190.81895
81	31	-1546.3611	210.39738
81	33	-1562.8618	290.97543
81	34	-1540.2107	274.7383
81	35	-1542.9182	272.54095
81	36	-1489.916	213.48773
81	37	-1548.0676	286.06943
81	39	-1559.6445	285.2153
81	42	-1545.5497	209.08884
81	44	-1486.4385	280.60678
81	45	-1551.1261	285.55875
81	46	-1529.0983	244.362
82	1	-1497.2848	277.72363
82	2	-1492.6217	260.6826
82	3	-1524.0792	250.32599
82	4	-1529.6871	258.43323
82	5	-1501.5021	217.76169
82	6	-1495.9098	261.2918
82	7	-1487.9362	262.03708
82	8	-1489.7283	267.5104
82	9	-1492.0958	273.8701
82	10	-1485.632	247.67508
82	11	-1494.2758	279.97427
82	13	-1496.1519	285.45996
82	14	-1498.5779	291.6127
82	15	-1526.5204	246.49458
82	16	-1500.4862	297.11948
82	17	-1531.3497	254.05122
82	18	-1502.6003	302.0509
82	19	-1480.2412	217.65154
82	20	-1504.5552	307.25833
82	21	-1476.5486	212.02853
82	22	-1508.0527	317.03055
82	23	-1534.9231	266.61926
82	25	-1503.1804	198.51273
82	26	-1520.7966	327.02435
82	27	-1511.1084	325.10068
82	28	-1500.3167	194.29955
82	30	-1508.5885	190.81895
82	31	-1546.3468	210.39595
82	33	-1562.8618	290.97543
82	34	-1540.1635	274.66516
82	35	-1542.7183	272.23676
82	36	-1490.129	213.81627
82	37	-1547.9121	285.8149
82	39	-1559.6445	285.2153
82	44	-1486.4265	280.65436
82	45	-1550.7562	285.0251
82	46	-1528.9418	244.13562
83	1	-1497.5344	278.4705
83	2	-1492.7594	261.3925
83	3	-1524.085	250.33038
83	4	-1529.6871	258.42804
83	5	-1501.6072	217.65471
83	6	-1495.9098	261.29184
83	7	-1487.9362	262.03708
83	8	-1489.7283	267.5104
83	9	-1492.0958	273.8701
83	10	-1485.632	247.67508
83	11	-1494.2758	279.97427
83	13	-1496.1519	285.45996
83	14	-1498.5779	291.6127
83	15	-1526.5308	246.50732
83	16	-1500.4862	297.11948
83	17	-1531.338	254.0496
83	18	-1502.6003	302.0509
83	19	-1480.2412	217.65154
83	20	-1504.5552	307.25833
83	21	-1476.5486	212.02853
83	22	-1508.0527	317.03055
83	23	-1534.9178	266.61838
83	25	-1503.1804	198.51273
83	26	-1520.8275	327.12408
83	27	-1511.1084	325.10068
83	28	-1500.3167	194.29955
83	30	-1508.5885	190.81895
83	31	-1546.345	210.38394
83	33	-1562.8618	290.97543
83	34	-1540.1237	274.59787
83	35	-1542.5563	271.97418
83	36	-1490.3268	214.12119
83	37	-1547.7511	285.5853
83	39	-1559.6445	285.2153
83	42	-1545.5347	209.09346
83	44	-1486.3937	280.668
83	45	-1550.4147	284.49466
83	46	-1528.8198	243.91898
84	1	-1497.7968	279.26257
84	2	-1492.9036	262.09882
84	3	-1524.0884	250.33511
84	4	-1529.6873	258.42664
84	5	-1501.7465	217.54704
84	6	-1495.9098	261.29172
84	7	-1487.9362	262.03708
84	8	-1489.7283	267.5104
84	9	-1492.0958	273.8701
84	10	-1485.632	247.67508
84	11	-1494.2758	279.97427
84	13	-1496.1519	285.45996
84	14	-1498.5779	291.6127
84	15	-1526.5319	246.50546
84	16	-1500.4862	297.11948
84	17	-1531.3391	254.05247
84	18	-1502.6003	302.0509
84	19	-1480.2412	217.65154
84	20	-1504.5552	307.25833
84	21	-1476.5486	212.02853
84	22	-1508.0527	317.03055
84	23	-1534.9272	266.6314
84	25	-1503.1804	198.51273
84	26	-1520.8467	327.2241
84	27	-1511.1084	325.10068
84	28	-1500.3167	194.29955
84	30	-1508.5885	190.81895
84	31	-1546.3342	210.40259
84	33	-1562.8618	290.97543
84	34	-1540.0891	274.54233
84	35	-1542.376	271.7074
84	36	-1490.517	214.42831
84	37	-1547.6014	285.34213
84	39	-1559.6445	285.2153
84	44	-1486.4126	280.7151
84	45	-1550.1042	284.0219
84	46	-1528.6783	243.69106
85	1	-1498.084	280.10544
85	2	-1493.0612	262.82315
85	3	-1524.0868	250.33305
85	4	-1529.6835	258.4245
85	5	-1501.8927	217.4526
85	6	-1495.9098	261.29172
85	7	-1487.9362	262.03708
85	8	-1489.7283	267.5104
85	9	-1492.0958	273.8701
85	10	-1485.632	247.67508
85	11	-1494.2758	279.97427
85	13	-1496.1519	285.45996
85	14	-1498.5779	291.6127
85	15	-1526.5258	246.50005
85	16	-1500.4862	297.11948
85	17	-1531.3406	254.0513
85	18	-1502.6003	302.0509
85	19	-1480.2412	217.65154
85	20	-1504.5552	307.25833
85	21	-1476.5486	212.02853
85	22	-1508.0527	317.03055
85	23	-1534.9279	266.63022
85	25	-1503.1804	198.51273
85	26	-1520.8805	327.31088
85	27	-1511.1084	325.10068
85	28	-1500.3167	194.29955
85	30	-1508.5885	190.81895
85	31	-1546.3318	210.40051
85	33	-1562.8618	290.97543
85	34	-1540.0447	274.4812
85	35	-1542.1976	271.41885
85	36	-1490.6956	214.71297
85	37	-1547.4613	285.10757
85	39	-1559.6445	285.2153
85	42	-1545.5967	209.09467
85	45	-1549.7742	283.5244
85	46	-1528.568	243.51355
85	47	-1555.2318	298.2838
86	1	-1498.366	280.90347
86	2	-1493.2291	263.53165
86	3	-1524.0782	250.32846
86	4	-1529.6864	258.4298
86	5	-1502.036	217.33557
86	6	-1495.9098	261.29172
86	7	-1487.9362	262.03708
86	8	-1489.7283	267.5104
86	9	-1492.0958	273.8701
86	10	-1485.632	247.67508
86	11	-1494.2758	279.97427
86	13	-1496.1519	285.45996
86	14	-1498.5779	291.6127
86	15	-1526.5315	246.50403
86	16	-1500.4862	297.11948
86	17	-1531.354	254.05754
86	18	-1502.6003	302.0509
86	19	-1480.2412	217.65154
86	20	-1504.5552	307.25833
86	21	-1476.5486	212.02853
86	22	-1508.0527	317.03055
86	23	-1534.9286	266.62967
86	25	-1503.1804	198.51273
86	26	-1520.8889	327.3916
86	27	-1511.1084	325.10068
86	28	-1500.3167	194.29955
86	30	-1508.5885	190.81895
86	31	-1546.3638	210.3682
86	33	-1562.8618	290.97543
86	34	-1540.0103	274.42603
86	35	-1542.0239	271.14398
86	36	-1490.8701	214.98053
86	37	-1547.3058	284.86526
86	39	-1559.6445	285.2153
86	42	-1545.5647	209.10149
86	44	-1486.4081	280.71188
86	45	-1549.4512	283.03467
86	46	-1528.4692	243.35187
86	47	-1555.005	298.01804
87	1	-1498.6902	281.78033
87	2	-1493.3969	264.23337
87	3	-1524.0833	250.32951
87	4	-1529.6941	258.4364
87	5	-1502.1475	217.22212
87	6	-1495.9095	261.2917
87	7	-1487.9362	262.03708
87	8	-1489.7283	267.5104
87	9	-1492.0958	273.8701
87	10	-1485.632	247.67508
87	11	-1494.2758	279.97427
87	13	-1496.1519	285.45996
87	14	-1498.5779	291.6127
87	15	-1526.5288	246.49388
87	16	-1500.4862	297.11948
87	17	-1531.3345	254.04004
87	18	-1502.6003	302.0509
87	19	-1480.2412	217.65154
87	20	-1504.5552	307.25833
87	22	-1508.0527	317.03055
87	23	-1534.9316	266.63425
87	25	-1503.1804	198.51273
87	26	-1520.9255	327.4975
87	27	-1511.1084	325.10068
87	28	-1500.3167	194.29955
87	30	-1508.5885	190.81895
87	31	-1546.3519	210.39468
87	33	-1562.8618	290.97543
87	34	-1539.974	274.37268
87	35	-1541.8594	270.882
87	36	-1491.0485	215.25728
87	37	-1547.166	284.63678
87	39	-1559.6445	285.2153
87	44	-1486.3928	280.70532
87	45	-1549.1339	282.55936
87	46	-1528.3953	243.22798
87	47	-1554.8282	297.61032
88	1	-1499.0011	282.67972
88	2	-1493.5663	264.9454
88	3	-1524.0854	250.3369
88	4	-1529.6938	258.43283
88	5	-1502.2853	217.11945
88	6	-1495.9095	261.29172
88	7	-1487.9362	262.03708
88	9	-1492.0958	273.8701
88	10	-1485.632	247.67508
88	11	-1494.2758	279.97427
88	13	-1496.1519	285.45996
88	14	-1498.5779	291.6127
88	15	-1526.5249	246.48972
88	16	-1500.4862	297.11948
88	17	-1531.3313	254.03906
88	18	-1502.6003	302.0509
88	19	-1480.2412	217.65154
88	20	-1504.5552	307.25833
88	22	-1508.0527	317.03055
88	23	-1534.9326	266.6362
88	25	-1503.1804	198.51273
88	26	-1520.9603	327.57513
88	27	-1511.1084	325.10068
88	28	-1500.3167	194.29955
88	30	-1508.5885	190.81895
88	31	-1546.3579	210.38464
88	33	-1562.8618	290.97543
88	34	-1539.9432	274.3287
88	35	-1541.6859	270.60367
88	36	-1491.2131	215.51999
88	37	-1547.0323	284.42554
88	39	-1559.6445	285.2153
88	42	-1545.5848	209.08466
88	44	-1486.4095	280.66827
88	45	-1548.8556	282.12598
88	46	-1528.3137	243.0991
88	47	-1554.6249	297.3243
89	1	-1499.2941	283.5382
89	2	-1493.7546	265.68518
89	3	-1524.0739	250.31815
89	4	-1529.6824	258.42123
89	5	-1502.4082	217.02864
89	6	-1495.9097	261.29166
89	7	-1487.9362	262.03708
89	8	-1489.7283	267.5104
89	9	-1492.0958	273.8701
89	10	-1485.632	247.67508
89	11	-1494.2758	279.97427
89	13	-1496.1519	285.45996
89	14	-1498.5779	291.6127
89	15	-1526.5109	246.47858
89	16	-1500.4862	297.11948
89	17	-1531.3333	254.0392
89	18	-1502.6003	302.0509
89	19	-1480.2412	217.65154
89	20	-1504.5552	307.25833
89	21	-1476.5486	212.02853
89	22	-1508.0527	317.03055
89	23	-1534.926	266.62833
89	25	-1503.1804	198.51273
89	26	-1520.9866	327.66376
89	27	-1511.1084	325.10068
89	28	-1500.3167	194.29955
89	30	-1508.5885	190.81895
89	31	-1546.4087	210.384
89	33	-1562.8618	290.97543
89	34	-1539.912	274.27542
89	35	-1541.519	270.3445
89	36	-1491.3776	215.78554
89	37	-1546.8811	284.19687
89	39	-1559.6445	285.2153
89	45	-1548.5704	281.6873
89	46	-1528.256	243.00452
89	47	-1554.4094	296.98407
90	1	-1499.5743	284.31204
90	2	-1493.9479	266.40744
90	3	-1524.0726	250.3196
90	4	-1529.6797	258.4215
90	5	-1502.5156	216.92911
90	6	-1495.9098	261.29166
90	7	-1487.9362	262.03708
90	8	-1489.7283	267.5104
90	9	-1492.0958	273.8701
90	10	-1485.632	247.67508
90	11	-1494.2758	279.97427
90	13	-1496.1519	285.45996
90	14	-1498.5779	291.6127
90	15	-1526.5095	246.48018
90	16	-1500.4862	297.11948
90	17	-1531.3346	254.03615
90	18	-1502.6003	302.0509
90	19	-1480.2412	217.65154
90	20	-1504.5552	307.25833
90	22	-1508.0527	317.03055
90	23	-1534.9326	266.6366
90	25	-1503.1804	198.51273
90	26	-1521.0023	327.7538
90	27	-1511.1084	325.10068
90	28	-1500.3167	194.29955
90	30	-1508.5885	190.81895
90	31	-1546.3629	210.38484
90	33	-1562.8618	290.97543
90	34	-1539.8883	274.23135
90	35	-1541.3431	270.03595
90	36	-1491.5269	216.02838
90	37	-1546.7489	283.99036
90	42	-1545.5758	209.0794
90	45	-1548.2921	281.27655
90	46	-1528.1976	242.91641
90	47	-1554.1979	296.67975
