0	1	184.21269	-1360.8323
0	3	209.7439	-1375.3451
0	4	187.89772	-1381.9562
0	5	207.82512	-1401.3997
0	6	221.23329	-1400.542
0	7	203.5942	-1425.4691
0	20	238.50983	-1414.1807
1	1	182.91759	-1360.115
1	3	208.41336	-1374.6223
1	4	189.00467	-1382.5642
1	5	209.07446	-1402.0834
1	6	222.32451	-1401.1318
1	7	203.5942	-1425.4691
1	20	239.99443	-1414.9865
2	1	181.63551	-1359.3942
2	3	207.09894	-1373.8894
2	4	190.11847	-1383.1676
2	5	210.3597	-1402.7762
2	6	223.37524	-1401.7045
2	7	203.5942	-1425.4691
2	20	241.45042	-1415.7843
2	32	255.5387	-1419.5808
3	1	180.36954	-1358.7089
3	3	205.77727	-1373.1655
3	4	191.23427	-1383.769
3	5	211.64613	-1403.478
3	6	224.52095	-1402.3147
3	7	203.5942	-1425.4691
3	20	242.95392	-1416.603
4	1	179.06557	-1357.9813
4	3	204.44781	-1372.4309
4	4	192.32603	-1384.3615
4	5	212.93427	-1404.1631
4	6	225.58876	-1402.8905
4	7	203.5942	-1425.4691
4	20	244.45433	-1417.4214
5	1	177.78664	-1357.2771
5	3	203.12259	-1371.6951
5	4	193.42445	-1384.9521
5	5	214.2065	-1404.8539
5	6	226.72398	-1403.4996
5	7	203.5942	-1425.4691
5	20	245.89282	-1418.1957
6	1	176.49686	-1356.5626
6	2	130.25723	-1345.8302
6	3	201.80196	-1370.9641
6	4	194.51532	-1385.5487
6	5	215.48747	-1405.543
6	6	227.85405	-1404.0991
6	7	203.5942	-1425.4691
6	20	247.34172	-1418.9769
7	1	175.22444	-1355.8629
7	2	130.45163	-1346.0304
7	3	200.48085	-1370.2357
7	4	195.57303	-1386.124
7	5	216.75818	-1406.2275
7	6	228.97273	-1404.6859
7	7	203.5942	-1425.4691
7	20	248.77963	-1419.7521
8	1	173.97328	-1355.1647
8	2	130.63258	-1346.144
8	3	199.16096	-1369.5045
8	4	196.69562	-1386.719
8	5	218.04463	-1406.9211
8	6	230.07608	-1405.2656
8	7	203.5942	-1425.4691
8	20	250.21507	-1420.5485
9	1	172.69664	-1354.4591
9	2	130.82811	-1346.2433
9	3	197.84337	-1368.7788
9	4	197.79684	-1387.3433
9	5	219.34503	-1407.6254
9	6	231.15639	-1405.838
9	7	203.5942	-1425.4691
9	20	251.74477	-1421.3619
10	1	171.44243	-1353.7592
10	2	131.00903	-1346.3142
10	3	196.52687	-1368.0525
10	4	198.8734	-1387.9364
10	5	220.64546	-1408.3253
10	6	232.26797	-1406.4397
10	7	203.5942	-1425.4691
11	1	170.18352	-1353.0652
11	2	131.18011	-1346.4059
11	3	195.20892	-1367.3285
11	4	200.04723	-1388.5736
11	5	221.92967	-1409.0214
11	6	233.36449	-1407.0287
11	7	203.5942	-1425.4691
11	23	179.2964	-1333.7781
12	1	168.93748	-1352.3696
12	2	131.37343	-1346.4695
12	3	193.89523	-1366.6023
12	4	201.10318	-1389.1613
12	5	223.21227	-1409.714
12	6	234.47427	-1407.6198
12	7	203.5942	-1425.4691
12	23	178.12444	-1333.2968
13	1	167.69719	-1351.6805
13	2	131.49876	-1346.584
13	3	192.59041	-1365.882
13	4	202.20958	-1389.7649
13	5	224.49367	-1410.4082
13	6	235.64157	-1408.2388
13	7	203.5942	-1425.4691
13	23	176.8012	-1332.7004
14	1	166.45494	-1350.989
14	2	131.63647	-1346.6548
14	3	191.2952	-1365.165
14	4	203.32654	-1390.3721
14	5	225.78917	-1411.1075
14	6	236.72354	-1408.8127
14	7	203.5942	-1425.4691
14	23	175.50528	-1332.1271
15	1	165.2393	-1350.3187
15	2	131.78505	-1346.737
15	3	190.00066	-1364.4502
15	4	204.45694	-1390.9893
15	5	227.09538	-1411.8098
15	6	237.76791	-1409.3877
15	7	203.5942	-1425.4691
15	23	174.2434	-1331.5887
16	1	164.01163	-1349.631
16	2	131.94496	-1346.8203
16	3	188.71127	-1363.7356
16	4	205.5757	-1391.6006
16	5	228.38997	-1412.5084
16	6	238.85439	-1409.9642
16	7	203.5942	-1425.4691
16	23	172.89854	-1330.9718
17	1	162.78156	-1348.9487
17	2	132.10132	-1346.8835
17	3	187.42537	-1363.0262
17	4	206.67921	-1392.1993
17	5	229.71786	-1413.2228
17	6	239.99046	-1410.568
17	7	203.5942	-1425.4691
18	1	161.5734	-1348.2709
18	2	132.24219	-1346.9574
18	3	186.14848	-1362.3179
18	4	207.82089	-1392.823
18	5	231.0596	-1413.9285
18	6	241.168	-1411.1885
18	7	203.5942	-1425.4691
18	23	170.30562	-1329.9106
19	1	160.33122	-1347.5924
19	2	132.39673	-1347.039
19	3	184.8793	-1361.6133
19	4	208.93225	-1393.4219
19	5	232.34065	-1414.6245
19	6	242.45848	-1411.8118
19	7	203.5942	-1425.4691
20	1	159.13776	-1346.9397
20	2	132.54515	-1347.1107
20	3	183.62054	-1360.9122
20	4	210.04085	-1394.0326
20	5	233.64441	-1415.3431
20	6	243.5719	-1412.2798
20	7	203.5942	-1425.4691
21	1	157.91103	-1346.2626
21	2	132.68869	-1347.1864
21	3	182.36507	-1360.2112
21	4	211.15657	-1394.6406
21	5	234.94771	-1416.0516
21	7	203.5942	-1425.4691
22	1	156.69826	-1345.5903
22	2	132.82484	-1347.2588
22	3	181.11069	-1359.51
22	4	212.2641	-1395.2423
22	7	203.5942	-1425.4691
23	1	155.4881	-1344.9193
23	2	132.95828	-1347.3259
23	3	179.8615	-1358.8115
23	4	213.4158	-1395.8792
23	7	203.5942	-1425.4691
24	1	154.25243	-1344.226
24	2	133.09164	-1347.3939
24	3	178.6233	-1358.1177
24	4	214.53545	-1396.5018
24	7	203.5942	-1425.4691
25	1	153.06659	-1343.5663
25	2	133.23364	-1347.4463
25	3	177.39413	-1357.4292
25	4	215.63882	-1397.1187
25	7	203.5942	-1425.4691
26	1	151.84587	-1342.8942
26	2	133.37999	-1347.5098
26	3	176.16835	-1356.7455
26	4	216.74507	-1397.7227
27	1	150.61873	-1342.2241
27	2	133.53609	-1347.5802
27	3	174.94774	-1356.0631
27	4	217.8658	-1398.3444
27	7	203.5942	-1425.4691
28	1	149.41864	-1341.5592
28	2	133.68484	-1347.6515
28	3	173.73769	-1355.3855
28	4	218.9729	-1398.937
29	1	148.20094	-1340.899
29	2	133.83621	-1347.7117
29	3	172.5304	-1354.7113
29	4	220.21588	-1399.6055
30	1	146.98021	-1340.2289
30	2	133.97643	-1347.7759
30	3	171.32089	-1354.0342
30	4	221.2481	-1400.1401
31	1	145.76984	-1339.5675
31	2	134.1369	-1347.8416
31	3	170.11647	-1353.3602
31	4	222.34578	-1400.7427
32	1	144.5346	-1338.8813
32	2	134.27492	-1347.9008
32	3	168.91663	-1352.6885
32	4	223.44922	-1401.3613
33	1	143.3196	-1338.2192
33	2	134.42577	-1347.9487
33	3	167.71698	-1352.0208
33	4	224.55553	-1401.966
33	8	93.6234	-1333.6255
34	1	142.11661	-1337.5585
34	2	134.5747	-1348.0048
34	3	166.5169	-1351.3546
34	8	95.38735	-1334.5796
35	1	140.87209	-1336.874
35	2	134.73178	-1348.0587
35	3	165.31155	-1350.6859
35	8	96.98505	-1335.4602
36	1	139.64764	-1336.2047
36	2	134.90544	-1348.1176
36	3	164.1043	-1350.0138
36	8	98.582054	-1336.2849
37	1	138.40492	-1335.5355
37	2	135.06601	-1348.166
37	3	162.89238	-1349.3392
37	8	100.20664	-1337.2062
37	13	85.31221	-1361.7225
38	1	137.18257	-1334.8638
38	2	135.23311	-1348.2153
38	3	161.67816	-1348.6658
38	8	101.900475	-1338.1205
38	13	85.31221	-1361.7225
39	1	135.92638	-1334.1775
39	2	135.39557	-1348.265
39	3	160.45535	-1347.9873
39	8	103.49656	-1338.9811
39	13	85.31221	-1361.7225
39	17	86.80309	-1359.3553
40	1	134.6902	-1333.496
40	2	135.57747	-1348.3121
40	3	159.22195	-1347.3029
40	8	105.15361	-1339.8802
40	13	85.31221	-1361.7225
41	1	133.45341	-1332.8059
41	2	135.76077	-1348.3533
41	3	157.98096	-1346.6122
41	8	106.74795	-1340.758
41	13	85.31221	-1361.7225
42	1	132.22923	-1332.1453
42	2	135.94395	-1348.3914
42	3	156.73206	-1345.9224
42	8	108.39743	-1341.6599
42	13	85.31221	-1361.7225
42	17	87.01771	-1359.5328
43	1	130.9676	-1331.4539
43	2	136.15842	-1348.4292
43	3	155.4792	-1345.2267
43	8	110.06219	-1342.5615
43	9	122.74882	-1313.7013
43	13	85.31221	-1361.7225
43	17	86.293785	-1359.1509
44	1	129.72136	-1330.7833
44	2	136.3714	-1348.451
44	3	154.21992	-1344.5282
44	8	111.71379	-1343.4764
44	9	122.74882	-1313.7013
44	13	85.31221	-1361.7225
44	17	86.88846	-1359.5306
45	1	128.48232	-1330.11
45	2	136.57535	-1348.4703
45	3	152.95152	-1343.8262
45	8	113.31333	-1344.3364
45	9	122.74882	-1313.7013
45	10	137.24625	-1320.79
45	13	85.31221	-1361.7225
45	17	86.68597	-1359.3944
46	1	127.239975	-1329.4333
46	2	136.80194	-1348.4788
46	3	151.67747	-1343.1184
46	8	114.9476	-1345.2273
46	9	122.74882	-1313.7013
46	10	137.24625	-1320.79
46	13	85.31221	-1361.7225
46	17	86.16753	-1359.1157
47	1	125.97635	-1328.7345
47	2	137.03256	-1348.4785
47	3	150.40071	-1342.4049
47	8	116.57054	-1346.1085
47	9	122.74882	-1313.7013
47	10	137.24625	-1320.79
47	13	85.31221	-1361.7225
47	17	86.15021	-1359.0118
48	1	124.73447	-1328.0575
48	2	137.26888	-1348.462
48	3	149.12001	-1341.689
48	8	118.2182	-1347.0162
48	10	137.24625	-1320.79
48	13	85.31221	-1361.7225
48	17	86.28397	-1359.1464
49	1	123.462105	-1327.3668
49	2	137.49364	-1348.4305
49	3	147.84105	-1340.9702
49	8	119.81086	-1347.8947
49	10	137.24625	-1320.79
49	13	85.31221	-1361.7225
49	17	86.60448	-1359.3027
50	1	122.18175	-1326.6836
50	2	137.73991	-1348.3826
50	3	146.56845	-1340.2504
50	8	121.44243	-1348.7893
50	9	122.74882	-1313.7013
50	10	137.24625	-1320.79
50	13	85.31221	-1361.7225
51	1	120.93997	-1326.0074
51	2	137.9634	-1348.3165
51	3	145.304	-1339.5348
51	8	123.05462	-1349.6683
51	9	122.74882	-1313.7013
51	10	137.24625	-1320.79
51	13	85.31221	-1361.7225
51	17	86.817276	-1359.3824
52	1	119.67162	-1325.3232
52	2	138.18355	-1348.2317
52	3	144.05074	-1338.8186
52	8	124.68465	-1350.5559
52	9	122.74882	-1313.7013
52	10	137.24625	-1320.79
52	13	85.31221	-1361.7225
52	17	86.52654	-1359.3542
53	1	118.388535	-1324.6216
53	2	138.4003	-1348.1226
53	3	142.80759	-1338.1042
53	8	126.27747	-1351.4299
53	9	122.74882	-1313.7013
53	10	137.24625	-1320.79
53	13	85.31221	-1361.7225
53	17	86.23022	-1359.1715
54	1	117.11497	-1323.927
54	2	138.61812	-1348.0016
54	3	141.57338	-1337.3899
54	8	127.875496	-1352.313
54	9	122.74882	-1313.7013
54	10	137.24625	-1320.79
54	11	85.95945	-1358.7255
54	13	85.31221	-1361.7225
55	1	115.830574	-1323.2383
55	2	138.83862	-1347.8638
55	3	140.34457	-1336.679
55	8	129.46649	-1353.1907
55	9	122.74882	-1313.7013
55	10	137.24625	-1320.79
55	11	85.95945	-1358.7255
55	13	85.31221	-1361.7225
55	16	127.33827	-1294.9489
56	1	114.54415	-1322.5437
56	2	139.07256	-1347.712
56	3	139.12016	-1335.9652
56	8	131.04227	-1354.0548
56	9	122.74882	-1313.7013
56	10	137.24625	-1320.79
56	13	85.31221	-1361.7225
56	16	127.33827	-1294.9489
56	17	85.92521	-1358.9023
57	1	113.29384	-1321.8588
57	2	139.27028	-1347.5422
57	3	137.90236	-1335.2522
57	8	132.62294	-1354.9471
57	9	122.74882	-1313.7013
57	10	137.24625	-1320.79
57	13	85.31221	-1361.7225
57	16	127.33827	-1294.9489
57	17	85.994484	-1358.9305
58	1	112.01773	-1321.1669
58	2	139.4671	-1347.3501
58	3	136.68933	-1334.543
58	8	134.21867	-1355.8384
58	9	122.74882	-1313.7013
58	10	137.24625	-1320.79
58	11	85.95945	-1358.7255
58	13	85.31221	-1361.7225
58	16	127.33827	-1294.9489
59	1	110.737015	-1320.4617
59	2	139.65535	-1347.144
59	3	135.48106	-1333.8314
59	8	135.82425	-1356.7327
59	9	122.74882	-1313.7013
59	10	137.24625	-1320.79
59	11	85.95945	-1358.7255
59	13	85.31221	-1361.7225
59	16	127.33827	-1294.9489
60	1	109.43728	-1319.758
60	2	139.84866	-1346.913
60	3	134.27509	-1333.1229
60	8	137.43002	-1357.6222
60	9	122.74882	-1313.7013
60	10	137.24625	-1320.79
60	13	85.31221	-1361.7225
60	16	127.33827	-1294.9489
60	18	139.03035	-1300.1238
61	1	108.15569	-1319.0529
61	2	140.00616	-1346.6677
61	3	133.07594	-1332.4137
61	8	139.01236	-1358.507
61	9	122.74882	-1313.7013
61	10	137.24625	-1320.79
61	12	57.87916	-1339.9247
61	13	85.31221	-1361.7225
61	16	127.33827	-1294.9489
61	18	139.03035	-1300.1238
61	19	130.10153	-1288.7819
61	22	137.26674	-1276.1768
62	1	106.86766	-1318.3615
62	2	140.1592	-1346.4125
62	3	131.87889	-1331.7075
62	8	140.62639	-1359.4098
62	9	122.74882	-1313.7013
62	10	137.24625	-1320.79
62	11	85.95945	-1358.7255
62	12	57.87916	-1339.9247
62	13	85.31221	-1361.7225
62	16	127.33827	-1294.9489
62	18	139.03035	-1300.1238
62	19	130.10153	-1288.7819
63	1	105.56119	-1317.6497
63	2	140.31458	-1346.1265
63	3	130.68333	-1331.0015
63	8	142.22188	-1360.3063
63	9	122.74882	-1313.7013
63	10	137.24625	-1320.79
63	11	85.95945	-1358.7255
63	12	57.87916	-1339.9247
63	13	85.31221	-1361.7225
63	14	79.94646	-1371.3112
63	16	127.33827	-1294.9489
63	18	139.03035	-1300.1238
63	19	130.10153	-1288.7819
64	1	104.259384	-1316.9406
64	2	140.43605	-1345.8413
64	3	129.4895	-1330.2948
64	8	143.86662	-1361.2181
64	9	122.74882	-1313.7013
64	10	137.24625	-1320.79
64	11	85.95945	-1358.7255
64	12	57.87916	-1339.9247
64	13	85.31221	-1361.7225
64	14	79.94646	-1371.3112
64	18	139.03035	-1300.1238
64	19	130.10153	-1288.7819
65	1	102.954544	-1316.2314
65	2	140.5469	-1345.5326
65	3	128.2964	-1329.5908
65	8	145.49641	-1362.1299
65	9	122.74882	-1313.7013
65	10	137.24625	-1320.79
65	11	85.95945	-1358.7255
65	12	57.87916	-1339.9247
65	13	85.31221	-1361.7225
65	18	139.03035	-1300.1238
66	1	101.6648	-1315.5328
66	2	140.63667	-1345.2148
66	3	127.10615	-1328.8875
66	8	147.11644	-1363.0353
66	9	122.74882	-1313.7013
66	10	137.24625	-1320.79
66	11	85.95945	-1358.7255
66	12	57.87916	-1339.9247
66	13	85.31221	-1361.7225
66	16	127.33827	-1294.9489
66	18	139.03035	-1300.1238
67	1	100.37141	-1314.8427
67	2	140.69972	-1344.873
67	3	125.91659	-1328.1854
67	8	148.73741	-1363.9565
67	9	122.74882	-1313.7013
67	10	137.24625	-1320.79
67	11	85.95945	-1358.7255
67	12	57.87916	-1339.9247
67	16	127.33827	-1294.9489
67	18	139.03035	-1300.1238
67	19	130.10153	-1288.7819
68	1	99.05801	-1314.136
68	2	140.74452	-1344.5109
68	3	124.72687	-1327.4839
68	8	150.32468	-1364.8278
68	9	122.74882	-1313.7013
68	10	137.24625	-1320.79
68	11	85.95945	-1358.7255
68	12	57.87916	-1339.9247
68	16	127.33827	-1294.9489
68	18	139.03035	-1300.1238
68	19	130.10153	-1288.7819
68	22	137.26674	-1276.1768
68	29	135.33252	-1279.2495
69	1	97.74655	-1313.4257
69	2	140.76402	-1344.1367
69	3	123.53797	-1326.7834
69	8	151.99603	-1365.7668
69	9	122.74882	-1313.7013
69	10	137.24625	-1320.79
69	11	85.95945	-1358.7255
69	12	57.87916	-1339.9247
69	14	79.94646	-1371.3112
69	16	127.33827	-1294.9489
69	19	130.10153	-1288.7819
69	22	137.26674	-1276.1768
69	29	135.32907	-1279.2429
70	1	96.44003	-1312.7166
70	2	140.7586	-1343.7527
70	3	122.352165	-1326.0852
70	8	153.62268	-1366.6699
70	9	122.74882	-1313.7013
70	10	137.24625	-1320.79
70	11	85.95945	-1358.7255
70	12	57.87916	-1339.9247
70	14	79.94646	-1371.3112
70	16	127.33827	-1294.9489
70	19	130.10153	-1288.7819
70	22	137.26674	-1276.1768
70	29	135.32762	-1279.2191
71	1	95.114494	-1311.9847
71	2	140.72441	-1343.3663
71	3	121.16965	-1325.3896
71	8	155.24979	-1367.5671
71	9	122.74882	-1313.7013
71	10	137.24625	-1320.79
71	11	85.95945	-1358.7255
71	12	57.87916	-1339.9247
71	14	79.94646	-1371.3112
71	16	127.33827	-1294.9489
71	18	139.03035	-1300.1238
71	19	130.10153	-1288.7819
71	22	137.26674	-1276.1768
71	24	150.57054	-1276.2722
71	29	135.28925	-1279.1859
72	1	93.82883	-1311.2947
72	2	140.65742	-1342.968
72	3	119.99034	-1324.6956
72	8	156.90047	-1368.4957
72	9	122.74882	-1313.7013
72	10	137.24625	-1320.79
72	11	85.95945	-1358.7255
72	12	57.87916	-1339.9247
72	14	79.94646	-1371.3112
72	16	127.33827	-1294.9489
72	18	139.03035	-1300.1238
72	19	130.10153	-1288.7819
72	22	137.26674	-1276.1768
72	24	150.6106	-1276.3954
72	25	144.04062	-1289.5769
72	26	141.56665	-1294.4156
72	29	135.29459	-1279.1774
72	30	146.91803	-1285.1807
73	1	92.50213	-1310.5775
73	2	140.56578	-1342.5466
73	3	118.81211	-1323.9987
73	8	158.55235	-1369.4282
73	9	122.74882	-1313.7013
73	10	137.24625	-1320.79
73	11	85.95945	-1358.7255
73	12	57.87916	-1339.9247
73	14	79.94646	-1371.3112
73	18	139.03035	-1300.1238
73	19	130.10153	-1288.7819
73	22	137.26674	-1276.1768
73	24	150.59732	-1276.3055
73	25	144.10892	-1289.6218
73	26	141.62799	-1294.3601
73	29	135.35707	-1279.2501
73	30	146.87894	-1285.1926
74	1	91.18286	-1309.8661
74	2	140.4479	-1342.152
74	3	117.636925	-1323.3046
74	8	160.19687	-1370.3397
74	9	122.74882	-1313.7013
74	10	137.24625	-1320.79
74	11	85.95945	-1358.7255
74	12	57.87916	-1339.9247
74	14	79.94646	-1371.3112
74	15	111.81968	-1379.0186
74	16	127.33827	-1294.9489
74	22	137.26674	-1276.1768
74	24	150.66103	-1276.3107
74	25	144.16164	-1289.7102
74	26	141.59764	-1294.4929
74	27	139.0875	-1300.1102
74	30	146.88646	-1285.2057
75	1	89.85996	-1309.1459
75	2	140.30078	-1341.7391
75	3	116.46609	-1322.6167
75	8	161.86208	-1371.2612
75	9	122.74882	-1313.7013
75	10	137.24625	-1320.79
75	11	85.95945	-1358.7255
75	12	57.87916	-1339.9247
75	14	79.94646	-1371.3112
75	15	111.770096	-1378.9174
75	24	150.70486	-1276.3445
75	25	144.14322	-1289.723
75	26	141.5842	-1294.5122
75	27	139.01784	-1300.0656
75	30	146.93478	-1285.2278
76	1	88.51593	-1308.4294
76	2	140.1235	-1341.3251
76	3	115.300934	-1321.9312
76	8	163.46397	-1372.151
76	9	122.74882	-1313.7013
76	10	137.24625	-1320.79
76	11	85.95945	-1358.7255
76	12	57.87916	-1339.9247
76	14	79.94646	-1371.3112
76	15	111.77766	-1378.8336
76	24	150.7565	-1276.3663
76	25	144.23505	-1289.7296
76	26	141.64381	-1294.5488
76	27	138.96902	-1300.0117
76	30	146.95416	-1285.1804
77	1	87.18482	-1307.7205
77	2	139.92021	-1340.9017
77	3	114.14192	-1321.2518
77	8	165.126	-1373.0762
77	9	122.74882	-1313.7013
77	10	137.24625	-1320.79
77	11	85.95945	-1358.7255
77	12	57.87916	-1339.9247
77	14	79.94646	-1371.3112
77	15	111.80164	-1378.7434
77	27	139.03291	-1300.0356
78	1	85.861885	-1307.0051
78	2	139.67015	-1340.4817
78	3	112.99095	-1320.5751
78	8	166.82121	-1374.0012
78	9	122.74882	-1313.7013
78	10	137.24625	-1320.79
78	11	85.95945	-1358.7255
78	12	57.87916	-1339.9247
78	14	79.94646	-1371.3112
78	15	111.81488	-1378.6796
78	25	144.2513	-1289.6876
78	26	141.55174	-1294.4984
78	27	139.12949	-1300.0344
79	1	84.54754	-1306.2961
79	2	139.39789	-1340.0409
79	3	111.83759	-1319.9015
79	9	122.74882	-1313.7013
79	10	137.24625	-1320.79
79	11	85.95945	-1358.7255
79	12	57.87916	-1339.9247
79	14	79.94646	-1371.3112
79	15	111.85321	-1378.5759
79	27	139.1786	-1300.0637
80	1	83.200424	-1305.5662
80	2	139.10506	-1339.6162
80	3	110.68697	-1319.2268
80	9	122.74882	-1313.7013
80	10	137.24625	-1320.79
80	11	85.95945	-1358.7255
80	12	57.87916	-1339.9247
80	14	79.94646	-1371.3112
80	15	111.90536	-1378.5078
81	1	81.86476	-1304.8514
81	2	138.77847	-1339.1818
81	3	109.54088	-1318.5587
81	9	122.74882	-1313.7013
81	10	137.24625	-1320.79
81	11	85.95945	-1358.7255
81	12	57.87916	-1339.9247
81	14	79.94646	-1371.3112
81	15	111.95803	-1378.4371
81	21	37.37814	-1344.1676
82	1	80.53329	-1304.1287
82	2	138.42374	-1338.7515
82	3	108.4022	-1317.8956
82	9	122.74882	-1313.7013
82	10	137.24625	-1320.79
82	11	85.95945	-1358.7255
82	12	57.87916	-1339.9247
82	14	79.94646	-1371.3112
82	15	112.01825	-1378.3344
82	21	37.37814	-1344.1676
83	1	79.17675	-1303.3989
83	2	138.02757	-1338.3065
83	3	107.2689	-1317.2363
83	9	122.74882	-1313.7013
83	10	137.24625	-1320.79
83	11	85.95945	-1358.7255
83	12	57.87916	-1339.9247
83	14	79.94646	-1371.3112
83	15	112.09948	-1378.2759
83	21	37.37814	-1344.1676
84	1	77.8534	-1302.6864
84	2	137.66087	-1337.9218
84	3	106.13982	-1316.5804
84	9	122.74882	-1313.7013
84	10	137.24625	-1320.79
84	11	85.95945	-1358.7255
84	12	57.87916	-1339.9247
84	14	79.94646	-1371.3112
84	15	112.15422	-1378.2129
84	21	37.37814	-1344.1676
85	1	76.50658	-1301.9584
85	2	137.23332	-1337.4956
85	3	105.01784	-1315.9254
85	9	122.74882	-1313.7013
85	10	137.24625	-1320.79
85	11	85.95945	-1358.7255
85	12	57.87916	-1339.9247
85	14	79.94646	-1371.3112
85	15	112.24312	-1378.1577
85	21	37.37814	-1344.1676
85	28	36.169476	-1346.5554
86	1	75.164406	-1301.2335
86	2	136.79904	-1337.0815
86	3	103.901665	-1315.2777
86	9	122.74882	-1313.7013
86	10	137.24625	-1320.79
86	11	85.95945	-1358.7255
86	12	57.87916	-1339.9247
86	14	79.94646	-1371.3112
86	15	112.290344	-1378.0841
86	21	37.37814	-1344.1676
86	28	36.169476	-1346.5554
87	1	73.81567	-1300.4965
87	2	136.34276	-1336.6531
87	3	102.791595	-1314.6323
87	9	122.74882	-1313.7013
87	10	137.24625	-1320.79
87	11	85.95945	-1358.7255
87	12	57.87916	-1339.9247
87	14	79.94646	-1371.3112
87	15	112.390396	-1378.0869
87	21	37.37814	-1344.1676
87	28	36.169476	-1346.5554
88	1	72.46123	-1299.765
88	2	135.8755	-1336.2224
88	3	101.68778	-1313.9933
88	9	122.74882	-1313.7013
88	10	137.24625	-1320.79
88	11	85.95945	-1358.7255
88	12	57.87916	-1339.9247
88	14	79.94646	-1371.3112
88	15	112.48068	-1378.1313
88	21	37.37814	-1344.1676
88	28	36.169476	-1346.5554
88	31	34.3284	-1349.0503
89	1	71.130226	-1299.0479
89	2	135.3625	-1335.764
89	3	100.59092	-1313.3557
89	9	122.74882	-1313.7013
89	10	137.24625	-1320.79
89	11	85.95945	-1358.7255
89	12	57.87916	-1339.9247
89	14	79.94646	-1371.3112
89	15	112.557236	-1378.1333
89	21	37.37814	-1344.1676
89	28	36.169476	-1346.5554
89	31	34.3284	-1349.0503
90	1	69.77362	-1298.3177
90	2	134.89032	-1335.3608
90	3	99.49987	-1312.7253
90	9	122.74882	-1313.7013
90	10	137.24625	-1320.79
90	11	85.95945	-1358.7255
90	12	57.87916	-1339.9247
90	14	79.94646	-1371.3112
90	15	112.66442	-1378.2036
90	21	37.37814	-1344.1676
90	28	36.169476	-1346.5554
90	31	34.3284	-1349.0503
