0	1	179.1062	450.68973
0	2	193.62524	463.18896
0	5	206.8797	507.96765
0	6	166.55177	441.37195
0	7	209.49377	514.19116
0	8	216.4614	530.6527
0	9	153.57365	414.71896
0	21	154.8638	417.11832
0	24	166.04883	429.53403
0	25	156.08774	471.69638
0	26	160.90306	458.9027
1	1	179.49535	450.73505
1	2	194.03728	464.01566
1	4	167.49318	469.42947
1	5	206.8797	507.96765
1	6	166.55177	441.37195
1	7	209.49377	514.19116
1	8	216.4614	530.6527
1	9	153.57365	414.71896
1	21	154.8638	417.11832
1	24	166.07811	429.5494
1	25	156.08774	471.69638
1	26	160.90306	458.9027
2	1	179.89906	450.80405
2	2	194.45264	464.84747
2	5	206.8797	507.96765
2	6	166.55177	441.37195
2	7	209.49377	514.19116
2	8	216.4614	530.6527
2	9	153.57365	414.71896
2	21	154.8638	417.11832
2	24	166.0824	429.54364
2	26	160.90306	458.9027
3	1	180.30794	450.88086
3	2	194.86707	465.6851
3	5	206.8797	507.96765
3	6	166.55177	441.37195
3	7	209.49377	514.19116
3	8	216.4614	530.6527
3	9	153.57365	414.71896
3	21	154.8638	417.11832
3	24	166.07481	429.54813
3	25	156.08774	471.69638
3	26	160.90306	458.9027
4	1	180.75502	450.9868
4	2	195.24033	466.4415
4	4	167.49318	469.42947
4	5	206.8797	507.96765
4	6	166.55177	441.37195
4	7	209.49377	514.19116
4	8	216.4614	530.6527
4	9	153.57365	414.71896
4	21	154.8638	417.11832
4	24	166.06909	429.5216
4	25	156.08774	471.69638
4	26	160.90306	458.9027
5	1	181.19666	451.11215
5	2	195.65424	467.2816
5	4	167.49318	469.42947
5	5	206.8797	507.96765
5	6	166.55177	441.37195
5	7	209.49377	514.19116
5	8	216.4614	530.6527
5	9	153.57365	414.71896
5	21	154.8638	417.11832
5	24	165.8999	429.44318
5	25	156.08774	471.69638
6	1	181.63792	451.25403
6	2	196.06705	468.12402
6	3	207.82004	477.61557
6	4	167.49318	469.42947
6	5	206.8797	507.96765
6	6	166.55177	441.37195
6	7	209.49377	514.19116
6	8	216.4614	530.6527
6	9	153.57365	414.71896
6	21	154.8638	417.11832
6	24	165.27557	429.58432
6	25	156.08774	471.69638
6	27	153.63954	464.61566
7	1	182.12085	451.43393
7	2	196.47784	468.96384
7	3	207.3428	476.0518
7	4	167.49318	469.42947
7	5	206.8797	507.96765
7	6	166.55177	441.37195
7	7	209.49377	514.19116
7	8	216.4614	530.6527
7	9	153.57365	414.71896
7	21	154.8638	417.11832
7	24	165.4749	430.06738
7	25	156.08774	471.69638
7	27	153.63954	464.61566
8	1	182.59045	451.6274
8	2	196.88263	469.79422
8	3	206.64311	474.7659
8	4	167.49318	469.42947
8	5	206.8797	507.96765
8	6	166.55177	441.37195
8	7	209.49377	514.19116
8	8	216.4614	530.6527
8	9	153.57365	414.71896
8	21	154.8638	417.11832
8	27	153.63954	464.61566
9	1	183.06456	451.85092
9	2	197.28256	470.6206
9	3	205.92088	473.42343
9	4	167.49318	469.42947
9	5	206.8797	507.96765
9	6	166.55177	441.37195
9	7	209.49377	514.19116
9	8	216.4614	530.6527
9	9	153.57365	414.71896
10	1	183.53745	452.0951
10	2	197.67563	471.43762
10	3	205.27386	472.08688
10	4	167.49318	469.42947
10	5	206.8797	507.96765
10	6	166.55177	441.37195
10	7	209.49377	514.19116
10	8	216.4614	530.6527
10	9	153.57365	414.71896
11	1	184.02809	452.37378
11	2	198.06337	472.2461
11	3	204.62679	470.7875
11	4	167.49318	469.42947
11	5	206.8797	507.96765
11	6	166.55177	441.37195
11	7	209.49377	514.19116
11	8	216.4614	530.6527
12	1	184.50128	452.6642
12	2	198.44559	473.04688
12	3	203.99489	469.46313
12	5	206.8797	507.96765
12	6	166.55177	441.37195
12	7	209.49377	514.19116
12	8	216.4614	530.6527
12	9	153.57365	414.71896
12	17	187.5242	538.31384
13	1	184.98451	452.98755
13	2	198.82588	473.83594
13	3	203.36845	468.16022
13	5	206.8797	507.96765
13	6	166.55177	441.37195
13	7	209.49377	514.19116
13	8	216.4614	530.6527
13	9	153.57365	414.71896
13	17	187.64343	538.4993
14	1	185.44617	453.3141
14	2	199.19603	474.61673
14	3	202.70883	466.80975
14	5	206.8797	507.96765
14	6	166.55177	441.37195
14	7	209.49377	514.19116
14	8	216.4614	530.6527
14	9	153.57365	414.71896
14	17	187.7936	538.7136
14	19	166.01079	429.61948
14	21	154.8638	417.11832
15	1	185.96695	453.7166
15	2	199.56017	475.3862
15	3	202.06325	465.46585
15	5	206.8797	507.96765
15	6	166.55177	441.37195
15	7	209.49377	514.19116
15	8	216.4614	530.6527
15	9	153.57365	414.71896
15	17	187.93666	538.93384
15	19	165.91455	429.49298
15	21	154.8638	417.11832
16	1	186.44116	454.121
16	2	199.92244	476.14853
16	3	201.44734	464.2223
16	5	206.8797	507.96765
16	6	166.55177	441.37195
16	7	209.49377	514.19116
16	8	216.4614	530.6527
16	17	188.09494	539.1448
16	19	166.04944	429.5091
16	21	154.8638	417.11832
17	1	186.92014	454.5495
17	2	200.27942	476.90668
17	3	200.70432	462.82727
17	5	206.8797	507.96765
17	6	166.55177	441.37195
17	7	209.49377	514.19116
17	8	216.4614	530.6527
17	17	188.26996	539.3585
17	19	166.0663	429.53638
17	21	154.8638	417.11832
18	1	187.4358	455.0523
18	2	200.6325	477.65787
18	3	199.99542	461.4733
18	5	206.8797	507.96765
18	6	166.55177	441.37195
18	7	209.49377	514.19116
18	8	216.4614	530.6527
18	17	188.45825	539.60205
18	19	166.04599	429.5626
19	1	187.88968	455.53735
19	2	200.98384	478.40094
19	5	206.8797	507.96765
19	6	166.55177	441.37195
19	7	209.49377	514.19116
19	8	216.4614	530.6527
19	17	188.6112	539.81726
19	19	166.0416	429.5417
20	1	188.32971	456.02332
20	2	201.33	479.13864
20	5	206.8797	507.96765
20	6	166.55177	441.37195
20	7	209.49377	514.19116
20	8	216.4614	530.6527
20	17	188.74498	539.9966
21	1	188.77573	456.5527
21	2	201.67352	479.87192
21	5	206.8797	507.96765
21	6	166.55177	441.37195
21	7	209.49377	514.19116
21	8	216.4614	530.6527
21	17	188.92625	540.2103
22	1	189.20705	457.09784
22	2	202.01686	480.60318
22	5	206.8797	507.96765
22	6	166.55177	441.37195
22	7	209.49377	514.19116
22	8	216.4614	530.6527
22	11	173.15044	512.0088
22	17	189.11768	540.4483
23	1	189.6533	457.687
23	2	202.3575	481.33167
23	5	206.8797	507.96765
23	6	166.55177	441.37195
23	7	209.49377	514.19116
23	8	216.4614	530.6527
23	17	189.30988	540.65814
23	19	165.99835	429.59952
24	1	190.07945	458.28894
24	2	202.69617	482.0549
24	5	206.8797	507.96765
24	6	166.55177	441.37195
24	7	209.49377	514.19116
24	8	216.4614	530.6527
24	11	173.15044	512.0088
24	17	189.49481	540.90405
24	19	165.86809	429.60767
25	1	190.50894	458.91718
25	2	203.03156	482.77597
25	5	206.8797	507.96765
25	6	166.55177	441.37195
25	7	209.49377	514.19116
25	8	216.4614	530.6527
25	10	226.36691	556.3414
25	11	173.15044	512.0088
25	17	189.68513	541.11865
26	1	190.9364	459.55862
26	2	203.36664	483.49432
26	5	206.8797	507.96765
26	6	166.55177	441.37195
26	7	209.49377	514.19116
26	8	216.4614	530.6527
26	10	226.36691	556.3414
26	11	173.15044	512.0088
26	17	189.89458	541.3649
26	19	166.05516	429.57117
27	1	191.37099	460.23465
27	2	203.70135	484.2111
27	5	206.8797	507.96765
27	6	166.55177	441.37195
27	7	209.49377	514.19116
27	8	216.4614	530.6527
27	10	226.36691	556.3414
27	11	173.15044	512.0088
27	17	190.07947	541.57184
27	19	166.05232	429.59714
28	1	191.7906	460.90784
28	2	204.03311	484.9288
28	5	206.8797	507.96765
28	6	166.55177	441.37195
28	7	209.49377	514.19116
28	8	216.4614	530.6527
28	10	226.36691	556.3414
28	11	173.15044	512.0088
28	17	190.29297	541.8082
28	18	166.98863	515.5842
28	19	166.02785	429.59372
29	1	192.22784	461.63763
29	2	204.36526	485.64435
29	5	206.8797	507.96765
29	6	166.55177	441.37195
29	7	209.49377	514.19116
29	8	216.4614	530.6527
29	10	226.36691	556.3414
29	11	173.15044	512.0088
29	17	190.4749	542.01215
29	18	166.98863	515.5842
29	19	166.05193	429.51865
30	1	192.64163	462.34317
30	2	204.69585	486.3588
30	5	206.8797	507.96765
30	6	166.55177	441.37195
30	7	209.49377	514.19116
30	8	216.4614	530.6527
30	10	226.36691	556.3414
30	11	173.15044	512.0088
30	17	190.63727	542.2071
30	18	166.98863	515.5842
30	19	166.02321	429.51736
31	1	193.0595	463.07895
31	2	205.02429	487.07184
31	5	206.8797	507.96765
31	6	166.55177	441.37195
31	7	209.49377	514.19116
31	8	216.4614	530.6527
31	10	226.36691	556.3414
31	11	173.15044	512.0088
31	12	211.4633	545.48486
31	17	190.84172	542.4606
31	18	166.98863	515.5842
31	19	166.02715	429.5414
32	1	193.47397	463.82596
32	2	205.3514	487.7842
32	5	206.8797	507.96765
32	6	166.55177	441.37195
32	7	209.49377	514.19116
32	8	216.4614	530.6527
32	10	226.36691	556.3414
32	11	173.15044	512.0088
32	17	191.01154	542.6484
32	18	166.98863	515.5842
32	19	166.0401	429.52118
33	1	193.88292	464.58508
33	2	205.6787	488.4958
33	5	206.8797	507.96765
33	6	166.55177	441.37195
33	7	209.49377	514.19116
33	8	216.4614	530.6527
33	10	226.36691	556.3414
33	11	173.15044	512.0088
33	17	191.19104	542.8578
33	18	166.98863	515.5842
33	19	166.0354	429.55075
34	1	194.27058	465.31073
34	2	206.0006	489.20926
34	5	206.8797	507.96765
34	6	166.55177	441.37195
34	7	209.49377	514.19116
34	8	216.4614	530.6527
34	10	226.36691	556.3414
34	11	173.15044	512.0088
34	12	211.4633	545.48486
34	17	191.38542	543.05884
34	18	166.98863	515.5842
34	19	166.02725	429.56982
35	1	194.66411	466.06024
35	2	206.32848	489.91968
35	5	206.8797	507.96765
35	6	166.55177	441.37195
35	7	209.49377	514.19116
35	8	216.4614	530.6527
35	10	226.36691	556.3414
35	11	173.15044	512.0088
35	17	191.55498	543.2568
35	18	166.98863	515.5842
35	19	165.99295	429.59024
36	1	195.04486	466.79315
36	2	206.65033	490.6342
36	5	206.8797	507.96765
36	6	166.55177	441.37195
36	7	209.49377	514.19116
36	8	216.4614	530.6527
36	10	226.36691	556.3414
36	11	173.15044	512.0088
36	17	191.77654	543.4959
36	18	166.98863	515.5842
36	19	166.0141	429.58716
37	1	195.41335	467.50586
37	2	206.97464	491.3502
37	5	206.8797	507.96765
37	6	166.55177	441.37195
37	7	209.49377	514.19116
37	8	216.4614	530.6527
37	10	226.36691	556.3414
37	11	173.15044	512.0088
37	12	211.4633	545.48486
37	17	191.98134	543.6841
37	18	166.98863	515.5842
37	19	166.0465	429.549
38	1	195.77014	468.21863
38	2	207.29881	492.06732
38	5	206.8797	507.96765
38	6	166.55177	441.37195
38	7	209.49377	514.19116
38	8	216.4614	530.6527
38	10	226.36691	556.3414
38	11	173.15044	512.0088
38	12	211.4633	545.48486
38	13	209.52275	542.5753
38	17	192.1356	543.8572
38	18	166.98863	515.5842
38	19	165.98244	429.5128
39	1	196.17072	469.01178
39	2	207.6231	492.78278
39	5	206.8797	507.96765
39	6	166.55177	441.37195
39	7	209.49377	514.19116
39	8	216.4614	530.6527
39	10	226.36691	556.3414
39	11	173.15044	512.0088
39	12	211.4633	545.48486
39	17	192.30835	544.0501
39	18	166.98863	515.5842
40	1	196.53395	469.7537
40	2	207.94293	493.49704
40	5	206.8797	507.96765
40	6	166.55177	441.37195
40	7	209.49377	514.19116
40	8	216.4614	530.6527
40	10	226.36691	556.3414
40	11	173.15044	512.0088
40	12	211.4633	545.48486
40	13	209.52275	542.5753
40	17	192.51222	544.21515
40	18	166.98863	515.5842
41	1	196.90839	470.51236
41	2	208.26364	494.2105
41	5	206.8797	507.96765
41	6	166.55177	441.37195
41	7	209.49377	514.19116
41	8	216.4614	530.6527
41	10	226.36691	556.3414
41	11	173.15044	512.0088
41	12	211.4633	545.48486
41	18	166.98863	515.5842
42	1	197.2789	471.27545
42	2	208.58412	494.92535
42	5	206.8797	507.96765
42	6	166.55177	441.37195
42	7	209.49377	514.19116
42	8	216.4614	530.6527
42	10	226.36691	556.3414
42	11	173.15044	512.0088
42	12	211.4633	545.48486
42	13	209.52275	542.5753
42	18	166.98863	515.5842
43	1	197.63194	472.0174
43	2	208.90468	495.64285
43	5	206.8797	507.96765
43	6	166.55177	441.37195
43	7	209.49377	514.19116
43	8	216.4614	530.6527
43	10	226.36691	556.3414
43	11	173.15044	512.0088
43	12	211.4633	545.48486
43	18	166.98863	515.5842
44	1	197.99133	472.7614
44	2	209.22583	496.36194
44	5	206.8797	507.96765
44	6	166.55177	441.37195
44	7	209.49377	514.19116
44	8	216.4614	530.6527
44	10	226.36691	556.3414
44	11	173.15044	512.0088
44	12	211.4633	545.48486
44	13	209.52275	542.5753
44	18	166.98863	515.5842
45	1	198.35115	473.52948
45	2	209.54665	497.08163
45	5	206.8797	507.96765
45	6	166.55177	441.37195
45	7	209.49377	514.19116
45	8	216.4614	530.6527
45	10	226.36691	556.3414
45	11	173.15044	512.0088
45	12	211.4633	545.48486
45	13	209.52275	542.5753
45	18	166.98863	515.5842
46	1	198.7302	474.32938
46	2	209.86688	497.79993
46	5	206.8797	507.96765
46	6	166.55177	441.37195
46	7	209.49377	514.19116
46	8	216.4614	530.6527
46	10	226.36691	556.3414
46	11	173.15044	512.0088
46	12	211.4633	545.48486
46	13	209.52275	542.5753
46	18	166.98863	515.5842
47	1	199.10255	475.11823
47	2	210.18478	498.5185
47	5	206.8797	507.96765
47	6	166.55177	441.37195
47	7	209.49377	514.19116
47	8	216.4614	530.6527
47	10	226.36691	556.3414
47	11	173.15044	512.0088
47	12	211.4633	545.48486
47	13	209.52275	542.5753
47	18	166.98863	515.5842
48	1	199.46776	475.88312
48	2	210.50249	499.23718
48	5	206.8797	507.96765
48	6	166.55177	441.37195
48	7	209.49377	514.19116
48	8	216.4614	530.6527
48	10	226.36691	556.3414
48	11	173.15044	512.0088
48	12	211.4633	545.48486
48	13	209.52275	542.5753
48	14	224.06015	570.04724
48	18	166.98863	515.5842
49	1	199.83395	476.6593
49	2	210.81952	499.95456
49	5	206.8797	507.96765
49	6	166.55177	441.37195
49	7	209.49377	514.19116
49	8	216.4614	530.6527
49	10	226.36691	556.3414
49	11	173.15044	512.0088
49	12	211.4633	545.48486
49	13	209.52275	542.5753
49	14	224.06015	570.04724
49	18	166.98863	515.5842
50	1	200.20517	477.45297
50	2	211.13525	500.67252
50	5	206.8797	507.96765
50	6	166.55177	441.37195
50	7	209.49377	514.19116
50	8	216.4614	530.6527
50	10	226.36691	556.3414
50	11	173.15044	512.0088
50	12	211.4633	545.48486
50	13	209.52275	542.5753
50	15	214.89014	573.896
50	18	166.98863	515.5842
51	1	200.57613	478.24707
51	2	211.4499	501.39273
51	5	206.8797	507.96765
51	6	166.55177	441.37195
51	7	209.49377	514.19116
51	8	216.4614	530.6527
51	10	226.36691	556.3414
51	11	173.15044	512.0088
51	12	211.4633	545.48486
51	13	209.52275	542.5753
51	14	224.06015	570.04724
51	15	214.89014	573.896
51	18	166.98863	515.5842
52	1	200.95721	479.05917
52	2	211.76512	502.11133
52	5	206.8797	507.96765
52	6	166.55177	441.37195
52	7	209.49377	514.19116
52	8	216.4614	530.6527
52	10	226.36691	556.3414
52	11	173.15044	512.0088
52	12	211.4633	545.48486
52	13	209.52275	542.5753
52	14	224.06015	570.04724
52	15	214.89014	573.896
52	18	166.98863	515.5842
53	1	201.32123	479.83615
53	2	212.07896	502.83105
53	5	206.8797	507.96765
53	7	209.49377	514.19116
53	8	216.4614	530.6527
53	10	226.36691	556.3414
53	11	173.15044	512.0088
53	12	211.4633	545.48486
53	13	209.52275	542.5753
53	14	224.06015	570.04724
53	15	214.89014	573.896
53	18	166.98863	515.5842
54	1	201.69748	480.64542
54	2	212.39249	503.552
54	5	206.8797	507.96765
54	7	209.49377	514.19116
54	8	216.4614	530.6527
54	10	226.36691	556.3414
54	11	173.15044	512.0088
54	12	211.4633	545.48486
54	13	209.52275	542.5753
54	14	224.06015	570.04724
54	15	214.89014	573.896
54	16	219.45561	579.6758
55	1	202.07114	481.4564
55	2	212.70598	504.27283
55	5	206.8797	507.96765
55	7	209.49377	514.19116
55	8	216.4614	530.6527
55	10	226.36691	556.3414
55	11	173.15044	512.0088
55	12	211.4633	545.48486
55	13	209.52275	542.5753
55	14	224.06015	570.04724
55	15	214.89014	573.896
55	16	219.45561	579.6758
56	1	202.45325	482.28314
56	2	213.01974	504.99377
56	5	206.8797	507.96765
56	7	209.49377	514.19116
56	8	216.4614	530.6527
56	10	226.36691	556.3414
56	11	173.15044	512.0088
56	12	211.4633	545.48486
56	13	209.52275	542.5753
56	14	224.06015	570.04724
56	15	214.89014	573.896
56	16	219.45561	579.6758
56	20	252.15677	528.6558
57	1	202.83708	483.11426
57	2	213.33258	505.71582
57	5	206.8797	507.96765
57	7	209.49377	514.19116
57	8	216.4614	530.6527
57	10	226.36691	556.3414
57	11	173.15044	512.0088
57	12	211.4633	545.48486
57	13	209.52275	542.5753
57	14	224.06015	570.04724
57	15	214.89014	573.896
57	16	219.45561	579.6758
57	20	251.98546	529.01013
58	1	203.20885	483.9251
58	2	213.64426	506.4384
58	5	206.8797	507.96765
58	7	209.49377	514.19116
58	8	216.4614	530.6527
58	10	226.36691	556.3414
58	11	173.15044	512.0088
58	12	211.4633	545.48486
58	13	209.52275	542.5753
58	14	224.06015	570.04724
58	15	214.89014	573.896
58	16	219.45561	579.6758
58	20	251.8365	529.29694
59	1	203.59418	484.74576
59	2	213.95877	507.15958
59	5	206.8797	507.96765
59	7	209.49377	514.19116
59	8	216.4614	530.6527
59	10	226.36691	556.3414
59	11	173.15044	512.0088
59	12	211.4633	545.48486
59	13	209.52275	542.5753
59	14	224.06015	570.04724
59	15	214.89014	573.896
59	16	219.45561	579.6758
59	20	251.5757	529.819
60	1	203.98053	485.58914
60	2	214.26768	507.88248
60	5	206.8797	507.96765
60	7	209.49377	514.19116
60	8	216.4614	530.6527
60	10	226.36691	556.3414
60	11	173.15044	512.0088
60	12	211.4633	545.48486
60	13	209.52275	542.5753
60	14	224.06015	570.04724
60	15	214.89014	573.896
60	16	219.45561	579.6758
61	1	204.37184	486.4284
61	2	214.5815	508.60208
61	5	206.8797	507.96765
61	7	209.49377	514.19116
61	8	216.4614	530.6527
61	10	226.36691	556.3414
61	11	173.15044	512.0088
61	12	211.4633	545.48486
61	13	209.52275	542.5753
61	14	224.06015	570.04724
61	15	214.89014	573.896
61	16	219.45561	579.6758
62	1	204.76532	487.28107
62	2	214.89954	509.32343
62	5	206.8797	507.96765
62	7	209.49377	514.19116
62	8	216.4614	530.6527
62	10	226.36691	556.3414
62	11	173.15044	512.0088
62	12	211.4633	545.48486
62	13	209.52275	542.5753
62	14	224.06015	570.04724
62	15	214.89014	573.896
62	16	219.45561	579.6758
62	20	251.32204	530.9863
63	1	205.14911	488.116
63	2	215.20625	510.0525
63	5	206.8797	507.96765
63	7	209.49377	514.19116
63	8	216.4614	530.6527
63	10	226.36691	556.3414
63	11	173.15044	512.0088
63	12	211.4633	545.48486
63	13	209.52275	542.5753
63	14	224.06015	570.04724
63	15	214.89014	573.896
63	16	219.45561	579.6758
63	20	251.16887	531.5547
64	1	205.55077	488.98505
64	2	215.52014	510.77905
64	5	206.8797	507.96765
64	7	209.49377	514.19116
64	8	216.4614	530.6527
64	10	226.36691	556.3414
64	11	173.15044	512.0088
64	12	211.4633	545.48486
64	13	209.52275	542.5753
64	14	224.06015	570.04724
64	15	214.89014	573.896
64	16	219.45561	579.6758
64	20	251.06433	531.99524
65	1	205.95091	489.85083
65	2	215.8295	511.50644
65	5	206.8797	507.96765
65	7	209.49377	514.19116
65	8	216.4614	530.6527
65	10	226.36691	556.3414
65	11	173.15044	512.0088
65	12	211.4633	545.48486
65	13	209.52275	542.5753
65	14	224.06015	570.04724
65	15	214.89014	573.896
65	16	219.45561	579.6758
66	1	206.35442	490.7287
66	2	216.13464	512.22833
66	5	206.8797	507.96765
66	7	209.49377	514.19116
66	8	216.4614	530.6527
66	10	226.36691	556.3414
66	11	173.15044	512.0088
66	12	211.4633	545.48486
66	13	209.52275	542.5753
66	14	224.06015	570.04724
66	15	214.89014	573.896
66	16	219.45561	579.6758
67	1	206.73508	491.5487
67	2	216.43954	512.9493
67	5	206.8797	507.96765
67	7	209.49377	514.19116
67	8	216.4614	530.6527
67	10	226.36691	556.3414
67	11	173.15044	512.0088
67	12	211.4633	545.48486
67	13	209.52275	542.5753
67	14	224.06015	570.04724
67	15	214.89014	573.896
67	16	219.45561	579.6758
67	20	250.85806	533.7371
68	1	207.15137	492.43634
68	2	216.74585	513.67285
68	5	206.8797	507.96765
68	7	209.49377	514.19116
68	8	216.4614	530.6527
68	10	226.36691	556.3414
68	11	173.15044	512.0088
68	12	211.4633	545.48486
68	13	209.52275	542.5753
68	14	224.06015	570.04724
68	15	214.89014	573.896
68	16	219.45561	579.6758
69	1	207.55928	493.32504
69	2	217.0495	514.39923
69	5	206.8797	507.96765
69	7	209.49377	514.19116
69	8	216.4614	530.6527
69	10	226.36691	556.3414
69	11	173.15044	512.0088
69	12	211.4633	545.48486
69	13	209.52275	542.5753
69	14	224.06015	570.04724
69	15	214.89014	573.896
69	16	219.45561	579.6758
70	1	207.9678	494.20593
70	2	217.35475	515.1266
70	5	206.8797	507.96765
70	7	209.49377	514.19116
70	8	216.4614	530.6527
70	10	226.36691	556.3414
70	11	173.15044	512.0088
70	12	211.4633	545.48486
70	13	209.52275	542.5753
70	14	224.06015	570.04724
70	15	214.89014	573.896
70	16	219.45561	579.6758
71	1	208.37813	495.08545
71	2	217.65869	515.85376
71	5	206.8797	507.96765
71	7	209.49377	514.19116
71	8	216.4614	530.6527
71	10	226.36691	556.3414
71	11	173.15044	512.0088
71	12	211.4633	545.48486
71	13	209.52275	542.5753
71	14	224.06015	570.04724
71	15	214.89014	573.896
71	16	219.45561	579.6758
71	20	250.7834	536.0371
72	1	208.79337	495.98605
72	2	217.96129	516.5801
72	5	206.8797	507.96765
72	7	209.49377	514.19116
72	8	216.4614	530.6527
72	10	226.36691	556.3414
72	11	173.15044	512.0088
72	12	211.4633	545.48486
72	13	209.52275	542.5753
72	14	224.06015	570.04724
72	15	214.89014	573.896
72	16	219.45561	579.6758
72	20	250.78139	536.68463
73	1	209.21082	496.88327
73	2	218.26326	517.30597
73	5	206.8797	507.96765
73	7	209.49377	514.19116
73	8	216.4614	530.6527
73	10	226.36691	556.3414
73	11	173.15044	512.0088
73	12	211.4633	545.48486
73	13	209.52275	542.5753
73	14	224.06015	570.04724
73	15	214.89014	573.896
73	16	219.45561	579.6758
74	1	209.61142	497.74588
74	2	218.56671	518.0366
74	5	206.8797	507.96765
74	7	209.49377	514.19116
74	8	216.4614	530.6527
74	10	226.36691	556.3414
74	11	173.15044	512.0088
74	12	211.4633	545.48486
74	13	209.52275	542.5753
74	14	224.06015	570.04724
74	15	214.89014	573.896
74	16	219.45561	579.6758
74	23	274.7084	509.46683
75	1	210.02412	498.64236
75	2	218.87085	518.7717
75	5	206.8797	507.96765
75	7	209.49377	514.19116
75	8	216.4614	530.6527
75	10	226.36691	556.3414
75	11	173.15044	512.0088
75	12	211.4633	545.48486
75	13	209.52275	542.5753
75	14	224.06015	570.04724
75	15	214.89014	573.896
75	16	219.45561	579.6758
75	20	250.9078	538.56946
75	23	274.7084	509.46683
76	1	210.43486	499.54956
76	2	219.17732	519.5143
76	5	206.8797	507.96765
76	7	209.49377	514.19116
76	8	216.4614	530.6527
76	10	226.36691	556.3414
76	11	173.15044	512.0088
76	12	211.4633	545.48486
76	13	209.52275	542.5753
76	14	224.06015	570.04724
76	15	214.89014	573.896
76	16	219.45561	579.6758
77	1	210.84079	500.4334
77	2	219.48581	520.2647
77	5	206.8797	507.96765
77	7	209.49377	514.19116
77	8	216.4614	530.6527
77	10	226.36691	556.3414
77	11	173.15044	512.0088
77	12	211.4633	545.48486
77	13	209.52275	542.5753
77	14	224.06015	570.04724
77	15	214.89014	573.896
77	16	219.45561	579.6758
77	20	251.09514	540.2393
78	1	211.2553	501.3379
78	2	219.79858	521.0225
78	5	206.8797	507.96765
78	7	209.49377	514.19116
78	8	216.4614	530.6527
78	10	226.36691	556.3414
78	11	173.15044	512.0088
78	12	211.4633	545.48486
78	13	209.52275	542.5753
78	14	224.06015	570.04724
78	15	214.89014	573.896
78	16	219.45561	579.6758
78	20	251.21625	540.6872
79	1	211.66966	502.2443
79	2	220.11166	521.7904
79	5	206.8797	507.96765
79	7	209.49377	514.19116
79	8	216.4614	530.6527
79	10	226.36691	556.3414
79	11	173.15044	512.0088
79	12	211.4633	545.48486
79	13	209.52275	542.5753
79	14	224.06015	570.04724
79	15	214.89014	573.896
79	16	219.45561	579.6758
79	20	251.36928	541.55646
79	23	274.7084	509.46683
80	1	212.08215	503.15494
80	2	220.43074	522.5667
80	5	206.8797	507.96765
80	7	209.49377	514.19116
80	8	216.4614	530.6527
80	10	226.36691	556.3414
80	12	211.4633	545.48486
80	13	209.52275	542.5753
80	14	224.06015	570.04724
80	15	214.89014	573.896
80	16	219.45561	579.6758
80	22	239.90656	596.4893
81	1	212.4937	504.05026
81	2	220.75421	523.3504
81	5	206.8797	507.96765
81	7	209.49377	514.19116
81	8	216.4614	530.6527
81	10	226.36691	556.3414
81	12	211.4633	545.48486
81	13	209.52275	542.5753
81	14	224.06015	570.04724
81	15	214.89014	573.896
81	16	219.45561	579.6758
81	22	239.90656	596.4893
82	1	212.90158	504.94382
82	2	221.07608	524.1413
82	5	206.8797	507.96765
82	7	209.49377	514.19116
82	8	216.4614	530.6527
82	10	226.36691	556.3414
82	12	211.4633	545.48486
82	13	209.52275	542.5753
82	14	224.06015	570.04724
82	15	214.89014	573.896
82	16	219.45561	579.6758
82	20	251.79353	544.1509
82	22	239.90656	596.4893
82	23	274.7084	509.46683
83	1	213.32713	505.87778
83	2	221.40073	524.9348
83	5	206.8797	507.96765
83	7	209.49377	514.19116
83	8	216.4614	530.6527
83	10	226.36691	556.3414
83	12	211.4633	545.48486
83	13	209.52275	542.5753
83	14	224.06015	570.04724
83	15	214.89014	573.896
83	16	219.45561	579.6758
83	22	239.90656	596.4893
83	23	274.7084	509.46683
84	1	213.72945	506.7611
84	2	221.72781	525.7308
84	5	206.8797	507.96765
84	7	209.49377	514.19116
84	8	216.4614	530.6527
84	10	226.36691	556.3414
84	11	173.15044	512.0088
84	12	211.4633	545.48486
84	13	209.52275	542.5753
84	14	224.06015	570.04724
84	15	214.89014	573.896
84	16	219.45561	579.6758
84	22	239.90656	596.4893
85	1	214.1443	507.67465
85	2	222.05112	526.5308
85	5	206.8797	507.96765
85	7	209.49377	514.19116
85	8	216.4614	530.6527
85	10	226.36691	556.3414
85	11	173.15044	512.0088
85	12	211.4633	545.48486
85	13	209.52275	542.5753
85	14	224.06015	570.04724
85	15	214.89014	573.896
85	16	219.45561	579.6758
85	20	252.29883	546.57886
85	22	239.90656	596.4893
86	1	214.56696	508.6086
86	2	222.37552	527.3293
86	5	206.8797	507.96765
86	7	209.49377	514.19116
86	8	216.4614	530.6527
86	10	226.36691	556.3414
86	11	173.15044	512.0088
86	12	211.4633	545.48486
86	13	209.52275	542.5753
86	14	224.06015	570.04724
86	15	214.89014	573.896
86	16	219.45561	579.6758
86	22	239.90656	596.4893
86	23	274.7084	509.46683
87	1	214.96663	509.49612
87	2	222.6951	528.1206
87	5	206.8797	507.96765
87	7	209.49377	514.19116
87	8	216.4614	530.6527
87	10	226.36691	556.3414
87	11	173.15044	512.0088
87	12	211.4633	545.48486
87	13	209.52275	542.5753
87	14	224.06015	570.04724
87	15	214.89014	573.896
87	16	219.45561	579.6758
87	20	252.68999	548.2768
87	22	239.90656	596.4893
87	23	274.7084	509.46683
88	1	215.39325	510.45493
88	2	223.01031	528.90686
88	5	206.8797	507.96765
88	7	209.49377	514.19116
88	8	216.4614	530.6527
88	10	226.36691	556.3414
88	11	173.15044	512.0088
88	12	211.4633	545.48486
88	13	209.52275	542.5753
88	14	224.06015	570.04724
88	15	214.89014	573.896
88	16	219.45561	579.6758
88	20	252.94008	549.1971
88	22	239.90656	596.4893
88	23	274.7084	509.46683
89	1	215.80972	511.38647
89	2	223.32263	529.686
89	5	206.8797	507.96765
89	7	209.49377	514.19116
89	8	216.4614	530.6527
89	10	226.36691	556.3414
89	11	173.15044	512.0088
89	12	211.4633	545.48486
89	13	209.52275	542.5753
89	14	224.06015	570.04724
89	15	214.89014	573.896
89	16	219.45561	579.6758
89	20	253.14717	550.0745
89	22	239.90656	596.4893
90	1	216.2278	512.33374
90	2	223.63138	530.45886
90	5	206.8797	507.96765
90	7	209.49377	514.19116
90	8	216.4614	530.6527
90	10	226.36691	556.3414
90	11	173.15044	512.0088
90	12	211.4633	545.48486
90	13	209.52275	542.5753
90	14	224.06015	570.04724
90	15	214.89014	573.896
90	16	219.45561	579.6758
90	20	253.37804	550.9722
90	22	239.90656	596.4893
90	23	274.7084	509.46683
