0	1	1936.2234	708.1642
0	2	1925.4319	713.0047
0	3	1908.0405	741.611
0	4	1882.4937	767.22363
0	5	1902.4412	750.10736
0	6	1925.682	722.588
0	7	1868.1226	748.01337
0	12	1867.243	729.0991
0	13	1921.0663	772.296
0	14	1955.0752	695.762
0	15	1854.4668	740.9174
0	17	1896.0916	712.7646
0	18	1894.424	703.7685
0	19	1869.4999	754.653
0	43	1899.354	705.3698
0	49	1910.8273	708.7962
0	53	1922.2805	678.19543
0	54	1864.8961	763.5026
0	57	1930.604	676.1587
0	63	1931.0522	680.8764
1	1	1933.9178	710.24835
1	2	1923.0367	715.1914
1	3	1905.9874	743.29913
1	4	1880.3894	769.164
1	5	1900.7067	751.6129
1	6	1923.6481	724.4405
1	7	1870.4822	745.9371
1	11	1874.0651	728.7419
1	12	1868.5328	727.8912
1	13	1921.0663	772.296
1	14	1953.0002	697.64136
1	15	1855.6351	739.7756
1	17	1898.1859	710.78107
1	18	1895.8093	702.4815
1	19	1867.1354	756.82513
1	43	1901.3446	703.5503
1	49	1912.8895	706.88947
1	53	1923.6919	676.90704
1	54	1862.3141	765.9009
1	57	1932.6106	674.3311
1	63	1933.2037	678.8586
2	1	1931.6056	712.33435
2	2	1920.6229	717.38635
2	3	1903.9122	745.0061
2	4	1878.3073	771.12946
2	5	1898.992	753.0937
2	6	1921.6177	726.28796
2	7	1872.8638	743.7538
2	11	1876.1031	726.75903
2	13	1921.0663	772.296
2	14	1950.8832	699.562
2	15	1857.0725	738.5134
2	17	1900.1406	708.98114
2	18	1897.2059	701.25433
2	19	1864.7523	758.9874
2	43	1903.3129	701.7428
2	49	1914.9696	705.0145
2	53	1925.1346	675.5815
2	54	1859.7267	768.21643
2	57	1934.5905	672.45575
2	63	1935.3402	676.7972
3	1	1929.3029	714.4104
3	2	1918.2195	719.5836
3	3	1901.8431	746.7173
3	4	1876.2	773.05554
3	5	1897.2488	754.5789
3	6	1919.5884	728.12976
3	7	1875.2223	741.62585
3	10	1883.0278	725.47595
3	11	1877.8782	725.1499
3	13	1921.0663	772.296
3	14	1948.794	701.4599
3	15	1858.4523	737.263
3	17	1902.1184	707.1545
3	18	1898.672	699.9192
3	19	1862.4066	761.12585
3	43	1905.2728	699.94476
3	49	1916.972	703.1905
3	53	1926.5868	674.2685
3	54	1857.2142	770.5041
3	57	1936.6484	670.57245
3	63	1937.4929	674.8005
4	1	1926.9899	716.4831
4	2	1915.813	721.77875
4	3	1899.7625	748.45984
4	4	1874.1143	774.9569
4	5	1895.5492	756.0634
4	6	1917.5627	729.9675
4	7	1877.4845	739.5759
4	10	1885.1167	723.4435
4	11	1880.082	723.1412
4	12	1872.6747	724.1381
4	13	1921.0663	772.296
4	14	1946.6863	703.3548
4	15	1859.8651	735.9846
4	17	1904.1377	705.22925
4	18	1900.0748	698.6341
4	19	1860.069	763.22473
4	43	1907.2421	698.10944
4	49	1919.1328	701.2311
4	53	1928.025	672.96515
4	54	1854.6653	772.8323
4	57	1938.7494	668.64386
4	63	1939.6259	672.81506
5	1	1924.6901	718.5585
5	2	1913.4152	723.9658
5	3	1897.6611	750.1896
5	4	1871.9912	776.937
5	5	1893.8413	757.555
5	6	1915.5425	731.8022
5	7	1879.7852	737.4747
5	10	1887.1406	721.55585
5	11	1882.1464	721.2682
5	12	1874.0316	722.9291
5	13	1921.0663	772.296
5	14	1944.6166	705.2443
5	15	1861.2711	734.69904
5	17	1906.2374	703.28156
5	18	1901.5002	697.2954
5	19	1857.6821	765.39825
5	43	1909.1864	696.3441
5	49	1921.2239	699.3396
5	53	1929.475	671.6127
5	54	1852.2124	775.0968
5	57	1940.712	666.7703
6	1	1922.3822	720.62885
6	2	1911.016	726.1497
6	3	1895.5901	751.93823
6	4	1869.9022	778.8408
6	5	1892.1287	759.0466
6	6	1913.5269	733.6351
6	7	1882.0955	735.352
6	10	1889.2228	719.6394
6	11	1884.1383	719.488
6	12	1875.4989	721.6592
6	13	1921.0663	772.296
6	14	1942.5248	707.1561
6	15	1862.722	733.3756
6	17	1908.2272	701.43097
6	18	1902.9545	695.985
6	19	1855.3271	767.5676
6	43	1911.1586	694.5408
6	49	1923.3209	697.3789
7	1	1920.0796	722.709
7	2	1908.614	728.33307
7	3	1893.4917	753.698
7	4	1867.825	780.7879
7	5	1890.421	760.54315
7	6	1911.5151	735.46576
7	7	1884.4021	733.25415
7	10	1891.2504	717.736
7	11	1886.126	717.6669
7	12	1876.7937	720.49786
7	14	1940.461	709.05646
7	15	1863.9503	732.2443
7	16	1941.9327	698.19226
7	17	1910.3534	699.4751
7	18	1904.4098	694.6813
7	19	1852.9498	769.71173
7	43	1913.0944	692.78
7	49	1925.3506	695.4984
7	53	1932.4316	668.95154
8	1	1917.7684	724.7833
8	2	1906.2	730.52216
8	3	1891.3907	755.471
8	4	1865.7311	782.7266
8	5	1888.6935	762.0718
8	6	1909.5089	737.2949
8	7	1886.707	731.12555
8	9	1877.2269	732.4796
8	10	1893.238	715.8587
8	11	1888.1033	715.87354
8	12	1878.1583	719.2487
8	13	1921.0663	772.296
8	14	1938.3652	710.9622
8	15	1865.3025	731.0347
8	16	1939.6554	700.2882
8	17	1912.4501	697.51825
8	18	1905.8138	693.38245
8	19	1850.6143	771.8322
8	43	1915.0616	691.00104
9	1	1915.4526	726.8597
9	2	1903.7946	732.7071
9	3	1889.3055	757.23535
9	4	1863.6194	784.6668
9	5	1886.9655	763.5871
9	6	1907.5062	739.12244
9	7	1888.9304	729.07605
9	8	1916.4272	716.26935
9	9	1879.3931	730.61993
9	10	1895.2577	713.95825
9	11	1890.038	714.08466
9	12	1879.5303	717.9897
9	13	1921.0663	772.296
9	14	1936.2852	712.8663
9	15	1866.5579	729.86835
9	16	1937.3167	702.44763
9	17	1914.6056	695.53986
9	18	1907.267	692.0853
9	19	1848.2507	773.9872
9	20	1829.5035	723.52734
9	43	1916.9792	689.3055
10	1	1913.1377	728.9365
10	2	1901.3787	734.89014
10	3	1887.2148	759.0122
10	4	1861.5133	786.5849
10	5	1885.2451	765.081
10	6	1905.5084	740.9483
10	7	1891.1423	727.06647
10	8	1913.7928	718.6994
10	9	1881.5717	728.7681
10	10	1897.2179	712.13873
10	11	1892.014	712.24286
10	12	1880.8904	716.7554
10	13	1921.0663	772.296
10	14	1934.2177	714.7737
10	15	1867.9683	728.56213
10	16	1934.9626	704.5772
10	17	1916.5581	693.7544
10	18	1908.7449	690.74695
10	19	1845.8617	776.13043
10	20	1829.5035	723.52734
11	1	1910.8265	731.0054
11	2	1898.9827	737.06244
11	3	1885.1028	760.8197
11	4	1859.4054	788.471
11	5	1883.5303	766.59735
11	6	1903.5146	742.773
11	7	1893.3835	724.95935
11	8	1910.965	721.37726
11	9	1883.7598	726.8942
11	10	1899.4386	710.13165
11	11	1893.9612	710.42975
11	12	1882.23	715.552
11	13	1921.0663	772.296
11	14	1932.1599	716.65076
11	15	1869.311	727.30695
11	16	1932.4532	706.8006
11	18	1910.2538	689.3447
11	19	1843.5095	778.30255
11	20	1829.5035	723.52734
12	1	1908.5032	733.07574
12	2	1896.5651	739.2486
12	3	1883.0079	762.6307
12	4	1857.3002	790.3786
12	5	1881.818	768.08887
12	6	1901.5244	744.5971
12	7	1895.5787	722.964
12	8	1907.9891	723.97095
12	9	1885.9385	725.0586
12	11	1895.9545	708.5729
12	12	1883.5646	714.2937
12	13	1921.0663	772.296
12	14	1930.1174	718.5531
12	15	1870.6825	726.0659
12	16	1930.101	708.92365
12	18	1911.7219	688.0151
12	19	1841.1349	780.4106
12	20	1829.5035	723.52734
12	25	1835.9164	777.57947
12	33	1834.4275	770.2752
13	1	1906.1945	735.1357
13	2	1894.1694	741.4198
13	3	1880.896	764.4543
13	4	1855.2098	792.2919
13	5	1880.0931	769.61554
13	6	1899.5363	746.4182
13	7	1897.8016	720.89703
13	8	1905.168	726.56116
13	9	1888.027	723.24445
13	10	1903.297	706.4074
13	11	1898.0732	706.617
13	12	1884.9015	713.08575
13	13	1921.0663	772.296
13	14	1928.0352	720.4745
13	15	1872.0187	724.82666
13	16	1927.7542	711.0252
13	19	1838.7682	782.57837
13	20	1829.5035	723.52734
13	25	1838.2402	775.4743
13	33	1836.4781	768.4007
14	1	1903.8744	737.20483
14	2	1891.7826	743.5825
14	3	1878.7789	766.28107
14	4	1853.1254	794.18835
14	5	1878.3604	771.1268
14	6	1897.5491	748.2386
14	7	1899.9872	718.8511
14	8	1902.4314	729.09607
14	9	1890.1895	721.3615
14	11	1899.9191	704.90027
14	12	1886.3344	711.7497
14	14	1925.9358	722.3856
14	15	1873.3412	723.62177
14	16	1925.423	713.1484
14	19	1836.4095	784.7395
14	20	1829.5035	723.52734
14	25	1840.5405	773.36633
14	33	1838.5774	766.4462
15	1	1901.5525	739.2679
15	2	1889.384	745.75464
15	3	1876.6589	768.13293
15	4	1851.0548	796.09076
15	5	1876.6545	772.6402
15	6	1895.563	750.0553
15	8	1899.5579	731.66156
15	9	1892.3401	719.5098
15	11	1901.8695	703.0265
15	12	1887.7821	710.4726
15	14	1923.8663	724.28937
15	15	1874.6642	722.3958
15	16	1923.1007	715.22034
15	19	1833.9606	786.9252
15	20	1829.5035	723.52734
15	25	1842.8706	771.2214
15	33	1840.6094	764.6066
16	1	1899.2268	741.3283
16	2	1886.9786	747.9182
16	3	1874.5328	769.992
16	4	1848.9642	797.97235
16	5	1874.9358	774.1534
16	6	1893.5764	751.8689
16	8	1896.7294	734.22766
16	9	1894.5044	717.7162
16	12	1889.1465	709.2095
16	13	1921.0663	772.296
16	14	1921.8092	726.1893
16	15	1876.0393	721.157
16	16	1920.7566	717.3634
16	19	1831.6134	789.0956
16	20	1829.5035	723.52734
16	25	1845.2415	769.04877
16	33	1842.7062	762.6511
17	1	1896.8978	743.38947
17	2	1884.5776	750.0777
17	3	1872.4207	771.85565
17	4	1846.8937	799.9167
17	5	1873.2045	775.70337
17	6	1891.5897	753.6822
17	8	1893.951	736.75525
17	12	1890.5276	707.9696
17	13	1921.0663	772.296
17	14	1919.6995	728.1255
17	15	1877.3915	719.91693
17	16	1918.4192	719.4817
17	19	1829.2356	791.25287
17	20	1829.5035	723.52734
17	25	1847.5905	766.9293
17	32	1823.8942	779.75867
17	33	1844.708	760.87665
18	1	1894.5554	745.4541
18	2	1882.1577	752.2522
18	3	1870.2781	773.7356
18	4	1844.7982	801.7756
18	5	1871.5125	777.20654
18	6	1889.6012	755.4947
18	8	1891.167	739.28174
18	13	1921.0663	772.296
18	14	1917.6384	730.02704
18	15	1878.7356	718.6863
18	16	1916.0914	721.58716
18	19	1826.854	793.422
18	20	1829.5035	723.52734
18	25	1849.9061	764.7902
18	32	1825.9014	777.91614
18	33	1846.7198	759.0205
19	1	1892.2098	747.5159
19	2	1879.752	754.40717
19	3	1868.1455	775.6096
19	4	1842.7125	803.65625
19	5	1869.8046	778.7193
19	6	1887.6119	757.30695
19	8	1888.4115	741.8199
19	14	1915.6022	731.9004
19	15	1880.0956	717.4833
19	16	1913.7665	723.69257
19	19	1824.4949	795.6123
19	20	1829.5035	723.52734
19	25	1852.2096	762.6728
19	32	1827.9863	776.01483
19	33	1848.6844	757.2155
19	39	1824.965	773.3492
20	1	1889.8724	749.56683
20	2	1877.3535	756.5657
20	3	1866.0133	777.4929
20	4	1840.6302	805.5339
20	5	1868.1134	780.2295
20	6	1885.6193	759.11884
20	8	1885.6326	744.36615
20	14	1913.5573	733.78534
20	15	1881.3734	716.37476
20	16	1911.432	725.79047
20	19	1822.1167	797.77094
20	20	1829.5035	723.52734
20	21	1935.6948	699.5652
20	25	1854.5018	760.55615
20	32	1830.0707	774.1083
20	33	1850.6571	755.3897
20	39	1827.1682	771.2874
21	1	1887.5204	751.6087
21	2	1874.9536	758.71124
21	3	1863.8531	779.3977
21	4	1838.5334	807.381
21	5	1866.4165	781.7529
21	6	1883.6255	760.9318
21	8	1882.8837	746.89233
21	13	1921.0663	772.296
21	14	1911.4735	735.68634
21	16	1909.1171	727.87744
21	19	1819.719	799.9222
21	20	1829.5035	723.52734
21	21	1933.2351	701.81384
21	25	1856.8057	758.47345
21	32	1832.1205	772.2239
21	33	1852.69	753.49615
21	39	1829.2969	769.3879
22	1	1885.1688	753.65393
22	2	1872.5516	760.87115
22	3	1861.6862	781.29865
22	4	1836.456	809.2484
22	5	1864.7236	783.264
22	6	1881.6318	762.748
22	8	1880.1632	749.40094
22	13	1921.0663	772.296
22	14	1909.4515	737.5419
22	16	1906.7979	729.97003
22	19	1817.3483	802.07935
22	20	1829.5035	723.52734
22	21	1930.752	704.1268
22	25	1859.1295	756.3712
22	32	1834.192	770.3433
22	33	1854.6467	751.67065
22	39	1831.4701	767.44116
23	1	1882.8151	755.6975
23	2	1870.1477	763.033
23	3	1859.5394	783.20874
23	4	1834.4326	811.0793
23	5	1863.0502	784.75885
23	6	1879.637	764.5673
23	8	1877.4193	751.893
23	14	1907.368	739.44617
23	16	1904.4993	732.051
23	19	1815.0082	804.29535
23	20	1829.5035	723.52734
23	21	1928.1907	706.48145
23	25	1861.4341	754.30884
23	32	1836.2349	768.47485
23	33	1856.6544	749.7995
23	39	1833.615	765.4829
24	1	1880.4813	757.709
24	2	1867.746	765.1893
24	3	1857.3639	785.11884
24	4	1832.3853	812.8978
24	5	1861.3325	786.28253
24	6	1877.6403	766.3903
24	8	1874.6727	754.39166
24	14	1905.297	741.36224
24	16	1902.1978	734.1374
24	19	1812.628	806.37463
24	20	1829.5035	723.52734
24	21	1925.5613	708.89075
24	25	1863.683	752.313
24	32	1838.3049	766.591
24	34	1806.5022	791.0918
24	39	1835.684	763.5686
24	56	1895.0194	795.25977
25	1	1878.0929	759.76764
25	2	1865.3582	767.33496
25	3	1855.2094	787.051
25	4	1830.3325	814.71716
25	5	1859.6349	787.80273
25	6	1875.6409	768.2165
25	8	1871.8971	756.8999
25	14	1903.2261	743.246
25	16	1899.9053	736.21405
25	19	1810.3514	808.6055
25	20	1829.5035	723.52734
25	21	1922.9381	711.17847
25	25	1865.8429	750.3284
25	32	1840.3485	764.7017
25	33	1860.7668	745.90796
25	34	1808.335	789.42554
25	39	1837.7838	761.6717
25	56	1895.0988	795.34393
26	1	1875.7225	761.80383
26	2	1862.9725	769.48224
26	3	1853.0168	788.962
26	4	1828.2981	816.5179
26	5	1857.9514	789.306
26	6	1873.6389	770.04517
26	8	1869.142	759.38654
26	14	1901.1785	745.1124
26	16	1897.6201	738.2792
26	20	1829.5035	723.52734
26	21	1920.3745	713.5366
26	25	1867.8491	748.3437
26	32	1842.3915	762.8268
26	34	1810.2166	787.64825
26	39	1839.8566	759.71027
26	56	1895.1556	795.3586
27	1	1873.347	763.8281
27	2	1860.5726	771.6336
27	3	1850.8218	790.90045
27	4	1826.2552	818.33527
27	5	1856.242	790.82715
27	6	1871.6351	771.8781
27	8	1866.3973	761.87695
27	14	1899.1287	746.98566
27	16	1895.3029	740.3972
27	20	1829.5035	723.52734
27	21	1917.7769	715.8744
27	32	1844.376	760.9853
27	34	1812.2	785.8925
27	39	1841.9323	757.8093
27	56	1895.2205	795.3678
28	1	1870.9778	765.8551
28	2	1858.1754	773.79016
28	3	1848.6459	792.8539
28	4	1824.214	820.1708
28	5	1854.5286	792.3499
28	6	1869.6294	773.7152
28	8	1863.6069	764.3896
28	14	1897.0876	748.8509
28	16	1892.9901	742.4992
28	20	1829.5035	723.52734
28	21	1915.1715	718.2096
28	32	1846.3789	759.15204
28	34	1814.0936	784.1491
28	39	1844.0562	755.8203
28	56	1895.2894	795.39026
29	1	1868.5978	767.86273
29	2	1855.7961	775.9381
29	3	1846.4585	794.7959
29	4	1822.187	821.95917
29	5	1852.8247	793.83655
29	6	1867.6215	775.5558
29	8	1860.8125	766.9
29	14	1895.0198	750.7322
29	16	1890.7266	744.55304
29	20	1829.5035	723.52734
29	21	1912.5785	720.56915
29	32	1848.3097	757.39264
29	34	1816.0321	782.38794
29	39	1846.4075	753.6292
30	1	1866.211	769.88654
30	2	1853.4149	778.09015
30	3	1844.2512	796.7383
30	4	1820.1438	823.7704
30	5	1851.1133	795.3381
30	6	1865.6102	777.39746
30	8	1857.9886	769.45056
30	14	1892.9336	752.6416
30	16	1888.397	746.6708
30	21	1909.9954	722.8966
30	34	1817.937	780.6218
31	1	1863.8278	771.8957
31	2	1851.0337	780.23944
31	3	1842.0448	798.7001
31	4	1818.1115	825.5573
31	5	1849.4025	796.83484
31	6	1863.5945	779.24207
31	8	1855.1904	771.9467
31	14	1890.8815	754.5076
31	16	1886.1337	748.72076
31	21	1907.3932	725.19836
31	34	1819.836	778.87646
32	1	1861.442	773.9128
32	2	1848.6487	782.3956
32	3	1839.85	800.6481
32	4	1816.1035	827.37524
32	5	1847.6897	798.32874
32	6	1861.5754	781.0881
32	8	1852.4031	774.43964
32	14	1888.8633	756.3332
32	16	1883.8363	750.8111
32	21	1904.8656	727.48145
32	34	1821.7385	777.1004
32	46	1800.988	801.1622
33	1	1859.0562	775.9324
33	2	1846.2727	784.5429
33	3	1837.6384	802.6411
33	4	1814.0731	829.1808
33	5	1845.986	799.80475
33	6	1859.5522	782.93713
33	8	1849.6293	776.9237
33	14	1886.7947	758.2203
33	16	1881.5481	752.89594
33	21	1902.2675	729.7979
33	34	1823.622	775.3809
33	46	1803.2487	799.0793
33	56	1895.1102	795.286
33	62	1884.1053	733.61316
34	1	1856.6715	777.9581
34	2	1843.9025	786.7003
34	3	1835.4438	804.5881
34	4	1812.0298	830.9705
34	5	1844.2616	801.2826
34	6	1857.5236	784.7883
34	8	1846.7703	779.51105
34	14	1884.7322	760.09717
34	16	1879.2753	754.957
34	21	1899.6667	732.14307
34	34	1825.516	773.6383
34	46	1805.506	797.04395
34	62	1886.398	731.46216
35	1	1854.3047	779.98303
35	2	1841.5299	788.8556
35	3	1833.2465	806.56134
35	4	1810.0139	832.77783
35	5	1842.5326	802.7658
35	6	1855.4907	786.6421
35	8	1843.9701	782.04004
35	14	1882.6862	761.96954
35	16	1876.9823	757.05176
35	21	1897.0663	734.5097
35	34	1827.1201	772.1521
35	46	1807.7343	794.97064
35	62	1888.9165	729.1898
36	1	1851.9381	782.0303
36	2	1839.1698	791.0156
36	3	1831.0305	808.54663
36	4	1808.0121	834.5677
36	5	1840.8103	804.25073
36	6	1853.4563	788.49634
36	8	1841.2417	784.4988
36	14	1880.6482	763.8226
36	16	1874.7056	759.1175
36	21	1894.5276	736.8324
36	46	1810.0142	792.83636
36	62	1891.1252	727.07947
37	1	1849.5635	784.0594
37	2	1836.811	793.17255
37	3	1828.8132	810.5525
37	4	1805.9812	836.33484
37	5	1839.0978	805.72797
37	6	1851.4235	790.34595
37	8	1838.5271	786.95435
37	14	1878.6444	765.6278
37	16	1872.4369	761.17096
37	21	1891.9928	739.1472
37	46	1812.2771	790.7486
37	47	1780.4844	814.37366
37	55	1864.335	742.7674
37	62	1893.5592	724.8309
38	1	1847.1844	786.1015
38	2	1834.4465	795.327
38	3	1826.5919	812.5185
38	4	1803.9457	838.1418
38	5	1837.37	807.2095
38	6	1849.3982	792.1865
38	8	1835.8215	789.4092
38	14	1876.5962	767.4943
38	16	1870.1772	763.2147
38	21	1889.443	741.43365
38	46	1814.4792	788.7208
38	47	1782.42	812.62415
38	55	1866.235	741.04144
38	61	1864.6641	736.998
39	1	1844.8113	788.15314
39	2	1832.083	797.4888
39	3	1824.3999	814.5244
39	4	1801.938	839.93286
39	5	1835.6492	808.7023
39	6	1847.3812	794.01697
39	8	1833.1156	791.8738
39	14	1874.5858	769.30884
39	16	1867.9054	765.27985
39	21	1886.9117	743.6782
39	46	1816.625	786.68536
39	47	1784.5413	810.7384
39	55	1868.2876	739.15466
39	60	1793.7025	807.6078
39	61	1866.784	735.08356
40	1	1842.4506	790.1911
40	2	1829.7395	799.6507
40	3	1822.1517	816.549
40	4	1799.9141	841.7343
40	5	1833.922	810.22076
40	6	1845.378	795.8352
40	8	1830.3992	794.3546
40	14	1872.509	771.1996
40	16	1865.6492	767.3399
40	21	1884.3429	745.96545
40	47	1786.6405	808.83795
40	55	1870.2753	737.33
40	60	1796.0814	805.339
40	61	1868.7184	733.17896
41	1	1840.0635	792.2356
41	2	1827.3794	801.8167
41	3	1819.9487	818.53125
41	4	1797.8956	843.5369
41	5	1832.2042	811.7415
41	6	1843.3893	797.6408
41	8	1827.6781	796.8388
41	14	1870.549	772.9747
41	16	1863.3738	769.39124
41	21	1881.7955	748.2567
41	47	1788.7175	806.9466
41	55	1872.2064	735.56525
41	60	1798.5608	803.1529
41	61	1870.8271	731.30975
42	1	1837.7158	794.2864
42	2	1825.038	803.968
42	3	1817.7	820.5587
42	4	1795.8854	845.27893
42	5	1830.4965	813.2524
42	6	1841.4171	799.43207
42	8	1824.9713	799.32025
42	14	1868.5017	774.82605
42	16	1861.103	771.4568
42	21	1879.2854	750.5011
42	47	1790.8015	805.0495
42	55	1874.3121	733.68835
42	60	1801.0535	800.7648
42	61	1872.8859	729.4613
43	1	1835.347	796.32874
43	2	1822.6787	806.1438
43	3	1815.4816	822.5805
43	4	1793.8744	847.06366
43	5	1828.7888	814.7794
43	6	1839.4613	801.2052
43	8	1822.2509	801.81683
43	14	1866.502	776.6479
43	16	1858.8165	773.53174
43	21	1876.7468	752.774
43	44	1842.3871	758.1087
43	47	1792.8394	803.1542
43	60	1803.465	798.65735
44	1	1832.9697	798.38525
44	2	1820.332	808.31226
44	3	1813.2637	824.631
44	4	1791.8832	848.8837
44	5	1827.0846	816.327
44	6	1837.524	802.9603
44	8	1819.5477	804.30145
44	14	1864.4902	778.46594
44	16	1856.5292	775.6154
44	21	1874.1936	755.0892
44	44	1844.2628	756.4333
44	47	1794.934	801.2364
45	1	1830.5945	800.4451
45	2	1817.9967	810.4671
45	3	1811.0297	826.6664
45	4	1789.8662	850.68097
45	5	1825.3834	817.87006
45	6	1835.6057	804.6995
45	8	1816.8375	806.79504
45	14	1862.4442	780.31476
45	16	1854.2537	777.6804
45	21	1871.6085	757.4219
45	44	1846.1538	754.7227
46	1	1828.227	802.5115
46	2	1815.6528	812.63184
46	3	1808.7865	828.7272
46	4	1787.9093	852.45264
46	5	1823.6968	819.41016
46	6	1833.7075	806.4193
46	8	1814.1411	809.27734
46	14	1860.4606	782.1007
46	16	1851.9553	779.77606
46	21	1869.0785	759.73785
46	42	1831.9358	772.7875
46	44	1848.082	752.97894
47	1	1825.8564	804.5743
47	2	1813.3195	814.7837
47	3	1806.535	830.7862
47	4	1785.9397	854.2057
47	5	1822.0167	820.95386
47	6	1831.8273	808.1224
47	8	1811.4645	811.7528
47	14	1858.4209	783.9519
47	16	1849.6936	781.82446
47	21	1866.5366	762.0417
47	42	1834.0946	770.811
47	44	1850.0251	751.16785
47	45	1832.8608	766.3223
48	1	1823.4955	806.63434
48	2	1810.9872	816.94946
48	3	1804.2936	832.83655
48	4	1783.9673	855.9923
48	5	1820.3231	822.47986
48	6	1829.9631	809.81006
48	8	1808.787	814.21545
48	14	1856.3721	785.8058
48	16	1847.4324	783.879
48	21	1864.015	764.3488
48	42	1836.335	768.7741
48	44	1851.9409	749.4425
48	45	1834.6672	764.6951
48	48	1823.8821	769.7359
49	1	1821.1194	808.6964
49	2	1808.6537	819.1002
49	3	1802.0391	834.9231
49	4	1781.9834	857.7848
49	5	1818.639	824.0285
49	6	1828.1123	811.48175
49	8	1806.1094	816.6878
49	14	1854.3793	787.6128
49	16	1845.1663	785.9381
49	21	1861.4789	766.645
49	37	1817.892	785.52374
49	42	1838.4684	766.84106
49	44	1853.8314	747.7074
49	45	1836.5964	763.00507
49	48	1826.1165	767.63257
50	1	1818.7538	810.7508
50	2	1806.3092	821.2682
50	3	1799.7944	837.0004
50	4	1780.0245	859.5286
50	5	1816.9503	825.5606
50	6	1826.2749	813.14124
50	8	1803.4496	819.1501
50	14	1852.3461	789.4614
50	16	1842.8876	788.01697
50	21	1858.9331	768.9786
50	26	1807.1029	790.2575
50	37	1820.317	783.3462
50	42	1840.7018	764.735
50	44	1855.7084	745.96265
50	45	1838.373	761.33575
50	48	1828.4362	765.5006
51	1	1816.3699	812.8165
51	2	1803.9935	823.4098
51	3	1797.5458	839.05334
51	4	1778.0303	861.31274
51	5	1815.2712	827.0794
51	6	1824.4497	814.78894
51	8	1800.7701	821.61444
51	14	1850.3632	791.2679
51	16	1840.6107	790.09393
51	21	1856.4126	771.2556
51	26	1809.062	788.39105
51	37	1822.7959	781.099
51	42	1842.9358	762.69305
51	44	1857.5991	744.306
51	45	1840.2483	759.62994
51	48	1830.75	763.3646
52	1	1814.0023	814.8849
52	2	1801.6677	825.573
52	3	1795.2833	841.17834
52	4	1776.0597	863.1032
52	5	1813.5933	828.5887
52	6	1822.6335	816.4245
52	8	1798.103	824.0765
52	14	1848.3398	793.105
52	16	1838.335	792.17755
52	21	1853.8826	773.57043
52	26	1811.0846	786.559
52	37	1825.2112	778.9392
52	42	1845.1765	760.6491
52	45	1842.0774	757.9374
52	48	1833.0797	761.20886
53	1	1811.6384	816.9447
53	2	1799.325	827.7299
53	3	1793.0187	843.2636
53	4	1774.1151	864.87744
53	5	1811.9054	830.10443
53	6	1820.8246	818.0525
53	8	1795.45	826.5147
53	14	1846.3513	794.9192
53	16	1836.0771	794.2417
53	21	1851.3206	775.9077
53	26	1813.091	784.73474
53	37	1827.6454	776.7407
53	42	1847.3867	758.6126
53	45	1843.8596	756.21643
53	48	1835.4222	759.0266
54	1	1809.2717	818.99554
54	2	1796.9741	829.8882
54	3	1790.7979	845.31885
54	4	1772.1415	866.63086
54	5	1810.2206	831.6086
54	6	1819.0188	819.6762
54	8	1792.7961	828.9558
54	14	1844.3596	796.72943
54	16	1833.8074	796.3166
54	21	1848.8082	778.19446
54	26	1815.0999	782.8949
54	37	1830.0879	774.503
54	42	1849.624	756.51697
54	45	1845.7928	754.5883
54	48	1837.6759	756.96313
55	1	1806.9001	821.04224
55	2	1794.6339	832.04193
55	3	1788.4949	847.40955
55	4	1770.178	868.4245
55	5	1808.5082	833.1138
55	6	1817.2177	821.2967
55	8	1790.148	831.3768
55	14	1842.429	798.4816
55	16	1831.5524	798.3875
55	21	1846.2958	780.51996
55	26	1817.1503	781.03357
55	37	1832.489	772.32587
55	42	1851.8302	754.4818
55	45	1847.6418	752.929
55	48	1840.0153	754.861
56	1	1804.5369	823.0853
56	2	1792.3018	834.1908
56	3	1786.214	849.536
56	4	1768.2086	870.1853
56	5	1806.7987	834.62177
56	6	1815.4208	822.91296
56	8	1787.508	833.7793
56	14	1840.3723	800.33746
56	16	1829.2772	800.4826
56	21	1843.7917	782.80334
56	23	1750.8312	855.50085
56	26	1819.1615	779.1959
56	37	1835.0161	770.08527
57	1	1802.1658	825.12335
57	2	1789.9615	836.3336
57	3	1783.9584	851.6065
57	4	1766.2671	871.98517
57	5	1805.0948	836.1121
57	6	1813.6267	824.5279
57	8	1784.8619	836.1965
57	14	1838.4192	802.1246
57	16	1827.0461	802.529
57	21	1841.2853	785.1204
57	23	1753.2491	853.3126
57	26	1821.1738	777.3628
57	37	1837.5111	767.8472
58	1	1799.801	827.1696
58	2	1787.6226	838.47473
58	3	1781.6787	853.7275
58	4	1764.3188	873.7342
58	5	1803.388	837.60077
58	6	1811.8336	826.14215
58	8	1782.213	838.59735
58	14	1836.4861	803.87915
58	16	1824.7888	804.61096
58	21	1838.7512	787.423
58	22	1864.2562	769.0101
58	23	1755.3737	851.3566
58	26	1823.2172	775.5104
58	37	1839.9359	765.5532
59	1	1797.4144	829.20984
59	2	1785.2844	840.60474
59	3	1779.4086	855.826
59	4	1762.3734	875.5439
59	5	1801.673	839.0799
59	6	1810.0422	827.7544
59	8	1779.5645	841.0063
59	14	1834.5398	805.6629
59	16	1822.5259	806.70197
59	21	1836.2385	789.70386
59	22	1861.9437	771.12213
59	23	1757.6713	849.23627
59	26	1825.235	773.6609
59	37	1842.4019	763.39526
60	1	1795.0438	831.24347
60	2	1782.938	842.7378
60	3	1777.1348	857.9235
60	4	1760.4438	877.28973
60	5	1799.928	840.57965
60	6	1808.2502	829.36847
60	8	1776.9202	843.39984
60	14	1832.5901	807.44226
60	16	1820.2723	808.778
60	21	1833.7229	792.02747
60	22	1859.778	773.08954
60	23	1760.138	847.0249
60	26	1827.2482	771.80084
60	38	1783.1953	821.72906
61	1	1792.6675	833.2815
61	2	1780.608	844.8613
61	3	1774.8221	860.0233
61	4	1758.4971	879.0842
61	5	1798.2017	842.0581
61	6	1806.4568	830.98615
61	8	1774.2917	845.7914
61	14	1830.6329	809.241
61	16	1818.035	810.847
61	21	1831.1787	794.35736
61	22	1857.5093	775.12415
61	26	1829.2399	769.97687
61	27	1766.5906	821.64856
61	38	1785.6311	819.56
62	1	1790.2971	835.3128
62	2	1778.266	846.98846
62	3	1772.5479	862.1386
62	4	1756.5581	880.8431
62	5	1796.4594	843.5586
62	6	1804.661	832.6085
62	8	1771.6785	848.1728
62	14	1828.7096	811.006
62	16	1815.79	812.9308
62	21	1828.6934	796.6352
62	22	1855.2296	777.18365
62	26	1831.2687	768.11334
62	27	1768.6484	819.79376
62	38	1787.984	817.4333
63	1	1787.9324	837.34
63	2	1775.9253	849.1194
63	3	1770.2489	864.23096
63	4	1754.6561	882.6071
63	5	1794.7365	845.03125
63	6	1802.8601	834.2372
63	8	1769.0525	850.5694
63	14	1826.7977	812.7519
63	16	1813.5511	815.01245
63	21	1826.1871	798.9562
63	22	1852.9843	779.2104
63	26	1833.2881	766.2324
63	27	1770.732	817.8984
63	38	1790.343	815.3021
64	1	1785.5619	839.36914
64	2	1773.5922	851.2414
64	3	1767.9551	866.32184
64	4	1752.7528	884.34973
64	5	1792.982	846.5237
64	6	1801.0531	835.8709
64	8	1766.4613	852.9484
64	14	1824.8735	814.52185
64	16	1811.3268	817.0722
64	21	1823.6663	801.28815
64	22	1850.7394	781.25464
64	27	1772.7667	816.0215
64	38	1792.7316	813.1237
65	1	1783.2104	841.40564
65	2	1771.2496	853.36816
65	3	1765.6709	868.4305
65	4	1750.8285	886.131
65	5	1791.2404	847.9955
65	6	1799.2415	837.5085
65	8	1763.8059	855.3581
65	14	1822.9664	816.2788
65	16	1809.1041	819.14386
65	21	1821.1714	803.5485
65	22	1848.4886	783.3227
65	23	1772.4075	835.81915
65	27	1774.8293	814.15283
65	38	1795.1051	810.94147
66	1	1780.8514	843.4272
66	2	1768.9017	855.49536
66	3	1763.3876	870.49744
66	4	1748.9247	887.88855
66	5	1789.4877	849.49194
66	6	1797.4275	839.1482
66	8	1761.2009	857.7504
66	14	1821.0967	817.9897
66	16	1806.887	821.21
66	21	1818.6487	805.8632
66	22	1846.2295	785.3777
66	23	1774.5876	833.8181
66	27	1776.9012	812.2422
66	38	1797.4773	808.7866
67	1	1778.4818	845.4525
67	2	1766.5718	857.6194
67	3	1761.0747	872.62494
67	4	1747.0297	889.6265
67	5	1787.7379	850.97906
67	6	1795.6141	840.7882
67	8	1758.6123	860.1084
67	14	1819.2336	819.70465
67	16	1804.6608	823.2865
67	21	1816.1423	808.14124
67	22	1843.988	787.40125
67	23	1776.9548	831.6981
67	27	1778.9191	810.3932
67	36	1758.4081	838.8824
67	38	1799.8416	806.6011
68	1	1776.1206	847.48047
68	2	1764.2427	859.74493
68	3	1758.7871	874.7014
68	4	1745.1108	891.376
68	5	1785.989	852.4615
68	6	1793.806	842.423
68	8	1756.0177	862.4711
68	14	1817.3574	821.4286
68	16	1802.433	825.35333
68	21	1813.6478	810.41797
68	22	1841.777	789.4301
68	23	1779.3105	829.5608
68	27	1780.9901	808.4816
68	36	1760.7301	836.8365
68	38	1802.2922	804.3989
69	1	1773.7688	849.4887
69	2	1761.9181	861.8626
69	3	1756.4766	876.8149
69	4	1743.202	893.1667
69	5	1784.2297	853.95404
69	6	1792.0062	844.0469
69	8	1753.4402	864.83966
69	14	1815.5208	823.1226
69	16	1800.2286	827.4187
69	21	1811.166	812.67053
69	22	1839.5424	791.4729
69	23	1781.6401	827.44055
69	27	1783.0449	806.6159
69	36	1763.0812	834.804
69	38	1804.5885	802.2725
69	52	1767.7864	840.258
70	1	1771.4056	851.5091
70	2	1759.5771	863.9913
70	3	1754.1626	878.90674
70	4	1741.304	894.9092
70	5	1782.4723	855.44617
70	6	1790.2173	845.6595
70	8	1750.8224	867.2114
70	14	1813.6721	824.8057
70	16	1798.0092	829.4756
70	21	1808.657	814.95557
70	22	1837.326	793.49677
70	23	1784.0122	825.2774
70	27	1785.0863	804.7556
70	28	1756.8048	845.9115
70	36	1765.3601	832.7714
70	38	1807.0819	799.96783
70	52	1770.0687	838.1871
71	1	1769.0432	853.523
71	2	1757.2372	866.128
71	3	1751.8405	881.04095
71	4	1739.434	896.6519
71	5	1780.7069	856.9437
71	6	1788.4393	847.2606
71	8	1748.213	869.5761
71	14	1811.8531	826.504
71	16	1795.7959	831.5355
71	21	1806.1562	817.2459
71	22	1835.0801	795.56464
71	23	1786.3733	823.117
71	27	1787.1252	802.9438
71	28	1759.0895	843.81647
71	36	1767.6721	830.7371
71	52	1772.5969	835.97253
72	1	1766.6794	855.5474
72	2	1754.9048	868.2566
72	3	1749.5085	883.1474
72	4	1737.5073	898.401
72	5	1778.932	858.45044
72	6	1786.6771	848.8471
72	8	1745.6041	871.93536
72	14	1809.9536	828.2326
72	16	1793.5741	833.598
72	21	1803.6526	819.512
72	22	1832.7928	797.6231
72	23	1788.6199	821.0556
72	28	1761.5342	841.62085
72	31	1741.2356	853.6087
72	36	1769.916	828.7335
72	52	1774.9154	833.8441
73	1	1764.3129	857.5668
73	2	1752.5718	870.38806
73	3	1747.2133	885.21545
73	4	1735.5966	900.1393
73	5	1777.1643	859.94806
73	6	1784.9305	850.42
73	8	1742.9972	874.2997
73	14	1808.1145	829.9082
73	16	1791.374	835.62585
73	21	1801.1451	821.7715
73	22	1830.5513	799.6697
73	23	1791.033	818.86914
73	27	1791.6036	798.8008
73	28	1763.8346	839.53406
73	30	1725.5555	859.47095
73	31	1743.2397	851.8131
73	36	1772.184	826.7235
73	52	1777.1011	831.8477
74	1	1761.9335	859.5872
74	2	1750.2433	872.49713
74	3	1744.8932	887.34937
74	4	1733.6825	901.8765
74	5	1775.3807	861.4533
74	6	1783.2015	851.9795
74	8	1740.4153	876.62164
74	14	1806.3308	831.5523
74	16	1789.1433	837.6892
74	21	1798.6663	824.0525
74	22	1828.2919	801.7429
74	23	1793.1545	816.8963
74	27	1793.6007	796.9752
74	28	1766.1866	837.41156
74	30	1726.9089	858.1531
74	31	1745.5144	849.82886
74	36	1774.5044	824.66583
74	52	1779.4886	829.6384
75	1	1759.5763	861.6189
75	2	1747.921	874.6193
75	3	1742.5881	889.4123
75	4	1731.7897	903.60046
75	5	1773.6058	862.95966
75	6	1781.49	853.52435
75	8	1737.7933	878.96606
75	14	1804.4098	833.3032
75	16	1786.9132	839.7385
75	21	1796.1312	826.3586
75	22	1826.0706	803.7765
75	24	1831.619	793.6889
75	27	1795.6234	795.1236
75	28	1768.5564	835.26196
75	29	1740.3044	860.43225
75	30	1728.4795	856.79047
75	31	1747.6509	847.9397
75	36	1776.8105	822.6166
75	52	1781.7996	827.5637
76	1	1757.2122	863.64966
76	2	1745.5917	876.7489
76	3	1740.2173	891.5657
76	4	1729.8829	905.3435
76	5	1771.823	864.46826
76	6	1779.7965	855.0577
76	8	1735.2152	881.32196
76	14	1802.604	834.9539
76	16	1784.683	841.8011
76	21	1793.6589	828.5791
76	22	1823.8218	805.81573
76	24	1829.1464	795.8023
76	28	1770.9	833.1019
76	29	1742.6042	858.38934
76	30	1730.1185	855.2962
76	31	1749.7874	846.0705
76	36	1779.1409	820.5087
76	41	1744.9807	861.4828
77	1	1754.8479	865.6827
77	2	1743.274	878.8781
77	3	1737.8845	893.67224
77	4	1727.9888	907.0539
77	5	1770.0432	865.9724
77	6	1778.1206	856.57916
77	8	1732.6096	883.659
77	14	1800.7657	836.63055
77	16	1782.468	843.83545
77	21	1791.1014	830.94586
77	22	1821.5463	807.8658
77	23	1800.6658	809.86273
77	24	1826.7019	798.07043
77	28	1773.2324	831.00964
77	29	1744.9395	856.3057
77	30	1731.6929	853.87964
77	31	1751.8696	844.21045
77	35	1722.067	868.20984
77	36	1781.4637	818.45807
77	41	1747.3823	859.319
78	1	1752.4836	867.7206
78	2	1740.9556	880.9961
78	3	1735.5447	895.7822
78	4	1726.0963	908.7823
78	5	1768.2632	867.48486
78	6	1776.4609	858.09
78	8	1730.0095	886.01056
78	14	1798.9188	838.3155
78	16	1780.2375	845.8744
78	21	1788.6024	833.2059
78	22	1819.2892	809.9367
78	23	1803.1937	807.6355
78	24	1824.1677	800.36786
78	28	1775.6211	828.8521
78	29	1747.2609	854.23145
78	31	1753.9541	842.3483
78	35	1724.0964	866.4219
78	36	1783.6611	816.47455
78	41	1749.8116	857.1444
79	1	1750.1215	869.75183
79	2	1738.6401	883.1204
79	3	1733.1809	897.911
79	4	1724.1891	910.5119
79	5	1766.4794	869.00275
79	6	1774.8173	859.5909
79	8	1727.4144	888.3471
79	14	1797.0972	839.9983
79	16	1778.0192	847.8958
79	21	1786.0912	835.48755
79	22	1817.0356	811.99194
79	23	1805.4879	805.54443
79	24	1821.6606	802.6213
79	28	1777.9402	826.76227
79	29	1749.5721	852.1709
79	30	1735.0969	850.806
79	31	1756.0016	840.5272
79	35	1726.1232	864.61163
79	41	1752.273	854.95416
80	1	1747.7598	871.78784
80	2	1736.3298	885.2212
80	3	1730.8486	900.01385
80	4	1722.3029	912.2596
80	5	1764.6934	870.53644
80	6	1773.1893	861.0815
80	8	1724.8317	890.68243
80	14	1795.3079	841.63446
80	16	1775.7911	849.9347
80	21	1783.6318	837.73785
80	22	1814.8119	814.0277
80	23	1807.6583	803.3999
80	24	1819.1206	804.9226
80	29	1751.8605	850.09875
80	30	1736.381	849.5811
80	31	1758.1063	838.68146
80	35	1728.15	862.7829
80	40	1721.4436	873.49414
80	41	1754.66	852.8051
81	1	1745.4158	873.8281
81	2	1734.0262	887.32825
81	3	1728.4812	902.14343
81	4	1720.4354	913.96924
81	5	1762.9102	872.05524
81	6	1771.5767	862.5624
81	8	1722.263	893.0044
81	14	1793.4932	843.29706
81	16	1773.5514	851.9696
81	21	1781.0876	840.06537
81	22	1812.5898	816.02795
81	23	1809.8353	801.215
81	24	1816.5884	807.2046
81	29	1754.1044	848.0858
81	30	1737.9945	848.16315
81	31	1760.1321	836.8607
81	35	1730.2065	860.95776
81	40	1723.5516	871.50146
81	41	1756.9672	850.68695
82	1	1743.0662	875.8634
82	2	1731.6906	889.4782
82	3	1726.1515	904.2394
82	4	1718.5325	915.6981
82	5	1761.1183	873.5903
82	6	1769.9769	864.0333
82	8	1719.6471	895.3333
82	14	1791.6436	844.977
82	16	1771.3098	854.01697
82	21	1778.5721	842.3427
82	22	1810.3872	818.0474
82	24	1814.0953	809.43054
82	29	1756.3396	846.07794
82	30	1739.5497	846.7588
82	31	1762.2708	834.93787
82	35	1732.2614	859.09705
82	40	1725.7166	869.5163
82	41	1759.3721	848.5074
83	1	1740.7295	877.90564
83	2	1729.381	891.565
83	3	1723.8083	906.3559
83	4	1716.64	917.37445
83	5	1759.3247	875.14215
83	6	1768.389	865.49664
83	8	1717.0686	897.67114
83	14	1789.8452	846.62854
83	16	1769.0731	856.0566
83	21	1776.0707	844.6291
83	22	1808.0708	820.1586
83	24	1811.6049	811.70886
83	29	1758.5505	844.0792
83	30	1741.0903	845.38043
83	31	1764.2715	833.1368
83	35	1734.2878	857.2799
83	40	1727.8671	867.54596
83	41	1761.6316	846.4696
83	50	1722.0411	877.1349
83	51	1736.085	869.5043
84	1	1738.3617	879.95166
84	2	1727.0372	893.7079
84	3	1721.4707	908.44574
84	4	1714.7616	919.0944
84	5	1757.5306	876.69086
84	6	1766.8107	866.95245
84	8	1714.487	899.9939
84	14	1788.0637	848.2446
84	16	1766.8052	858.1098
84	21	1773.5605	846.89777
84	22	1805.8278	822.1909
84	24	1809.0894	813.97894
84	28	1790.4218	815.3361
84	29	1760.7719	842.0939
84	30	1742.6516	843.9728
84	35	1736.3257	855.4319
84	40	1730.0521	865.5864
84	50	1724.339	874.9546
84	51	1738.6156	867.22577
84	58	1701.9762	881.76917
85	1	1736.0372	882.01337
85	2	1724.7308	895.8361
85	3	1719.129	910.52844
85	4	1712.8907	920.80066
85	5	1755.7657	878.24176
85	6	1765.2433	868.40173
85	8	1711.8832	902.34344
85	14	1786.3079	849.84454
85	16	1764.553	860.1724
85	21	1771.043	849.1686
85	22	1803.577	824.2355
85	24	1806.6022	816.2577
85	28	1792.6306	813.3556
85	30	1744.2565	842.5499
85	35	1738.3004	853.6524
85	40	1732.1324	863.6542
85	50	1726.6287	872.8802
85	51	1740.9835	865.09045
85	58	1703.5337	880.38055
85	59	1723.4235	866.7316
86	1	1733.6882	884.0716
86	2	1722.3934	897.95953
86	3	1716.8021	912.63806
86	4	1711.0236	922.49255
86	5	1753.9663	879.82294
86	6	1763.6837	869.8463
86	8	1709.2992	904.70264
86	14	1784.5151	851.4875
86	16	1762.2881	862.2274
86	21	1768.5256	851.4374
86	22	1801.3599	826.2743
86	24	1804.0734	818.5285
86	28	1794.8407	811.41974
86	29	1765.556	837.98596
86	30	1745.8457	841.09125
86	31	1770.0768	827.9762
86	35	1740.359	851.7745
86	40	1734.1857	861.7785
86	41	1768.4254	840.2575
86	50	1729.0135	870.7511
86	51	1743.355	862.98755
86	58	1705.0404	878.98096
86	59	1725.4285	864.94965
86	64	1725.3829	878.65314
87	1	1731.3315	886.11383
87	2	1720.0983	900.0613
87	3	1714.4579	914.7544
87	4	1709.1255	924.2335
87	5	1752.1741	881.36945
87	6	1762.1299	871.2855
87	8	1706.7029	907.02606
87	14	1782.6317	853.20624
87	16	1760.0498	864.2746
87	21	1766.0214	853.70074
87	22	1799.1475	828.2902
87	24	1801.5558	820.8311
87	28	1796.8766	809.54266
87	29	1767.6431	835.8675
87	35	1742.294	850.03766
87	40	1736.2745	859.915
87	50	1731.308	868.6592
87	51	1745.5765	860.92035
87	58	1706.4917	877.63696
87	59	1727.2767	863.316
87	64	1727.9756	876.3898
88	1	1728.9751	888.18695
88	2	1717.7836	902.1761
88	3	1712.0579	916.8618
88	4	1707.2542	925.9181
88	5	1750.375	882.93604
88	6	1760.5808	872.72186
88	8	1704.119	909.39124
88	14	1780.8174	854.8552
88	16	1757.7925	866.33356
88	21	1763.5035	855.97437
88	22	1796.9406	830.3247
88	24	1799.0599	823.10236
88	40	1738.3318	858.07416
88	41	1773.2415	836.1909
88	50	1733.615	866.572
88	51	1747.9244	858.8136
88	59	1729.1763	861.6323
88	64	1730.376	874.2158
89	1	1726.6199	890.23773
89	2	1715.4506	904.29755
89	3	1709.7179	918.987
89	4	1705.3958	927.6462
89	5	1748.5804	884.50287
89	6	1759.0354	874.1538
89	8	1701.5098	911.76404
89	14	1779.0978	856.43286
89	16	1755.5325	868.3884
89	21	1760.9971	858.27094
89	22	1794.6826	832.3715
89	24	1796.5505	825.37744
89	29	1772.4778	831.48114
89	40	1740.3158	856.326
89	50	1735.8744	864.47736
89	58	1709.5576	874.8654
89	59	1731.066	859.9243
89	64	1732.796	872.0232
89	65	1688.621	895.46716
89	66	1716.2596	882.9689
90	1	1724.285	892.3125
90	2	1713.1536	906.39996
90	3	1707.341	921.0923
90	4	1703.522	929.3151
90	5	1746.7847	886.07996
90	6	1757.4924	875.582
90	8	1698.9628	914.11743
90	14	1777.3091	858.05316
90	16	1753.2589	870.45154
90	21	1758.4897	860.5277
90	22	1792.4639	834.3698
90	24	1794.0684	827.658
90	29	1774.7358	829.4364
90	30	1752.0428	835.379
90	35	1748.6208	844.26575
90	50	1738.0641	862.4965
90	51	1752.8632	854.376
90	58	1711.0868	873.4922
90	59	1732.9877	858.1977
90	64	1735.2336	869.87885
90	65	1690.3124	893.9241
90	66	1718.128	881.2998
90	67	1723.3894	871.59875
