0	1	3778.6052	-19530.287
0	2	3774.0625	-19480.785
0	3	3764.0532	-19492.19
0	4	3737.2515	-19505.852
0	5	3747.1396	-19520.957
0	6	3766.652	-19423.17
0	8	3764.0989	-19417.473
1	1	3778.5632	-19529.744
1	2	3774.0608	-19481.082
1	3	3764.0532	-19492.19
1	4	3737.2515	-19505.852
1	5	3747.1396	-19520.957
1	6	3766.652	-19423.17
1	8	3764.0989	-19417.473
2	1	3778.5425	-19529.23
2	2	3774.0583	-19481.371
2	3	3764.0532	-19492.19
2	4	3737.2515	-19505.852
2	5	3747.1396	-19520.957
2	6	3766.652	-19423.17
2	8	3764.0989	-19417.473
3	1	3778.5178	-19528.691
3	2	3774.056	-19481.654
3	3	3764.0532	-19492.19
3	4	3737.2515	-19505.852
3	5	3747.1396	-19520.957
3	6	3766.652	-19423.17
3	8	3764.0989	-19417.473
4	1	3778.484	-19528.162
4	2	3774.0542	-19481.93
4	3	3764.0532	-19492.19
4	4	3737.2515	-19505.852
4	5	3747.1396	-19520.957
4	6	3766.652	-19423.17
4	7	3750.011	-19541.377
4	8	3764.0989	-19417.473
5	1	3778.474	-19527.646
5	2	3774.0525	-19482.197
5	3	3764.0532	-19492.19
5	4	3737.2515	-19505.852
5	5	3747.1396	-19520.957
5	6	3766.652	-19423.17
5	7	3750.011	-19541.377
5	8	3764.0989	-19417.473
6	1	3778.4268	-19527.104
6	2	3774.0505	-19482.46
6	3	3764.0532	-19492.19
6	4	3737.2515	-19505.852
6	5	3747.1396	-19520.957
6	6	3766.652	-19423.17
6	7	3750.011	-19541.377
6	8	3764.0989	-19417.473
7	1	3778.4106	-19526.639
7	2	3774.0486	-19482.717
7	3	3764.0532	-19492.19
7	4	3737.2515	-19505.852
7	5	3747.1396	-19520.957
7	6	3766.652	-19423.17
7	7	3750.011	-19541.377
7	8	3764.0989	-19417.473
8	1	3778.3699	-19526.145
8	2	3774.0474	-19482.969
8	3	3764.0532	-19492.19
8	4	3737.2515	-19505.852
8	5	3747.1396	-19520.957
8	6	3766.652	-19423.17
8	7	3750.011	-19541.377
8	8	3764.0989	-19417.473
9	1	3778.349	-19525.64
9	2	3774.0452	-19483.213
9	3	3764.0532	-19492.19
9	4	3737.2515	-19505.852
9	5	3747.1396	-19520.957
9	6	3766.652	-19423.17
9	7	3750.011	-19541.377
9	8	3764.0989	-19417.473
10	1	3778.3237	-19525.172
10	2	3774.0437	-19483.453
10	3	3764.0532	-19492.19
10	4	3737.2515	-19505.852
10	5	3747.1396	-19520.957
10	6	3766.652	-19423.17
10	7	3750.011	-19541.377
10	8	3764.0989	-19417.473
11	1	3778.286	-19524.672
11	2	3774.0417	-19483.688
11	3	3764.0532	-19492.19
11	4	3737.2515	-19505.852
11	5	3747.1396	-19520.957
11	6	3766.652	-19423.17
11	7	3750.011	-19541.377
11	8	3764.0989	-19417.473
12	1	3778.2522	-19524.213
12	2	3774.0398	-19483.918
12	3	3764.0532	-19492.19
12	4	3737.2515	-19505.852
12	5	3747.1396	-19520.957
12	6	3766.652	-19423.17
12	7	3750.011	-19541.377
12	8	3764.0989	-19417.473
13	1	3778.2136	-19523.729
13	2	3774.038	-19484.146
13	3	3764.0532	-19492.19
13	4	3737.2515	-19505.852
13	5	3747.1396	-19520.957
13	6	3766.652	-19423.17
13	7	3750.011	-19541.377
13	8	3764.0989	-19417.473
14	1	3778.1924	-19523.248
14	2	3774.0361	-19484.373
14	3	3764.0532	-19492.19
14	4	3737.2515	-19505.852
14	5	3747.1396	-19520.957
14	6	3766.652	-19423.17
14	7	3750.011	-19541.377
14	8	3764.0989	-19417.473
15	1	3778.1663	-19522.777
15	2	3774.0354	-19484.598
15	3	3764.0532	-19492.19
15	4	3737.2515	-19505.852
15	5	3747.1396	-19520.957
15	6	3766.652	-19423.17
15	7	3750.011	-19541.377
15	8	3764.0989	-19417.473
16	1	3778.1257	-19522.217
16	2	3774.033	-19484.82
16	3	3764.0532	-19492.19
16	4	3737.2515	-19505.852
16	6	3766.652	-19423.17
16	7	3750.011	-19541.377
16	8	3764.0989	-19417.473
16	11	3747.2073	-19520.893
17	1	3778.1375	-19521.805
17	2	3774.0322	-19485.043
17	3	3764.0532	-19492.19
17	4	3737.2515	-19505.852
17	6	3766.652	-19423.17
17	7	3750.011	-19541.377
17	8	3764.0989	-19417.473
17	11	3747.2073	-19520.893
18	1	3778.1062	-19521.35
18	2	3774.0305	-19485.268
18	3	3764.0532	-19492.19
18	4	3737.2515	-19505.852
18	6	3766.652	-19423.17
18	7	3750.011	-19541.377
18	8	3764.0989	-19417.473
18	11	3747.2073	-19520.893
19	1	3778.0925	-19520.846
19	2	3774.029	-19485.494
19	3	3764.0532	-19492.19
19	4	3737.2515	-19505.852
19	6	3766.652	-19423.17
19	7	3750.011	-19541.377
19	8	3764.0989	-19417.473
19	11	3747.2073	-19520.893
20	1	3778.0786	-19520.363
20	2	3774.0286	-19485.719
20	3	3764.0532	-19492.19
20	4	3737.2515	-19505.852
20	6	3766.652	-19423.17
20	7	3750.011	-19541.377
20	8	3764.0989	-19417.473
20	11	3747.2073	-19520.893
21	1	3778.066	-19519.89
21	2	3774.0266	-19485.94
21	3	3764.0532	-19492.19
21	4	3737.2515	-19505.852
21	6	3766.652	-19423.17
21	7	3750.011	-19541.377
21	8	3764.0989	-19417.473
21	11	3747.2073	-19520.893
22	1	3778.0488	-19519.422
22	2	3774.0261	-19486.164
22	3	3764.0532	-19492.19
22	4	3737.2515	-19505.852
22	6	3766.652	-19423.17
22	7	3750.011	-19541.377
22	8	3764.0989	-19417.473
22	11	3747.2073	-19520.893
23	1	3778.0476	-19518.947
23	2	3774.0232	-19486.385
23	3	3764.0532	-19492.19
23	4	3737.2515	-19505.852
23	6	3766.652	-19423.17
23	7	3750.011	-19541.377
23	8	3764.0989	-19417.473
23	11	3747.2073	-19520.893
24	1	3778.044	-19518.477
24	2	3774.0222	-19486.605
24	3	3764.0532	-19492.19
24	4	3737.2515	-19505.852
24	6	3766.652	-19423.17
24	7	3750.011	-19541.377
24	8	3764.0989	-19417.473
24	11	3747.2073	-19520.893
25	1	3778.0247	-19517.996
25	2	3774.019	-19486.826
25	3	3764.0532	-19492.19
25	4	3737.2515	-19505.852
25	6	3766.652	-19423.17
25	7	3750.011	-19541.377
25	8	3764.0989	-19417.473
25	11	3747.2073	-19520.893
26	1	3778.0142	-19517.527
26	2	3774.0188	-19487.053
26	3	3764.0532	-19492.19
26	4	3737.2515	-19505.852
26	6	3766.652	-19423.17
26	7	3750.011	-19541.377
26	8	3764.0989	-19417.473
26	11	3747.2073	-19520.893
27	1	3778.0195	-19517.066
27	2	3774.0178	-19487.29
27	3	3764.0532	-19492.19
27	4	3737.2515	-19505.852
27	6	3766.652	-19423.17
27	7	3750.011	-19541.377
27	8	3764.0989	-19417.473
27	11	3747.2073	-19520.893
28	1	3778.0312	-19516.629
28	2	3774.0166	-19487.531
28	3	3764.0532	-19492.19
28	4	3737.2515	-19505.852
28	6	3766.652	-19423.17
28	7	3750.011	-19541.377
28	8	3764.0989	-19417.473
28	11	3747.2073	-19520.893
29	1	3778.0378	-19516.164
29	2	3774.015	-19487.768
29	3	3764.0532	-19492.19
29	4	3737.2515	-19505.852
29	6	3766.652	-19423.17
29	7	3750.011	-19541.377
29	8	3764.0989	-19417.473
29	11	3747.2073	-19520.893
30	1	3778.0186	-19515.7
30	2	3774.0127	-19488.002
30	3	3764.0532	-19492.19
30	4	3737.2515	-19505.852
30	6	3766.652	-19423.17
30	7	3750.011	-19541.377
30	8	3764.0989	-19417.473
30	11	3747.2073	-19520.893
31	1	3778.0234	-19515.252
31	2	3774.0112	-19488.232
31	3	3764.0532	-19492.19
31	4	3737.2515	-19505.852
31	6	3766.652	-19423.17
31	7	3750.011	-19541.377
31	8	3764.0989	-19417.473
31	11	3747.2073	-19520.893
32	1	3778.0278	-19514.816
32	2	3774.0098	-19488.463
32	3	3764.0532	-19492.19
32	4	3737.2515	-19505.852
32	6	3766.652	-19423.17
32	7	3750.011	-19541.377
32	8	3764.0989	-19417.473
32	11	3747.2073	-19520.893
33	1	3778.0352	-19514.398
33	2	3774.0073	-19488.69
33	3	3764.0532	-19492.19
33	4	3737.2515	-19505.852
33	6	3766.652	-19423.17
33	7	3750.011	-19541.377
33	8	3764.0989	-19417.473
33	11	3747.2073	-19520.893
34	1	3778.049	-19513.998
34	2	3774.0056	-19488.906
34	3	3764.0532	-19492.19
34	4	3737.2515	-19505.852
34	6	3766.652	-19423.17
34	7	3750.011	-19541.377
34	8	3764.0989	-19417.473
34	11	3747.2073	-19520.893
35	1	3778.0671	-19513.596
35	2	3774.0037	-19489.11
35	3	3764.0532	-19492.19
35	4	3737.2515	-19505.852
35	6	3766.652	-19423.17
35	7	3750.011	-19541.377
35	8	3764.0989	-19417.473
35	11	3747.2073	-19520.893
36	1	3778.081	-19513.217
36	2	3774.0015	-19489.316
36	3	3764.0532	-19492.19
36	4	3737.2515	-19505.852
36	6	3766.652	-19423.17
36	7	3750.011	-19541.377
36	8	3764.0989	-19417.473
36	11	3747.2073	-19520.893
37	1	3778.1028	-19512.83
37	2	3774.0005	-19489.533
37	3	3764.0532	-19492.19
37	4	3737.2515	-19505.852
37	6	3766.652	-19423.17
37	7	3750.011	-19541.377
37	8	3764.0989	-19417.473
37	11	3747.2073	-19520.893
38	1	3778.119	-19512.48
38	2	3773.9976	-19489.762
38	3	3764.0532	-19492.19
38	4	3737.2515	-19505.852
38	6	3766.652	-19423.17
38	7	3750.011	-19541.377
38	8	3764.0989	-19417.473
38	11	3747.2073	-19520.893
39	1	3778.1245	-19512.123
39	2	3773.9963	-19489.988
39	3	3764.0532	-19492.19
39	4	3737.2515	-19505.852
39	6	3766.652	-19423.17
39	7	3750.011	-19541.377
39	8	3764.0989	-19417.473
39	11	3747.2073	-19520.893
40	1	3778.1382	-19511.78
40	2	3773.994	-19490.197
40	3	3764.0532	-19492.19
40	4	3737.2515	-19505.852
40	6	3766.652	-19423.17
40	7	3750.011	-19541.377
40	8	3764.0989	-19417.473
40	11	3747.2073	-19520.893
41	1	3778.1492	-19511.453
41	2	3773.9927	-19490.4
41	3	3764.0532	-19492.19
41	4	3737.2515	-19505.852
41	6	3766.652	-19423.17
41	8	3764.0989	-19417.473
41	11	3747.2073	-19520.893
42	1	3778.1655	-19511.143
42	2	3773.9907	-19490.611
42	3	3764.0532	-19492.19
42	4	3737.2515	-19505.852
42	6	3766.652	-19423.17
42	8	3764.0989	-19417.473
42	11	3747.2073	-19520.893
43	1	3778.1812	-19510.828
43	2	3773.988	-19490.832
43	3	3764.0532	-19492.19
43	4	3737.2515	-19505.852
43	6	3766.652	-19423.17
43	8	3764.0989	-19417.473
43	9	3747.159	-19520.963
44	1	3778.1953	-19510.55
44	2	3773.9866	-19491.06
44	3	3764.0532	-19492.19
44	4	3737.2515	-19505.852
44	6	3766.652	-19423.17
44	8	3764.0989	-19417.473
44	9	3747.159	-19520.963
44	10	3734.1301	-19520.621
45	1	3778.2078	-19510.271
45	2	3773.9844	-19491.293
45	3	3764.0532	-19492.19
45	4	3737.2515	-19505.852
45	6	3766.652	-19423.17
45	8	3764.0989	-19417.473
45	9	3747.159	-19520.963
45	10	3734.1301	-19520.621
46	1	3778.2146	-19510.027
46	2	3773.983	-19491.527
46	3	3764.0532	-19492.19
46	4	3737.2515	-19505.852
46	6	3766.652	-19423.17
46	8	3764.0989	-19417.473
46	9	3747.159	-19520.963
46	10	3734.1301	-19520.621
47	1	3778.2285	-19509.775
47	2	3773.9814	-19491.768
47	3	3764.0532	-19492.19
47	4	3737.2515	-19505.852
47	6	3766.652	-19423.17
47	8	3764.0989	-19417.473
47	9	3747.159	-19520.963
47	10	3734.1301	-19520.621
48	1	3778.2356	-19509.564
48	2	3773.9788	-19492.016
48	3	3764.0532	-19492.19
48	4	3737.2515	-19505.852
48	6	3766.652	-19423.17
48	8	3764.0989	-19417.473
48	9	3747.159	-19520.963
48	10	3734.1301	-19520.621
49	1	3778.2417	-19509.363
49	2	3773.9768	-19492.277
49	3	3764.0532	-19492.19
49	4	3737.2515	-19505.852
49	6	3766.652	-19423.17
49	8	3764.0989	-19417.473
49	9	3747.159	-19520.963
49	10	3734.1301	-19520.621
50	1	3778.2534	-19509.172
50	2	3773.9744	-19492.547
50	3	3764.0532	-19492.19
50	4	3737.2515	-19505.852
50	6	3766.652	-19423.17
50	8	3764.0989	-19417.473
50	9	3747.159	-19520.963
50	10	3734.1301	-19520.621
51	1	3778.2617	-19508.992
51	2	3773.972	-19492.826
51	3	3764.0532	-19492.19
51	4	3737.2515	-19505.852
51	6	3766.652	-19423.17
51	8	3764.0989	-19417.473
51	9	3747.159	-19520.963
51	10	3734.1301	-19520.621
52	1	3778.267	-19508.832
52	2	3773.9705	-19493.11
52	3	3764.0532	-19492.19
52	4	3737.2515	-19505.852
52	6	3766.652	-19423.17
52	8	3764.0989	-19417.473
52	9	3747.159	-19520.963
52	10	3734.1301	-19520.621
53	1	3778.2747	-19508.682
53	2	3773.9675	-19493.404
53	3	3764.0532	-19492.19
53	4	3737.2515	-19505.852
53	6	3766.652	-19423.17
53	8	3764.0989	-19417.473
53	9	3747.159	-19520.963
53	10	3734.1301	-19520.621
54	1	3778.2817	-19508.549
54	2	3773.965	-19493.709
54	3	3764.0532	-19492.19
54	4	3737.2515	-19505.852
54	6	3766.652	-19423.17
54	9	3747.159	-19520.963
54	10	3734.1301	-19520.621
55	1	3778.2913	-19508.414
55	2	3773.9636	-19494.02
55	3	3764.0532	-19492.19
55	4	3737.2515	-19505.852
55	6	3766.652	-19423.17
55	9	3747.159	-19520.963
55	10	3734.1301	-19520.621
56	1	3778.3005	-19508.318
56	2	3773.9614	-19494.34
56	3	3764.0532	-19492.19
56	4	3737.2515	-19505.852
56	6	3766.652	-19423.17
56	9	3747.159	-19520.963
56	10	3734.1301	-19520.621
57	1	3778.3005	-19508.213
57	2	3773.959	-19494.666
57	3	3764.0532	-19492.19
57	4	3737.2515	-19505.852
57	6	3766.652	-19423.17
57	9	3747.159	-19520.963
57	10	3734.1301	-19520.621
58	1	3778.307	-19508.125
58	2	3773.957	-19495.002
58	3	3764.0532	-19492.19
58	4	3737.2515	-19505.852
58	6	3766.652	-19423.17
58	9	3747.159	-19520.963
58	10	3734.1301	-19520.621
59	1	3778.3083	-19508.03
59	2	3773.954	-19495.344
59	3	3764.0532	-19492.19
59	4	3737.2515	-19505.852
59	6	3766.652	-19423.17
59	9	3747.159	-19520.963
59	10	3734.1301	-19520.621
60	1	3778.3164	-19507.979
60	2	3773.9524	-19495.691
60	3	3764.0532	-19492.19
60	4	3737.2515	-19505.852
60	6	3766.652	-19423.17
60	9	3747.159	-19520.963
60	10	3734.1301	-19520.621
61	1	3778.3188	-19507.896
61	2	3773.9497	-19496.049
61	3	3764.0532	-19492.19
61	4	3737.2515	-19505.852
61	6	3766.652	-19423.17
61	9	3747.159	-19520.963
61	10	3734.1301	-19520.621
62	1	3778.324	-19507.828
62	2	3773.9475	-19496.41
62	3	3764.0532	-19492.19
62	4	3737.2515	-19505.852
62	6	3766.652	-19423.17
62	9	3747.159	-19520.963
62	10	3734.1301	-19520.621
63	1	3778.3164	-19507.785
63	2	3773.9456	-19496.78
63	3	3764.0532	-19492.19
63	4	3737.2515	-19505.852
63	6	3766.652	-19423.17
63	9	3747.159	-19520.963
63	10	3734.1301	-19520.621
64	1	3778.3218	-19507.723
64	2	3773.9436	-19497.154
64	3	3764.0532	-19492.19
64	4	3737.2515	-19505.852
64	6	3766.652	-19423.17
64	9	3747.159	-19520.963
64	10	3734.1301	-19520.621
65	1	3778.321	-19507.656
65	2	3773.9412	-19497.535
65	3	3764.0532	-19492.19
65	4	3737.2515	-19505.852
65	6	3766.652	-19423.17
65	9	3747.159	-19520.963
65	10	3734.1301	-19520.621
66	1	3778.3184	-19507.584
66	2	3773.9402	-19497.924
66	3	3764.0532	-19492.19
66	4	3737.2515	-19505.852
66	6	3766.652	-19423.17
66	9	3747.159	-19520.963
66	10	3734.1301	-19520.621
67	1	3778.3176	-19507.527
67	2	3773.937	-19498.314
67	3	3764.0532	-19492.19
67	4	3737.2515	-19505.852
67	6	3766.652	-19423.17
67	9	3747.159	-19520.963
67	10	3734.1301	-19520.621
68	1	3778.3176	-19507.473
68	2	3773.9365	-19498.713
68	3	3764.0532	-19492.19
68	4	3737.2515	-19505.852
68	6	3766.652	-19423.17
68	9	3747.159	-19520.963
68	10	3734.1301	-19520.621
69	1	3778.3203	-19507.4
69	2	3773.9338	-19499.115
69	3	3764.0532	-19492.19
69	4	3737.2515	-19505.852
69	6	3766.652	-19423.17
69	9	3747.159	-19520.963
69	10	3734.1301	-19520.621
70	1	3778.3188	-19507.324
70	2	3773.9321	-19499.523
70	3	3764.0532	-19492.19
70	4	3737.2515	-19505.852
70	9	3747.159	-19520.963
70	10	3734.1301	-19520.621
71	1	3778.3208	-19507.256
71	2	3773.931	-19499.936
71	3	3764.0532	-19492.19
71	4	3737.2515	-19505.852
71	9	3747.159	-19520.963
71	10	3734.1301	-19520.621
72	1	3778.33	-19507.166
72	2	3773.929	-19500.354
72	3	3764.0532	-19492.19
72	4	3737.2515	-19505.852
72	9	3747.159	-19520.963
72	10	3734.1301	-19520.621
73	1	3778.3257	-19507.068
73	2	3773.927	-19500.773
73	3	3764.0532	-19492.19
73	4	3737.2515	-19505.852
73	9	3747.159	-19520.963
73	10	3734.1301	-19520.621
74	1	3778.323	-19506.99
74	2	3773.9272	-19501.2
74	3	3764.0532	-19492.19
74	4	3737.2515	-19505.852
74	9	3747.159	-19520.963
75	1	3778.3271	-19506.89
75	2	3773.9253	-19501.627
75	3	3764.0532	-19492.19
75	4	3737.2515	-19505.852
75	9	3747.159	-19520.963
76	1	3778.3364	-19506.766
76	2	3773.9255	-19502.06
76	3	3764.0532	-19492.19
76	4	3737.2515	-19505.852
76	9	3747.159	-19520.963
77	1	3778.3328	-19506.65
77	2	3773.9236	-19502.496
77	3	3764.0532	-19492.19
77	4	3737.2515	-19505.852
77	9	3747.159	-19520.963
78	1	3778.3447	-19506.514
78	2	3773.9236	-19502.932
78	3	3764.0532	-19492.19
78	4	3737.2515	-19505.852
78	9	3747.159	-19520.963
79	1	3778.3442	-19506.4
79	2	3773.9236	-19503.37
79	3	3764.0532	-19492.19
79	4	3737.2515	-19505.852
79	9	3747.159	-19520.963
80	1	3778.341	-19506.244
80	2	3773.9219	-19503.809
80	3	3764.0532	-19492.19
80	4	3737.2515	-19505.852
80	9	3747.159	-19520.963
81	1	3778.3345	-19506.111
81	2	3773.921	-19504.248
81	3	3764.0532	-19492.19
81	4	3737.2515	-19505.852
81	9	3747.159	-19520.963
82	1	3778.3281	-19505.93
82	2	3773.9216	-19504.688
82	3	3764.0532	-19492.19
82	4	3737.2515	-19505.852
82	9	3747.159	-19520.963
83	1	3778.3037	-19505.734
83	2	3773.921	-19505.129
83	3	3764.0532	-19492.19
83	4	3737.2515	-19505.852
83	9	3747.159	-19520.963
84	1	3778.2722	-19505.488
84	2	3773.9202	-19505.568
84	3	3764.0532	-19492.19
84	4	3737.2515	-19505.852
84	9	3747.159	-19520.963
85	1	3778.2488	-19505.262
85	2	3773.9207	-19506.012
85	3	3764.0532	-19492.19
85	4	3737.2515	-19505.852
85	9	3747.159	-19520.963
86	1	3778.2217	-19505.059
86	2	3773.92	-19506.453
86	3	3764.0532	-19492.19
86	4	3737.2515	-19505.852
86	9	3747.159	-19520.963
87	1	3778.1814	-19504.854
87	2	3773.92	-19506.893
87	3	3764.0532	-19492.19
87	4	3737.2515	-19505.852
87	9	3747.159	-19520.963
88	1	3778.1335	-19504.646
88	2	3773.9194	-19507.334
88	3	3764.0532	-19492.19
88	4	3737.2515	-19505.852
88	9	3747.159	-19520.963
89	1	3778.0728	-19504.404
89	2	3773.9192	-19507.777
89	3	3764.0532	-19492.19
89	4	3737.2515	-19505.852
90	1	3778.0056	-19504.13
90	2	3773.918	-19508.219
90	3	3764.0532	-19492.19
90	4	3737.2515	-19505.852
