0	1	8427.216	6273.9277
0	2	8426.959	6255.6074
0	3	8430.559	6274.028
0	4	8416.633	6291.4917
0	5	8445.816	6282.815
0	6	8416.52	6306.698
0	7	8427.018	6293.9927
0	8	8413.426	6302.116
0	9	8417.093	6280.3564
0	10	8410.941	6293.9097
0	11	8413.567	6311.0234
0	12	8410.0205	6274.9272
0	13	8429.832	6308.215
0	15	8426.935	6241.9414
0	17	8481.77	6279.783
0	18	8417.257	6259.0317
0	19	8430.701	6227.923
0	20	8426.974	6224.6377
0	21	8401.23	6236.543
0	22	8432.776	6328.598
0	23	8455.346	6231.407
0	24	8477.109	6265.371
0	25	8395.549	6233.8774
0	27	8455.371	6223.7476
0	28	8387.033	6234.1514
0	29	8388.034	6228.636
0	30	8427.115	6209.46
0	60	8411.464	6214.889
0	61	8371.224	6257.8423
0	62	8395.558	6265.5664
1	1	8427.212	6274.953
1	2	8426.954	6256.3823
1	3	8430.549	6275.28
1	4	8416.64	6290.7783
1	5	8445.816	6282.815
1	6	8416.531	6305.8955
1	7	8426.999	6295.18
1	8	8413.426	6301.7827
1	9	8417.099	6279.5244
1	10	8410.691	6293.511
1	11	8413.585	6310.8047
1	12	8410.023	6274.258
1	13	8429.817	6309.6274
1	15	8426.932	6242.588
1	17	8480.613	6279.75
1	18	8417.266	6258.026
1	19	8430.681	6229.312
1	20	8426.975	6225.1445
1	21	8401.23	6236.543
1	22	8432.731	6330.369
1	23	8455.346	6231.407
1	24	8478.286	6265.4155
1	25	8395.449	6233.8374
1	27	8455.371	6223.7476
1	28	8387.033	6234.1514
1	29	8388.034	6228.636
1	30	8427.115	6209.85
1	60	8411.49	6213.621
2	1	8427.198	6275.9976
2	2	8426.946	6257.1387
2	3	8430.54	6276.5474
2	4	8416.644	6290.0464
2	5	8445.816	6282.815
2	6	8416.547	6305.0815
2	7	8426.984	6296.3574
2	8	8413.425	6301.4287
2	9	8417.106	6278.699
2	10	8410.4375	6293.1626
2	11	8413.601	6310.6074
2	12	8410.027	6273.5825
2	13	8429.808	6311.031
2	15	8426.93	6243.182
2	17	8479.469	6279.714
2	18	8417.275	6257.0093
2	19	8430.666	6230.683
2	20	8426.974	6225.6553
2	21	8401.23	6236.543
2	22	8432.683	6332.14
2	23	8455.346	6231.407
2	24	8479.473	6265.4624
2	25	8395.343	6233.831
2	27	8455.371	6223.7476
2	28	8387.033	6234.1514
2	29	8388.034	6228.636
2	30	8427.116	6210.1997
2	60	8411.516	6212.3696
3	1	8427.177	6277.073
3	2	8426.938	6257.943
3	3	8430.531	6277.8296
3	4	8416.656	6289.3247
3	5	8445.816	6282.815
3	6	8416.56	6304.241
3	7	8426.968	6297.5376
3	8	8413.422	6301.0527
3	9	8417.113	6277.885
3	10	8410.172	6292.792
3	11	8413.604	6310.46
3	12	8410.026	6272.907
3	13	8429.794	6312.4727
3	15	8426.927	6243.784
3	17	8478.336	6279.691
3	18	8417.285	6255.932
3	19	8430.651	6232.0635
3	20	8426.976	6226.207
3	21	8401.23	6236.543
3	22	8432.635	6333.9316
3	23	8455.346	6231.407
3	24	8480.659	6265.5205
3	25	8395.24	6233.7915
3	27	8455.371	6223.7476
3	28	8387.033	6234.1514
3	29	8388.034	6228.636
3	30	8427.12	6210.5425
3	60	8411.555	6211.07
4	1	8427.155	6278.1665
4	2	8426.935	6258.7495
4	3	8430.523	6279.1265
4	4	8416.668	6288.5703
4	5	8445.816	6282.815
4	6	8416.575	6303.367
4	7	8426.956	6298.706
4	8	8413.42	6300.618
4	9	8417.115	6277.0947
4	10	8409.885	6292.421
4	11	8413.599	6310.3535
4	12	8410.014	6272.2227
4	13	8429.785	6313.932
4	15	8426.925	6244.442
4	17	8477.217	6279.6587
4	18	8417.298	6254.8467
4	19	8430.632	6233.4194
4	20	8426.972	6226.6436
4	21	8401.23	6236.543
4	22	8432.59	6335.729
4	23	8455.346	6231.407
4	24	8481.86	6265.55
4	25	8395.121	6233.7656
4	27	8455.371	6223.7476
4	28	8387.033	6234.1514
4	29	8388.034	6228.636
4	30	8427.111	6210.944
4	60	8411.59	6209.758
5	1	8427.133	6279.27
5	2	8426.926	6259.5693
5	3	8430.515	6280.4385
5	4	8416.681	6287.831
5	5	8445.816	6282.815
5	6	8416.596	6302.5176
5	7	8426.9375	6299.8804
5	8	8413.424	6300.1724
5	9	8417.109	6276.2227
5	10	8409.588	6292.0728
5	11	8413.612	6310.022
5	12	8410.017	6271.573
5	13	8429.776	6315.3647
5	15	8426.922	6245.1147
5	17	8476.107	6279.6387
5	18	8417.299	6253.7676
5	19	8430.605	6234.857
5	20	8426.987	6227.29
5	21	8401.23	6236.543
5	22	8432.541	6337.558
5	23	8455.346	6231.407
5	24	8483.067	6265.5933
5	25	8395.023	6233.733
5	27	8455.371	6223.7476
5	28	8387.033	6234.1514
5	29	8388.034	6228.636
5	30	8427.107	6211.351
5	60	8411.626	6208.43
6	1	8427.086	6280.4087
6	2	8426.921	6260.414
6	3	8430.507	6281.7656
6	4	8416.693	6287.0786
6	5	8445.816	6282.815
6	6	8416.609	6301.6396
6	7	8426.926	6301.052
6	8	8413.434	6299.667
6	9	8417.129	6275.392
6	10	8409.271	6291.704
6	11	8413.619	6309.7627
6	12	8410.016	6270.91
6	13	8429.762	6316.828
6	15	8426.924	6245.827
6	17	8475.019	6279.6216
6	18	8417.318	6252.6953
6	19	8430.582	6236.2725
6	20	8426.987	6227.8975
6	21	8401.23	6236.543
6	22	8432.477	6339.385
6	23	8455.346	6231.407
6	24	8484.2705	6265.639
6	25	8394.898	6233.7144
6	26	8361.686	6268.6646
6	27	8455.371	6223.7476
6	28	8387.033	6234.1514
6	29	8388.034	6228.636
6	30	8427.1	6211.7266
6	60	8411.657	6207.059
7	1	8427.054	6281.5767
7	2	8426.913	6261.269
7	3	8430.497	6283.108
7	4	8416.703	6286.304
7	5	8445.816	6282.815
7	6	8416.627	6300.746
7	7	8426.914	6302.2363
7	8	8413.447	6299.097
7	9	8417.13	6274.5176
7	10	8408.915	6291.2925
7	11	8413.619	6309.48
7	12	8410.01	6270.266
7	13	8429.767	6318.288
7	15	8426.919	6246.531
7	17	8473.957	6279.612
7	18	8417.321	6251.597
7	19	8430.555	6237.6914
7	20	8426.986	6228.4956
7	21	8401.23	6236.543
7	22	8432.419	6341.2354
7	23	8455.346	6231.407
7	24	8485.512	6265.6714
7	25	8394.807	6233.696
7	26	8362.497	6268.6694
7	27	8455.371	6223.7476
7	28	8387.033	6234.1514
7	29	8388.034	6228.636
7	30	8427.091	6212.187
8	1	8427.0205	6282.719
8	2	8426.902	6262.129
8	3	8430.485	6284.468
8	4	8416.732	6285.542
8	5	8445.816	6282.815
8	6	8416.644	6299.823
8	7	8426.904	6303.407
8	8	8413.477	6298.4595
8	9	8417.103	6273.643
8	10	8408.539	6290.8877
8	11	8413.621	6309.234
8	12	8410.009	6269.5596
8	13	8429.74	6319.7827
8	15	8426.919	6247.2793
8	17	8473.019	6279.6006
8	18	8417.334	6250.531
8	19	8430.531	6239.09
8	20	8426.973	6229.0684
8	21	8401.23	6236.543
8	22	8432.358	6343.064
8	23	8455.346	6231.407
8	24	8486.766	6265.7173
8	25	8394.693	6233.692
8	26	8363.2705	6268.6665
8	27	8455.371	6223.7476
8	28	8387.033	6234.1514
8	29	8388.034	6228.636
8	30	8427.093	6212.6274
9	1	8426.99	6283.9224
9	2	8426.896	6263.0244
9	3	8430.476	6285.8423
9	4	8416.746	6284.7607
9	5	8445.816	6282.815
9	6	8416.662	6298.9224
9	7	8426.897	6304.5566
9	8	8413.487	6297.772
9	9	8417.13	6272.759
9	10	8408.133	6290.464
9	11	8413.627	6308.9624
9	12	8409.996	6268.8457
9	13	8429.724	6321.2876
9	14	8397.105	6268.906
9	15	8426.915	6248.029
9	17	8471.881	6279.597
9	18	8417.343	6249.36
9	19	8430.5205	6240.5317
9	20	8426.978	6229.691
9	21	8401.23	6236.543
9	22	8432.294	6344.95
9	23	8455.346	6231.407
9	24	8488.009	6265.7686
9	25	8394.589	6233.6636
9	26	8364.079	6268.6855
9	27	8455.371	6223.7476
9	28	8387.033	6234.1514
9	29	8388.034	6228.636
9	30	8427.085	6213.0967
10	1	8426.968	6285.1143
10	2	8426.884	6263.9185
10	3	8430.463	6287.2305
10	4	8416.766	6283.9746
10	5	8445.816	6282.815
10	6	8416.676	6298.0225
10	7	8426.889	6305.7104
10	8	8413.508	6297.0957
10	9	8417.136	6271.8374
10	10	8407.726	6290.0664
10	11	8413.633	6308.692
10	12	8409.99	6268.1533
10	13	8429.712	6322.7666
10	14	8397.105	6268.906
10	15	8426.914	6248.83
10	16	8395.631	6265.5376
10	17	8470.828	6279.581
10	18	8417.354	6248.2153
10	19	8430.497	6242.003
10	20	8426.979	6230.287
10	21	8401.23	6236.543
10	22	8432.226	6346.843
10	23	8455.346	6231.407
10	24	8489.264	6265.8174
10	25	8394.467	6233.6494
10	26	8364.896	6268.683
10	27	8455.371	6223.7476
10	28	8387.033	6234.1514
10	29	8388.034	6228.636
10	30	8427.069	6213.5615
11	1	8426.936	6286.3213
11	2	8426.873	6264.831
11	3	8430.448	6288.6304
11	4	8416.777	6283.1533
11	5	8445.816	6282.815
11	6	8416.698	6297.1113
11	7	8426.872	6306.8765
11	8	8413.491	6296.442
11	9	8417.132	6270.9214
11	10	8407.302	6289.6543
11	11	8413.638	6308.409
11	12	8409.986	6267.4976
11	13	8429.713	6324.2773
11	14	8397.105	6268.906
11	15	8426.918	6249.622
11	16	8395.631	6265.5376
11	17	8469.804	6279.574
11	18	8417.355	6247.0713
11	19	8430.463	6243.4204
11	20	8426.98	6230.915
11	21	8401.23	6236.543
11	22	8432.162	6348.7725
11	23	8455.346	6231.407
11	24	8490.553	6265.871
11	26	8365.662	6268.705
11	27	8455.371	6223.7476
11	29	8388.034	6228.636
11	30	8427.095	6214.0825
12	1	8426.918	6287.557
12	2	8426.863	6265.751
12	3	8430.437	6290.0454
12	4	8416.779	6282.3276
12	5	8445.816	6282.815
12	6	8416.718	6296.22
12	7	8426.864	6308.045
12	8	8413.525	6295.688
12	9	8417.135	6270.0034
12	10	8406.863	6289.2505
12	11	8413.64	6308.1357
12	12	8409.98	6266.8623
12	13	8429.717	6325.758
12	14	8397.105	6268.906
12	15	8426.92	6250.467
12	16	8395.631	6265.5376
12	17	8468.814	6279.56
12	18	8417.369	6245.9185
12	19	8430.456	6244.862
12	20	8426.978	6231.589
12	21	8401.23	6236.543
12	22	8432.093	6350.675
12	23	8455.346	6231.407
12	24	8491.866	6265.907
12	25	8394.228	6233.5977
12	26	8366.383	6268.712
12	27	8455.371	6223.7476
12	29	8388.034	6228.636
12	30	8427.103	6214.542
13	1	8426.909	6288.797
13	2	8426.851	6266.6904
13	3	8430.421	6291.475
13	4	8416.785	6281.4854
13	5	8445.816	6282.815
13	6	8416.732	6295.3086
13	7	8426.857	6309.1973
13	8	8413.528	6294.919
13	9	8417.137	6269.0566
13	10	8406.392	6288.844
13	11	8413.644	6307.8535
13	12	8409.976	6266.144
13	13	8429.708	6327.2603
13	14	8397.105	6268.906
13	15	8426.919	6251.3066
13	16	8395.631	6265.5376
13	17	8467.855	6279.5527
13	18	8417.383	6244.7617
13	19	8430.432	6246.322
13	20	8426.9795	6232.242
13	21	8401.23	6236.543
13	22	8432.019	6352.578
13	23	8455.346	6231.407
13	24	8493.2	6265.9478
13	26	8367.136	6268.723
13	27	8455.371	6223.7476
13	30	8427.085	6214.9946
14	1	8426.878	6290.04
14	2	8426.838	6267.6504
14	3	8430.405	6292.916
14	4	8416.797	6280.6772
14	5	8445.816	6282.815
14	6	8416.754	6294.422
14	7	8426.842	6310.387
14	8	8413.536	6294.1025
14	9	8417.134	6268.114
14	10	8405.902	6288.442
14	11	8413.656	6307.5513
14	12	8409.973	6265.496
14	13	8429.685	6328.8135
14	14	8397.105	6268.906
14	15	8426.92	6252.1646
14	16	8395.631	6265.5376
14	17	8466.914	6279.542
14	18	8417.391	6243.594
14	19	8430.405	6247.777
14	20	8426.994	6232.9
14	21	8401.23	6236.543
14	22	8431.944	6354.491
14	23	8455.346	6231.407
14	24	8494.472	6265.9927
14	26	8367.857	6268.7437
14	27	8455.371	6223.7476
14	30	8427.075	6215.5215
15	1	8426.853	6291.2783
15	2	8426.828	6268.6353
15	3	8430.394	6294.37
15	4	8416.804	6279.778
15	5	8445.816	6282.815
15	6	8416.764	6293.543
15	7	8426.831	6311.576
15	8	8413.55	6293.2773
15	9	8417.137	6267.1655
15	10	8405.401	6288.0596
15	11	8413.658	6307.236
15	12	8409.96	6264.7773
15	13	8429.664	6330.31
15	14	8397.105	6268.906
15	15	8426.921	6253.0405
15	16	8395.631	6265.5376
15	17	8466.0	6279.539
15	18	8417.3955	6242.4263
15	19	8430.382	6249.2407
15	20	8426.982	6233.5713
15	21	8401.23	6236.543
15	22	8431.863	6356.396
15	23	8455.346	6231.407
15	24	8495.817	6266.0386
15	26	8368.607	6268.7393
15	27	8455.371	6223.7476
16	1	8426.84	6292.5244
16	2	8426.815	6269.609
16	3	8430.381	6295.844
16	4	8416.815	6278.883
16	5	8445.816	6282.815
16	6	8416.779	6292.657
16	7	8426.824	6312.739
16	8	8413.533	6292.49
16	9	8417.14	6266.192
16	10	8404.861	6287.661
16	11	8413.666	6306.8916
16	12	8409.951	6264.1367
16	13	8429.655	6331.8667
16	14	8397.105	6268.906
16	15	8426.919	6253.9473
16	16	8395.631	6265.5376
16	17	8465.09	6279.534
16	18	8417.397	6241.2344
16	19	8430.359	6250.7183
16	20	8426.985	6234.242
16	21	8401.23	6236.543
16	22	8431.787	6358.366
16	23	8455.346	6231.407
16	26	8369.341	6268.7476
17	1	8426.835	6293.8125
17	2	8426.808	6270.619
17	3	8430.372	6297.3306
17	4	8416.833	6277.982
17	5	8445.816	6282.815
17	6	8416.789	6291.752
17	7	8426.814	6313.9473
17	8	8413.529	6291.5703
17	9	8417.145	6265.224
17	10	8404.325	6287.288
17	11	8413.673	6306.555
17	12	8409.943	6263.4663
17	13	8429.655	6333.4287
17	14	8397.105	6268.906
17	15	8426.919	6254.8345
17	16	8395.631	6265.5376
17	17	8464.19	6279.5244
17	18	8417.411	6239.964
17	19	8430.332	6252.2144
17	20	8426.991	6235.0103
17	21	8401.23	6236.543
17	22	8431.708	6360.312
17	23	8455.346	6231.407
17	24	8498.41	6266.17
17	26	8370.05	6268.7617
18	1	8426.8125	6295.1187
18	2	8426.794	6271.628
18	3	8430.365	6298.8193
18	4	8416.832	6277.0425
18	5	8445.816	6282.815
18	6	8416.799	6290.8496
18	7	8426.808	6315.1763
18	8	8413.537	6290.633
18	9	8417.151	6264.2495
18	10	8403.742	6286.912
18	11	8413.68	6306.208
18	12	8409.943	6262.7866
18	13	8429.644	6334.9673
18	14	8397.105	6268.906
18	15	8426.916	6255.746
18	16	8395.631	6265.5376
18	17	8463.3545	6279.522
18	18	8417.407	6238.7793
18	19	8430.306	6253.721
18	20	8426.97	6235.6953
18	21	8401.23	6236.543
18	22	8431.629	6362.2812
18	23	8455.346	6231.407
18	24	8499.707	6266.2637
18	26	8370.746	6268.746
19	1	8426.809	6296.3853
19	2	8426.774	6272.6533
19	3	8430.36	6300.318
19	4	8416.845	6276.072
19	5	8445.816	6282.815
19	6	8416.809	6289.963
19	7	8426.793	6316.4087
19	8	8413.525	6289.699
19	9	8417.161	6263.2563
19	10	8403.177	6286.5806
19	11	8413.699	6305.8257
19	12	8409.935	6262.0796
19	13	8429.65	6336.539
19	14	8397.105	6268.906
19	15	8426.918	6256.673
19	16	8395.631	6265.5376
19	17	8462.53	6279.518
19	18	8417.411	6237.557
19	19	8430.283	6255.2246
19	20	8426.986	6236.471
19	21	8401.23	6236.543
19	22	8431.543	6364.246
19	23	8455.346	6231.407
19	26	8371.387	6268.7515
20	1	8426.784	6297.664
20	2	8426.76	6273.695
20	3	8430.356	6301.8306
20	4	8416.849	6275.1543
20	5	8445.816	6282.815
20	6	8416.817	6289.0654
20	7	8426.777	6317.6484
20	8	8413.532	6288.6235
20	9	8417.157	6262.2466
20	10	8402.57	6286.237
20	11	8413.707	6305.4297
20	12	8409.924	6261.39
20	13	8429.634	6338.0923
20	14	8397.105	6268.906
20	15	8426.915	6257.6255
20	16	8395.631	6265.5376
20	17	8461.731	6279.517
20	18	8417.414	6236.2856
20	19	8430.27	6256.777
20	20	8426.984	6237.2954
20	21	8401.23	6236.543
20	22	8431.46	6366.236
20	23	8455.346	6231.407
20	26	8372.085	6268.7812
21	1	8426.766	6298.958
21	2	8426.755	6274.7373
21	3	8430.3545	6303.352
21	4	8416.858	6274.14
21	5	8445.816	6282.815
21	6	8416.826	6288.134
21	7	8426.756	6318.907
21	8	8413.525	6287.519
21	9	8417.152	6261.252
21	10	8401.906	6285.9106
21	11	8413.718	6305.031
21	12	8409.911	6260.659
21	13	8429.628	6339.6714
21	14	8397.105	6268.906
21	15	8426.915	6258.558
21	16	8395.631	6265.5376
21	17	8460.96	6279.5156
21	18	8417.457	6235.081
21	19	8430.253	6258.2646
21	20	8426.988	6237.985
21	22	8431.364	6368.2554
21	26	8372.674	6268.7915
22	1	8426.749	6300.2534
22	2	8426.733	6275.7964
22	3	8430.35	6304.8833
22	4	8416.861	6273.1343
22	5	8445.816	6282.815
22	6	8416.829	6287.199
22	7	8426.742	6320.1934
22	8	8413.527	6286.419
22	9	8417.157	6260.2407
22	10	8401.242	6285.595
22	11	8413.722	6304.621
22	12	8409.901	6259.9443
22	13	8429.614	6341.2544
22	14	8397.105	6268.906
22	15	8426.912	6259.5186
22	16	8395.631	6265.5376
22	17	8460.187	6279.5166
22	18	8417.476	6233.8105
22	19	8430.239	6259.7627
22	20	8426.977	6238.7935
22	22	8431.27	6370.251
22	26	8373.293	6268.805
23	1	8426.728	6301.549
23	2	8426.728	6276.8755
23	3	8430.347	6306.4224
23	4	8416.857	6272.1157
23	5	8445.816	6282.815
23	6	8416.839	6286.2817
23	7	8426.73	6321.4473
23	8	8413.537	6285.2227
23	9	8417.156	6259.227
23	10	8400.586	6285.308
23	11	8413.7295	6304.205
23	12	8409.89	6259.268
23	13	8429.608	6342.8306
23	14	8397.105	6268.906
23	15	8426.911	6260.47
23	16	8395.631	6265.5376
23	17	8459.463	6279.5127
23	18	8417.486	6232.523
23	19	8430.217	6261.272
23	20	8426.989	6239.5903
23	22	8431.179	6372.254
23	26	8373.815	6268.814
24	1	8426.715	6302.8765
24	2	8426.714	6277.958
24	3	8430.342	6307.9683
24	4	8416.854	6271.064
24	5	8445.816	6282.815
24	6	8416.85	6285.3555
24	7	8426.704	6322.765
24	8	8413.519	6284.022
24	9	8417.153	6258.154
24	10	8399.887	6285.015
24	11	8413.733	6303.767
24	12	8409.884	6258.42
24	13	8429.601	6344.4478
24	14	8397.105	6268.906
24	15	8426.908	6261.4487
24	16	8395.631	6265.5376
24	17	8458.775	6279.5024
24	18	8417.522	6231.2466
24	19	8430.186	6262.8467
24	20	8426.977	6240.431
24	22	8431.087	6374.256
24	26	8374.458	6268.8228
25	1	8426.708	6304.193
25	2	8426.699	6279.0566
25	3	8430.336	6309.5205
25	4	8416.869	6270.038
25	5	8445.816	6282.815
25	6	8416.861	6284.43
25	7	8426.687	6324.071
25	8	8413.524	6282.7856
25	9	8417.157	6257.141
25	10	8399.165	6284.75
25	11	8413.736	6303.3
25	12	8409.881	6257.8115
25	13	8429.585	6346.044
25	14	8397.105	6268.906
25	15	8426.903	6262.366
25	16	8395.631	6265.5376
25	17	8458.094	6279.4995
25	19	8430.17	6264.4062
25	20	8426.983	6241.306
25	22	8431.007	6376.2817
25	26	8375.028	6268.822
26	1	8426.691	6305.5093
26	2	8426.69	6280.18
26	3	8430.327	6311.0815
26	4	8416.885	6268.98
26	5	8445.816	6282.815
26	6	8416.874	6283.512
26	7	8426.669	6325.396
26	8	8413.526	6281.523
26	9	8417.168	6256.1133
26	10	8398.435	6284.485
26	11	8413.743	6302.836
26	12	8409.877	6257.1484
26	13	8429.587	6347.679
26	14	8397.105	6268.906
26	15	8426.907	6263.34
26	16	8395.631	6265.5376
26	17	8457.432	6279.5
26	19	8430.159	6265.967
26	20	8427.0	6242.1724
26	22	8430.909	6378.328
26	26	8375.612	6268.83
27	1	8426.676	6306.8315
27	2	8426.673	6281.287
27	3	8430.318	6312.6484
27	4	8416.88	6267.921
27	5	8445.816	6282.815
27	6	8416.892	6282.5693
27	7	8426.643	6326.7285
27	8	8413.53	6280.235
27	9	8417.176	6255.0405
27	10	8397.685	6284.2407
27	11	8413.75	6302.3306
27	12	8409.864	6256.4575
27	13	8429.596	6349.2817
27	14	8397.105	6268.906
27	15	8426.911	6264.264
27	16	8395.631	6265.5376
27	17	8456.898	6279.4883
27	19	8430.144	6267.5444
27	20	8427.008	6243.041
27	22	8430.811	6380.385
27	26	8376.188	6268.828
28	1	8426.65	6308.153
28	2	8426.666	6282.4473
28	3	8430.308	6314.2227
28	4	8416.885	6266.883
28	5	8445.816	6282.815
28	6	8416.908	6281.6313
28	7	8426.611	6328.0996
28	8	8413.51	6278.8774
28	9	8417.172	6253.9834
28	10	8396.904	6284.002
28	11	8413.756	6301.835
28	12	8409.862	6255.8066
28	13	8429.588	6350.934
28	14	8397.105	6268.906
28	15	8426.904	6265.2476
28	16	8395.631	6265.5376
28	17	8456.255	6279.4893
28	19	8430.122	6269.104
28	20	8427.01	6243.9023
28	22	8430.723	6382.44
28	26	8376.735	6268.8315
28	31	8396.383	6382.4575
28	32	8374.784	6367.573
29	1	8426.645	6309.511
29	2	8426.655	6283.623
29	3	8430.295	6315.8037
29	4	8416.893	6265.798
29	5	8445.816	6282.815
29	6	8416.925	6280.6987
29	7	8426.589	6329.4575
29	8	8413.512	6277.494
29	9	8417.176	6252.8853
29	10	8396.122	6283.793
29	11	8413.762	6301.3027
29	12	8409.864	6255.1646
29	13	8429.578	6352.5815
29	14	8397.105	6268.906
29	15	8426.903	6266.1914
29	16	8395.631	6265.5376
29	17	8455.684	6279.4766
29	19	8430.098	6270.716
29	20	8427.019	6244.8257
29	22	8430.629	6384.495
29	26	8377.301	6268.841
29	31	8396.383	6382.4575
29	32	8374.784	6367.573
30	1	8426.633	6310.8574
30	2	8426.64	6284.778
30	3	8430.282	6317.3896
30	4	8416.901	6264.7124
30	5	8445.816	6282.815
30	6	8416.936	6279.7397
30	7	8426.556	6330.8394
30	8	8413.488	6276.1455
30	9	8417.172	6251.7983
30	10	8395.296	6283.578
30	11	8413.772	6300.761
30	12	8409.856	6254.4053
30	13	8429.573	6354.2427
30	14	8397.105	6268.906
30	15	8426.902	6267.147
30	16	8395.631	6265.5376
30	17	8455.096	6279.4683
30	19	8430.088	6272.3384
30	20	8427.008	6245.761
30	22	8430.538	6386.603
30	26	8377.781	6268.84
30	31	8396.383	6382.4575
30	32	8374.784	6367.573
31	1	8426.621	6312.2466
31	2	8426.627	6285.9565
31	3	8430.267	6318.982
31	4	8416.9	6263.63
31	5	8445.816	6282.815
31	6	8416.944	6278.781
31	7	8426.534	6332.254
31	8	8413.494	6274.708
31	9	8417.179	6250.692
31	10	8394.457	6283.3867
31	11	8413.777	6300.1836
31	12	8409.853	6253.733
31	13	8429.577	6355.897
31	14	8397.105	6268.906
31	15	8426.8955	6268.0977
31	16	8395.631	6265.5376
31	17	8454.565	6279.4688
31	19	8430.073	6273.9365
31	20	8427.008	6246.669
31	22	8430.461	6388.672
31	26	8378.314	6268.8516
31	31	8396.383	6382.4575
31	32	8374.784	6367.573
32	1	8426.6045	6313.608
32	2	8426.617	6287.144
32	3	8430.25	6320.581
32	4	8416.902	6262.5337
32	5	8445.816	6282.815
32	6	8416.955	6277.817
32	7	8426.516	6333.656
32	8	8413.483	6273.238
32	9	8417.186	6249.633
32	10	8393.634	6283.231
32	11	8413.785	6299.572
32	12	8409.845	6253.057
32	13	8429.581	6357.5884
32	14	8397.105	6268.906
32	15	8426.894	6269.0396
32	16	8395.631	6265.5376
32	17	8454.036	6279.4644
32	19	8430.057	6275.54
32	20	8427.018	6247.5894
32	22	8430.36	6390.773
32	31	8396.383	6382.4575
32	32	8374.784	6367.573
32	33	8369.219	6367.349
33	1	8426.599	6315.006
33	2	8426.604	6288.3403
33	3	8430.232	6322.189
33	4	8416.907	6261.3945
33	5	8445.816	6282.815
33	6	8416.98	6276.8647
33	7	8426.484	6335.1157
33	8	8413.49	6271.7383
33	9	8417.162	6248.4683
33	10	8392.821	6283.1
33	11	8413.801	6298.96
33	12	8409.836	6252.7295
33	13	8429.582	6359.288
33	14	8397.105	6268.906
33	15	8426.895	6269.969
33	16	8395.631	6265.5376
33	17	8453.574	6279.4575
33	19	8430.042	6277.161
33	20	8427.02	6248.5737
33	22	8430.272	6392.879
33	31	8396.383	6382.4575
33	32	8374.784	6367.573
33	33	8369.219	6367.349
34	1	8426.596	6316.402
34	2	8426.597	6289.534
34	3	8430.216	6323.8057
34	4	8416.921	6260.2983
34	5	8445.816	6282.815
34	6	8416.997	6275.9277
34	7	8426.468	6336.557
34	8	8413.491	6270.1646
34	9	8417.181	6247.359
34	10	8391.944	6282.9453
34	11	8413.808	6298.3438
34	12	8409.81	6251.5303
34	13	8429.595	6360.98
34	14	8397.105	6268.906
34	15	8426.8955	6270.9336
34	16	8395.631	6265.5376
34	17	8453.106	6279.4575
34	19	8430.031	6278.811
34	20	8427.035	6249.5337
34	22	8430.186	6394.9756
34	31	8396.383	6382.4575
34	32	8374.784	6367.573
34	33	8369.219	6367.349
35	1	8426.596	6317.8403
35	2	8426.59	6290.781
35	3	8430.195	6325.429
35	4	8416.918	6259.152
35	5	8445.816	6282.815
35	6	8417.018	6274.921
35	7	8426.446	6338.033
35	8	8413.483	6268.595
35	10	8391.107	6282.822
35	11	8413.819	6297.7007
35	12	8409.799	6250.7686
35	13	8429.598	6362.6943
35	14	8397.105	6268.906
35	15	8426.9	6271.858
35	16	8395.631	6265.5376
35	17	8452.651	6279.4478
35	19	8430.029	6280.47
35	20	8427.038	6250.5347
35	22	8430.084	6397.118
35	26	8380.448	6268.972
35	31	8396.383	6382.4575
35	32	8374.784	6367.573
35	33	8369.219	6367.349
35	39	8363.633	6361.611
36	1	8426.587	6319.2476
36	2	8426.578	6292.0044
36	3	8430.178	6327.06
36	4	8416.924	6258.041
36	5	8445.816	6282.815
36	6	8417.03	6273.952
36	7	8426.422	6339.511
36	8	8413.465	6266.9985
36	10	8390.213	6282.7114
36	11	8413.826	6297.11
36	12	8409.767	6249.8525
36	13	8429.604	6364.4014
36	14	8397.105	6268.906
36	15	8426.9	6272.8247
36	16	8395.631	6265.5376
36	17	8452.23	6279.442
36	19	8430.008	6282.094
36	20	8427.06	6251.479
36	22	8429.984	6399.2246
36	26	8380.981	6268.951
36	31	8396.383	6382.4575
36	32	8374.784	6367.573
36	33	8369.219	6367.349
36	39	8363.633	6361.611
37	1	8426.582	6320.6616
37	2	8426.567	6293.2407
37	3	8430.157	6328.6997
37	4	8416.92	6256.904
37	5	8445.816	6282.815
37	6	8417.024	6272.937
37	7	8426.403	6341.021
37	8	8413.461	6265.3555
37	10	8389.338	6282.6035
37	11	8413.837	6296.39
37	12	8409.756	6249.021
37	13	8429.603	6366.1143
37	14	8397.105	6268.906
37	15	8426.891	6273.774
37	16	8395.631	6265.5376
37	17	8451.816	6279.429
37	19	8429.993	6283.7656
37	20	8427.077	6252.4375
37	22	8429.89	6401.339
37	26	8381.525	6268.952
37	31	8396.383	6382.4575
37	32	8374.784	6367.573
37	33	8369.219	6367.349
37	34	8472.554	6389.2153
37	39	8363.633	6361.611
38	1	8426.587	6322.119
38	2	8426.551	6294.501
38	3	8430.139	6330.3496
38	4	8416.921	6255.7505
38	5	8445.816	6282.815
38	6	8417.04	6271.977
38	7	8426.381	6342.555
38	8	8413.438	6263.713
38	10	8388.365	6282.5176
38	11	8413.846	6295.7065
38	13	8429.595	6367.8496
38	14	8397.105	6268.906
38	15	8426.888	6274.7773
38	16	8395.631	6265.5376
38	17	8451.439	6279.4336
38	19	8429.971	6285.407
38	20	8427.072	6253.467
38	22	8429.815	6403.448
38	31	8396.383	6382.4575
38	32	8374.784	6367.573
38	33	8369.219	6367.349
38	34	8472.554	6389.2153
38	39	8363.633	6361.611
39	1	8426.588	6323.581
39	2	8426.543	6295.7563
39	3	8430.12	6332.0063
39	5	8445.816	6282.815
39	6	8417.064	6270.936
39	7	8426.356	6344.091
39	8	8413.427	6262.0713
39	10	8387.445	6282.437
39	11	8413.857	6294.9707
39	13	8429.604	6369.57
39	14	8397.105	6268.906
39	15	8426.892	6275.766
39	16	8395.631	6265.5376
39	17	8451.141	6279.4287
39	19	8429.957	6287.0933
39	20	8427.125	6254.4854
39	22	8429.728	6405.605
39	31	8396.383	6382.4575
39	32	8374.784	6367.573
39	33	8369.219	6367.349
39	34	8472.554	6389.2153
39	37	8488.04	6383.2183
39	39	8363.633	6361.611
40	1	8426.604	6325.0376
40	2	8426.529	6297.056
40	3	8430.102	6333.6704
40	5	8445.816	6282.815
40	6	8417.048	6269.8936
40	7	8426.334	6345.659
40	8	8413.409	6260.343
40	10	8386.545	6282.375
40	11	8413.863	6294.2373
40	13	8429.611	6371.327
40	14	8397.105	6268.906
40	15	8426.882	6276.7437
40	16	8395.631	6265.5376
40	17	8450.789	6279.43
40	19	8429.9375	6288.794
40	22	8429.632	6407.7393
40	31	8396.383	6382.4575
40	32	8374.784	6367.573
40	33	8369.219	6367.349
40	34	8472.554	6389.2153
40	37	8488.04	6383.2183
40	39	8363.633	6361.611
41	1	8426.612	6326.5117
41	2	8426.52	6298.3438
41	3	8430.085	6335.3423
41	5	8445.816	6282.815
41	6	8417.086	6268.8716
41	7	8426.31	6347.235
41	10	8385.581	6282.2876
41	11	8413.875	6293.4766
41	13	8429.615	6373.111
41	14	8397.105	6268.906
41	15	8426.879	6277.7847
41	17	8450.463	6279.4263
41	19	8429.926	6290.4478
41	22	8429.526	6409.905
41	31	8396.383	6382.4575
41	32	8374.784	6367.573
41	33	8369.219	6367.349
41	35	8368.663	6379.437
41	37	8488.04	6383.2183
41	39	8363.633	6361.611
42	1	8426.626	6327.9844
42	2	8426.512	6299.6313
42	3	8430.066	6337.0215
42	5	8445.816	6282.815
42	6	8417.1	6267.816
42	7	8426.288	6348.84
42	10	8384.68	6282.236
42	11	8413.883	6292.722
42	13	8429.612	6374.8647
42	14	8397.105	6268.906
42	15	8426.88	6278.8125
42	17	8450.18	6279.4287
42	19	8429.918	6292.1797
42	22	8429.439	6412.0425
42	31	8396.383	6382.4575
42	32	8374.784	6367.573
42	33	8369.219	6367.349
42	35	8368.663	6379.437
42	36	8371.7705	6385.074
42	37	8488.04	6383.2183
42	39	8363.633	6361.611
43	1	8426.649	6329.4834
43	2	8426.495	6300.9355
43	3	8430.05	6338.7095
43	5	8445.816	6282.815
43	6	8417.101	6266.74
43	7	8426.263	6350.477
43	11	8413.883	6291.924
43	13	8429.607	6376.635
43	14	8397.105	6268.906
43	15	8426.872	6279.8755
43	17	8449.898	6279.4253
43	19	8429.912	6293.8994
43	22	8429.349	6414.1987
43	31	8396.383	6382.4575
43	32	8374.784	6367.573
43	33	8369.219	6367.349
43	35	8368.663	6379.437
43	36	8371.7705	6385.074
43	37	8488.04	6383.2183
43	39	8363.633	6361.611
44	1	8426.672	6330.999
44	2	8426.4795	6302.243
44	3	8430.032	6340.405
44	5	8445.816	6282.815
44	6	8417.108	6265.5957
44	7	8426.235	6352.1235
44	11	8413.895	6291.127
44	13	8429.61	6378.416
44	15	8426.868	6280.979
44	17	8449.696	6279.412
44	19	8429.9	6295.643
44	22	8429.263	6416.368
44	31	8396.383	6382.4575
44	32	8374.784	6367.573
44	33	8369.219	6367.349
44	34	8472.554	6389.2153
44	35	8368.663	6379.437
44	36	8371.7705	6385.074
44	39	8363.633	6361.611
45	1	8426.693	6332.519
45	2	8426.471	6303.569
45	3	8430.016	6342.107
45	5	8445.816	6282.815
45	7	8426.208	6353.8013
45	11	8413.898	6290.285
45	13	8429.614	6380.221
45	15	8426.857	6282.05
45	17	8449.57	6279.41
45	19	8429.899	6297.3916
45	22	8429.197	6418.5103
45	31	8396.383	6382.4575
45	32	8374.784	6367.573
45	33	8369.219	6367.349
45	34	8472.554	6389.2153
45	35	8368.663	6379.437
45	36	8371.7705	6385.074
45	38	8471.496	6405.1924
45	39	8363.633	6361.611
45	42	8488.792	6388.538
46	1	8426.725	6334.039
46	2	8426.454	6304.91
46	3	8429.999	6343.818
46	5	8445.816	6282.815
46	7	8426.184	6355.499
46	11	8413.912	6289.464
46	13	8429.602	6382.0356
46	15	8426.855	6283.204
46	17	8449.342	6279.422
46	19	8429.891	6299.0894
46	22	8429.139	6420.7056
46	31	8396.383	6382.4575
46	32	8374.784	6367.573
46	33	8369.219	6367.349
46	35	8368.663	6379.437
46	36	8371.7705	6385.074
46	37	8488.04	6383.2183
46	38	8471.496	6405.1924
46	39	8363.633	6361.611
46	42	8488.792	6388.538
47	1	8426.761	6335.5864
47	2	8426.45	6306.266
47	3	8429.985	6345.535
47	5	8445.816	6282.815
47	7	8426.157	6357.206
47	11	8413.931	6288.6274
47	13	8429.594	6383.844
47	15	8426.851	6284.3325
47	17	8449.248	6279.418
47	19	8429.89	6300.8735
47	31	8396.383	6382.4575
47	32	8374.784	6367.573
47	33	8369.219	6367.349
47	34	8472.554	6389.2153
47	35	8368.663	6379.437
47	36	8371.7705	6385.074
47	37	8488.04	6383.2183
47	38	8471.496	6405.1924
47	39	8363.633	6361.611
47	42	8488.792	6388.538
48	1	8426.813	6337.158
48	2	8426.431	6307.639
48	3	8429.97	6347.2593
48	5	8445.816	6282.815
48	7	8426.128	6358.952
48	11	8413.937	6287.7153
48	13	8429.576	6385.6606
48	15	8426.844	6285.475
48	17	8449.028	6279.4307
48	19	8429.89	6302.6035
48	31	8396.383	6382.4575
48	32	8374.784	6367.573
48	33	8369.219	6367.349
48	34	8472.554	6389.2153
48	35	8368.663	6379.437
48	36	8371.7705	6385.074
48	37	8488.04	6383.2183
48	38	8471.496	6405.1924
48	39	8363.633	6361.611
48	42	8488.792	6388.538
48	59	8469.709	6388.8535
49	1	8426.86	6338.7334
49	2	8426.41	6308.9946
49	3	8429.959	6348.99
49	5	8445.816	6282.815
49	7	8426.096	6360.6978
49	11	8413.955	6286.841
49	13	8429.557	6387.479
49	15	8426.844	6286.656
49	17	8448.932	6279.4395
49	19	8429.892	6304.368
49	31	8396.383	6382.4575
49	32	8374.784	6367.573
49	33	8369.219	6367.349
49	34	8472.554	6389.2153
49	35	8368.663	6379.437
49	36	8371.7705	6385.074
49	38	8471.496	6405.1924
49	39	8363.633	6361.611
49	44	8360.857	6380.0166
49	59	8469.985	6388.833
50	1	8426.917	6340.3193
50	2	8426.4	6310.388
50	3	8429.948	6350.7266
50	5	8445.816	6282.815
50	7	8426.066	6362.497
50	11	8413.972	6285.9204
50	13	8429.542	6389.2974
50	15	8426.833	6287.8003
50	19	8429.893	6306.136
50	31	8396.383	6382.4575
50	32	8374.784	6367.573
50	33	8369.219	6367.349
50	34	8472.554	6389.2153
50	35	8368.663	6379.437
50	36	8371.7705	6385.074
50	37	8488.04	6383.2183
50	38	8471.496	6405.1924
50	39	8363.633	6361.611
50	42	8488.792	6388.538
50	44	8360.857	6380.0166
50	59	8469.891	6388.9
51	1	8426.973	6341.932
51	2	8426.398	6311.7803
51	3	8429.939	6352.469
51	5	8445.816	6282.815
51	7	8426.037	6364.283
51	11	8413.961	6284.982
51	13	8429.525	6391.1196
51	15	8426.824	6288.9805
51	19	8429.889	6307.922
51	31	8396.383	6382.4575
51	32	8374.784	6367.573
51	33	8369.219	6367.349
51	34	8472.554	6389.2153
51	35	8368.663	6379.437
51	36	8371.7705	6385.074
51	37	8488.04	6383.2183
51	38	8471.496	6405.1924
51	39	8363.633	6361.611
51	42	8488.792	6388.538
51	44	8360.857	6380.0166
51	59	8469.929	6388.9062
52	1	8427.029	6343.552
52	2	8426.38	6313.171
52	3	8429.932	6354.2163
52	5	8445.816	6282.815
52	7	8426.002	6366.1035
52	11	8413.985	6284.0073
52	13	8429.506	6392.9478
52	15	8426.823	6290.164
52	19	8429.888	6309.702
52	31	8396.383	6382.4575
52	32	8374.784	6367.573
52	33	8369.219	6367.349
52	34	8472.554	6389.2153
52	35	8368.663	6379.437
52	36	8371.7705	6385.074
52	37	8488.04	6383.2183
52	38	8471.496	6405.1924
52	39	8363.633	6361.611
52	40	8360.431	6386.5117
52	41	8368.704	6398.383
52	42	8488.792	6388.538
52	44	8360.857	6380.0166
52	59	8470.3545	6388.8213
53	1	8427.086	6345.195
53	2	8426.379	6314.603
53	3	8429.925	6355.967
53	5	8445.816	6282.815
53	7	8425.976	6367.955
53	11	8413.965	6283.0586
53	13	8429.482	6394.7734
53	15	8426.81	6291.381
53	19	8429.894	6311.475
53	31	8396.383	6382.4575
53	32	8374.784	6367.573
53	33	8369.219	6367.349
53	34	8472.554	6389.2153
53	35	8368.663	6379.437
53	36	8371.7705	6385.074
53	37	8488.04	6383.2183
53	38	8471.496	6405.1924
53	39	8363.633	6361.611
53	40	8360.431	6386.5117
53	41	8368.704	6398.383
53	42	8488.792	6388.538
53	43	8357.899	6380.6143
53	59	8469.969	6388.951
54	1	8427.149	6346.8604
54	2	8426.3545	6316.0166
54	3	8429.916	6357.7227
54	7	8425.9375	6369.8237
54	11	8413.975	6282.0845
54	13	8429.464	6396.626
54	15	8426.807	6292.594
54	19	8429.894	6313.2715
54	31	8396.383	6382.4575
54	32	8374.784	6367.573
54	33	8369.219	6367.349
54	34	8472.554	6389.2153
54	35	8368.663	6379.437
54	36	8371.7705	6385.074
54	37	8488.04	6383.2183
54	38	8471.496	6405.1924
54	39	8363.633	6361.611
54	40	8360.431	6386.5117
54	41	8368.704	6398.383
54	42	8488.792	6388.538
54	43	8357.899	6380.6143
54	44	8360.857	6380.0166
54	46	8502.744	6382.059
55	1	8427.203	6348.5347
55	2	8426.343	6317.4424
55	3	8429.906	6359.483
55	7	8425.903	6371.689
55	13	8429.449	6398.4917
55	15	8426.792	6293.8525
55	19	8429.905	6315.0566
55	31	8396.383	6382.4575
55	32	8374.784	6367.573
55	33	8369.219	6367.349
55	34	8472.554	6389.2153
55	35	8368.663	6379.437
55	36	8371.7705	6385.074
55	37	8488.04	6383.2183
55	38	8471.496	6405.1924
55	39	8363.633	6361.611
55	40	8360.431	6386.5117
55	41	8368.704	6398.383
55	42	8488.792	6388.538
55	43	8357.899	6380.6143
55	44	8360.857	6380.0166
55	46	8502.744	6382.059
55	51	8360.844	6368.3477
55	59	8469.988	6388.882
56	1	8427.26	6350.2144
56	2	8426.333	6318.918
56	3	8429.894	6361.246
56	7	8425.872	6373.5703
56	13	8429.423	6400.3467
56	15	8426.78	6295.1357
56	19	8429.924	6316.861
56	31	8396.383	6382.4575
56	32	8374.784	6367.573
56	33	8369.219	6367.349
56	34	8472.554	6389.2153
56	35	8368.663	6379.437
56	36	8371.7705	6385.074
56	37	8488.04	6383.2183
56	38	8471.496	6405.1924
56	39	8363.633	6361.611
56	40	8360.431	6386.5117
56	41	8368.704	6398.383
56	42	8488.792	6388.538
56	43	8357.899	6380.6143
56	44	8360.857	6380.0166
56	46	8502.744	6382.059
57	1	8427.321	6351.9126
57	2	8426.335	6320.3765
57	3	8429.882	6363.013
57	7	8425.835	6375.465
57	13	8429.395	6402.2173
57	15	8426.7705	6296.4365
57	19	8429.945	6318.693
57	31	8396.383	6382.4575
57	32	8374.784	6367.573
57	33	8369.219	6367.349
57	34	8472.554	6389.2153
57	35	8368.663	6379.437
57	36	8371.7705	6385.074
57	37	8488.04	6383.2183
57	38	8471.496	6405.1924
57	39	8363.633	6361.611
57	40	8360.431	6386.5117
57	42	8488.792	6388.538
57	43	8357.899	6380.6143
57	44	8360.857	6380.0166
57	46	8502.744	6382.059
57	59	8470.077	6388.9434
58	1	8427.38	6353.6206
58	2	8426.321	6321.855
58	3	8429.869	6364.7827
58	7	8425.805	6377.3774
58	13	8429.3545	6404.079
58	15	8426.758	6297.7676
58	19	8429.97	6320.494
58	31	8396.383	6382.4575
58	32	8374.784	6367.573
58	33	8369.219	6367.349
58	34	8472.554	6389.2153
58	35	8368.663	6379.437
58	36	8371.7705	6385.074
58	37	8488.04	6383.2183
58	38	8471.496	6405.1924
58	39	8363.633	6361.611
58	40	8360.431	6386.5117
58	42	8488.792	6388.538
58	43	8357.899	6380.6143
58	44	8360.857	6380.0166
58	46	8502.744	6382.059
59	1	8427.437	6355.352
59	2	8426.307	6323.3384
59	3	8429.86	6366.557
59	7	8425.77	6379.28
59	13	8429.329	6405.958
59	15	8426.762	6299.0757
59	19	8429.981	6322.3057
59	31	8396.383	6382.4575
59	32	8374.784	6367.573
59	33	8369.219	6367.349
59	34	8472.554	6389.2153
59	35	8368.663	6379.437
59	36	8371.7705	6385.074
59	37	8488.04	6383.2183
59	38	8471.496	6405.1924
59	39	8363.633	6361.611
59	40	8360.431	6386.5117
59	41	8368.704	6398.383
59	42	8488.792	6388.538
59	43	8357.899	6380.6143
59	44	8360.857	6380.0166
59	46	8502.744	6382.059
60	1	8427.496	6357.1025
60	2	8426.298	6324.8276
60	3	8429.855	6368.3345
60	7	8425.731	6381.186
60	13	8429.292	6407.8154
60	15	8426.741	6300.3477
60	19	8429.993	6324.155
60	31	8396.383	6382.4575
60	32	8374.784	6367.573
60	33	8369.219	6367.349
60	34	8472.554	6389.2153
60	35	8368.663	6379.437
60	36	8371.7705	6385.074
60	37	8488.04	6383.2183
60	38	8471.496	6405.1924
60	39	8363.633	6361.611
60	40	8360.431	6386.5117
60	41	8368.704	6398.383
60	42	8488.792	6388.538
60	43	8357.899	6380.6143
60	44	8360.857	6380.0166
60	46	8502.744	6382.059
60	48	8357.681	6386.5303
61	1	8427.546	6358.849
61	2	8426.29	6326.3174
61	3	8429.8545	6370.114
61	7	8425.699	6383.0938
61	13	8429.254	6409.702
61	15	8426.737	6301.6885
61	19	8429.997	6325.9673
61	31	8396.383	6382.4575
61	32	8374.784	6367.573
61	33	8369.219	6367.349
61	34	8472.554	6389.2153
61	35	8368.663	6379.437
61	36	8371.7705	6385.074
61	37	8488.04	6383.2183
61	38	8471.496	6405.1924
61	39	8363.633	6361.611
61	40	8360.431	6386.5117
61	41	8368.704	6398.383
61	42	8488.792	6388.538
61	43	8357.899	6380.6143
61	44	8360.857	6380.0166
61	46	8502.744	6382.059
61	48	8357.681	6386.5303
61	49	8366.201	6368.186
62	1	8427.609	6360.6265
62	2	8426.262	6327.8223
62	3	8429.856	6371.896
62	7	8425.67	6384.9863
62	13	8429.217	6411.569
62	15	8426.732	6303.0312
62	19	8430.015	6327.839
62	31	8396.383	6382.4575
62	32	8374.784	6367.573
62	33	8369.219	6367.349
62	34	8472.554	6389.2153
62	35	8368.663	6379.437
62	36	8371.7705	6385.074
62	37	8488.04	6383.2183
62	38	8471.496	6405.1924
62	39	8363.633	6361.611
62	40	8360.431	6386.5117
62	41	8368.704	6398.383
62	42	8488.792	6388.538
62	43	8357.899	6380.6143
62	44	8360.857	6380.0166
62	46	8502.744	6382.059
62	48	8357.681	6386.5303
62	49	8366.201	6368.186
62	50	8494.172	6405.731
62	51	8360.844	6368.3477
63	1	8427.678	6362.4277
63	2	8426.264	6329.3486
63	3	8429.86	6373.681
63	7	8425.641	6386.87
63	13	8429.185	6413.4556
63	15	8426.72	6304.4004
63	19	8430.018	6329.678
63	31	8396.383	6382.4575
63	32	8374.784	6367.573
63	33	8369.219	6367.349
63	34	8472.554	6389.2153
63	35	8368.663	6379.437
63	36	8371.7705	6385.074
63	37	8488.04	6383.2183
63	38	8471.496	6405.1924
63	39	8363.633	6361.611
63	40	8360.431	6386.5117
63	41	8368.704	6398.383
63	42	8488.792	6388.538
63	43	8357.899	6380.6143
63	44	8360.857	6380.0166
63	45	8357.825	6397.794
63	46	8502.744	6382.059
63	49	8366.201	6368.186
63	50	8494.156	6405.5938
63	51	8360.844	6368.3477
64	1	8427.73	6364.2065
64	2	8426.252	6330.886
64	3	8429.865	6375.469
64	7	8425.609	6388.758
64	13	8429.149	6415.353
64	15	8426.707	6305.762
64	19	8430.02	6331.526
64	31	8396.383	6382.4575
64	32	8374.784	6367.573
64	33	8369.219	6367.349
64	34	8472.554	6389.2153
64	35	8368.663	6379.437
64	36	8371.7705	6385.074
64	37	8488.04	6383.2183
64	38	8471.496	6405.1924
64	39	8363.633	6361.611
64	40	8360.431	6386.5117
64	41	8368.704	6398.383
64	42	8488.792	6388.538
64	43	8357.899	6380.6143
64	44	8360.857	6380.0166
64	45	8357.825	6397.794
64	46	8502.744	6382.059
64	48	8357.681	6386.5303
64	49	8366.201	6368.186
64	51	8360.844	6368.3477
65	1	8427.788	6365.9927
65	2	8426.246	6332.4263
65	3	8429.866	6377.26
65	7	8425.581	6390.646
65	13	8429.116	6417.244
65	15	8426.692	6307.19
65	19	8430.022	6333.348
65	31	8396.383	6382.4575
65	32	8374.784	6367.573
65	33	8369.219	6367.349
65	34	8472.554	6389.2153
65	35	8368.663	6379.437
65	36	8371.7705	6385.074
65	37	8488.04	6383.2183
65	38	8471.496	6405.1924
65	39	8363.633	6361.611
65	40	8360.431	6386.5117
65	41	8368.704	6398.383
65	42	8488.792	6388.538
65	43	8357.899	6380.6143
65	44	8360.857	6380.0166
65	45	8357.825	6397.794
65	46	8502.744	6382.059
65	48	8357.681	6386.5303
65	49	8366.201	6368.186
65	51	8360.844	6368.3477
66	1	8427.843	6367.8037
66	2	8426.244	6333.9756
66	3	8429.864	6379.0527
66	7	8425.547	6392.528
66	13	8429.078	6419.159
66	15	8426.686	6308.626
66	19	8430.026	6335.169
66	31	8396.383	6382.4575
66	32	8374.784	6367.573
66	33	8369.219	6367.349
66	34	8472.554	6389.2153
66	35	8368.663	6379.437
66	36	8371.7705	6385.074
66	37	8488.04	6383.2183
66	38	8471.496	6405.1924
66	39	8363.633	6361.611
66	40	8360.431	6386.5117
66	41	8368.704	6398.383
66	42	8488.792	6388.538
66	43	8357.899	6380.6143
66	44	8360.857	6380.0166
66	45	8357.825	6397.794
66	46	8502.744	6382.059
66	48	8357.681	6386.5303
66	49	8366.201	6368.186
66	51	8360.844	6368.3477
67	1	8427.896	6369.61
67	2	8426.255	6335.5605
67	3	8429.859	6380.849
67	7	8425.5205	6394.4277
67	13	8429.05	6421.0796
67	15	8426.714	6310.0464
67	19	8430.025	6337.003
67	31	8396.383	6382.4575
67	32	8374.784	6367.573
67	33	8369.219	6367.349
67	34	8472.554	6389.2153
67	35	8368.663	6379.437
67	36	8371.7705	6385.074
67	37	8488.04	6383.2183
67	38	8471.496	6405.1924
67	39	8363.633	6361.611
67	40	8360.431	6386.5117
67	41	8368.704	6398.383
67	42	8488.792	6388.538
67	43	8357.899	6380.6143
67	44	8360.857	6380.0166
67	45	8357.825	6397.794
67	46	8502.744	6382.059
67	47	8357.617	6404.7627
67	48	8357.681	6386.5303
67	49	8366.201	6368.186
67	50	8494.108	6405.088
67	51	8360.844	6368.3477
68	1	8427.946	6371.43
68	2	8426.2295	6337.0913
68	3	8429.851	6382.6494
68	7	8425.486	6396.32
68	13	8429.004	6422.9995
68	15	8426.709	6311.482
68	19	8430.019	6338.8193
68	31	8396.383	6382.4575
68	32	8374.784	6367.573
68	33	8369.219	6367.349
68	34	8472.554	6389.2153
68	35	8368.663	6379.437
68	36	8371.7705	6385.074
68	37	8488.04	6383.2183
68	38	8471.496	6405.1924
68	39	8363.633	6361.611
68	40	8360.431	6386.5117
68	41	8368.704	6398.383
68	42	8488.792	6388.538
68	43	8357.899	6380.6143
68	44	8360.857	6380.0166
68	45	8357.825	6397.794
68	46	8502.744	6382.059
68	47	8357.617	6404.7627
68	48	8357.681	6386.5303
68	49	8366.201	6368.186
68	50	8494.095	6404.959
68	51	8360.844	6368.3477
69	1	8428.0	6373.2466
69	2	8426.221	6338.6846
69	3	8429.839	6384.4546
69	7	8425.457	6398.197
69	13	8428.959	6424.9424
69	15	8426.699	6312.9277
69	19	8430.014	6340.685
69	31	8396.383	6382.4575
69	32	8374.784	6367.573
69	33	8369.219	6367.349
69	34	8472.554	6389.2153
69	35	8368.663	6379.437
69	36	8371.7705	6385.074
69	37	8488.04	6383.2183
69	38	8471.496	6405.1924
69	39	8363.633	6361.611
69	40	8360.431	6386.5117
69	41	8368.704	6398.383
69	42	8488.792	6388.538
69	43	8357.899	6380.6143
69	44	8360.857	6380.0166
69	45	8357.825	6397.794
69	46	8502.744	6382.059
69	47	8357.617	6404.7627
69	48	8357.681	6386.5303
69	49	8366.201	6368.186
69	50	8494.092	6404.8154
69	51	8360.844	6368.3477
69	52	8489.364	6431.939
69	53	8355.136	6398.041
70	1	8428.036	6375.0635
70	2	8426.202	6340.2627
70	3	8429.823	6386.2646
70	7	8425.429	6400.0923
70	13	8428.922	6426.872
70	15	8426.677	6314.415
70	19	8430.008	6342.5215
70	31	8396.383	6382.4575
70	32	8374.784	6367.573
70	33	8369.219	6367.349
70	34	8472.554	6389.2153
70	35	8368.663	6379.437
70	36	8371.7705	6385.074
70	37	8488.04	6383.2183
70	38	8471.496	6405.1924
70	39	8363.633	6361.611
70	40	8360.431	6386.5117
70	41	8368.704	6398.383
70	42	8488.792	6388.538
70	43	8357.899	6380.6143
70	44	8360.857	6380.0166
70	45	8357.825	6397.794
70	46	8502.744	6382.059
70	47	8357.617	6404.7627
70	48	8357.681	6386.5303
70	49	8366.201	6368.186
70	51	8360.844	6368.3477
70	53	8355.136	6398.041
71	1	8428.073	6376.864
71	2	8426.192	6341.8423
71	3	8429.803	6388.08
71	7	8425.3955	6401.9834
71	13	8428.882	6428.825
71	15	8426.695	6315.9043
71	19	8430.01	6344.3486
71	31	8396.383	6382.4575
71	32	8374.784	6367.573
71	33	8369.219	6367.349
71	34	8472.554	6389.2153
71	35	8368.663	6379.437
71	36	8371.7705	6385.074
71	37	8488.04	6383.2183
71	38	8471.496	6405.1924
71	39	8363.633	6361.611
71	40	8360.431	6386.5117
71	41	8368.704	6398.383
71	42	8488.792	6388.538
71	43	8357.899	6380.6143
71	45	8357.825	6397.794
71	46	8502.744	6382.059
71	47	8357.617	6404.7627
71	48	8357.681	6386.5303
71	49	8366.201	6368.186
71	50	8494.084	6404.546
71	51	8360.844	6368.3477
71	52	8489.364	6431.939
71	53	8355.136	6398.041
72	1	8428.111	6378.6875
72	2	8426.19	6343.4653
72	3	8429.778	6389.901
72	7	8425.372	6403.861
72	13	8428.845	6430.7617
72	15	8426.689	6317.4204
72	19	8430.018	6346.19
72	31	8396.383	6382.4575
72	32	8374.784	6367.573
72	33	8369.219	6367.349
72	34	8472.554	6389.2153
72	35	8368.663	6379.437
72	36	8371.7705	6385.074
72	37	8488.04	6383.2183
72	38	8471.496	6405.1924
72	39	8363.633	6361.611
72	40	8360.431	6386.5117
72	41	8368.704	6398.383
72	42	8488.792	6388.538
72	43	8357.899	6380.6143
72	44	8360.857	6380.0166
72	45	8357.825	6397.794
72	46	8502.744	6382.059
72	47	8357.617	6404.7627
72	48	8357.681	6386.5303
72	49	8366.201	6368.186
72	50	8494.08	6404.417
72	51	8360.844	6368.3477
72	52	8489.364	6431.939
72	53	8355.136	6398.041
73	1	8428.143	6380.5156
73	2	8426.187	6345.073
73	3	8429.749	6391.727
73	7	8425.347	6405.751
73	13	8428.797	6432.707
73	15	8426.7	6318.9565
73	19	8430.017	6347.9985
73	31	8396.383	6382.4575
73	32	8374.784	6367.573
73	33	8369.219	6367.349
73	34	8472.554	6389.2153
73	35	8368.663	6379.437
73	36	8371.7705	6385.074
73	37	8488.04	6383.2183
73	38	8471.496	6405.1924
73	39	8363.633	6361.611
73	40	8360.431	6386.5117
73	41	8368.704	6398.383
73	42	8488.792	6388.538
73	43	8357.899	6380.6143
73	44	8360.857	6380.0166
73	45	8357.825	6397.794
73	46	8502.744	6382.059
73	47	8357.617	6404.7627
73	48	8357.681	6386.5303
73	49	8366.201	6368.186
73	50	8494.07	6404.281
73	51	8360.844	6368.3477
73	52	8489.364	6431.939
73	53	8355.136	6398.041
74	1	8428.165	6382.338
74	2	8426.171	6346.7183
74	3	8429.717	6393.5625
74	7	8425.317	6407.62
74	13	8428.745	6434.649
74	15	8426.69	6320.4414
74	19	8430.015	6349.8257
74	31	8396.383	6382.4575
74	32	8374.784	6367.573
74	33	8369.219	6367.349
74	34	8472.554	6389.2153
74	35	8368.663	6379.437
74	36	8371.7705	6385.074
74	37	8488.04	6383.2183
74	38	8471.496	6405.1924
74	39	8363.633	6361.611
74	40	8360.431	6386.5117
74	41	8368.704	6398.383
74	42	8488.792	6388.538
74	43	8357.899	6380.6143
74	44	8360.857	6380.0166
74	45	8357.825	6397.794
74	46	8502.744	6382.059
74	47	8357.617	6404.7627
74	48	8357.681	6386.5303
74	49	8366.201	6368.186
74	50	8494.061	6404.1577
74	51	8360.844	6368.3477
74	52	8489.364	6431.939
74	53	8355.136	6398.041
75	1	8428.185	6384.1772
75	2	8426.154	6348.346
75	3	8429.681	6395.4067
75	7	8425.294	6409.516
75	13	8428.685	6436.6675
75	15	8426.707	6321.9863
75	19	8430.015	6351.68
75	31	8396.383	6382.4575
75	32	8374.784	6367.573
75	33	8369.219	6367.349
75	34	8472.554	6389.2153
75	35	8368.663	6379.437
75	36	8371.7705	6385.074
75	37	8488.04	6383.2183
75	38	8471.496	6405.1924
75	39	8363.633	6361.611
75	40	8360.431	6386.5117
75	41	8368.704	6398.383
75	42	8488.792	6388.538
75	43	8357.899	6380.6143
75	44	8360.857	6380.0166
75	45	8357.825	6397.794
75	46	8502.744	6382.059
75	47	8357.617	6404.7627
75	48	8357.681	6386.5303
75	50	8494.0625	6404.0396
75	53	8355.136	6398.041
76	1	8428.198	6385.996
76	2	8426.135	6349.971
76	3	8429.643	6397.2593
76	7	8425.267	6411.4185
76	13	8428.647	6438.612
76	15	8426.683	6323.5547
76	19	8430.01	6353.5127
76	31	8396.383	6382.4575
76	32	8374.784	6367.573
76	33	8369.219	6367.349
76	34	8472.554	6389.2153
76	35	8368.663	6379.437
76	36	8371.7705	6385.074
76	37	8488.04	6383.2183
76	38	8471.496	6405.1924
76	40	8360.431	6386.5117
76	41	8368.704	6398.383
76	42	8488.792	6388.538
76	43	8357.899	6380.6143
76	44	8360.857	6380.0166
76	45	8357.825	6397.794
76	46	8502.744	6382.059
76	47	8357.617	6404.7627
76	48	8357.681	6386.5303
76	50	8494.093	6403.9033
76	51	8360.844	6368.3477
76	52	8489.364	6431.939
76	53	8355.136	6398.041
77	1	8428.211	6387.83
77	2	8426.125	6351.6016
77	3	8429.604	6399.119
77	7	8425.236	6413.3315
77	13	8428.61	6440.6064
77	15	8426.684	6325.101
77	19	8430.001	6355.351
77	31	8396.383	6382.4575
77	32	8374.784	6367.573
77	33	8369.219	6367.349
77	34	8472.554	6389.2153
77	35	8368.663	6379.437
77	36	8371.7705	6385.074
77	37	8488.04	6383.2183
77	38	8471.496	6405.1924
77	40	8360.431	6386.5117
77	41	8368.704	6398.383
77	43	8357.899	6380.6143
77	45	8357.825	6397.794
77	46	8502.744	6382.059
77	47	8357.617	6404.7627
77	48	8357.681	6386.5303
77	49	8366.201	6368.186
77	51	8360.844	6368.3477
77	53	8355.136	6398.041
77	54	8420.963	6475.713
78	1	8428.207	6389.6597
78	2	8426.112	6353.282
78	3	8429.562	6400.987
78	7	8425.206	6415.249
78	13	8428.571	6442.567
78	15	8426.677	6326.6943
78	19	8429.998	6357.2163
78	31	8396.383	6382.4575
78	32	8374.784	6367.573
78	33	8369.219	6367.349
78	34	8472.554	6389.2153
78	35	8368.663	6379.437
78	36	8371.7705	6385.074
78	37	8488.04	6383.2183
78	38	8471.496	6405.1924
78	40	8360.431	6386.5117
78	41	8368.704	6398.383
78	43	8357.899	6380.6143
78	47	8357.617	6404.7627
78	48	8357.681	6386.5303
78	49	8366.201	6368.186
78	51	8360.844	6368.3477
78	52	8489.364	6431.939
78	53	8355.136	6398.041
78	54	8420.963	6475.713
78	55	8435.986	6475.3403
78	56	8436.076	6474.7056
78	57	8436.797	6474.7827
79	1	8428.199	6391.5034
79	2	8426.098	6354.931
79	3	8429.519	6402.864
79	7	8425.176	6417.1616
79	13	8428.518	6444.552
79	15	8426.681	6328.273
79	19	8430.003	6359.0483
79	31	8396.383	6382.4575
79	32	8374.784	6367.573
79	33	8369.219	6367.349
79	34	8472.554	6389.2153
79	35	8368.663	6379.437
79	36	8371.7705	6385.074
79	37	8488.04	6383.2183
79	38	8471.496	6405.1924
79	40	8360.431	6386.5117
79	41	8368.704	6398.383
79	43	8357.899	6380.6143
79	47	8357.617	6404.7627
79	48	8357.681	6386.5303
79	49	8366.201	6368.186
79	50	8494.084	6403.5396
79	51	8360.844	6368.3477
79	52	8489.364	6431.939
79	53	8355.136	6398.041
79	54	8420.963	6475.713
79	55	8436.041	6475.2285
79	56	8436.016	6474.301
79	57	8436.808	6474.642
80	1	8428.187	6393.3403
80	2	8426.086	6356.564
80	3	8429.474	6404.7495
80	7	8425.143	6419.1094
80	13	8428.469	6446.56
80	15	8426.679	6329.91
80	19	8430.004	6360.8604
80	31	8396.383	6382.4575
80	32	8374.784	6367.573
80	33	8369.219	6367.349
80	34	8472.554	6389.2153
80	35	8368.663	6379.437
80	36	8371.7705	6385.074
80	37	8488.04	6383.2183
80	38	8471.496	6405.1924
80	40	8360.431	6386.5117
80	41	8368.704	6398.383
80	43	8357.899	6380.6143
80	45	8357.825	6397.794
80	47	8357.617	6404.7627
80	48	8357.681	6386.5303
80	49	8366.201	6368.186
80	50	8494.068	6403.372
80	52	8489.364	6431.939
80	53	8355.136	6398.041
80	54	8420.963	6475.713
80	55	8436.046	6475.067
80	56	8436.045	6474.1577
80	57	8436.844	6474.462
80	58	8488.623	6388.665
81	1	8428.174	6395.178
81	2	8426.083	6358.1987
81	3	8429.427	6406.644
81	7	8425.117	6421.0513
81	13	8428.42	6448.5703
81	15	8426.677	6331.543
81	19	8430.002	6362.728
81	31	8396.383	6382.4575
81	32	8374.784	6367.573
81	33	8369.219	6367.349
81	34	8472.554	6389.2153
81	35	8368.663	6379.437
81	36	8371.7705	6385.074
81	38	8471.496	6405.1924
81	40	8360.431	6386.5117
81	41	8368.704	6398.383
81	45	8357.825	6397.794
81	47	8357.617	6404.7627
81	48	8357.681	6386.5303
81	49	8366.201	6368.186
81	50	8494.064	6403.181
81	52	8489.364	6431.939
81	53	8355.136	6398.041
81	54	8420.963	6475.713
81	55	8436.065	6474.9404
81	56	8436.061	6473.9927
81	57	8436.826	6474.336
81	58	8488.623	6388.665
82	1	8428.151	6397.0415
82	2	8426.06	6359.859
82	3	8429.379	6408.548
82	7	8425.082	6422.9966
82	13	8428.379	6450.5728
82	15	8426.668	6333.1567
82	19	8430.011	6364.568
82	31	8396.383	6382.4575
82	32	8374.784	6367.573
82	33	8369.219	6367.349
82	34	8472.554	6389.2153
82	35	8368.663	6379.437
82	36	8371.7705	6385.074
82	37	8488.04	6383.2183
82	38	8471.496	6405.1924
82	40	8360.431	6386.5117
82	41	8368.704	6398.383
82	45	8357.825	6397.794
82	47	8357.617	6404.7627
82	48	8357.681	6386.5303
82	49	8366.201	6368.186
82	53	8355.136	6398.041
82	54	8420.963	6475.713
82	55	8436.076	6474.809
82	56	8436.084	6473.8438
82	57	8436.849	6474.152
82	58	8488.623	6388.665
83	1	8428.137	6398.894
83	2	8426.044	6361.5254
83	3	8429.33	6410.4585
83	7	8425.05	6424.9478
83	13	8428.344	6452.583
83	15	8426.649	6334.793
83	19	8430.006	6366.367
83	31	8396.383	6382.4575
83	32	8374.784	6367.573
83	33	8369.219	6367.349
83	34	8472.554	6389.2153
83	35	8368.663	6379.437
83	36	8371.7705	6385.074
83	37	8488.04	6383.2183
83	38	8471.496	6405.1924
83	40	8360.431	6386.5117
83	41	8368.704	6398.383
83	45	8357.825	6397.794
83	47	8357.617	6404.7627
83	48	8357.681	6386.5303
83	49	8366.201	6368.186
83	50	8494.084	6403.0176
83	52	8489.364	6431.939
83	53	8355.136	6398.041
83	54	8420.963	6475.713
83	55	8436.092	6474.6665
83	56	8436.112	6473.6743
83	57	8436.809	6474.013
83	58	8488.623	6388.665
84	1	8428.112	6400.7627
84	2	8426.021	6363.1772
84	3	8429.28	6412.3784
84	7	8425.015	6426.899
84	13	8428.305	6454.5747
84	15	8426.632	6336.428
84	19	8430.007	6368.225
84	31	8396.383	6382.4575
84	32	8374.784	6367.573
84	33	8369.219	6367.349
84	34	8472.554	6389.2153
84	35	8368.663	6379.437
84	36	8371.7705	6385.074
84	37	8488.04	6383.2183
84	38	8471.496	6405.1924
84	40	8360.431	6386.5117
84	41	8368.704	6398.383
84	45	8357.825	6397.794
84	47	8357.617	6404.7627
84	48	8357.681	6386.5303
84	49	8366.201	6368.186
84	50	8494.1045	6402.8784
84	52	8489.364	6431.939
84	53	8355.136	6398.041
84	54	8420.963	6475.713
84	55	8436.111	6474.5435
84	56	8436.11	6473.49
84	57	8436.815	6473.822
84	58	8488.623	6388.665
85	1	8428.084	6402.631
85	2	8425.996	6364.8564
85	3	8429.23	6414.306
85	7	8424.982	6428.8706
85	13	8428.252	6456.5933
85	15	8426.624	6338.119
85	19	8430.019	6370.048
85	31	8396.383	6382.4575
85	32	8374.784	6367.573
85	33	8369.219	6367.349
85	34	8472.554	6389.2153
85	35	8368.663	6379.437
85	36	8371.7705	6385.074
85	37	8488.04	6383.2183
85	38	8471.496	6405.1924
85	40	8360.431	6386.5117
85	41	8368.704	6398.383
85	45	8357.825	6397.794
85	47	8357.617	6404.7627
85	50	8494.086	6402.753
85	52	8489.364	6431.939
85	54	8420.963	6475.713
85	55	8436.127	6474.365
85	56	8436.11	6473.2617
85	57	8436.829	6473.671
85	58	8488.623	6388.665
86	1	8428.053	6404.499
86	2	8425.9795	6366.5127
86	3	8429.179	6416.242
86	7	8424.949	6430.853
86	13	8428.206	6458.601
86	15	8426.615	6339.7476
86	19	8430.017	6371.8755
86	31	8396.383	6382.4575
86	32	8374.784	6367.573
86	33	8369.219	6367.349
86	34	8472.554	6389.2153
86	35	8368.663	6379.437
86	36	8371.7705	6385.074
86	37	8488.04	6383.2183
86	38	8471.496	6405.1924
86	40	8360.431	6386.5117
86	41	8368.704	6398.383
86	47	8357.617	6404.7627
86	50	8494.114	6402.615
86	52	8489.364	6431.939
86	53	8355.136	6398.041
86	54	8420.963	6475.713
86	55	8436.134	6474.235
86	56	8436.117	6473.1
86	57	8436.823	6473.516
86	58	8488.623	6388.665
87	1	8428.022	6406.381
87	2	8425.956	6368.192
87	3	8429.128	6418.185
87	7	8424.907	6432.879
87	13	8428.16	6460.614
87	15	8426.601	6341.402
87	19	8430.021	6373.7393
87	31	8396.383	6382.4575
87	32	8374.784	6367.573
87	34	8472.554	6389.2153
87	35	8368.663	6379.437
87	36	8371.7705	6385.074
87	37	8488.04	6383.2183
87	38	8471.496	6405.1924
87	40	8360.431	6386.5117
87	45	8357.825	6397.794
87	47	8357.617	6404.7627
87	50	8494.096	6402.4614
87	52	8489.364	6431.939
87	54	8420.963	6475.713
87	55	8436.153	6474.0566
87	56	8436.139	6472.8735
87	57	8436.829	6473.363
87	58	8488.623	6388.665
88	1	8427.981	6408.2715
88	2	8425.937	6369.8594
88	3	8429.075	6420.1357
88	7	8424.88	6434.886
88	13	8428.111	6462.6206
88	15	8426.574	6343.0396
88	19	8430.021	6375.599
88	31	8396.383	6382.4575
88	32	8374.784	6367.573
88	34	8472.554	6389.2153
88	35	8368.663	6379.437
88	36	8371.7705	6385.074
88	37	8488.04	6383.2183
88	38	8471.496	6405.1924
88	40	8360.431	6386.5117
88	41	8368.704	6398.383
88	45	8357.825	6397.794
88	47	8357.617	6404.7627
88	50	8494.11	6402.3276
88	52	8489.364	6431.939
88	54	8420.963	6475.713
88	55	8436.1455	6473.885
88	56	8436.115	6472.704
88	57	8436.851	6473.219
88	58	8488.623	6388.665
89	1	8427.943	6410.1655
89	2	8425.916	6371.519
89	3	8429.021	6422.0938
89	7	8424.851	6436.895
89	13	8428.071	6464.6353
89	15	8426.591	6344.677
89	19	8430.025	6377.4375
89	31	8396.383	6382.4575
89	32	8374.784	6367.573
89	34	8472.554	6389.2153
89	35	8368.663	6379.437
89	36	8371.7705	6385.074
89	37	8488.04	6383.2183
89	38	8471.496	6405.1924
89	40	8360.431	6386.5117
89	45	8357.825	6397.794
89	47	8357.617	6404.7627
89	50	8494.105	6402.196
89	52	8489.364	6431.939
89	54	8420.963	6475.713
89	55	8436.125	6473.668
89	56	8436.127	6472.53
89	57	8436.831	6473.044
89	58	8488.623	6388.665
90	1	8427.899	6412.055
90	2	8425.891	6373.218
90	3	8428.972	6424.0586
90	7	8424.809	6438.945
90	13	8428.03	6466.6675
90	15	8426.58	6346.3877
90	19	8430.03	6379.2485
90	31	8396.383	6382.4575
90	34	8472.554	6389.2153
90	35	8368.663	6379.437
90	36	8371.7705	6385.074
90	37	8488.04	6383.2183
90	38	8471.496	6405.1924
90	41	8368.704	6398.383
90	45	8357.825	6397.794
90	47	8357.617	6404.7627
90	54	8420.963	6475.713
90	55	8436.155	6473.516
90	56	8436.141	6472.314
90	57	8436.825	6472.878
90	58	8488.623	6388.665
