0	1	13367.446	8185.588
0	2	13360.648	8203.861
0	3	13369.804	8213.3545
0	4	13340.828	8182.5317
0	5	13344.516	8182.4517
0	6	13347.507	8181.779
0	7	13344.934	8189.4575
0	8	13352.33	8183.1465
0	9	13349.966	8191.936
0	10	13352.298	8189.688
0	11	13348.508	8196.031
0	12	13335.188	8132.124
0	13	13337.164	8127.441
0	14	13378.995	8120.9697
0	15	13381.961	8121.263
0	16	13361.361	8111.635
0	17	13359.774	8109.8745
1	1	13367.553	8185.9478
1	2	13360.377	8203.417
1	3	13369.316	8212.484
1	4	13340.828	8182.5312
1	5	13344.499	8182.4077
1	6	13347.513	8181.743
1	7	13344.94	8189.43
1	8	13352.317	8183.149
1	9	13349.931	8191.884
1	10	13352.275	8189.647
1	11	13348.531	8195.988
1	12	13335.205	8132.1323
1	13	13337.236	8127.616
1	14	13378.995	8120.9697
1	15	13381.961	8121.263
1	16	13361.361	8111.635
1	17	13359.774	8109.8745
2	1	13367.648	8186.3623
2	2	13360.13	8202.975
2	3	13368.874	8211.631
2	4	13340.828	8182.5317
2	5	13344.505	8182.3926
2	6	13347.509	8181.75
2	7	13344.932	8189.3955
2	8	13352.335	8183.151
2	9	13349.912	8191.8447
2	10	13352.267	8189.6196
2	11	13348.538	8195.997
2	12	13335.166	8132.082
2	13	13337.342	8127.779
2	14	13378.995	8120.9697
2	15	13381.961	8121.263
2	16	13361.361	8111.635
2	17	13359.774	8109.8745
3	1	13367.76	8186.8687
3	2	13359.862	8202.519
3	3	13368.393	8210.825
3	4	13340.828	8182.5312
3	5	13344.487	8182.357
3	6	13347.504	8181.7505
3	7	13344.92	8189.3735
3	8	13352.322	8183.141
3	9	13349.894	8191.828
3	10	13352.256	8189.605
3	11	13348.555	8196.033
3	12	13335.167	8132.102
3	13	13337.439	8127.9365
3	14	13378.995	8120.9697
3	15	13381.961	8121.263
3	16	13361.361	8111.635
3	17	13359.774	8109.8745
4	1	13367.882	8187.28
4	2	13359.61	8202.088
4	3	13367.926	8210.025
4	4	13340.828	8182.5312
4	5	13344.486	8182.347
4	6	13347.5	8181.7393
4	7	13344.925	8189.3784
4	8	13352.327	8183.149
4	9	13349.888	8191.8296
4	10	13352.253	8189.613
4	11	13348.552	8196.041
4	12	13335.157	8132.083
4	13	13337.522	8128.067
4	14	13378.995	8120.9697
4	15	13381.961	8121.263
4	16	13361.361	8111.635
4	17	13359.774	8109.8745
5	1	13367.99	8187.688
5	2	13359.387	8201.663
5	3	13367.479	8209.21
5	4	13340.828	8182.5312
5	5	13344.502	8182.3564
5	6	13347.495	8181.7124
5	7	13344.924	8189.38
5	8	13352.323	8183.166
5	9	13349.89	8191.841
5	10	13352.251	8189.592
5	11	13348.554	8196.039
5	12	13335.201	8132.132
5	13	13337.596	8128.1816
5	14	13378.995	8120.9697
5	15	13381.961	8121.263
5	16	13361.361	8111.635
5	17	13359.774	8109.8745
6	1	13368.15	8188.1353
6	2	13359.129	8201.246
6	3	13367.046	8208.447
6	4	13340.828	8182.5317
6	5	13344.506	8182.352
6	6	13347.501	8181.719
6	7	13344.934	8189.3906
6	8	13352.322	8183.1724
6	9	13349.891	8191.8364
6	10	13352.249	8189.591
6	11	13348.567	8196.054
6	12	13335.2	8132.1357
6	13	13337.661	8128.3027
6	14	13378.995	8120.9697
6	15	13381.961	8121.263
6	16	13361.361	8111.635
6	17	13359.774	8109.8745
6	18	13384.57	8121.4478
7	1	13368.321	8188.587
7	2	13358.923	8200.872
7	3	13366.601	8207.666
7	4	13340.828	8182.5312
7	5	13344.518	8182.3438
7	6	13347.502	8181.713
7	7	13344.913	8189.3716
7	8	13352.321	8183.1733
7	9	13349.89	8191.835
7	10	13352.247	8189.5854
7	11	13348.572	8196.061
7	12	13335.195	8132.132
7	13	13337.729	8128.4233
7	14	13378.995	8120.9697
7	15	13381.961	8121.263
7	16	13361.361	8111.635
7	17	13359.774	8109.8745
7	18	13384.57	8121.4478
8	1	13368.513	8189.091
8	2	13358.67	8200.439
8	3	13366.176	8206.934
8	4	13340.828	8182.5317
8	5	13344.508	8182.359
8	6	13347.497	8181.7085
8	7	13344.928	8189.384
8	8	13352.319	8183.1772
8	9	13349.888	8191.8325
8	10	13352.249	8189.5854
8	11	13348.585	8196.08
8	12	13335.198	8132.1245
8	13	13337.784	8128.5376
8	14	13378.995	8120.9697
8	15	13381.961	8121.263
8	16	13361.361	8111.635
8	17	13359.774	8109.8745
8	18	13384.57	8121.4478
9	1	13368.703	8189.5547
9	2	13358.454	8200.065
9	3	13365.776	8206.211
9	4	13340.828	8182.5317
9	5	13344.51	8182.3555
9	6	13347.497	8181.712
9	7	13344.929	8189.3774
9	8	13352.32	8183.173
9	9	13349.885	8191.8296
9	10	13352.248	8189.5913
9	11	13348.593	8196.096
9	12	13335.196	8132.125
9	13	13337.833	8128.636
9	14	13378.995	8120.9697
9	15	13381.961	8121.263
9	16	13361.361	8111.635
9	17	13359.774	8109.8745
9	18	13384.57	8121.4478
10	1	13368.905	8190.0396
10	2	13358.279	8199.7295
10	3	13365.364	8205.488
10	4	13340.828	8182.5312
10	5	13344.521	8182.3604
10	6	13347.5	8181.7153
10	7	13344.934	8189.384
10	8	13352.318	8183.1763
10	9	13349.874	8191.814
10	10	13352.238	8189.5737
10	11	13348.603	8196.101
10	12	13335.19	8132.1235
10	13	13337.896	8128.7637
10	14	13378.995	8120.9697
10	15	13381.961	8121.263
10	16	13361.361	8111.635
10	17	13359.774	8109.8745
10	18	13384.57	8121.4478
11	1	13369.116	8190.499
11	2	13358.06	8199.353
11	3	13364.977	8204.806
11	4	13340.828	8182.5312
11	5	13344.519	8182.3657
11	6	13347.489	8181.708
11	7	13344.925	8189.3813
11	8	13352.317	8183.172
11	9	13349.883	8191.8228
11	10	13352.239	8189.5757
11	11	13348.571	8196.058
11	12	13335.191	8132.125
11	13	13337.938	8128.87
11	14	13378.995	8120.9697
11	15	13381.961	8121.263
11	16	13361.361	8111.635
11	17	13359.774	8109.8745
11	18	13384.57	8121.4478
12	1	13369.34	8190.942
12	2	13357.894	8199.037
12	3	13364.608	8204.146
12	4	13340.828	8182.5317
12	5	13344.519	8182.3657
12	6	13347.496	8181.7065
12	7	13344.932	8189.3784
12	8	13352.319	8183.1772
12	9	13349.874	8191.807
12	10	13352.237	8189.5786
12	11	13348.58	8196.084
12	12	13335.185	8132.126
12	13	13337.99	8128.9785
12	14	13378.995	8120.9697
12	15	13381.961	8121.263
12	16	13361.361	8111.635
12	17	13359.774	8109.8745
12	18	13384.57	8121.4478
13	1	13369.582	8191.426
13	2	13357.719	8198.733
13	3	13364.242	8203.514
13	4	13340.828	8182.5312
13	5	13344.524	8182.3623
13	6	13347.497	8181.713
13	7	13344.929	8189.3784
13	8	13352.322	8183.172
13	9	13349.875	8191.816
13	10	13352.236	8189.5776
13	11	13348.567	8196.072
13	12	13335.1875	8132.1313
13	13	13338.053	8129.085
13	14	13378.995	8120.9697
13	15	13381.961	8121.263
13	16	13361.361	8111.635
13	17	13359.774	8109.8745
13	18	13384.57	8121.4478
14	1	13369.84	8191.934
14	2	13357.582	8198.454
14	3	13363.89	8202.88
14	4	13340.828	8182.5312
14	5	13344.527	8182.3467
14	6	13347.495	8181.705
14	7	13344.926	8189.3755
14	8	13352.322	8183.177
14	9	13349.877	8191.818
14	10	13352.239	8189.582
14	11	13348.558	8196.061
14	12	13335.19	8132.126
14	13	13338.112	8129.19
14	14	13378.995	8120.9697
14	15	13381.961	8121.263
14	16	13361.361	8111.635
14	17	13359.774	8109.8745
14	18	13384.57	8121.4478
14	19	13273.093	8148.4946
15	1	13370.106	8192.442
15	2	13357.414	8198.174
15	3	13363.551	8202.279
15	4	13340.828	8182.5317
15	5	13344.514	8182.3604
15	6	13347.491	8181.7114
15	7	13344.924	8189.375
15	8	13352.321	8183.177
15	9	13349.877	8191.815
15	10	13352.241	8189.5737
15	11	13348.561	8196.057
15	12	13335.196	8132.132
15	13	13338.149	8129.2847
15	14	13378.995	8120.9697
15	15	13381.961	8121.263
15	16	13361.361	8111.635
15	17	13359.774	8109.8745
15	18	13384.57	8121.4478
15	19	13274.735	8148.4673
16	1	13370.376	8192.935
16	2	13357.278	8197.943
16	3	13363.228	8201.716
16	4	13340.827	8182.5317
16	5	13344.508	8182.3545
16	6	13347.486	8181.713
16	7	13344.92	8189.371
16	8	13352.322	8183.178
16	9	13349.873	8191.8145
16	10	13352.242	8189.5874
16	11	13348.561	8196.072
16	12	13335.198	8132.1367
16	13	13338.193	8129.376
16	14	13378.995	8120.9697
16	15	13381.961	8121.263
16	16	13361.361	8111.635
16	17	13359.774	8109.8745
16	18	13384.57	8121.4478
16	19	13276.382	8148.4443
17	1	13370.664	8193.457
17	2	13357.162	8197.719
17	3	13362.902	8201.166
17	4	13340.828	8182.5312
17	5	13344.508	8182.356
17	6	13347.497	8181.707
17	7	13344.922	8189.373
17	8	13352.328	8183.183
17	9	13349.877	8191.818
17	10	13352.245	8189.5854
17	11	13348.563	8196.077
17	12	13335.199	8132.1294
17	13	13338.259	8129.45
17	14	13378.995	8120.9697
17	15	13381.961	8121.263
17	16	13361.361	8111.635
17	17	13359.774	8109.8745
17	18	13384.57	8121.4478
17	19	13277.956	8148.4478
18	1	13370.959	8193.986
18	2	13357.03	8197.484
18	3	13362.596	8200.635
18	4	13340.827	8182.5317
18	5	13344.511	8182.3555
18	6	13347.495	8181.7104
18	7	13344.926	8189.373
18	8	13352.328	8183.186
18	9	13349.874	8191.8184
18	10	13352.25	8189.5894
18	11	13348.57	8196.093
18	12	13335.197	8132.1284
18	13	13338.321	8129.5557
18	14	13378.995	8120.9697
18	15	13381.961	8121.263
18	16	13361.361	8111.635
18	17	13359.774	8109.8745
18	18	13384.57	8121.4478
18	19	13279.504	8148.4307
19	1	13371.275	8194.523
19	2	13356.902	8197.288
19	3	13362.307	8200.14
19	4	13340.828	8182.5317
19	5	13344.54	8182.3555
19	6	13347.493	8181.713
19	7	13344.922	8189.369
19	8	13352.328	8183.181
19	9	13349.875	8191.814
19	10	13352.252	8189.5938
19	11	13348.576	8196.099
19	12	13335.197	8132.1313
19	13	13338.362	8129.65
19	14	13378.995	8120.9697
19	15	13381.961	8121.263
19	16	13361.361	8111.635
19	17	13359.774	8109.8745
19	18	13384.57	8121.4478
19	19	13281.026	8148.4
20	1	13371.598	8195.071
20	2	13356.84	8197.128
20	3	13362.036	8199.668
20	4	13340.828	8182.5317
20	5	13344.502	8182.3525
20	6	13347.503	8181.7085
20	7	13344.916	8189.3643
20	8	13352.335	8183.1914
20	9	13349.876	8191.818
20	10	13352.25	8189.589
20	11	13348.58	8196.095
20	12	13335.204	8132.1323
20	13	13338.402	8129.7324
20	14	13378.995	8120.9697
20	15	13381.961	8121.263
20	16	13361.361	8111.635
20	17	13359.774	8109.8745
20	18	13384.57	8121.4478
20	19	13282.485	8148.3955
21	1	13371.945	8195.646
21	2	13356.757	8196.9795
21	3	13361.766	8199.215
21	4	13340.827	8182.5317
21	5	13344.516	8182.363
21	6	13347.493	8181.706
21	7	13344.927	8189.3735
21	8	13352.329	8183.1875
21	9	13349.873	8191.8184
21	10	13352.254	8189.599
21	11	13348.585	8196.095
21	12	13335.207	8132.1274
21	13	13338.449	8129.801
21	14	13378.995	8120.9697
21	15	13381.961	8121.263
21	16	13361.361	8111.635
21	17	13359.774	8109.8745
21	18	13384.57	8121.4478
21	19	13283.902	8148.397
22	1	13372.306	8196.233
22	2	13356.673	8196.832
22	3	13361.52	8198.778
22	4	13340.828	8182.5317
22	5	13344.505	8182.359
22	6	13347.489	8181.7065
22	7	13344.925	8189.3677
22	8	13352.337	8183.187
22	9	13349.87	8191.806
22	10	13352.248	8189.584
22	11	13348.579	8196.08
22	12	13335.212	8132.1323
22	13	13338.472	8129.8657
22	14	13378.995	8120.9697
22	15	13381.961	8121.263
22	16	13361.361	8111.635
22	17	13359.774	8109.8745
22	18	13384.57	8121.4478
22	19	13285.113	8148.3955
23	1	13372.669	8196.804
23	2	13356.602	8196.707
23	3	13361.292	8198.387
23	4	13340.827	8182.5317
23	5	13344.497	8182.3506
23	6	13347.5	8181.7134
23	7	13344.926	8189.373
23	8	13352.325	8183.188
23	9	13349.877	8191.819
23	10	13352.244	8189.5825
23	11	13348.575	8196.072
23	12	13335.21	8132.1284
23	13	13338.518	8129.931
23	14	13378.995	8120.9697
23	15	13381.961	8121.263
23	16	13361.361	8111.635
23	17	13359.774	8109.8745
23	18	13384.57	8121.4478
23	19	13286.578	8148.3853
24	1	13373.032	8197.378
24	2	13356.537	8196.592
24	3	13361.083	8198.021
24	4	13340.827	8182.5317
24	5	13344.508	8182.3506
24	6	13347.497	8181.7085
24	7	13344.935	8189.383
24	8	13352.329	8183.184
24	9	13349.876	8191.8184
24	10	13352.244	8189.581
24	11	13348.568	8196.05
24	12	13335.203	8132.1245
24	13	13338.555	8129.993
24	14	13378.995	8120.9697
24	15	13381.961	8121.263
24	16	13361.361	8111.635
24	17	13359.774	8109.8745
24	18	13384.57	8121.4478
24	19	13287.772	8148.389
25	1	13373.406	8197.963
25	2	13356.495	8196.497
25	3	13360.884	8197.667
25	4	13340.828	8182.5317
25	5	13344.528	8182.345
25	6	13347.494	8181.7075
25	7	13344.919	8189.37
25	8	13352.323	8183.1787
25	9	13349.868	8191.812
25	10	13352.242	8189.5767
25	11	13348.561	8196.037
25	12	13335.202	8132.123
25	13	13338.584	8130.054
25	14	13378.995	8120.9697
25	15	13381.961	8121.263
25	16	13361.361	8111.635
25	17	13359.774	8109.8745
25	18	13384.57	8121.4478
25	19	13288.968	8148.375
26	1	13373.802	8198.582
26	2	13356.436	8196.419
26	3	13360.694	8197.349
26	4	13340.827	8182.5317
26	5	13344.497	8182.355
26	6	13347.498	8181.7124
26	7	13344.922	8189.3726
26	8	13352.323	8183.1807
26	9	13349.873	8191.809
26	10	13352.242	8189.58
26	11	13348.567	8196.044
26	12	13335.201	8132.13
26	13	13338.625	8130.1206
26	14	13378.995	8120.9697
26	15	13381.961	8121.263
26	16	13361.361	8111.635
26	17	13359.774	8109.8745
26	18	13384.57	8121.4478
26	19	13290.051	8148.3394
27	1	13374.202	8199.198
27	2	13356.405	8196.349
27	3	13360.515	8197.005
27	4	13340.828	8182.5317
27	5	13344.498	8182.347
27	6	13347.495	8181.7095
27	7	13344.929	8189.375
27	8	13352.322	8183.177
27	9	13349.873	8191.8154
27	10	13352.242	8189.5786
27	11	13348.567	8196.058
27	12	13335.196	8132.135
27	13	13338.64	8130.176
27	14	13378.995	8120.9697
27	15	13381.961	8121.263
27	16	13361.361	8111.635
27	17	13359.774	8109.8745
27	18	13384.57	8121.4478
27	19	13291.17	8148.333
28	1	13374.62	8199.831
28	2	13356.377	8196.299
28	3	13360.336	8196.6875
28	4	13340.827	8182.5317
28	5	13344.516	8182.3516
28	6	13347.501	8181.711
28	7	13344.913	8189.3555
28	8	13352.322	8183.1787
28	9	13349.876	8191.8154
28	10	13352.24	8189.583
28	11	13348.576	8196.069
28	12	13335.2	8132.136
28	13	13338.678	8130.235
28	14	13378.995	8120.9697
28	15	13381.961	8121.263
28	16	13361.361	8111.635
28	17	13359.774	8109.8745
28	18	13384.57	8121.4478
28	19	13292.174	8148.3257
29	1	13375.036	8200.444
29	2	13356.357	8196.264
29	3	13360.151	8196.376
29	4	13340.828	8182.5317
29	5	13344.504	8182.3447
29	6	13347.496	8181.707
29	7	13344.917	8189.3613
29	8	13352.328	8183.183
29	9	13349.876	8191.815
29	10	13352.236	8189.5757
29	11	13348.581	8196.074
29	12	13335.206	8132.1455
29	13	13338.706	8130.283
29	14	13378.995	8120.9697
29	15	13381.961	8121.263
29	16	13361.361	8111.635
29	17	13359.774	8109.8745
29	18	13384.57	8121.4478
29	19	13293.147	8148.3115
30	1	13375.458	8201.102
30	2	13356.323	8196.24
30	3	13359.986	8196.084
30	4	13340.828	8182.5317
30	5	13344.533	8182.339
30	6	13347.479	8181.7095
30	7	13344.908	8189.352
30	8	13352.324	8183.182
30	9	13349.871	8191.812
30	10	13352.238	8189.576
30	11	13348.584	8196.086
30	12	13335.207	8132.1475
30	13	13338.722	8130.3223
30	14	13378.995	8120.9697
30	15	13381.961	8121.263
30	16	13361.361	8111.635
30	17	13359.774	8109.8745
30	18	13384.57	8121.4478
30	19	13294.055	8148.3076
31	1	13375.918	8201.798
31	2	13356.33	8196.215
31	3	13359.833	8195.814
31	4	13340.828	8182.5317
31	5	13344.5	8182.3477
31	6	13347.495	8181.708
31	7	13344.914	8189.354
31	8	13352.324	8183.181
31	9	13349.862	8191.7974
31	10	13352.236	8189.571
31	11	13348.581	8196.09
31	12	13335.201	8132.15
31	13	13338.734	8130.3525
31	14	13378.995	8120.9697
31	15	13381.961	8121.263
31	16	13361.361	8111.635
31	17	13359.774	8109.8745
31	18	13384.57	8121.4478
31	19	13294.916	8148.3027
32	1	13376.379	8202.476
32	2	13356.309	8196.1875
32	3	13359.685	8195.562
32	4	13340.828	8182.5317
32	5	13344.505	8182.3477
32	6	13347.496	8181.7056
32	7	13344.906	8189.3438
32	8	13352.334	8183.1836
32	9	13349.881	8191.82
32	10	13352.233	8189.5693
32	11	13348.579	8196.079
32	12	13335.206	8132.1416
32	13	13338.756	8130.3955
32	14	13378.995	8120.9697
32	15	13381.961	8121.263
32	16	13361.361	8111.635
32	17	13359.774	8109.8745
32	18	13384.57	8121.4478
32	19	13295.712	8148.3
33	1	13376.828	8203.155
33	2	13356.3	8196.171
33	3	13359.534	8195.309
33	4	13340.827	8182.5317
33	5	13344.509	8182.353
33	6	13347.497	8181.708
33	7	13344.918	8189.362
33	8	13352.33	8183.1797
33	9	13349.879	8191.821
33	10	13352.243	8189.5815
33	11	13348.574	8196.0625
33	12	13335.202	8132.1396
33	13	13338.769	8130.429
33	14	13378.995	8120.9697
33	15	13381.961	8121.263
33	16	13361.361	8111.635
33	17	13359.774	8109.8745
33	18	13384.57	8121.4478
33	19	13296.466	8148.2817
34	1	13377.311	8203.883
34	2	13356.296	8196.163
34	3	13359.386	8195.058
34	4	13340.827	8182.5317
34	5	13344.501	8182.3438
34	6	13347.494	8181.7065
34	7	13344.928	8189.369
34	8	13352.332	8183.1807
34	9	13349.874	8191.8184
34	10	13352.237	8189.5767
34	11	13348.564	8196.068
34	12	13335.201	8132.136
34	13	13338.786	8130.463
34	14	13378.995	8120.9697
34	15	13381.961	8121.263
34	16	13361.361	8111.635
34	17	13359.774	8109.8745
34	18	13384.57	8121.4478
34	19	13297.138	8148.279
35	1	13377.794	8204.62
35	2	13356.282	8196.152
35	3	13359.253	8194.822
35	4	13340.828	8182.5317
35	5	13344.509	8182.3335
35	6	13347.501	8181.7163
35	7	13344.913	8189.357
35	8	13352.324	8183.1753
35	9	13349.876	8191.8174
35	10	13352.238	8189.5767
35	11	13348.571	8196.08
35	12	13335.201	8132.1357
35	13	13338.804	8130.4956
35	14	13378.995	8120.9697
35	15	13381.961	8121.263
35	16	13361.361	8111.635
35	17	13359.774	8109.8745
35	18	13384.57	8121.4478
35	19	13297.829	8148.277
36	1	13378.243	8205.31
36	2	13356.277	8196.144
36	3	13359.116	8194.601
36	4	13340.827	8182.5317
36	5	13344.498	8182.334
36	6	13347.496	8181.713
36	7	13344.913	8189.3604
36	8	13352.324	8183.176
36	9	13349.877	8191.8203
36	10	13352.242	8189.5757
36	11	13348.567	8196.074
36	12	13335.197	8132.132
36	13	13338.813	8130.52
36	14	13378.995	8120.9697
36	15	13381.961	8121.263
36	16	13361.361	8111.635
36	17	13359.774	8109.8745
36	18	13384.57	8121.4478
36	19	13298.438	8148.284
37	1	13378.664	8205.925
37	2	13356.288	8196.1455
37	3	13358.976	8194.364
37	4	13340.827	8182.5317
37	5	13344.506	8182.3315
37	6	13347.496	8181.7114
37	7	13344.922	8189.3643
37	8	13352.328	8183.177
37	9	13349.872	8191.81
37	10	13352.242	8189.5806
37	11	13348.573	8196.085
37	12	13335.194	8132.135
37	13	13338.83	8130.5625
37	14	13378.995	8120.9697
37	15	13381.961	8121.263
37	16	13361.361	8111.635
37	17	13359.774	8109.8745
37	18	13384.57	8121.4478
37	19	13299.022	8148.2783
38	1	13379.081	8206.577
38	2	13356.283	8196.137
38	3	13358.846	8194.143
38	4	13340.828	8182.5317
38	5	13344.498	8182.3237
38	6	13347.493	8181.7095
38	7	13344.916	8189.36
38	8	13352.322	8183.169
38	9	13349.866	8191.814
38	10	13352.237	8189.577
38	11	13348.579	8196.092
38	12	13335.189	8132.1265
38	13	13338.842	8130.5864
38	14	13378.995	8120.9697
38	15	13381.961	8121.263
38	16	13361.361	8111.635
38	17	13359.774	8109.8745
38	18	13384.57	8121.4478
38	19	13299.527	8148.2944
39	1	13379.502	8207.23
39	2	13356.276	8196.136
39	3	13358.725	8193.946
39	4	13340.827	8182.5312
39	5	13344.494	8182.33
39	6	13347.499	8181.7183
39	7	13344.917	8189.3604
39	8	13352.329	8183.171
39	9	13349.877	8191.822
39	10	13352.244	8189.581
39	11	13348.588	8196.084
39	12	13335.194	8132.1274
39	13	13338.86	8130.6084
39	14	13378.995	8120.9697
39	15	13381.961	8121.263
39	16	13361.361	8111.635
39	17	13359.774	8109.8745
39	18	13384.57	8121.4478
39	19	13300.019	8148.2827
39	20	13318.162	8109.1665
40	1	13379.931	8207.9375
40	2	13356.274	8196.133
40	3	13358.628	8193.751
40	4	13340.827	8182.5317
40	5	13344.487	8182.321
40	6	13347.493	8181.719
40	7	13344.918	8189.355
40	8	13352.321	8183.161
40	9	13349.876	8191.818
40	10	13352.243	8189.5835
40	11	13348.592	8196.093
40	12	13335.195	8132.1313
40	13	13338.866	8130.6274
40	14	13378.995	8120.9697
40	15	13381.961	8121.263
40	16	13361.361	8111.635
40	17	13359.774	8109.8745
40	18	13384.57	8121.4478
40	19	13300.448	8148.2944
40	20	13318.528	8109.7427
41	1	13380.367	8208.623
41	2	13356.265	8196.126
41	3	13358.528	8193.569
41	4	13340.827	8182.5312
41	5	13344.494	8182.3105
41	6	13347.502	8181.7197
41	7	13344.913	8189.3633
41	8	13352.321	8183.165
41	9	13349.878	8191.8223
41	10	13352.242	8189.5776
41	11	13348.591	8196.081
41	12	13335.198	8132.138
41	13	13338.867	8130.6406
41	14	13378.995	8120.9697
41	15	13381.961	8121.263
41	16	13361.361	8111.635
41	17	13359.774	8109.8745
41	18	13384.57	8121.4478
41	19	13300.835	8148.2905
41	20	13318.863	8110.3345
42	1	13380.794	8209.336
42	2	13356.258	8196.107
42	3	13358.431	8193.405
42	4	13340.827	8182.5312
42	5	13344.502	8182.2876
42	6	13347.499	8181.71
42	7	13344.911	8189.359
42	8	13352.325	8183.1626
42	9	13349.8545	8191.795
42	10	13352.245	8189.5796
42	11	13348.587	8196.066
42	12	13335.196	8132.1387
42	13	13338.882	8130.656
42	14	13378.995	8120.9697
42	15	13381.961	8121.263
42	16	13361.361	8111.635
42	17	13359.774	8109.8745
42	18	13384.57	8121.4478
42	19	13301.175	8148.29
42	20	13319.198	8110.9443
43	1	13381.22	8210.042
43	2	13356.251	8196.103
43	3	13358.348	8193.25
43	4	13340.827	8182.5312
43	5	13344.477	8182.3057
43	6	13347.507	8181.729
43	7	13344.917	8189.358
43	8	13352.325	8183.164
43	9	13349.878	8191.8193
43	10	13352.241	8189.578
43	11	13348.579	8196.06
43	12	13335.196	8132.143
43	13	13338.891	8130.673
43	14	13378.995	8120.9697
43	15	13381.961	8121.263
43	16	13361.361	8111.635
43	17	13359.774	8109.8745
43	18	13384.57	8121.4478
43	19	13301.492	8148.295
43	20	13319.541	8111.5205
44	1	13381.634	8210.758
44	2	13356.242	8196.097
44	3	13358.276	8193.123
44	4	13340.827	8182.5312
44	5	13344.471	8182.2876
44	6	13347.513	8181.7344
44	7	13344.921	8189.3574
44	8	13352.321	8183.1562
44	9	13349.879	8191.817
44	10	13352.242	8189.581
44	11	13348.574	8196.037
44	12	13335.203	8132.1426
44	13	13338.9	8130.6777
44	14	13378.995	8120.9697
44	15	13381.961	8121.263
44	16	13361.361	8111.635
44	17	13359.774	8109.8745
44	18	13384.57	8121.4478
44	19	13301.781	8148.295
44	20	13319.859	8112.062
45	1	13382.041	8211.451
45	2	13356.24	8196.093
45	3	13358.192	8192.985
45	4	13340.827	8182.5312
45	5	13344.464	8182.2866
45	6	13347.515	8181.7266
45	7	13344.92	8189.3613
45	8	13352.334	8183.1606
45	9	13349.877	8191.8174
45	10	13352.253	8189.592
45	11	13348.565	8196.025
45	12	13335.2	8132.1416
45	13	13338.905	8130.6914
45	14	13378.995	8120.9697
45	15	13381.961	8121.263
45	16	13361.361	8111.635
45	17	13359.774	8109.8745
45	18	13384.57	8121.4478
45	19	13302.019	8148.308
45	20	13320.159	8112.601
46	1	13382.444	8212.17
46	2	13356.244	8196.082
46	3	13358.124	8192.855
46	4	13340.827	8182.5317
46	5	13344.458	8182.268
46	6	13347.513	8181.7334
46	7	13344.921	8189.3716
46	8	13352.325	8183.1626
46	9	13349.878	8191.822
46	10	13352.246	8189.588
46	11	13348.559	8196.021
46	12	13335.201	8132.1343
46	13	13338.903	8130.7007
46	14	13378.995	8120.9697
46	15	13381.961	8121.263
46	16	13361.361	8111.635
46	17	13359.774	8109.8745
46	19	13302.242	8148.317
46	20	13320.45	8113.1313
46	21	13384.565	8121.5273
47	1	13382.863	8212.908
47	2	13356.238	8196.081
47	3	13358.064	8192.748
47	4	13340.827	8182.5317
47	5	13344.457	8182.2725
47	6	13347.508	8181.7354
47	7	13344.929	8189.3765
47	8	13352.325	8183.1616
47	9	13349.879	8191.8174
47	10	13352.248	8189.586
47	11	13348.5625	8196.026
47	12	13335.191	8132.1313
47	13	13338.908	8130.7114
47	14	13378.995	8120.9697
47	15	13381.961	8121.263
47	16	13361.361	8111.635
47	17	13359.774	8109.8745
47	19	13302.425	8148.3335
47	20	13320.753	8113.655
47	21	13384.565	8121.5273
48	1	13383.253	8213.604
48	2	13356.235	8196.082
48	3	13358.002	8192.65
48	4	13340.827	8182.5317
48	5	13344.442	8182.2485
48	6	13347.516	8181.7373
48	7	13344.92	8189.3643
48	8	13352.328	8183.159
48	9	13349.888	8191.832
48	10	13352.249	8189.589
48	11	13348.561	8196.035
48	12	13335.196	8132.128
48	13	13338.905	8130.7065
48	14	13378.995	8120.9697
48	15	13381.961	8121.263
48	16	13361.361	8111.635
48	17	13359.774	8109.8745
48	19	13302.572	8148.344
48	20	13321.031	8114.16
48	21	13384.565	8121.5273
49	1	13383.666	8214.337
49	2	13356.235	8196.071
49	3	13357.95	8192.563
49	4	13340.827	8182.5312
49	5	13344.439	8182.238
49	6	13347.505	8181.7344
49	7	13344.914	8189.3525
49	8	13352.324	8183.1562
49	9	13349.881	8191.826
49	10	13352.243	8189.5806
49	11	13348.564	8196.045
49	12	13335.19	8132.127
49	13	13338.908	8130.7104
49	14	13378.995	8120.9697
49	15	13381.961	8121.263
49	16	13361.361	8111.635
49	17	13359.774	8109.8745
49	19	13302.699	8148.345
49	20	13321.299	8114.6226
49	21	13384.565	8121.5273
50	1	13384.11	8215.099
50	2	13356.23	8196.071
50	3	13357.898	8192.477
50	4	13340.827	8182.5312
50	5	13344.434	8182.2324
50	6	13347.508	8181.724
50	7	13344.921	8189.361
50	8	13352.318	8183.1533
50	9	13349.887	8191.8276
50	10	13352.246	8189.587
50	11	13348.5625	8196.03
50	12	13335.19	8132.1255
50	13	13338.919	8130.7163
50	14	13378.995	8120.9697
50	15	13381.961	8121.263
50	16	13361.361	8111.635
50	17	13359.774	8109.8745
50	19	13302.811	8148.352
50	20	13321.575	8115.1084
50	21	13384.565	8121.5273
51	1	13384.52	8215.852
51	2	13356.23	8196.072
51	3	13357.851	8192.39
51	4	13340.827	8182.5312
51	5	13344.43	8182.2217
51	6	13347.511	8181.725
51	7	13344.92	8189.3677
51	8	13352.32	8183.154
51	9	13349.887	8191.8325
51	10	13352.244	8189.5835
51	11	13348.557	8196.032
51	12	13335.194	8132.129
51	13	13338.918	8130.725
51	14	13378.995	8120.9697
51	15	13381.961	8121.263
51	16	13361.361	8111.635
51	17	13359.774	8109.8745
51	19	13302.904	8148.3516
51	20	13321.844	8115.5693
51	21	13384.565	8121.5273
52	1	13384.939	8216.628
52	2	13356.235	8196.07
52	3	13357.809	8192.311
52	4	13340.827	8182.5317
52	5	13344.414	8182.208
52	6	13347.508	8181.7334
52	7	13344.914	8189.359
52	8	13352.32	8183.1616
52	9	13349.884	8191.8276
52	10	13352.246	8189.587
52	11	13348.556	8196.034
52	12	13335.182	8132.1255
52	13	13338.922	8130.7354
52	14	13378.995	8120.9697
52	15	13381.961	8121.263
52	16	13361.361	8111.635
52	17	13359.774	8109.8745
52	19	13302.964	8148.3535
52	20	13322.1	8116.016
52	21	13384.565	8121.5273
53	1	13385.3545	8217.386
53	2	13356.233	8196.066
53	3	13357.758	8192.227
53	4	13340.827	8182.5317
53	5	13344.441	8182.198
53	6	13347.503	8181.726
53	7	13344.918	8189.367
53	8	13352.32	8183.1626
53	9	13349.877	8191.8164
53	10	13352.241	8189.5747
53	11	13348.557	8196.047
53	12	13335.192	8132.1274
53	13	13338.931	8130.7363
53	14	13378.995	8120.9697
53	15	13381.961	8121.263
53	16	13361.361	8111.635
53	17	13359.774	8109.8745
53	19	13303.038	8148.369
53	20	13322.338	8116.468
53	21	13384.565	8121.5273
54	1	13385.741	8218.105
54	2	13356.226	8196.07
54	3	13357.708	8192.14
54	4	13340.827	8182.5312
54	5	13344.439	8182.181
54	6	13347.487	8181.719
54	7	13344.914	8189.364
54	8	13352.32	8183.1577
54	9	13349.876	8191.813
54	10	13352.244	8189.5825
54	11	13348.557	8196.051
54	12	13335.192	8132.127
54	13	13338.931	8130.7407
54	14	13378.995	8120.9697
54	15	13381.961	8121.263
54	16	13361.361	8111.635
54	17	13359.774	8109.8745
54	19	13303.089	8148.368
54	20	13322.569	8116.878
54	21	13384.565	8121.5273
55	1	13386.16	8218.881
55	2	13356.235	8196.07
55	3	13357.659	8192.054
55	4	13340.827	8182.5312
55	5	13344.402	8182.182
55	6	13347.499	8181.7183
55	7	13344.924	8189.3696
55	8	13352.322	8183.1587
55	9	13349.879	8191.8164
55	10	13352.241	8189.578
55	11	13348.56	8196.054
55	12	13335.193	8132.1274
55	13	13338.927	8130.739
55	14	13378.995	8120.9697
55	15	13381.961	8121.263
55	16	13361.361	8111.635
55	17	13359.774	8109.8745
55	19	13303.111	8148.3735
55	20	13322.813	8117.336
55	21	13384.565	8121.5273
56	1	13386.584	8219.683
56	2	13356.232	8196.069
56	3	13357.589	8191.947
56	4	13340.827	8182.5312
56	5	13344.399	8182.174
56	6	13347.495	8181.7183
56	7	13344.928	8189.374
56	8	13352.32	8183.159
56	9	13349.873	8191.815
56	10	13352.239	8189.5786
56	11	13348.566	8196.051
56	12	13335.19	8132.1265
56	13	13338.926	8130.7363
56	14	13378.995	8120.9697
56	15	13381.961	8121.263
56	16	13361.361	8111.635
56	17	13359.774	8109.8745
56	19	13303.13	8148.373
56	20	13323.046	8117.778
56	21	13384.565	8121.5273
57	1	13387.017	8220.489
57	2	13356.235	8196.071
57	3	13357.52	8191.8223
57	4	13340.827	8182.5317
57	5	13344.381	8182.1567
57	6	13347.498	8181.7197
57	7	13344.931	8189.3877
57	8	13352.326	8183.166
57	9	13349.876	8191.817
57	10	13352.244	8189.5747
57	11	13348.57	8196.0625
57	12	13335.204	8132.131
57	13	13338.924	8130.739
57	14	13378.995	8120.9697
57	15	13381.961	8121.263
57	16	13361.361	8111.635
57	17	13359.774	8109.8745
57	19	13303.134	8148.372
57	20	13323.284	8118.2056
57	21	13384.565	8121.5273
58	1	13387.46	8221.317
58	2	13356.234	8196.067
58	3	13357.466	8191.733
58	4	13340.827	8182.5312
58	5	13344.395	8182.144
58	6	13347.493	8181.723
58	7	13344.937	8189.383
58	8	13352.329	8183.168
58	9	13349.879	8191.817
58	10	13352.238	8189.573
58	11	13348.58	8196.075
58	12	13335.196	8132.1313
58	13	13338.925	8130.7324
58	14	13378.995	8120.9697
58	15	13381.961	8121.263
58	16	13361.361	8111.635
58	17	13359.774	8109.8745
58	19	13303.162	8148.3696
58	20	13323.519	8118.6216
58	21	13384.565	8121.5273
59	1	13387.895	8222.154
59	2	13356.235	8196.069
59	3	13357.395	8191.623
59	4	13340.827	8182.5312
59	5	13344.398	8182.13
59	6	13347.5	8181.716
59	7	13344.928	8189.3906
59	8	13352.332	8183.1704
59	9	13349.874	8191.817
59	10	13352.24	8189.5728
59	11	13348.586	8196.082
59	12	13335.191	8132.137
59	13	13338.927	8130.7397
59	14	13378.995	8120.9697
59	15	13381.961	8121.263
59	16	13361.361	8111.635
59	17	13359.774	8109.8745
59	19	13303.169	8148.3716
59	20	13323.734	8119.023
59	21	13384.565	8121.5273
60	1	13388.31	8222.958
60	2	13356.229	8196.07
60	3	13357.341	8191.531
60	4	13340.827	8182.5312
60	5	13344.394	8182.119
60	6	13347.503	8181.7285
60	7	13344.925	8189.3726
60	8	13352.329	8183.1636
60	9	13349.861	8191.8027
60	10	13352.242	8189.576
60	11	13348.586	8196.085
60	12	13335.191	8132.1343
60	13	13338.934	8130.7383
60	14	13378.995	8120.9697
60	15	13381.961	8121.263
60	16	13361.361	8111.635
60	17	13359.774	8109.8745
60	19	13303.167	8148.3657
60	20	13323.96	8119.4146
60	21	13384.565	8121.5273
61	1	13388.756	8223.84
61	2	13356.233	8196.07
61	3	13357.279	8191.435
61	4	13340.827	8182.5312
61	5	13344.363	8182.1245
61	6	13347.502	8181.7197
61	7	13344.922	8189.3716
61	8	13352.331	8183.1675
61	9	13349.871	8191.8145
61	10	13352.237	8189.577
61	11	13348.584	8196.083
61	12	13335.186	8132.133
61	13	13338.932	8130.749
61	14	13378.995	8120.9697
61	15	13381.961	8121.263
61	16	13361.361	8111.635
61	17	13359.774	8109.8745
61	19	13303.166	8148.3647
61	20	13324.165	8119.794
61	21	13384.565	8121.5273
62	1	13389.196	8224.678
62	2	13356.24	8196.07
62	3	13357.224	8191.3384
62	4	13340.827	8182.5312
62	5	13344.371	8182.112
62	6	13347.498	8181.721
62	7	13344.921	8189.371
62	8	13352.326	8183.1675
62	9	13349.88	8191.8193
62	10	13352.242	8189.579
62	11	13348.583	8196.089
62	12	13335.188	8132.138
62	13	13338.9375	8130.7485
62	14	13378.995	8120.9697
62	15	13381.961	8121.263
62	16	13361.361	8111.635
62	17	13359.774	8109.8745
62	19	13303.193	8148.362
62	20	13324.385	8120.188
62	21	13384.565	8121.5273
63	1	13389.64	8225.536
63	2	13356.229	8196.074
63	3	13357.171	8191.257
63	4	13340.827	8182.5317
63	5	13344.368	8182.105
63	6	13347.495	8181.727
63	7	13344.92	8189.3687
63	8	13352.326	8183.163
63	9	13349.872	8191.8135
63	10	13352.244	8189.59
63	11	13348.579	8196.08
63	12	13335.184	8132.131
63	13	13338.939	8130.76
63	14	13378.995	8120.9697
63	15	13381.961	8121.263
63	16	13361.361	8111.635
63	17	13359.774	8109.8745
63	19	13303.178	8148.3706
63	20	13324.577	8120.5654
63	21	13384.565	8121.5273
64	1	13390.079	8226.386
64	2	13356.236	8196.077
64	3	13357.123	8191.1694
64	4	13340.827	8182.5317
64	5	13344.3545	8182.0977
64	6	13347.502	8181.7246
64	7	13344.932	8189.3755
64	8	13352.327	8183.1655
64	9	13349.881	8191.8193
64	10	13352.244	8189.581
64	11	13348.569	8196.066
64	12	13335.19	8132.1357
64	13	13338.952	8130.774
64	14	13378.995	8120.9697
64	15	13381.961	8121.263
64	16	13361.361	8111.635
64	17	13359.774	8109.8745
64	19	13303.211	8148.37
64	20	13324.774	8120.9097
64	21	13384.565	8121.5273
65	1	13390.514	8227.277
65	2	13356.243	8196.076
65	3	13357.064	8191.079
65	4	13340.827	8182.5317
65	5	13344.343	8182.092
65	6	13347.504	8181.727
65	7	13344.928	8189.376
65	8	13352.33	8183.172
65	9	13349.886	8191.827
65	10	13352.244	8189.5825
65	11	13348.562	8196.063
65	12	13335.19	8132.135
65	13	13338.954	8130.7856
65	14	13378.995	8120.9697
65	15	13381.961	8121.263
65	16	13361.361	8111.635
65	17	13359.774	8109.8745
65	19	13303.235	8148.368
65	20	13324.984	8121.266
65	21	13384.565	8121.5273
66	1	13390.883	8228.015
66	2	13356.244	8196.07
66	3	13357.001	8190.984
66	4	13340.827	8182.5317
66	5	13344.35	8182.0933
66	6	13347.499	8181.7275
66	7	13344.936	8189.381
66	8	13352.333	8183.167
66	9	13349.879	8191.8164
66	10	13352.242	8189.581
66	11	13348.56	8196.062
66	12	13335.189	8132.1353
66	13	13338.971	8130.8066
66	14	13378.995	8120.9697
66	15	13381.961	8121.263
66	16	13361.361	8111.635
66	17	13359.774	8109.8745
66	19	13303.242	8148.365
66	20	13325.167	8121.611
66	21	13384.565	8121.5273
67	1	13391.226	8228.717
67	2	13356.241	8196.074
67	3	13356.953	8190.898
67	4	13340.827	8182.5317
67	5	13344.36	8182.094
67	6	13347.503	8181.7236
67	7	13344.915	8189.3613
67	8	13352.325	8183.1626
67	9	13349.885	8191.825
67	10	13352.237	8189.577
67	11	13348.56	8196.067
67	12	13335.194	8132.1323
67	13	13338.99	8130.826
67	14	13378.995	8120.9697
67	15	13381.961	8121.263
67	16	13361.361	8111.635
67	17	13359.774	8109.8745
67	19	13303.262	8148.3706
67	20	13325.369	8121.9614
67	21	13384.565	8121.5273
68	1	13391.561	8229.367
68	2	13356.246	8196.077
68	3	13356.909	8190.8276
68	4	13340.827	8182.5317
68	5	13344.356	8182.0703
68	6	13347.503	8181.724
68	7	13344.921	8189.3647
68	8	13352.328	8183.1606
68	9	13349.875	8191.815
68	10	13352.244	8189.586
68	11	13348.56	8196.067
68	12	13335.202	8132.1353
68	13	13338.991	8130.8374
68	14	13378.995	8120.9697
68	15	13381.961	8121.263
68	16	13361.361	8111.635
68	17	13359.774	8109.8745
68	19	13303.282	8148.376
68	20	13325.557	8122.325
68	21	13384.565	8121.5273
69	1	13391.88	8230.018
69	2	13356.249	8196.074
69	3	13356.86	8190.7563
69	4	13340.827	8182.5317
69	5	13344.35	8182.082
69	6	13347.491	8181.719
69	7	13344.911	8189.363
69	8	13352.322	8183.1626
69	9	13349.881	8191.821
69	10	13352.245	8189.587
69	11	13348.56	8196.075
69	12	13335.199	8132.125
69	13	13339.008	8130.8706
69	14	13378.995	8120.9697
69	15	13381.961	8121.263
69	16	13361.361	8111.635
69	17	13359.774	8109.8745
69	19	13303.306	8148.374
69	20	13325.745	8122.6377
69	21	13384.565	8121.5273
70	1	13392.207	8230.694
70	2	13356.247	8196.081
70	3	13356.83	8190.692
70	4	13340.827	8182.5317
70	5	13344.37	8182.0635
70	6	13347.508	8181.7256
70	7	13344.92	8189.369
70	8	13352.319	8183.1597
70	9	13349.876	8191.8145
70	10	13352.245	8189.59
70	11	13348.561	8196.064
70	12	13335.198	8132.1206
70	13	13339.031	8130.906
70	14	13378.995	8120.9697
70	15	13381.961	8121.263
70	16	13361.361	8111.635
70	17	13359.774	8109.8745
70	19	13303.319	8148.379
70	20	13325.922	8122.9907
70	21	13384.565	8121.5273
71	1	13392.532	8231.338
71	2	13356.244	8196.085
71	3	13356.787	8190.6226
71	4	13340.827	8182.5317
71	5	13344.377	8182.0625
71	6	13347.504	8181.7188
71	7	13344.918	8189.369
71	8	13352.323	8183.155
71	9	13349.878	8191.811
71	10	13352.247	8189.5884
71	11	13348.563	8196.072
71	12	13335.195	8132.126
71	13	13339.04	8130.9243
71	14	13378.995	8120.9697
71	15	13381.961	8121.263
71	16	13361.361	8111.635
71	17	13359.774	8109.8745
71	19	13303.356	8148.3794
71	20	13326.119	8123.319
71	21	13384.565	8121.5273
72	1	13392.864	8232.042
72	2	13356.245	8196.09
72	3	13356.742	8190.5557
72	4	13340.827	8182.5317
72	5	13344.332	8182.065
72	6	13347.506	8181.7217
72	7	13344.919	8189.363
72	8	13352.323	8183.1577
72	9	13349.88	8191.814
72	10	13352.244	8189.591
72	11	13348.57	8196.07
72	12	13335.193	8132.1226
72	13	13339.074	8130.97
72	14	13378.995	8120.9697
72	15	13381.961	8121.263
72	16	13361.361	8111.635
72	17	13359.774	8109.8745
72	19	13303.37	8148.379
72	20	13326.29	8123.6416
72	21	13384.565	8121.5273
73	1	13393.181	8232.705
73	2	13356.25	8196.082
73	3	13356.711	8190.49
73	4	13340.827	8182.5317
73	5	13344.328	8182.06
73	6	13347.501	8181.7124
73	7	13344.92	8189.363
73	8	13352.33	8183.164
73	9	13349.875	8191.809
73	10	13352.242	8189.589
73	11	13348.577	8196.069
73	12	13335.19	8132.1265
73	13	13339.091	8131.0166
73	14	13378.995	8120.9697
73	15	13381.961	8121.263
73	16	13361.361	8111.635
73	17	13359.774	8109.8745
73	19	13303.399	8148.3745
73	20	13326.481	8123.968
73	21	13384.565	8121.5273
74	1	13393.514	8233.385
74	2	13356.258	8196.082
74	3	13356.68	8190.4365
74	4	13340.827	8182.5317
74	5	13344.338	8182.0366
74	6	13347.51	8181.722
74	7	13344.907	8189.35
74	8	13352.321	8183.1616
74	9	13349.879	8191.822
74	10	13352.237	8189.586
74	11	13348.583	8196.07
74	12	13335.194	8132.129
74	13	13339.116	8131.066
74	14	13378.995	8120.9697
74	15	13381.961	8121.263
74	16	13361.361	8111.635
74	17	13359.774	8109.8745
74	19	13303.437	8148.3755
74	20	13326.638	8124.268
74	21	13384.565	8121.5273
74	23	13302.904	8130.7793
75	1	13393.798	8234.009
75	2	13356.255	8196.081
75	3	13356.642	8190.376
75	4	13340.827	8182.5303
75	5	13344.308	8182.034
75	6	13347.489	8181.716
75	7	13344.908	8189.3413
75	8	13352.322	8183.1616
75	9	13349.865	8191.8086
75	10	13352.24	8189.5835
75	11	13348.588	8196.075
75	12	13335.188	8132.1235
75	13	13339.148	8131.123
75	14	13378.995	8120.9697
75	15	13381.961	8121.263
75	16	13361.361	8111.635
75	17	13359.774	8109.8745
75	19	13303.454	8148.3784
75	20	13326.808	8124.5884
75	21	13384.565	8121.5273
75	23	13302.925	8130.7817
76	1	13394.06	8234.631
76	2	13356.254	8196.085
76	3	13356.597	8190.313
76	4	13340.824	8182.5264
76	5	13344.313	8182.0225
76	6	13347.502	8181.7173
76	7	13344.905	8189.344
76	8	13352.324	8183.1665
76	9	13349.874	8191.8154
76	10	13352.245	8189.5874
76	11	13348.607	8196.065
76	12	13335.185	8132.114
76	13	13339.174	8131.175
76	14	13378.995	8120.9697
76	15	13381.961	8121.263
76	16	13361.361	8111.635
76	17	13359.774	8109.8745
76	19	13303.483	8148.384
76	20	13326.969	8124.8755
76	21	13384.565	8121.5273
76	23	13302.943	8130.767
77	1	13394.401	8235.332
77	2	13356.26	8196.083
77	3	13356.574	8190.256
77	4	13340.818	8182.516
77	5	13344.29	8182.002
77	6	13347.495	8181.726
77	7	13344.899	8189.325
77	8	13352.321	8183.1597
77	9	13349.881	8191.824
77	10	13352.243	8189.583
77	11	13348.601	8196.066
77	12	13335.192	8132.114
77	13	13339.2	8131.2295
77	14	13378.995	8120.9697
77	15	13381.961	8121.263
77	16	13361.361	8111.635
77	17	13359.774	8109.8745
77	19	13303.518	8148.3867
77	20	13327.11	8125.1416
77	21	13384.565	8121.5273
77	22	13382.699	8244.294
78	1	13394.784	8236.189
78	2	13356.258	8196.081
78	3	13356.543	8190.1914
78	4	13340.808	8182.495
78	5	13344.282	8181.963
78	6	13347.499	8181.717
78	7	13344.897	8189.3228
78	8	13352.327	8183.168
78	9	13349.875	8191.8164
78	10	13352.241	8189.583
78	11	13348.574	8196.03
78	12	13335.193	8132.1123
78	13	13339.229	8131.2876
78	14	13378.995	8120.9697
78	15	13381.961	8121.263
78	16	13361.361	8111.635
78	17	13359.774	8109.8745
78	19	13303.538	8148.387
78	20	13327.266	8125.4106
78	21	13384.565	8121.5273
78	22	13382.135	8242.886
78	23	13302.945	8130.766
79	1	13395.192	8237.097
79	2	13356.254	8196.073
79	3	13356.496	8190.1177
79	4	13340.79	8182.468
79	5	13344.251	8181.9326
79	6	13347.5	8181.7095
79	7	13344.892	8189.309
79	8	13352.329	8183.1685
79	9	13349.872	8191.812
79	10	13352.241	8189.582
79	11	13348.552	8196.023
79	12	13335.191	8132.1113
79	13	13339.256	8131.345
79	14	13378.995	8120.9697
79	15	13381.961	8121.263
79	16	13361.361	8111.635
79	17	13359.774	8109.8745
79	19	13303.584	8148.391
79	20	13327.388	8125.6426
79	21	13384.565	8121.5273
79	22	13381.529	8241.531
79	23	13302.927	8130.781
80	1	13395.626	8237.936
80	2	13356.244	8196.054
80	3	13356.466	8190.063
80	4	13340.769	8182.43
80	5	13344.24	8181.869
80	6	13347.501	8181.7104
80	7	13344.891	8189.3076
80	8	13352.332	8183.168
80	9	13349.864	8191.8013
80	10	13352.243	8189.5806
80	11	13348.5205	8195.937
80	12	13335.203	8132.112
80	13	13339.284	8131.396
80	14	13378.995	8120.9697
80	15	13381.961	8121.263
80	16	13361.361	8111.635
80	17	13359.774	8109.8745
80	19	13303.632	8148.395
80	20	13327.554	8125.9253
80	21	13384.565	8121.5273
80	22	13380.951	8240.205
80	23	13302.934	8130.783
81	1	13395.802	8238.538
81	2	13356.231	8196.042
81	3	13356.432	8189.998
81	4	13340.738	8182.3804
81	5	13344.202	8181.7705
81	6	13347.496	8181.699
81	7	13344.891	8189.3047
81	8	13352.337	8183.166
81	9	13349.867	8191.7993
81	10	13352.24	8189.58
81	11	13348.482	8195.908
81	12	13335.2	8132.125
81	13	13339.317	8131.4478
81	14	13378.995	8120.9697
81	15	13381.961	8121.263
81	16	13361.361	8111.635
81	17	13359.774	8109.8745
81	19	13303.683	8148.3955
81	20	13327.692	8126.155
81	21	13384.565	8121.5273
81	22	13380.304	8238.928
81	23	13302.924	8130.7817
81	24	13414.357	8169.943
82	2	13356.217	8196.024
82	3	13356.387	8189.9307
82	4	13340.702	8182.318
82	5	13344.12	8181.6763
82	6	13347.488	8181.6885
82	7	13344.887	8189.3115
82	8	13352.341	8183.1694
82	9	13349.862	8191.7935
82	10	13352.234	8189.5776
82	11	13348.456	8195.865
82	12	13335.202	8132.126
82	13	13339.344	8131.492
82	14	13378.995	8120.9697
82	15	13381.961	8121.263
82	16	13361.361	8111.635
82	17	13359.774	8109.8745
82	19	13303.725	8148.3906
82	20	13327.835	8126.389
82	21	13384.565	8121.5273
82	22	13379.682	8237.641
82	23	13302.946	8130.7583
82	24	13413.267	8169.9487
83	2	13356.201	8195.996
83	3	13356.351	8189.8613
83	4	13340.659	8182.244
83	5	13344.025	8181.5625
83	6	13347.483	8181.6704
83	7	13344.8955	8189.305
83	8	13352.342	8183.166
83	9	13349.857	8191.7876
83	10	13352.231	8189.5723
83	11	13348.416	8195.812
83	12	13335.209	8132.138
83	13	13339.37	8131.5537
83	14	13378.995	8120.9697
83	15	13381.961	8121.263
83	16	13361.361	8111.635
83	17	13359.774	8109.8745
83	19	13303.795	8148.391
83	20	13327.96	8126.6143
83	21	13384.565	8121.5273
83	22	13379.05	8236.384
83	23	13302.939	8130.777
83	24	13412.262	8169.9253
84	2	13356.182	8195.97
84	3	13356.307	8189.796
84	4	13340.608	8182.159
84	5	13343.923	8181.4067
84	6	13347.473	8181.657
84	7	13344.888	8189.301
84	8	13352.345	8183.1655
84	9	13349.853	8191.785
84	10	13352.235	8189.5737
84	11	13348.401	8195.791
84	12	13335.206	8132.143
84	13	13339.402	8131.614
84	14	13378.995	8120.9697
84	15	13381.961	8121.263
84	16	13361.361	8111.635
84	17	13359.774	8109.8745
84	19	13303.8545	8148.3906
84	20	13328.0625	8126.821
84	21	13384.565	8121.5273
84	22	13378.468	8235.17
84	23	13302.906	8130.815
84	24	13411.264	8169.9277
85	2	13356.183	8195.954
85	3	13356.27	8189.736
85	4	13340.551	8182.0605
85	5	13343.8125	8181.2266
85	6	13347.466	8181.6367
85	7	13344.884	8189.2837
85	8	13352.344	8183.1606
85	9	13349.846	8191.7744
85	10	13352.241	8189.58
85	11	13348.411	8195.85
85	12	13335.197	8132.1436
85	13	13339.428	8131.668
85	14	13378.995	8120.9697
85	15	13381.961	8121.263
85	16	13361.361	8111.635
85	17	13359.774	8109.8745
85	19	13303.925	8148.39
85	20	13328.184	8127.034
85	21	13384.565	8121.5273
85	22	13377.904	8234.004
85	23	13302.942	8130.7524
85	24	13410.321	8169.9326
85	25	13369.215	8226.689
86	2	13356.159	8195.923
86	3	13356.233	8189.6733
86	4	13340.484	8181.949
86	5	13343.7	8181.04
86	6	13347.427	8181.594
86	7	13344.88	8189.282
86	8	13352.336	8183.152
86	9	13349.847	8191.781
86	10	13352.227	8189.567
86	11	13348.354	8195.754
86	12	13335.188	8132.132
86	13	13339.438	8131.7056
86	14	13378.995	8120.9697
86	15	13381.961	8121.263
86	16	13361.361	8111.635
86	17	13359.774	8109.8745
86	19	13303.975	8148.397
86	20	13328.293	8127.2305
86	21	13384.565	8121.5273
86	22	13377.3545	8232.792
86	24	13409.318	8169.933
86	25	13368.71	8225.64
87	2	13356.146	8195.895
87	3	13356.193	8189.606
87	4	13340.41	8181.8237
87	5	13343.575	8180.823
87	6	13347.389	8181.5312
87	7	13344.872	8189.265
87	8	13352.33	8183.139
87	9	13349.846	8191.7812
87	10	13352.2295	8189.564
87	11	13348.412	8195.8955
87	12	13335.182	8132.1226
87	13	13339.475	8131.7695
87	14	13378.995	8120.9697
87	15	13381.961	8121.263
87	16	13361.361	8111.635
87	17	13359.774	8109.8745
87	19	13304.056	8148.3843
87	20	13328.387	8127.4204
87	21	13384.565	8121.5273
87	22	13376.83	8231.65
87	24	13408.37	8169.9385
87	25	13368.424	8225.26
88	2	13356.123	8195.858
88	3	13356.149	8189.5376
88	4	13340.327	8181.683
88	5	13343.433	8180.6006
88	6	13347.33	8181.439
88	7	13344.871	8189.2607
88	8	13352.328	8183.1387
88	9	13349.847	8191.7812
88	10	13352.225	8189.5645
88	11	13348.383	8195.8545
88	12	13335.1875	8132.1147
88	13	13339.494	8131.802
88	14	13378.995	8120.9697
88	15	13381.961	8121.263
88	16	13361.361	8111.635
88	17	13359.774	8109.8745
88	19	13304.117	8148.3945
88	20	13328.503	8127.6396
88	21	13384.565	8121.5273
88	22	13376.29	8230.493
88	24	13407.463	8169.945
88	25	13368.162	8224.715
89	2	13356.096	8195.826
89	3	13356.105	8189.4673
89	4	13340.236	8181.5273
89	5	13343.274	8180.3286
89	6	13347.251	8181.318
89	7	13344.883	8189.28
89	8	13352.328	8183.1284
89	9	13349.85	8191.7876
89	10	13352.223	8189.559
89	11	13348.386	8195.862
89	12	13335.177	8132.107
89	13	13339.513	8131.8364
89	14	13378.995	8120.9697
89	15	13381.961	8121.263
89	16	13361.361	8111.635
89	17	13359.774	8109.8745
89	19	13304.144	8148.3906
89	20	13328.601	8127.832
89	21	13384.565	8121.5273
89	22	13375.776	8229.385
89	24	13406.559	8169.944
89	25	13367.837	8224.191
89	26	13387.223	8120.813
90	2	13356.074	8195.785
90	3	13356.088	8189.4233
90	4	13340.135	8181.3564
90	5	13343.099	8180.029
90	6	13347.18	8181.189
90	7	13344.869	8189.257
90	8	13352.322	8183.125
90	9	13349.845	8191.778
90	10	13352.211	8189.539
90	11	13348.376	8195.864
90	12	13335.183	8132.103
90	13	13339.538	8131.872
90	14	13378.995	8120.9697
90	15	13381.961	8121.263
90	16	13361.361	8111.635
90	17	13359.774	8109.8745
90	19	13304.191	8148.3916
90	20	13328.693	8127.9995
90	21	13384.565	8121.5273
90	22	13375.264	8228.248
90	24	13405.666	8169.949
90	25	13367.503	8223.619
