0	1	10143.948	-1786.4902
0	2	10145.115	-1795.8978
0	3	10152.346	-1829.0859
0	4	10129.6	-1800.9098
0	5	10165.206	-1827.0372
0	6	10129.822	-1785.0818
0	7	10137.623	-1764.82
0	8	10140.112	-1728.2627
0	9	10134.461	-1797.4952
0	10	10138.575	-1796.4059
0	11	10134.233	-1788.7733
0	12	10138.228	-1787.7041
0	13	10143.76	-1779.0737
0	14	10149.578	-1816.3997
0	15	10117.165	-1841.885
0	16	10183.438	-1825.7307
0	17	10154.793	-1858.8499
0	18	10158.905	-1857.871
0	19	10189.069	-1756.4698
0	20	10121.331	-1729.958
0	21	10203.697	-1825.2147
0	22	10085.06	-1819.7806
0	23	10154.923	-1867.092
0	40	10158.951	-1865.7717
1	1	10143.949	-1786.485
1	2	10145.118	-1795.9081
1	3	10151.685	-1829.3678
1	4	10129.6045	-1801.0476
1	5	10164.627	-1827.1449
1	6	10129.838	-1785.6738
1	7	10137.637	-1765.3193
1	8	10140.278	-1729.3737
1	9	10134.461	-1797.4954
1	10	10138.578	-1796.4065
1	11	10134.234	-1788.7787
1	12	10138.229	-1787.7062
1	13	10143.764	-1779.0752
1	14	10150.143	-1815.6901
1	15	10117.271	-1841.8845
1	16	10183.013	-1825.7466
1	17	10154.793	-1858.8499
1	18	10158.905	-1857.871
1	19	10188.938	-1756.4641
1	20	10121.367	-1729.9606
1	21	10203.217	-1825.2139
1	22	10083.295	-1819.8087
1	23	10154.923	-1867.092
1	40	10158.951	-1865.7717
2	1	10143.95	-1786.496
2	2	10145.109	-1795.897
2	3	10151.019	-1829.6727
2	4	10129.606	-1801.169
2	5	10164.002	-1827.2583
2	6	10129.846	-1786.2262
2	7	10137.642	-1765.828
2	8	10140.444	-1730.4758
2	9	10134.461	-1797.4952
2	10	10138.576	-1796.4073
2	11	10134.232	-1788.769
2	12	10138.228	-1787.7023
2	13	10143.762	-1779.0757
2	14	10150.688	-1814.984
2	15	10117.345	-1841.888
2	16	10182.555	-1825.7556
2	17	10154.793	-1858.8499
2	18	10158.905	-1857.871
2	19	10188.781	-1756.4692
2	20	10121.441	-1729.975
2	21	10202.805	-1825.2156
2	22	10081.455	-1819.8378
2	23	10154.923	-1867.092
2	24	10126.739	-1720.872
2	40	10158.951	-1865.7717
3	1	10143.949	-1786.4948
3	2	10145.112	-1795.903
3	3	10150.353	-1829.9928
3	4	10129.605	-1801.2549
3	5	10163.427	-1827.3928
3	6	10129.862	-1786.7885
3	7	10137.654	-1766.3258
3	8	10140.613	-1731.6018
3	9	10134.461	-1797.4952
3	10	10138.573	-1796.4076
3	11	10134.236	-1788.776
3	12	10138.23	-1787.7025
3	13	10143.761	-1779.0804
3	14	10151.221	-1814.2676
3	15	10117.456	-1841.8827
3	16	10182.133	-1825.7626
3	17	10154.793	-1858.8499
3	18	10158.905	-1857.871
3	19	10188.67	-1756.4803
3	20	10121.481	-1729.9739
3	21	10202.416	-1825.2255
3	22	10079.631	-1819.8601
3	23	10154.923	-1867.092
3	24	10126.739	-1721.0255
3	40	10158.951	-1865.7717
4	1	10143.951	-1786.4902
4	2	10145.115	-1795.9008
4	3	10149.68	-1830.3405
4	4	10129.607	-1801.3208
4	5	10162.832	-1827.5377
4	6	10129.873	-1787.2883
4	7	10137.666	-1766.8079
4	8	10140.768	-1732.6924
4	9	10134.461	-1797.4952
4	10	10138.575	-1796.409
4	11	10134.237	-1788.7776
4	12	10138.229	-1787.7059
4	13	10143.763	-1779.0781
4	14	10151.733	-1813.5381
4	15	10117.515	-1841.8822
4	16	10181.701	-1825.7688
4	17	10154.793	-1858.8499
4	18	10158.905	-1857.871
4	19	10188.563	-1756.4779
4	20	10121.54	-1729.98
4	21	10202.003	-1825.2373
4	22	10077.825	-1819.8987
4	23	10154.923	-1867.092
4	24	10126.756	-1721.1378
4	40	10158.951	-1865.7717
5	1	10143.949	-1786.4835
5	2	10145.111	-1795.9012
5	3	10148.998	-1830.7224
5	4	10129.608	-1801.3772
5	5	10162.258	-1827.7134
5	6	10129.886	-1787.7668
5	7	10137.679	-1767.296
5	8	10140.92	-1733.7714
5	9	10134.461	-1797.4951
5	10	10138.574	-1796.4017
5	11	10134.236	-1788.7825
5	12	10138.229	-1787.7057
5	13	10143.762	-1779.0815
5	14	10152.227	-1812.7977
5	15	10117.575	-1841.8839
5	16	10181.311	-1825.7762
5	17	10154.793	-1858.8499
5	18	10158.905	-1857.871
5	19	10188.496	-1756.4633
5	20	10121.562	-1729.9922
5	21	10201.571	-1825.2329
5	22	10076.043	-1819.9325
5	23	10154.923	-1867.092
5	24	10126.611	-1721.4142
5	40	10158.951	-1865.7717
6	1	10143.95	-1786.4899
6	2	10145.111	-1795.8949
6	3	10148.315	-1831.137
6	4	10129.602	-1801.4069
6	5	10161.607	-1827.9056
6	6	10129.897	-1788.2081
6	7	10137.69	-1767.763
6	8	10141.084	-1734.893
6	9	10134.461	-1797.495
6	10	10138.577	-1796.3895
6	11	10134.236	-1788.7805
6	12	10138.2295	-1787.7021
6	13	10143.762	-1779.078
6	14	10152.71	-1812.0433
6	15	10117.638	-1841.878
6	16	10180.906	-1825.7804
6	17	10154.793	-1858.8499
6	19	10188.374	-1756.461
6	20	10121.595	-1729.997
6	21	10201.168	-1825.2402
6	22	10074.246	-1819.952
6	23	10154.923	-1867.092
6	24	10126.445	-1721.7317
6	40	10158.951	-1865.7717
7	1	10143.949	-1786.489
7	2	10145.114	-1795.8965
7	3	10147.642	-1831.5703
7	4	10129.605	-1801.428
7	5	10160.988	-1828.1097
7	6	10129.906	-1788.6415
7	7	10137.697	-1768.2391
7	8	10141.23	-1735.9293
7	9	10134.461	-1797.4951
7	10	10138.574	-1796.4027
7	11	10134.235	-1788.7773
7	12	10138.227	-1787.7063
7	13	10143.759	-1779.0792
7	14	10153.176	-1811.2738
7	15	10117.672	-1841.8722
7	16	10180.554	-1825.7832
7	17	10154.793	-1858.8499
7	19	10188.287	-1756.4596
7	20	10121.64	-1730.0037
7	21	10200.763	-1825.2472
7	22	10072.472	-1819.9762
7	23	10154.923	-1867.092
7	24	10126.271	-1722.0546
8	1	10143.949	-1786.4879
8	2	10145.114	-1795.8989
8	3	10146.948	-1832.046
8	4	10129.603	-1801.4435
8	5	10160.368	-1828.3264
8	6	10129.915	-1789.0369
8	7	10137.708	-1768.6982
8	8	10141.373	-1736.9801
8	9	10134.461	-1797.4951
8	10	10138.58	-1796.4087
8	11	10134.234	-1788.7811
8	12	10138.227	-1787.7042
8	13	10143.762	-1779.0671
8	14	10153.625	-1810.4935
8	15	10117.699	-1841.8739
8	16	10180.202	-1825.7855
8	17	10154.793	-1858.8499
8	18	10158.905	-1857.871
8	19	10188.208	-1756.4714
8	20	10121.655	-1730.0029
8	21	10200.356	-1825.2509
8	22	10070.664	-1820.0101
8	23	10154.923	-1867.092
8	24	10126.064	-1722.376
9	1	10143.951	-1786.4912
9	2	10145.113	-1795.9031
9	3	10146.273	-1832.5583
9	4	10129.602	-1801.4436
9	5	10159.729	-1828.5786
9	6	10129.92	-1789.388
9	7	10137.716	-1769.1461
9	8	10141.509	-1738.0104
9	9	10134.461	-1797.4951
9	10	10138.578	-1796.4082
9	11	10134.235	-1788.7773
9	12	10138.229	-1787.7019
9	13	10143.76	-1779.0739
9	14	10154.058	-1809.7203
9	15	10117.74	-1841.8695
9	16	10179.803	-1825.798
9	17	10154.793	-1858.8499
9	18	10158.905	-1857.871
9	19	10188.135	-1756.4574
9	20	10121.703	-1730.0118
9	21	10199.921	-1825.2576
9	22	10068.896	-1820.0444
9	23	10154.923	-1867.092
9	24	10125.845	-1722.64
10	1	10143.952	-1786.485
10	2	10145.111	-1795.9011
10	3	10145.61	-1833.0856
10	4	10129.603	-1801.4529
10	5	10159.098	-1828.8312
10	6	10129.93	-1789.7328
10	7	10137.728	-1769.5911
10	8	10141.652	-1739.054
10	9	10134.461	-1797.4951
10	10	10138.576	-1796.411
10	11	10134.233	-1788.7789
10	12	10138.229	-1787.7057
10	13	10143.761	-1779.0803
10	14	10154.463	-1808.9186
10	15	10117.76	-1841.8712
10	16	10179.49	-1825.8103
10	17	10154.793	-1858.8499
10	18	10158.905	-1857.871
10	19	10188.108	-1756.4625
10	20	10121.742	-1730.0087
10	21	10199.479	-1825.2633
10	22	10067.085	-1820.0789
10	23	10154.923	-1867.092
10	24	10125.569	-1722.9548
11	1	10143.95	-1786.4897
11	2	10145.11	-1795.9055
11	3	10144.943	-1833.6575
11	4	10129.601	-1801.4545
11	5	10158.451	-1829.1014
11	6	10129.936	-1790.0573
11	7	10137.733	-1770.0289
11	8	10141.774	-1740.0387
11	9	10134.461	-1797.495
11	10	10138.58	-1796.4105
11	11	10134.241	-1788.791
11	12	10138.229	-1787.7068
11	13	10143.758	-1779.0765
11	14	10154.852	-1808.1215
11	15	10117.798	-1841.872
11	16	10179.177	-1825.8185
11	17	10154.793	-1858.8499
11	18	10158.905	-1857.871
11	19	10188.058	-1756.467
11	20	10121.7705	-1730.0146
11	21	10199.058	-1825.2683
11	22	10065.295	-1820.1318
11	24	10125.31	-1723.2188
11	40	10158.951	-1865.7717
12	1	10143.949	-1786.4929
12	2	10145.111	-1795.9055
12	3	10144.28	-1834.258
12	4	10129.602	-1801.4603
12	5	10157.768	-1829.4154
12	6	10129.943	-1790.3563
12	7	10137.74	-1770.4713
12	8	10141.892	-1741.0442
12	9	10134.461	-1797.4952
12	10	10138.573	-1796.4143
12	11	10134.233	-1788.7821
12	12	10138.227	-1787.7041
12	13	10143.759	-1779.066
12	14	10155.225	-1807.2992
12	15	10117.805	-1841.8683
12	16	10178.908	-1825.8346
12	17	10154.793	-1858.8499
12	18	10158.905	-1857.871
12	19	10188.017	-1756.4629
12	20	10121.796	-1730.0115
12	21	10198.645	-1825.2728
12	22	10063.489	-1820.178
12	24	10125.027	-1723.4855
12	40	10158.951	-1865.7717
13	1	10143.949	-1786.4905
13	2	10145.111	-1795.9019
13	3	10143.65	-1834.8844
13	4	10129.6	-1801.4617
13	5	10157.131	-1829.73
13	6	10129.95	-1790.6532
13	7	10137.752	-1770.8877
13	8	10142.007	-1742.0054
13	9	10134.461	-1797.495
13	10	10138.579	-1796.4069
13	11	10134.232	-1788.7799
13	12	10138.227	-1787.7019
13	13	10143.76	-1779.0688
13	14	10155.574	-1806.4816
13	15	10117.835	-1841.8677
13	16	10178.613	-1825.8345
13	17	10154.793	-1858.8499
13	18	10158.905	-1857.871
13	19	10188.0	-1756.4587
13	20	10121.806	-1730.0139
13	21	10198.233	-1825.2852
13	22	10061.707	-1820.2122
13	23	10154.923	-1867.092
13	24	10124.759	-1723.7297
13	40	10158.951	-1865.7717
14	1	10143.952	-1786.4865
14	2	10145.113	-1795.9076
14	3	10143.015	-1835.5459
14	4	10129.597	-1801.4719
14	5	10156.48	-1830.0728
14	6	10129.953	-1790.9125
14	7	10137.763	-1771.2988
14	8	10142.12	-1742.9786
14	9	10134.461	-1797.4951
14	10	10138.581	-1796.4086
14	11	10134.232	-1788.7811
14	12	10138.227	-1787.7064
14	13	10143.763	-1779.07
14	14	10155.91	-1805.6371
14	15	10117.832	-1841.8679
14	16	10178.342	-1825.8333
14	17	10154.793	-1858.8499
14	18	10158.905	-1857.871
14	19	10187.958	-1756.4545
14	20	10121.843	-1730.0204
14	21	10197.78	-1825.2793
14	23	10154.923	-1867.092
14	24	10124.501	-1723.9032
14	40	10158.951	-1865.7717
15	1	10143.949	-1786.489
15	2	10145.116	-1795.9019
15	3	10142.422	-1836.227
15	4	10129.598	-1801.4689
15	5	10155.856	-1830.4346
15	6	10129.96	-1791.1604
15	7	10137.772	-1771.7122
15	8	10142.217	-1743.9064
15	9	10134.461	-1797.4951
15	10	10138.579	-1796.4116
15	11	10134.232	-1788.7817
15	12	10138.229	-1787.7059
15	13	10143.764	-1779.0792
15	14	10156.236	-1804.7675
15	15	10117.838	-1841.8746
15	16	10178.097	-1825.8475
15	17	10154.793	-1858.8499
15	18	10158.905	-1857.871
15	19	10187.907	-1756.4562
15	20	10121.836	-1730.0221
15	21	10197.358	-1825.2876
15	23	10154.923	-1867.092
15	24	10124.247	-1724.0698
15	40	10158.951	-1865.7717
16	1	10143.95	-1786.4825
16	2	10145.112	-1795.8999
16	3	10141.822	-1836.9303
16	4	10129.599	-1801.4788
16	5	10155.221	-1830.8197
16	6	10129.967	-1791.3962
16	7	10137.783	-1772.0862
16	8	10142.301	-1744.8105
16	9	10134.461	-1797.495
16	10	10138.579	-1796.4137
16	11	10134.234	-1788.7858
16	12	10138.2295	-1787.704
16	13	10143.764	-1779.0725
16	14	10156.529	-1803.9092
16	15	10117.844	-1841.8766
16	16	10177.884	-1825.8512
16	17	10154.793	-1858.8499
16	18	10158.905	-1857.871
16	19	10187.876	-1756.4554
16	20	10121.889	-1730.0198
16	21	10196.946	-1825.2906
16	23	10154.923	-1867.092
16	24	10123.989	-1724.2247
16	40	10158.951	-1865.7717
17	1	10143.95	-1786.487
17	2	10145.116	-1795.9042
17	3	10141.253	-1837.6755
17	4	10129.601	-1801.4736
17	5	10154.61	-1831.2083
17	6	10129.973	-1791.6089
17	7	10137.791	-1772.4785
17	8	10142.389	-1745.733
17	9	10134.461	-1797.4951
17	10	10138.578	-1796.4048
17	11	10134.232	-1788.7878
17	12	10138.229	-1787.702
17	13	10143.764	-1779.0742
17	14	10156.8125	-1803.0262
17	15	10117.845	-1841.876
17	16	10177.65	-1825.8588
17	17	10154.793	-1858.8499
17	18	10158.905	-1857.871
17	19	10187.871	-1756.455
17	20	10121.902	-1730.022
17	21	10196.505	-1825.2997
17	23	10154.923	-1867.092
17	24	10123.749	-1724.3657
17	40	10158.951	-1865.7717
18	1	10143.95	-1786.4823
18	2	10145.119	-1795.9054
18	3	10140.685	-1838.4568
18	4	10129.598	-1801.4811
18	5	10153.961	-1831.6421
18	6	10129.977	-1791.8314
18	7	10137.798	-1772.8446
18	8	10142.471	-1746.6312
18	9	10134.461	-1797.495
18	10	10138.58	-1796.4125
18	11	10134.234	-1788.7896
18	12	10138.228	-1787.7058
18	13	10143.766	-1779.0751
18	14	10157.074	-1802.1112
18	15	10117.823	-1841.8713
18	16	10177.441	-1825.8698
18	17	10154.793	-1858.8499
18	18	10158.905	-1857.871
18	19	10187.835	-1756.4512
18	20	10121.903	-1730.0217
18	21	10196.061	-1825.3047
18	23	10154.923	-1867.092
18	24	10123.475	-1724.5029
18	40	10158.951	-1865.7717
19	1	10143.952	-1786.4861
19	2	10145.112	-1795.9082
19	3	10140.16	-1839.235
19	4	10129.596	-1801.4978
19	5	10153.327	-1832.082
19	6	10129.981	-1792.0295
19	7	10137.808	-1773.1902
19	8	10142.549	-1747.493
19	9	10134.461	-1797.4951
19	10	10138.584	-1796.4114
19	11	10134.232	-1788.7903
19	12	10138.228	-1787.7028
19	13	10143.767	-1779.0721
19	14	10157.31	-1801.2333
19	15	10117.839	-1841.873
19	16	10177.297	-1825.8687
19	17	10154.793	-1858.8499
19	18	10158.905	-1857.871
19	19	10187.826	-1756.4587
19	20	10121.925	-1730.0275
19	21	10195.643	-1825.3115
19	23	10154.923	-1867.092
19	24	10123.159	-1724.6681
19	40	10158.951	-1865.7717
20	1	10143.95	-1786.4844
20	2	10145.117	-1795.9203
20	3	10139.651	-1840.0583
20	4	10129.599	-1801.5154
20	5	10152.699	-1832.5404
20	6	10129.995	-1792.2136
20	7	10137.817	-1773.5312
20	8	10142.624	-1748.373
20	9	10134.461	-1797.4951
20	10	10138.58	-1796.4198
20	11	10134.233	-1788.7804
20	12	10138.229	-1787.6998
20	13	10143.77	-1779.072
20	14	10157.534	-1800.3118
20	15	10117.858	-1841.872
20	16	10177.147	-1825.8745
20	17	10154.793	-1858.8499
20	18	10158.905	-1857.871
20	19	10187.798	-1756.4554
20	20	10121.937	-1730.0247
20	21	10195.22	-1825.3171
20	23	10154.923	-1867.092
20	24	10122.851	-1724.8143
20	40	10158.951	-1865.7717
21	1	10143.952	-1786.4858
21	2	10145.12	-1795.9294
21	3	10139.159	-1840.8951
21	4	10129.599	-1801.537
21	5	10152.09	-1833.027
21	6	10129.993	-1792.3906
21	7	10137.824	-1773.8563
21	8	10142.688	-1749.1859
21	9	10134.461	-1797.4951
21	10	10138.583	-1796.4269
21	11	10134.233	-1788.7905
21	12	10138.229	-1787.7064
21	13	10143.767	-1779.0771
21	14	10157.738	-1799.4144
21	15	10117.859	-1841.8763
21	16	10177.0205	-1825.8888
21	17	10154.793	-1858.8499
21	18	10158.905	-1857.871
21	19	10187.799	-1756.4591
21	20	10121.934	-1730.0221
21	21	10194.776	-1825.3126
21	23	10154.923	-1867.092
21	24	10122.506	-1724.9672
21	40	10158.951	-1865.7717
22	1	10143.952	-1786.4893
22	2	10145.126	-1795.9348
22	3	10138.698	-1841.7432
22	4	10129.598	-1801.5563
22	5	10151.458	-1833.5569
22	6	10129.999	-1792.552
22	7	10137.833	-1774.1633
22	8	10142.751	-1749.9863
22	9	10134.461	-1797.4965
22	10	10138.583	-1796.4305
22	11	10134.235	-1788.7932
22	12	10138.2295	-1787.7058
22	13	10143.767	-1779.0742
22	14	10157.936	-1798.5298
22	15	10117.851	-1841.8751
22	16	10176.925	-1825.8884
22	17	10154.793	-1858.8499
22	18	10158.905	-1857.871
22	19	10187.772	-1756.4524
22	20	10121.949	-1730.0264
22	21	10194.323	-1825.3259
22	23	10154.923	-1867.092
22	24	10122.191	-1725.0906
22	40	10158.951	-1865.7717
23	1	10143.951	-1786.484
23	2	10145.129	-1795.948
23	3	10138.24	-1842.6492
23	4	10129.596	-1801.5859
23	5	10150.85	-1834.0775
23	6	10130.0	-1792.7178
23	7	10137.84	-1774.4712
23	8	10142.806	-1750.772
23	9	10134.462	-1797.5015
23	10	10138.582	-1796.437
23	11	10134.234	-1788.8027
23	12	10138.2295	-1787.7042
23	13	10143.766	-1779.0786
23	14	10158.136	-1797.5797
23	15	10117.861	-1841.8722
23	16	10176.826	-1825.9028
23	17	10154.793	-1858.8499
23	18	10158.905	-1857.871
23	19	10187.774	-1756.4495
23	20	10121.95	-1730.0348
23	21	10193.885	-1825.335
23	23	10154.923	-1867.092
23	24	10121.802	-1725.2202
23	40	10158.951	-1865.7717
24	1	10143.952	-1786.4879
24	2	10145.131	-1795.9625
24	3	10137.809	-1843.557
24	4	10129.598	-1801.6118
24	5	10150.231	-1834.638
24	6	10130.006	-1792.8672
24	7	10137.851	-1774.7596
24	8	10142.867	-1751.5645
24	9	10134.462	-1797.5125
24	10	10138.582	-1796.4446
24	11	10134.234	-1788.7968
24	12	10138.2295	-1787.7094
24	13	10143.773	-1779.0638
24	14	10158.331	-1796.702
24	15	10117.858	-1841.8689
24	16	10176.787	-1825.9032
24	17	10154.793	-1858.8499
24	18	10158.905	-1857.871
24	19	10187.755	-1756.4393
24	20	10121.947	-1730.0249
24	21	10193.43	-1825.3462
24	23	10154.923	-1867.092
24	24	10121.398	-1725.3563
24	46	10127.874	-1721.266
25	1	10143.955	-1786.4844
25	2	10145.131	-1795.9791
25	3	10137.394	-1844.4752
25	4	10129.598	-1801.6595
25	5	10149.624	-1835.2161
25	6	10130.005	-1793.0178
25	7	10137.856	-1775.022
25	8	10142.916	-1752.3123
25	9	10134.464	-1797.5336
25	10	10138.583	-1796.462
25	11	10134.234	-1788.8007
25	12	10138.231	-1787.7076
25	13	10143.772	-1779.0647
25	15	10117.877	-1841.8693
25	16	10176.736	-1825.9039
25	17	10154.793	-1858.8499
25	19	10187.745	-1756.4431
25	20	10121.965	-1730.0288
25	21	10193.003	-1825.3514
25	23	10154.923	-1867.092
25	24	10120.901	-1725.4977
25	46	10127.577	-1721.4312
26	1	10143.954	-1786.4838
26	2	10145.129	-1796.0011
26	3	10137.005	-1845.4325
26	4	10129.6	-1801.7164
26	5	10149.015	-1835.8275
26	6	10130.006	-1793.1615
26	7	10137.864	-1775.2849
26	8	10142.966	-1753.0424
26	9	10134.463	-1797.5634
26	10	10138.582	-1796.4795
26	11	10134.235	-1788.8013
26	12	10138.23	-1787.707
26	13	10143.7705	-1779.0614
26	15	10117.865	-1841.8683
26	16	10176.693	-1825.8971
26	17	10154.793	-1858.8499
26	19	10187.716	-1756.4443
26	20	10121.986	-1730.0247
26	21	10192.557	-1825.364
26	23	10154.923	-1867.092
26	24	10120.502	-1725.62
26	46	10126.991	-1721.7678
27	1	10143.955	-1786.4861
27	2	10145.128	-1796.0358
27	3	10136.646	-1846.3672
27	4	10129.595	-1801.7822
27	5	10148.423	-1836.4474
27	6	10130.014	-1793.302
27	7	10137.871	-1775.5305
27	8	10143.009	-1753.762
27	9	10134.465	-1797.607
27	10	10138.584	-1796.5012
27	11	10134.233	-1788.8125
27	12	10138.2295	-1787.7085
27	13	10143.775	-1779.0667
27	15	10117.865	-1841.8715
27	16	10176.671	-1825.9028
27	17	10154.793	-1858.8499
27	18	10158.905	-1857.871
27	19	10187.723	-1756.4474
27	20	10121.992	-1730.0264
27	21	10192.134	-1825.3687
27	23	10154.923	-1867.092
27	24	10120.099	-1725.7244
27	46	10127.051	-1722.1616
28	1	10143.956	-1786.4822
28	2	10145.133	-1796.0792
28	3	10136.294	-1847.3496
28	4	10129.598	-1801.8632
28	5	10147.846	-1837.096
28	6	10130.018	-1793.4614
28	7	10137.879	-1775.7731
28	8	10143.05	-1754.4562
28	9	10134.465	-1797.664
28	10	10138.582	-1796.5377
28	11	10134.232	-1788.8196
28	12	10138.23	-1787.7114
28	13	10143.773	-1779.0619
28	15	10117.863	-1841.8682
28	16	10176.64	-1825.8958
28	17	10154.793	-1858.8499
28	18	10158.905	-1857.871
28	19	10187.705	-1756.448
28	20	10121.966	-1730.02
28	21	10191.693	-1825.3778
28	23	10154.923	-1867.092
28	24	10119.688	-1725.8331
28	46	10126.937	-1722.4447
29	1	10143.957	-1786.4852
29	2	10145.139	-1796.1318
29	3	10135.962	-1848.3304
29	4	10129.592	-1801.9714
29	5	10147.278	-1837.7653
29	6	10130.015	-1793.5988
29	7	10137.885	-1775.9934
29	8	10143.091	-1755.1093
29	9	10134.466	-1797.7317
29	10	10138.58	-1796.5787
29	11	10134.234	-1788.8187
29	12	10138.23	-1787.7153
29	13	10143.773	-1779.0696
29	15	10117.854	-1841.8694
29	16	10176.62	-1825.8988
29	18	10158.905	-1857.871
29	19	10187.7295	-1756.4551
29	20	10121.949	-1730.0155
29	21	10191.279	-1825.3916
29	23	10154.923	-1867.092
29	24	10119.28	-1725.921
29	46	10126.643	-1722.7482
30	1	10143.953	-1786.483
30	2	10145.147	-1796.2095
30	3	10135.636	-1849.327
30	4	10129.584	-1802.078
30	5	10146.718	-1838.4728
30	6	10130.02	-1793.7478
30	7	10137.892	-1776.2008
30	8	10143.129	-1755.7428
30	9	10134.467	-1797.8127
30	10	10138.584	-1796.6333
30	11	10134.234	-1788.8195
30	12	10138.231	-1787.7179
30	13	10143.774	-1779.0731
30	15	10117.871	-1841.8712
30	16	10176.612	-1825.9032
30	18	10158.905	-1857.871
30	19	10187.708	-1756.4535
30	20	10121.95	-1730.0154
30	21	10190.872	-1825.4001
30	24	10118.867	-1726.015
30	31	10158.952	-1865.7844
30	46	10126.385	-1723.0204
31	1	10143.957	-1786.4896
31	2	10145.146	-1796.3058
31	3	10135.307	-1850.3497
31	4	10129.588	-1802.2101
31	5	10146.173	-1839.1843
31	6	10130.024	-1793.8893
31	7	10137.899	-1776.4016
31	8	10143.161	-1756.3497
31	9	10134.468	-1797.9078
31	10	10138.588	-1796.6971
31	11	10134.236	-1788.8297
31	12	10138.229	-1787.7324
31	13	10143.769	-1779.0632
31	15	10117.863	-1841.8667
31	16	10176.6	-1825.9023
31	17	10154.793	-1858.8499
31	18	10158.905	-1857.871
31	19	10187.724	-1756.4584
31	20	10121.968	-1730.026
31	21	10190.47	-1825.3959
31	24	10118.449	-1726.0919
31	31	10158.952	-1865.7844
31	46	10126.126	-1723.3196
32	1	10143.955	-1786.4937
32	2	10145.152	-1796.4197
32	3	10135.003	-1851.3761
32	4	10129.577	-1802.3646
32	5	10145.633	-1839.9314
32	6	10130.02	-1794.034
32	7	10137.904	-1776.5845
32	8	10143.2	-1756.9385
32	9	10134.469	-1798.0156
32	10	10138.586	-1796.7924
32	11	10134.236	-1788.8369
32	12	10138.229	-1787.74
32	13	10143.7705	-1779.0723
32	15	10117.858	-1841.8673
32	16	10176.597	-1825.9062
32	17	10154.793	-1858.8499
32	18	10158.905	-1857.871
32	19	10187.701	-1756.4587
32	20	10121.957	-1730.0238
32	21	10190.077	-1825.3988
32	24	10117.984	-1726.1575
32	27	10188.431	-1775.858
32	31	10158.952	-1865.7844
32	39	10158.652	-1788.3529
32	46	10125.867	-1723.6119
33	1	10143.954	-1786.4954
33	2	10145.158	-1796.5497
33	3	10134.713	-1852.4011
33	4	10129.571	-1802.5352
33	5	10145.107	-1840.6808
33	6	10130.0205	-1794.1869
33	7	10137.911	-1776.7659
33	8	10143.223	-1757.5134
33	9	10134.47	-1798.1387
33	10	10138.582	-1796.8917
33	11	10134.236	-1788.8346
33	12	10138.23	-1787.7529
33	13	10143.77	-1779.0704
33	15	10117.85	-1841.8601
33	16	10176.609	-1825.9055
33	17	10154.793	-1858.8499
33	18	10158.905	-1857.871
33	19	10187.712	-1756.4619
33	20	10122.084	-1730.0546
33	21	10189.705	-1825.4028
33	24	10117.561	-1726.2429
33	25	10154.814	-1867.0143
33	27	10188.431	-1775.858
33	31	10158.952	-1865.7844
33	39	10158.64	-1787.3575
33	46	10125.601	-1723.8317
34	1	10143.963	-1786.4896
34	2	10145.17	-1796.6964
34	3	10134.429	-1853.4615
34	4	10129.565	-1802.722
34	5	10144.592	-1841.4628
34	6	10130.031	-1794.3458
34	7	10137.918	-1776.9407
34	8	10143.254	-1758.0723
34	9	10134.471	-1798.2781
34	10	10138.583	-1797.0098
34	11	10134.235	-1788.8442
34	12	10138.23	-1787.762
34	13	10143.769	-1779.0763
34	15	10117.864	-1841.8632
34	16	10176.608	-1825.9034
34	17	10154.793	-1858.8499
34	18	10158.905	-1857.871
34	19	10187.692	-1756.46
34	20	10121.939	-1730.0275
34	21	10189.352	-1825.4052
34	24	10117.129	-1726.3115
34	25	10154.814	-1867.0143
34	27	10188.431	-1775.858
34	31	10158.952	-1865.7844
34	39	10158.617	-1786.3442
34	46	10125.289	-1724.091
35	1	10143.963	-1786.4991
35	2	10145.172	-1796.8724
35	3	10134.168	-1854.5117
35	4	10129.555	-1802.9335
35	5	10144.083	-1842.269
35	6	10130.035	-1794.5118
35	7	10137.924	-1777.0963
35	8	10143.282	-1758.6134
35	9	10134.473	-1798.4347
35	10	10138.588	-1797.1298
35	11	10134.231	-1788.8501
35	12	10138.231	-1787.7897
35	13	10143.769	-1779.0765
35	15	10117.861	-1841.8641
35	16	10176.627	-1825.8997
35	17	10154.793	-1858.8499
35	18	10158.905	-1857.871
35	19	10187.6875	-1756.4589
35	20	10121.924	-1730.0331
35	21	10188.988	-1825.4103
35	24	10116.645	-1726.3914
35	25	10154.814	-1867.0143
35	26	10136.71	-1722.166
35	27	10188.431	-1775.858
35	31	10158.952	-1865.7844
35	39	10158.583	-1785.332
35	46	10124.981	-1724.2817
36	1	10143.956	-1786.5013
36	2	10145.187	-1797.082
36	3	10133.912	-1855.5996
36	4	10129.546	-1803.15
36	5	10143.596	-1843.1049
36	6	10130.033	-1794.6821
36	7	10137.925	-1777.2458
36	8	10143.311	-1759.1116
36	9	10134.474	-1798.6099
36	10	10138.583	-1797.268
36	11	10134.231	-1788.8721
36	12	10138.232	-1787.8143
36	13	10143.7705	-1779.0632
36	15	10117.877	-1841.8678
36	16	10176.599	-1825.8921
36	17	10154.793	-1858.8499
36	18	10158.905	-1857.871
36	19	10187.697	-1756.4598
36	20	10121.934	-1730.0352
36	21	10188.657	-1825.41
36	24	10116.173	-1726.4559
36	25	10154.814	-1867.0143
36	26	10136.698	-1723.4908
36	27	10188.431	-1775.858
36	31	10158.952	-1865.7844
36	39	10158.553	-1784.2792
36	46	10124.802	-1724.3552
37	1	10143.962	-1786.5067
37	2	10145.203	-1797.3187
37	3	10133.683	-1856.656
37	4	10129.532	-1803.3767
37	5	10143.121	-1843.9243
37	6	10130.045	-1794.8575
37	7	10137.93	-1777.3956
37	8	10143.344	-1759.6223
37	9	10134.476	-1798.8035
37	10	10138.584	-1797.4375
37	11	10134.23	-1788.89
37	12	10138.233	-1787.8342
37	13	10143.769	-1779.0728
37	15	10117.86	-1841.861
37	16	10176.624	-1825.8917
37	17	10154.793	-1858.8499
37	18	10158.905	-1857.871
37	19	10187.705	-1756.4584
37	20	10121.918	-1730.0299
37	21	10188.346	-1825.4127
37	24	10115.721	-1726.5302
37	25	10154.814	-1867.0143
37	26	10136.714	-1724.7512
37	27	10188.431	-1775.858
37	31	10158.952	-1865.7844
37	39	10158.515	-1783.1697
38	1	10143.963	-1786.5171
38	2	10145.222	-1797.5715
38	3	10133.452	-1857.7441
38	4	10129.516	-1803.6234
38	5	10142.652	-1844.7949
38	6	10130.046	-1795.0575
38	7	10137.937	-1777.5396
38	8	10143.373	-1760.0693
38	9	10134.477	-1799.0165
38	10	10138.588	-1797.6188
38	11	10134.231	-1788.9227
38	12	10138.238	-1787.8665
38	13	10143.771	-1779.0748
38	15	10117.853	-1841.8689
38	16	10176.59	-1825.889
38	17	10154.793	-1858.8499
38	18	10158.905	-1857.871
38	19	10187.703	-1756.4552
38	20	10121.928	-1730.0272
38	21	10188.023	-1825.4318
38	24	10115.276	-1726.5807
38	25	10154.814	-1867.0143
38	26	10136.715	-1726.0162
38	27	10188.431	-1775.858
38	31	10158.952	-1865.7844
38	39	10158.469	-1782.0552
39	1	10143.961	-1786.5227
39	2	10145.231	-1797.8401
39	3	10133.23	-1858.8115
39	4	10129.493	-1803.8636
39	5	10142.188	-1845.6531
39	6	10130.055	-1795.2643
39	7	10137.941	-1777.6576
39	8	10143.395	-1760.5372
39	9	10134.479	-1799.2499
39	10	10138.59	-1797.81
39	11	10134.23	-1788.9427
39	12	10138.238	-1787.8931
39	13	10143.7705	-1779.0928
39	15	10117.857	-1841.8715
39	16	10176.595	-1825.8921
39	17	10154.793	-1858.8499
39	18	10158.905	-1857.871
39	19	10187.683	-1756.4543
39	20	10121.922	-1730.0314
39	21	10187.728	-1825.4388
39	24	10114.809	-1726.6353
39	25	10154.814	-1867.0143
39	26	10136.724	-1727.2872
39	27	10188.431	-1775.858
39	31	10158.952	-1865.7844
39	39	10158.427	-1780.9403
40	1	10143.969	-1786.5199
40	2	10145.247	-1798.1458
40	3	10133.019	-1859.9008
40	4	10129.464	-1804.1283
40	5	10141.762	-1846.5204
40	6	10130.053	-1795.4819
40	7	10137.945	-1777.7778
40	8	10143.411	-1760.9666
40	9	10134.48	-1799.5042
40	10	10138.586	-1798.0225
40	11	10134.233	-1788.978
40	12	10138.238	-1787.946
40	13	10143.778	-1779.0902
40	15	10117.864	-1841.8677
40	16	10176.58	-1825.8939
40	17	10154.793	-1858.8499
40	18	10158.905	-1857.871
40	19	10187.676	-1756.455
40	20	10121.935	-1730.0295
40	21	10187.47	-1825.4436
40	24	10114.353	-1726.6995
40	25	10154.814	-1867.0143
40	26	10136.746	-1728.5428
40	27	10188.431	-1775.858
40	31	10158.952	-1865.7844
40	39	10158.385	-1779.8007
41	1	10143.961	-1786.5323
41	2	10145.269	-1798.4688
41	3	10132.84	-1860.9591
41	4	10129.437	-1804.4081
41	5	10141.337	-1847.4001
41	6	10130.06	-1795.7156
41	7	10137.947	-1777.8959
41	8	10143.432	-1761.4036
41	9	10134.481	-1799.7804
41	10	10138.588	-1798.266
41	11	10134.228	-1789.026
41	12	10138.241	-1788.0002
41	13	10143.776	-1779.0881
41	15	10117.862	-1841.866
41	16	10176.565	-1825.8997
41	17	10154.793	-1858.8499
41	18	10158.905	-1857.871
41	19	10187.658	-1756.4537
41	20	10121.944	-1730.0299
41	21	10187.197	-1825.4437
41	24	10113.921	-1726.7731
41	25	10154.814	-1867.0143
41	26	10136.763	-1729.8096
41	27	10188.431	-1775.858
41	31	10158.952	-1865.7844
41	39	10158.35	-1778.6757
42	1	10143.962	-1786.549
42	2	10145.286	-1798.8154
42	3	10132.6455	-1862.0287
42	4	10129.393	-1804.6925
42	5	10140.913	-1848.3102
42	6	10130.06	-1795.961
42	7	10137.954	-1777.9945
42	8	10143.453	-1761.7943
42	9	10134.486	-1800.0778
42	10	10138.588	-1798.5112
42	11	10134.227	-1789.0669
42	12	10138.242	-1788.0604
42	13	10143.773	-1779.097
42	15	10117.864	-1841.8694
42	16	10176.577	-1825.9034
42	17	10154.793	-1858.8499
42	18	10158.905	-1857.871
42	19	10187.656	-1756.4519
42	20	10121.953	-1730.0323
42	21	10186.92	-1825.4475
42	25	10154.814	-1867.0143
42	26	10136.781	-1731.0356
42	27	10188.431	-1775.858
42	31	10158.952	-1865.7844
42	34	10207.022	-1825.4331
42	39	10158.305	-1777.4858
43	1	10143.963	-1786.5564
43	2	10145.312	-1799.1968
43	3	10132.454	-1863.1249
43	4	10129.349	-1804.9933
43	5	10140.488	-1849.2787
43	6	10130.0625	-1796.2152
43	7	10137.956	-1778.0974
43	8	10143.463	-1762.1871
43	9	10134.488	-1800.3965
43	10	10138.587	-1798.7852
43	11	10134.229	-1789.1208
43	12	10138.241	-1788.1359
43	13	10143.772	-1779.1099
43	15	10117.858	-1841.8724
43	16	10176.537	-1825.8969
43	17	10154.793	-1858.8499
43	18	10158.905	-1857.871
43	19	10187.669	-1756.4452
43	20	10121.949	-1730.0251
43	21	10186.674	-1825.4562
43	25	10154.814	-1867.0143
43	26	10136.779	-1732.2567
43	27	10188.431	-1775.858
43	31	10158.952	-1865.7844
43	34	10206.275	-1825.4069
43	39	10158.27	-1776.3179
44	1	10143.971	-1786.5673
44	2	10145.33	-1799.5881
44	3	10132.276	-1864.193
44	4	10129.298	-1805.3049
44	5	10140.105	-1850.2172
44	6	10130.066	-1796.4792
44	7	10137.963	-1778.1931
44	8	10143.479	-1762.5587
44	9	10134.49	-1800.7383
44	10	10138.591	-1799.0713
44	11	10134.23	-1789.1771
44	12	10138.247	-1788.2141
44	13	10143.773	-1779.1056
44	15	10117.86	-1841.8766
44	16	10176.537	-1825.8977
44	17	10154.793	-1858.8499
44	18	10158.905	-1857.871
44	19	10187.659	-1756.4558
44	20	10121.937	-1730.0338
44	21	10186.42	-1825.4596
44	25	10154.814	-1867.0143
44	26	10136.789	-1733.4888
44	27	10188.431	-1775.858
44	31	10158.952	-1865.7844
44	34	10205.633	-1825.4015
44	39	10158.233	-1775.1349
45	1	10143.97	-1786.5984
45	2	10145.352	-1800.0059
45	3	10132.111	-1865.2571
45	4	10129.236	-1805.6283
45	5	10139.724	-1851.2051
45	6	10130.074	-1796.7462
45	7	10137.964	-1778.279
45	8	10143.497	-1762.9337
45	9	10134.494	-1801.1042
45	10	10138.589	-1799.3871
45	11	10134.234	-1789.2283
45	12	10138.251	-1788.322
45	13	10143.772	-1779.1046
45	15	10117.876	-1841.8752
45	16	10176.536	-1825.8978
45	17	10154.793	-1858.8499
45	18	10158.905	-1857.871
45	19	10187.639	-1756.466
45	20	10121.948	-1730.0352
45	21	10186.191	-1825.4706
45	25	10154.814	-1867.0143
45	26	10136.798	-1734.6263
45	27	10188.431	-1775.858
45	31	10158.952	-1865.7844
45	34	10204.983	-1825.3827
45	39	10158.201	-1773.9486
46	1	10143.97	-1786.6293
46	2	10145.382	-1800.4292
46	3	10131.941	-1866.3754
46	4	10129.166	-1805.9429
46	5	10139.342	-1852.2532
46	6	10130.077	-1797.0087
46	7	10137.965	-1778.3672
46	8	10143.51	-1763.311
46	9	10134.496	-1801.4949
46	10	10138.594	-1799.7091
46	11	10134.234	-1789.3083
46	12	10138.257	-1788.4412
46	13	10143.7705	-1779.1094
46	15	10117.866	-1841.8783
46	16	10176.513	-1825.9042
46	17	10154.793	-1858.8499
46	18	10158.905	-1857.871
46	19	10187.635	-1756.4662
46	20	10121.958	-1730.0387
46	21	10186.012	-1825.4801
46	25	10154.814	-1867.0143
46	26	10136.814	-1735.8215
46	27	10188.431	-1775.858
46	31	10158.952	-1865.7844
46	34	10204.314	-1825.4004
46	39	10158.166	-1772.7135
47	1	10143.978	-1786.6827
47	2	10145.401	-1800.877
47	3	10131.778	-1867.439
47	4	10129.097	-1806.2839
47	5	10139.008	-1853.2668
47	6	10130.083	-1797.2832
47	7	10137.969	-1778.4446
47	8	10143.521	-1763.637
47	9	10134.501	-1801.9094
47	10	10138.596	-1800.0557
47	11	10134.232	-1789.397
47	12	10138.259	-1788.5886
47	13	10143.771	-1779.1243
47	15	10117.862	-1841.8833
47	16	10176.507	-1825.9039
47	17	10154.793	-1858.8499
47	18	10158.905	-1857.871
47	19	10187.66	-1756.4614
47	20	10121.947	-1730.0507
47	21	10185.866	-1825.4786
47	25	10154.814	-1867.0143
47	26	10136.832	-1737.0184
47	27	10188.431	-1775.858
47	28	10158.406	-1873.2797
47	31	10158.952	-1865.7844
47	34	10203.684	-1825.3944
47	39	10158.133	-1771.4924
48	1	10143.983	-1786.7522
48	2	10145.433	-1801.3488
48	3	10131.64	-1868.5153
48	4	10129.003	-1806.6293
48	5	10138.704	-1854.2871
48	6	10130.088	-1797.5629
48	7	10137.973	-1778.5199
48	8	10143.533	-1763.9664
48	9	10134.505	-1802.3479
48	10	10138.594	-1800.4227
48	11	10134.235	-1789.4962
48	12	10138.266	-1788.7445
48	13	10143.769	-1779.1259
48	15	10117.873	-1841.8827
48	16	10176.488	-1825.9076
48	17	10154.793	-1858.8499
48	18	10158.905	-1857.871
48	19	10187.672	-1756.4625
48	20	10121.951	-1730.0452
48	21	10185.738	-1825.4843
48	25	10154.814	-1867.0143
48	26	10136.835	-1738.1538
48	27	10188.431	-1775.858
48	28	10158.406	-1873.2797
48	31	10158.952	-1865.7844
48	34	10203.056	-1825.4119
48	39	10158.093	-1770.2673
49	1	10143.992	-1786.8424
49	2	10145.471	-1801.8286
49	3	10131.502	-1869.5985
49	4	10128.914	-1806.974
49	5	10138.385	-1855.3246
49	6	10130.092	-1797.844
49	7	10137.98	-1778.6007
49	8	10143.551	-1764.2924
49	9	10134.509	-1802.8094
49	10	10138.599	-1800.8085
49	11	10134.237	-1789.6022
49	12	10138.274	-1788.9266
49	13	10143.769	-1779.1271
49	15	10117.873	-1841.8871
49	16	10176.496	-1825.9104
49	17	10154.793	-1858.8499
49	18	10158.905	-1857.871
49	19	10187.665	-1756.4656
49	20	10121.929	-1730.0428
49	21	10185.594	-1825.4921
49	25	10154.814	-1867.0143
49	26	10136.836	-1739.3153
49	27	10188.431	-1775.858
49	28	10158.406	-1873.2797
49	31	10158.952	-1865.7844
49	34	10202.492	-1825.4275
49	39	10158.064	-1769.0641
50	1	10144.004	-1786.9648
50	2	10145.492	-1802.3503
50	3	10131.375	-1870.6772
50	4	10128.806	-1807.3279
50	5	10138.11	-1856.3699
50	6	10130.091	-1798.1385
50	7	10137.979	-1778.6805
50	8	10143.553	-1764.575
50	9	10134.515	-1803.2968
50	10	10138.6	-1801.1996
50	11	10134.236	-1789.7316
50	12	10138.278	-1789.1182
50	13	10143.769	-1779.1478
50	15	10117.872	-1841.8864
50	16	10176.488	-1825.9147
50	17	10154.793	-1858.8499
50	18	10158.905	-1857.871
50	19	10187.665	-1756.4658
50	20	10121.975	-1730.0491
50	21	10185.476	-1825.4907
50	25	10154.814	-1867.0143
50	26	10136.847	-1740.383
50	27	10188.431	-1775.858
50	28	10158.406	-1873.2797
50	29	10154.804	-1877.4392
50	31	10158.952	-1865.7844
50	34	10201.882	-1825.4519
50	39	10158.031	-1767.8131
51	1	10144.017	-1787.0996
51	2	10145.53	-1802.8657
51	3	10131.257	-1871.7405
51	4	10128.687	-1807.6936
51	5	10137.845	-1857.4456
51	6	10130.095	-1798.433
51	7	10137.984	-1778.7655
51	8	10143.558	-1764.8597
51	9	10134.517	-1803.8097
51	10	10138.6045	-1801.6156
51	11	10134.236	-1789.8784
51	12	10138.285	-1789.3502
51	13	10143.767	-1779.1699
51	15	10117.858	-1841.8811
51	16	10176.502	-1825.9105
51	17	10154.793	-1858.8499
51	18	10158.905	-1857.871
51	19	10187.683	-1756.4648
51	20	10122.014	-1730.0485
51	21	10185.368	-1825.4978
51	25	10154.814	-1867.0143
51	26	10136.8545	-1741.4841
51	27	10188.431	-1775.858
51	28	10158.406	-1873.2797
51	29	10154.804	-1877.4392
51	30	10064.252	-1832.5924
51	31	10158.952	-1865.7844
51	34	10201.297	-1825.4684
51	39	10158.02	-1766.5696
52	1	10144.029	-1787.2739
52	2	10145.568	-1803.4113
52	3	10131.144	-1872.8066
52	4	10128.561	-1808.059
52	5	10137.594	-1858.5594
52	6	10130.096	-1798.72
52	7	10137.987	-1778.8372
52	8	10143.568	-1765.1533
52	9	10134.523	-1804.3478
52	10	10138.61	-1802.0532
52	11	10134.24	-1790.0448
52	12	10138.293	-1789.6052
52	13	10143.767	-1779.177
52	15	10117.865	-1841.8822
52	16	10176.505	-1825.9166
52	17	10154.793	-1858.8499
52	18	10158.905	-1857.871
52	19	10187.722	-1756.4653
52	20	10122.063	-1730.0732
52	21	10185.297	-1825.506
52	25	10154.814	-1867.0143
52	26	10136.878	-1742.6317
52	27	10188.431	-1775.858
52	28	10158.406	-1873.2797
52	29	10154.804	-1877.4392
52	30	10065.323	-1832.539
52	31	10158.952	-1865.7844
52	33	10193.585	-1786.32
52	34	10200.761	-1825.4921
52	39	10157.998	-1765.2218
53	1	10144.052	-1787.4823
53	2	10145.608	-1803.9655
53	3	10131.038	-1873.8556
53	4	10128.41	-1808.4261
53	5	10137.374	-1859.6685
53	6	10130.101	-1799.018
53	7	10137.989	-1778.9446
53	8	10143.575	-1765.4263
53	9	10134.528	-1804.9093
53	10	10138.606	-1802.5076
53	11	10134.248	-1790.2269
53	12	10138.301	-1789.8881
53	13	10143.767	-1779.193
53	15	10117.871	-1841.8777
53	16	10176.495	-1825.9103
53	17	10154.793	-1858.8499
53	18	10158.905	-1857.871
53	19	10187.709	-1756.492
53	20	10122.062	-1730.0979
53	21	10185.207	-1825.5038
53	25	10154.814	-1867.0143
53	26	10136.89	-1743.6969
53	27	10188.431	-1775.858
53	28	10158.406	-1873.2797
53	29	10154.804	-1877.4392
53	30	10066.335	-1832.4818
53	31	10158.952	-1865.7844
53	33	10193.585	-1786.32
53	34	10200.213	-1825.4946
54	1	10144.077	-1787.7257
54	2	10145.654	-1804.5459
54	3	10130.94	-1874.9247
54	4	10128.254	-1808.799
54	5	10137.168	-1860.7834
54	6	10130.104	-1799.3278
54	7	10137.997	-1779.0261
54	8	10143.587	-1765.6797
54	9	10134.533	-1805.4968
54	10	10138.606	-1802.976
54	11	10134.25	-1790.434
54	12	10138.307	-1790.1659
54	13	10143.767	-1779.2313
54	15	10117.88	-1841.8787
54	16	10176.52	-1825.9088
54	17	10154.793	-1858.8499
54	18	10158.905	-1857.871
54	19	10187.662	-1756.5011
54	21	10185.14	-1825.5059
54	25	10154.814	-1867.0143
54	26	10136.901	-1744.7366
54	27	10188.431	-1775.858
54	28	10158.406	-1873.2797
54	29	10154.804	-1877.4392
54	30	10067.407	-1832.429
54	31	10158.952	-1865.7844
54	33	10193.585	-1786.32
54	34	10199.671	-1825.507
55	1	10144.1045	-1787.9883
55	2	10145.709	-1805.1407
55	3	10130.828	-1876.0073
55	4	10128.076	-1809.1685
55	5	10136.992	-1861.8988
55	6	10130.1045	-1799.6525
55	7	10138.003	-1779.1257
55	8	10143.597	-1765.9327
55	9	10134.54	-1806.1083
55	10	10138.605	-1803.4552
55	11	10134.256	-1790.6796
55	12	10138.317	-1790.506
55	13	10143.767	-1779.2524
55	15	10117.867	-1841.8967
55	16	10176.522	-1825.9142
55	17	10154.793	-1858.8499
55	18	10158.905	-1857.871
55	19	10187.688	-1756.4905
55	21	10185.099	-1825.506
55	25	10154.814	-1867.0143
55	26	10136.929	-1745.8196
55	27	10188.431	-1775.858
55	28	10158.406	-1873.2797
55	29	10154.804	-1877.4392
55	30	10068.44	-1832.367
55	31	10158.952	-1865.7844
55	32	10128.482	-1729.3829
55	33	10193.585	-1786.32
55	34	10199.191	-1825.5149
56	1	10144.137	-1788.2931
56	2	10145.769	-1805.7426
56	3	10130.7295	-1877.0623
56	4	10127.901	-1809.5289
56	5	10136.818	-1863.0702
56	6	10130.108	-1799.9949
56	7	10138.009	-1779.2263
56	8	10143.604	-1766.1693
56	9	10134.545	-1806.7449
56	10	10138.603	-1803.9662
56	11	10134.259	-1790.9423
56	12	10138.324	-1790.8613
56	13	10143.772	-1779.2816
56	15	10117.874	-1841.8931
56	16	10176.508	-1825.9204
56	17	10154.793	-1858.8499
56	18	10158.905	-1857.871
56	19	10187.626	-1756.5006
56	21	10185.0205	-1825.5055
56	25	10154.814	-1867.0143
56	26	10136.944	-1746.855
56	27	10188.431	-1775.858
56	28	10158.406	-1873.2797
56	29	10154.804	-1877.4392
56	30	10069.4795	-1832.3268
56	31	10158.952	-1865.7844
56	32	10128.495	-1730.3302
56	33	10193.585	-1786.32
56	34	10198.684	-1825.5193
57	1	10144.171	-1788.6143
57	2	10145.829	-1806.3438
57	3	10130.653	-1878.1039
57	4	10127.697	-1809.9032
57	5	10136.674	-1864.2283
57	6	10130.112	-1800.3374
57	7	10138.006	-1779.3247
57	8	10143.615	-1766.4247
57	9	10134.551	-1807.4047
57	10	10138.604	-1804.4929
57	11	10134.264	-1791.2313
57	12	10138.334	-1791.223
57	13	10143.776	-1779.3433
57	15	10117.873	-1841.8911
57	16	10176.509	-1825.9198
57	17	10154.793	-1858.8499
57	18	10158.905	-1857.871
57	19	10187.607	-1756.5059
57	21	10184.96	-1825.5085
57	25	10154.814	-1867.0143
57	26	10136.952	-1747.8801
57	27	10188.431	-1775.858
57	28	10158.406	-1873.2797
57	29	10154.804	-1877.4392
57	30	10070.52	-1832.2657
57	31	10158.952	-1865.7844
57	32	10128.509	-1731.2705
57	33	10193.585	-1786.32
57	34	10198.21	-1825.5166
57	38	10196.589	-1786.7346
58	1	10144.207	-1788.9769
58	2	10145.903	-1806.969
58	3	10130.59	-1879.1594
58	4	10127.481	-1810.2661
58	5	10136.533	-1865.3895
58	6	10130.114	-1800.7189
58	7	10138.019	-1779.441
58	8	10143.626	-1766.6497
58	9	10134.556	-1808.0887
58	10	10138.602	-1805.0338
58	11	10134.266	-1791.5199
58	12	10138.347	-1791.6345
58	13	10143.784	-1779.4099
58	15	10117.863	-1841.891
58	16	10176.491	-1825.9264
58	17	10154.793	-1858.8499
58	18	10158.905	-1857.871
58	19	10187.564	-1756.5146
58	21	10184.947	-1825.5116
58	25	10154.814	-1867.0143
58	26	10136.962	-1748.8744
58	27	10188.431	-1775.858
58	28	10158.406	-1873.2797
58	29	10154.804	-1877.4392
58	30	10071.533	-1832.2312
58	31	10158.952	-1865.7844
58	32	10128.508	-1732.1787
58	33	10193.585	-1786.32
58	34	10197.762	-1825.5378
58	38	10196.589	-1786.7346
59	1	10144.247	-1789.3718
59	2	10145.9795	-1807.601
59	3	10130.525	-1880.2179
59	4	10127.257	-1810.6216
59	5	10136.415	-1866.5865
59	6	10130.118	-1801.1124
59	7	10138.024	-1779.5541
59	8	10143.634	-1766.8741
59	9	10134.562	-1808.797
59	10	10138.595	-1805.5991
59	11	10134.274	-1791.8524
59	12	10138.356	-1792.0441
59	13	10143.787	-1779.5015
59	15	10117.871	-1841.8912
59	16	10176.471	-1825.9254
59	17	10154.793	-1858.8499
59	18	10158.905	-1857.871
59	19	10187.554	-1756.5149
59	21	10184.9	-1825.5145
59	25	10154.814	-1867.0143
59	26	10136.988	-1749.848
59	27	10188.431	-1775.858
59	28	10158.406	-1873.2797
59	29	10154.804	-1877.4392
59	30	10072.566	-1832.1909
59	31	10158.952	-1865.7844
59	32	10128.496	-1733.1128
59	33	10193.585	-1786.32
59	34	10197.3	-1825.5409
59	38	10196.589	-1786.7346
59	43	10139.872	-1731.7262
60	1	10144.285	-1789.7728
60	2	10146.07	-1808.2435
60	3	10130.455	-1881.2563
60	4	10127.017	-1810.9802
60	5	10136.303	-1867.7686
60	6	10130.118	-1801.5001
60	7	10138.027	-1779.6708
60	8	10143.641	-1767.0891
60	9	10134.566	-1809.5295
60	10	10138.596	-1806.1868
60	11	10134.283	-1792.1962
60	12	10138.369	-1792.4728
60	13	10143.801	-1779.5969
60	15	10117.867	-1841.891
60	16	10176.458	-1825.9324
60	17	10154.793	-1858.8499
60	18	10158.905	-1857.871
60	19	10187.532	-1756.5164
60	21	10184.892	-1825.508
60	25	10154.814	-1867.0143
60	26	10136.989	-1750.8323
60	27	10188.431	-1775.858
60	28	10158.406	-1873.2797
60	29	10154.804	-1877.4392
60	30	10073.56	-1832.1407
60	31	10158.952	-1865.7844
60	32	10128.515	-1734.0225
60	33	10193.585	-1786.32
60	34	10196.868	-1825.5363
60	38	10196.589	-1786.7346
60	43	10139.984	-1732.6693
60	49	10157.589	-1754.7767
61	1	10144.332	-1790.2211
61	2	10146.165	-1808.903
61	3	10130.395	-1882.2853
61	4	10126.764	-1811.3121
61	5	10136.197	-1868.9902
61	6	10130.117	-1801.9117
61	7	10138.032	-1779.7992
61	8	10143.651	-1767.287
61	9	10134.57	-1810.2849
61	10	10138.603	-1806.7656
61	11	10134.286	-1792.5712
61	12	10138.384	-1792.9448
61	13	10143.812	-1779.759
61	15	10117.86	-1841.8906
61	16	10176.464	-1825.9297
61	17	10154.793	-1858.8499
61	18	10158.905	-1857.871
61	19	10187.539	-1756.5223
61	21	10184.8545	-1825.5082
61	25	10154.814	-1867.0143
61	26	10137.001	-1751.7964
61	27	10188.431	-1775.858
61	28	10158.406	-1873.2797
61	29	10154.804	-1877.4392
61	30	10074.563	-1832.096
61	31	10158.952	-1865.7844
61	32	10128.506	-1734.9813
61	33	10193.585	-1786.32
61	34	10196.443	-1825.54
61	38	10196.589	-1786.7346
61	43	10140.1045	-1733.6328
61	49	10157.559	-1753.305
62	1	10144.386	-1790.7067
62	2	10146.2705	-1809.5612
62	3	10130.333	-1883.3062
62	4	10126.488	-1811.6691
62	5	10136.098	-1870.1901
62	6	10130.106	-1802.3407
62	7	10138.039	-1779.9569
62	8	10143.651	-1767.4828
62	9	10134.574	-1811.0629
62	10	10138.606	-1807.3822
62	11	10134.293	-1792.9719
62	12	10138.397	-1793.448
62	13	10143.825	-1779.925
62	15	10117.866	-1841.8893
62	16	10176.471	-1825.928
62	17	10154.793	-1858.8499
62	18	10158.905	-1857.871
62	19	10187.604	-1756.5256
62	21	10184.831	-1825.5092
62	25	10154.814	-1867.0143
62	26	10137.018	-1752.7473
62	27	10188.431	-1775.858
62	28	10158.406	-1873.2797
62	29	10154.804	-1877.4392
62	30	10075.573	-1832.0571
62	31	10158.952	-1865.7844
62	32	10128.512	-1736.0192
62	33	10193.585	-1786.32
62	34	10196.032	-1825.5479
62	35	10159.109	-1884.197
62	36	10106.4375	-1873.7201
62	38	10196.589	-1786.7346
62	43	10140.233	-1734.6128
62	49	10157.51	-1751.9813
63	1	10144.435	-1791.1935
63	2	10146.382	-1810.2249
63	3	10130.263	-1884.3605
63	4	10126.213	-1812.0016
63	5	10136.012	-1871.4214
63	6	10130.096	-1802.7783
63	7	10138.046	-1780.1289
63	8	10143.659	-1767.6722
63	9	10134.578	-1811.8634
63	10	10138.607	-1807.9966
63	11	10134.3	-1793.3735
63	12	10138.409	-1793.9473
63	13	10143.838	-1780.1083
63	15	10117.865	-1841.8958
63	16	10176.452	-1825.9249
63	17	10154.793	-1858.8499
63	18	10158.905	-1857.871
63	19	10187.477	-1756.5377
63	21	10184.793	-1825.5042
63	25	10154.814	-1867.0143
63	26	10137.043	-1753.65
63	27	10188.431	-1775.858
63	28	10158.406	-1873.2797
63	29	10154.804	-1877.4392
63	30	10076.575	-1832.0189
63	31	10158.952	-1865.7844
63	32	10128.521	-1736.9834
63	33	10193.585	-1786.32
63	34	10195.68	-1825.556
63	35	10159.109	-1884.197
63	36	10106.4375	-1873.7201
63	38	10196.589	-1786.7346
63	43	10140.369	-1735.5671
63	49	10157.502	-1750.6022
64	1	10144.49	-1791.7412
64	2	10146.509	-1810.9095
64	3	10130.213	-1885.3887
64	4	10125.904	-1812.337
64	5	10135.934	-1872.6993
64	6	10130.075	-1803.2245
64	7	10138.048	-1780.2887
64	8	10143.666	-1767.8807
64	9	10134.579	-1812.6871
64	10	10138.604	-1808.6233
64	11	10134.308	-1793.8099
64	12	10138.426	-1794.4868
64	13	10143.86	-1780.3455
64	15	10117.864	-1841.901
64	16	10176.473	-1825.9275
64	17	10154.793	-1858.8499
64	18	10158.905	-1857.871
64	21	10184.7705	-1825.5087
64	25	10154.814	-1867.0143
64	26	10137.072	-1754.5741
64	27	10188.431	-1775.858
64	28	10158.406	-1873.2797
64	29	10154.804	-1877.4392
64	30	10077.557	-1831.977
64	31	10158.952	-1865.7844
64	32	10128.54	-1737.9918
64	33	10193.585	-1786.32
64	34	10195.338	-1825.5685
64	35	10159.109	-1884.197
64	36	10106.4375	-1873.7201
64	38	10196.589	-1786.7346
64	43	10140.501	-1736.4987
64	49	10157.477	-1749.1842
65	1	10144.547	-1792.2975
65	2	10146.654	-1811.6128
65	3	10130.168	-1886.4216
65	4	10125.594	-1812.6621
65	5	10135.869	-1873.952
65	6	10130.047	-1803.6742
65	7	10138.059	-1780.4972
65	8	10143.675	-1768.0725
65	9	10134.581	-1813.5338
65	10	10138.6	-1809.2876
65	11	10134.314	-1794.2386
65	12	10138.44	-1795.0522
65	13	10143.873	-1780.6063
65	15	10117.86	-1841.9037
65	16	10176.451	-1825.935
65	17	10154.793	-1858.8499
65	18	10158.905	-1857.871
65	21	10184.758	-1825.5052
65	25	10154.814	-1867.0143
65	26	10137.081	-1755.4529
65	27	10188.431	-1775.858
65	28	10158.406	-1873.2797
65	29	10154.804	-1877.4392
65	30	10078.569	-1831.9362
65	31	10158.952	-1865.7844
65	32	10128.548	-1738.9927
65	33	10193.585	-1786.32
65	34	10194.991	-1825.5677
65	35	10159.109	-1884.197
65	36	10106.4375	-1873.7201
65	37	10154.797	-1888.0542
65	38	10196.589	-1786.7346
65	43	10140.621	-1737.3992
65	49	10157.438	-1747.7648
66	1	10144.608	-1792.8811
66	2	10146.795	-1812.2932
66	3	10130.141	-1887.431
66	4	10125.263	-1812.9832
66	5	10135.814	-1875.2141
66	6	10130.007	-1804.1224
66	7	10138.066	-1780.7295
66	8	10143.678	-1768.2456
66	9	10134.582	-1814.4027
66	10	10138.598	-1809.9702
66	11	10134.324	-1794.7074
66	12	10138.455	-1795.6378
66	13	10143.896	-1780.8973
66	15	10117.868	-1841.9058
66	16	10176.456	-1825.9341
66	17	10154.793	-1858.8499
66	18	10158.905	-1857.871
66	21	10184.747	-1825.5
66	25	10154.814	-1867.0143
66	26	10137.103	-1756.3141
66	27	10188.431	-1775.858
66	28	10158.406	-1873.2797
66	29	10154.804	-1877.4392
66	30	10079.554	-1831.8994
66	31	10158.952	-1865.7844
66	32	10128.573	-1739.9968
66	33	10193.585	-1786.32
66	34	10194.677	-1825.5652
66	35	10159.109	-1884.197
66	36	10106.4375	-1873.7201
66	37	10154.797	-1888.0542
66	38	10196.589	-1786.7346
66	43	10140.755	-1738.2736
66	49	10157.403	-1746.314
67	1	10144.668	-1793.499
67	2	10146.959	-1813.0103
67	3	10130.129	-1888.4558
67	4	10124.918	-1813.2919
67	5	10135.785	-1876.477
67	6	10129.954	-1804.5743
67	7	10138.078	-1780.9784
67	8	10143.695	-1768.4397
67	9	10134.581	-1815.2955
67	10	10138.603	-1810.6467
67	11	10134.336	-1795.2001
67	12	10138.472	-1796.2466
67	13	10143.919	-1781.2097
67	15	10117.875	-1841.9043
67	16	10176.462	-1825.9346
67	17	10154.793	-1858.8499
67	18	10158.905	-1857.871
67	21	10184.74	-1825.4979
67	25	10154.814	-1867.0143
67	26	10137.124	-1757.1423
67	27	10188.431	-1775.858
67	28	10158.406	-1873.2797
67	29	10154.804	-1877.4392
67	30	10080.527	-1831.861
67	32	10128.58	-1741.0415
67	33	10193.585	-1786.32
67	34	10194.384	-1825.5636
67	35	10159.109	-1884.197
67	36	10106.4375	-1873.7201
67	37	10154.797	-1888.0542
67	38	10196.589	-1786.7346
67	43	10140.871	-1739.1552
67	49	10157.392	-1744.842
68	1	10144.736	-1794.1431
68	2	10147.141	-1813.7222
68	3	10130.089	-1889.515
68	4	10124.543	-1813.6042
68	5	10135.752	-1877.7921
68	6	10129.889	-1805.0225
68	7	10138.086	-1781.2719
68	8	10143.7	-1768.6176
68	9	10134.58	-1816.2106
68	10	10138.596	-1811.3606
68	11	10134.346	-1795.6815
68	12	10138.487	-1796.8872
68	13	10143.944	-1781.5557
68	15	10117.856	-1841.9067
68	16	10176.451	-1825.9376
68	17	10154.793	-1858.8499
68	18	10158.905	-1857.871
68	21	10184.708	-1825.5021
68	25	10154.814	-1867.0143
68	26	10137.148	-1758.0026
68	27	10188.431	-1775.858
68	28	10158.406	-1873.2797
68	29	10154.804	-1877.4392
68	30	10081.473	-1831.8268
68	32	10128.589	-1742.1058
68	33	10193.585	-1786.32
68	34	10194.051	-1825.5562
68	35	10159.109	-1884.197
68	36	10106.4375	-1873.7201
68	37	10154.797	-1888.0542
68	38	10196.589	-1786.7346
68	43	10141.0	-1739.9856
68	49	10157.387	-1743.3374
69	1	10144.807	-1794.8221
69	2	10147.335	-1814.444
69	3	10130.044	-1890.5189
69	4	10124.159	-1813.9032
69	5	10135.742	-1879.114
69	6	10129.807	-1805.4786
69	7	10138.094	-1781.553
69	8	10143.709	-1768.7966
69	9	10134.578	-1817.1473
69	10	10138.596	-1812.0737
69	11	10134.356	-1796.1823
69	12	10138.503	-1797.5215
69	13	10143.968	-1781.9414
69	15	10117.856	-1841.9078
69	16	10176.443	-1825.9349
69	17	10154.793	-1858.8499
69	18	10158.905	-1857.871
69	21	10184.689	-1825.4912
69	25	10154.814	-1867.0143
69	26	10137.161	-1758.8162
69	27	10188.431	-1775.858
69	28	10158.406	-1873.2797
69	29	10154.804	-1877.4392
69	30	10082.4375	-1831.7928
69	32	10128.604	-1743.1692
69	33	10193.585	-1786.32
69	34	10193.781	-1825.5511
69	35	10159.109	-1884.197
69	36	10106.4375	-1873.7201
69	37	10154.797	-1888.0542
69	38	10196.589	-1786.7346
69	43	10141.123	-1740.7802
70	1	10144.881	-1795.5197
70	2	10147.538	-1815.1603
70	3	10130.043	-1891.5336
70	4	10123.757	-1814.1766
70	5	10135.718	-1880.3585
70	6	10129.707	-1805.9454
70	7	10138.1045	-1781.8712
70	8	10143.718	-1769.0022
70	9	10134.574	-1818.1051
70	10	10138.601	-1812.8226
70	11	10134.365	-1796.732
70	12	10138.5205	-1798.1887
70	13	10143.999	-1782.3535
70	15	10117.853	-1841.9132
70	16	10176.4375	-1825.9343
70	17	10154.793	-1858.8499
70	18	10158.905	-1857.871
70	21	10184.673	-1825.4971
70	25	10154.814	-1867.0143
70	26	10137.191	-1759.5752
70	27	10188.431	-1775.858
70	28	10158.406	-1873.2797
70	29	10154.804	-1877.4392
70	30	10083.372	-1831.7594
70	32	10128.628	-1744.2308
70	33	10193.585	-1786.32
70	34	10193.501	-1825.5458
70	35	10159.109	-1884.197
70	36	10106.4375	-1873.7201
70	37	10154.797	-1888.0542
70	38	10196.589	-1786.7346
70	43	10141.248	-1741.6096
71	1	10144.959	-1796.2452
71	2	10147.773	-1815.894
71	3	10130.016	-1892.531
71	4	10123.341	-1814.4573
71	5	10135.697	-1881.6686
71	6	10129.592	-1806.4146
71	7	10138.121	-1782.198
71	8	10143.727	-1769.2006
71	9	10134.571	-1819.0835
71	10	10138.598	-1813.5809
71	11	10134.378	-1797.2711
71	12	10138.535	-1798.8967
71	13	10144.034	-1782.806
71	15	10117.855	-1841.9124
71	16	10176.447	-1825.9392
71	17	10154.793	-1858.8499
71	18	10158.905	-1857.871
71	21	10184.693	-1825.4994
71	25	10154.814	-1867.0143
71	26	10137.205	-1760.334
71	27	10188.431	-1775.858
71	28	10158.406	-1873.2797
71	29	10154.804	-1877.4392
71	30	10084.35	-1831.7239
71	32	10128.646	-1745.3186
71	33	10193.585	-1786.32
71	34	10193.357	-1825.553
71	35	10159.109	-1884.197
71	36	10106.4375	-1873.7201
71	37	10154.797	-1888.0542
71	38	10196.589	-1786.7346
71	43	10141.381	-1742.4073
72	1	10145.038	-1797.014
72	2	10148.014	-1816.6316
72	3	10129.982	-1893.5309
72	4	10122.904	-1814.7157
72	5	10135.684	-1882.974
72	6	10129.457	-1806.8914
72	7	10138.136	-1782.5798
72	8	10143.736	-1769.4258
72	9	10134.567	-1820.0825
72	10	10138.594	-1814.3555
72	11	10134.387	-1797.8241
72	12	10138.553	-1799.6064
72	13	10144.066	-1783.2606
72	15	10117.86	-1841.9224
72	16	10176.448	-1825.9384
72	17	10154.793	-1858.8499
72	18	10158.905	-1857.871
72	21	10184.678	-1825.5087
72	25	10154.814	-1867.0143
72	26	10137.209	-1761.0995
72	27	10188.431	-1775.858
72	28	10158.406	-1873.2797
72	29	10154.804	-1877.4392
72	30	10085.283	-1831.6978
72	32	10128.667	-1746.4191
72	33	10193.585	-1786.32
72	34	10193.249	-1825.5508
72	35	10159.109	-1884.197
72	36	10106.4375	-1873.7201
72	37	10154.797	-1888.0542
72	38	10196.589	-1786.7346
72	43	10141.514	-1743.1832
73	1	10145.125	-1797.7836
73	2	10148.279	-1817.3792
73	3	10129.959	-1894.5056
73	4	10122.454	-1814.9564
73	5	10135.669	-1884.3052
73	6	10129.306	-1807.367
73	7	10138.142	-1782.9501
73	8	10143.745	-1769.6616
73	9	10134.5625	-1821.1022
73	10	10138.595	-1815.1459
73	11	10134.397	-1798.4069
73	12	10138.568	-1800.3337
73	13	10144.103	-1783.7473
73	15	10117.847	-1841.9205
73	16	10176.44	-1825.9365
73	17	10154.793	-1858.8499
73	18	10158.905	-1857.871
73	21	10184.711	-1825.5074
73	25	10154.814	-1867.0143
73	26	10137.229	-1761.854
73	27	10188.431	-1775.858
73	28	10158.406	-1873.2797
73	29	10154.804	-1877.4392
73	30	10086.215	-1831.6683
73	32	10128.684	-1747.5605
73	33	10193.585	-1786.32
73	34	10193.016	-1825.548
73	35	10159.109	-1884.197
73	36	10106.4375	-1873.7201
73	37	10154.797	-1888.0542
73	38	10196.589	-1786.7346
73	43	10141.601	-1743.9288
74	1	10145.21	-1798.5854
74	2	10148.577	-1818.1267
74	3	10129.929	-1895.4773
74	4	10121.983	-1815.1846
74	5	10135.653	-1885.6399
74	6	10129.134	-1807.833
74	7	10138.16	-1783.3411
74	8	10143.752	-1769.9244
74	9	10134.555	-1822.1416
74	10	10138.593	-1815.936
74	11	10134.406	-1798.9983
74	12	10138.583	-1801.085
74	13	10144.146	-1784.2555
74	15	10117.865	-1841.9197
74	16	10176.43	-1825.9397
74	17	10154.793	-1858.8499
74	18	10158.905	-1857.871
74	21	10184.717	-1825.5094
74	25	10154.814	-1867.0143
74	26	10137.261	-1762.615
74	27	10188.431	-1775.858
74	28	10158.406	-1873.2797
74	29	10154.804	-1877.4392
74	30	10087.137	-1831.6432
74	32	10128.713	-1748.6934
74	33	10193.585	-1786.32
74	35	10159.109	-1884.197
74	36	10106.4375	-1873.7201
74	37	10154.797	-1888.0542
74	38	10196.589	-1786.7346
75	1	10145.301	-1799.4039
75	2	10148.873	-1818.8649
75	3	10129.918	-1896.4722
75	4	10121.497	-1815.3955
75	5	10135.654	-1886.956
75	6	10128.948	-1808.3102
75	7	10138.178	-1783.8015
75	8	10143.765	-1770.2089
75	9	10134.549	-1823.2009
75	10	10138.59	-1816.7511
75	11	10134.412	-1799.6235
75	12	10138.598	-1801.8574
75	13	10144.184	-1784.8092
75	15	10117.858	-1841.9263
75	16	10176.431	-1825.9479
75	17	10154.793	-1858.8499
75	18	10158.905	-1857.871
75	21	10184.715	-1825.5306
75	25	10154.814	-1867.0143
75	26	10137.281	-1763.3334
75	27	10188.431	-1775.858
75	28	10158.406	-1873.2797
75	29	10154.804	-1877.4392
75	30	10088.042	-1831.615
75	32	10128.748	-1749.8143
75	33	10193.585	-1786.32
75	35	10159.109	-1884.197
75	36	10106.4375	-1873.7201
75	37	10154.797	-1888.0542
75	38	10196.589	-1786.7346
75	41	10155.111	-1895.5463
75	42	10158.764	-1895.3761
76	1	10145.395	-1800.232
76	2	10149.203	-1819.6141
76	3	10129.895	-1897.4401
76	4	10121.0	-1815.5922
76	5	10135.648	-1888.3389
76	6	10128.73	-1808.7977
76	7	10138.19	-1784.2523
76	8	10143.785	-1770.5095
76	9	10134.54	-1824.279
76	10	10138.595	-1817.5869
76	11	10134.423	-1800.2632
76	12	10138.616	-1802.6316
76	13	10144.23	-1785.3772
76	15	10117.845	-1841.9353
76	16	10176.45	-1825.9526
76	17	10154.793	-1858.8499
76	18	10158.905	-1857.871
76	21	10184.736	-1825.528
76	25	10154.814	-1867.0143
76	26	10137.292	-1764.0538
76	27	10188.431	-1775.858
76	28	10158.406	-1873.2797
76	29	10154.804	-1877.4392
76	30	10088.936	-1831.5831
76	32	10128.778	-1750.9576
76	33	10193.585	-1786.32
76	35	10159.109	-1884.197
76	36	10106.4375	-1873.7201
76	37	10154.797	-1888.0542
76	38	10196.589	-1786.7346
76	41	10155.111	-1895.5463
76	42	10158.764	-1895.3761
76	44	10158.787	-1865.9667
76	45	10082.539	-1878.834
77	1	10145.501	-1801.1072
77	2	10149.537	-1820.3615
77	3	10129.891	-1898.4065
77	4	10120.47	-1815.7675
77	5	10135.655	-1889.6766
77	6	10128.504	-1809.2646
77	7	10138.209	-1784.7358
77	8	10143.796	-1770.8739
77	9	10134.532	-1825.3765
77	10	10138.589	-1818.432
77	11	10134.43	-1800.9452
77	12	10138.631	-1803.4246
77	13	10144.268	-1785.9365
77	15	10117.855	-1841.9401
77	16	10176.437	-1825.954
77	17	10154.793	-1858.8499
77	18	10158.905	-1857.871
77	21	10184.716	-1825.5409
77	25	10154.814	-1867.0143
77	26	10137.306	-1764.7228
77	27	10188.431	-1775.858
77	28	10158.406	-1873.2797
77	29	10154.804	-1877.4392
77	30	10089.838	-1831.5574
77	32	10128.8125	-1752.1228
77	33	10193.585	-1786.32
77	35	10159.109	-1884.197
77	36	10106.4375	-1873.7201
77	37	10154.797	-1888.0542
77	38	10196.589	-1786.7346
77	41	10155.111	-1895.5463
77	42	10158.764	-1895.3761
77	44	10158.787	-1865.9667
77	45	10082.539	-1878.834
78	1	10145.618	-1801.9786
78	2	10149.897	-1821.1055
78	3	10129.895	-1899.3679
78	4	10119.928	-1815.9346
78	5	10135.641	-1891.0358
78	6	10128.252	-1809.7487
78	7	10138.221	-1785.2382
78	8	10143.813	-1771.2437
78	9	10134.526	-1826.494
78	10	10138.587	-1819.2856
78	11	10134.442	-1801.6045
78	12	10138.648	-1804.2382
78	13	10144.316	-1786.5248
78	15	10117.852	-1841.9404
78	16	10176.434	-1825.9603
78	17	10154.793	-1858.8499
78	18	10158.905	-1857.871
78	21	10184.731	-1825.5474
78	25	10154.814	-1867.0143
78	26	10137.335	-1765.4199
78	27	10188.431	-1775.858
78	28	10158.406	-1873.2797
78	29	10154.804	-1877.4392
78	30	10090.719	-1831.5333
78	32	10128.849	-1753.2709
78	33	10193.585	-1786.32
78	35	10159.109	-1884.197
78	36	10106.4375	-1873.7201
78	37	10154.797	-1888.0542
78	38	10196.589	-1786.7346
78	41	10155.111	-1895.5463
78	42	10158.764	-1895.3761
78	44	10158.787	-1865.9667
78	45	10082.539	-1878.834
79	1	10145.745	-1802.8951
79	2	10150.278	-1821.8351
79	3	10129.871	-1900.3098
79	4	10119.369	-1816.0834
79	5	10135.63	-1892.4775
79	6	10127.978	-1810.238
79	7	10138.232	-1785.7308
79	8	10143.833	-1771.6038
79	9	10134.5205	-1827.6313
79	10	10138.586	-1820.1581
79	11	10134.448	-1802.2749
79	12	10138.66	-1805.0552
79	13	10144.366	-1787.1559
79	15	10117.853	-1841.9443
79	16	10176.42	-1825.9652
79	17	10154.793	-1858.8499
79	18	10158.905	-1857.871
79	21	10184.726	-1825.5767
79	25	10154.814	-1867.0143
79	26	10137.3545	-1766.166
79	27	10188.431	-1775.858
79	28	10158.406	-1873.2797
79	29	10154.804	-1877.4392
79	30	10091.56	-1831.5142
79	32	10128.872	-1754.4617
79	33	10193.585	-1786.32
79	35	10159.109	-1884.197
79	36	10106.4375	-1873.7201
79	37	10154.797	-1888.0542
79	38	10196.589	-1786.7346
79	41	10155.111	-1895.5463
79	42	10158.764	-1895.3761
79	44	10158.787	-1865.9667
79	45	10082.539	-1878.834
79	47	10060.025	-1845.6326
79	48	10192.316	-1825.7183
80	1	10145.888	-1803.7872
80	2	10150.6875	-1822.571
80	3	10129.871	-1901.2224
80	4	10118.789	-1816.2153
80	5	10135.645	-1893.8014
80	6	10127.675	-1810.7307
80	7	10138.244	-1786.2675
80	8	10143.8545	-1771.9938
80	9	10134.514	-1828.7882
80	10	10138.573	-1821.0392
80	11	10134.45	-1802.9836
80	12	10138.672	-1805.9084
80	13	10144.412	-1787.7717
80	15	10117.852	-1841.9512
80	16	10176.44	-1825.9685
80	17	10154.793	-1858.8499
80	18	10158.905	-1857.871
80	21	10184.767	-1825.5873
80	25	10154.814	-1867.0143
80	26	10137.373	-1766.8774
80	27	10188.431	-1775.858
80	28	10158.406	-1873.2797
80	29	10154.804	-1877.4392
80	30	10092.41	-1831.4888
80	32	10128.908	-1755.6606
80	33	10193.585	-1786.32
80	35	10159.109	-1884.197
80	36	10106.4375	-1873.7201
80	37	10154.797	-1888.0542
80	38	10196.589	-1786.7346
80	41	10155.111	-1895.5463
80	42	10158.764	-1895.3761
80	44	10158.787	-1865.9667
80	45	10082.539	-1878.834
80	47	10061.752	-1845.7051
80	48	10192.316	-1825.7183
80	51	10155.299	-1902.3273
81	1	10146.049	-1804.705
81	2	10151.109	-1823.29
81	3	10129.88	-1902.1416
81	4	10118.182	-1816.3368
81	5	10135.644	-1895.1863
81	6	10127.359	-1811.2133
81	7	10138.265	-1786.8263
81	8	10143.868	-1772.4104
81	9	10134.509	-1829.9629
81	10	10138.576	-1821.9563
81	11	10134.456	-1803.7236
81	12	10138.685	-1806.7753
81	13	10144.467	-1788.4146
81	15	10117.843	-1841.9628
81	16	10176.44	-1825.9714
81	17	10154.793	-1858.8499
81	18	10158.905	-1857.871
81	21	10184.794	-1825.5995
81	25	10154.814	-1867.0143
81	26	10137.419	-1767.6013
81	28	10158.406	-1873.2797
81	29	10154.804	-1877.4392
81	30	10093.257	-1831.4698
81	32	10128.941	-1756.8358
81	33	10193.585	-1786.32
81	35	10159.109	-1884.197
81	36	10106.4375	-1873.7201
81	37	10154.797	-1888.0542
81	38	10196.589	-1786.7346
81	41	10155.111	-1895.5463
81	42	10158.764	-1895.3761
81	44	10158.787	-1865.9667
81	45	10082.539	-1878.834
81	47	10063.483	-1845.7731
81	48	10192.316	-1825.7183
81	51	10155.299	-1902.3273
82	1	10146.225	-1805.6616
82	2	10151.583	-1824.0168
82	3	10129.881	-1903.0433
82	4	10117.569	-1816.4441
82	5	10135.628	-1896.595
82	6	10127.012	-1811.6965
82	7	10138.277	-1787.4116
82	8	10143.892	-1772.8727
82	9	10134.502	-1831.1561
82	10	10138.571	-1822.869
82	11	10134.457	-1804.4513
82	12	10138.695	-1807.6555
82	13	10144.507	-1789.0801
82	15	10117.833	-1841.9658
82	16	10176.448	-1825.9703
82	17	10154.793	-1858.8499
82	18	10158.905	-1857.871
82	21	10184.795	-1825.5936
82	25	10154.814	-1867.0143
82	26	10137.4375	-1768.3197
82	28	10158.406	-1873.2797
82	29	10154.804	-1877.4392
82	30	10094.076	-1831.4427
82	32	10128.977	-1758.0354
82	33	10193.585	-1786.32
82	35	10159.109	-1884.197
82	36	10106.4375	-1873.7201
82	37	10154.797	-1888.0542
82	41	10155.111	-1895.5463
82	42	10158.764	-1895.3761
82	44	10158.787	-1865.9667
82	45	10082.539	-1878.834
82	47	10065.253	-1845.8145
82	48	10192.316	-1825.7183
82	50	10079.031	-1882.279
82	51	10155.299	-1902.3273
83	1	10146.424	-1806.5892
83	2	10152.052	-1824.7246
83	3	10129.89	-1903.9248
83	4	10116.93	-1816.5342
83	5	10135.636	-1898.009
83	6	10126.637	-1812.1815
83	7	10138.299	-1788.0055
83	8	10143.916	-1773.3406
83	9	10134.497	-1832.3696
83	10	10138.5625	-1823.7955
83	11	10134.461	-1805.217
83	12	10138.706	-1808.559
83	13	10144.553	-1789.757
83	15	10117.84	-1841.9648
83	16	10176.434	-1825.9714
83	17	10154.793	-1858.8499
83	18	10158.905	-1857.871
83	21	10184.779	-1825.6173
83	25	10154.814	-1867.0143
83	26	10137.454	-1769.052
83	28	10158.406	-1873.2797
83	29	10154.804	-1877.4392
83	30	10094.929	-1831.4237
83	32	10128.999	-1759.2521
83	33	10193.585	-1786.32
83	35	10159.109	-1884.197
83	36	10106.4375	-1873.7201
83	37	10154.797	-1888.0542
83	41	10155.111	-1895.5463
83	42	10158.764	-1895.3761
83	44	10158.787	-1865.9667
83	45	10082.539	-1878.834
83	47	10066.916	-1845.8424
83	48	10192.316	-1825.7183
83	50	10079.357	-1883.0548
83	51	10155.299	-1902.3273
83	52	10158.42	-1902.8541
84	1	10146.639	-1807.5311
84	2	10152.565	-1825.4121
84	3	10129.889	-1904.7921
84	4	10116.269	-1816.6099
84	5	10135.65	-1899.4229
84	6	10126.2295	-1812.6678
84	7	10138.317	-1788.622
84	8	10143.9375	-1773.8224
84	9	10134.493	-1833.6029
84	10	10138.557	-1824.7253
84	11	10134.462	-1805.9711
84	12	10138.714	-1809.4684
84	13	10144.602	-1790.4368
84	15	10117.85	-1841.9644
84	16	10176.437	-1825.9691
84	17	10154.793	-1858.8499
84	18	10158.905	-1857.871
84	21	10184.757	-1825.6222
84	25	10154.814	-1867.0143
84	26	10137.484	-1769.7738
84	28	10158.406	-1873.2797
84	29	10154.804	-1877.4392
84	30	10095.728	-1831.4075
84	32	10129.034	-1760.4705
84	33	10193.585	-1786.32
84	35	10159.109	-1884.197
84	36	10106.4375	-1873.7201
84	37	10154.797	-1888.0542
84	41	10155.111	-1895.5463
84	42	10158.764	-1895.3761
84	44	10158.787	-1865.9667
84	45	10082.539	-1878.834
84	47	10068.602	-1845.8724
84	48	10192.316	-1825.7183
84	50	10079.365	-1883.2983
84	51	10155.299	-1902.3273
84	52	10158.42	-1902.8541
85	1	10146.873	-1808.4613
85	2	10153.08	-1826.09
85	3	10129.8955	-1905.6191
85	4	10115.593	-1816.67
85	5	10135.644	-1900.8375
85	6	10125.808	-1813.158
85	7	10138.337	-1789.2651
85	8	10143.962	-1774.3345
85	9	10134.489	-1834.8553
85	10	10138.554	-1825.6697
85	11	10134.466	-1806.749
85	12	10138.722	-1810.4032
85	13	10144.652	-1791.1475
85	15	10117.855	-1841.9685
85	16	10176.425	-1825.97
85	17	10154.793	-1858.8499
85	18	10158.905	-1857.871
85	21	10184.729	-1825.6274
85	25	10154.814	-1867.0143
85	26	10137.505	-1770.4456
85	28	10158.406	-1873.2797
85	29	10154.804	-1877.4392
85	30	10096.541	-1831.3906
85	32	10129.069	-1761.6881
85	35	10159.109	-1884.197
85	36	10106.4375	-1873.7201
85	37	10154.797	-1888.0542
85	41	10155.111	-1895.5463
85	42	10158.764	-1895.3761
85	44	10158.787	-1865.9667
85	45	10082.539	-1878.834
85	47	10070.27	-1845.9032
85	48	10192.316	-1825.7183
85	50	10079.409	-1883.3623
85	51	10155.299	-1902.3273
85	52	10158.42	-1902.8541
86	1	10147.123	-1809.3715
86	2	10153.632	-1826.7577
86	3	10129.877	-1906.4573
86	4	10114.909	-1816.7129
86	5	10135.6455	-1902.267
86	6	10125.335	-1813.6505
86	7	10138.367	-1789.9114
86	8	10143.988	-1774.8954
86	9	10134.487	-1836.1267
86	10	10138.552	-1826.6241
86	11	10134.462	-1807.5444
86	12	10138.729	-1811.3295
86	13	10144.704	-1791.8612
86	15	10117.846	-1841.9702
86	16	10176.442	-1825.9716
86	17	10154.793	-1858.8499
86	18	10158.905	-1857.871
86	21	10184.722	-1825.6248
86	25	10154.814	-1867.0143
86	26	10137.529	-1771.1385
86	28	10158.406	-1873.2797
86	29	10154.804	-1877.4392
86	30	10097.337	-1831.3713
86	32	10129.103	-1762.9291
86	35	10159.109	-1884.197
86	36	10106.4375	-1873.7201
86	37	10154.797	-1888.0542
86	41	10155.111	-1895.5463
86	42	10158.764	-1895.3761
86	44	10158.787	-1865.9667
86	45	10082.539	-1878.834
86	47	10071.886	-1845.9336
86	48	10192.316	-1825.7183
86	50	10079.51	-1883.3539
86	51	10155.299	-1902.3273
86	52	10158.42	-1902.8541
86	53	10087.2	-1896.2418
86	54	10154.991	-1910.052
87	1	10147.393	-1810.2665
87	2	10154.193	-1827.4054
87	3	10129.889	-1907.2854
87	4	10114.18	-1816.749
87	5	10135.632	-1903.7173
87	6	10124.845	-1814.1315
87	7	10138.386	-1790.5801
87	8	10144.019	-1775.4711
87	9	10134.486	-1837.4177
87	10	10138.552	-1827.5941
87	11	10134.462	-1808.3804
87	12	10138.735	-1812.2966
87	13	10144.756	-1792.5682
87	15	10117.853	-1841.9741
87	16	10176.407	-1825.9686
87	17	10154.793	-1858.8499
87	18	10158.905	-1857.871
87	21	10184.711	-1825.6301
87	25	10154.814	-1867.0143
87	26	10137.555	-1771.8585
87	28	10158.406	-1873.2797
87	29	10154.804	-1877.4392
87	30	10098.109	-1831.3549
87	32	10129.156	-1764.1343
87	35	10159.109	-1884.197
87	36	10106.4375	-1873.7201
87	37	10154.797	-1888.0542
87	41	10155.111	-1895.5463
87	42	10158.764	-1895.3761
87	44	10158.787	-1865.9667
87	45	10082.539	-1878.834
87	47	10073.509	-1845.9619
87	48	10192.316	-1825.7183
87	50	10079.552	-1883.4437
87	51	10155.299	-1902.3273
87	52	10158.42	-1902.8541
87	53	10087.2	-1896.2418
87	54	10154.991	-1910.052
88	1	10147.689	-1811.1907
88	2	10154.774	-1828.0361
88	3	10129.89	-1908.0483
88	4	10113.448	-1816.7706
88	5	10135.639	-1905.1637
88	6	10124.316	-1814.6051
88	7	10138.408	-1791.2543
88	8	10144.044	-1776.058
88	9	10134.485	-1838.7255
88	10	10138.555	-1828.5858
88	11	10134.452	-1809.2056
88	12	10138.743	-1813.2625
88	13	10144.805	-1793.3047
88	15	10117.852	-1841.9783
88	16	10176.425	-1825.969
88	17	10154.793	-1858.8499
88	18	10158.905	-1857.871
88	21	10184.7295	-1825.6235
88	25	10154.814	-1867.0143
88	26	10137.588	-1772.5631
88	28	10158.406	-1873.2797
88	29	10154.804	-1877.4392
88	30	10098.865	-1831.3419
88	32	10129.175	-1765.3544
88	35	10159.109	-1884.197
88	36	10106.4375	-1873.7201
88	37	10154.797	-1888.0542
88	41	10155.111	-1895.5463
88	42	10158.764	-1895.3761
88	44	10158.787	-1865.9667
88	45	10082.539	-1878.834
88	47	10075.099	-1845.978
88	48	10192.316	-1825.7183
88	50	10079.574	-1883.504
88	52	10158.42	-1902.8541
88	53	10087.2	-1896.2418
88	54	10154.991	-1910.052
88	55	10084.18	-1896.3153
89	1	10147.997	-1812.0953
89	2	10155.388	-1828.653
89	3	10129.887	-1908.837
89	4	10112.685	-1816.7815
89	5	10135.635	-1906.6315
89	6	10123.7705	-1815.0665
89	7	10138.42	-1791.9467
89	8	10144.057	-1776.646
89	9	10134.488	-1840.0515
89	10	10138.556	-1829.5725
89	11	10134.454	-1810.0349
89	12	10138.748	-1814.2601
89	13	10144.859	-1794.0851
89	15	10117.845	-1841.9861
89	16	10176.427	-1825.9663
89	17	10154.793	-1858.8499
89	18	10158.905	-1857.871
89	21	10184.733	-1825.6196
89	25	10154.814	-1867.0143
89	26	10137.617	-1773.2838
89	28	10158.406	-1873.2797
89	29	10154.804	-1877.4392
89	30	10099.613	-1831.327
89	32	10129.229	-1766.6064
89	35	10159.109	-1884.197
89	36	10106.4375	-1873.7201
89	37	10154.797	-1888.0542
89	41	10155.111	-1895.5463
89	42	10158.764	-1895.3761
89	44	10158.787	-1865.9667
89	45	10082.539	-1878.834
89	47	10076.685	-1846.001
89	48	10192.316	-1825.7183
89	50	10079.55	-1883.4547
89	52	10158.42	-1902.8541
89	53	10087.2	-1896.2418
89	54	10154.991	-1910.052
89	55	10084.18	-1896.3153
89	56	10087.953	-1901.177
90	1	10148.333	-1812.9929
90	2	10156.031	-1829.2656
90	3	10129.889	-1909.5834
90	4	10111.92	-1816.794
90	5	10135.63	-1908.0887
90	6	10123.178	-1815.5272
90	7	10138.441	-1792.6775
90	8	10144.087	-1777.2551
90	9	10134.489	-1841.3956
90	10	10138.56	-1830.5914
90	11	10134.451	-1810.9125
90	12	10138.753	-1815.2688
90	13	10144.912	-1794.8307
90	15	10117.822	-1841.991
90	16	10176.437	-1825.9705
90	17	10154.793	-1858.8499
90	18	10158.905	-1857.871
90	21	10184.727	-1825.6206
90	25	10154.814	-1867.0143
90	26	10137.645	-1773.9679
90	28	10158.406	-1873.2797
90	29	10154.804	-1877.4392
90	30	10100.344	-1831.307
90	32	10129.26	-1767.8655
90	35	10159.109	-1884.197
90	36	10106.4375	-1873.7201
90	37	10154.797	-1888.0542
90	41	10155.111	-1895.5463
90	42	10158.764	-1895.3761
90	44	10158.787	-1865.9667
90	45	10082.539	-1878.834
90	47	10078.254	-1846.0233
90	48	10192.316	-1825.7183
90	50	10079.59	-1883.5428
90	52	10158.42	-1902.8541
90	53	10087.2	-1896.2418
90	54	10154.991	-1910.052
90	55	10084.18	-1896.3153
90	56	10087.953	-1901.177
